1.0
1.0
1.0
1.0
1.0
1.0
0.99998224
1.0
0.99993515
1.0
1.0
1.0
1.0
1.0
1.0
1.0
1.0
1.0
0.99460864
1.0
1.0
0.9999999
1.0
1.0
1.0
1.0
1.0
1.0
1.0
1.0
1.0
1.0
1.0
1.0
1.0
1.0
0.99999976
1.0
0.9999999
1.0
1.0
0.9999995
0.9999999
0.99999976
0.9999914
1.0
1.0
1.0
1.0
1.0
0.9999999
1.0
1.0
1.0
1.0
1.0
1.0
1.0
1.0
0.9999994
1.0
1.0
0.9992926
0.9999995
1.0
1.0
1.0
1.0
1.0
1.0
1.0
1.0
1.0
0.99999654
1.0
1.0
1.0
1.0
0.9999988
1.0
1.0
1.0
1.0
1.0
1.0
1.0
1.0
0.9999999
1.0
1.0
1.0
1.0
0.9998957
1.0
1.0
0.99992144
0.9999987
0.9999999
1.0
1.0
1.0
1.0
1.0
1.0
0.99999964
1.0
1.0
0.9999994
1.0
1.0
1.0
0.9999883
1.0
1.0
1.0
0.7434306
0.9999999
1.0
1.0
0.99999905
1.0
0.99997234
1.0
1.0
0.99999976
0.9999988
1.0
1.0
1.0
1.0
1.0
1.0
1.0
1.0
1.0
1.0
1.0
1.0
1.0
0.9999552
1.0
1.0
1.0
1.0
1.0
1.0
1.0
1.0
1.0
0.9998348
1.0
0.99588287
1.0
1.0
1.0
1.0
1.0
1.0
0.9999924
1.0
0.99999964
1.0
1.0
1.0
1.0
1.0
1.0
0.99999917
1.0
1.0
1.0
0.9999976
1.0
1.0
1.0
0.9992818
1.0
1.0
1.0
1.0
1.0
1.0
1.0
1.0
0.9999988
1.0
1.0
1.0
1.0
1.0
1.0
1.0
1.0
0.99946624
1.0
0.99999833
1.0
1.0
1.0
0.99999464
1.0
1.0
1.0
1.0
1.0
1.0
0.9999999
0.9999999
1.0
0.99999666
1.0
0.98904055
1.0
1.0
1.0
1.0
1.0
0.99899894
1.0
1.0
1.0
0.9999964
1.0
1.0
1.0
1.0
1.0
1.0
1.0
0.9999999
1.0
1.0
1.0
1.0
1.0
1.0
1.0
1.0
1.0
1.0
1.0
0.999998
1.0
0.9999999
1.0
0.9999988
1.0
0.99791735
1.0
1.0
1.0
1.0
1.0
1.0
1.0
0.9999999
1.0
1.0
1.0
0.55659664
1.0
1.0
1.0
1.0
0.9977723
1.0
1.0
1.0
1.0
1.0
0.9999999
1.0
1.0
1.0
1.0
0.9999999
1.0
1.0
1.0
1.0
1.0
1.0
0.99927086
1.0
1.0
1.0
0.9999999
0.9999995
1.0
1.0
0.9999665
0.99999976
0.99999785
1.0
1.0
1.0
1.0
1.0
1.0
1.0
1.0
1.0
1.0
1.0
1.0
1.0
1.0
1.0
1.0
1.0
1.0
1.0
1.0
0.99999917
1.0
1.0
1.0
1.0
1.0
1.0
0.9303469
0.6592372
1.0
1.0
0.9998578
1.0
0.99958843
1.0
1.0
1.0
1.0
1.0
1.0
1.0
1.0
1.0
0.99999154
0.9999691
1.0
0.9999931
0.8145417
0.9999999
1.0
1.0
1.0
1.0
1.0
1.0
1.0
1.0
1.0
1.0
1.0
1.0
1.0
1.0
1.0
0.9999999
0.99924695
0.9949936
1.0
1.0
0.99999833
1.0
1.0
1.0
0.9997832
1.0
0.99982893
1.0
1.0
1.0
1.0
1.0
1.0
1.0
1.0
1.0
1.0
1.0
1.0
0.9999956
1.0
1.0
1.0
1.0
0.99999905
1.0
1.0
1.0
1.0
1.0
1.0
1.0
1.0
1.0
1.0
1.0
1.0
0.9999999
0.99999976
1.0
1.0
0.99999976
0.9999988
1.0
1.0
1.0
1.0
1.0
1.0
0.99994254
0.99999356
1.0
1.0
0.99999416
1.0
0.99979013
1.0
1.0
1.0
1.0
1.0
1.0
1.0
1.0
1.0
1.0
1.0
1.0
1.0
1.0
1.0
1.0
1.0
0.99999905
1.0
1.0
0.9999999
1.0
1.0
1.0
1.0
0.99999905
0.9998611
0.97622234
0.9999999
0.7543861
0.9999974
0.8159476
0.99995244
1.0
1.0
1.0
1.0
1.0
0.9999988
0.9999999
1.0
1.0
0.99999976
1.0
1.0
1.0
0.9999987
1.0
1.0
1.0
0.9999999
1.0
1.0
1.0
1.0
1.0
1.0
1.0
1.0
1.0
0.9999999
0.999998
1.0
1.0
1.0
1.0
1.0
1.0
1.0
1.0
1.0
1.0
0.9999999
1.0
0.9999987
1.0
1.0
0.9985701
1.0
0.9994124
1.0
1.0
1.0
1.0
1.0
1.0
1.0
1.0
1.0
0.9999995
0.9999999
1.0
1.0
0.9999778
1.0
1.0
1.0
1.0
1.0
1.0
1.0
1.0
1.0
1.0
1.0
0.99999297
1.0
1.0
1.0
1.0
0.99999976
1.0
1.0
1.0
0.9999995
1.0
1.0
1.0
1.0
1.0
1.0
1.0
1.0
1.0
0.9999993
0.993185
1.0
1.0
1.0
0.9999994
1.0
1.0
1.0
0.9995927
1.0
1.0
1.0
1.0
1.0
0.99999917
1.0
0.9999999
1.0
0.9999999
1.0
1.0
1.0
1.0
1.0
1.0
1.0
0.9999999
1.0
0.99998283
1.0
1.0
1.0
1.0
1.0
1.0
1.0
1.0
1.0
1.0
0.7717025
0.9748821
1.0
1.0
1.0
1.0
1.0
1.0
1.0
0.99874073
1.0
0.999997
1.0
1.0
1.0
0.9999981
1.0
1.0
1.0
1.0
1.0
1.0
1.0
1.0
1.0
1.0
1.0
1.0
1.0
1.0
1.0
0.999995
1.0
0.99999976
1.0
1.0
0.9999999
0.99931467
1.0
1.0
1.0
1.0
0.9999995
0.93025327
1.0
1.0
1.0
0.9999949
1.0
1.0
1.0
1.0
1.0
0.99999917
1.0
1.0
1.0
1.0
1.0
1.0
0.99999917
1.0
1.0
0.9999993
0.99989605
1.0
1.0
0.9999993
0.9999999
1.0
1.0
1.0
1.0
1.0
1.0
1.0
0.9999945
0.61382085
1.0
1.0
1.0
1.0
1.0
1.0
1.0
0.9999964
1.0
1.0
1.0
0.9999999
1.0
1.0
0.99934405
1.0
0.9999994
1.0
1.0
0.9999999
1.0
1.0
1.0
1.0
0.95145226
1.0
1.0
1.0
1.0
0.99824417
1.0
0.9999933
1.0
1.0
1.0
1.0
1.0
1.0
0.99999976
1.0
1.0
1.0
1.0
1.0
1.0
1.0
1.0
1.0
1.0
1.0
1.0
1.0
1.0
1.0
1.0
1.0
0.7630647
0.89840907
1.0
1.0
0.9912788
1.0
1.0
0.99996316
1.0
1.0
0.99902403
1.0
0.9999989
1.0
0.9999995
1.0
1.0
1.0
1.0
1.0
1.0
0.9999999
0.9929335
1.0
0.9995364
0.99999964
1.0
1.0
1.0
1.0
0.9999993
1.0
1.0
1.0
1.0
1.0
1.0
1.0
1.0
1.0
1.0
1.0
1.0
1.0
0.9985275
1.0
0.99999976
1.0
1.0
1.0
1.0
0.9999999
1.0
1.0
1.0
1.0
1.0
1.0
1.0
1.0
1.0
1.0
1.0
1.0
0.99999905
0.99999905
1.0
1.0
1.0
1.0
0.9945269
1.0
1.0
0.99999905
1.0
0.9999964
1.0
1.0
1.0
1.0
1.0
1.0
1.0
1.0
0.9999999
1.0
1.0
1.0
1.0
1.0
1.0
1.0
1.0
1.0
0.99995446
1.0
1.0
0.99397486
1.0
1.0
1.0
1.0
1.0
1.0
1.0
1.0
1.0
1.0
1.0
1.0
1.0
0.9999999
1.0
0.9998016
1.0
1.0
1.0
0.9999999
0.9999999
1.0
1.0
1.0
1.0
0.99999106
1.0
1.0
0.9999999
1.0
0.9997979
1.0
0.9275175
1.0
1.0
1.0
1.0
1.0
1.0
1.0
1.0
1.0
1.0
0.99999964
1.0
1.0
1.0
1.0
1.0
1.0
1.0
1.0
1.0
1.0
1.0
1.0
0.999992
1.0
1.0
1.0
1.0
1.0
1.0
1.0
1.0
1.0
1.0
0.9999999
0.9312187
0.74371326
1.0
1.0
1.0
1.0
1.0
1.0
1.0
1.0
1.0
1.0
1.0
0.99965966
0.9999999
1.0
0.9999988
1.0
0.99961275
1.0
0.9999831
0.9999999
1.0
1.0
0.9999999
0.9999999
1.0
0.99999857
1.0
1.0
1.0
1.0
1.0
1.0
0.99999976
1.0
1.0
1.0
1.0
1.0
1.0
1.0
0.98889905
1.0
0.99999964
1.0
1.0
1.0
1.0
1.0
0.999992
1.0
1.0
1.0
1.0
1.0
0.9039609
0.9985158
0.99999595
1.0
0.9999999
1.0
1.0
1.0
1.0
0.54770344
1.0
1.0
0.9999982
1.0
1.0
1.0
1.0
1.0
0.99991035
1.0
0.999974
1.0
1.0
1.0
1.0
0.9999999
0.9999999
0.99939156
0.9999999
1.0
1.0
0.9986119
1.0
1.0
1.0
1.0
1.0
1.0
1.0
1.0
1.0
1.0
1.0
1.0
0.99999905
1.0
1.0
1.0
1.0
1.0
1.0
1.0
1.0
1.0
0.99999976
1.0
1.0
0.9999999
1.0
1.0
1.0
1.0
1.0
1.0
1.0
1.0
1.0
1.0
0.99999976
1.0
1.0
1.0
1.0
1.0
1.0
1.0
1.0
1.0
1.0
0.9999999
1.0
0.9999999
1.0
0.9999999
0.9999994
1.0
0.9999995
1.0
0.99999905
1.0
1.0
1.0
1.0
1.0
0.9999994
0.9992661
1.0
0.9999999
1.0
1.0
1.0
0.61238676
1.0
1.0
1.0
1.0
0.9997608
0.99971575
1.0
1.0
1.0
1.0
0.99999917
0.9999957
1.0
1.0
1.0
0.99999547
1.0
1.0
1.0
0.9999716
1.0
0.99999714
0.9999777
1.0
1.0
1.0
1.0
1.0
1.0
1.0
1.0
1.0
0.9999939
1.0
1.0
1.0
1.0
1.0
1.0
1.0
1.0
0.99999714
0.99999964
1.0
1.0
1.0
1.0
1.0
1.0
0.9999999
1.0
1.0
1.0
1.0
1.0
1.0
1.0
1.0
1.0
1.0
1.0
1.0
1.0
1.0
1.0
1.0
1.0
0.9999502
0.9999999
1.0
1.0
1.0
0.80480933
1.0
0.99983275
1.0
1.0
1.0
1.0
0.9999962
1.0
0.9999999
0.9999999
1.0
1.0
1.0
1.0
1.0
0.99981135
1.0
1.0
1.0
1.0
1.0
1.0
1.0
1.0
1.0
0.99999976
1.0
1.0
1.0
1.0
0.9999995
1.0
0.9999999
1.0
0.99999475
1.0
1.0
1.0
1.0
0.9999999
0.99998295
1.0
1.0
1.0
1.0
1.0
1.0
1.0
0.9999999
1.0
1.0
0.9997807
1.0
0.99999785
1.0
1.0
1.0
1.0
1.0
1.0
0.9999045
1.0
1.0
1.0
1.0
1.0
1.0
1.0
0.9998246
0.7622945
1.0
1.0
1.0
1.0
0.9999999
1.0
1.0
1.0
0.9997327
0.99972314
1.0
1.0
1.0
1.0
1.0
1.0
0.99999964
1.0
1.0
0.99970645
1.0
0.9999875
1.0
0.9999118
1.0
1.0
0.9999995
1.0
1.0
0.99999714
1.0
1.0
1.0
0.9987821
1.0
1.0
1.0
1.0
1.0
1.0
1.0
0.9999925
1.0
0.9996841
1.0
0.9999956
1.0
1.0
1.0
0.9967919
1.0
1.0
1.0
1.0
1.0
1.0
1.0
1.0
1.0
0.88493866
0.9999999
0.9999999
1.0
1.0
0.66635996
0.99999845
1.0
1.0
0.9999999
1.0
1.0
1.0
1.0
0.9999827
1.0
1.0
1.0
0.69673157
1.0
1.0
0.999342
0.99999976
1.0
0.9999999
1.0
1.0
1.0
0.9999999
1.0
1.0
1.0
0.9999999
1.0
1.0
1.0
1.0
0.99991274
1.0
1.0
0.99999726
1.0
1.0
1.0
1.0
1.0
1.0
0.9999455
0.99968684
1.0
0.9999995
1.0
1.0
1.0
0.99999154
1.0
1.0
0.9997389
1.0
0.99992704
1.0
1.0
1.0
1.0
1.0
1.0
1.0
1.0
1.0
1.0
1.0
1.0
1.0
0.9999987
1.0
1.0
1.0
0.9931787
1.0
1.0
1.0
1.0
1.0
1.0
0.89479095
1.0
0.99911934
1.0
0.9999999
1.0
1.0
1.0
1.0
1.0
1.0
0.9940865
1.0
0.9999933
1.0
1.0
1.0
1.0
0.9999994
1.0
1.0
0.9999964
1.0
1.0
1.0
1.0
1.0
1.0
1.0
0.9999999
0.99999285
1.0
1.0
1.0
1.0
1.0
1.0
1.0
0.99946123
1.0
1.0
1.0
1.0
1.0
1.0
1.0
1.0
1.0
1.0
1.0
1.0
0.99998844
0.99999523
1.0
1.0
1.0
1.0
1.0
1.0
0.99999547
1.0
1.0
1.0
1.0
1.0
0.9999994
1.0
0.88192976
0.9924428
0.99999976
1.0
1.0
1.0
1.0
1.0
1.0
1.0
0.9989919
1.0
1.0
1.0
1.0
1.0
1.0
1.0
0.9999794
1.0
1.0
0.32468078
0.99821705
1.0
1.0
1.0
1.0
1.0
1.0
1.0
0.9999943
1.0
0.99999833
1.0
0.99998724
1.0
0.9999939
1.0
1.0
1.0
1.0
1.0
0.99999976
0.9999398
1.0
0.99997807
0.9999987
0.9999112
0.99999845
1.0
1.0
0.99956053
1.0
1.0
1.0
1.0
1.0
1.0
1.0
1.0
0.999992
1.0
1.0
1.0
1.0
0.9999999
0.99996924
1.0
1.0
1.0
1.0
0.99999976
0.9999999
0.9999995
1.0
1.0
0.9999995
1.0
1.0
1.0
1.0
1.0
0.9999999
0.9999999
1.0
1.0
1.0
1.0
1.0
0.9999664
1.0
1.0
1.0
1.0
1.0
1.0
1.0
1.0
1.0
0.99999344
1.0
0.9999933
1.0
0.99999833
1.0
1.0
1.0
0.997914
1.0
1.0
1.0
1.0
1.0
1.0
0.9999999
1.0
0.99999034
1.0
1.0
1.0
1.0
0.99999297
1.0
0.9999877
1.0
1.0
1.0
0.9967518
1.0
0.76105845
0.9999999
1.0
1.0
1.0
0.59815717
1.0
1.0
0.92303944
0.9999949
1.0
1.0
1.0
1.0
1.0
1.0
1.0
1.0
1.0
1.0
1.0
1.0
1.0
1.0
1.0
0.99999666
1.0
0.9993918
1.0
0.9999987
1.0
0.87305325
0.9995524
1.0
1.0
1.0
1.0
0.99915516
1.0
1.0
1.0
1.0
1.0
1.0
1.0
1.0
1.0
0.99945277
0.99997914
1.0
1.0
1.0
1.0
1.0
0.99999905
1.0
1.0
0.9999989
1.0
0.99992967
1.0
1.0
1.0
1.0
1.0
0.9999989
1.0
1.0
1.0
1.0
1.0
1.0
1.0
0.99995196
1.0
1.0
1.0
1.0
0.99997437
1.0
1.0
1.0
1.0
1.0
1.0
0.9998443
1.0
0.9999279
1.0
0.9829601
1.0
1.0
1.0
1.0
1.0
1.0
1.0
1.0
1.0
0.57469815
1.0
1.0
1.0
1.0
0.9999974
1.0
1.0
1.0
1.0
1.0
1.0
1.0
0.9999944
1.0
1.0
0.99999917
1.0
1.0
1.0
0.99937326
1.0
1.0
1.0
1.0
1.0
1.0
1.0
1.0
1.0
1.0
1.0
1.0
0.9999145
1.0
1.0
1.0
1.0
1.0
0.99999774
1.0
1.0
1.0
1.0
1.0
1.0
1.0
1.0
1.0
1.0
0.99999774
1.0
0.99999774
1.0
1.0
0.9999815
1.0
0.99997723
1.0
1.0
0.708042
0.9999989
1.0
1.0
1.0
0.9972364
1.0
1.0
0.9999995
1.0
1.0
1.0
1.0
1.0
0.99999976
0.9999994
1.0
1.0
1.0
1.0
0.9999989
0.9999999
1.0
1.0
1.0
1.0
1.0
1.0
0.93634206
1.0
1.0
1.0
1.0
1.0
1.0
0.99999833
0.99571866
0.9999449
1.0
1.0
0.99996066
0.99700326
1.0
1.0
0.99999976
1.0
1.0
1.0
1.0
1.0
1.0
1.0
1.0
1.0
1.0
1.0
0.9993075
1.0
1.0
1.0
1.0
1.0
1.0
1.0
1.0
1.0
1.0
0.999992
1.0
1.0
0.99999917
1.0
1.0
0.93083006
1.0
1.0
1.0
1.0
1.0
1.0
1.0
1.0
1.0
1.0
1.0
1.0
1.0
1.0
0.99999857
1.0
1.0
0.9999765
0.99994063
1.0
1.0
1.0
1.0
1.0
1.0
1.0
1.0
0.99999976
1.0
1.0
1.0
1.0
1.0
1.0
1.0
0.98327255
1.0
1.0
1.0
1.0
1.0
1.0
1.0
1.0
1.0
0.999524
1.0
1.0
1.0
1.0
1.0
1.0
1.0
0.9999126
0.99948347
1.0
1.0
1.0
1.0
1.0
1.0
0.99999976
1.0
1.0
0.9999994
1.0
1.0
0.99978155
1.0
1.0
1.0
1.0
1.0
0.9998398
1.0
1.0
0.99999976
1.0
0.99999976
1.0
1.0
1.0
1.0
0.99998105
0.99994576
1.0
1.0
1.0
0.99999774
1.0
1.0
1.0
0.9999969
1.0
1.0
1.0
0.99999976
1.0
1.0
1.0
1.0
1.0
1.0
1.0
1.0
1.0
1.0
1.0
1.0
1.0
0.999998
1.0
1.0
0.9994832
1.0
1.0
0.99999976
1.0
1.0
1.0
1.0
1.0
1.0
0.9805799
1.0
0.99999464
1.0
1.0
0.99987245
1.0
0.9999981
1.0
1.0
0.99998856
1.0
1.0
1.0
1.0
1.0
1.0
1.0
1.0
1.0
0.99994826
0.99999964
0.9999963
0.9962346
1.0
0.67587435
1.0
1.0
1.0
1.0
1.0
0.9999993
1.0
1.0
1.0
1.0
1.0
1.0
1.0
1.0
1.0
1.0
1.0
1.0
1.0
1.0
0.99992704
1.0
0.99999964
1.0
1.0
0.99999976
1.0
1.0
1.0
1.0
1.0
1.0
1.0
1.0
0.9999999
1.0
1.0
0.9999995
1.0
1.0
0.99999785
1.0
1.0
1.0
1.0
0.9999993
1.0
1.0
0.9999995
1.0
1.0
1.0
0.9999713
1.0
1.0
1.0
1.0
1.0
1.0
0.99995947
1.0
1.0
1.0
1.0
1.0
0.9999975
1.0
1.0
1.0
1.0
1.0
1.0
1.0
1.0
1.0
1.0
1.0
1.0
0.9444461
1.0
0.99999607
1.0
1.0
0.9987588
0.9999999
0.9999999
0.99999976
1.0
0.9999999
0.999997
1.0
1.0
0.9999999
1.0
0.9999999
0.9999989
1.0
1.0
1.0
1.0
1.0
1.0
1.0
1.0
1.0
1.0
1.0
1.0
1.0
1.0
1.0
1.0
0.9983516
1.0
0.99740136
1.0
1.0
1.0
1.0
0.9990514
0.8070024
0.99999845
1.0
1.0
0.9999962
0.99999964
1.0
1.0
1.0
0.99999905
1.0
0.8556722
1.0
1.0
1.0
1.0
0.9984049
1.0
1.0
0.8044809
0.9999949
1.0
1.0
1.0
1.0
1.0
1.0
1.0
1.0
0.6250314
1.0
1.0
1.0
0.9999999
0.9999999
1.0
1.0
1.0
1.0
0.9999255
1.0
1.0
1.0
1.0
1.0
1.0
0.8281958
1.0
1.0
1.0
0.9999989
1.0
1.0
1.0
1.0
1.0
1.0
1.0
1.0
1.0
0.9990522
1.0
1.0
1.0
1.0
1.0
0.9999994
1.0
1.0
0.99944395
0.9999999
0.9999999
1.0
1.0
0.60962814
1.0
1.0
1.0
1.0
1.0
0.99999976
1.0
1.0
0.99996245
1.0
0.91372603
1.0
1.0
1.0
0.9999987
1.0
1.0
0.9999993
1.0
0.61165386
1.0
1.0
1.0
1.0
1.0
1.0
0.9999999
1.0
1.0
1.0
0.7764915
0.99998176
0.99975735
1.0
1.0
1.0
0.645215
1.0
1.0
0.9999875
1.0
1.0
1.0
1.0
1.0
1.0
1.0
1.0
1.0
0.9999982
1.0
1.0
1.0
1.0
1.0
1.0
1.0
1.0
1.0
1.0
1.0
1.0
1.0
0.9999999
1.0
1.0
1.0
1.0
1.0
0.9999999
0.9999988
1.0
1.0
1.0
1.0
0.9999831
1.0
1.0
1.0
1.0
1.0
1.0
1.0
0.6654048
1.0
1.0
0.99977213
0.56238705
1.0
1.0
0.66551083
1.0
1.0
1.0
0.9999993
1.0
0.9980268
1.0
1.0
0.9999989
1.0
0.99999344
1.0
1.0
1.0
1.0
1.0
1.0
1.0
1.0
1.0
1.0
1.0
1.0
1.0
1.0
0.9992219
1.0
1.0
1.0
1.0
1.0
0.99999976
0.9999994
1.0
0.9999788
0.99999976
1.0
1.0
1.0
1.0
1.0
1.0
0.9999999
1.0
0.99999976
0.9999999
1.0
0.99998856
1.0
1.0
1.0
1.0
1.0
1.0
1.0
1.0
1.0
1.0
1.0
1.0
1.0
1.0
1.0
1.0
1.0
1.0
1.0
1.0
0.99999905
1.0
1.0
1.0
1.0
1.0
1.0
1.0
0.9946682
1.0
0.99999976
1.0
1.0
1.0
0.9999906
0.9999999
1.0
1.0
0.99999964
1.0
1.0
1.0
0.92853487
1.0
1.0
1.0
1.0
1.0
1.0
1.0
1.0
1.0
1.0
1.0
1.0
0.99941397
1.0
1.0
1.0
1.0
1.0
0.9999932
0.9999999
1.0
0.9999999
1.0
1.0
1.0
1.0
1.0
0.99917334
1.0
1.0
1.0
1.0
1.0
0.99999154
1.0
1.0
1.0
0.99999917
1.0
0.9999945
1.0
1.0
1.0
1.0
1.0
0.99999845
1.0
1.0
0.9980981
1.0
1.0
1.0
1.0
1.0
1.0
1.0
1.0
0.9999993
1.0
1.0
1.0
1.0
0.9995234
1.0
1.0
1.0
1.0
1.0
1.0
1.0
0.99999976
1.0
1.0
1.0
1.0
1.0
1.0
0.9999999
1.0
1.0
1.0
1.0
1.0
1.0
1.0
1.0
1.0
1.0
0.9180074
1.0
0.9999888
1.0
1.0
1.0
1.0
1.0
1.0
0.9999883
1.0
0.9974745
1.0
0.9999957
1.0
1.0
1.0
1.0
0.9982862
1.0
1.0
1.0
1.0
0.99999964
0.9999999
0.9999999
1.0
1.0
0.9999999
1.0
1.0
1.0
1.0
1.0
1.0
0.9999999
0.99999976
0.6266955
1.0
0.99999964
1.0
1.0
1.0
1.0
1.0
0.7217578
1.0
1.0
0.9999263
1.0
1.0
1.0
1.0
0.9988102
1.0
1.0
1.0
0.9999703
1.0
1.0
1.0
1.0
1.0
1.0
0.9999907
1.0
1.0
1.0
0.99977237
1.0
1.0
1.0
0.99998665
1.0
1.0
1.0
1.0
1.0
0.9602474
0.9999912
0.9999969
1.0
1.0
1.0
1.0
0.9282097
0.9999982
1.0
0.9999894
1.0
1.0
0.9999999
1.0
0.99964976
1.0
1.0
1.0
1.0
1.0
1.0
1.0
1.0
1.0
0.9999999
1.0
1.0
1.0
0.99999976
1.0
1.0
1.0
0.9999733
1.0
1.0
1.0
1.0
1.0
1.0
1.0
0.74501216
1.0
1.0
1.0
1.0
1.0
1.0
1.0
0.99999964
1.0
1.0
1.0
1.0
1.0
1.0
1.0
1.0
1.0
1.0
0.99999976
0.99999964
1.0
1.0
1.0
1.0
1.0
0.9912409
1.0
0.999987
1.0
1.0
1.0
1.0
1.0
1.0
0.9999951
1.0
1.0
0.9999901
1.0
1.0
1.0
0.99999976
1.0
0.996478
0.99999964
0.99948055
1.0
1.0
1.0
1.0
1.0
0.9999999
1.0
1.0
1.0
1.0
1.0
1.0
1.0
1.0
1.0
1.0
1.0
1.0
1.0
1.0
1.0
0.9999995
1.0
1.0
0.9999999
0.99936324
1.0
1.0
1.0
0.9999999
1.0
1.0
1.0
1.0
1.0
1.0
1.0
1.0
0.99999464
1.0
1.0
1.0
1.0
0.9930595
1.0
1.0
1.0
0.9999968
1.0
1.0
1.0
1.0
1.0
1.0
1.0
1.0
1.0
1.0
1.0
1.0
1.0
1.0
0.9997532
0.9999999
1.0
1.0
1.0
1.0
1.0
1.0
1.0
1.0
0.9995042
1.0
1.0
0.9998275
1.0
1.0
1.0
1.0
1.0
1.0
1.0
0.999984
1.0
1.0
1.0
1.0
0.99999976
1.0
1.0
1.0
1.0
1.0
1.0
0.9999782
0.99996674
1.0
1.0
1.0
0.9998939
1.0
1.0
1.0
1.0
1.0
0.9999999
1.0
1.0
1.0
0.99999833
1.0
1.0
0.9997689
1.0
1.0
0.9999999
1.0
1.0
0.9999249
1.0
1.0
1.0
1.0
0.9968599
1.0
1.0
1.0
1.0
1.0
1.0
1.0
1.0
0.9999609
1.0
0.99999976
0.9999993
1.0
1.0
1.0
1.0
1.0
1.0
0.99991095
1.0
1.0
1.0
1.0
0.9999975
1.0
1.0
0.9999962
1.0
1.0
0.99998415
1.0
1.0
1.0
1.0
1.0
0.99999106
1.0
1.0
1.0
1.0
1.0
1.0
1.0
1.0
1.0
1.0
1.0
1.0
1.0
1.0
1.0
1.0
1.0
0.99996424
1.0
1.0
1.0
1.0
1.0
1.0
0.9988518
1.0
1.0
1.0
1.0
1.0
1.0
1.0
1.0
1.0
0.99996305
0.9999999
0.9999993
1.0
0.99999857
1.0
0.9999989
1.0
1.0
1.0
1.0
1.0
0.9536008
0.99999833
1.0
1.0
1.0
1.0
1.0
1.0
0.9999995
1.0
1.0
0.9999716
0.9999982
1.0
0.99999964
1.0
0.9999871
1.0
0.99942195
0.9999999
1.0
1.0
1.0
1.0
1.0
1.0
1.0
0.99999905
0.9999641
0.5839175
1.0
1.0
1.0
1.0
1.0
0.99999917
0.99214387
1.0
0.9999864
1.0
0.99999774
1.0
1.0
1.0
1.0
1.0
1.0
1.0
1.0
1.0
1.0
1.0
1.0
1.0
1.0
1.0
1.0
1.0
1.0
1.0
1.0
0.9999999
1.0
1.0
1.0
1.0
1.0
1.0
0.9999466
1.0
1.0
1.0
0.99999917
1.0
1.0
1.0
0.9999932
1.0
1.0
1.0
1.0
0.9999713
1.0
1.0
1.0
0.9999999
1.0
0.99999976
1.0
1.0
0.9999999
1.0
1.0
1.0
0.9931758
1.0
1.0
1.0
1.0
1.0
1.0
0.9999999
1.0
1.0
1.0
1.0
1.0
1.0
0.99999285
0.9999753
1.0
1.0
0.9999995
1.0
1.0
1.0
0.9999999
1.0
0.9999833
1.0
1.0
0.9999529
1.0
1.0
1.0
1.0
1.0
1.0
1.0
1.0
1.0
1.0
1.0
1.0
0.99999917
1.0
1.0
1.0
1.0
1.0
1.0
1.0
1.0
1.0
1.0
1.0
0.99999976
1.0
1.0
1.0
1.0
1.0
0.99992204
1.0
0.99994814
1.0
1.0
1.0
1.0
1.0
1.0
1.0
1.0
1.0
1.0
1.0
1.0
1.0
1.0
1.0
1.0
1.0
1.0
0.99999213
0.9999999
0.9999999
1.0
1.0
0.9999999
0.999985
1.0
1.0
1.0
0.9999969
1.0
0.7049915
1.0
1.0
0.9999721
1.0
1.0
1.0
1.0
1.0
1.0
1.0
0.9994461
0.8431163
0.9999999
1.0
1.0
1.0
0.99999976
0.9999877
0.9999974
1.0
1.0
1.0
1.0
1.0
0.99515945
0.8336508
1.0
1.0
1.0
1.0
1.0
0.99999976
1.0
0.9999895
1.0
1.0
1.0
1.0
0.9999988
1.0
1.0
1.0
0.9937179
1.0
1.0
1.0
1.0
1.0
0.9999547
1.0
1.0
0.9999976
1.0
1.0
1.0
1.0
1.0
1.0
0.99999964
1.0
1.0
1.0
0.9999987
0.99999917
1.0
0.9999974
1.0
0.58371615
1.0
1.0
1.0
1.0
0.99999905
1.0
1.0
1.0
0.99999976
0.996305
1.0
1.0
1.0
1.0
1.0
1.0
0.9999844
1.0
1.0
1.0
1.0
1.0
1.0
0.9999999
1.0
0.9999995
1.0
0.9999999
1.0
1.0
0.99999785
1.0
1.0
0.9999995
0.98789924
1.0
1.0
1.0
1.0
1.0
1.0
1.0
1.0
1.0
1.0
1.0
1.0
1.0
1.0
1.0
1.0
1.0
1.0
1.0
1.0
1.0
1.0
1.0
1.0
1.0
1.0
1.0
1.0
0.9999912
0.99906105
1.0
0.99935955
1.0
1.0
1.0
1.0
1.0
1.0
0.9999999
1.0
1.0
1.0
0.9250998
1.0
1.0
1.0
1.0
0.99999964
1.0
1.0
1.0
1.0
1.0
1.0
1.0
1.0
1.0
1.0
1.0
1.0
1.0
0.9999999
1.0
1.0
1.0
1.0
0.9999999
0.99999964
0.9999999
0.99999857
1.0
0.99998784
0.999997
0.9999999
1.0
0.9999999
1.0
0.9626188
0.9999504
1.0
0.9999999
1.0
1.0
0.99979085
1.0
1.0
0.9999893
1.0
1.0
1.0
1.0
1.0
1.0
1.0
1.0
1.0
1.0
1.0
0.92719835
0.9999932
1.0
0.99986815
0.99987805
0.99999976
1.0
1.0
1.0
1.0
1.0
1.0
1.0
1.0
1.0
1.0
1.0
1.0
1.0
1.0
1.0
1.0
0.99999976
1.0
1.0
1.0
1.0
1.0
0.99997663
1.0
1.0
0.9999999
1.0
1.0
1.0
1.0
1.0
0.9999677
1.0
1.0
1.0
1.0
1.0
0.99990463
0.9999938
1.0
1.0
1.0
1.0
1.0
1.0
1.0
1.0
1.0
1.0
0.9999999
0.9999999
1.0
1.0
1.0
0.99999654
1.0
1.0
1.0
1.0
1.0
1.0
0.999941
1.0
1.0
1.0
1.0
1.0
1.0
1.0
1.0
0.99999964
1.0
1.0
1.0
1.0
1.0
0.9999999
1.0
0.9997496
1.0
1.0
1.0
1.0
0.99966025
1.0
1.0
1.0
0.9999957
1.0
1.0
0.9901333
1.0
1.0
1.0
1.0
1.0
1.0
1.0
1.0
1.0
0.99999976
0.9999937
1.0
0.9999795
1.0
0.99999774
1.0
1.0
1.0
1.0
1.0
1.0
1.0
1.0
1.0
0.99703026
0.99715674
0.9999999
1.0
0.999997
1.0
1.0
1.0
1.0
1.0
0.99999774
0.9999999
0.99999964
1.0
1.0
1.0
1.0
1.0
1.0
0.99999535
1.0
1.0
1.0
0.9999999
1.0
1.0
1.0
1.0
1.0
1.0
0.99999833
1.0
1.0
1.0
1.0
1.0
1.0
1.0
0.9994981
0.99965835
1.0
1.0
0.99999976
1.0
1.0
1.0
1.0
1.0
1.0
1.0
1.0
1.0
1.0
0.9999999
1.0
1.0
1.0
1.0
1.0
1.0
1.0
1.0
1.0
1.0
1.0
1.0
0.9999968
1.0
1.0
1.0
1.0
1.0
1.0
1.0
1.0
1.0
0.9999919
1.0
0.9999999
0.9997727
0.9840424
1.0
1.0
1.0
1.0
1.0
0.99999666
0.9999355
1.0
1.0
1.0
1.0
0.9978783
1.0
0.99995863
1.0
1.0
1.0
1.0
1.0
1.0
1.0
1.0
1.0
1.0
1.0
1.0
1.0
0.99999976
1.0
1.0
0.9999987
1.0
1.0
1.0
0.9999994
1.0
1.0
1.0
0.99997723
1.0
1.0
1.0
0.9999994
1.0
1.0
0.99999905
0.999997
1.0
1.0
1.0
1.0
1.0
1.0
0.8532869
1.0
1.0
1.0
0.99999785
1.0
1.0
1.0
1.0
1.0
1.0
1.0
1.0
1.0
1.0
1.0
1.0
1.0
1.0
1.0
1.0
1.0
1.0
1.0
1.0
1.0
0.9999994
0.9999993
1.0
1.0
1.0
1.0
1.0
1.0
1.0
1.0
0.9999995
1.0
0.9989203
1.0
1.0
0.9999993
1.0
1.0
1.0
0.9999999
1.0
1.0
1.0
1.0
1.0
1.0
1.0
1.0
1.0
1.0
1.0
0.9999584
1.0
1.0
1.0
1.0
1.0
0.9999999
0.99999213
1.0
0.99999976
0.9995906
1.0
0.9999995
1.0
1.0
1.0
0.99998224
1.0
1.0
1.0
1.0
1.0
1.0
1.0
1.0
1.0
1.0
1.0
0.9999999
1.0
1.0
1.0
1.0
0.9999994
0.9999498
1.0
1.0
1.0
1.0
1.0
1.0
1.0
1.0
1.0
1.0
1.0
1.0
1.0
1.0
1.0
1.0
1.0
1.0
0.999995
1.0
1.0
1.0
0.9999995
1.0
1.0
1.0
1.0
0.96447974
1.0
1.0
1.0
1.0
1.0
1.0
1.0
0.99999595
1.0
1.0
1.0
1.0
1.0
1.0
1.0
1.0
0.99997437
1.0
1.0
1.0
1.0
0.9999896
1.0
1.0
1.0
0.99999845
1.0
1.0
1.0
0.9999944
0.9819832
1.0
1.0
1.0
1.0
0.99999976
1.0
1.0
1.0
1.0
1.0
1.0
1.0
1.0
1.0
1.0
0.9997676
1.0
1.0
1.0
1.0
0.9999993
1.0
0.9999999
0.84423894
0.9996201
1.0
1.0
1.0
1.0
1.0
1.0
1.0
0.9999999
1.0
1.0
1.0
0.99998736
1.0
0.99999964
0.99982077
0.99999857
1.0
1.0
1.0
1.0
0.99999964
1.0
1.0
1.0
1.0
1.0
1.0
1.0
1.0
0.99999976
1.0
0.9999993
1.0
1.0
1.0
1.0
1.0
0.999998
0.9999999
0.9920848
0.9999999
0.9999877
1.0
1.0
1.0
1.0
1.0
1.0
1.0
1.0
1.0
1.0
1.0
1.0
1.0
0.9999999
1.0
1.0
0.99999535
1.0
1.0
1.0
1.0
1.0
1.0
1.0
0.9996846
1.0
1.0
1.0
1.0
1.0
1.0
1.0
1.0
1.0
1.0
1.0
1.0
1.0
1.0
1.0
1.0
1.0
1.0
1.0
0.9999999
1.0
1.0
1.0
1.0
1.0
1.0
0.99998593
1.0
1.0
1.0
1.0
0.9999939
1.0
1.0
1.0
0.9999999
1.0
1.0
1.0
1.0
1.0
1.0
0.99999964
1.0
1.0
0.999998
1.0
1.0
1.0
1.0
1.0
1.0
1.0
1.0
0.90125895
1.0
1.0
1.0
1.0
1.0
1.0
0.99978656
1.0
0.9999496
1.0
1.0
1.0
0.99999964
1.0
1.0
1.0
1.0
1.0
1.0
1.0
0.99834275
1.0
1.0
1.0
1.0
1.0
1.0
1.0
0.99999964
1.0
1.0
1.0
1.0
1.0
1.0
1.0
0.92783403
1.0
1.0
0.999992
1.0
1.0
1.0
1.0
0.9982685
0.98993146
1.0
0.9999999
0.947847
1.0
1.0
1.0
1.0
1.0
0.9999999
1.0
1.0
0.9999981
1.0
1.0
0.9983652
1.0
1.0
1.0
1.0
1.0
0.99999964
0.9999957
1.0
0.98252696
1.0
1.0
1.0
0.9999956
1.0
1.0
1.0
1.0
1.0
1.0
0.99766845
1.0
1.0
1.0
0.9998815
0.82257885
1.0
1.0
1.0
1.0
1.0
1.0
1.0
1.0
0.9999993
1.0
0.95592904
1.0
0.9982766
1.0
0.99999905
1.0
1.0
0.9999993
1.0
1.0
1.0
1.0
0.9999999
1.0
1.0
1.0
0.9997056
1.0
0.9979073
1.0
1.0
0.99999785
1.0
1.0
1.0
1.0
1.0
1.0
0.9997037
1.0
0.99974567
1.0
1.0
0.95564586
1.0
1.0
1.0
1.0
1.0
1.0
0.9999887
1.0
1.0
0.99994624
1.0
1.0
1.0
1.0
1.0
1.0
1.0
1.0
1.0
0.9998944
1.0
1.0
1.0
1.0
0.99999666
1.0
0.99995947
1.0
1.0
1.0
1.0
1.0
1.0
1.0
0.9999138
1.0
1.0
1.0
0.9925962
1.0
1.0
0.7009223
1.0
1.0
0.99999976
1.0
1.0
0.9999988
1.0
1.0
0.9999995
1.0
1.0
1.0
1.0
1.0
1.0
0.9999907
1.0
0.9999999
1.0
1.0
1.0
1.0
0.99999845
1.0
1.0
1.0
1.0
1.0
1.0
1.0
1.0
1.0
1.0
1.0
1.0
1.0
1.0
1.0
1.0
0.9999908
1.0
1.0
1.0
1.0
1.0
1.0
1.0
1.0
0.9998807
1.0
1.0
1.0
0.81341106
1.0
1.0
1.0
1.0
1.0
1.0
0.9999993
1.0
1.0
1.0
1.0
1.0
1.0
1.0
1.0
1.0
1.0
1.0
0.9999999
0.9998646
1.0
1.0
1.0
1.0
1.0
1.0
1.0
1.0
1.0
1.0
1.0
1.0
0.99987805
0.99999905
0.86986893
1.0
0.99278295
1.0
1.0
0.9999875
1.0
1.0
1.0
1.0
0.9999958
1.0
1.0
1.0
1.0
1.0
1.0
1.0
1.0
1.0
1.0
0.99998176
1.0
1.0
1.0
1.0
1.0
0.99003965
0.99999857
0.99999917
0.9999765
1.0
1.0
1.0
1.0
0.99949646
1.0
1.0
1.0
1.0
1.0
1.0
0.9999995
0.99999607
0.9997938
0.9999999
1.0
1.0
1.0
1.0
1.0
1.0
1.0
1.0
0.99993527
1.0
0.9999995
1.0
1.0
0.9999994
1.0
1.0
1.0
1.0
1.0
1.0
0.99170214
1.0
1.0
1.0
1.0
0.9999999
1.0
1.0
0.9999938
1.0
0.9949764
0.99997807
1.0
1.0
1.0
0.9999994
1.0
1.0
1.0
1.0
0.93656266
1.0
0.9999995
0.99998724
1.0
1.0
1.0
1.0
1.0
1.0
0.99999905
1.0
1.0
1.0
1.0
1.0
1.0
0.9999995
1.0
1.0
0.9999994
1.0
1.0
1.0
1.0
0.99999213
0.99999845
1.0
1.0
1.0
1.0
1.0
1.0
1.0
1.0
1.0
0.99991035
1.0
0.99999404
1.0
1.0
1.0
1.0
1.0
0.9999745
1.0
1.0
1.0
0.9918988
1.0
1.0
0.53067
1.0
1.0
1.0
1.0
1.0
1.0
1.0
1.0
1.0
1.0
1.0
1.0
1.0
1.0
0.9999999
1.0
1.0
1.0
1.0
1.0
0.9999994
1.0
1.0
0.9999995
1.0
1.0
1.0
1.0
1.0
1.0
1.0
1.0
0.9999999
1.0
1.0
1.0
1.0
1.0
0.9999999
1.0
1.0
1.0
1.0
1.0
1.0
1.0
0.9999933
0.9999993
1.0
1.0
1.0
1.0
0.99999833
1.0
1.0
1.0
1.0
1.0
1.0
1.0
0.99999845
1.0
1.0
1.0
1.0
1.0
1.0
0.9999993
1.0
0.9999995
1.0
1.0
0.99999976
0.99999917
1.0
0.999987
1.0
0.99999917
1.0
1.0
1.0
1.0
1.0
1.0
0.9999945
1.0
1.0
1.0
1.0
1.0
1.0
1.0
0.9999999
1.0
1.0
0.99999976
1.0
0.5874127
1.0
0.9999999
1.0
0.99999976
1.0
1.0
1.0
1.0
0.999997
1.0
1.0
1.0
1.0
1.0
1.0
1.0
0.9999856
0.9999999
1.0
0.9999969
1.0
1.0
0.8984641
1.0
0.99932134
1.0
1.0
1.0
0.93684983
1.0
1.0
1.0
1.0
1.0
0.99948347
0.99999464
1.0
1.0
1.0
0.9999999
1.0
1.0
1.0
1.0
1.0
1.0
1.0
0.99999774
1.0
1.0
1.0
1.0
1.0
1.0
1.0
1.0
1.0
1.0
1.0
1.0
1.0
0.9997367
0.9999999
1.0
1.0
1.0
0.9999999
0.9999969
1.0
1.0
1.0
0.97231764
1.0
1.0
1.0
1.0
1.0
1.0
0.9996941
0.9974038
1.0
1.0
0.9999989
1.0
1.0
1.0
1.0
1.0
0.999954
0.9999994
1.0
1.0
0.99999964
1.0
0.9999925
1.0
1.0
1.0
1.0
1.0
1.0
1.0
1.0
1.0
1.0
1.0
1.0
0.82222956
1.0
1.0
1.0
1.0
0.80614465
1.0
1.0
1.0
1.0
1.0
1.0
1.0
0.9999956
1.0
0.9999999
0.99999416
1.0
1.0
1.0
1.0
1.0
0.98014086
1.0
0.99999976
1.0
1.0
1.0
1.0
0.99973565
0.99999917
0.99999774
1.0
1.0
1.0
1.0
1.0
1.0
1.0
1.0
1.0
1.0
1.0
0.9999995
1.0
1.0
1.0
1.0
1.0
1.0
1.0
1.0
1.0
1.0
1.0
1.0
1.0
1.0
1.0
1.0
0.9756302
1.0
1.0
1.0
1.0
1.0
0.99836165
1.0
1.0
1.0
1.0
0.9999999
1.0
1.0
1.0
0.99999857
0.93284464
1.0
1.0
0.99999523
1.0
1.0
1.0
1.0
1.0
0.996387
1.0
1.0
1.0
1.0
0.9999988
1.0
1.0
0.99999547
1.0
1.0
0.99999714
1.0
0.9978929
1.0
0.99990463
1.0
1.0
1.0
1.0
1.0
1.0
0.99999726
1.0
0.9999999
1.0
1.0
1.0
1.0
1.0
0.9999999
0.9989868
0.99999964
1.0
0.9999032
1.0
0.99996233
1.0
1.0
1.0
1.0
1.0
1.0
1.0
1.0
1.0
1.0
1.0
1.0
1.0
0.99999857
1.0
1.0
1.0
1.0
1.0
0.9987361
1.0
0.9999994
1.0
1.0
1.0
1.0
1.0
0.9999993
1.0
0.9984491
1.0
0.99999976
1.0
0.9999982
1.0
1.0
1.0
0.9376467
1.0
1.0
1.0
1.0
1.0
0.99998915
1.0
0.99999356
1.0
1.0
0.99947363
1.0
1.0
1.0
1.0
1.0
1.0
1.0
1.0
0.99999976
1.0
1.0
1.0
1.0
1.0
1.0
1.0
1.0
1.0
1.0
1.0
1.0
1.0
0.9953094
1.0
1.0
1.0
1.0
1.0
1.0
1.0
1.0
1.0
0.9999651
0.9999944
0.9999995
1.0
1.0
1.0
1.0
0.9999864
1.0
1.0
0.9120352
0.9999635
1.0
0.99240476
1.0
1.0
1.0
0.9977245
0.999997
1.0
0.5204392
1.0
1.0
1.0
0.99999964
1.0
1.0
0.9999999
1.0
1.0
1.0
1.0
0.9999558
1.0
0.9999999
1.0
1.0
1.0
1.0
1.0
1.0
0.99999774
1.0
1.0
1.0
1.0
1.0
0.9999995
1.0
0.93682504
1.0
1.0
1.0
0.99999917
1.0
1.0
0.9999999
1.0
1.0
1.0
0.99992216
0.9999995
1.0
1.0
0.99998474
1.0
1.0
1.0
1.0
1.0
1.0
1.0
1.0
0.9999999
1.0
1.0
0.9999422
1.0
1.0
0.9999995
0.9999981
1.0
1.0
0.9999999
0.8838149
1.0
1.0
1.0
0.999635
1.0
1.0
0.9990037
0.999411
1.0
1.0
1.0
1.0
1.0
1.0
1.0
1.0
1.0
0.9999999
1.0
1.0
1.0
1.0
0.9999994
1.0
1.0
1.0
1.0
1.0
1.0
0.99994457
1.0
1.0
1.0
1.0
1.0
0.9999999
1.0
1.0
1.0
1.0
1.0
1.0
1.0
0.9977379
1.0
1.0
1.0
0.99999666
0.9982974
1.0
1.0
1.0
1.0
1.0
1.0
1.0
1.0
1.0
1.0
1.0
1.0
1.0
1.0
0.99999833
1.0
1.0
1.0
0.5380104
0.9999999
1.0
1.0
1.0
1.0
1.0
1.0
1.0
1.0
1.0
1.0
1.0
1.0
1.0
1.0
1.0
0.99996686
0.9999999
1.0
1.0
1.0
1.0
0.9999926
1.0
1.0
1.0
1.0
1.0
0.9999999
1.0
1.0
1.0
1.0
1.0
0.9999957
1.0
1.0
1.0
1.0
1.0
1.0
1.0
1.0
1.0
1.0
1.0
1.0
1.0
1.0
1.0
0.9999012
1.0
1.0
1.0
1.0
0.99996316
0.99999654
1.0
1.0
0.74423385
1.0
1.0
0.9999999
1.0
1.0
1.0
1.0
1.0
1.0
1.0
1.0
1.0
0.9999964
0.99999976
1.0
0.9999999
1.0
1.0
1.0
1.0
1.0
1.0
1.0
0.9999999
0.9999999
1.0
1.0
0.9999999
1.0
1.0
1.0
0.9999976
1.0
1.0
1.0
1.0
0.99999905
1.0
1.0
0.99997497
0.9915888
1.0
1.0
0.9999963
1.0
1.0
1.0
1.0
1.0
1.0
1.0
0.999998
1.0
1.0
1.0
0.99999905
1.0
1.0
1.0
0.999597
1.0
0.9996076
1.0
0.9999938
1.0
1.0
1.0
1.0
1.0
1.0
1.0
1.0
1.0
1.0
1.0
1.0
1.0
1.0
1.0
1.0
1.0
1.0
1.0
0.63307804
1.0
1.0
1.0
1.0
0.99999917
1.0
1.0
1.0
1.0
1.0
1.0
1.0
1.0
1.0
0.99997246
1.0
1.0
1.0
1.0
1.0
1.0
1.0
1.0
0.98957527
0.9999573
1.0
1.0
1.0
1.0
1.0
0.9673573
0.999998
0.99964917
1.0
1.0
1.0
1.0
1.0
1.0
0.9979231
1.0
1.0
0.9999995
1.0
1.0
1.0
1.0
1.0
1.0
1.0
0.9999999
1.0
1.0
0.9826958
0.9209524
1.0
1.0
1.0
1.0
1.0
1.0
1.0
1.0
1.0
1.0
1.0
1.0
1.0
1.0
1.0
1.0
1.0
1.0
1.0
1.0
1.0
0.84713537
0.99999714
1.0
1.0
1.0
1.0
1.0
1.0
1.0
1.0
1.0
1.0
1.0
1.0
0.977435
1.0
0.9999727
1.0
1.0
0.9999585
0.9999932
1.0
0.99998224
1.0
1.0
1.0
0.97142845
1.0
0.999995
1.0
1.0
1.0
1.0
1.0
1.0
1.0
1.0
1.0
0.9999999
1.0
1.0
1.0
0.9999999
1.0
1.0
1.0
1.0
0.9999974
1.0
1.0
1.0
0.999851
1.0
1.0
1.0
1.0
1.0
1.0
0.9999999
1.0
1.0
0.99993515
1.0
1.0
0.9999999
1.0
1.0
1.0
1.0
0.9999783
1.0
1.0
1.0
1.0
0.9999999
1.0
1.0
1.0
1.0
0.99999034
1.0
1.0
0.9999802
0.9999907
1.0
1.0
1.0
1.0
1.0
1.0
0.999851
0.999824
0.99999535
1.0
1.0
1.0
0.8537279
1.0
1.0
1.0
1.0
1.0
1.0
1.0
1.0
1.0
0.9999994
1.0
1.0
1.0
1.0
1.0
0.99999976
1.0
1.0
1.0
1.0
1.0
0.9999933
1.0
1.0
1.0
1.0
1.0
1.0
0.999997
1.0
1.0
1.0
1.0
0.9974268
1.0
1.0
1.0
1.0
0.9999964
1.0
0.99980325
1.0
1.0
1.0
1.0
1.0
1.0
1.0
1.0
0.9999999
1.0
1.0
0.9999999
1.0
1.0
1.0
1.0
1.0
1.0
1.0
1.0
1.0
1.0
1.0
1.0
1.0
1.0
1.0
1.0
1.0
1.0
1.0
1.0
1.0
1.0
1.0
1.0
1.0
1.0
1.0
1.0
1.0
1.0
1.0
1.0
1.0
1.0
1.0
1.0
0.9999999
1.0
0.9999999
1.0
1.0
1.0
1.0
1.0
1.0
1.0
1.0
1.0
1.0
1.0
1.0
1.0
0.9999981
1.0
1.0
1.0
1.0
1.0
0.9999956
1.0
1.0
1.0
1.0
1.0
0.9999999
1.0
1.0
1.0
1.0
1.0
1.0
1.0
1.0
1.0
1.0
1.0
0.9999999
1.0
1.0
1.0
1.0
1.0
1.0
1.0
1.0
1.0
1.0
0.9999999
1.0
1.0
1.0
1.0
1.0
1.0
1.0
1.0
1.0
1.0
1.0
1.0
1.0
1.0
1.0
1.0
1.0
1.0
1.0
1.0
1.0
1.0
1.0
1.0
1.0
1.0
1.0
1.0
1.0
0.99998236
1.0
1.0
1.0
1.0
1.0
1.0
1.0
1.0
1.0
1.0
1.0
1.0
0.99992657
1.0
1.0
1.0
1.0
1.0
1.0
1.0
1.0
1.0
1.0
1.0
1.0
1.0
1.0
1.0
1.0
1.0
1.0
0.92693233
1.0
1.0
0.9999999
1.0
1.0
0.9937344
1.0
0.9999999
1.0
1.0
1.0
1.0
1.0
1.0
1.0
1.0
1.0
0.99999964
1.0
1.0
1.0
1.0
1.0
1.0
1.0
1.0
1.0
1.0
1.0
1.0
1.0
1.0
1.0
1.0
0.9999801
1.0
1.0
1.0
1.0
0.9986865
1.0
0.9998623
1.0
0.9999999
1.0
0.9999999
1.0
0.9999995
1.0
1.0
1.0
1.0
1.0
1.0
1.0
1.0
1.0
0.99999917
1.0
1.0
1.0
0.9999994
1.0
1.0
1.0
1.0
1.0
1.0
0.99021167
1.0
1.0
1.0
1.0
1.0
1.0
1.0
1.0
1.0
1.0
1.0
1.0
1.0
1.0
1.0
0.99999976
1.0
0.7454718
1.0
1.0
1.0
0.99999964
1.0
0.9999999
1.0
1.0
1.0
1.0
1.0
1.0
1.0
1.0
0.99957174
0.9999999
1.0
1.0
0.9990079
1.0
1.0
0.99992704
0.99999917
1.0
1.0
1.0
1.0
1.0
1.0
1.0
1.0
0.99999666
1.0
1.0
1.0
1.0
1.0
1.0
1.0
1.0
1.0
0.9999981
1.0
1.0
1.0
1.0
1.0
1.0
1.0
1.0
1.0
1.0
1.0
1.0
1.0
1.0
1.0
1.0
1.0
1.0
1.0
1.0
1.0
1.0
1.0
1.0
1.0
1.0
1.0
1.0
1.0
1.0
1.0
1.0
1.0
1.0
1.0
1.0
1.0
1.0
1.0
1.0
1.0
1.0
0.88130933
1.0
1.0
1.0
0.99999905
1.0
1.0
1.0
1.0
1.0
1.0
1.0
1.0
1.0
1.0
1.0
1.0
1.0
1.0
1.0
1.0
1.0
1.0
1.0
1.0
1.0
1.0
1.0
1.0
1.0
1.0
1.0
1.0
1.0
1.0
1.0
1.0
1.0
1.0
1.0
1.0
1.0
1.0
1.0
1.0
1.0
1.0
1.0
1.0
1.0
1.0
1.0
1.0
1.0
1.0
1.0
1.0
1.0
1.0
1.0
1.0
1.0
1.0
1.0
1.0
1.0
1.0
1.0
1.0
1.0
1.0
1.0
1.0
1.0
1.0
0.9999999
1.0
1.0
1.0
1.0
1.0
1.0
1.0
1.0
1.0
0.999998
1.0
1.0
1.0
1.0
1.0
1.0
1.0
1.0
1.0
1.0
1.0
1.0
1.0
1.0
1.0
1.0
1.0
1.0
1.0
1.0
1.0
1.0
1.0
1.0
1.0
1.0
1.0
1.0
1.0
1.0
1.0
1.0
0.9999802
0.99997747
1.0
1.0
1.0
1.0
1.0
1.0
0.9979691
1.0
1.0
1.0
1.0
1.0
1.0
1.0
1.0
1.0
1.0
1.0
1.0
1.0
1.0
1.0
1.0
1.0
1.0
1.0
1.0
1.0
1.0
1.0
1.0
1.0
1.0
1.0
1.0
1.0
1.0
1.0
1.0
1.0
1.0
1.0
1.0
1.0
1.0
1.0
1.0
1.0
1.0
1.0
1.0
1.0
1.0
1.0
1.0
1.0
1.0
1.0
1.0
1.0
1.0
1.0
1.0
1.0
1.0
1.0
1.0
1.0
0.9999999
1.0
1.0
0.9999999
1.0
1.0
1.0
1.0
0.9999999
1.0
1.0
1.0
1.0
1.0
1.0
1.0
1.0
1.0
1.0
1.0
1.0
1.0
1.0
1.0
1.0
1.0
1.0
1.0
0.9999999
1.0
1.0
1.0
1.0
1.0
1.0
1.0
1.0
1.0
1.0
1.0
1.0
1.0
1.0
1.0
1.0
0.99997306
1.0
1.0
1.0
1.0
1.0
1.0
1.0
1.0
0.9999995
1.0
1.0
1.0
1.0
1.0
1.0
1.0
1.0
1.0
1.0
1.0
1.0
0.9999881
1.0
1.0
1.0
1.0
1.0
1.0
1.0
1.0
1.0
1.0
1.0
1.0
1.0
0.9999988
1.0
1.0
1.0
1.0
1.0
1.0
1.0
1.0
1.0
1.0
1.0
1.0
1.0
1.0
1.0
1.0
1.0
1.0
1.0
0.9999976
1.0
1.0
0.99998915
1.0
1.0
0.99999857
1.0
1.0
1.0
1.0
1.0
1.0
1.0
0.8861485
1.0
0.9999995
1.0
1.0
0.99998915
1.0
0.9999999
0.98383594
0.9999999
1.0
1.0
1.0
0.9999999
1.0
0.9999976
1.0
1.0
1.0
1.0
0.9980692
0.9999441
1.0
1.0
1.0
1.0
1.0
1.0
1.0
1.0
1.0
1.0
1.0
1.0
1.0
1.0
1.0
1.0
1.0
1.0
1.0
1.0
0.99997437
0.99999225
1.0
1.0
1.0
1.0
1.0
1.0
1.0
1.0
1.0
1.0
0.99999964
1.0
1.0
1.0
1.0
1.0
1.0
1.0
0.9999999
1.0
1.0
1.0
1.0
1.0
1.0
0.9999999
1.0
1.0
1.0
1.0
0.9999999
0.9999988
1.0
1.0
1.0
1.0
0.9999994
1.0
1.0
0.9999999
1.0
1.0
0.99999774
1.0
1.0
1.0
1.0
1.0
1.0
1.0
1.0
1.0
1.0
1.0
0.9999999
1.0
0.8274991
0.9999862
0.990816
1.0
1.0
1.0
1.0
1.0
0.99999905
1.0
1.0
0.9999931
1.0
1.0
1.0
0.8775669
1.0
1.0
0.99974746
1.0
1.0
1.0
0.9999999
1.0
1.0
0.9999999
1.0
1.0
1.0
1.0
1.0
1.0
1.0
1.0
1.0
1.0
1.0
1.0
1.0
1.0
1.0
1.0
1.0
1.0
0.99999964
1.0
1.0
1.0
1.0
1.0
1.0
1.0
1.0
1.0
1.0
1.0
1.0
1.0
1.0
1.0
1.0
1.0
1.0
1.0
1.0
1.0
1.0
0.99999654
1.0
1.0
1.0
1.0
1.0
1.0
1.0
1.0
1.0
1.0
1.0
1.0
1.0
1.0
1.0
1.0
1.0
1.0
1.0
1.0
1.0
1.0
1.0
1.0
1.0
0.99998534
0.9999945
1.0
1.0
1.0
1.0
1.0
1.0
0.999984
1.0
1.0
1.0
1.0
1.0
1.0
1.0
1.0
1.0
1.0
1.0
1.0
1.0
1.0
1.0
1.0
1.0
1.0
1.0
1.0
1.0
1.0
1.0
1.0
1.0
1.0
1.0
1.0
1.0
1.0
1.0
1.0
1.0
1.0
1.0
1.0
1.0
1.0
1.0
1.0
1.0
0.9993748
1.0
1.0
1.0
1.0
1.0
1.0
1.0
1.0
1.0
0.9977849
0.9678878
1.0
1.0
1.0
1.0
1.0
1.0
1.0
1.0
1.0
1.0
1.0
1.0
1.0
1.0
0.9999989
1.0
1.0
0.99999154
1.0
1.0
1.0
1.0
1.0
0.9999989
1.0
1.0
1.0
0.99999976
1.0
1.0
1.0
1.0
0.99999964
0.99999833
1.0
0.9999999
1.0
0.99997866
1.0
1.0
1.0
1.0
1.0
1.0
1.0
1.0
1.0
0.99631125
0.99537706
1.0
0.99996436
1.0
1.0
1.0
1.0
1.0
1.0
1.0
1.0
1.0
0.9999993
1.0
1.0
1.0
1.0
1.0
0.9999523
1.0
1.0
1.0
0.9999957
1.0
0.9999963
1.0
0.9999999
1.0
1.0
1.0
1.0
1.0
1.0
1.0
1.0
1.0
0.9999484
1.0
1.0
1.0
1.0
1.0
1.0
1.0
0.9999691
0.9979753
1.0
1.0
1.0
1.0
1.0
1.0
1.0
1.0
1.0
0.99999785
1.0
1.0
1.0
1.0
0.9999107
0.9999999
1.0
0.9999995
1.0
0.9999999
1.0
1.0
1.0
0.99999154
0.9999999
1.0
0.99999964
1.0
0.99999106
1.0
1.0
1.0
1.0
1.0
1.0
1.0
1.0
0.9999881
1.0
1.0
0.9985514
1.0
1.0
0.999913
1.0
1.0
1.0
1.0
1.0
1.0
1.0
1.0
0.9998344
1.0
1.0
1.0
1.0
1.0
1.0
0.99999964
1.0
1.0
0.99999976
1.0
1.0
0.9999987
1.0
0.9999999
1.0
1.0
1.0
0.99999976
1.0
1.0
1.0
1.0
0.9999964
1.0
1.0
1.0
1.0
1.0
0.9999994
1.0
1.0
1.0
1.0
1.0
0.9990081
1.0
1.0
1.0
1.0
1.0
1.0
1.0
1.0
1.0
0.9466203
1.0
1.0
1.0
1.0
1.0
1.0
1.0
1.0
1.0
0.97902006
1.0
0.9999999
1.0
1.0
1.0
1.0
1.0
1.0
1.0
1.0
1.0
1.0
1.0
1.0
1.0
1.0
1.0
1.0
1.0
1.0
0.79657567
1.0
1.0
1.0
1.0
1.0
1.0
1.0
1.0
1.0
1.0
1.0
0.9999995
1.0
0.99999976
1.0
1.0
1.0
1.0
1.0
1.0
1.0
1.0
1.0
1.0
1.0
1.0
1.0
1.0
1.0
1.0
1.0
1.0
1.0
1.0
1.0
1.0
1.0
1.0
1.0
1.0
1.0
1.0
1.0
1.0
0.944711
1.0
1.0
1.0
1.0
1.0
1.0
1.0
1.0
0.8813085
1.0
0.9999796
1.0
1.0
1.0
0.8549268
0.93251586
0.99999857
1.0
1.0
1.0
1.0
1.0
1.0
1.0
1.0
1.0
1.0
1.0
1.0
1.0
1.0
1.0
1.0
1.0
1.0
1.0
1.0
1.0
1.0
1.0
1.0
1.0
1.0
1.0
1.0
1.0
1.0
1.0
1.0
1.0
1.0
1.0
1.0
1.0
1.0
1.0
1.0
1.0
1.0
1.0
1.0
1.0
1.0
1.0
1.0
1.0
1.0
1.0
1.0
1.0
1.0
1.0
1.0
1.0
1.0
1.0
1.0
1.0
1.0
1.0
1.0
1.0
1.0
1.0
1.0
1.0
1.0
1.0
1.0
1.0
1.0
1.0
1.0
1.0
1.0
1.0
1.0
1.0
1.0
1.0
1.0
1.0
1.0
1.0
1.0
1.0
1.0
1.0
1.0
1.0
1.0
1.0
1.0
1.0
1.0
1.0
1.0
1.0
1.0
1.0
1.0
1.0
1.0
1.0
1.0
1.0
1.0
1.0
1.0
1.0
1.0
1.0
1.0
1.0
1.0
1.0
1.0
1.0
1.0
1.0
1.0
1.0
1.0
1.0
1.0
1.0
1.0
1.0
1.0
1.0
1.0
1.0
1.0
1.0
1.0
1.0
1.0
1.0
1.0
1.0
1.0
1.0
1.0
1.0
1.0
1.0
1.0
1.0
1.0
1.0
1.0
1.0
1.0
1.0
1.0
1.0
1.0
1.0
1.0
1.0
1.0
1.0
1.0
1.0
1.0
1.0
1.0
1.0
1.0
1.0
1.0
1.0
1.0
1.0
1.0
1.0
1.0
1.0
1.0
1.0
1.0
1.0
1.0
1.0
1.0
1.0
1.0
1.0
1.0
1.0
1.0
1.0
1.0
1.0
1.0
1.0
1.0
1.0
1.0
1.0
1.0
1.0
1.0
1.0
1.0
1.0
1.0
1.0
1.0
1.0
1.0
1.0
1.0
1.0
0.99999094
0.9999994
1.0
1.0
1.0
1.0
1.0
1.0
0.9999999
1.0
1.0
1.0
1.0
1.0
1.0
1.0
1.0
1.0
1.0
0.9999987
1.0
1.0
1.0
1.0
1.0
1.0
0.9999963
1.0
1.0
1.0
1.0
1.0
1.0
1.0
0.99996006
1.0
1.0
1.0
1.0
1.0
1.0
1.0
1.0
1.0
1.0
1.0
1.0
1.0
1.0
0.99999976
1.0
1.0
1.0
1.0
1.0
1.0
1.0
1.0
1.0
1.0
0.99999976
1.0
1.0
1.0
1.0
1.0
0.9999999
1.0
1.0
1.0
1.0
1.0
1.0
1.0
1.0
1.0
1.0
1.0
1.0
0.99946934
1.0
1.0
1.0
1.0
1.0
1.0
1.0
1.0
0.99999976
1.0
1.0
1.0
1.0
1.0
1.0
1.0
1.0
1.0
1.0
1.0
1.0
1.0
1.0
1.0
1.0
1.0
1.0
1.0
1.0
1.0
1.0
1.0
1.0
0.9982324
1.0
1.0
1.0
1.0
1.0
1.0
1.0
1.0
1.0
1.0
1.0
0.9999982
1.0
1.0
1.0
1.0
1.0
1.0
1.0
1.0
0.9999999
1.0
1.0
1.0
1.0
1.0
0.9988605
1.0
1.0
1.0
1.0
1.0
0.9995912
1.0
1.0
1.0
1.0
1.0
0.9999995
1.0
0.99999154
1.0
1.0
0.9999989
1.0
1.0
1.0
0.99999774
0.9992673
0.93058825
0.99999976
0.99996114
0.97926986
0.9999982
0.7240541
0.9987577
1.0
1.0
1.0
0.99999964
1.0
1.0
0.9998994
0.99945194
0.99999046
0.99352264
0.9976987
0.99999976
0.9984952
0.99999976
0.89201254
0.99999464
0.9992235
0.9999999
0.9999999
1.0
1.0
1.0
1.0
1.0
1.0
1.0
1.0
1.0
0.99999976
1.0
0.99997616
1.0
1.0
1.0
0.99999857
0.87186646
0.9992403
0.99838865
0.9999999
1.0
0.99998057
0.9999672
1.0
0.9996972
1.0
1.0
0.9999192
1.0
1.0
1.0
1.0
0.9999995
0.9999963
0.99999547
1.0
0.9999989
0.9999937
1.0
1.0
0.9999982
0.9999889
0.99999976
0.9999995
0.65759873
1.0
0.9999994
1.0
1.0
1.0
0.9999958
0.9987263
1.0
1.0
1.0
0.99999976
1.0
1.0
1.0
1.0
1.0
1.0
0.9999999
1.0
0.99998903
1.0
1.0
1.0
1.0
1.0
0.9469228
0.9999999
1.0
1.0
1.0
1.0
1.0
1.0
1.0
1.0
0.99999964
0.9999981
1.0
1.0
1.0
1.0
1.0
1.0
1.0
1.0
1.0
0.9999982
1.0
1.0
1.0
1.0
0.9999987
1.0
1.0
0.9999999
1.0
1.0
1.0
1.0
1.0
1.0
1.0
0.9999937
1.0
1.0
0.99999905
0.99999976
1.0
0.99999905
1.0
1.0
1.0
1.0
1.0
1.0
1.0
1.0
1.0
1.0
1.0
0.99999833
1.0
1.0
1.0
1.0
1.0
1.0
1.0
1.0
1.0
1.0
1.0
0.9999999
1.0
1.0
0.99969316
0.99999976
1.0
1.0
1.0
1.0
1.0
1.0
1.0
1.0
1.0
0.99999785
1.0
1.0
1.0
1.0
1.0
1.0
1.0
0.9999286
1.0
1.0
1.0
0.9996406
1.0
1.0
0.9999988
1.0
0.9999989
1.0
1.0
1.0
1.0
1.0
0.9999161
0.9999887
1.0
1.0
0.9999995
1.0
1.0
1.0
1.0
1.0
1.0
1.0
1.0
0.9999993
0.9999678
1.0
1.0
1.0
1.0
1.0
1.0
1.0
1.0
1.0
1.0
0.99999964
1.0
1.0
0.5269554
1.0
0.9999995
1.0
1.0
1.0
1.0
1.0
1.0
1.0
1.0
1.0
1.0
0.99996376
1.0
1.0
1.0
1.0
1.0
1.0
1.0
1.0
1.0
1.0
0.9999999
1.0
1.0
1.0
1.0
1.0
1.0
1.0
1.0
1.0
0.9999995
1.0
1.0
1.0
1.0
1.0
1.0
1.0
1.0
1.0
0.99999976
1.0
1.0
1.0
1.0
1.0
1.0
1.0
1.0
1.0
1.0
1.0
1.0
1.0
1.0
1.0
1.0
1.0
1.0
1.0
0.9871924
1.0
1.0
1.0
1.0
0.9999999
1.0
1.0
1.0
1.0
1.0
1.0
1.0
1.0
1.0
1.0
1.0
1.0
1.0
1.0
1.0
1.0
1.0
1.0
1.0
1.0
1.0
1.0
1.0
1.0
1.0
0.99999976
1.0
1.0
1.0
1.0
0.99998045
1.0
1.0
0.9999999
1.0
1.0
1.0
1.0
1.0
1.0
1.0
1.0
0.99995613
1.0
1.0
1.0
1.0
1.0
1.0
1.0
1.0
1.0
1.0
0.9999999
1.0
1.0
1.0
0.9999988
1.0
0.9999999
1.0
1.0
1.0
1.0
1.0
1.0
0.99999976
1.0
1.0
1.0
1.0
1.0
1.0
0.9999969
1.0
1.0
1.0
1.0
1.0
1.0
1.0
1.0
1.0
1.0
1.0
1.0
1.0
0.9999988
1.0
1.0
1.0
1.0
0.99999964
1.0
1.0
1.0
1.0
1.0
1.0
1.0
1.0
0.99999714
1.0
1.0
1.0
1.0
1.0
1.0
1.0
1.0
1.0
1.0
1.0
1.0
1.0
1.0
1.0
1.0
1.0
1.0
1.0
1.0
1.0
1.0
1.0
1.0
1.0
1.0
0.99999976
1.0
1.0
1.0
1.0
1.0
1.0
1.0
1.0
1.0
1.0
1.0
1.0
1.0
1.0
1.0
1.0
1.0
1.0
1.0
1.0
1.0
1.0
1.0
1.0
1.0
1.0
1.0
1.0
1.0
1.0
1.0
1.0
1.0
1.0
1.0
1.0
1.0
1.0
1.0
1.0
1.0
1.0
1.0
1.0
1.0
1.0
1.0
1.0
0.99999166
0.9999988
1.0
1.0
1.0
1.0
1.0
1.0
1.0
1.0
1.0
1.0
1.0
1.0
1.0
1.0
1.0
1.0
1.0
0.99999475
1.0
1.0
1.0
1.0
0.9999982
1.0
1.0
1.0
1.0
1.0
1.0
0.99999976
1.0
1.0
0.9999999
1.0
1.0
1.0
1.0
1.0
1.0
1.0
1.0
1.0
1.0
1.0
1.0
1.0
1.0
1.0
1.0
0.9999993
1.0
1.0
1.0
1.0
1.0
1.0
1.0
1.0
1.0
1.0
1.0
1.0
0.9999999
0.99999845
1.0
1.0
1.0
1.0
1.0
1.0
1.0
1.0
1.0
1.0
1.0
0.9999994
1.0
1.0
1.0
1.0
1.0
1.0
1.0
1.0
1.0
1.0
1.0
1.0
1.0
0.9999629
1.0
1.0
1.0
1.0
1.0
1.0
1.0
1.0
1.0
1.0
1.0
1.0
1.0
0.99998724
1.0
1.0
1.0
1.0
1.0
1.0
1.0
1.0
1.0
1.0
1.0
1.0
1.0
1.0
1.0
1.0
1.0
1.0
0.9999751
1.0
1.0
1.0
1.0
1.0
1.0
1.0
1.0
1.0
1.0
1.0
1.0
1.0
1.0
1.0
1.0
1.0
1.0
1.0
1.0
1.0
1.0
1.0
1.0
0.9999995
1.0
1.0
1.0
1.0
1.0
1.0
1.0
1.0
1.0
1.0
1.0
0.9999999
1.0
1.0
1.0
1.0
1.0
1.0
0.99998784
1.0
1.0
1.0
1.0
1.0
0.9999963
1.0
1.0
1.0
0.99999917
0.9999999
0.99999976
1.0
0.9847392
1.0
1.0
1.0
0.909973
0.9999994
1.0
1.0
1.0
1.0
1.0
0.99999976
1.0
1.0
0.99999976
1.0
1.0
1.0
1.0
1.0
1.0
0.9999995
1.0
0.9984101
1.0
1.0
1.0
1.0
0.9999467
1.0
1.0
1.0
1.0
1.0
1.0
0.9999994
1.0
0.9998987
1.0
1.0
1.0
1.0
1.0
1.0
1.0
1.0
0.9999999
1.0
1.0
1.0
1.0
1.0
1.0
1.0
1.0
0.9999976
0.99999475
1.0
1.0
1.0
1.0
1.0
1.0
1.0
1.0
1.0
0.9999999
1.0
1.0
1.0
1.0
1.0
1.0
1.0
1.0
1.0
1.0
1.0
1.0
1.0
1.0
1.0
1.0
1.0
1.0
1.0
1.0
1.0
1.0
1.0
1.0
1.0
1.0
1.0
1.0
1.0
1.0
1.0
1.0
1.0
1.0
1.0
1.0
1.0
1.0
1.0
1.0
1.0
1.0
1.0
1.0
1.0
1.0
1.0
1.0
1.0
1.0
1.0
1.0
1.0
1.0
1.0
0.9999999
1.0
1.0
1.0
1.0
1.0
1.0
1.0
1.0
1.0
1.0
1.0
1.0
1.0
1.0
1.0
0.99999976
1.0
1.0
1.0
0.9999999
1.0
1.0
1.0
1.0
1.0
1.0
1.0
1.0
1.0
1.0
1.0
1.0
1.0
1.0
1.0
1.0
1.0
1.0
1.0
1.0
1.0
1.0
1.0
1.0
1.0
1.0
1.0
1.0
1.0
0.99999964
1.0
1.0
1.0
1.0
1.0
0.9999995
1.0
1.0
1.0
1.0
1.0
1.0
1.0
1.0
1.0
1.0
1.0
1.0
1.0
0.9999995
1.0
1.0
1.0
1.0
1.0
1.0
1.0
1.0
0.99986243
1.0
0.9999999
0.9999975
1.0
1.0
0.99999964
0.9999999
1.0
0.9999999
0.99999833
1.0
1.0
1.0
0.99999905
1.0
1.0
1.0
1.0
0.9998373
1.0
0.9773582
1.0
1.0
1.0
1.0
0.99999976
1.0
0.9997197
1.0
1.0
1.0
0.9999999
0.9999999
0.99999344
1.0
1.0
1.0
0.9999943
1.0
1.0
1.0
1.0
1.0
0.9999999
1.0
1.0
1.0
0.9999881
0.9999999
0.9999999
1.0
1.0
1.0
1.0
0.99999964
1.0
1.0
0.9999999
0.9998485
0.99998784
1.0
1.0
0.9999999
0.9999993
1.0
1.0
1.0
1.0
1.0
0.9999999
1.0
1.0
1.0
1.0
1.0
1.0
0.9999999
0.999995
0.99999905
1.0
1.0
1.0
1.0
1.0
0.9999634
1.0
1.0
1.0
1.0
1.0
0.9999999
0.99999964
1.0
1.0
1.0
1.0
1.0
0.99999976
1.0
1.0
1.0
1.0
1.0
1.0
1.0
1.0
1.0
1.0
1.0
1.0
1.0
1.0
1.0
1.0
1.0
1.0
0.99999976
1.0
1.0
1.0
1.0
1.0
1.0
1.0
0.9999999
0.9999993
1.0
1.0
1.0
1.0
1.0
1.0
1.0
1.0
1.0
1.0
1.0
1.0
1.0
1.0
1.0
1.0
0.9999999
1.0
1.0
1.0
1.0
1.0
1.0
1.0
1.0
0.9999999
1.0
1.0
1.0
1.0
1.0
1.0
1.0
1.0
0.99999416
1.0
1.0
1.0
1.0
1.0
0.9999993
1.0
1.0
1.0
1.0
1.0
1.0
1.0
1.0
1.0
1.0
1.0
1.0
1.0
1.0
1.0
1.0
1.0
1.0
1.0
1.0
1.0
1.0
1.0
1.0
1.0
0.9999994
1.0
1.0
1.0
1.0
1.0
1.0
1.0
1.0
1.0
1.0
1.0
1.0
0.9999975
1.0
1.0
1.0
1.0
1.0
1.0
1.0
1.0
1.0
1.0
1.0
1.0
1.0
1.0
1.0
1.0
1.0
0.9999981
1.0
1.0
1.0
0.99999976
1.0
1.0
1.0
1.0
1.0
1.0
1.0
1.0
1.0
0.99998665
1.0
0.9999999
1.0
1.0
1.0
1.0
1.0
1.0
1.0
1.0
1.0
1.0
1.0
1.0
1.0
1.0
1.0
1.0
1.0
0.9999999
1.0
1.0
1.0
1.0
1.0
1.0
1.0
0.9999999
1.0
1.0
1.0
0.9999999
1.0
1.0
1.0
1.0
1.0
1.0
1.0
1.0
0.999998
1.0
1.0
1.0
1.0
1.0
1.0
1.0
1.0
1.0
1.0
1.0
1.0
1.0
1.0
1.0
1.0
1.0
1.0
1.0
1.0
1.0
1.0
1.0
1.0
1.0
1.0
1.0
0.99999917
1.0
1.0
1.0
1.0
1.0
1.0
1.0
1.0
1.0
1.0
1.0
0.9999951
1.0
1.0
1.0
0.99999666
1.0
1.0
1.0
1.0
1.0
1.0
1.0
1.0
1.0
1.0
1.0
1.0
1.0
1.0
1.0
1.0
1.0
1.0
1.0
1.0
1.0
1.0
1.0
1.0
1.0
1.0
1.0
1.0
1.0
1.0
1.0
1.0
1.0
1.0
1.0
1.0
1.0
1.0
1.0
1.0
1.0
1.0
0.9999999
1.0
1.0
1.0
1.0
1.0
1.0
0.9999994
1.0
1.0
1.0
1.0
1.0
1.0
1.0
1.0
1.0
1.0
0.9999993
1.0
1.0
0.99999726
1.0
1.0
1.0
1.0
1.0
1.0
1.0
1.0
1.0
1.0
1.0
1.0
0.99999976
1.0
1.0
1.0
1.0
1.0
1.0
1.0
0.9999995
1.0
1.0
1.0
1.0
1.0
1.0
1.0
1.0
1.0
1.0
1.0
1.0
1.0
1.0
1.0
1.0
1.0
0.9999995
1.0
1.0
0.9999945
1.0
1.0
0.9999988
1.0
1.0
1.0
0.9885654
0.99999595
0.99998355
1.0
1.0
1.0
1.0
0.9999993
0.99999976
1.0
0.99999976
0.9999975
1.0
1.0
1.0
1.0
1.0
1.0
1.0
1.0
1.0
1.0
1.0
1.0
1.0
1.0
1.0
1.0
1.0
1.0
1.0
1.0
1.0
1.0
1.0
1.0
1.0
0.99999976
1.0
1.0
1.0
1.0
1.0
1.0
1.0
1.0
1.0
1.0
1.0
1.0
0.99999785
1.0
1.0
0.9999975
1.0
1.0
1.0
1.0
1.0
1.0
1.0
1.0
1.0
1.0
1.0
1.0
0.9999987
1.0
1.0
0.99999905
1.0
1.0
1.0
1.0
1.0
1.0
1.0
1.0
0.9999994
0.99999297
1.0
1.0
1.0
1.0
1.0
1.0
1.0
1.0
1.0
1.0
1.0
1.0
1.0
1.0
1.0
1.0
1.0
1.0
1.0
1.0
1.0
1.0
1.0
1.0
1.0
1.0
1.0
1.0
1.0
1.0
1.0
1.0
1.0
1.0
1.0
0.99999976
1.0
1.0
1.0
1.0
1.0
1.0
0.9999976
1.0
1.0
1.0
1.0
1.0
1.0
0.9999994
1.0
1.0
1.0
1.0
1.0
1.0
0.9999995
1.0
1.0
1.0
1.0
0.9999999
0.9999976
1.0
1.0
1.0
1.0
1.0
1.0
1.0
1.0
0.9999999
1.0
1.0
0.99999964
1.0
1.0
1.0
1.0
0.9999999
1.0
1.0
1.0
1.0
1.0
1.0
1.0
0.9999999
1.0
1.0
1.0
0.9999999
1.0
1.0
1.0
1.0
1.0
1.0
1.0
1.0
1.0
1.0
1.0
1.0
1.0
1.0
1.0
1.0
1.0
1.0
1.0
1.0
1.0
1.0
0.99999964
1.0
1.0
1.0
0.9999999
1.0
1.0
1.0
1.0
1.0
1.0
1.0
1.0
1.0
1.0
1.0
0.9653931
1.0
0.9987496
1.0
0.99999964
0.99999964
0.99999905
1.0
1.0
1.0
0.99997354
1.0
0.9999801
1.0
1.0
1.0
1.0
1.0
1.0
1.0
0.9999783
1.0
0.9999914
1.0
1.0
0.9999999
1.0
1.0
1.0
1.0
1.0
1.0
0.99999416
0.99926347
0.99999976
0.92276376
0.99901795
1.0
1.0
1.0
1.0
1.0
1.0
0.9999958
1.0
0.99999964
1.0
0.99998105
0.9999596
1.0
1.0
0.999995
1.0
1.0
1.0
1.0
1.0
1.0
1.0
1.0
1.0
1.0
1.0
1.0
1.0
1.0
1.0
0.99999917
1.0
0.9999212
1.0
1.0
1.0
1.0
1.0
1.0
1.0
1.0
1.0
1.0
1.0
1.0
1.0
1.0
0.99999976
1.0
1.0
1.0
1.0
1.0
1.0
1.0
0.9999584
1.0
1.0
1.0
1.0
1.0
1.0
1.0
1.0
1.0
1.0
1.0
1.0
0.99999976
0.9999943
1.0
1.0
1.0
1.0
1.0
1.0
1.0
1.0
1.0
1.0
1.0
1.0
1.0
1.0
1.0
0.99995744
0.9999753
1.0
0.9999999
0.9999999
1.0
1.0
1.0
1.0
1.0
1.0
1.0
1.0
1.0
1.0
0.9999938
1.0
0.9999994
1.0
1.0
1.0
1.0
0.9999993
1.0
1.0
1.0
1.0
1.0
1.0
1.0
1.0
1.0
1.0
1.0
1.0
1.0
0.9999999
1.0
1.0
1.0
1.0
1.0
1.0
1.0
1.0
1.0
1.0
0.9999994
0.9999999
1.0
0.99999976
1.0
1.0
1.0
1.0
1.0
1.0
1.0
1.0
1.0
1.0
1.0
0.9999989
0.9999999
0.9999994
0.996411
1.0
1.0
1.0
0.9999999
1.0
1.0
0.9999999
1.0
0.9999999
1.0
1.0
1.0
0.9999485
1.0
1.0
1.0
1.0
1.0
0.9999999
1.0
1.0
1.0
1.0
1.0
1.0
0.9999999
0.966427
0.9999989
1.0
1.0
0.9999982
0.9999716
1.0
1.0
1.0
0.9999999
1.0
1.0
1.0
0.9999969
0.9999974
0.9999994
1.0
1.0
1.0
1.0
1.0
1.0
1.0
1.0
1.0
1.0
1.0
1.0
1.0
1.0
1.0
0.9999999
1.0
1.0
1.0
1.0
1.0
0.999997
0.9653887
1.0
0.99999964
1.0
0.99999976
0.99486816
1.0
1.0
1.0
0.99999964
0.99999857
0.99999976
0.99999833
1.0
0.9989686
0.999225
1.0
1.0
1.0
1.0
1.0
0.99986434
1.0
0.99999976
1.0
1.0
1.0
1.0
1.0
1.0
1.0
1.0
1.0
1.0
1.0
1.0
1.0
1.0
0.9999999
1.0
1.0
1.0
1.0
1.0
1.0
1.0
1.0
1.0
1.0
1.0
1.0
1.0
1.0
1.0
1.0
1.0
1.0
1.0
1.0
1.0
1.0
1.0
1.0
0.9999974
0.9999908
0.9999894
1.0
1.0
1.0
1.0
1.0
0.9963774
0.9999999
1.0
1.0
1.0
1.0
1.0
0.9999999
1.0
1.0
1.0
1.0
1.0
1.0
1.0
0.9999987
1.0
1.0
1.0
1.0
1.0
1.0
1.0
1.0
0.998178
1.0
0.8424818
1.0
1.0
1.0
1.0
1.0
1.0
1.0
1.0
1.0
1.0
1.0
1.0
1.0
0.99999976
1.0
1.0
1.0
0.99999785
1.0
1.0
1.0
1.0
0.99999833
1.0
1.0
1.0
1.0
1.0
1.0
1.0
1.0
1.0
1.0
1.0
1.0
1.0
1.0
1.0
1.0
1.0
1.0
1.0
1.0
1.0
1.0
1.0
1.0
1.0
1.0
1.0
1.0
1.0
1.0
1.0
1.0
1.0
1.0
1.0
1.0
1.0
1.0
1.0
1.0
1.0
1.0
1.0
1.0
1.0
1.0
1.0
1.0
1.0
1.0
1.0
1.0
1.0
1.0
1.0
1.0
1.0
1.0
1.0
1.0
1.0
1.0
1.0
1.0
1.0
0.9999999
1.0
1.0
1.0
1.0
1.0
0.9999999
0.99999833
1.0
1.0
1.0
0.99999976
0.99999964
1.0
1.0
1.0
1.0
1.0
1.0
1.0
1.0
1.0
0.9997991
0.9999801
1.0
1.0
0.99998796
1.0
0.9999999
1.0
0.77823603
1.0
1.0
1.0
1.0
1.0
1.0
1.0
1.0
1.0
1.0
1.0
0.9999999
1.0
0.9999999
1.0
1.0
1.0
1.0
1.0
1.0
1.0
1.0
1.0
1.0
1.0
1.0
1.0
1.0
1.0
1.0
1.0
1.0
1.0
1.0
1.0
1.0
1.0
1.0
1.0
1.0
1.0
1.0
1.0
1.0
1.0
1.0
1.0
1.0
1.0
1.0
1.0
1.0
1.0
1.0
1.0
1.0
0.9999927
1.0
1.0
1.0
1.0
1.0
1.0
1.0
1.0
1.0
1.0
1.0
1.0
1.0
1.0
1.0
1.0
1.0
1.0
1.0
1.0
1.0
1.0
0.99999976
1.0
1.0
1.0
1.0
1.0
1.0
1.0
1.0
1.0
1.0
1.0
1.0
1.0
1.0
1.0
1.0
1.0
1.0
1.0
1.0
1.0
1.0
1.0
1.0
1.0
1.0
1.0
1.0
1.0
1.0
1.0
1.0
1.0
1.0
1.0
1.0
1.0
1.0
1.0
1.0
1.0
1.0
1.0
1.0
1.0
0.9999999
1.0
1.0
1.0
1.0
1.0
1.0
1.0
1.0
1.0
1.0
1.0
1.0
1.0
1.0
1.0
1.0
1.0
1.0
1.0
1.0
1.0
1.0
1.0
1.0
1.0
1.0
1.0
1.0
1.0
1.0
1.0
1.0
1.0
1.0
1.0
1.0
1.0
1.0
1.0
1.0
1.0
1.0
1.0
1.0
1.0
1.0
1.0
1.0
1.0
1.0
1.0
1.0
1.0
1.0
1.0
1.0
1.0
1.0
1.0
1.0
1.0
1.0
1.0
1.0
1.0
1.0
1.0
1.0
1.0
1.0
1.0
1.0
1.0
1.0
1.0
1.0
1.0
1.0
1.0
1.0
1.0
1.0
1.0
1.0
0.99999976
1.0
1.0
1.0
1.0
1.0
1.0
1.0
1.0
1.0
1.0
1.0
1.0
1.0
1.0
1.0
1.0
1.0
1.0
1.0
1.0
1.0
1.0
1.0
1.0
1.0
1.0
1.0
1.0
1.0
1.0
1.0
1.0
1.0
1.0
1.0
1.0
1.0
1.0
1.0
1.0
1.0
1.0
1.0
1.0
1.0
1.0
1.0
1.0
1.0
1.0
1.0
1.0
1.0
1.0
1.0
1.0
1.0
1.0
1.0
1.0
1.0
1.0
1.0
1.0
1.0
1.0
1.0
1.0
1.0
1.0
1.0
1.0
1.0
1.0
1.0
1.0
1.0
1.0
1.0
1.0
0.99999964
1.0
1.0
1.0
1.0
1.0
1.0
1.0
1.0
1.0
1.0
1.0
1.0
1.0
1.0
1.0
1.0
1.0
1.0
1.0
1.0
1.0
1.0
1.0
1.0
1.0
1.0
1.0
1.0
1.0
1.0
1.0
1.0
1.0
1.0
1.0
1.0
1.0
1.0
1.0
1.0
1.0
1.0
1.0
1.0
1.0
1.0
1.0
1.0
1.0
1.0
1.0
1.0
1.0
1.0
1.0
1.0
1.0
1.0
1.0
1.0
1.0
1.0
0.9999994
1.0
1.0
1.0
1.0
0.99999833
1.0
1.0
1.0
1.0
1.0
1.0
1.0
1.0
1.0
1.0
1.0
1.0
1.0
1.0
1.0
1.0
1.0
1.0
0.9999999
1.0
1.0
1.0
1.0
1.0
1.0
1.0
1.0
1.0
1.0
1.0
1.0
1.0
1.0
1.0
1.0
1.0
1.0
1.0
1.0
1.0
1.0
1.0
1.0
1.0
1.0
1.0
1.0
1.0
1.0
1.0
1.0
1.0
1.0
1.0
1.0
1.0
1.0
1.0
1.0
1.0
1.0
1.0
1.0
1.0
0.99999964
1.0
1.0
1.0
1.0
1.0
1.0
1.0
1.0
1.0
1.0
0.99999976
1.0
1.0
1.0
1.0
1.0
1.0
1.0
1.0
1.0
1.0
0.9999987
1.0
1.0
1.0
1.0
1.0
0.99999845
1.0
1.0
1.0
1.0
1.0
0.9999999
1.0
1.0
1.0
1.0
1.0
1.0
1.0
1.0
0.9999999
1.0
1.0
0.99999964
1.0
1.0
1.0
1.0
1.0
1.0
1.0
1.0
1.0
1.0
0.9995802
0.99999964
1.0
0.99994373
1.0
0.9999995
0.99979645
0.9999881
0.9999987
1.0
0.7624915
1.0
1.0
1.0
1.0
0.88462967
0.99985945
1.0
1.0
0.9999994
1.0
1.0
1.0
1.0
1.0
1.0
1.0
0.99997807
1.0
1.0
0.9999999
1.0
1.0
1.0
1.0
0.99999285
0.9999914
1.0
1.0
1.0
0.9999999
1.0
0.9999999
1.0
1.0
1.0
1.0
1.0
0.9999962
1.0
1.0
1.0
1.0
1.0
1.0
1.0
1.0
1.0
1.0
1.0
0.99999976
1.0
0.9999721
1.0
1.0
1.0
1.0
1.0
1.0
1.0
1.0
1.0
1.0
1.0
1.0
1.0
1.0
1.0
1.0
1.0
1.0
1.0
1.0
1.0
1.0
1.0
1.0
1.0
1.0
1.0
1.0
1.0
1.0
1.0
1.0
1.0
1.0
1.0
1.0
1.0
1.0
1.0
1.0
1.0
1.0
1.0
1.0
1.0
1.0
1.0
1.0
1.0
1.0
1.0
0.9999999
1.0
1.0
1.0
1.0
1.0
1.0
1.0
1.0
1.0
1.0
1.0
1.0
1.0
1.0
1.0
1.0
1.0
1.0
1.0
1.0
1.0
1.0
1.0
1.0
1.0
1.0
1.0
1.0
1.0
1.0
1.0
1.0
1.0
1.0
0.99898964
1.0
1.0
1.0
1.0
1.0
1.0
1.0
1.0
1.0
1.0
1.0
0.9999999
1.0
1.0
1.0
1.0
1.0
1.0
1.0
1.0
1.0
1.0
1.0
1.0
1.0
1.0
1.0
1.0
1.0
1.0
1.0
1.0
1.0
1.0
1.0
1.0
1.0
1.0
1.0
1.0
1.0
1.0
1.0
1.0
1.0
1.0
1.0
1.0
1.0
1.0
1.0
1.0
1.0
1.0
1.0
0.9999999
1.0
1.0
1.0
1.0
1.0
1.0
1.0
0.9999999
1.0
1.0
0.99999976
1.0
1.0
1.0
1.0
1.0
1.0
1.0
1.0
1.0
1.0
1.0
1.0
1.0
1.0
1.0
1.0
1.0
1.0
1.0
1.0
1.0
1.0
1.0
1.0
1.0
1.0
0.99999905
0.999997
1.0
1.0
1.0
1.0
1.0
1.0
1.0
1.0
1.0
1.0
1.0
1.0
1.0
1.0
1.0
1.0
1.0
1.0
1.0
1.0
1.0
1.0
1.0
1.0
1.0
1.0
0.9999807
1.0
1.0
1.0
1.0
1.0
1.0
1.0
1.0
1.0
1.0
1.0
1.0
1.0
1.0
1.0
1.0
1.0
1.0
1.0
1.0
1.0
1.0
1.0
1.0
1.0
1.0
1.0
1.0
1.0
1.0
1.0
1.0
1.0
1.0
1.0
0.9999999
1.0
1.0
1.0
1.0
1.0
1.0
1.0
1.0
1.0
1.0
1.0
1.0
1.0
1.0
1.0
1.0
1.0
1.0
1.0
1.0
1.0
1.0
1.0
1.0
1.0
0.9999647
1.0
1.0
1.0
0.99999976
1.0
1.0
1.0
1.0
1.0
1.0
1.0
1.0
1.0
1.0
1.0
1.0
1.0
1.0
1.0
1.0
1.0
1.0
1.0
1.0
1.0
1.0
1.0
1.0
1.0
0.9999999
1.0
1.0
0.9999999
1.0
1.0
1.0
1.0
1.0
1.0
0.9999405
1.0
1.0
1.0
1.0
1.0
1.0
1.0
1.0
1.0
0.99999964
1.0
1.0
1.0
1.0
1.0
1.0
1.0
1.0
1.0
1.0
1.0
1.0
1.0
1.0
1.0
1.0
1.0
1.0
0.9999999
1.0
1.0
1.0
1.0
1.0
1.0
1.0
1.0
1.0
0.9997695
0.99999344
0.99999976
1.0
0.99996233
0.99999917
1.0
1.0
1.0
1.0
1.0
1.0
1.0
1.0
1.0
1.0
1.0
1.0
1.0
1.0
1.0
1.0
1.0
1.0
1.0
0.9994241
1.0
1.0
1.0
1.0
1.0
1.0
1.0
1.0
1.0
0.9999999
1.0
1.0
1.0
1.0
1.0
1.0
0.99999344
1.0
1.0
1.0
1.0
1.0
1.0
1.0
1.0
1.0
1.0
1.0
1.0
1.0
1.0
1.0
1.0
1.0
1.0
1.0
1.0
1.0
1.0
1.0
1.0
1.0
1.0
1.0
0.9999995
0.99999976
1.0
1.0
1.0
1.0
0.9999876
1.0
1.0
0.99999833
1.0
1.0
1.0
1.0
0.99947006
1.0
1.0
0.9999999
1.0
1.0
1.0
0.9999999
1.0
1.0
1.0
1.0
0.99999857
1.0
1.0
1.0
1.0
0.9999999
1.0
1.0
1.0
1.0
0.9999999
1.0
1.0
0.95003515
1.0
1.0
1.0
0.99999034
1.0
1.0
1.0
0.99996567
0.99999845
0.9991738
1.0
1.0
1.0
1.0
1.0
1.0
1.0
1.0
1.0
1.0
1.0
1.0
1.0
1.0
1.0
0.9999999
1.0
1.0
1.0
1.0
1.0
0.9999999
1.0
1.0
1.0
1.0
1.0
1.0
1.0
1.0
0.9999993
1.0
1.0
1.0
1.0
1.0
1.0
1.0
1.0
1.0
1.0
1.0
1.0
1.0
1.0
1.0
0.98892856
1.0
1.0
1.0
1.0
1.0
1.0
0.99999905
1.0
0.9999944
1.0
1.0
0.99999976
1.0
1.0
1.0
1.0
1.0
1.0
1.0
0.9999969
0.9999999
1.0
0.9999999
1.0
0.99992263
0.9999995
1.0
1.0
1.0
0.99999857
0.99999976
1.0
0.99754274
1.0
0.99998164
1.0
1.0
0.99988043
1.0
0.9945839
0.99999976
1.0
1.0
1.0
0.9999999
1.0
0.9817924
1.0
0.9992223
0.9999484
0.9657885
0.9999995
1.0
0.9999918
0.7220563
0.9998926
1.0
0.9999769
1.0
1.0
1.0
0.9999999
1.0
1.0
0.99999905
0.99964154
1.0
1.0
1.0
0.9999999
0.99999857
1.0
1.0
0.9999254
1.0
1.0
0.99935776
0.99999964
0.99999905
1.0
1.0
0.9996908
1.0
1.0
0.9999982
1.0
1.0
1.0
1.0
0.9999988
0.9999987
0.69242793
1.0
1.0
1.0
0.9999995
1.0
1.0
0.99999964
0.9999765
1.0
1.0
1.0
1.0
0.98514557
0.99996173
0.99999964
1.0
1.0
1.0
0.961251
0.9999993
0.9997352
1.0
1.0
1.0
1.0
1.0
1.0
1.0
1.0
1.0
1.0
1.0
1.0
0.99999976
0.99966824
1.0
0.999933
1.0
1.0
1.0
1.0
1.0
1.0
0.9999999
1.0
1.0
0.9999956
1.0
1.0
0.999998
0.9999999
0.99999917
1.0
0.99933404
1.0
0.99999285
0.9999976
1.0
1.0
1.0
0.99999917
0.9999976
1.0
1.0
1.0
1.0
1.0
1.0
1.0
0.9999887
0.9999995
0.99964106
0.99997115
1.0
0.9999931
0.9999914
1.0
1.0
0.9999999
1.0
1.0
1.0
0.99999154
1.0
1.0
1.0
1.0
1.0
0.97372854
1.0
0.97911125
1.0
1.0
1.0
0.9999999
1.0
1.0
0.9999995
1.0
0.99951196
1.0
0.99999964
0.99999714
1.0
1.0
1.0
1.0
1.0
1.0
1.0
1.0
1.0
0.87304467
0.99997425
1.0
0.99999964
1.0
1.0
1.0
0.9999999
0.99999845
1.0
1.0
1.0
1.0
1.0
1.0
1.0
0.99999917
1.0
1.0
0.9966
1.0
1.0
1.0
1.0
0.99999976
1.0
1.0
1.0
1.0
1.0
1.0
1.0
1.0
1.0
1.0
1.0
0.99954176
0.99999976
1.0
0.9999919
1.0
1.0
1.0
1.0
1.0
1.0
1.0
0.87486017
0.9998454
1.0
1.0
1.0
1.0
1.0
1.0
0.9995968
1.0
1.0
0.98646927
1.0
1.0
1.0
1.0
0.99997866
0.9999958
1.0
0.99999475
1.0
1.0
1.0
1.0
1.0
1.0
1.0
1.0
0.99999833
1.0
1.0
1.0
1.0
1.0
1.0
0.9998568
1.0
1.0
1.0
1.0
0.99861217
0.9999999
1.0
1.0
0.99986374
0.9999999
1.0
0.9999995
1.0
0.999263
1.0
0.99999845
0.9999933
1.0
0.99997866
1.0
1.0
1.0
1.0
1.0
1.0
1.0
1.0
1.0
0.9999993
0.9990959
0.99944323
0.9998586
1.0
1.0
1.0
1.0
1.0
1.0
0.99999976
1.0
1.0
0.99999964
1.0
1.0
1.0
1.0
1.0
0.9964838
1.0
1.0
1.0
1.0
1.0
1.0
1.0
1.0
1.0
1.0
1.0
1.0
0.99999976
1.0
1.0
1.0
1.0
0.9999999
0.99999917
1.0
1.0
1.0
1.0
0.9999999
1.0
1.0
1.0
1.0
1.0
1.0
1.0
1.0
0.99999976
1.0
1.0
1.0
1.0
1.0
1.0
1.0
1.0
1.0
1.0
1.0
1.0
1.0
1.0
0.9999933
1.0
1.0
1.0
1.0
0.9999999
0.9999995
1.0
0.9999999
1.0
0.99999475
0.99999905
0.9810035
1.0
1.0
1.0
1.0
1.0
1.0
1.0
1.0
1.0
1.0
0.99999964
1.0
1.0
1.0
1.0
1.0
1.0
