1.0
0.99999976
1.0
0.9998988
0.9999975
0.9999995
0.99988127
0.99999976
0.99771774
0.999987
0.99998
0.9999752
0.9991647
0.99999845
1.0
0.9999981
0.9950033
1.0
0.98457265
1.0
0.99999297
0.99998355
0.9999987
1.0
0.9999864
0.9999918
1.0
0.99999976
0.9997732
0.99999976
1.0
0.99996495
0.9999987
0.99993026
0.9999901
1.0
0.99999714
0.9999987
0.99983287
0.9999999
1.0
0.99997187
0.9997718
0.9999807
0.99951506
0.9999937
0.9993986
1.0
0.99769104
1.0
0.9999933
1.0
0.9999999
0.9999968
0.9999994
0.99998796
1.0
1.0
0.9998499
0.999985
1.0
1.0
0.8335722
0.99995935
1.0
0.9997948
0.99994814
0.9999511
1.0
0.99999523
1.0
1.0
1.0
0.9994611
0.999998
1.0
0.9999999
0.9999994
0.99972147
0.999995
0.9999988
0.99999917
1.0
1.0
0.9999976
0.99999976
0.99999833
0.99999285
1.0
0.9999988
1.0
0.9999995
0.76402307
0.9999399
0.9999999
0.9926824
0.99833566
0.99992406
0.99999964
0.9999995
0.9999999
0.9999999
0.9999999
1.0
0.99985206
0.9999707
0.99999976
0.99999785
0.9999962
1.0
0.9999999
0.99991596
0.9999993
0.99999976
1.0
0.941209
0.99987257
0.9999999
0.99837494
0.9946321
0.999987
0.9970962
0.9999995
1.0
0.99997747
0.99737406
0.99979633
1.0
0.9999999
1.0
0.99999976
0.9999999
0.99997425
0.99999535
1.0
1.0
0.99998426
1.0
1.0
0.9963174
0.99999976
1.0
0.9999988
1.0
0.9999999
1.0
1.0
1.0
0.9999968
0.97339624
0.9999335
0.9112779
1.0
0.9999999
1.0
1.0
1.0
0.99999964
0.99965966
0.99999857
0.9986595
0.9999995
1.0
0.9999999
0.99999905
0.9999999
1.0
0.9996681
1.0
1.0
0.9999993
0.99823844
0.99999475
0.99998283
1.0
0.99959284
1.0
0.99999154
1.0
0.9999999
0.9999999
0.9999993
0.9999956
1.0
0.9766277
0.9971035
0.9999999
0.99999785
1.0
0.99999845
0.9997923
0.9998142
0.9999956
0.996516
0.9999294
0.9980293
1.0
0.9999999
0.9981797
0.99515283
1.0
1.0
0.99999976
0.9999999
1.0
1.0
0.9991811
0.9999825
0.9999999
0.9920471
1.0
0.9944766
0.99999976
0.9999999
0.99716884
0.9999839
1.0
0.9991721
1.0
0.9999999
0.9999999
0.99490356
0.9999999
1.0
0.99999976
0.9999981
0.99918157
0.9999982
1.0
0.9999999
0.9999976
1.0
0.99997866
0.9999995
0.99999774
0.99962807
1.0
1.0
0.9999999
1.0
0.9999933
0.9909209
0.99995434
0.9999739
0.9999845
0.9998964
0.99999976
0.9770652
0.99995255
0.9999988
0.9973207
0.99999714
0.9999999
1.0
1.0
0.99990296
0.999987
0.99998415
0.99999917
0.69149137
1.0
1.0
1.0
0.99999964
0.99892443
1.0
0.97507215
1.0
0.9979388
0.9999975
0.99999845
0.99999714
0.99999976
0.99993825
0.9999918
0.9999014
1.0
0.99999917
1.0
1.0
0.9999796
0.99999416
0.96150905
1.0
0.9999757
1.0
0.9990589
0.9999963
0.9999994
0.99998605
0.9804448
0.99996555
0.9959479
1.0
0.9999746
0.9999993
1.0
0.999871
0.9999498
1.0
0.999998
0.9999918
1.0
0.99999785
0.9999999
0.99999666
0.99999976
1.0
0.9999027
1.0
0.9999999
0.99999845
0.99999917
0.9999938
1.0
0.9999987
0.99998915
0.9999933
0.99956447
1.0
0.9323565
0.8249646
0.99999464
1.0
0.997985
0.9981408
0.99933857
0.99999976
0.99927455
1.0
1.0
1.0
1.0
0.9999999
1.0
1.0
0.9659059
0.99998355
0.9999751
0.9999591
0.8204646
0.9999995
1.0
1.0
0.9999589
1.0
0.9999957
0.99998355
1.0
0.9999974
0.99997973
1.0
0.9999987
0.99996805
1.0
0.99999297
1.0
0.9999987
0.997717
0.70359635
0.99999964
1.0
0.999331
0.9999993
1.0
0.99999607
0.98273414
1.0
0.99843365
1.0
1.0
1.0
0.99997866
0.99999976
0.9999958
1.0
0.9999703
0.9999999
1.0
0.9999989
0.99996305
0.96595466
1.0
1.0
1.0
1.0
0.99964786
0.9999999
0.99999976
0.9973832
0.9999745
0.9939328
0.99999976
0.9999999
0.99911886
0.9999757
1.0
0.99960953
0.9999993
0.9999994
0.99997985
0.9999993
0.9999981
0.99934036
0.9973091
0.9999956
0.9999734
0.9999995
0.99999785
0.9999988
1.0
0.99969554
0.99133205
1.0
0.9993358
0.99998593
1.0
0.953918
1.0
1.0
0.999801
0.9999999
0.9999075
1.0
0.99999344
0.9999995
1.0
1.0
1.0
1.0
1.0
0.9998696
0.9998497
0.9999981
0.9999999
0.99935454
1.0
0.99999976
0.99999964
0.9999864
0.9999999
0.9996929
0.99999845
0.99999607
0.9938445
0.8844305
0.9999678
0.7813574
0.997957
0.7264683
0.9956274
1.0
0.999966
1.0
0.99835473
1.0
0.9980246
0.99704224
1.0
0.9999944
0.99948174
0.9999999
0.99998534
1.0
0.9999385
0.99997485
0.9999999
0.9999567
0.9999398
0.99977285
0.9999994
0.999912
1.0
1.0
0.99999976
0.9999999
1.0
1.0
0.99995327
0.9975389
1.0
0.9999999
1.0
1.0
0.9999999
0.9999993
0.9999999
0.9999192
0.99991155
1.0
0.99996793
0.9999913
0.9999919
1.0
1.0
0.97302973
0.99999917
0.99740195
0.99974304
0.9999974
1.0
0.99999416
0.99996686
1.0
0.99999905
1.0
1.0
0.9998487
0.9994667
0.9999995
1.0
0.99983907
1.0
1.0
0.9999999
0.9999783
1.0
1.0
0.99999976
0.9999448
0.9999752
0.9999939
0.9999993
0.9999864
0.9999999
0.9999912
0.99999917
0.999992
0.9999386
1.0
0.99764484
0.9999956
0.9995573
1.0
0.99998224
1.0
0.9999995
1.0
0.9999989
1.0
0.9999924
0.99999964
0.9989305
0.9474969
0.99999964
0.9999844
0.9999999
0.9999502
0.9999937
1.0
0.99999213
0.9995939
0.9940639
0.99998987
0.9999999
0.9999994
0.9999999
0.9999287
0.9999851
0.9999927
0.99999845
0.9999436
0.99999774
0.9999901
0.9999995
0.9999999
0.9999999
0.9999995
0.99996126
0.99999607
0.9999999
0.98870623
0.9999937
0.9999995
1.0
0.99999905
0.9999999
1.0
1.0
1.0
0.9999528
0.99999034
0.92629224
0.77550477
0.99999726
1.0
0.99999976
0.9999957
0.9999988
1.0
1.0
0.945119
0.9999982
0.9998165
0.9999949
0.99999857
0.99999917
0.9999615
0.99998415
0.999949
0.9999999
0.9999882
1.0
0.9998623
1.0
0.99999976
1.0
0.9999999
0.9999963
1.0
0.99998903
0.99999523
1.0
0.9997757
1.0
0.9999882
0.99999106
0.9999999
0.99989665
0.9650936
0.9999099
1.0
0.9999949
0.9999999
0.9996056
0.9975821
1.0
0.9998909
0.99999917
0.99991393
0.99988043
0.99998856
1.0
1.0
0.99999535
0.9998535
1.0
0.9999913
1.0
0.9998022
0.9999571
0.9999037
0.9998987
1.0
0.99999964
0.994994
0.99756193
0.9999999
1.0
1.0
0.999992
1.0
1.0
1.0
1.0
0.99975044
1.0
1.0
0.9992798
0.41357338
1.0
0.999944
1.0
1.0
1.0
1.0
0.99999547
0.9999579
1.0
0.99999976
0.9999963
0.9995221
1.0
0.9999443
0.8558125
1.0
0.9999769
0.999998
0.9998123
0.99999726
1.0
0.99999547
1.0
0.9999999
0.52389896
0.9997559
1.0
1.0
0.9999443
0.9923441
0.9999989
0.9827759
0.99999976
0.9999821
0.9999982
0.99999964
0.99999726
0.9999981
0.9991172
0.9999889
0.99992085
0.99999857
0.99999917
1.0
0.9999994
1.0
0.99999917
0.9997805
0.9999883
0.99999845
0.99999964
0.9999975
0.9999293
1.0
0.9999877
0.9999428
0.95685315
0.9788721
0.9999995
0.9999987
0.9969695
0.99999964
1.0
0.99273187
1.0
1.0
0.9984975
0.99999976
0.99973387
0.9999846
0.999997
1.0
1.0
0.99999714
0.99999976
1.0
0.9996315
0.99981993
0.9661609
0.9999161
0.92100334
0.9999622
1.0
0.9999908
1.0
0.99999917
0.9999927
1.0
0.9997844
1.0
0.9999981
0.9999999
1.0
1.0
1.0
0.9999999
0.99999917
0.9999918
0.99991524
0.99997246
0.9906343
0.9879703
0.999798
0.9999995
0.999998
0.99995506
0.9999994
0.9999999
1.0
0.9999492
1.0
0.99999976
0.9999995
0.9999957
0.999956
1.0
0.99999964
1.0
0.9999999
1.0
0.99987996
0.99578214
0.9999993
0.9999999
0.99999857
0.9999802
0.9936838
0.9999999
0.9999989
0.99438274
0.9999424
0.999948
1.0
0.9999999
0.9999963
0.9999994
1.0
0.9999323
0.9999987
1.0
0.9989517
0.9999999
1.0
1.0
0.9996917
1.0
1.0
0.9999957
1.0
1.0
0.99992216
1.0
1.0
0.8857168
0.9999981
1.0
0.99992657
0.99998856
0.9999982
1.0
0.9999999
0.99999976
1.0
0.9998092
1.0
1.0
1.0
0.9999671
0.9999993
0.9989215
1.0
0.9999975
1.0
0.99973935
0.99998856
1.0
1.0
0.9999784
1.0
0.9991223
0.99999475
0.9999999
0.99999976
1.0
0.8765687
0.9999809
0.9951769
1.0
1.0
1.0
1.0
0.9999851
1.0
0.9999994
0.9999801
1.0
0.9999988
0.99996626
0.9999999
0.99999833
1.0
0.99999976
0.99999285
1.0
1.0
1.0
0.9939003
0.9999994
0.9999994
1.0
0.99766785
1.0
0.99996126
0.99999726
0.99988806
0.99999774
0.99999905
0.9989297
0.9998994
0.9999995
0.9999926
0.85815805
0.3569312
0.9843344
0.9999969
0.99992347
0.9999999
1.0
0.99999154
1.0
0.9999938
0.99999976
1.0
0.9999318
0.9999999
0.9982942
0.9999193
1.0
0.9997639
0.99993026
0.99965763
0.9999945
0.9964587
0.99972826
0.9999732
1.0
0.99924636
0.9999999
1.0
0.99999964
0.99999905
1.0
1.0
0.9996352
1.0
0.9999685
0.9999403
1.0
0.9999974
0.99999964
1.0
1.0
0.99977297
1.0
0.93755025
0.99999857
0.99996936
1.0
0.9990934
1.0
0.9999982
0.9999993
0.99993
1.0
0.9999999
0.99999833
0.9735092
1.0
0.5598321
0.9625108
0.99767846
1.0
0.9999956
0.999992
0.9999913
1.0
0.99999523
0.65459746
1.0
0.99999356
0.9997602
0.9999807
0.9999808
0.9999993
0.9999999
0.9997985
0.8966799
0.99999285
0.97210723
0.999992
0.9999938
0.9999999
0.99735886
0.9999999
0.9999995
0.61672086
0.9998852
1.0
0.99999976
0.98032916
0.99999785
0.9999988
1.0
1.0
1.0
0.999998
0.99999785
0.9999999
0.9999999
0.9999989
1.0
0.9999361
0.99998415
0.9999999
0.9999999
0.9999988
0.9999857
1.0
0.9999995
0.9999999
1.0
0.99999976
0.9994512
0.99997413
0.9998349
0.9999993
1.0
1.0
0.99999654
0.997532
0.9999901
0.9997533
0.9998989
0.9999988
0.9999726
0.9999999
0.9999964
0.9999994
0.9999989
1.0
0.9999405
1.0
0.99997234
0.9999987
0.9998116
0.9999827
0.9999993
0.9999924
0.99999917
0.9999989
1.0
0.9999945
0.9989102
0.9999999
0.9999354
1.0
0.9982907
1.0
0.9999995
1.0
0.9999999
0.99999964
0.999764
0.98383784
0.9999927
0.9999999
0.9999989
1.0
1.0
0.36134186
1.0
1.0
0.9999852
0.9999571
0.9979194
0.87549865
0.9999999
0.9999995
0.9999708
1.0
0.9999845
0.9978307
0.9999951
0.9999999
0.9999994
0.99999595
0.9999722
0.99996436
0.9999331
0.99937445
0.9999999
0.99991834
0.95363355
0.9999893
0.9999999
0.9999995
0.99999726
0.99999976
0.9999802
0.9999989
1.0
1.0
0.99996495
0.99999475
1.0
1.0
0.99999774
0.99997675
0.99999404
0.9999975
0.9999975
0.9973042
0.9999814
1.0
1.0
0.99999976
0.9997265
1.0
0.999858
0.9998976
0.99688137
0.9999987
0.9999999
0.99999964
0.99997926
0.9999999
0.9999999
1.0
0.99998176
0.9999995
0.9999999
0.9975299
0.9999999
0.9999969
1.0
0.9999982
1.0
0.988552
0.99997675
1.0
1.0
0.99999297
0.6407195
1.0
0.9197079
1.0
0.9999999
0.9999969
0.999539
0.9999558
1.0
0.99690515
0.9999511
0.9999988
0.9999993
0.99999166
1.0
0.99999964
0.9990086
0.9999999
0.9995167
0.9999993
1.0
0.99998903
0.99999976
1.0
0.99999905
1.0
0.995693
1.0
1.0
0.9999987
0.99994946
0.9999739
1.0
0.99999106
0.9999945
0.99963546
0.99996233
0.99999404
0.9999205
0.99999964
0.99999034
0.99964666
0.9998215
0.99999976
0.99964285
0.99997926
1.0
0.9999994
0.9999999
0.99997544
1.0
1.0
0.99999607
0.9999908
0.9979923
1.0
1.0
0.99979204
1.0
0.99999976
0.9999993
0.99986446
1.0
1.0
0.99994755
1.0
0.9997905
1.0
0.9999995
0.989714
0.631877
0.9998765
0.9999602
0.9999852
1.0
0.9986928
0.9999964
1.0
1.0
0.9997186
0.9093127
1.0
0.99999034
0.9999244
0.99999785
0.99999285
0.9999716
0.9999846
0.9999888
0.9999999
0.99181056
1.0
0.99896944
1.0
0.9994442
1.0
0.99998045
0.9991098
1.0
0.9999951
0.9999286
1.0
0.99999905
0.99999607
0.9999945
0.99977547
1.0
0.9993142
0.9999999
0.9999968
1.0
0.9999882
0.9999752
1.0
0.986597
1.0
0.99699235
0.9999883
0.9999895
0.99996734
0.7333215
0.999997
0.9998118
0.9999993
1.0
0.9999962
1.0
0.9998355
0.99999964
0.99991727
0.7846711
0.99998224
0.9999963
1.0
0.9999753
0.48822644
0.9841929
1.0
0.9999956
0.9999876
0.99988854
0.99999654
1.0
0.99999595
0.9931219
1.0
0.9999999
0.9992157
0.56788224
0.9999988
0.99999976
0.9996113
0.9994474
1.0
0.99999213
0.9999999
1.0
1.0
0.9994568
0.99999976
0.9996234
0.99433714
0.99851614
0.9999982
0.9999994
0.99997294
1.0
0.9496857
1.0
0.9765707
0.98975396
0.99999607
1.0
1.0
0.9999428
0.99993646
0.99994874
0.99769187
0.99936205
1.0
0.999589
1.0
0.9999989
0.9999999
0.9998925
0.99999964
0.99999857
0.60649747
0.9999993
0.9997627
0.9999896
0.99999833
0.99999976
1.0
0.9999995
0.9999945
0.99991024
0.99999297
0.9999844
0.99982315
0.99993217
0.9999995
0.99999976
0.9999858
1.0
1.0
0.9999945
0.60791236
0.9999999
1.0
0.9999974
1.0
0.99999976
0.99999046
0.98391575
0.9999951
0.9991856
1.0
0.9990689
0.9978301
1.0
0.9999999
0.9999176
0.99999845
0.99999774
0.9890204
0.99999964
0.99688643
0.9999987
1.0
0.9999999
0.99986434
0.99979156
0.9999999
1.0
0.99999917
0.9999999
0.99997663
1.0
0.9999999
0.9999993
1.0
0.9999962
0.99999905
0.99927753
0.9999839
1.0
1.0
0.99999964
1.0
1.0
1.0
0.9222732
0.9999989
0.9999602
1.0
1.0
1.0
0.9999981
1.0
0.99997723
1.0
1.0
0.9999987
1.0
0.9995208
0.99761605
0.9999864
0.9999993
0.9999999
1.0
0.9999888
0.99999845
0.9854476
0.9999999
1.0
0.99999917
0.9999999
0.99999535
0.99986815
0.99999976
0.8182004
0.90686584
0.99986947
0.9999999
0.99990225
0.9998159
0.99999857
0.9999937
0.9999999
0.9987973
0.9999273
0.9997466
0.9999231
0.9999994
1.0
0.9999957
0.9999591
1.0
0.99363214
0.99999976
0.99987614
0.9589409
0.9019126
0.9999987
0.9997981
0.99991894
0.99999976
0.9999994
1.0
0.9999958
0.99605054
0.9999994
0.989622
1.0
0.99997675
0.99999464
0.9910946
0.99999976
0.9999945
1.0
0.9999219
0.99999964
0.9975914
0.9964567
0.99998367
0.93894154
0.9999218
0.9263908
0.99867517
0.9999999
0.99999976
0.99649435
0.99999523
0.9999995
0.99999523
0.99999976
1.0
0.9999999
1.0
1.0
0.9977162
0.9999511
0.99998426
0.9999988
1.0
0.99994576
0.98815244
1.0
1.0
0.99999833
0.9999982
0.99720556
0.9999752
0.99997675
0.9998828
0.9999975
0.99994516
1.0
1.0
0.9999994
1.0
1.0
0.9998061
0.99998486
0.9999989
0.9999995
1.0
1.0
0.999998
0.99934596
0.99999976
1.0
0.99999964
1.0
1.0
0.99999213
0.99999976
0.9999707
1.0
0.99956113
0.99999964
0.99951303
0.99999964
0.99999833
1.0
1.0
0.9994814
0.99571025
0.9999895
0.9999684
1.0
0.9999441
0.99996614
1.0
0.9999895
0.99198556
0.99978155
0.9999242
0.99998665
0.99999964
0.9999999
0.99857223
0.99999976
0.99982375
0.99999976
0.9998599
1.0
0.991952
1.0
0.89716196
0.9924258
0.99999917
0.9999999
0.9999974
0.4694194
1.0
1.0
0.9465395
0.9999411
0.99965155
0.99994254
0.9999677
0.99952674
0.9999999
0.9999665
1.0
0.9999999
1.0
1.0
1.0
0.9999547
1.0
0.99999547
0.9999987
0.998804
0.99999225
0.97101766
1.0
0.9963561
0.9999994
0.6856864
0.9047511
1.0
0.99999976
0.99997234
0.991093
0.987807
1.0
0.9999951
0.99779785
0.9999995
1.0
0.99999976
0.99999833
1.0
0.9999964
0.9926239
0.99777585
0.9999943
1.0
0.9999975
1.0
1.0
0.99999654
0.9999999
1.0
0.9997036
1.0
0.9999671
1.0
0.9997421
0.99990535
1.0
1.0
0.9987318
1.0
0.9999989
0.9998109
1.0
0.99998355
0.99999917
0.9988709
0.99991965
0.9999999
0.99664235
1.0
0.99999905
0.94181204
0.9999999
0.9999999
0.99999976
0.9999964
1.0
1.0
0.9993938
1.0
0.9994734
1.0
0.8572036
0.9999999
0.99997425
0.99925476
1.0
0.9999821
0.999974
0.99999905
0.9999994
0.99997437
0.6751045
0.99999785
1.0
0.9999999
0.9999993
0.99752957
0.9999889
0.99999726
1.0
1.0
0.99986696
0.99999964
1.0
0.9954502
1.0
0.9999999
0.99931276
0.99997103
1.0
0.99938416
0.9861334
1.0
1.0
0.99999833
0.99999654
1.0
0.9999999
0.9997857
0.998988
0.9999938
0.9999999
0.99999964
0.9999989
0.99567753
0.99995327
1.0
1.0
0.99999964
0.9999988
0.99993694
1.0
0.9999999
0.9999993
1.0
0.9999989
0.99999857
0.9998801
0.9999999
0.9999981
0.999946
0.9998728
1.0
0.99631375
0.99999976
0.9999999
0.9866012
1.0
0.9036022
1.0
0.99999976
0.9195474
0.999713
1.0
1.0
0.9999994
0.80487883
0.9999807
0.9999919
0.99983275
0.9999975
0.99906474
1.0
1.0
0.9999956
0.99997723
0.999785
0.99903995
1.0
1.0
0.9999968
0.99933016
0.9996897
1.0
1.0
0.9999999
0.9998926
0.99998415
0.99999845
0.81096125
0.9999945
0.9998654
0.99998176
1.0
0.9999995
1.0
0.99995327
0.66839767
0.9993907
1.0
1.0
0.99912375
0.9969158
0.99999964
0.99999976
0.99977773
0.9999999
1.0
1.0
0.99999833
0.99891055
1.0
0.99947375
0.99999905
1.0
1.0
0.99999964
0.7540611
1.0
0.9998883
0.9999999
0.9999949
0.9999999
0.9996468
0.99999976
0.99999714
0.99999297
0.99999976
0.97885084
0.9999945
1.0
0.9999335
1.0
1.0
0.98297274
0.9999857
1.0
0.99990296
0.9998331
0.99991095
0.9999918
0.99999976
0.9998259
0.99999917
0.99998987
0.99999964
1.0
0.9999701
0.9999999
0.999985
1.0
0.99958307
0.99999774
0.9999993
0.998104
0.999997
0.9999994
1.0
0.9999944
1.0
1.0
0.9998267
0.9995578
0.99999976
1.0
0.9982046
1.0
0.9999964
0.9998987
0.9999864
0.56363666
1.0
0.99999976
0.9999944
0.99999833
1.0
0.99999964
0.9999999
0.99998724
1.0
0.99781764
0.9999808
0.9999536
0.99999917
1.0
1.0
0.9999778
0.9999995
0.9966955
0.98465663
1.0
0.99962854
0.99999905
0.9974566
0.9999981
0.9999974
0.9997229
1.0
0.9999912
0.99944574
1.0
0.9999943
0.9982614
0.9998729
0.9999993
0.9999962
0.9999862
0.99999905
0.9965777
0.99999857
1.0
0.9999372
0.9999999
0.9996575
0.99999905
1.0
0.9999949
0.9999995
0.9999274
0.9995789
1.0
0.99998677
0.9999913
0.9988726
0.99996364
1.0
0.9999994
0.97517395
1.0
0.9999393
0.9999932
0.9996184
0.9999945
0.999845
1.0
0.99983716
0.9999999
0.9999957
1.0
0.99999976
1.0
0.9999956
1.0
1.0
0.9999989
0.9983182
0.99999523
0.9999999
0.9969118
0.9999702
0.9999999
0.9355382
0.9999995
0.9999987
0.99999595
1.0
1.0
1.0
0.6996301
0.9999994
0.9992454
0.99998724
0.99999106
0.9987256
0.99999905
0.99999964
0.9999989
1.0
0.999967
0.9999993
1.0
1.0
1.0
0.99998903
0.99984777
0.9999995
0.99999917
1.0
0.99979717
0.9801748
0.99872845
0.8637432
0.9999999
0.7421046
0.99996555
1.0
0.9999609
0.9999956
0.9999999
0.9931519
0.9999869
0.9999951
1.0
0.9999988
1.0
0.99998176
0.99999976
0.9999999
0.99991024
1.0
0.9999993
1.0
1.0
1.0
0.9999732
1.0
0.9999931
0.99999654
1.0
0.99951303
1.0
0.9999988
0.9999999
0.99999964
1.0
1.0
1.0
0.999998
0.9995394
0.99998903
1.0
0.99696845
0.9999759
0.99995005
0.9997323
0.9999987
1.0
0.9998802
0.9999989
0.9989279
1.0
0.99999976
0.9993542
0.99999905
0.99993265
0.99947566
0.9954353
1.0
1.0
0.999134
1.0
0.9999999
1.0
0.99980634
0.9999933
0.9999571
1.0
1.0
0.9998597
0.9982253
0.99999845
0.9999982
0.9999981
0.99977547
1.0
1.0
0.9999697
0.9999999
0.9999261
0.9999945
1.0
0.99992824
0.99070483
1.0
0.9999181
1.0
0.9999999
0.99971443
0.999966
0.99869424
0.99983335
1.0
0.99968135
0.99998546
0.99996996
0.99996185
0.9999275
0.99999976
0.9993938
0.999696
0.9999845
0.9999989
0.9999999
1.0
0.999998
0.9999976
0.99998605
1.0
0.9999994
0.9996505
0.99999964
1.0
0.99999416
0.99999976
0.99998736
0.9999999
0.9952602
1.0
0.68047786
0.99999833
1.0
0.99999905
1.0
0.99989176
0.9952082
0.9985202
1.0
1.0
0.9999684
0.9999726
0.99999464
1.0
1.0
0.9998301
1.0
0.7919256
1.0
0.9999081
0.9999999
0.99999344
0.97345114
0.99999964
0.99999344
0.9917093
0.99912864
0.9999927
1.0
0.99996877
0.9999964
0.9997986
0.9999962
1.0
0.9997727
0.72133327
0.99998295
0.99996996
0.9999906
0.99999917
0.994668
1.0
0.99998236
0.9998777
1.0
0.99988496
0.9999993
0.9996948
0.99999595
0.9999082
0.99990773
1.0
0.8304092
0.9999081
1.0
0.99981123
0.9988834
0.99999905
1.0
0.99999917
1.0
0.9999995
1.0
0.9999988
1.0
1.0
0.9775415
0.99999976
1.0
0.9999808
0.9999982
0.9999968
0.99970216
1.0
1.0
0.87517625
0.9989079
0.9999703
0.99999774
0.99999905
0.96820116
0.99981254
1.0
0.9999943
1.0
0.9999999
1.0
0.99951553
0.999995
0.9696535
0.99999964
0.96809465
0.9999994
0.9999999
1.0
0.9992231
0.9999999
0.9999999
0.9969078
0.9999995
0.61520386
1.0
1.0
0.99999905
0.9999883
0.9999957
1.0
0.9999832
1.0
0.9999999
1.0
0.38935536
0.9898656
0.95876426
0.9999999
0.99999857
1.0
0.9904377
0.9999355
1.0
0.9998684
0.99999976
0.9999999
1.0
0.9999927
0.9999974
0.99999905
1.0
0.99999857
0.9997911
0.9985905
0.9999969
0.9999485
0.9999999
1.0
0.9999151
1.0
0.9999887
0.99998546
0.99999595
0.99972147
0.9999999
0.99998474
0.9978483
0.9992386
1.0
0.9999999
0.9999995
0.99872416
1.0
0.9961212
0.9986192
1.0
1.0
1.0
0.99999964
0.9998209
1.0
1.0
0.9999999
0.9999999
0.9999467
0.9999999
0.9998191
0.60042757
0.99998856
0.9999999
0.9818441
0.98527664
1.0
0.9909932
0.89858073
0.9999994
1.0
0.9999993
0.9999443
0.9999981
0.9995523
0.9999999
0.9999925
0.9940978
0.99999785
0.9999043
1.0
1.0
1.0
0.9999685
0.99997246
1.0
1.0
0.9998827
0.9999783
1.0
0.99999785
0.9957146
1.0
0.9999994
0.99932957
0.9999778
1.0
0.9999536
0.999997
1.0
0.99998295
0.9998869
0.9999956
0.9961791
0.99308866
0.9999963
0.9999989
1.0
1.0
1.0
1.0
0.9995012
0.99999356
0.9999478
0.99999905
1.0
0.9980149
0.9999999
0.9999999
1.0
1.0
0.9997788
0.9999999
0.9999541
1.0
1.0
0.99999917
0.9999999
1.0
0.9999902
0.9999994
0.9999999
0.9999987
0.99999857
0.99999905
1.0
0.9999944
0.9999893
0.9999609
1.0
0.99999964
1.0
0.9999839
0.9999939
0.99992573
0.8331982
0.99998856
0.99991965
0.9999999
1.0
0.9999995
0.9929611
0.9999994
0.9999999
0.9999999
0.99977237
0.9999999
1.0
0.9990839
0.75312734
1.0
0.9999982
1.0
0.9999989
1.0
0.9999646
1.0
0.99995136
0.9999988
1.0
0.99999714
0.9993918
0.88611424
0.9999999
1.0
0.99994457
0.99999976
0.9990374
0.999193
0.9999994
1.0
0.9999906
0.99999976
0.99999905
0.9999993
0.9999995
0.9999546
0.97182906
0.9999043
0.99999416
0.99999475
0.9999999
0.99999964
0.9992637
1.0
1.0
1.0
0.9999286
1.0
0.9999616
1.0
0.99999976
0.9999999
0.99999774
0.9999995
0.9993963
0.99988747
1.0
0.9036079
0.99999845
0.9999999
1.0
0.9999689
0.9999963
1.0
1.0
1.0
0.9999752
0.9999682
0.9999999
0.9999788
0.99995375
0.9940201
0.9999993
0.999956
1.0
1.0
1.0
1.0
1.0
0.9999542
1.0
1.0
1.0
0.99999857
1.0
1.0
0.99941635
0.9999999
1.0
0.99999917
0.99999964
0.99999905
0.9999999
1.0
0.9999989
0.99999833
1.0
0.6718988
0.9998042
0.9997576
1.0
1.0
0.99999917
0.99999666
0.99999976
0.99984825
0.99927276
1.0
0.8747004
0.99999976
0.99987376
1.0
0.99993086
0.9999989
0.9996172
0.9935156
0.9999099
0.9999999
1.0
0.9999999
0.9998702
0.99537283
0.99992096
0.9998623
0.99997604
0.99999464
0.9998253
1.0
0.99999833
1.0
0.999995
0.9999968
0.99996746
0.9999815
0.86192286
1.0
0.9998319
0.9999975
0.99992514
1.0
0.99999285
1.0
0.8729316
0.9999814
1.0
0.99984276
1.0
0.9996592
0.9997181
0.9999975
0.9994407
0.9999939
0.99999976
0.9947424
0.9960609
0.9999999
0.9999994
0.9998093
0.9999783
1.0
1.0
0.9926173
0.99999917
1.0
1.0
0.9978635
0.9999641
0.9999995
0.9999964
0.9998871
1.0
0.99996054
0.99999917
0.9999999
1.0
0.95125014
0.98787504
0.99982315
0.9999558
1.0
1.0
1.0
0.52588683
0.9987011
0.9999943
0.9981559
1.0
0.99993503
0.99984956
0.9999999
0.99334645
0.99999976
0.9996861
1.0
1.0
1.0
1.0
0.99999833
0.9999888
0.99999964
0.99964154
0.9999926
0.9999713
0.99999976
0.9999393
0.99986184
0.99999344
0.9999956
0.9999943
0.99953604
0.99999416
1.0
0.9999908
0.99999964
1.0
1.0
0.7868657
0.99999475
0.99999857
0.99999976
0.9999999
1.0
0.99983954
0.9999999
0.99877256
0.99998236
0.9999964
0.9999994
0.9999987
1.0
1.0
1.0
0.9999877
1.0
0.9999553
0.9999908
0.99995184
0.99999905
1.0
0.9999927
0.99967825
0.99999714
0.96103275
0.999998
0.9926972
0.9999999
0.9999994
1.0
1.0
0.99641705
0.99999356
0.9999889
0.9999999
0.99881786
0.99492896
0.99986994
0.9923085
1.0
0.99977475
0.9999999
0.99384224
0.999782
0.9773032
0.9999993
1.0
0.99999976
0.99998975
0.9999999
0.9999901
1.0
0.9999876
0.9999999
0.9998325
0.99999785
1.0
0.9999982
0.98259175
1.0
0.99999523
0.9998192
0.9999987
1.0
1.0
0.9999999
0.9992085
0.9999888
1.0
0.9997663
0.99968064
1.0
0.9999976
0.9999999
0.99999726
1.0
0.9999993
0.99999857
0.9999957
0.99917585
0.9968863
0.99883646
0.99999976
0.99849296
0.9999987
1.0
0.9999989
0.99981374
0.98741686
0.9999999
0.9999937
0.99999964
0.99334574
1.0
1.0
0.9997311
0.9999987
1.0
1.0
0.99963605
0.99999964
1.0
0.99999785
0.99993336
0.9999521
1.0
0.9999356
0.9993655
0.99951947
0.9999969
0.99999857
0.9999999
0.99998283
0.9998017
0.999995
1.0
0.99999976
0.9935662
1.0
0.9999987
0.9982894
0.9999976
0.99996555
1.0
0.9999999
1.0
1.0
0.9995876
0.99990857
0.99999833
0.999595
1.0
1.0
0.99991846
0.99999
0.9999964
1.0
0.9999958
0.9999975
0.9999975
0.99976724
0.97491825
1.0
0.9999908
1.0
0.9989973
0.9998586
0.99979013
0.99982315
1.0
0.99999964
0.9998628
0.99999595
1.0
1.0
0.9999049
1.0
0.99999976
0.7780525
0.9999976
0.9999906
0.99966145
0.99999404
0.9999949
0.99746144
0.9999999
0.99999905
1.0
0.99964106
0.9625088
0.99991465
1.0
0.99999964
1.0
0.9999995
0.99995685
1.0
0.99999917
0.98102725
1.0
0.9989888
0.9991798
0.9999856
0.9999205
0.99999917
1.0
0.9999999
0.99999976
0.9704149
1.0
0.9999831
1.0
1.0
0.99781275
0.99999845
0.99999905
0.9971432
0.9999999
1.0
0.99983037
1.0
1.0
0.99999285
0.99999976
0.99999976
0.9998273
0.99999166
0.99999976
0.9999974
0.9999962
0.99999976
0.99999785
1.0
0.9992495
0.9999982
0.9993018
1.0
0.99999976
0.9998945
0.9999993
1.0
1.0
1.0
0.99334455
0.9999962
0.99998116
1.0
0.99999
0.99989474
0.99999976
0.83120424
0.99998283
1.0
1.0
0.99962664
1.0
1.0
0.99999976
1.0
1.0
0.99957114
0.99999774
0.99998903
0.99999976
0.9998468
0.99698204
0.99677354
0.99999917
0.9999994
0.99996316
0.9998827
0.99999976
0.39795402
0.9999335
1.0
0.9999999
0.99999976
1.0
1.0
1.0
0.99997044
0.9996352
1.0
0.9999863
0.99918026
0.99996257
0.99995744
1.0
0.99769396
1.0
0.9965598
0.99908555
0.99999964
0.99999976
0.99998486
0.9999943
1.0
1.0
1.0
0.98868865
0.9951298
0.9037853
1.0
0.9999926
1.0
0.9999968
1.0
0.99990463
0.955026
1.0
0.8798758
0.9997873
0.9999113
0.99999595
0.999949
0.99999976
1.0
0.9999914
1.0
0.9999999
1.0
0.99998283
0.99999964
0.9964646
0.9999938
0.9999994
0.99999356
1.0
1.0
0.9999654
0.99999857
0.99999106
1.0
0.9968004
1.0
0.9999989
1.0
1.0
0.9999994
0.99999976
0.9970975
0.9998497
0.9993994
1.0
0.9952479
0.9999988
1.0
0.99996984
0.99169064
0.9999993
0.99999905
0.9997706
0.99998796
0.99611974
0.9998543
0.9997336
1.0
0.99999917
0.99983287
0.9993548
0.99999607
0.9999746
0.99997747
1.0
0.9999205
1.0
0.99581367
1.0
0.9999702
1.0
1.0
1.0
0.99999917
0.9997292
0.9999999
0.99981433
0.9999995
0.99991333
0.9999988
1.0
0.99930227
0.99971884
0.99999917
0.999948
0.99975044
1.0
1.0
0.9999993
0.999711
1.0
0.9782467
0.9999999
0.99999213
0.99107015
0.99999726
1.0
0.9999999
0.9999999
1.0
1.0
0.99999976
0.9999999
0.9997516
0.9999989
1.0
0.9995278
0.9997851
0.9999641
1.0
0.9999465
0.9999995
1.0
0.99999857
0.9999238
1.0
1.0
0.99999905
1.0
0.9999956
1.0
0.9999994
0.99983597
0.9999939
1.0
0.9902293
1.0
0.99514884
0.9999993
0.999985
0.99999905
0.9998827
0.99996734
0.9996847
1.0
1.0
0.99998736
0.9999927
0.9999374
0.9999999
0.99999857
0.9987
0.99999976
1.0
0.9999101
0.99997985
0.99945515
0.9987539
0.999992
1.0
0.9999629
0.9999951
0.99327093
1.0
0.99987686
0.9999865
0.999972
0.9992679
0.9270901
1.0
0.99991417
0.99641824
0.9999988
0.9999943
0.9999974
0.99999976
1.0
0.9999988
0.999905
0.96480423
0.97809577
0.99898416
0.9999138
0.9999969
0.9999995
0.9997613
0.999954
0.9994654
0.9999999
1.0
1.0
1.0
0.9999931
0.99916124
0.8682817
0.999977
1.0
0.9994106
1.0
0.99999964
0.9996599
0.99998665
0.9998729
0.99999523
1.0
0.99994636
0.9999999
0.9973248
1.0
0.9999995
1.0
0.9906307
0.999997
0.9983064
0.9997476
1.0
0.9999727
0.9969215
0.99984586
0.9999994
0.9559554
0.9999999
0.9999981
1.0
0.999997
1.0
1.0
0.9997234
1.0
0.99999726
1.0
0.99995804
0.99998975
0.9999999
0.9998809
0.999997
0.69100535
1.0
1.0
0.9999943
0.9999944
0.9995492
0.9999758
1.0
0.999998
0.9999958
0.98746663
0.9999987
0.9999999
0.99999833
1.0
1.0
1.0
0.96039295
0.99999976
1.0
1.0
0.9999987
0.9999994
0.9999999
0.99999964
0.99999964
0.98837835
0.99999833
0.97783023
0.9999999
0.99998605
0.9999765
1.0
1.0
0.999632
0.8785265
1.0
0.9999994
0.99994993
0.99985445
1.0
1.0
1.0
0.9999987
0.99999964
1.0
0.9999995
0.9999858
0.99999726
0.9999949
1.0
0.9999987
0.99999714
1.0
0.9999999
1.0
0.9999969
1.0
1.0
0.99999344
1.0
0.99988925
1.0
0.9999858
0.99765056
0.98838484
0.999995
0.9754495
0.99999607
0.99999976
0.9999918
0.99999976
0.99999547
1.0
0.99998486
0.99999917
1.0
1.0
0.6111901
1.0
0.99999535
1.0
0.99898976
0.9998357
1.0
1.0
1.0
1.0
1.0
1.0
0.9999902
0.9999962
0.9999902
0.9999982
0.9999982
0.99996233
0.99721426
0.99998987
0.99999964
1.0
1.0
1.0
0.9999993
0.999997
0.99999976
0.99020535
0.9999999
0.9996903
0.9999939
0.9999974
1.0
0.9993057
0.9999999
0.99824226
0.9985936
0.9999989
0.99999166
0.9995307
1.0
0.87510675
0.99998045
1.0
0.9933281
0.99999726
1.0
1.0
0.99998426
0.999388
0.99999964
0.9999821
1.0
1.0
0.99999976
0.99999905
0.9883393
0.98949045
0.9999994
0.9896937
0.9975719
0.9750553
0.9999999
0.99991214
1.0
0.99998105
1.0
0.99997616
0.9999993
0.9999968
0.9999995
1.0
0.9999988
0.99999833
0.99999857
0.99999964
0.99999154
1.0
0.9999862
0.9999994
0.9996482
0.9999949
0.9999845
0.99999976
0.9919396
0.9999999
0.99999976
0.99906665
0.9999999
1.0
0.99999845
0.99980205
0.9998907
0.9996006
0.99999845
0.9999993
0.9999999
0.9999956
0.99999714
0.9943421
0.9999397
0.9999995
0.9999987
0.9998971
1.0
0.99999225
0.99999905
0.9999999
0.9999628
1.0
0.99999917
0.9999981
0.9999218
0.99999404
1.0
1.0
0.9995265
0.99999464
0.99999905
1.0
0.99999535
0.9999956
1.0
0.99962044
0.99999845
0.9999999
0.99999976
0.9999999
0.99999547
0.9999901
1.0
0.9999994
0.9994568
0.9988814
0.9999987
0.9999993
0.9999938
0.999778
0.9999989
0.99999976
0.9998727
0.9999999
0.9999999
1.0
1.0
0.99818796
0.9998673
1.0
1.0
0.99954945
1.0
0.9999969
0.9451188
0.99999607
1.0
0.9999887
0.99998
1.0
0.9999999
0.9999999
0.99999595
1.0
0.9990336
0.99868375
0.9999887
0.99920386
0.9999893
0.99988675
0.9999999
0.9999751
0.9999999
0.9999999
1.0
0.9999933
0.9999988
0.99999726
0.99999976
0.9845659
0.9998443
0.9998357
1.0
0.99989855
1.0
0.9999882
1.0
1.0
0.99998856
0.9987306
0.9999964
0.999979
0.9869769
1.0
0.99999964
0.9999497
0.99967694
1.0
0.9998838
0.9999999
0.9999999
0.99999905
0.9999496
1.0
0.9999981
1.0
0.9999831
0.9999999
0.9999931
0.9751711
1.0
0.99999297
0.99999976
0.9999926
1.0
0.99999976
0.9998411
0.9822724
0.94301313
1.0
0.9982576
0.9999994
1.0
0.99999964
0.99999523
0.9999901
0.9999993
1.0
0.9999999
0.99999976
1.0
0.99999356
0.9999999
0.9999988
0.9998814
0.9999751
1.0
1.0
0.9999999
0.99999917
1.0
0.99997044
0.99999905
0.9999995
1.0
0.99941456
0.9998604
0.99999297
0.99999356
0.9999999
0.9999968
0.9999924
0.99998546
0.9999964
0.99999976
0.99790883
1.0
0.99999917
0.9989254
0.7536806
0.99999213
0.99999523
0.99998355
0.99999356
0.9999994
0.9988642
0.9875804
0.99948716
0.99970526
0.999969
0.99999225
0.9952388
0.9974872
0.99974924
0.9999969
0.99998474
0.99958235
1.0
0.999998
0.9999976
0.9999999
0.99997544
0.9999987
1.0
1.0
1.0
1.0
0.99974936
0.99995637
1.0
0.9999622
1.0
0.9999999
0.9999906
0.99995625
1.0
0.9999536
0.9999989
0.99885786
0.9999999
0.9999968
0.99999905
0.9999982
0.9999752
0.99999034
0.9999758
0.9997073
1.0
1.0
1.0
0.99999905
0.9999999
0.9999387
0.9851305
0.9999995
0.9999999
0.99998045
0.9924027
0.9999999
0.9999994
0.99999905
0.9998847
0.99999845
0.9914978
0.9999999
0.9999999
1.0
0.9999608
1.0
1.0
0.99999404
0.9999858
0.9999962
0.99994135
0.9999962
0.99999905
0.9999989
0.9999988
1.0
0.9954775
0.99874604
0.99998176
0.9999989
0.9999949
0.99992704
0.999553
0.9999912
0.9999993
1.0
0.99999964
1.0
0.7907172
0.99999917
0.9999956
0.99993694
0.99941146
0.9998815
1.0
0.9987859
0.9999734
1.0
0.99999213
0.9999999
1.0
1.0
0.99999726
0.9999862
0.9999999
0.99997795
0.99999905
0.999645
0.99994683
0.99999344
0.99997556
1.0
0.999982
0.99996495
0.99175173
1.0
0.9996526
0.99835336
0.99999964
0.99877566
1.0
1.0
0.9999999
0.99821305
0.99997175
0.99994934
0.9971614
0.9999994
0.9999999
0.9999999
0.9996376
0.9999088
0.9999968
0.99999964
0.9999871
0.9999993
1.0
0.99999976
0.9999815
0.99999094
0.8913675
0.9744645
0.9999999
0.99999547
0.9999963
0.99999976
1.0
0.9999993
0.9999999
0.99943155
0.99999964
0.99998987
1.0
1.0
0.9999279
0.99997866
0.99949455
0.9994856
0.99970835
1.0
0.9999081
0.9999062
0.9999968
0.9999932
0.9999995
0.9999999
1.0
0.9999963
0.99997556
0.95845675
0.9999951
0.99999976
0.99996924
0.99999976
0.9999989
0.99947244
1.0
0.966907
0.9999862
0.99999714
0.9999937
1.0
0.9999459
1.0
0.99996483
0.998706
0.99963737
0.9999975
0.9999856
0.99947804
0.9999932
0.9895588
0.999998
0.99999976
0.9999995
0.9980475
0.99713385
0.9999994
1.0
0.99327046
0.5501251
1.0
0.99924135
0.9999981
0.9999999
0.99974877
0.99999154
0.99914
1.0
0.99999833
0.9999999
1.0
1.0
0.9999105
1.0
0.9999838
0.9976672
0.9999994
1.0
0.9999069
1.0
0.9997981
0.9999999
0.99991
0.47568166
0.6043646
1.0
0.99999
1.0
0.99971515
0.99997365
0.9999713
0.9999993
0.9967818
0.9999964
1.0
1.0
0.99632156
1.0
0.9998752
0.99339193
0.999998
0.99999285
1.0
0.999997
0.9999999
0.9998379
0.9996346
0.9999982
0.9999864
1.0
1.0
1.0
0.9999682
1.0
0.99999976
1.0
0.9999614
0.9999684
0.9999999
1.0
1.0
0.99996877
0.97003525
0.99950576
0.7247044
0.99973696
0.99919945
1.0
1.0
0.999998
0.9999999
1.0
0.9999833
1.0
1.0
1.0
0.9999999
0.9999995
0.9998838
1.0
0.9999732
0.99999964
1.0
0.9939818
0.9999993
0.9999999
1.0
1.0
0.9999999
0.99959725
1.0
0.7808285
0.9999982
1.0
0.99991643
1.0
1.0
0.99999964
0.9999989
0.99993265
0.9999062
0.99999344
1.0
1.0
0.99999464
0.9998117
0.99999976
1.0
0.99999976
0.99999964
1.0
0.998705
1.0
1.0
1.0
0.9999932
0.9999999
1.0
0.99963784
0.9999968
0.9999999
1.0
1.0
0.99562114
1.0
1.0
1.0
0.9996414
1.0
0.9978635
0.99999976
0.99999547
1.0
1.0
0.9999696
1.0
1.0
0.99977607
1.0
0.9999945
1.0
1.0
0.9999995
0.99999917
0.99999976
0.99989545
0.64600915
1.0
0.9999815
0.9999999
0.9999987
1.0
0.9994696
0.99951756
1.0
0.9998708
1.0
1.0
0.9999995
0.99983466
0.9999466
0.9999981
0.9999994
0.99999976
0.9999999
0.9999981
1.0
0.9274261
0.9999999
1.0
0.9999995
0.99922657
1.0
1.0
0.9999901
0.9986533
0.9995615
1.0
0.99995804
0.9999713
1.0
0.99997795
0.9999999
0.98113006
0.9999999
1.0
0.9999306
0.9999994
0.99159765
0.9990345
0.9999999
0.97608066
0.7820154
0.9998049
0.9991836
0.99904495
1.0
1.0
0.9999999
1.0
0.99999964
0.9998915
1.0
0.9999994
0.99997616
0.9999999
1.0
0.9171813
0.9999982
0.9999976
0.9999999
0.99999964
0.9999925
0.9999782
0.9995888
1.0
0.9906088
1.0
0.99999976
0.9999789
0.9948543
0.9999428
0.9999753
0.9999975
0.9999882
0.9999994
0.9999995
0.9874786
0.999966
0.9999832
0.99999785
0.9996468
0.76603407
0.9999963
1.0
1.0
0.99995625
0.99985456
1.0
0.99999285
1.0
0.996507
1.0
0.96754164
1.0
0.97755706
0.9999993
0.99809414
0.9999893
0.9999989
0.99967086
0.9999982
0.9999683
1.0
0.9999988
0.9998802
0.99941623
0.99999976
0.9999795
0.5492772
0.9999999
0.996962
1.0
0.99998903
0.999863
0.9999999
0.99995697
1.0
0.99999845
0.99999666
0.9999975
0.99937254
1.0
0.9161491
1.0
0.9998801
0.97461617
0.99999905
1.0
1.0
1.0
0.99998903
0.99998474
0.9997967
1.0
0.99889046
0.93591946
1.0
0.9999995
1.0
0.9999999
1.0
1.0
1.0
0.999995
0.9999999
0.99067676
0.99999666
0.99987817
1.0
1.0
0.99999106
1.0
0.99390113
0.99998105
0.9998671
1.0
0.99999905
1.0
1.0
1.0
0.9999875
0.9999999
0.9999492
0.99999964
0.6109553
1.0
0.9999994
0.62929195
1.0
0.99999905
0.999979
0.9999796
1.0
0.98221684
1.0
0.9999474
0.9981681
0.99999976
0.99993324
1.0
0.9999994
0.9999914
0.9999945
0.737126
0.99996495
0.98680055
0.99999404
1.0
0.99999774
1.0
0.99997294
0.9999982
0.9999895
0.99975187
0.9999335
0.9999895
1.0
0.9999999
0.99983
0.9999614
1.0
0.9999943
0.9999969
0.9999887
0.99999833
0.9999813
1.0
0.7387957
0.99997365
0.9999964
1.0
0.999987
0.99994266
1.0
0.9999236
0.99999225
0.99769694
0.999998
0.99999595
1.0
0.84846586
1.0
0.9999995
0.999705
1.0
0.999997
1.0
0.99999964
1.0
0.99999976
0.999998
0.9999994
0.9999999
1.0
1.0
0.9999999
0.9999999
0.99994326
0.988786
0.9999963
0.9982387
0.9999901
0.9999701
0.9999981
1.0
0.99999917
1.0
1.0
0.9999999
0.99999976
0.99999905
1.0
0.999949
0.998565
0.9998839
0.5235032
0.99996734
0.9974716
1.0
1.0
0.99318415
1.0
0.99999833
0.9999999
0.99765176
0.7745894
0.9999987
0.9999987
0.9999932
1.0
0.9999999
0.9999993
1.0
0.99999964
1.0
0.9997948
0.9999429
1.0
0.999941
1.0
0.9999989
0.99998844
0.55141866
0.999969
0.9993974
0.99485415
0.99999595
1.0
1.0
0.99999833
0.9978217
0.99999774
0.9999713
0.9999999
0.9999999
0.9999542
0.99999654
0.9999982
0.9935939
0.9792718
0.99999094
0.9991875
0.99986696
0.9999174
1.0
0.9999993
0.99999976
0.9999999
0.9999937
0.9831018
0.9999995
0.99998295
0.99997926
1.0
0.9997663
0.9999881
0.9999888
0.9999999
1.0
0.9999951
1.0
0.94740266
1.0
0.9999957
1.0
0.9999814
0.9999378
1.0
1.0
0.98642623
0.9999981
0.89138883
0.9995747
0.99998164
1.0
1.0
0.9995672
1.0
0.999997
1.0
1.0
0.9616126
1.0
0.9999585
0.98721945
0.99982375
1.0
1.0
0.9999999
1.0
1.0
0.9994802
0.9999962
1.0
0.9999466
0.99999857
1.0
0.99999905
0.9999833
0.99999976
0.99999964
0.9989561
0.9999995
1.0
1.0
0.99998784
0.9994573
0.9986609
0.99999857
0.99999857
0.9999714
1.0
0.99996555
0.99996436
0.9999993
0.9999999
0.99999666
0.9880548
1.0
0.7448749
0.9999982
0.9999956
0.9998951
1.0
0.99999964
0.99481225
1.0
1.0
0.9999976
0.7662484
1.0
0.999998
0.77596694
0.99999976
0.9999809
0.99999285
0.9999989
1.0
0.9999999
1.0
0.9997476
1.0
0.9973909
0.9999999
0.9999999
0.9999896
0.99999034
0.9958182
1.0
0.9999585
1.0
1.0
0.99999297
0.9997079
0.9989322
0.99999464
0.99998474
0.999998
0.9999999
0.99999964
1.0
0.9999908
1.0
1.0
1.0
0.9972486
0.9998652
0.99999785
0.99992454
1.0
0.9955426
0.98195
0.99999285
0.9999907
0.9999993
0.9999975
0.99999166
0.9998349
0.9995233
0.9986389
0.983411
1.0
0.9999865
0.9999963
1.0
0.9999968
1.0
1.0
0.9995939
1.0
0.9999819
0.9998721
0.9999999
0.99999726
0.99966466
0.9999919
0.99966824
0.9999628
1.0
0.99992764
0.99732935
0.99999964
0.9999956
0.9999907
1.0
0.9999999
0.9999925
1.0
0.9991386
1.0
0.99730897
0.99997556
0.99948776
0.99980015
0.9999993
0.9999969
1.0
0.94904715
1.0
0.9999988
0.99995804
0.99999714
1.0
1.0
0.9999999
0.99964666
0.99999857
1.0
0.99813724
1.0
0.93680286
0.9999678
0.9999995
1.0
0.9973476
1.0
0.9984205
0.99980575
0.9992818
0.9999881
0.99999964
0.9999999
0.9999976
1.0
1.0
1.0
0.9997712
0.99998224
0.9997781
0.9999999
0.9998235
0.9999175
0.99977237
0.9999647
1.0
0.92837995
0.9999999
0.99998367
0.9999999
0.7518702
0.99999964
0.9999528
0.99999213
0.99999547
0.99999976
0.999025
0.99189585
0.9999323
1.0
0.99999964
0.99999714
0.9999968
0.9999999
1.0
1.0
0.999767
1.0
0.9999927
0.9200537
1.0
1.0
0.9999995
0.9999683
1.0
0.99999976
1.0
1.0
1.0
1.0
1.0
1.0
0.99999726
0.9694995
0.9997485
1.0
0.9999995
1.0
0.9999819
0.99963903
0.999498
0.99999976
0.9999927
0.7338983
1.0
0.9999994
1.0
1.0
0.9999999
0.99999964
0.9840805
0.90690213
0.999984
1.0
0.99798054
0.9997528
0.9999672
0.9999999
0.9999945
0.9999999
0.95474845
0.99734575
1.0
0.9999993
0.9952519
1.0
0.99475646
0.99999416
0.9999999
0.9999987
0.9999999
1.0
0.9999988
0.99999964
1.0
0.9999821
0.99944013
0.9999956
0.9996315
0.9598933
0.9998479
0.9999919
0.99810696
1.0
0.8468242
0.9999436
0.99999344
1.0
0.9988034
0.99960715
0.9999994
0.9999999
0.9998667
0.9992454
0.99907887
0.9971185
0.9994746
0.99999964
1.0
1.0
0.9999976
0.9986803
1.0
0.99999917
0.99976844
1.0
0.99999976
1.0
0.9991503
0.99912804
0.9978089
1.0
0.9999349
1.0
0.9999651
0.99999964
0.9996278
1.0
0.9999809
0.99999857
0.9997528
0.9999999
0.9999505
0.9999995
0.99979025
0.99950206
0.99999905
0.9999999
0.9999994
1.0
0.9999999
0.99999905
1.0
0.9999889
0.9999157
1.0
0.999992
0.9999999
0.99993813
0.7801339
1.0
0.999995
0.9999999
1.0
0.9998288
0.9981858
0.9999944
1.0
0.9999969
0.99993324
0.99999917
0.9999987
1.0
0.9999839
0.98897845
0.90082526
0.99994516
1.0
0.99791855
0.99999976
0.9999882
1.0
0.9999999
0.99997115
0.65885293
0.99999857
0.99999976
1.0
0.9999988
0.9988944
1.0
0.99999714
0.99989176
0.99999976
0.9999938
0.9767568
0.9999999
0.9769986
0.9999926
0.9918812
0.99998426
0.9999682
0.9999999
0.99999917
1.0
0.9987167
0.9999957
1.0
0.9999299
1.0
0.9999956
0.9998504
0.99999654
0.9999994
0.99965024
0.9988996
0.99888784
1.0
0.98150325
0.99999976
0.978744
1.0
1.0
0.999286
1.0
0.99999857
1.0
1.0
0.9997174
0.99999905
0.99999857
1.0
0.99999964
1.0
0.99952567
0.99999046
0.9998375
0.99995804
0.9999994
0.9816348
0.94234943
0.9999999
0.99997294
1.0
0.9966119
1.0
0.99999166
0.9999529
0.9952932
0.9994073
0.99961567
0.9999995
0.9980414
0.99872094
0.99964
0.9999975
0.99999833
0.9999963
0.6117411
0.9999963
1.0
1.0
0.99989355
0.99999976
0.99880934
1.0
0.954612
0.99999404
0.9999995
0.86265594
0.999848
0.9999999
0.9999994
0.99999833
1.0
0.99999964
1.0
0.99999976
0.9999894
1.0
0.99999917
1.0
1.0
0.9999999
0.9999751
0.99990845
1.0
1.0
0.9999441
1.0
0.9999989
0.9999999
0.57302934
0.99999857
0.9999114
0.99969983
0.99999714
0.99925894
0.9999994
0.9999924
0.9999999
0.9999974
0.99648714
0.999881
0.99912006
0.9999999
0.9999964
1.0
1.0
0.99865496
0.9999703
1.0
0.9162192
0.99810815
0.9999851
0.9741253
0.99999905
0.9999999
0.9999862
0.7459489
0.9970592
0.99999774
0.8965615
0.99999154
0.99999917
0.9999783
0.9878357
1.0
0.99911004
0.9999335
0.9999788
1.0
1.0
0.9999527
0.97951686
1.0
0.9999348
1.0
0.99999976
1.0
1.0
1.0
1.0
0.998879
1.0
1.0
1.0
1.0
1.0
0.9850107
1.0
0.8197265
1.0
0.9999764
1.0
0.999995
1.0
0.99999976
0.9966371
0.9999969
0.9999999
0.99999213
0.99929833
0.9999968
0.9999994
0.99996483
0.99942327
0.9999795
0.9999994
0.99975294
0.9999807
0.99996626
0.99999964
0.99433583
1.0
0.9992625
0.99999833
1.0
0.9998006
0.9999999
0.9999932
0.9999964
0.99949
0.99999094
0.99954826
0.9977055
0.6869788
0.999967
0.9999995
0.9999995
0.823419
0.999998
0.99999976
0.9989986
0.9926991
0.9999975
1.0
1.0
1.0
0.99943
0.99998057
1.0
1.0
0.9999969
0.99999917
0.9999999
0.99999714
0.9992791
1.0
0.99858093
1.0
0.9999999
1.0
0.9998288
0.9999999
1.0
0.78479326
1.0
0.9999999
0.9995334
0.9999994
1.0
0.9999875
0.9999987
0.9999975
0.9999579
1.0
0.99999976
1.0
0.9999875
0.79801315
0.9999974
0.9999862
0.999956
0.99142575
0.9862022
1.0
1.0
1.0
1.0
0.9999995
0.9999789
0.9999999
0.9999999
1.0
0.9999989
1.0
0.99997914
0.9989489
1.0
0.9994659
1.0
0.9999999
0.9999999
0.51415527
0.9986243
0.9999945
0.9999999
0.9999385
0.9999924
1.0
1.0
0.9999988
0.9999993
1.0
0.99999976
1.0
0.9999989
0.9999999
0.99999976
0.99999976
0.99976915
0.9999987
0.99997544
0.999997
0.9999819
0.9999999
0.99380386
0.998147
0.99999857
0.99994934
1.0
1.0
0.9999969
1.0
1.0
0.9967738
0.9999528
0.9983677
0.9999968
0.9999993
1.0
0.9999989
1.0
0.9987735
1.0
0.99933225
0.99996734
1.0
1.0
1.0
0.99999726
0.9999999
1.0
0.9999999
0.99520713
1.0
0.9995704
0.9999999
0.9999994
0.99900824
0.9996019
1.0
0.9999325
0.94673383
0.9999976
0.9999429
0.9999924
0.9999999
0.9999958
1.0
0.9999186
0.999992
0.9999999
1.0
0.9999598
1.0
0.9993906
0.9991823
0.9999999
1.0
0.9999809
0.99999976
1.0
1.0
0.9999131
0.999995
1.0
0.99640924
0.9999964
0.999964
1.0
0.9999995
1.0
0.9999546
1.0
0.9930748
0.9999999
0.9999994
0.99999607
0.999997
0.9999707
0.99999833
0.99804616
0.9996965
0.8832041
0.99993753
0.99999976
0.9908913
0.9993118
0.99999714
0.99999714
1.0
1.0
1.0
0.99999917
0.99863213
0.99997354
1.0
1.0
0.99995637
1.0
0.99999976
1.0
0.9996873
0.99999785
0.98526394
0.99999976
0.9960306
0.9999993
1.0
0.9999999
1.0
1.0
0.9999994
1.0
0.99999964
0.99999607
0.9999999
1.0
1.0
0.9999883
0.99995506
0.9999994
1.0
1.0
1.0
1.0
0.8677148
1.0
0.9999999
0.9999316
1.0
0.99979573
0.99988425
0.99999535
0.99992454
1.0
1.0
0.99993634
0.99986327
1.0
1.0
0.99669456
0.99999404
1.0
0.9999902
1.0
0.9999999
0.99992037
1.0
1.0
0.76113784
0.99934417
1.0
1.0
1.0
0.9999871
0.9998227
0.91762227
0.9999974
0.99986196
0.99999964
1.0
0.9999658
0.9999995
1.0
0.99997103
0.9838209
0.9999987
0.999997
0.99998415
0.99999833
0.9999821
0.9993438
1.0
0.9999989
0.9999994
1.0
0.9999794
0.9998043
0.9999944
0.99350077
0.99398464
0.9962914
0.9999914
0.9999964
0.999874
0.9999969
0.9999995
0.99977785
0.9998565
0.99999964
0.99999976
0.99999976
0.9999999
0.99985135
0.99967086
0.99999976
0.9999993
0.9999993
0.9992524
0.99855024
0.99999976
0.9999999
0.68517387
0.999532
0.9999994
0.9999343
1.0
1.0
0.9990915
0.9999857
0.9999994
1.0
1.0
1.0
0.9999999
0.99999964
0.5133053
1.0
0.99992466
0.9999989
1.0
0.99872166
0.98121774
0.99999845
0.9999223
0.9999995
0.9952377
1.0
0.95003796
0.99995947
0.9998264
1.0
0.99981326
1.0
1.0
0.999985
0.99999905
1.0
0.99993837
0.99998415
0.9999058
0.99999845
0.9999045
0.99998605
0.99995947
1.0
1.0
0.9999995
0.99999857
0.9999943
0.9999993
0.99995804
0.99995804
0.7878605
0.9999409
1.0
0.99999774
0.99985373
0.99999976
1.0
0.9990435
1.0
1.0
0.99991107
0.99990153
0.99999285
0.99999154
0.99999976
1.0
1.0
1.0
0.9976661
1.0
1.0
1.0
0.9999999
0.9999336
0.999997
0.9999993
0.99999905
1.0
0.92171
1.0
0.99995637
0.99312156
0.9971347
0.99998605
0.9999881
0.99999976
0.9999901
0.9999999
1.0
0.99959964
0.9997975
0.9923786
1.0
0.99999654
1.0
0.59436136
0.9999999
1.0
0.99927455
0.99998784
0.9999987
1.0
0.99999285
0.99998796
1.0
0.9999751
0.98449266
0.99989414
0.9999893
0.9999999
0.9999931
0.9999999
1.0
0.9999877
0.9999341
0.99998116
1.0
0.9950087
0.99999547
0.99999714
0.9999958
0.9997695
1.0
0.9999387
0.9999982
0.9999958
1.0
0.99997854
0.9949921
0.96650475
1.0
1.0
0.9999999
1.0
0.99853265
1.0
0.9967784
0.99999964
1.0
0.9999962
0.9999062
0.99999666
1.0
0.9999999
0.9999995
0.9999385
0.99999964
0.999977
0.99857545
1.0
1.0
1.0
1.0
0.99999964
0.99971825
0.9999999
0.9999255
1.0
0.9999999
0.9999999
0.99999857
0.99970216
1.0
0.99999154
1.0
0.999998
1.0
1.0
0.99959093
1.0
0.9999989
0.9999999
0.9999925
0.9999999
0.9994355
0.9999999
0.9999999
0.99999976
1.0
0.99999833
1.0
1.0
0.99999857
1.0
1.0
0.99955565
1.0
0.99998844
0.9999995
0.9999999
0.99976104
1.0
0.9999994
0.9999994
1.0
1.0
0.99997747
0.99999785
0.99999964
0.999858
0.9999708
0.9999832
1.0
1.0
0.9999794
0.9999957
0.99417806
0.9999901
0.99999404
0.9998816
1.0
0.9999999
0.99999976
0.99986875
1.0
1.0
0.99999976
0.99999964
0.99999964
0.9999939
0.9999999
0.99999857
0.9999782
0.99999595
0.99878424
0.9997634
1.0
0.9996557
0.9999993
0.99999547
0.9999703
0.9999995
0.99999976
0.9999999
0.9999999
1.0
0.99999714
0.9999999
0.9998522
0.9999504
0.9999987
1.0
1.0
1.0
0.9999465
0.99993277
0.9999999
0.9999311
0.9999999
0.99999964
1.0
1.0
1.0
0.99999404
0.99999857
0.99999976
0.99999905
0.99999714
0.99999535
0.99994946
0.9999249
1.0
1.0
0.9999993
0.9999993
0.99999523
0.9707054
1.0
0.9999999
0.99999976
0.99993193
1.0
1.0
1.0
0.9995252
0.999811
0.9999994
0.9999993
0.99999964
0.9973465
0.99991894
0.9999999
0.9999896
0.99999523
0.9997285
0.9997454
0.99999905
1.0
1.0
1.0
0.99999905
0.9999875
1.0
0.99999964
0.99997425
1.0
1.0
1.0
0.94473135
0.9999974
1.0
0.9999945
0.99999905
0.9999894
0.9965378
1.0
0.9999399
1.0
1.0
0.9999999
0.99999964
0.99998045
0.99996805
0.99999845
0.9999995
0.9997247
0.9999963
1.0
1.0
0.99999833
1.0
0.99952745
0.9999652
1.0
0.9999968
1.0
0.99994767
1.0
1.0
0.99999094
0.9999999
1.0
0.99999976
0.9999145
0.9999924
0.99999976
0.99999785
1.0
0.99904495
0.9999949
0.9940587
0.99999845
0.9982926
0.99999046
0.9999933
0.99999654
0.9998122
1.0
0.999998
0.9990835
0.99999917
1.0
0.99999845
1.0
0.99999905
1.0
0.9999944
0.9999993
0.99994075
0.9998803
0.999877
0.9999999
0.9999987
1.0
1.0
1.0
0.99999976
0.9977071
0.99999964
1.0
1.0
1.0
0.9997782
0.9999994
1.0
0.9999993
1.0
0.99997973
0.99999547
0.9999993
0.999992
0.999908
0.9998159
0.99996245
1.0
0.9677856
0.99981314
1.0
0.99999714
0.9991379
0.99999595
0.99999964
0.99999785
1.0
0.9999945
1.0
0.99999917
1.0
0.9999999
0.9998882
0.9992118
0.9991264
0.9999999
0.99999964
0.9910589
0.99999917
0.9999999
0.9872996
0.9999316
0.9997086
0.9999995
1.0
0.9999999
1.0
1.0
1.0
1.0
0.9902441
0.9999999
0.99999726
0.9999999
1.0
0.999974
0.9999958
0.9999995
1.0
1.0
0.99752015
0.99999714
0.9999964
0.99999976
0.99999976
1.0
1.0
1.0
1.0
1.0
0.9998431
0.99999774
0.99999976
0.9999927
0.99999964
1.0
1.0
0.99999666
0.9999999
0.9999956
1.0
0.9999999
1.0
0.99984777
0.9999949
1.0
1.0
0.9999988
0.9999989
1.0
1.0
0.99999845
0.99998164
0.9999833
0.9999906
0.9999993
0.99999964
0.99999964
1.0
1.0
1.0
1.0
0.9999999
0.81317174
0.9999962
0.99999976
1.0
0.9999596
0.9999999
0.9999999
1.0
0.99999976
1.0
0.99999964
0.9999943
0.99815816
0.9999989
0.9999864
0.99999976
1.0
1.0
1.0
1.0
0.9999994
0.99999845
0.9999982
0.9999999
0.9999894
1.0
0.9999999
0.9999994
1.0
0.9999393
1.0
1.0
1.0
1.0
1.0
1.0
0.9999999
0.9999999
1.0
1.0
0.99999976
0.9999982
0.9999968
1.0
0.99987245
1.0
0.99999654
0.9999999
0.999977
0.99997044
1.0
0.9999999
1.0
1.0
1.0
0.9999993
1.0
0.99999416
0.9999999
1.0
0.99999976
0.9999999
1.0
0.9999964
0.9999974
0.9999994
0.99999106
0.9999958
1.0
1.0
0.999985
1.0
0.99999857
0.9999962
0.9999347
0.99999905
0.9997429
0.9999995
0.99993587
0.9999651
1.0
1.0
0.99999976
0.99999833
0.9999999
0.9999901
0.99966824
1.0
1.0
0.99998975
0.9999968
1.0
0.9999881
0.9996215
1.0
1.0
0.9999964
0.9999989
0.99999714
0.99999976
0.9999995
0.99999964
0.9999995
0.99999964
0.9999969
1.0
1.0
0.9999988
1.0
0.99999964
1.0
1.0
0.9999999
1.0
1.0
0.9999995
0.9999925
0.9999999
0.99686337
0.99855703
1.0
0.9999999
0.9999999
1.0
1.0
0.9999912
0.9987087
1.0
0.99986446
0.99999917
1.0
0.9999999
0.99999976
0.9999999
1.0
1.0
1.0
0.9999999
0.9999995
0.99997735
0.9999999
1.0
0.99999905
1.0
1.0
1.0
1.0
0.9999974
1.0
1.0
1.0
1.0
0.9999776
1.0
1.0
1.0
1.0
0.9999999
1.0
1.0
0.9999001
1.0
0.9999999
1.0
0.9999999
0.9999995
1.0
1.0
0.99999666
1.0
1.0
0.99987376
0.9999993
0.9999931
0.9999982
1.0
0.99999917
1.0
0.9999999
0.999997
1.0
1.0
0.9999999
1.0
1.0
1.0
0.99999964
0.9999994
0.9988926
1.0
1.0
0.9983279
0.99992037
1.0
0.99995184
0.9998838
0.99822146
0.9999993
0.9999989
0.9998167
1.0
1.0
1.0
1.0
0.9999999
0.99991906
0.9998872
1.0
0.9999982
1.0
0.99999774
1.0
0.9999993
1.0
1.0
0.9999162
0.98365545
0.9999807
1.0
1.0
1.0
1.0
1.0
0.9999925
0.9999999
0.9998109
0.9999999
0.99999774
0.99687034
1.0
0.99813026
0.9999765
0.99999976
0.99541926
0.9999839
0.9999994
0.99999905
1.0
0.99942684
0.9999999
1.0
1.0
0.99830073
1.0
0.99997973
0.9999999
0.9999536
0.9997009
0.9999999
0.99934226
0.9999989
0.9998839
0.9994937
0.9999999
1.0
0.9942093
0.9999957
0.99999857
0.99999964
1.0
1.0
0.9999919
0.9999994
0.9999529
0.9999976
1.0
0.99996555
1.0
1.0
0.99982893
0.9999833
0.99986875
0.9999865
1.0
0.9999981
1.0
0.9999902
0.99999917
1.0
1.0
1.0
0.99997103
0.9999554
0.9999964
1.0
1.0
0.9999893
1.0
0.99999905
0.99999833
0.9999999
0.9999999
0.9976891
1.0
1.0
0.99904734
0.999997
1.0
1.0
0.99996924
0.9999094
1.0
1.0
0.6800259
1.0
0.999548
0.99999595
0.9999949
0.99681133
1.0
0.9999378
0.5434775
0.99956137
0.9999932
1.0
1.0
0.9999157
0.9974251
0.9993333
0.9999962
1.0
0.99999964
0.9998543
0.9985971
0.9998671
0.9999999
1.0
1.0
1.0
0.9999993
1.0
0.99998856
0.9999999
0.9999937
0.9999999
1.0
0.99998486
1.0
1.0
1.0
1.0
0.99999976
1.0
0.99999905
0.99998903
0.98930466
0.9971607
0.999835
0.99999964
0.9999002
0.99999976
1.0
0.9999037
1.0
0.99999976
1.0
0.9999999
0.99998593
1.0
0.9999999
0.9999634
1.0
1.0
1.0
0.9999989
0.9996152
1.0
0.9999987
0.9999927
0.9999994
1.0
1.0
0.99969363
0.9999491
1.0
1.0
0.9999964
0.99999464
0.9999988
1.0
1.0
1.0
0.99999964
0.99997497
0.99999976
1.0
0.99998856
0.99999714
0.9993368
0.99708885
0.99999857
1.0
1.0
0.9999999
1.0
0.99990547
0.99999774
0.99999976
1.0
0.9999982
0.99975926
0.9999685
0.9999999
0.87773186
0.9843828
0.9571123
0.9999871
0.99999964
1.0
0.99976796
0.99999964
0.9999678
0.9999069
1.0
0.9998807
0.99999964
0.9999989
1.0
0.8615485
0.9999999
1.0
0.96943766
0.9999397
0.9995172
1.0
0.99995875
0.99993205
1.0
1.0
1.0
1.0
0.99999976
0.99999785
0.99999964
1.0
1.0
1.0
1.0
0.99963784
0.9999925
0.9999871
0.99999785
0.9999995
0.99999475
1.0
1.0
0.999998
0.999691
1.0
1.0
0.99999785
1.0
1.0
0.99993765
1.0
1.0
0.99980575
1.0
1.0
0.9999975
0.99999976
1.0
1.0
1.0
1.0
1.0
1.0
1.0
1.0
0.9998504
0.9808818
0.9994005
0.9999858
1.0
0.99999964
0.9999342
0.99996805
1.0
1.0
1.0
1.0
0.99998164
1.0
0.9999981
0.9999999
1.0
1.0
0.99999857
0.9999999
0.9999988
0.99997735
0.99999976
0.9996636
0.99999857
1.0
1.0
0.99540174
0.9827727
1.0
0.99998784
0.9999995
0.9999993
0.9999894
1.0
0.9964444
0.9999999
0.99990606
1.0
0.99999976
0.99999285
0.99999404
0.9999951
0.99999726
1.0
0.999998
1.0
0.99999595
0.99999976
0.99998975
1.0
0.999966
0.99999964
0.9999995
0.9999999
1.0
0.99999
1.0
1.0
1.0
1.0
0.9999949
1.0
1.0
1.0
0.9999999
0.99999654
1.0
0.99998474
0.999985
0.9999913
0.9997533
1.0
1.0
0.99999976
1.0
1.0
0.9630117
0.9999862
1.0
1.0
1.0
1.0
0.9999999
1.0
0.9999647
0.99999964
0.9671792
0.64792824
1.0
0.9996692
0.9999639
1.0
1.0
0.99999607
0.99998975
1.0
0.9990608
1.0
0.99998
1.0
1.0
1.0
0.9999696
0.9999999
0.9999981
0.99818987
0.9999939
0.9999975
0.99999046
1.0
0.9999994
0.9999399
0.99999917
0.99999964
1.0
0.99999666
0.9999999
0.99983764
0.99998
1.0
0.99980325
0.9999939
0.9999944
0.99993956
1.0
0.9911094
1.0
1.0
0.9999685
1.0
1.0
0.9999999
0.99999976
0.9993856
0.9997447
0.6655355
0.9827063
0.9999683
0.9999888
1.0
0.9999999
0.999998
0.9999981
0.99997497
0.99999905
0.9999995
0.9999999
0.99999976
0.9999969
0.9998555
0.9999944
0.99999774
0.9999987
1.0
0.9421128
0.99999845
0.9999925
0.9999999
0.99998903
0.99999356
0.99891293
1.0
0.99840885
0.9999999
0.9999814
0.9999969
0.99999595
0.9999999
0.9999964
0.9999994
0.99999964
0.9996656
0.99563295
0.9997758
0.999741
0.99997675
0.9999944
0.9999949
0.9999999
0.99995875
0.9639888
0.9846144
0.997726
0.9999858
0.99960154
0.99998903
0.9975823
0.99999964
0.9999865
0.99999857
0.9999989
0.9999969
0.99999845
0.99999964
0.99999905
0.9999776
0.9933716
0.9999354
1.0
0.9996056
0.99991834
0.999736
0.9999839
0.99016446
0.99999285
0.99993
0.9999995
0.99994767
0.9999175
0.99999774
0.99568415
0.99999905
0.9999969
1.0
0.999997
1.0
1.0
0.99999964
0.9999875
0.99989843
0.99999857
0.99999666
0.997635
0.9999869
0.9999993
0.9995222
0.99965394
0.9998343
0.9999504
1.0
0.9999541
1.0
0.9999987
1.0
0.99452776
1.0
0.99354315
0.99999976
0.99999976
0.999972
1.0
0.9990791
0.99999666
0.99999976
0.9999125
0.9999999
0.99999976
0.99990666
0.9999888
1.0
0.9999999
1.0
0.99993277
0.999995
1.0
0.9999827
0.9999999
1.0
0.9942509
0.9999999
1.0
0.9999995
0.9999988
1.0
0.99618113
1.0
1.0
1.0
1.0
0.99998546
0.9884289
0.9997937
0.9999676
1.0
0.9999895
0.9999999
1.0
1.0
1.0
0.9999995
0.4531225
0.9999976
0.99999905
0.99998915
0.99999964
0.99998486
0.9999988
1.0
1.0
0.9999994
0.9505497
1.0
0.99955887
1.0
1.0
0.99999964
1.0
1.0
1.0
0.9999993
0.99987185
1.0
0.9999994
1.0
1.0
1.0
0.99996424
0.9999994
0.9999963
0.99999106
0.999997
0.9353685
0.99999416
1.0
0.9999864
0.9999933
1.0
0.9999989
1.0
0.9999999
0.9999993
1.0
1.0
0.99977654
1.0
0.9986149
1.0
1.0
1.0
1.0
1.0
1.0
1.0
0.99999964
1.0
1.0
0.9999962
1.0
1.0
0.9999907
1.0
0.99999917
1.0
1.0
0.99999774
0.9999999
0.99999917
1.0
1.0
0.9999999
0.99997234
0.9999994
0.99999976
0.9999999
0.99999976
1.0
0.8589774
0.99999964
1.0
1.0
0.99996936
1.0
0.9999999
1.0
0.9999993
0.3796207
1.0
0.9957889
1.0
0.99999905
0.9999999
0.7290777
0.6369134
0.99928576
1.0
1.0
0.9999981
0.9999987
0.9999502
0.9999993
0.9999081
0.9999999
1.0
1.0
0.9999988
1.0
1.0
0.9999999
1.0
0.9999999
1.0
1.0
1.0
0.9999999
0.99999976
0.9999999
1.0
1.0
0.999998
0.9999771
1.0
1.0
1.0
0.9999999
0.9999999
1.0
1.0
1.0
0.9999999
0.999995
0.9999999
0.999998
0.9999994
0.9999981
0.99999976
1.0
1.0
1.0
0.9999999
1.0
0.9999994
1.0
1.0
1.0
1.0
1.0
0.9999989
0.9999571
1.0
0.99984753
0.9999999
1.0
0.9999999
0.99999213
0.9999989
1.0
1.0
1.0
0.99999917
1.0
0.9999831
0.99999905
0.99993
1.0
1.0
1.0
0.99999857
1.0
0.999995
0.9997658
0.99999964
1.0
1.0
0.9999999
1.0
1.0
0.99999976
1.0
0.99999976
0.9999995
1.0
0.99999976
1.0
0.99999905
0.99997103
0.9999988
1.0
0.9999999
1.0
1.0
0.99999964
0.99999976
0.9999993
1.0
1.0
1.0
0.99999964
0.99999976
1.0
0.9999999
1.0
1.0
0.99999774
0.9999975
1.0
1.0
0.9999995
1.0
0.9999999
0.99999976
1.0
1.0
0.9999924
1.0
0.99999976
0.99999833
0.99999964
0.9999982
1.0
0.9999999
1.0
0.999998
0.999987
0.99999976
0.99999976
0.9999976
1.0
0.99999845
1.0
0.99999976
1.0
1.0
1.0
1.0
0.99999976
1.0
0.99989915
0.99999905
1.0
1.0
1.0
0.9999999
0.99999964
1.0
1.0
1.0
0.9999994
0.9999976
1.0
1.0
0.99999976
1.0
1.0
0.99999845
1.0
0.9999999
1.0
0.99999905
1.0
1.0
1.0
0.9999999
0.9999999
0.9997527
1.0
1.0
0.99999285
0.99999976
1.0
1.0
0.999995
1.0
1.0
1.0
1.0
0.99999666
1.0
0.99999976
0.9999999
1.0
1.0
1.0
1.0
1.0
1.0
1.0
1.0
1.0
1.0
1.0
1.0
0.9999999
1.0
1.0
1.0
0.99999213
1.0
1.0
1.0
1.0
1.0
1.0
0.99999917
1.0
0.9999999
1.0
1.0
0.9999993
1.0
1.0
0.99951816
0.99996996
0.9997402
0.9999945
0.99999905
1.0
1.0
0.9925183
1.0
0.99988294
0.9997389
0.99995494
1.0
0.9999999
1.0
0.9999995
0.9999995
0.99999917
0.99994016
0.9999155
0.99858654
1.0
1.0
1.0
1.0
0.99999964
1.0
0.9999783
1.0
0.99996483
0.9999994
0.99998355
1.0
0.9999964
0.9999883
0.9987814
0.9999988
0.9997391
1.0
1.0
1.0
0.99999905
1.0
0.9999993
1.0
0.99999905
1.0
0.99999976
1.0
1.0
0.9998648
1.0
0.9997508
0.9999659
1.0
0.99999654
1.0
1.0
0.99999964
1.0
0.99998415
0.99996006
0.99997854
0.99999046
0.99998486
1.0
1.0
0.99999535
0.9999994
0.9999987
0.99999833
1.0
0.9999999
0.99999964
1.0
1.0
1.0
0.99999976
1.0
0.999992
0.99926597
1.0
0.99989617
1.0
1.0
1.0
0.99990153
0.9999982
0.9999999
0.99997234
0.99998343
1.0
1.0
1.0
0.9999999
1.0
0.9999683
1.0
1.0
0.9999999
1.0
0.9999987
1.0
0.99999976
0.9992975
0.9999963
1.0
1.0
0.99999285
1.0
0.99999976
1.0
0.999998
0.9999999
0.7951055
0.99999976
0.9999932
0.9999908
1.0
1.0
0.9999988
0.9993026
0.9999989
0.9999999
1.0
1.0
0.9999975
1.0
1.0
0.99999356
0.9999796
1.0
0.99999285
0.99994385
1.0
0.9999876
0.9999999
0.99999976
0.9999989
0.9999982
1.0
0.99007905
1.0
0.9999814
1.0
0.99999917
0.9999987
0.97339815
0.99999917
0.9999958
1.0
0.99998724
0.99999547
0.995276
0.99999976
0.9998073
1.0
0.9999672
0.999992
1.0
1.0
0.99997056
0.98835737
0.9887482
0.4539123
0.9999975
0.99615365
0.80799913
0.9996074
0.7771153
0.99881786
0.99999595
1.0
0.9999993
0.99934345
1.0
0.999882
0.9713074
0.87306315
0.99998426
0.7679031
0.9996057
0.999482
0.9999058
0.9999714
0.6697312
0.9990336
0.8542869
0.99999213
0.9985177
0.99999976
1.0
0.99999917
0.9999696
1.0
0.9999995
1.0
0.9999615
0.99999845
0.99999225
0.9999989
0.92178506
1.0
0.9999999
0.9999995
0.99883705
0.9967855
0.82242876
0.9502818
0.9999999
0.9999999
0.9947954
0.953
1.0
0.99595404
0.9999999
1.0
0.95254385
0.9999534
0.999882
1.0
0.99999714
0.9999403
0.9979018
0.9954892
1.0
0.97603184
0.9998869
1.0
0.9999999
0.9945476
0.99994814
0.9999987
0.9998827
0.37245405
0.99999976
0.9991242
0.99999654
0.99739
1.0
0.9327241
0.9577695
0.9999994
1.0
0.99997437
0.99638474
0.99989486
1.0
0.99999964
1.0
0.9999939
0.9999802
0.99999356
1.0
0.9994555
0.99999976
1.0
1.0
1.0
0.99990785
0.8537307
0.99999976
0.9999999
1.0
0.99998796
0.9996351
1.0
0.9999964
1.0
1.0
0.9999883
0.99962854
0.9999999
0.99999976
1.0
0.99999964
0.99976605
0.9997842
0.9998872
0.9999999
0.99999917
0.99996054
0.9999999
0.9999999
0.9993248
1.0
0.99995947
1.0
1.0
0.9999994
0.9978144
1.0
1.0
0.99999785
1.0
1.0
1.0
0.999992
1.0
1.0
0.9987691
0.99989367
0.99999654
0.9999918
0.9999927
1.0
0.9999999
1.0
1.0
0.99999917
0.9999993
1.0
0.99999774
0.99999976
0.999997
0.99942577
0.9999939
0.9999999
0.99999666
0.99900407
1.0
0.9999999
1.0
1.0
0.99995065
0.9999999
0.9999932
0.99892235
1.0
0.99999714
0.99947494
0.9998348
0.99998856
0.99998057
0.9995468
1.0
1.0
0.9999999
1.0
0.9999982
0.99999964
0.9999722
0.99999964
0.9999894
0.99999976
1.0
0.9998857
1.0
1.0
0.558421
0.99986196
0.99999726
0.99999535
0.9894103
0.99993634
0.99999976
0.9823837
1.0
0.9994815
0.99997497
0.9999994
1.0
0.9999821
0.99996364
0.98973083
0.9992575
1.0
0.9999995
0.99951637
0.9999769
0.9999634
0.99938774
0.99999976
0.9999008
0.9999993
0.9999989
1.0
0.9999331
0.9855671
1.0
0.9999796
0.99999964
0.9999999
0.999997
1.0
0.9999771
1.0
0.999995
0.99998903
0.996497
0.9999995
0.9993999
0.6843629
0.99706155
0.99999917
0.9999993
0.9999206
0.999998
1.0
0.9999999
0.9999751
1.0
0.9985355
1.0
0.9999994
0.9990735
1.0
0.99999857
1.0
0.9999994
0.9999994
1.0
0.99999905
1.0
1.0
0.99964225
0.9948762
0.9999995
0.9999999
1.0
0.99999607
0.99999976
0.9999362
1.0
1.0
0.9999995
0.9957164
0.999663
1.0
1.0
0.99999976
0.9999999
0.99999547
1.0
0.99999976
0.99999964
0.99993217
1.0
0.9999999
1.0
1.0
0.9999999
0.99999905
0.9999964
0.9999937
1.0
1.0
0.9999987
0.9993357
0.9999994
0.99820757
1.0
0.9999908
1.0
1.0
0.99999976
0.9964922
1.0
1.0
1.0
0.999998
0.99999857
1.0
1.0
1.0
1.0
0.9999994
1.0
1.0
1.0
1.0
1.0
1.0
0.99999595
0.9999951
1.0
0.9999893
1.0
1.0
0.9992367
1.0
0.9999249
1.0
1.0
1.0
0.9999999
0.9999975
0.99999964
0.99999964
0.9999982
1.0
1.0
0.99711597
1.0
0.99999964
0.99944645
0.99999344
0.9999995
1.0
1.0
0.99999964
0.9999994
0.99999917
0.99928457
0.96478623
0.9999999
0.9997249
0.99999964
0.9996455
1.0
1.0
0.9999999
0.9999999
1.0
0.9999907
0.99999535
1.0
1.0
0.9999937
0.9992932
1.0
0.9999858
1.0
0.9999857
1.0
0.99998724
1.0
1.0
0.9997354
0.9999999
0.9999987
0.9999999
0.99994504
1.0
0.99989545
0.999987
0.99999917
1.0
0.9999869
1.0
0.9999999
1.0
1.0
1.0
1.0
0.9999727
0.9999976
0.9999999
1.0
0.9997421
0.9999975
1.0
0.99999094
1.0
0.9989341
1.0
1.0
1.0
1.0
0.9999995
1.0
1.0
1.0
0.9997583
1.0
0.9999994
1.0
1.0
0.9999807
1.0
0.9999999
0.99994004
1.0
0.9999987
1.0
0.9999999
0.99993825
0.99999285
1.0
0.99999976
0.9999279
1.0
0.9999999
0.9999987
0.99999917
1.0
1.0
0.9999999
0.9999901
0.99998796
0.9999951
1.0
0.9999945
0.9999988
1.0
0.999998
1.0
0.99999976
1.0
1.0
0.9999999
1.0
1.0
0.99999666
1.0
0.999997
0.9999814
0.9995933
0.99999905
1.0
0.99999917
0.9999993
0.99999964
1.0
1.0
1.0
1.0
0.99991083
0.99999523
1.0
1.0
1.0
1.0
1.0
1.0
0.999998
0.99999964
1.0
1.0
0.99999976
0.99998784
1.0
0.9999999
1.0
0.99998176
1.0
1.0
1.0
0.9999999
0.99998915
0.99975497
1.0
0.999997
1.0
0.99993384
1.0
0.9999428
1.0
0.9999999
1.0
0.99999976
1.0
0.99999523
0.99999714
0.9999988
1.0
0.9999733
1.0
0.9691994
0.999998
0.9999969
0.99999976
0.9999995
0.99690586
1.0
1.0
1.0
0.9999994
1.0
0.99999964
0.9999851
0.9999988
0.9999999
0.999964
1.0
1.0
1.0
0.9999914
0.99999857
0.9999981
0.99983656
0.9999993
1.0
0.9999877
1.0
1.0
1.0
1.0
0.99998677
1.0
0.9996958
1.0
0.9999999
0.99997246
1.0
0.99999404
1.0
1.0
0.99978477
1.0
1.0
1.0
0.999435
0.9996731
0.999297
1.0
0.99999785
0.99999917
0.9997633
0.9999728
1.0
0.99999976
0.9999999
0.9999999
1.0
0.9998847
0.9994791
1.0
1.0
0.9999999
1.0
0.99999833
0.9999994
1.0
0.99942386
1.0
1.0
0.999977
1.0
0.9999895
0.9917921
1.0
1.0
1.0
1.0
0.99999976
1.0
0.9999871
0.9999956
1.0
1.0
0.99651414
0.9999994
1.0
0.9993044
0.9999032
1.0
0.9999999
0.9999995
1.0
1.0
1.0
1.0
1.0
1.0
1.0
1.0
0.9981851
0.9999924
1.0
0.9999895
0.9999999
0.9999999
0.96992165
1.0
0.999985
1.0
0.9999999
1.0
1.0
0.99999714
0.99998045
0.99998987
1.0
1.0
1.0
1.0
0.9999856
1.0
1.0
1.0
0.99999964
0.9999999
0.99999213
1.0
1.0
0.99996746
0.9999999
0.9999753
1.0
0.9999999
0.99968314
1.0
1.0
1.0
1.0
1.0
1.0
1.0
1.0
0.99999964
0.9999999
1.0
1.0
0.99999785
0.999992
0.9999995
0.9873505
0.99999905
0.9999957
1.0
0.99999976
0.9999999
0.9997086
0.9999864
1.0
1.0
0.9997135
0.99996805
0.9988972
0.9999994
0.99854016
1.0
1.0
1.0
0.85399574
0.9999902
1.0
1.0
0.99654776
0.9999856
1.0
0.99999976
0.9998536
0.9999659
0.99999976
0.9999999
1.0
0.9999622
0.99999857
0.9999945
1.0
0.99974316
1.0
0.9970534
0.99999547
0.9999994
0.99999416
1.0
0.99949527
0.99999845
0.99998665
0.99999464
1.0
0.9999981
0.99999
0.99999905
0.9999994
0.99895155
1.0
1.0
1.0
0.9999995
0.9999999
0.99998975
0.9999943
1.0
0.99992263
0.99991965
0.9999856
0.9999943
0.99999976
0.9999963
1.0
0.9999932
1.0
0.99945194
0.999793
0.99999917
1.0
0.9991547
0.99999714
1.0
0.9999999
0.9999999
0.9999999
0.9999976
0.99943
0.9999995
1.0
0.99999917
1.0
0.99999964
1.0
1.0
1.0
0.99999905
0.9999912
0.9999995
1.0
0.9990056
1.0
0.9999994
0.999998
1.0
1.0
0.9999993
0.9999826
0.9999999
1.0
1.0
0.99999976
1.0
0.99997187
0.99999976
1.0
1.0
0.99999964
0.9998266
0.9999988
1.0
1.0
1.0
1.0
0.9999974
1.0
0.99999976
0.9999976
1.0
1.0
0.99999857
0.9999912
1.0
0.99993765
0.9999995
1.0
0.99999917
0.99999726
1.0
1.0
1.0
0.999933
0.9999993
0.999944
0.9999924
0.999998
0.9999484
0.99999297
0.9999995
1.0
0.99999726
0.9999999
0.9999999
0.99999964
0.9999521
1.0
0.9999857
0.99996054
0.99575657
1.0
0.9999995
0.9999987
1.0
0.996053
1.0
0.9999989
0.9999988
1.0
0.99999046
0.99999964
1.0
1.0
0.9999993
0.99999964
1.0
0.99999976
0.9999999
0.9999999
1.0
0.99997425
0.99998975
0.9999982
0.99999845
1.0
0.99994874
1.0
0.99999845
0.9999999
0.99991465
0.99999475
0.9999994
0.9999988
0.99999964
0.9980977
0.9999939
0.9999925
0.9999999
0.99999905
1.0
0.9998455
0.99999964
0.9999994
1.0
0.9999951
0.9999999
1.0
0.9999999
1.0
0.99999964
0.9999913
0.9999987
0.9999995
0.99967694
0.9999876
0.99999964
1.0
0.99999833
0.9999746
1.0
0.9999951
0.9999999
1.0
0.9982266
1.0
0.9996278
0.99870586
0.99999833
1.0
0.9999993
0.9999999
0.99999225
0.9999999
0.99992824
1.0
0.9999417
0.99992573
0.99994314
1.0
1.0
0.9999889
0.99998057
0.9994861
0.99995804
0.9867106
1.0
1.0
0.999987
0.99999607
0.99997187
0.99999845
0.9996393
1.0
0.99997866
0.9999981
0.99995303
0.9999988
0.9999894
0.99999857
0.9999995
0.99999535
0.9995529
0.99999917
1.0
1.0
0.9999932
0.9998259
0.965221
0.99999976
0.99969697
0.9999987
0.99994934
0.9996605
0.99999726
0.9999964
0.9998629
0.99994075
1.0
0.99999833
1.0
1.0
0.99972194
0.9979692
0.9986437
1.0
1.0
0.99981886
0.9999908
0.99999607
0.9999989
1.0
1.0
0.9999944
0.99864405
1.0
0.99999845
0.9999821
0.9998079
0.99999356
0.99999726
0.99997747
0.99861526
0.98459333
0.99999976
0.99998105
0.9999993
0.9999907
0.9999976
0.99678373
0.999998
0.9999999
1.0
0.9999826
0.99995553
0.9999589
0.99939275
0.9999981
1.0
0.99999976
1.0
1.0
0.9999397
0.99999905
0.9999999
0.9996062
0.99959093
0.9999962
0.9999994
0.9999982
0.99999976
1.0
1.0
0.99999964
0.99993837
0.99981743
0.9999995
0.99999905
1.0
0.9999999
0.9999999
0.999998
1.0
0.99999964
0.99999976
0.9999813
0.99999523
0.99999905
0.99999976
0.9999962
0.99804854
1.0
0.99999964
0.99999964
1.0
0.9999993
0.99703825
1.0
1.0
1.0
1.0
0.9999999
0.99999976
0.99970144
0.99999285
1.0
0.99913114
0.99999666
0.99996483
0.9997867
0.9999999
0.9999995
0.9999999
0.9999993
1.0
0.99999976
0.9999002
0.9998908
0.9999999
1.0
0.9980981
0.99999356
0.9999732
0.99993336
0.99999857
0.9936714
0.99999344
0.99999964
0.99999976
0.9999999
0.99996066
0.99859613
0.9999999
0.9999994
0.9999999
0.9999994
1.0
0.999411
0.99997103
0.9999999
1.0
1.0
1.0
0.99955136
0.9999999
0.9999975
0.99999976
1.0
0.9999988
1.0
0.9999597
1.0
0.9999993
0.9999858
0.9999838
0.99997365
0.9999989
0.9997918
0.9999995
0.9999989
1.0
0.9999976
1.0
0.99999845
0.9999981
1.0
1.0
0.9998807
1.0
1.0
0.9997081
0.99999845
1.0
0.99999607
1.0
0.9999747
0.99999845
1.0
0.9999007
1.0
0.9999995
1.0
0.9999976
1.0
1.0
0.99998546
0.99999785
0.99999964
0.99998474
0.9999678
0.99998724
0.99991333
0.99986625
1.0
0.9999999
0.9999788
1.0
0.9999994
1.0
0.9999999
0.99994564
1.0
0.99989724
0.99991703
0.99999523
1.0
1.0
0.9999893
0.99997604
1.0
0.9999989
0.9999999
1.0
0.9999882
1.0
0.99999964
0.99999964
1.0
1.0
1.0
0.99999964
0.9999995
0.9991959
0.9999076
0.9999362
1.0
1.0
0.9999696
0.9999999
1.0
0.99978346
0.99923587
1.0
0.9999995
0.99991083
1.0
1.0
1.0
1.0
0.9999963
0.9996741
1.0
0.99996305
0.9999907
0.9999883
0.9999908
1.0
1.0
0.99998975
0.99999523
1.0
0.9999567
0.9999999
0.9999747
0.9999999
1.0
1.0
1.0
0.999995
0.999998
1.0
1.0
1.0
1.0
0.9999995
0.99999964
0.9999994
1.0
1.0
0.99999833
1.0
0.99829084
1.0
1.0
1.0
0.99999845
1.0
0.9999989
0.9999995
0.9999974
0.9995784
0.99999964
0.9999907
0.99926144
0.99999857
0.99997437
0.9853731
0.9987923
1.0
0.9999896
0.99999976
1.0
0.99999654
0.9999993
0.99999845
1.0
1.0
0.99996066
0.99999046
0.9999969
0.99985063
1.0
0.99999964
0.9999995
1.0
1.0
0.9999987
0.9999974
1.0
1.0
1.0
0.9999987
1.0
1.0
1.0
0.9999683
0.99999964
0.9999999
1.0
0.9999999
0.9999877
0.99999976
1.0
0.99999726
0.9999815
0.9999975
0.9999999
1.0
0.99999344
1.0
0.99994016
0.99999976
0.9998472
0.9999989
0.99997723
0.9999577
0.9999999
0.9999863
1.0
0.99999964
0.9999994
0.99997115
0.9999912
1.0
0.999998
0.99999964
0.9999459
0.99999976
0.9927619
1.0
0.9999713
0.99996436
1.0
0.99998367
0.9999999
1.0
1.0
0.99999654
0.999997
0.9999994
0.9999933
0.9999993
0.99999845
0.99919504
0.99901795
1.0
0.9999989
1.0
0.9999989
0.9999999
0.9999999
0.9999938
0.9999192
0.99999297
0.9985405
0.9999994
0.9999994
0.99998116
1.0
0.99997854
1.0
0.9999908
1.0
1.0
1.0
0.99999833
1.0
1.0
0.99993145
1.0
0.99602914
0.9999976
0.99964666
0.9885843
0.9999951
0.9999993
0.96238846
0.99999976
0.99766785
0.9999999
0.82479054
0.9996846
0.9964144
0.9999926
0.9932348
0.9999957
0.9999633
0.9914287
0.9999747
0.99999666
0.9999819
0.9992686
0.99997044
0.9999999
0.9999913
0.9999925
0.9999994
0.99999726
0.9999989
0.9999194
0.9999826
0.9999999
1.0
1.0
0.99999785
0.9992644
0.9999727
0.9999989
0.99999774
1.0
1.0
0.99999785
0.99999964
0.99999976
1.0
0.9999999
1.0
0.9999691
0.9997582
0.9999999
0.99999547
0.9999989
0.9998217
0.99999917
0.9999894
0.99999607
0.99999964
0.9999105
0.9999976
0.9995789
0.9956292
0.9995939
1.0
0.99766624
0.99933773
0.99999475
0.9999914
0.99998426
0.9999887
1.0
0.9999999
1.0
0.9999391
0.9996227
0.9999993
0.99972147
0.97767764
0.9988267
0.9999895
0.9998828
0.9999995
0.99990094
0.9991819
0.9999999
0.9999982
0.99969196
0.98234475
0.9999993
0.9996692
0.9729753
0.99999785
0.9999999
0.9999993
0.9999999
1.0
0.99990547
0.99999964
1.0
1.0
1.0
1.0
1.0
0.9999993
0.99999964
0.99999857
1.0
0.9999975
0.9999994
1.0
1.0
0.99999976
0.99999976
0.99999964
0.9999869
1.0
0.9999989
1.0
1.0
0.99999976
0.99999726
0.9999994
0.9999999
0.99999976
0.99999726
0.9999999
0.99879396
1.0
0.99999976
1.0
1.0
0.99999964
1.0
0.9978509
1.0
1.0
0.9999999
1.0
1.0
1.0
0.99991274
0.99999976
1.0
1.0
0.9999993
1.0
1.0
0.99950147
0.9996836
1.0
0.9999995
0.9999988
0.99597746
0.98564494
1.0
1.0
0.99999785
1.0
0.9999999
0.9999999
0.9999728
0.9999304
0.9999993
0.9999994
1.0
0.99997985
1.0
0.9999999
1.0
1.0
0.9993622
0.9999999
1.0
0.99999464
0.9999976
1.0
1.0
1.0
0.9997079
0.9999999
1.0
0.99999475
0.9999796
0.9999976
0.99997926
0.9999995
1.0
1.0
1.0
1.0
0.99996555
0.9999969
0.99835914
0.9999993
1.0
1.0
0.9999987
0.9999994
1.0
0.9999995
1.0
0.9999813
1.0
1.0
1.0
0.99980444
0.99995625
0.99999964
1.0
0.9998944
1.0
1.0
1.0
1.0
1.0
0.9999999
1.0
0.99988747
1.0
1.0
0.99999976
0.88245636
1.0
0.75291616
1.0
0.9998485
0.9997358
0.997686
0.9999933
1.0
0.9999999
0.98654294
1.0
0.98300546
1.0
0.99997246
0.99999976
0.99798167
0.9999987
0.9999994
0.999962
0.9991197
1.0
0.9682321
0.99999917
1.0
0.9986035
1.0
0.99999976
1.0
0.9999994
1.0
1.0
0.9965587
0.9385396
0.9836692
0.4323991
0.9340514
0.9999969
0.99996877
0.9999825
0.9999999
1.0
0.9999635
0.9929173
0.9999751
0.98943007
0.9733691
0.9999174
0.9470172
0.9999999
0.9998996
0.99995387
0.9999995
0.9999031
0.9999994
0.99999857
0.99657
1.0
1.0
0.9999999
0.99999976
0.9999999
1.0
1.0
0.9999912
0.9999989
0.99999976
0.9934469
1.0
0.9983419
1.0
1.0
0.9999999
1.0
0.9999995
0.9999999
0.9999987
0.9987208
0.99999666
1.0
0.99990404
1.0
0.9999999
1.0
0.9999217
0.99999213
1.0
0.99996066
1.0
0.9999995
0.9999993
0.9999877
0.9998493
1.0
0.9999968
1.0
1.0
0.99999964
1.0
1.0
0.99999976
0.99998367
1.0
1.0
0.9999999
0.999998
0.99995565
1.0
1.0
0.9999975
0.9999999
1.0
0.99999547
0.99995816
1.0
1.0
1.0
1.0
1.0
1.0
1.0
0.99999785
0.9931866
0.9773843
0.9998054
0.9995515
0.9999708
1.0
0.9999994
1.0
1.0
0.9999962
0.9999999
0.99999857
0.9999989
0.9999975
0.9999975
0.99357754
0.9999722
0.9999882
0.999998
0.99999917
1.0
0.9999982
0.99999547
1.0
0.9999999
1.0
0.999992
0.99999845
1.0
0.99962497
1.0
0.9999994
0.9985971
0.99999785
1.0
0.9999963
0.99655557
0.99999917
1.0
1.0
0.99999964
1.0
0.99999917
1.0
0.9999918
0.9999988
0.99964726
0.99988854
0.99999833
0.99961495
0.99999976
0.99999964
0.99999964
1.0
1.0
0.9999981
1.0
1.0
1.0
0.99999475
0.99999917
0.9999989
0.99148893
0.9999802
0.99957055
0.94443524
0.99999607
1.0
0.9999999
0.99873
0.99998593
0.99999845
0.99999654
0.9999465
0.9999435
0.99999344
0.9999999
0.99999857
0.99916565
0.9999949
1.0
0.99896705
1.0
0.9999993
0.99998164
1.0
0.99991953
0.99999917
0.99999976
1.0
1.0
0.99999416
0.99428904
0.99916446
0.99995315
1.0
0.999783
0.99025893
0.9970656
0.9999999
0.9999813
0.9999832
0.9999838
0.9999994
0.99999857
0.99991024
0.94726187
0.99193704
0.9999987
1.0
0.9999999
0.99992466
1.0
0.999992
0.9996686
1.0
0.99999833
0.9999311
0.9999709
1.0
0.99999976
1.0
0.99999917
0.9999932
0.9999994
1.0
0.99999976
0.9999927
1.0
0.9999579
0.9982817
1.0
0.9999995
1.0
0.9995061
0.99626863
0.99976295
0.9999889
0.99893254
0.98995835
0.9999995
0.9946603
0.9999691
0.9999987
0.8674883
0.97701913
0.99993944
1.0
0.9999993
0.999982
1.0
0.9829168
0.99999857
0.99604297
0.9999993
0.99999917
1.0
1.0
0.999824
0.9999999
1.0
0.9999989
0.9999894
1.0
1.0
1.0
0.9999651
1.0
0.9999982
1.0
0.9999839
0.99999475
0.99999785
0.9999988
1.0
1.0
0.9999893
0.99995005
0.9999926
0.9999937
0.9999999
0.9999957
0.9999938
1.0
1.0
0.99999917
1.0
0.9999999
1.0
1.0
0.99999774
0.9999267
0.9999976
0.99517536
0.99980706
0.9998779
0.9999982
0.99998355
0.9999913
1.0
0.9999913
0.9448943
0.9978155
1.0
1.0
0.99999976
0.9999962
0.9998882
0.9997749
1.0
0.9999975
1.0
0.9994486
0.9999994
0.9999999
1.0
0.9999945
1.0
1.0
0.99999964
1.0
1.0
1.0
0.99999666
0.99999964
0.9848791
1.0
0.5619921
1.0
0.99504566
0.9999994
0.9999999
0.9999999
0.9999751
1.0
0.9999988
1.0
0.99999976
1.0
1.0
1.0
0.9991867
0.9999968
1.0
0.99998224
0.97269565
1.0
1.0
1.0
0.99999964
0.99964726
1.0
1.0
1.0
0.99999976
0.9999081
1.0
1.0
0.9999995
1.0
1.0
0.9999969
1.0
1.0
1.0
1.0
0.9999999
0.9999999
0.99999976
1.0
1.0
0.99999976
0.9999975
1.0
1.0
0.999992
0.9999716
1.0
0.9998808
1.0
1.0
1.0
0.99999976
1.0
1.0
0.999987
0.9999999
0.99999976
0.9997009
1.0
1.0
0.99835557
0.9999999
1.0
0.9999999
0.99996877
0.9999976
0.99999976
0.9999819
1.0
0.9999999
0.9999999
1.0
0.9999994
0.99999785
0.99998033
1.0
0.99999964
0.9999999
0.9999944
0.9999255
0.99999833
0.9999989
0.9999999
0.99961805
0.9999716
0.9999944
0.99996877
1.0
1.0
0.99999523
0.99905676
0.9996922
0.9990435
0.9999999
0.9999751
0.99999976
0.9991216
0.995647
0.9999565
0.99960786
1.0
0.99999535
1.0
0.9999882
1.0
1.0
0.9999999
0.9996445
0.9157718
0.99996424
0.9992342
0.9985233
0.9998677
0.9999958
0.99999976
0.8391854
1.0
0.9999875
0.9999784
0.99999857
0.9999993
1.0
0.9999174
1.0
0.99999785
0.99999964
1.0
0.9996784
0.9999958
0.99999917
0.9999987
0.9999995
0.9999999
0.99999523
0.99999964
1.0
1.0
1.0
0.9999999
1.0
1.0
1.0
1.0
1.0
1.0
0.99995935
0.99999857
1.0
1.0
1.0
1.0
1.0
0.99999976
0.9999988
1.0
1.0
1.0
1.0
1.0
0.9999999
1.0
1.0
1.0
1.0
0.99999976
1.0
0.99999225
0.9999999
0.9999999
1.0
1.0
0.9999999
0.9962637
1.0
1.0
1.0
0.99999976
1.0
0.9998234
1.0
1.0
0.99914455
1.0
1.0
0.99994826
0.9999912
0.9999999
0.99993706
1.0
1.0
0.99999964
0.9999994
1.0
0.99999976
0.99999976
0.9986941
1.0
0.9999999
1.0
0.9999995
1.0
1.0
1.0
0.99997365
1.0
1.0
1.0
1.0
1.0
0.9999994
1.0
0.9973787
0.99999964
1.0
1.0
1.0
0.99996567
0.9999999
1.0
1.0
0.99999905
1.0
0.9999968
0.9999999
1.0
0.9999988
1.0
0.99999964
0.9999963
1.0
0.9999622
1.0
1.0
0.9999994
1.0
0.99999595
1.0
1.0
0.9999999
1.0
0.9999989
0.99995816
1.0
1.0
0.99996936
0.9999999
1.0
1.0
1.0
0.9999924
1.0
0.9999865
1.0
0.9999893
0.99999964
1.0
1.0
1.0
0.9999968
1.0
1.0
0.99999976
0.9999999
1.0
1.0
1.0
1.0
0.99999905
0.99999845
0.9999852
1.0
1.0
1.0
1.0
1.0
1.0
1.0
1.0
0.9999949
0.99999785
0.9999999
1.0
1.0
1.0
1.0
1.0
1.0
0.9999999
0.999998
1.0
0.99999785
1.0
1.0
0.9999535
1.0
1.0
1.0
1.0
0.9999994
0.99999964
1.0
0.9999981
1.0
0.99999964
1.0
0.99943036
0.9999999
1.0
1.0
1.0
0.99999976
0.9999995
1.0
0.9999995
0.9999999
0.99999976
0.99999976
1.0
0.99999905
0.9999988
1.0
0.9999999
1.0
0.99999964
0.99999917
1.0
0.99729985
0.99999976
1.0
1.0
0.99998105
1.0
0.9999999
1.0
1.0
0.9999999
0.9999949
1.0
0.9999958
1.0
0.9999999
1.0
1.0
1.0
0.99999964
1.0
1.0
0.99993145
1.0
1.0
1.0
0.9999994
1.0
0.9999938
1.0
1.0
1.0
0.9999969
1.0
1.0
0.9999969
1.0
1.0
0.99999964
0.9999999
1.0
0.9999995
1.0
1.0
0.9997992
0.9999486
1.0
0.9999999
0.9999925
1.0
0.999998
0.9999945
1.0
1.0
1.0
1.0
1.0
1.0
0.99997807
0.99999964
1.0
0.9999999
1.0
1.0
1.0
1.0
1.0
1.0
0.99999964
0.9997937
0.99967766
0.99999666
0.9999999
1.0
1.0
1.0
1.0
1.0
0.9999999
0.9999968
0.9999976
1.0
0.9999974
1.0
1.0
1.0
1.0
1.0
1.0
0.9999925
0.9999913
0.9999999
0.9999901
1.0
1.0
1.0
0.99999976
1.0
0.9999999
1.0
1.0
1.0
0.9999956
1.0
0.99999774
1.0
0.99999917
1.0
0.99999976
0.9999449
0.9997365
0.99999
0.9999838
1.0
0.99999774
1.0
1.0
1.0
1.0
1.0
0.99999857
1.0
0.99997973
1.0
1.0
1.0
0.99999774
1.0
0.9999995
0.9999988
1.0
0.9999969
0.9999999
1.0
1.0
1.0
1.0
1.0
1.0
0.9999999
0.99999976
1.0
1.0
1.0
0.9999988
0.99013
1.0
1.0
0.9999995
0.999995
0.9999807
1.0
0.9998566
0.9999999
1.0
1.0
0.9999999
1.0
0.9999995
1.0
0.999941
0.9999999
0.9999969
0.9997218
0.99998605
0.99999976
1.0
0.9999999
0.9999999
0.9991953
1.0
1.0
1.0
1.0
1.0
1.0
0.99645495
1.0
1.0
0.9999999
1.0
1.0
1.0
0.99995685
0.99999213
1.0
0.9999999
0.99999976
1.0
1.0
1.0
0.9999752
0.9999987
0.99999964
0.9999908
1.0
0.9998944
1.0
1.0
1.0
1.0
0.9999999
1.0
1.0
1.0
0.9998301
0.9999999
0.9991615
1.0
1.0
1.0
1.0
0.99997354
1.0
0.9999914
0.9999436
0.9999949
0.999984
0.9999951
0.9999987
0.9999995
1.0
1.0
1.0
0.9999999
0.99991846
0.9978398
1.0
1.0
1.0
0.9999113
1.0
1.0
1.0
0.99999917
1.0
1.0
0.9999989
1.0
0.99999976
0.9999838
0.99999905
0.99999976
0.9999937
0.9999596
1.0
0.99999475
0.99999833
1.0
0.9999995
1.0
0.99999976
1.0
0.99999976
1.0
1.0
1.0
0.9999151
0.9999987
1.0
0.9999968
0.9998503
0.9999995
1.0
0.99999976
0.99999976
0.99999976
0.99999595
0.9999896
0.9999851
1.0
0.99999964
0.99566805
0.99803656
1.0
0.995884
0.9999999
0.99953175
0.99043804
0.9996481
0.999941
0.9999734
0.94829094
1.0
1.0
0.9999999
0.99998224
0.8881878
0.99990773
0.9984925
1.0
0.9993519
0.9999987
0.99999917
0.99998295
0.9999306
0.99999976
0.9999999
0.9999993
0.9988587
0.9999778
0.9999871
0.99998534
0.9999931
0.99999917
1.0
0.99994946
0.99880195
0.9998927
0.99990606
0.9999999
1.0
0.999997
0.9999341
0.9999629
0.99996746
0.9999999
0.99999464
1.0
0.99999976
0.9973538
0.9999988
0.9999999
1.0
0.9999995
0.9999479
0.9999995
1.0
1.0
1.0
1.0
0.9999701
0.9935947
0.99999774
0.945326
0.99999976
0.9999994
0.9999999
1.0
0.99999833
1.0
1.0
0.9996062
1.0
0.99999857
0.99999833
1.0
0.9999943
0.99999917
1.0
1.0
0.99999714
0.99993205
1.0
1.0
0.99996626
0.9999099
0.9999727
0.9999999
1.0
1.0
1.0
1.0
1.0
1.0
1.0
0.99975747
0.9999994
0.9999927
1.0
1.0
1.0
1.0
0.9987998
1.0
0.99996305
1.0
1.0
1.0
0.99999964
0.9999857
0.9999982
1.0
1.0
1.0
1.0
0.9999896
1.0
1.0
0.99999905
0.99999833
0.99993825
1.0
0.9999455
1.0
1.0
1.0
1.0
1.0
0.9999455
1.0
1.0
0.9999331
1.0
0.9999918
0.9999912
1.0
0.9999447
1.0
0.99999475
1.0
0.9999976
0.9999994
0.99987936
1.0
1.0
0.9992945
1.0
0.99999976
1.0
1.0
0.99995697
1.0
1.0
0.999982
0.9999927
0.9999976
1.0
0.999613
1.0
0.9999999
0.9999968
1.0
0.9985423
1.0
0.9999999
0.9999982
0.9999995
1.0
1.0
1.0
1.0
1.0
0.9999999
1.0
0.99999344
1.0
1.0
0.9999999
0.9999993
0.9999999
0.99990714
0.9999994
0.9999999
0.9999988
1.0
1.0
0.9999999
0.99999964
1.0
1.0
0.9996306
0.99999714
0.9999994
1.0
0.99999976
1.0
0.99999344
0.99999607
0.99894506
0.99999833
0.9999951
0.999977
0.9999217
0.99997926
0.99999976
1.0
0.9984263
0.99999034
0.9998597
1.0
0.99954945
1.0
0.9999999
0.9999454
0.99999726
0.99990344
1.0
0.99952066
1.0
0.9999987
1.0
1.0
1.0
1.0
1.0
0.99999774
1.0
1.0
0.9999982
0.9999995
1.0
0.9999995
0.99998593
0.9999995
1.0
0.99999917
0.9999449
0.9998561
1.0
0.9999995
0.99999976
0.9999999
0.9999943
1.0
0.98744094
0.99999523
0.999949
0.9997776
0.9999956
0.9999994
0.9999974
0.9974892
0.9999999
0.9999999
1.0
1.0
1.0
0.9999999
1.0
0.99999976
0.99999523
1.0
1.0
0.99999964
0.9999664
1.0
1.0
0.9999999
1.0
1.0
1.0
1.0
0.9077292
0.9999999
1.0
1.0
1.0
1.0
1.0
0.9999999
1.0
1.0
1.0
0.9999999
0.99998856
0.99995565
1.0
1.0
0.9999671
0.9999962
1.0
1.0
1.0
1.0
1.0
1.0
1.0
1.0
1.0
0.99999964
0.9999994
1.0
0.99999976
1.0
1.0
1.0
1.0
1.0
0.99771774
1.0
1.0
0.99999917
0.99999976
1.0
0.9999999
1.0
0.9999999
0.99999964
1.0
1.0
1.0
1.0
0.9999999
0.99998105
1.0
0.99999976
1.0
1.0
0.9999999
1.0
1.0
0.99999976
1.0
1.0
0.999671
0.9999999
0.9999999
1.0
0.9999832
0.9999999
1.0
1.0
0.9999964
1.0
1.0
0.9999943
0.9999002
1.0
1.0
0.9999769
1.0
1.0
0.99999976
1.0
0.99999964
1.0
1.0
1.0
0.9999999
1.0
0.9999999
0.9999974
1.0
1.0
0.99999595
1.0
1.0
0.99993
0.9998349
0.99978524
1.0
1.0
1.0
0.9999999
0.96005595
1.0
1.0
0.9999449
0.99999726
0.99995995
0.9999832
1.0
1.0
0.9999715
0.9999988
1.0
0.999997
1.0
1.0
0.99992955
0.99985063
1.0
0.99998224
1.0
0.9999858
1.0
0.9999796
0.9999999
0.99998164
0.9999999
0.9998727
1.0
0.99999654
0.9999826
0.9999994
0.99999166
1.0
0.9999995
0.9999931
1.0
0.9999999
1.0
1.0
0.99857485
0.9861253
0.9999341
1.0
0.99518436
0.9999933
0.9999976
0.99999976
0.99999976
0.9999995
1.0
0.9999999
0.9998883
1.0
1.0
0.9999782
0.9999999
1.0
1.0
0.9999988
0.99999774
0.99999416
1.0
1.0
1.0
0.999897
1.0
1.0
1.0
0.9999999
1.0
0.9999999
0.9999999
0.9999994
0.9999999
0.9996892
0.9999926
1.0
1.0
1.0
1.0
1.0
0.9999945
0.99999964
0.9999994
0.99999356
0.99998784
1.0
1.0
1.0
0.99999857
0.99999225
0.9999989
0.9999995
1.0
1.0
0.99999785
0.9999635
1.0
1.0
1.0
0.9999821
0.9999541
0.9999995
0.99999976
1.0
1.0
0.9999931
1.0
0.9999927
0.9999821
0.99995816
0.9999994
0.99999654
0.99998474
0.9999993
0.99975604
1.0
0.9999988
0.99998724
0.999998
0.99989855
1.0
1.0
0.99721307
1.0
0.9999877
0.9991756
0.9999999
0.9999993
0.9999999
0.9999666
0.99999535
1.0
0.9999994
1.0
0.9940963
1.0
1.0
1.0
0.99999976
0.99998677
0.99999964
1.0
1.0
0.9999908
0.9955663
0.9999999
1.0
0.92372847
0.9999981
0.99999726
1.0
0.99998367
0.99999523
0.9999926
0.9999808
0.99625045
0.99957234
0.9996395
0.999954
0.99995744
1.0
0.99996924
1.0
0.999995
1.0
1.0
0.9999987
0.9998851
0.9999974
0.999995
0.9999361
0.9999511
1.0
0.9999976
1.0
1.0
0.9999989
0.9999993
1.0
0.9996687
1.0
0.9999919
0.9999999
0.99999905
0.9999999
1.0
0.99998415
1.0
0.99872786
0.99999976
1.0
1.0
0.9999999
0.9999974
0.99998736
1.0
1.0
0.9998
1.0
1.0
0.9999963
0.99999976
0.9997985
0.9999982
0.5423205
0.99999654
1.0
1.0
0.999998
0.9999982
0.9999999
0.99598324
0.9999999
0.99994373
1.0
1.0
0.9998965
1.0
1.0
1.0
0.99999976
1.0
0.9999994
1.0
0.99841285
0.9999846
1.0
0.9995351
0.9999994
0.99973804
0.99996424
0.9999846
0.9999994
1.0
0.99946135
0.9998766
0.9999993
0.48025563
0.99999833
0.9998971
0.9997304
0.9999304
0.99910283
0.99999344
0.8186908
0.99999535
0.9999962
0.99999833
0.99997854
0.9999846
0.9998141
0.92745996
1.0
0.99368393
0.99999785
0.7250293
0.9999713
0.99999833
0.9999808
0.7422831
0.99980134
0.999984
0.9991635
0.9999999
1.0
1.0
0.99998164
0.99998426
0.99999785
0.9994653
0.9944066
1.0
0.99999666
1.0
0.999998
0.9983317
0.99997556
1.0
0.99082583
1.0
0.9999728
0.9898302
0.999201
0.9998976
1.0
0.9999994
0.9914704
1.0
1.0
0.9926058
1.0
0.9999999
1.0
0.9996711
0.9989711
0.9989213
0.38985658
1.0
0.9999995
1.0
0.9999585
0.99999845
1.0
0.9998814
0.9458821
0.99984574
0.99999964
0.9999995
0.9998665
0.885431
0.99568176
0.9932087
0.9999945
0.99996376
0.99999833
0.87999076
0.999967
0.99920756
0.99869365
1.0
0.9984951
0.9999993
1.0
0.99999666
1.0
0.99999964
0.99998295
0.99999666
1.0
0.9999844
0.9999646
0.98846215
1.0
0.9988765
0.9999999
1.0
0.9999852
0.9997265
1.0
1.0
0.9999566
0.9999951
0.99999964
0.999706
1.0
1.0
0.999889
0.9997075
0.99995136
0.99999917
0.99571997
1.0
0.9999672
0.99971443
0.99999964
1.0
0.999948
0.9979785
0.9942836
0.99999833
1.0
0.9999993
0.99899274
0.9999428
0.999871
0.9999999
0.95267487
0.9999907
0.9997093
0.9988372
0.99999607
0.99949884
0.96857053
0.99998105
0.99999976
0.9998166
1.0
0.9999995
0.99995446
0.9974425
0.9999958
0.9999949
0.99999964
1.0
0.9993806
0.49219042
0.99991965
0.63797677
0.9999974
1.0
0.99999917
0.9999999
0.9999988
0.9999988
0.9964295
0.99999416
0.9696981
0.9999908
0.9999777
0.99726856
1.0
0.99999833
0.99999964
0.9999701
0.99999964
0.99999714
0.9999962
1.0
0.9999993
0.6518405
0.9985545
0.9999813
0.9999987
0.9999999
0.9999995
0.9999957
0.9999957
0.9998423
0.9999999
0.9999999
0.9999938
1.0
1.0
1.0
1.0
0.99840575
0.9999064
0.9999999
0.97215706
1.0
0.99999976
1.0
0.9999677
0.9999989
1.0
0.9999968
0.99999666
0.9998704
1.0
1.0
1.0
1.0
0.99999964
0.9999987
1.0
0.9998994
0.9986504
1.0
0.99997103
0.9964479
0.9999778
0.9999987
0.9999999
1.0
0.99999976
0.99999964
0.9976121
0.99903715
0.9999988
1.0
0.9999988
0.9999999
0.9999999
0.9999999
0.89572245
0.9999994
0.9999784
0.8642121
1.0
1.0
1.0
1.0
0.9509103
0.999864
1.0
0.99985003
1.0
0.99999964
1.0
0.99996865
0.9999913
1.0
0.9999975
1.0
0.9946672
1.0
1.0
0.99999917
0.9999999
1.0
1.0
0.98872817
0.9999994
0.99999976
1.0
0.9999999
0.9978383
0.9999883
1.0
0.99999857
0.9992483
0.9995813
0.99994326
0.99999917
0.9999999
0.95717674
1.0
0.9976799
0.98413
0.9999223
0.981059
0.9999989
1.0
1.0
0.9999995
1.0
0.99999964
0.9999975
0.9999225
0.99988735
0.99998784
0.98408115
0.8408629
0.99697673
1.0
1.0
0.9999999
0.9999999
0.9999999
0.9999999
0.9998342
0.9999999
1.0
0.9999908
0.9999993
0.99396366
0.9999995
1.0
0.9999882
0.9937197
0.99999976
0.9998
0.99998367
0.99999774
1.0
1.0
0.99999976
0.999998
0.999998
0.99979407
1.0
0.9999999
0.99999917
0.9999999
0.9999958
1.0
0.9999268
0.9980368
0.9899541
1.0
0.9999976
0.9999975
0.99991965
0.9999882
0.99999833
0.99999595
0.99999976
0.9999999
0.9999801
1.0
0.9997737
0.9999802
1.0
0.99999917
1.0
1.0
0.9994925
0.99999964
1.0
0.9999875
1.0
0.99998116
0.99999845
0.99999964
1.0
1.0
0.99999785
0.99840695
0.99999344
0.9999993
0.999798
0.999982
0.9997949
0.99985206
0.99999917
0.99998796
1.0
0.9998863
0.9998047
0.71054053
1.0
0.9999988
0.9998574
0.9999995
0.99999976
1.0
1.0
0.99999917
0.99999976
0.9999043
0.9996244
1.0
1.0
1.0
0.999998
0.99999595
0.9999958
