1.0
1.0
1.0
0.9999999
1.0
1.0
0.99999475
1.0
0.9999455
0.9999995
1.0
0.99999976
0.9999901
1.0
1.0
1.0
0.9999988
0.9999999
0.97876954
1.0
0.9999994
0.99999833
1.0
1.0
0.9999999
1.0
0.9999999
1.0
0.99999905
0.99999964
1.0
0.9999963
0.99999964
0.99999845
0.99999976
1.0
0.9999989
0.9999999
0.99999344
1.0
1.0
0.999998
0.99999034
0.9999707
0.99999297
1.0
0.9999902
1.0
1.0
1.0
0.9999951
1.0
1.0
1.0
1.0
1.0
1.0
1.0
0.9999994
0.9999981
0.99999976
1.0
0.98566693
0.99992526
1.0
0.9999924
0.9999999
0.9999994
1.0
1.0
0.9999999
1.0
1.0
0.9999429
0.9999995
1.0
1.0
1.0
0.9999889
0.99999964
0.9999993
1.0
1.0
1.0
1.0
1.0
0.99999976
0.99999976
1.0
0.9999999
1.0
1.0
0.9041198
0.9999964
1.0
0.99998224
0.9995509
0.99999666
1.0
1.0
1.0
1.0
1.0
1.0
0.9999708
0.9999999
0.9999999
0.9999372
0.99999964
1.0
1.0
0.99992156
0.9999999
1.0
1.0
0.9699084
0.9999994
1.0
0.9999982
0.9997546
1.0
0.99984455
0.9999999
1.0
0.99994004
0.9999063
1.0
1.0
1.0
1.0
1.0
1.0
1.0
1.0
1.0
1.0
1.0
1.0
1.0
0.99993634
1.0
1.0
0.9999999
1.0
1.0
0.99999976
1.0
1.0
1.0
0.99865997
1.0
0.98054
1.0
1.0
0.9999993
1.0
1.0
1.0
0.99999297
1.0
0.9997178
1.0
1.0
1.0
1.0
1.0
1.0
0.9999987
1.0
1.0
1.0
0.9993899
1.0
0.9999999
1.0
0.99793065
1.0
1.0
1.0
1.0
1.0
1.0
1.0
1.0
0.99999094
0.99995375
1.0
1.0
1.0
0.9999889
0.99999845
0.999951
0.9999993
0.99960357
0.99999976
0.99953103
1.0
1.0
0.9999988
0.999936
1.0
1.0
0.9999994
0.9999995
1.0
1.0
0.9999753
0.99999964
1.0
0.9994531
1.0
0.99250907
1.0
1.0
0.9999995
0.99999833
1.0
0.9923809
1.0
1.0
0.9999995
0.9999914
1.0
0.9999999
0.9999999
1.0
0.99999976
1.0
0.9999999
0.9999981
0.99999964
1.0
1.0
1.0
0.99999905
0.9999999
1.0
1.0
1.0
1.0
1.0
0.9999739
0.9999958
0.9999825
0.9999994
0.99999857
1.0
0.99723333
1.0
1.0
0.9999999
0.9999738
1.0
1.0
1.0
0.9999857
0.99999964
0.99999964
1.0
0.9169883
1.0
1.0
1.0
0.99999905
0.99889565
1.0
0.9998858
1.0
0.99999964
0.9999999
0.9999995
1.0
0.9999995
0.9999999
1.0
0.9999999
1.0
1.0
1.0
1.0
0.9999999
1.0
0.9947995
1.0
0.9999999
1.0
0.99999905
0.99999964
1.0
0.99999964
0.9995957
0.99999475
0.9999615
1.0
0.9999999
1.0
1.0
0.99999833
1.0
1.0
1.0
1.0
1.0
1.0
1.0
1.0
1.0
1.0
1.0
1.0
1.0
1.0
1.0
0.99998665
1.0
1.0
0.9999994
1.0
0.99999976
1.0
0.9758731
0.66189134
0.9999999
1.0
0.9997296
0.99999833
0.9979527
0.9999999
0.99999535
1.0
1.0
1.0
1.0
0.9999999
1.0
1.0
0.9995586
0.99924767
0.99999976
0.9999981
0.7830225
0.9999989
1.0
1.0
1.0
1.0
1.0
1.0
1.0
0.9999995
0.99999034
1.0
1.0
1.0
0.9999993
1.0
1.0
0.99999905
0.996935
0.99275947
0.9999999
1.0
0.9999832
0.999998
1.0
1.0
0.99990046
1.0
0.99998355
1.0
1.0
1.0
1.0
1.0
1.0
1.0
0.999997
0.9999999
1.0
1.0
0.9999999
0.9979721
0.9999999
1.0
1.0
1.0
0.99999833
1.0
0.9999981
0.99999964
1.0
0.9999993
1.0
0.9999999
0.9999987
1.0
1.0
0.9999999
1.0
1.0
0.9999901
1.0
1.0
0.99999976
0.9999924
1.0
1.0
1.0
1.0
0.999995
1.0
0.9998722
0.9984333
1.0
0.9999962
0.99988234
1.0
0.99968576
1.0
0.9999999
0.9999975
0.9999995
0.99999785
1.0
1.0
1.0
1.0
0.9999999
1.0
1.0
1.0
0.99999976
0.99999976
1.0
1.0
0.9999052
1.0
1.0
0.9999988
0.99999964
1.0
0.9999949
0.99999976
0.9999999
0.99703217
0.5765939
0.9999989
0.95019937
0.9997464
0.71306306
0.9985902
1.0
0.9999994
1.0
0.99999845
1.0
0.9999579
0.99996865
1.0
1.0
0.99999285
1.0
1.0
1.0
0.9999808
0.99999976
1.0
1.0
0.9999808
0.99999964
1.0
0.99999976
1.0
1.0
1.0
0.9999999
1.0
1.0
0.9999914
0.99987686
1.0
1.0
0.9999999
1.0
1.0
0.9999999
1.0
0.99999905
0.99999976
1.0
0.9997855
0.9999999
0.9999865
1.0
1.0
0.94712687
1.0
0.9992599
0.999998
0.9999999
1.0
1.0
1.0
1.0
0.99999976
1.0
0.9999999
0.9995882
0.999998
1.0
0.9999995
0.99990225
1.0
1.0
1.0
0.99999964
1.0
1.0
1.0
0.9999999
1.0
0.99999964
0.99999917
0.9999237
0.9999999
1.0
0.99999917
1.0
0.9999999
1.0
0.99990976
0.9999999
0.9999988
1.0
0.99999976
1.0
1.0
1.0
1.0
1.0
1.0
1.0
0.99999785
0.9959882
1.0
0.99999917
1.0
0.9999875
0.99999917
0.9999999
0.9999958
0.93538254
0.9994199
1.0
0.99999976
1.0
1.0
0.9999534
0.9999999
0.99998355
1.0
0.99999774
1.0
1.0
1.0
1.0
1.0
1.0
0.9999999
0.99999785
1.0
0.9978009
0.9999999
1.0
1.0
0.99999845
1.0
1.0
1.0
1.0
1.0
0.9999999
0.9244112
0.9105362
0.9999993
1.0
1.0
1.0
1.0
1.0
1.0
0.9950923
1.0
0.9997428
0.9999999
0.9999999
1.0
0.99996793
0.99999976
1.0
1.0
1.0
1.0
0.99999774
1.0
0.9999981
1.0
1.0
1.0
1.0
0.9999999
0.99999857
1.0
0.9997794
1.0
0.99991
0.9999999
1.0
0.99999714
0.995771
0.9999988
1.0
1.0
1.0
0.9999939
0.52006155
1.0
1.0
0.99999976
0.9999982
1.0
1.0
1.0
1.0
1.0
0.9999627
1.0
1.0
1.0
0.999998
0.9999975
0.9999999
0.9999542
1.0
0.9999999
0.9999373
0.99504155
0.9999999
1.0
0.9999999
0.9999784
1.0
1.0
1.0
1.0
0.9999999
1.0
1.0
0.999739
0.5255664
1.0
0.9999846
1.0
1.0
1.0
1.0
0.9999875
0.9999696
1.0
0.9999994
0.99999356
0.99999547
1.0
0.9999738
0.8556892
1.0
0.9999976
1.0
0.9999987
0.99999917
1.0
1.0
1.0
0.9999976
0.9774883
1.0
1.0
1.0
0.9999994
0.9990928
1.0
0.9990225
0.99999964
0.9999999
1.0
1.0
0.9999999
1.0
0.9999889
0.99998987
0.9999968
1.0
0.99999964
1.0
0.9999999
1.0
1.0
1.0
0.9999999
1.0
1.0
1.0
0.99999976
1.0
1.0
0.9999932
0.87492275
0.96414256
1.0
1.0
0.9917783
1.0
1.0
0.99966085
1.0
1.0
0.98516756
1.0
0.9999974
0.99999964
0.9999974
1.0
1.0
1.0
0.99999976
1.0
0.9999999
0.9999813
0.9885439
0.9999974
0.9955727
0.99999833
1.0
0.99999917
1.0
0.9999999
0.9998982
1.0
0.99999976
1.0
1.0
1.0
1.0
1.0
1.0
0.99999976
0.99999964
1.0
1.0
0.9999999
0.99990034
0.9999831
0.9999988
1.0
1.0
0.9999999
1.0
0.99999845
1.0
0.99999905
1.0
0.9999994
1.0
1.0
1.0
1.0
1.0
1.0
1.0
1.0
0.9999367
0.99986506
0.9999999
0.9999999
1.0
0.99999547
0.9960263
1.0
1.0
0.99999034
0.99999905
0.9999875
1.0
1.0
1.0
0.99999964
1.0
0.99995947
0.9999999
1.0
0.9999939
1.0
1.0
1.0
0.99999905
1.0
1.0
0.9999999
1.0
1.0
0.9999896
1.0
1.0
0.9713281
1.0
1.0
0.99999535
1.0
0.9999999
1.0
1.0
1.0
1.0
0.9999993
1.0
1.0
1.0
0.99999726
1.0
0.99992466
1.0
1.0
1.0
0.99998116
0.9999999
1.0
1.0
0.9999999
1.0
0.9997943
0.9999999
1.0
0.999979
1.0
0.99424464
0.999998
0.89666694
1.0
1.0
1.0
1.0
0.99999976
1.0
1.0
0.9999999
1.0
1.0
0.9999993
1.0
0.999946
1.0
1.0
1.0
1.0
1.0
1.0
0.9999733
1.0
1.0
1.0
0.999876
1.0
0.99999917
1.0
0.999992
0.9999987
1.0
0.99999154
0.9999993
1.0
0.99999654
0.9887605
0.93915284
0.53235155
1.0
0.99997723
0.9999999
1.0
0.99999905
1.0
0.99999714
1.0
1.0
1.0
1.0
0.9999845
0.99988234
1.0
0.99973553
1.0
0.99942684
0.9999999
0.9996693
0.9999783
1.0
1.0
0.9999957
0.99999917
1.0
0.99999905
1.0
1.0
1.0
0.9999999
1.0
1.0
0.9999988
1.0
0.9999871
1.0
1.0
1.0
0.9999999
1.0
0.9964774
1.0
0.9999994
1.0
0.9999995
1.0
0.9999902
1.0
0.99999833
1.0
1.0
1.0
0.9999304
1.0
0.68095475
0.99936587
0.9998913
1.0
0.9999999
1.0
0.9999981
1.0
0.99999356
0.9994168
1.0
0.9999926
0.9998118
0.99999976
0.99999964
1.0
1.0
0.99999285
0.9853101
0.9999999
0.92986685
1.0
0.9999622
1.0
0.9999969
0.99999976
0.99999964
0.99633515
0.99999535
1.0
1.0
0.99929273
1.0
1.0
1.0
1.0
1.0
1.0
0.99999857
0.9999999
1.0
0.9999999
1.0
0.9999995
0.9999485
1.0
0.9999999
1.0
0.9999995
0.9999968
0.9999999
1.0
1.0
1.0
0.9999989
0.99999905
0.9999988
0.99999857
1.0
1.0
1.0
0.9999999
1.0
1.0
0.9999995
1.0
0.99999857
1.0
0.9999907
1.0
0.9999987
1.0
0.9999999
1.0
0.9999949
0.99999964
0.9999908
0.99999964
1.0
0.9999981
1.0
0.99999714
1.0
0.9999312
0.9999602
1.0
0.99999845
1.0
0.99996495
1.0
1.0
1.0
1.0
0.99999917
0.99999833
0.9963451
0.9999994
0.9999999
1.0
1.0
1.0
0.39136097
1.0
1.0
0.9999993
1.0
0.9995646
0.99437803
1.0
1.0
1.0
1.0
0.9999927
0.9999937
1.0
1.0
1.0
0.99995947
0.99999976
0.99999964
0.9999995
0.99999726
1.0
0.9999963
0.9987734
0.99999964
1.0
1.0
0.99999976
1.0
0.9999993
1.0
1.0
0.9999999
0.99268484
1.0
1.0
1.0
1.0
1.0
1.0
1.0
1.0
0.999979
0.9999994
1.0
1.0
1.0
0.9999999
0.99999964
0.9999999
0.9999989
0.9999962
1.0
0.999997
1.0
1.0
1.0
1.0
0.9999999
0.99999774
1.0
0.99999976
0.99998105
1.0
1.0
1.0
0.9999999
1.0
0.9987972
0.99999714
1.0
1.0
1.0
0.6245494
1.0
0.9989542
1.0
1.0
0.9999988
0.9999994
0.9999975
1.0
0.9999844
0.9999796
1.0
0.9999999
0.9999995
0.9999999
1.0
0.99148154
1.0
0.99999475
1.0
1.0
0.99999726
1.0
1.0
0.9999999
1.0
0.9999982
1.0
1.0
0.9999987
1.0
0.99999297
1.0
0.99999654
1.0
0.9999782
0.9999993
1.0
0.99999976
0.9999999
1.0
0.9999876
1.0
1.0
0.9995988
1.0
1.0
1.0
1.0
0.99999833
1.0
1.0
0.99994814
1.0
0.99998915
1.0
1.0
0.9999783
1.0
0.99999833
1.0
0.999052
1.0
1.0
0.99999905
1.0
0.99999046
1.0
0.9999999
0.9998547
0.64481163
1.0
0.9999999
0.9999999
1.0
0.99999845
0.99999964
1.0
1.0
0.98870134
0.99985635
1.0
0.99999964
0.9999981
1.0
0.9999999
0.99999917
0.9999994
1.0
1.0
0.99710244
1.0
0.99981993
1.0
0.9990959
1.0
0.9999987
0.9999939
1.0
0.99998724
0.99995697
1.0
1.0
0.99999905
0.99988747
0.99995553
1.0
1.0
1.0
1.0
1.0
0.9999999
0.9997348
1.0
0.9858613
1.0
0.9999925
1.0
0.99999964
0.99999976
0.99285465
0.9999994
0.99999905
1.0
0.9999999
0.9999999
1.0
0.9999602
1.0
0.9999969
0.71759146
0.99999297
0.99998796
1.0
0.9999982
0.93565464
0.9999745
1.0
0.9999995
0.99998343
0.9999982
1.0
1.0
1.0
0.9999802
1.0
0.9999999
0.99999964
0.81388754
1.0
1.0
0.9999213
0.9999976
1.0
0.999998
1.0
1.0
1.0
0.9999999
1.0
0.99999785
0.9999881
0.9995819
1.0
1.0
0.9999999
1.0
0.9996543
1.0
1.0
0.99994326
0.99999976
1.0
1.0
1.0
1.0
0.9999871
0.9996215
0.9979128
1.0
0.9999858
1.0
1.0
1.0
0.99999285
1.0
1.0
0.95179456
1.0
0.99999416
0.9999956
1.0
1.0
0.9999999
1.0
0.9999999
1.0
1.0
0.9999963
1.0
0.9999999
1.0
1.0
0.99998474
1.0
1.0
0.9999993
0.67516744
1.0
0.9999999
1.0
1.0
1.0
0.9999999
0.94910496
0.99999976
0.9867551
1.0
0.99999416
0.9999902
1.0
1.0
0.9999994
0.9999964
0.9999999
0.9996611
0.99999976
0.99971
1.0
1.0
1.0
0.9999999
0.9999869
0.9999999
0.9999999
0.99995565
1.0
1.0
1.0
1.0
1.0
1.0
1.0
0.9999851
0.999956
0.99999976
1.0
1.0
0.9999999
1.0
1.0
1.0
0.7317136
1.0
0.9999964
1.0
1.0
1.0
1.0
1.0
1.0
1.0
1.0
0.9999999
1.0
0.99942833
0.997661
1.0
1.0
1.0
1.0
0.9999982
0.99999964
0.999691
0.99999714
1.0
1.0
1.0
1.0
0.99999654
0.9999999
0.7954738
0.96588945
0.9999913
1.0
0.9996592
0.99999964
1.0
0.9999999
0.9999995
0.99996316
0.96647805
0.99998796
1.0
0.99999964
1.0
0.99996793
0.99999964
1.0
0.99985254
1.0
0.99999833
0.533013
0.99085313
1.0
0.99999964
0.99999976
1.0
1.0
1.0
0.99999976
0.9999863
1.0
0.99961
1.0
0.99999416
0.99999905
0.99980265
0.9999999
0.99999976
0.9999999
0.9999969
0.99999964
0.99999845
0.9999871
0.9999999
0.99859613
0.999964
0.9979505
0.9999522
1.0
1.0
0.9996879
1.0
0.9999995
0.99999714
1.0
1.0
1.0
1.0
1.0
0.99982446
0.99998975
0.9999999
1.0
1.0
0.9999995
0.99169475
1.0
1.0
0.99999964
0.99999976
0.99999785
0.99999976
0.9999951
0.9999989
0.99999976
0.9999883
1.0
1.0
0.9999989
1.0
1.0
0.99999654
0.9999999
0.9999999
1.0
1.0
1.0
1.0
0.99983764
1.0
1.0
1.0
1.0
1.0
0.9999969
1.0
0.9999999
1.0
0.9998412
1.0
0.9999925
0.9999993
0.99999046
1.0
1.0
1.0
0.9948736
0.9999999
0.999998
0.9999999
0.9999995
0.9999894
1.0
0.9999982
0.99983025
0.9999918
0.99999976
0.9999999
0.9999999
1.0
0.9999919
1.0
0.999772
1.0
0.9999999
1.0
0.99955684
1.0
0.9367276
0.999985
1.0
1.0
0.9999999
0.9522358
1.0
1.0
0.71876544
0.9999987
0.99999964
0.99999666
0.99999785
1.0
1.0
0.99999774
1.0
1.0
1.0
1.0
1.0
0.99999225
1.0
1.0
1.0
0.9999554
0.9999999
0.99780554
1.0
0.9991373
1.0
0.83007544
0.998069
1.0
1.0
0.9999999
0.9999949
0.9977792
1.0
1.0
0.9999968
0.9999999
1.0
1.0
0.99999785
1.0
1.0
0.97741085
0.9979012
1.0
1.0
1.0
1.0
1.0
0.9999976
1.0
1.0
0.9999975
1.0
0.995743
1.0
0.99998426
0.9999989
1.0
0.9999999
0.99988425
1.0
1.0
0.9999993
1.0
0.99999547
1.0
0.99998474
0.9998288
1.0
0.99999714
1.0
1.0
0.99859995
0.99999917
1.0
1.0
0.9999999
1.0
1.0
0.99933857
1.0
0.99998903
1.0
0.9570619
1.0
1.0
0.99999213
1.0
0.9999999
1.0
0.99999976
1.0
0.9999995
0.71033585
1.0
1.0
0.9999982
1.0
0.99998176
1.0
1.0
1.0
1.0
0.9999975
1.0
1.0
0.9982886
1.0
1.0
0.9999254
0.99999666
1.0
1.0
0.99650085
1.0
1.0
1.0
1.0
1.0
1.0
0.9999988
0.99999964
0.9999999
1.0
1.0
1.0
0.9996486
1.0
1.0
1.0
1.0
0.9999999
0.99998903
1.0
1.0
1.0
1.0
1.0
1.0
0.99999726
1.0
1.0
0.99999976
0.99983954
1.0
0.9998276
1.0
1.0
0.9999547
1.0
0.9958664
1.0
0.9999999
0.79648715
0.99970526
1.0
1.0
1.0
0.9083878
0.9999999
1.0
0.9998932
1.0
0.9999728
1.0
1.0
0.99999964
0.99999464
0.99999833
0.99999666
1.0
1.0
1.0
0.9999485
0.99998975
1.0
1.0
0.9999999
0.9999999
0.9999721
1.0
0.9400768
0.9999994
0.99999976
0.9999999
1.0
0.99999976
1.0
0.999951
0.9945669
0.9999727
1.0
1.0
0.99692374
0.99993503
1.0
1.0
0.99999523
1.0
0.9999999
0.99999964
0.9999999
0.9999968
1.0
0.9999968
1.0
1.0
1.0
0.99999964
0.9434285
1.0
0.9999994
1.0
0.9999987
1.0
0.9999994
1.0
1.0
0.99999976
1.0
0.99898344
1.0
1.0
0.9999999
1.0
0.99999976
0.9820087
0.9999987
1.0
0.9999975
0.9999999
0.99999976
0.9999989
1.0
0.99999964
0.99999976
1.0
1.0
0.9999999
1.0
1.0
0.99999785
1.0
0.99999976
0.99962306
0.999175
0.9999995
1.0
0.99999595
1.0
0.9999999
1.0
1.0
0.99999595
0.9999975
0.99999964
1.0
0.99999
1.0
1.0
0.9999989
1.0
0.94430566
1.0
0.9999999
1.0
0.99999976
1.0
1.0
0.9999999
0.9999995
0.99999976
0.9859746
0.9999988
0.9999999
1.0
1.0
1.0
0.9999988
1.0
0.9837018
0.9880136
1.0
0.9999988
1.0
0.9999995
0.99999964
1.0
0.9999994
1.0
0.9999999
0.99999857
0.9999999
1.0
0.9908019
0.9999994
1.0
0.99999964
0.9999993
1.0
0.9995437
0.99999976
1.0
0.99998546
1.0
0.99999547
1.0
1.0
0.99999964
0.9999999
0.99994123
0.9999919
1.0
1.0
1.0
0.9995117
0.9999994
1.0
1.0
0.9999969
1.0
0.99997854
0.99999964
0.99998915
0.9999999
1.0
1.0
1.0
0.9999999
0.9999988
1.0
1.0
1.0
0.9999999
1.0
1.0
1.0
0.9998394
1.0
1.0
0.9925358
0.99999774
1.0
0.9992968
1.0
0.99999976
1.0
1.0
1.0
1.0
0.6896193
1.0
0.9930347
1.0
0.99999917
0.990433
1.0
0.9999734
1.0
0.9999999
0.9999926
1.0
1.0
1.0
1.0
1.0
0.99999714
1.0
1.0
1.0
0.9999975
0.9999659
0.99924797
0.98667043
1.0
0.72776437
0.99999905
1.0
1.0
0.9999999
1.0
0.99999666
1.0
0.9999999
1.0
0.99999046
1.0
0.9999999
1.0
1.0
0.999998
1.0
1.0
1.0
1.0
1.0
0.9999548
1.0
0.9999981
1.0
1.0
0.9999876
0.99999905
1.0
1.0
1.0
1.0
1.0
1.0
0.99999976
0.99997497
0.99999964
1.0
0.9999956
1.0
0.99999976
0.9999906
0.9999988
1.0
0.99999976
0.99999976
0.9997265
1.0
0.9999999
0.99994934
1.0
0.99999964
0.99999356
0.9998474
0.99999976
1.0
0.99999976
1.0
1.0
1.0
0.9999919
1.0
1.0
1.0
1.0
0.99999106
0.99993634
1.0
0.9999999
1.0
1.0
1.0
1.0
0.9999987
1.0
0.9999999
1.0
1.0
0.9999981
0.9534606
1.0
0.9999759
1.0
0.9999999
0.999554
0.99980015
0.99999595
0.9999989
1.0
0.99999285
0.9997633
0.99998784
1.0
0.99999905
0.9999995
0.99998987
0.9999875
0.9999975
0.9999999
1.0
1.0
0.9999999
1.0
0.99999964
1.0
0.9999993
0.9999981
0.99999976
1.0
1.0
0.99999964
0.9999999
1.0
0.9997639
1.0
0.952184
0.9999995
1.0
1.0
1.0
0.99999774
0.9873957
0.9975883
1.0
0.99999917
0.9999949
0.99999964
1.0
1.0
1.0
0.99997854
1.0
0.8542301
0.9999982
0.9999989
1.0
0.9999999
0.99906844
1.0
1.0
0.974899
0.9999713
0.99999857
1.0
0.99998724
0.9999963
0.99999857
1.0
0.99999976
0.9999995
0.884825
1.0
1.0
1.0
0.9999999
0.9999808
0.99999917
1.0
0.9999995
1.0
0.9996748
1.0
0.9999999
0.9999989
0.9999945
0.99999464
1.0
0.7903462
0.99999523
1.0
1.0
0.9999932
1.0
1.0
1.0
1.0
1.0
1.0
1.0
1.0
1.0
0.99987304
1.0
1.0
0.9999999
1.0
0.99999774
0.9998932
1.0
1.0
0.9915173
0.9999969
0.99999964
1.0
1.0
0.9195726
0.9999927
1.0
0.99999976
1.0
1.0
1.0
0.9999988
1.0
0.9445117
1.0
0.8957316
1.0
1.0
1.0
0.9999988
1.0
1.0
0.99998605
1.0
0.89943296
1.0
1.0
1.0
1.0
0.99999833
1.0
0.9999975
1.0
1.0
1.0
0.6938932
0.999977
0.99939036
0.99999964
1.0
1.0
0.8464515
0.9999907
1.0
0.9999938
1.0
1.0
1.0
1.0
0.999997
1.0
1.0
1.0
0.999998
0.9999646
1.0
0.9999999
0.99999976
1.0
0.9999865
1.0
1.0
1.0
0.9999993
0.9999964
1.0
0.9999999
0.99991536
0.99989605
1.0
1.0
1.0
0.99979025
0.9999999
0.999997
0.9999949
1.0
0.9999999
1.0
1.0
0.99992156
0.9999993
1.0
1.0
1.0
0.9999999
1.0
1.0
0.9115525
0.9999999
0.9999999
0.996298
0.9949509
1.0
0.9999999
0.9461444
1.0
1.0
1.0
0.9999944
0.9999999
0.9996357
1.0
0.99999976
0.99975127
1.0
0.9999703
1.0
1.0
1.0
0.9999999
1.0
1.0
1.0
0.9999999
0.9999962
1.0
1.0
0.99994576
1.0
1.0
0.9998342
0.9999995
1.0
0.9999995
1.0
1.0
0.99999714
0.999992
1.0
0.9999982
0.9998197
1.0
1.0
0.9999999
1.0
1.0
1.0
0.99996734
1.0
0.9999976
0.9999912
1.0
0.99998665
1.0
1.0
1.0
1.0
0.99999774
0.9999999
0.99999297
0.99999964
1.0
1.0
1.0
1.0
0.9999987
1.0
1.0
1.0
0.99999964
0.9999999
1.0
1.0
0.9999391
0.99999964
1.0
1.0
1.0
1.0
1.0
1.0
0.98624414
1.0
0.999987
1.0
0.99999976
1.0
0.9999864
0.9999995
1.0
1.0
0.9994081
0.99999964
0.9999994
0.99999666
0.9626987
1.0
1.0
1.0
1.0
1.0
1.0
1.0
0.9999951
1.0
0.9999993
1.0
0.9999981
0.71333563
1.0
1.0
0.99998987
1.0
0.9999939
0.9999604
0.99999976
1.0
0.9999994
0.9999999
1.0
1.0
1.0
0.9999949
0.998879
0.9999999
1.0
1.0
1.0
1.0
0.9979134
1.0
1.0
1.0
0.99978215
1.0
0.99999595
1.0
1.0
1.0
1.0
1.0
0.999984
0.9999999
1.0
0.9434885
1.0
0.9999999
1.0
0.999998
0.99999964
1.0
1.0
1.0
0.99999976
0.99993634
1.0
1.0
0.9999994
0.9722205
0.9999999
1.0
1.0
1.0
1.0
1.0
1.0
0.9999994
1.0
1.0
1.0
0.9999982
1.0
1.0
0.99999404
0.9999999
1.0
1.0
1.0
1.0
1.0
0.9999993
1.0
1.0
1.0
0.99239784
0.99999833
0.9999902
0.9999999
1.0
1.0
1.0
1.0
0.99994123
0.9999919
1.0
0.9925194
1.0
0.99998903
1.0
1.0
1.0
0.99999905
0.9962147
0.9999994
1.0
1.0
1.0
0.99995875
0.9999162
1.0
0.99998474
1.0
0.99999976
0.9999951
1.0
0.99999523
1.0
1.0
1.0
0.9999994
0.9999999
0.89610523
1.0
0.99999154
0.99999785
1.0
1.0
0.9999999
1.0
0.9237514
0.99999964
1.0
0.99970067
0.9999999
1.0
0.99999976
0.9999982
0.99828416
1.0
1.0
0.99999714
0.99997866
1.0
1.0
0.9999995
1.0
1.0
1.0
0.9985556
0.99999356
1.0
1.0
0.99931514
0.9999999
1.0
1.0
0.99997556
1.0
1.0
0.99999964
1.0
1.0
0.9985916
0.9994425
0.9999963
0.99999356
1.0
1.0
1.0
0.88364583
0.9997992
1.0
0.999961
1.0
0.9999486
0.99999964
0.9999999
0.9991217
0.99999714
0.9999999
1.0
1.0
1.0
1.0
1.0
1.0
1.0
0.99996936
0.9999999
0.9999969
1.0
0.999998
0.99998605
0.99999976
1.0
0.99998426
1.0
0.99999964
1.0
0.99997795
1.0
1.0
1.0
0.89217275
0.9999999
0.9999918
1.0
1.0
1.0
1.0
1.0
0.9999943
0.9999994
0.9999999
1.0
1.0
1.0
1.0
1.0
0.99999595
1.0
1.0
0.999995
0.9999989
1.0
0.9999999
0.99999917
0.99999917
0.9999988
0.99873716
1.0
0.9991817
1.0
1.0
1.0
1.0
0.9999926
0.9999994
0.9998983
1.0
0.99999213
0.99997365
0.9999988
0.9998869
1.0
0.99999964
1.0
0.99995935
0.9999714
0.99598676
1.0
1.0
1.0
1.0
1.0
0.9999995
1.0
1.0
1.0
0.9999999
1.0
1.0
1.0
0.9990883
1.0
1.0
0.9999976
1.0
1.0
1.0
1.0
0.99999905
1.0
1.0
0.99999905
0.9997019
1.0
1.0
1.0
0.99999666
1.0
1.0
0.9999999
1.0
0.9999862
0.9999993
0.9999974
1.0
0.9976888
0.99999976
1.0
0.99999964
0.9999927
0.9936627
1.0
0.9999995
1.0
0.99826765
1.0
1.0
0.9999999
0.9999999
1.0
1.0
0.9999975
1.0
1.0
0.99999917
0.99999964
0.99999905
1.0
0.99999857
0.9937371
0.99999726
1.0
1.0
1.0
0.9999995
1.0
1.0
1.0
1.0
0.9938314
1.0
0.99999714
0.99991596
1.0
0.99999595
1.0
1.0
1.0
1.0
0.9999976
0.9997477
0.9999987
0.9999995
1.0
1.0
0.9999987
0.99999833
0.99999976
1.0
1.0
1.0
0.9999982
0.9997447
0.9885753
1.0
0.99999905
1.0
0.99981827
0.999997
0.99999976
0.9999994
1.0
1.0
0.999998
0.9999207
1.0
1.0
0.9999981
1.0
1.0
0.97867006
1.0
0.9999999
0.99998415
1.0
1.0
0.9954845
0.99999976
1.0
1.0
0.99999964
0.9489193
1.0
1.0
1.0
1.0
1.0
0.99999917
1.0
1.0
0.99997926
1.0
0.99999344
0.9999174
0.9999901
0.999998
0.99999917
1.0
1.0
1.0
0.9964399
1.0
1.0
1.0
1.0
0.9999925
0.9999949
0.9999999
0.99999356
1.0
1.0
0.9999194
1.0
1.0
1.0
1.0
1.0
0.99997044
1.0
1.0
0.99999976
0.9999987
0.9999994
1.0
1.0
0.99999976
1.0
0.99997246
1.0
1.0
0.9999995
1.0
1.0
1.0
1.0
0.9999559
0.9999999
1.0
1.0
0.99999976
0.9999796
0.9999989
0.9085819
0.99999774
1.0
1.0
0.99999964
1.0
1.0
1.0
1.0
1.0
0.9991873
0.9999993
0.99999964
0.9999999
0.998635
0.999985
0.99999547
1.0
1.0
1.0
0.9999926
1.0
0.86504066
0.99994636
1.0
1.0
1.0
1.0
1.0
0.99999964
0.99999666
0.99999917
1.0
0.9991033
0.99993956
0.9999999
0.99999654
1.0
0.98985213
1.0
0.9805712
0.9999951
0.99999964
1.0
0.99999964
0.9999999
1.0
1.0
1.0
0.9999523
0.98673207
0.84624106
1.0
1.0
1.0
0.99999964
1.0
0.9999968
0.99416465
1.0
0.9992532
0.99999976
0.9998431
1.0
1.0
1.0
1.0
1.0
1.0
0.99999356
1.0
1.0
1.0
0.9999999
1.0
1.0
0.9999999
1.0
1.0
0.9999976
1.0
0.99999976
1.0
0.9996939
1.0
1.0
1.0
1.0
0.9999889
1.0
0.9971998
0.9999974
0.99999607
1.0
0.9999753
0.99999976
0.9999995
1.0
0.9996076
1.0
0.99999976
0.99999785
0.9999999
0.99874276
0.9999999
0.99998844
1.0
0.9999857
0.9999181
0.9999995
0.99999976
0.9999994
0.99999976
1.0
0.99999666
1.0
0.9991467
1.0
1.0
1.0
1.0
1.0
1.0
0.99963176
1.0
0.99999976
1.0
0.9999981
1.0
1.0
0.9999609
0.99884796
1.0
0.9999993
0.99999726
1.0
1.0
1.0
0.99999595
1.0
0.9976342
1.0
0.9999999
0.98946464
1.0
1.0
1.0
1.0
1.0
1.0
1.0
1.0
0.99999976
1.0
1.0
0.99999297
0.99998677
1.0
1.0
1.0
1.0
1.0
1.0
0.9999993
1.0
1.0
1.0
1.0
0.99999857
1.0
1.0
0.9999995
1.0
1.0
0.9996487
1.0
0.9999529
1.0
0.99999917
1.0
0.99999964
0.9999999
0.999992
1.0
1.0
1.0
0.9999993
0.9999988
0.9999994
0.9999999
0.9999956
1.0
1.0
0.9999995
0.99999726
0.99963665
0.999985
0.9999999
1.0
1.0
0.9999995
0.963154
1.0
0.99999917
0.99999976
0.9999976
0.99997544
0.783489
1.0
0.999992
0.99509996
0.99999905
0.9999999
0.9999999
1.0
1.0
0.9999999
0.9999902
0.9848024
0.85312307
0.9999659
0.9999981
1.0
0.9999968
0.99999297
0.9997403
0.9999882
1.0
1.0
1.0
1.0
1.0
0.9975883
0.81686497
0.99999845
1.0
0.9999982
1.0
1.0
0.99969983
0.9999999
0.99998224
1.0
1.0
0.99999976
1.0
0.9993579
1.0
0.9999999
1.0
0.9990495
1.0
0.9999515
1.0
1.0
1.0
0.99996495
0.9999956
0.9999995
0.99946946
1.0
0.9999995
1.0
1.0
1.0
0.9999999
0.9999989
1.0
1.0
0.9999999
0.99994385
0.9999982
1.0
0.99999726
1.0
0.9381057
1.0
1.0
1.0
1.0
0.99998987
0.9999993
1.0
0.99999905
0.9999844
0.6988887
1.0
1.0
1.0
0.99999976
1.0
0.9999999
0.99992883
1.0
1.0
1.0
1.0
1.0
1.0
0.99999964
1.0
0.9999889
1.0
0.99959034
1.0
1.0
0.99992394
0.9999999
1.0
0.9999914
0.866228
1.0
1.0
0.9999896
0.9999999
1.0
1.0
1.0
0.9999974
0.9999988
0.99996793
1.0
1.0
1.0
1.0
1.0
1.0
0.9999999
1.0
0.99999964
1.0
1.0
1.0
1.0
1.0
1.0
0.99999964
1.0
1.0
0.9996748
0.7094966
0.9999999
0.9983163
1.0
1.0
1.0
1.0
1.0
1.0
0.9999995
0.9999963
1.0
1.0
0.77937484
1.0
1.0
1.0
1.0
0.99999094
1.0
1.0
1.0
1.0
0.9999999
0.9999994
1.0
0.9999994
1.0
0.9999993
1.0
0.9999999
0.9999999
0.99999964
1.0
1.0
1.0
1.0
0.99999833
0.9999969
0.99999976
0.9998368
0.9999993
0.9998368
0.99998415
0.9999999
1.0
0.99998856
0.99999964
0.99928844
0.996431
1.0
0.99997294
0.9999999
1.0
0.9998715
0.99999905
1.0
0.99998
0.9999999
1.0
1.0
0.99999857
0.99998474
1.0
0.9999995
1.0
1.0
1.0
1.0
0.99595
0.9999628
1.0
0.99935025
0.9998468
0.9999852
1.0
0.9999827
1.0
0.9999976
1.0
0.9999988
1.0
1.0
0.9999995
1.0
1.0
0.9999995
0.9999994
0.99999976
1.0
1.0
0.9999999
0.99999857
1.0
1.0
0.999997
1.0
0.99986017
1.0
1.0
0.9999968
0.9999993
1.0
1.0
0.99999964
0.9999999
0.9998425
0.9999994
1.0
1.0
1.0
0.9999994
0.99960774
0.9999989
1.0
0.99999976
0.99999774
1.0
1.0
1.0
1.0
0.9999999
1.0
1.0
0.9999769
0.9999645
0.9999999
1.0
1.0
0.99990845
1.0
0.9999999
1.0
0.99999774
1.0
1.0
0.9999918
1.0
1.0
1.0
1.0
1.0
0.99999905
1.0
1.0
0.99995625
0.9893959
1.0
1.0
0.99999964
0.9999987
0.99998665
1.0
0.9997794
0.99999845
1.0
1.0
1.0
0.99931073
0.9999981
1.0
1.0
0.9999939
1.0
1.0
0.49539682
1.0
0.9999999
0.99999976
0.99999154
1.0
1.0
1.0
0.9999999
1.0
0.99998593
0.9949549
0.9999976
0.9999968
0.9999759
0.9999975
1.0
1.0
1.0
1.0
1.0
1.0
0.9999999
1.0
1.0
0.99321234
0.994795
0.9999871
1.0
0.9994085
0.9999999
1.0
1.0
0.9999999
0.99999964
0.9999987
0.99999857
0.99999785
0.9999604
1.0
1.0
0.99989855
0.9999957
1.0
0.9998709
1.0
1.0
0.9999995
0.9999987
1.0
1.0
1.0
0.999998
1.0
1.0
0.99980766
1.0
1.0
0.99999964
1.0
1.0
1.0
0.9999999
0.9845073
0.99085206
1.0
0.9999968
0.99999774
1.0
1.0
1.0
0.9999999
0.99999964
1.0
1.0
1.0
1.0
0.9999999
0.9999969
1.0
0.9999938
0.9999999
1.0
1.0
0.9999995
1.0
1.0
0.99999964
1.0
1.0
1.0
0.99988925
0.9999865
0.9999988
0.9999951
0.9999999
0.9999987
1.0
0.99999964
1.0
1.0
0.99997234
1.0
0.99999857
0.9999596
0.98395336
0.9999982
1.0
0.9999958
0.9999999
1.0
0.9999478
0.96103764
0.99999976
1.0
1.0
0.99999845
0.99980015
0.99999964
0.99993086
0.9999999
1.0
0.9999999
1.0
0.99999976
1.0
0.99999857
0.99999976
0.9999993
1.0
1.0
1.0
1.0
0.99993324
1.0
0.99999964
0.9999994
1.0
1.0
0.99999785
0.99999416
1.0
1.0
1.0
0.9996505
1.0
1.0
1.0
0.9999993
1.0
1.0
0.9999651
0.99999154
1.0
1.0
1.0
0.9999999
1.0
0.99999857
0.9996606
1.0
1.0
0.99999976
0.9999751
1.0
0.99999976
0.9999999
0.9999895
1.0
0.9999906
1.0
1.0
1.0
0.99999976
1.0
1.0
1.0
0.99999976
1.0
1.0
0.99999976
1.0
0.9999999
1.0
1.0
0.9999956
0.9999995
0.99999917
1.0
1.0
0.9999999
0.9999999
0.99999964
0.9999939
1.0
0.9999994
1.0
0.9972372
0.99999285
0.9999994
0.9999846
0.99998856
0.9999964
1.0
0.9999962
0.9999976
1.0
0.9999995
1.0
1.0
1.0
1.0
0.9999993
1.0
1.0
1.0
0.9999294
0.9999988
1.0
1.0
1.0
0.9999999
0.9999789
0.9985619
1.0
0.9999219
0.9884709
0.99999976
0.999946
1.0
1.0
1.0
0.9926145
1.0
1.0
0.99998116
1.0
1.0
1.0
0.99998
0.9999999
1.0
1.0
1.0
0.9999994
1.0
0.99999964
1.0
1.0
0.9994728
0.99796176
0.9999999
1.0
1.0
1.0
1.0
1.0
1.0
1.0
1.0
1.0
1.0
1.0
0.9999999
0.99999297
0.99999607
0.9999993
0.9999993
1.0
0.9999827
0.9999976
1.0
1.0
0.9999815
1.0
1.0
0.9999999
1.0
0.99455476
0.99999857
1.0
0.99999905
1.0
1.0
0.9999995
1.0
0.9992157
0.99999976
1.0
1.0
1.0
0.9999999
1.0
0.99999964
1.0
0.9999938
0.9999999
0.9999938
1.0
0.9999994
0.9999863
1.0
1.0
1.0
0.9999678
0.9999974
0.9999999
1.0
0.9999411
0.91316277
1.0
0.9999777
1.0
1.0
0.99999714
0.9999982
0.9999852
1.0
1.0
1.0
1.0
1.0
1.0
1.0
0.99998856
0.99700767
0.9999999
1.0
0.9999999
1.0
0.9993893
1.0
0.9999707
0.83684677
0.9912158
1.0
0.9999981
1.0
0.9999999
0.9999994
0.99999976
1.0
0.99999845
1.0
1.0
1.0
0.99992394
1.0
0.9999814
0.9999089
0.99999964
0.99999976
1.0
1.0
1.0
0.9996406
0.9999995
0.99999857
0.9999999
1.0
0.9999994
1.0
1.0
1.0
0.9998995
1.0
0.99999154
0.99999964
0.9999999
1.0
1.0
0.9999995
0.9998696
0.99981207
0.9775809
0.9999976
0.9963329
1.0
1.0
1.0
0.9999999
1.0
0.9999988
1.0
1.0
1.0
1.0
1.0
0.99999523
1.0
0.99995863
0.9999993
1.0
0.9999782
1.0
1.0
1.0
1.0
1.0
1.0
1.0
0.996863
1.0
1.0
0.99997747
1.0
1.0
0.99999964
1.0
0.99999607
0.99999726
0.9999999
1.0
1.0
0.99999976
0.9999999
0.9999999
1.0
1.0
1.0
1.0
0.9999882
0.9999993
1.0
1.0
0.9999994
0.9999999
1.0
0.9999924
0.99999845
1.0
1.0
1.0
0.9992071
1.0
1.0
1.0
0.99986005
1.0
0.999998
1.0
1.0
0.99999547
1.0
0.9999857
1.0
1.0
0.9998801
1.0
1.0
1.0
1.0
1.0
1.0
1.0
0.9999957
0.9756172
1.0
1.0
1.0
0.99999964
1.0
0.99999666
0.99999404
1.0
0.99998033
1.0
1.0
1.0
0.99993587
0.99998033
1.0
1.0
1.0
1.0
1.0
1.0
0.9995097
1.0
1.0
1.0
0.999974
1.0
1.0
0.9999999
0.9999987
0.9999999
1.0
1.0
0.9999999
1.0
0.99999833
1.0
0.99253416
0.9999999
0.99999964
0.9998863
1.0
0.9999883
0.9999684
0.9999999
0.9831813
0.533447
0.9999958
0.99999094
0.9699183
1.0
1.0
0.9999989
1.0
1.0
0.9999752
1.0
0.9999999
0.9999933
0.99999976
1.0
0.9767851
0.9999999
1.0
0.99999976
1.0
0.9999995
0.99999857
0.99980897
1.0
0.8311067
1.0
0.9999999
0.99999475
0.999681
0.99999654
0.9999995
1.0
1.0
1.0
1.0
0.9989378
1.0
0.9999999
0.9999914
0.9999653
0.949784
1.0
1.0
1.0
0.9999999
0.99999595
1.0
1.0
1.0
0.99980336
1.0
0.8989037
0.9999999
0.99996805
1.0
0.99998784
1.0
1.0
0.99998045
0.9999994
0.99999917
1.0
1.0
0.9999993
0.99999964
1.0
1.0
0.99571997
0.9999999
0.99622726
1.0
0.9999999
0.9999939
1.0
0.9999628
1.0
1.0
0.99999857
1.0
0.99994457
1.0
0.98181766
0.9999999
0.99999416
0.9994586
1.0
1.0
1.0
1.0
1.0
0.99999726
0.9997204
1.0
1.0
0.99356294
1.0
1.0
1.0
1.0
1.0
1.0
1.0
1.0
1.0
0.99987125
0.9999999
0.9999999
1.0
1.0
0.9999651
1.0
0.99958485
0.9999975
0.9999981
1.0
0.99999964
1.0
1.0
1.0
0.9999995
1.0
0.9999994
1.0
0.75625706
1.0
0.99999833
0.82321936
1.0
0.9999999
0.99999666
0.9999976
0.99999976
0.99992025
1.0
1.0
0.99998045
1.0
0.99999976
1.0
0.9999999
0.99999714
1.0
0.99749184
1.0
0.99996495
1.0
1.0
0.9999999
1.0
0.9999672
1.0
0.99991286
0.9999999
1.0
1.0
1.0
1.0
0.99999785
0.9999994
1.0
1.0
1.0
1.0
1.0
0.9999995
1.0
0.9008348
0.99999964
1.0
1.0
0.9999994
1.0
1.0
0.9999999
1.0
0.9998554
1.0
1.0
1.0
0.95233655
1.0
0.9999999
1.0
1.0
0.9999988
1.0
1.0
1.0
1.0
0.9999999
1.0
1.0
1.0
1.0
1.0
0.9999995
0.9999995
0.9999995
0.99996305
0.99928844
1.0
1.0
1.0
1.0
1.0
1.0
1.0
1.0
1.0
1.0
1.0
0.99999976
0.99955815
0.9999995
0.9617857
0.9999988
0.996516
1.0
1.0
0.9998939
1.0
0.99999964
1.0
0.99999857
0.99957806
0.9999999
1.0
0.99999976
1.0
1.0
1.0
1.0
1.0
1.0
0.9999999
0.99998426
1.0
1.0
1.0
1.0
1.0
0.92240006
0.9999151
0.9999901
0.99991906
0.9999999
1.0
1.0
1.0
0.99909115
0.9999963
0.9999976
1.0
1.0
0.99999976
1.0
0.9999939
0.9999918
0.9966102
0.9999901
0.99999905
0.99999917
0.9999989
1.0
1.0
1.0
0.99999976
0.99999905
0.9985684
1.0
0.999258
0.9999993
1.0
0.9999995
0.99999523
0.9999871
1.0
1.0
0.99999917
1.0
0.7806147
1.0
0.9999999
1.0
1.0
0.9999993
0.9999999
1.0
0.9999125
1.0
0.9989994
0.9999902
0.9999994
1.0
1.0
0.99997103
1.0
1.0
0.99999976
1.0
0.8041922
1.0
0.9999814
0.9999654
0.9999999
1.0
1.0
1.0
1.0
1.0
0.9999784
1.0
1.0
0.99999964
1.0
1.0
1.0
0.99992585
1.0
1.0
0.999998
1.0
1.0
0.9999999
1.0
0.99994445
0.9997583
1.0
1.0
0.9999999
1.0
1.0
1.0
1.0
0.9999889
1.0
0.997849
1.0
0.99999166
1.0
1.0
1.0
1.0
1.0
0.99728155
1.0
1.0
0.9999993
0.9924442
1.0
0.99999774
0.7167777
1.0
1.0
1.0
1.0
1.0
0.9999995
1.0
0.999997
1.0
0.9999125
1.0
1.0
0.9999981
0.99999964
0.9999291
1.0
1.0
1.0
1.0
0.9999999
0.9999846
0.9999964
1.0
0.9999958
1.0
1.0
1.0
1.0
0.9999994
1.0
1.0
0.9999999
0.9999616
1.0
0.9999993
0.99999976
1.0
0.99996495
0.99987817
1.0
0.9999987
0.9999995
1.0
1.0
0.99999785
0.99999964
0.99952054
0.99982303
1.0
0.9999999
1.0
1.0
0.9999999
1.0
1.0
0.99998415
1.0
1.0
0.99999976
1.0
0.99999106
0.9998443
0.9999999
0.9999099
1.0
1.0
0.99999917
0.99991155
0.99999964
0.99998724
1.0
1.0
0.99999976
0.9999989
1.0
0.99966455
1.0
0.99999774
1.0
0.9999964
0.9999987
1.0
1.0
1.0
0.9993573
1.0
0.9999999
0.9999995
1.0
1.0
1.0
0.9999988
0.99996233
0.99999976
1.0
0.99998677
1.0
0.9880585
0.99999845
0.99998355
1.0
0.99994206
1.0
0.999979
0.9999987
0.9999963
0.9999472
1.0
1.0
1.0
1.0
1.0
1.0
0.999997
0.9999889
0.9999279
0.9999999
0.9999708
1.0
0.9999974
0.999962
1.0
0.99749243
1.0
0.9999999
0.9999999
0.9836347
1.0
0.9999974
0.9999993
0.9999999
1.0
0.9989115
0.99977463
1.0
1.0
0.9999995
0.999998
1.0
1.0
1.0
1.0
0.9999974
1.0
0.9999993
0.99978536
1.0
1.0
1.0
1.0
1.0
1.0
1.0
1.0
1.0
1.0
1.0
1.0
0.99999964
0.9683452
0.9999969
1.0
1.0
1.0
0.9999974
0.9999461
0.9999994
1.0
0.9999999
0.9556636
1.0
1.0
1.0
1.0
1.0
0.9999999
0.9993944
0.9338236
0.9999999
1.0
0.9998685
0.999997
1.0
0.9999999
0.9999999
0.9999999
0.97636855
0.99999774
1.0
1.0
0.99996006
1.0
0.9994198
1.0
0.9999999
1.0
1.0
1.0
0.9999989
1.0
0.99999857
0.99999976
0.99996674
1.0
0.9999999
0.9701282
0.99999976
1.0
0.99999857
1.0
0.90086555
1.0
1.0
1.0
0.9999498
0.9999933
0.9999989
1.0
0.9994197
0.99999964
0.9999727
0.99995244
0.9999989
1.0
1.0
1.0
1.0
0.9909099
1.0
0.9999659
0.99999976
1.0
0.9999994
1.0
0.9997453
0.99986064
0.9999956
1.0
0.9999931
1.0
0.99999976
1.0
0.9999963
1.0
0.9999995
1.0
0.99998903
1.0
0.9999995
1.0
0.99999523
0.99999964
0.99999964
1.0
0.9999956
1.0
0.99999964
1.0
1.0
1.0
0.99999976
1.0
0.9999989
1.0
0.9999999
0.99317765
1.0
1.0
1.0
1.0
0.99998605
0.9975127
1.0
1.0
1.0
1.0
0.9999994
1.0
1.0
0.9999995
0.99830186
0.9677353
0.99999976
1.0
0.99174446
1.0
1.0
1.0
0.9999999
0.9999999
0.72376275
0.9999989
1.0
1.0
1.0
0.99999917
1.0
1.0
0.99997795
1.0
1.0
0.9998597
1.0
0.9985043
1.0
0.99954563
0.9999995
0.9999999
0.99999905
1.0
1.0
0.99999917
0.999926
1.0
0.9999689
1.0
1.0
0.9999999
1.0
1.0
0.99999726
0.9936134
0.99999356
1.0
0.99999166
1.0
0.998804
1.0
1.0
0.9999877
1.0
1.0
1.0
1.0
0.9999857
1.0
0.9999994
1.0
1.0
1.0
0.99999785
0.99999976
0.99999833
0.99999976
0.9999999
0.9999944
0.7602065
1.0
0.9999919
1.0
0.9999509
1.0
0.9999994
0.99999976
0.99969065
1.0
0.9996917
1.0
0.999974
0.99998665
0.99999225
0.9999999
0.9999999
1.0
0.9339647
1.0
1.0
1.0
0.99999917
1.0
0.9999995
0.9999999
0.9974371
1.0
0.99999845
0.99399096
0.9999994
1.0
1.0
0.99999964
1.0
0.999998
1.0
1.0
0.99999595
1.0
1.0
1.0
0.99999917
1.0
0.99999976
0.9999999
1.0
1.0
1.0
1.0
1.0
1.0
0.9734948
1.0
0.99999714
0.99999905
1.0
0.9999982
0.99999845
0.99999976
1.0
1.0
0.9999813
0.9999982
0.99977154
1.0
0.9999958
1.0
1.0
0.99840885
0.9999999
1.0
0.99620146
0.99922633
0.9999999
0.90423256
0.9999999
1.0
0.99999964
0.98918355
0.998884
1.0
0.97426593
1.0
0.9999987
1.0
0.9999449
1.0
0.99999976
0.99999034
0.99999917
1.0
1.0
0.9999982
0.9967355
1.0
0.9999995
1.0
1.0
1.0
1.0
1.0
1.0
0.99978644
1.0
1.0
1.0
1.0
1.0
0.9999988
1.0
0.7575249
1.0
0.99999475
1.0
0.9999312
1.0
1.0
0.9999993
1.0
1.0
1.0
0.99279743
0.9999963
1.0
1.0
0.9991703
0.99999976
1.0
0.99999857
1.0
0.99999976
1.0
0.99999726
1.0
0.99999833
0.9999993
1.0
0.9999151
1.0
1.0
0.99988604
0.9999988
0.99999976
0.9999994
0.99995697
0.97608376
0.99999976
1.0
0.9999999
0.995023
1.0
1.0
0.99572206
0.99999225
0.99999976
1.0
1.0
1.0
0.9999994
0.9999887
1.0
1.0
0.9999999
0.9999976
1.0
0.9999999
0.99999714
0.9999999
0.99999726
1.0
1.0
0.99999976
0.9999994
1.0
1.0
0.9739048
1.0
0.9999999
0.99999964
1.0
0.99999857
0.99999774
1.0
1.0
1.0
1.0
0.9999999
1.0
0.9999993
0.67958623
1.0
0.9999969
1.0
0.9999901
0.968907
1.0
1.0
1.0
1.0
1.0
1.0
1.0
1.0
1.0
0.999998
1.0
0.999998
0.9999999
1.0
0.9999753
1.0
1.0
1.0
0.78635246
0.9999994
1.0
1.0
0.99999046
1.0
1.0
1.0
0.9999999
1.0
1.0
1.0
0.9999999
1.0
1.0
0.9999999
0.99999964
0.99574524
0.9999995
0.99998486
0.9999999
0.99996936
1.0
0.99969625
0.9999988
1.0
0.9999995
1.0
1.0
0.9999981
1.0
1.0
0.9999968
0.9999993
0.9999976
0.99914205
1.0
1.0
0.9999989
1.0
0.99998283
1.0
0.9999831
1.0
1.0
0.99999976
1.0
1.0
1.0
1.0
1.0
0.9995528
1.0
0.9999944
0.99999833
0.9999999
0.99998236
0.99998736
1.0
0.9999999
0.6990726
1.0
0.9999999
0.99999774
1.0
1.0
1.0
0.9999999
1.0
1.0
1.0
0.9999999
1.0
0.99999774
0.9998838
1.0
0.99999976
0.9999999
0.99999976
1.0
1.0
0.9999877
1.0
1.0
0.99999917
0.9999589
0.9999995
1.0
0.9999994
1.0
0.99999034
1.0
0.99934
1.0
0.9999982
1.0
0.99999857
0.99999917
1.0
0.9999907
0.9988734
0.9908823
0.99999976
1.0
0.9997725
0.9999989
0.9999999
0.99999976
1.0
1.0
1.0
1.0
0.9999931
0.9999995
1.0
1.0
0.9999896
1.0
1.0
1.0
0.99824667
0.999992
0.96968174
1.0
0.99706894
0.9999999
1.0
1.0
0.9999999
1.0
1.0
1.0
1.0
1.0
1.0
1.0
1.0
0.9999999
1.0
0.9999995
1.0
1.0
1.0
1.0
0.9901709
1.0
0.9999999
1.0
1.0
0.9999995
0.99999976
0.9999994
0.9999999
1.0
1.0
0.9999969
0.9999999
1.0
1.0
0.99989533
1.0
1.0
0.99999917
1.0
1.0
1.0
1.0
1.0
0.89527726
0.9999589
1.0
1.0
1.0
0.9999999
0.99999976
0.9187569
0.99975103
0.99940896
1.0
1.0
0.99998295
1.0
1.0
1.0
0.99116933
0.99999976
1.0
0.99999833
1.0
0.99999964
1.0
1.0
0.9999999
1.0
1.0
0.99999464
1.0
0.99999917
0.9985436
0.9935946
0.9999976
1.0
1.0
1.0
0.9999999
1.0
1.0
0.9999994
0.99999964
1.0
1.0
1.0
0.99999535
0.9999969
1.0
0.9999999
1.0
0.9999964
0.9999887
1.0
1.0
0.6946408
0.99961746
1.0
0.9999993
1.0
1.0
0.9999999
1.0
0.99998677
1.0
1.0
1.0
0.99999964
0.99999905
0.8459508
1.0
0.99972075
0.9999877
1.0
0.99948883
0.99991035
1.0
0.99990916
1.0
0.9999678
1.0
0.9508399
0.9999993
0.9999907
1.0
0.9999075
1.0
1.0
0.99999976
0.999992
1.0
1.0
0.99999964
0.99996686
1.0
0.9999956
1.0
0.99999833
1.0
1.0
1.0
1.0
0.99997556
1.0
0.9999833
0.9999988
0.9968907
1.0
1.0
1.0
0.9999933
1.0
1.0
0.99999654
0.9999999
1.0
0.99799144
1.0
0.99999785
0.9999728
0.9999999
1.0
1.0
1.0
0.99978477
1.0
1.0
0.9999999
1.0
0.9999999
0.99999964
0.99999917
0.9999999
1.0
0.9992162
1.0
0.9999995
0.9999801
0.9994838
0.9999999
1.0
0.9999999
1.0
1.0
1.0
0.9999827
0.99993265
0.9997352
1.0
0.9999999
1.0
0.7929184
1.0
1.0
1.0
0.99999976
1.0
1.0
0.99999976
0.9999999
1.0
0.9957289
0.99999356
0.99999976
1.0
0.99999976
0.9999988
0.99999964
1.0
1.0
1.0
0.99999976
1.0
0.99869066
0.9999999
1.0
0.9999995
0.9999989
1.0
0.99998105
0.9999989
1.0
1.0
1.0
0.9999988
0.99044317
1.0
1.0
0.9999995
0.99999976
0.99990785
1.0
0.9999441
1.0
1.0
0.9999994
1.0
1.0
1.0
1.0
0.9999999
0.9999881
1.0
0.9999869
0.99996734
1.0
1.0
1.0
1.0
1.0
0.99999964
1.0
1.0
1.0
1.0
1.0
1.0
0.9999988
1.0
0.9999999
1.0
1.0
1.0
1.0
0.9999994
1.0
0.99999905
1.0
0.99999654
1.0
0.99997723
1.0
1.0
1.0
1.0
0.9999466
1.0
1.0
1.0
1.0
1.0
0.99998987
1.0
0.9999906
1.0
1.0
0.9999962
1.0
1.0
0.9999999
1.0
1.0
1.0
0.99999845
1.0
0.99999964
1.0
0.9999707
1.0
0.9999999
1.0
1.0
0.9996013
0.9999981
0.99999905
0.9999989
1.0
0.9999999
1.0
0.99998915
1.0
1.0
0.99999976
1.0
0.99999976
1.0
0.9999994
1.0
1.0
0.99999964
0.9999988
0.99996734
1.0
0.99999905
1.0
0.99999833
0.9999994
1.0
0.9999999
0.99999905
1.0
1.0
0.99999475
1.0
0.99999976
0.9999939
0.9999999
1.0
1.0
1.0
1.0
0.9999964
0.99999917
0.9999999
0.9999999
0.999998
1.0
1.0
1.0
0.9999883
1.0
1.0
1.0
1.0
0.9999999
0.99999666
0.9998154
0.9999962
1.0
0.9999999
1.0
1.0
0.9960741
1.0
1.0
1.0
1.0
0.9999999
1.0
1.0
0.99999917
0.99999857
1.0
1.0
0.99999976
0.9999542
0.99999547
1.0
0.9999975
0.9999999
1.0
0.9999951
1.0
0.9999999
1.0
1.0
1.0
1.0
1.0
0.99999857
0.9999994
1.0
1.0
1.0
0.9656631
1.0
1.0
0.99997854
1.0
0.99999976
0.99871254
0.9999995
0.99999976
1.0
1.0
1.0
1.0
0.99999654
1.0
1.0
0.9999999
0.99999666
0.99986804
1.0
1.0
0.9999993
1.0
1.0
0.9999999
1.0
0.9999987
1.0
1.0
1.0
1.0
0.9999994
1.0
1.0
1.0
0.99995065
1.0
1.0
1.0
1.0
0.9838666
0.9999999
0.9997137
1.0
0.9999889
1.0
0.9999999
1.0
0.9999862
1.0
1.0
0.9999999
1.0
1.0
0.9999993
1.0
1.0
1.0
0.99999857
0.99999976
0.99999905
0.9999995
0.9999925
1.0
1.0
1.0
1.0
1.0
1.0
0.98336893
1.0
1.0
1.0
1.0
0.9999999
0.99999857
1.0
1.0
1.0
0.99999833
1.0
0.99999976
0.9999999
0.9999995
0.9999995
0.9999982
1.0
0.85432225
0.9999999
1.0
0.99999976
0.9999974
0.9999999
0.99999213
0.99999976
0.9999999
0.9999993
1.0
0.9999988
0.9999999
1.0
0.99999845
0.9925978
0.9999989
1.0
1.0
0.99819165
1.0
1.0
0.9961946
0.99991274
0.9999933
1.0
1.0
1.0
1.0
1.0
1.0
1.0
0.9994654
1.0
1.0
1.0
1.0
0.9999999
1.0
1.0
1.0
1.0
0.9998165
1.0
1.0
0.9999999
1.0
1.0
1.0
1.0
1.0
1.0
0.99999917
1.0
1.0
1.0
1.0
1.0
1.0
0.9999999
1.0
0.9999999
1.0
1.0
1.0
0.99999964
1.0
1.0
1.0
1.0
0.99999976
1.0
1.0
1.0
1.0
0.9999995
1.0
0.99999976
0.999997
1.0
1.0
0.9999999
1.0
1.0
1.0
0.7672898
0.9999999
1.0
1.0
0.9999993
1.0
1.0
1.0
1.0
1.0
1.0
1.0
0.99999905
1.0
0.9999999
1.0
1.0
1.0
1.0
1.0
1.0
1.0
1.0
1.0
0.9999999
1.0
1.0
0.99999964
1.0
1.0
1.0
1.0
0.99999404
1.0
1.0
1.0
1.0
1.0
1.0
1.0
0.99999654
0.99999666
0.9999999
1.0
1.0
1.0
1.0
1.0
1.0
0.99999964
1.0
0.99999976
1.0
1.0
1.0
1.0
1.0
1.0
1.0
1.0
1.0
1.0
1.0
1.0
1.0
1.0
0.9999999
0.9999995
1.0
1.0
0.99999964
1.0
1.0
1.0
0.99999964
0.99999976
0.9999783
0.99999976
0.9999999
1.0
1.0
1.0
1.0
1.0
1.0
0.9999901
0.9999995
1.0
1.0
1.0
0.9999989
1.0
1.0
0.9999726
1.0
1.0
0.99999976
1.0
1.0
1.0
1.0
1.0
1.0
1.0
1.0
1.0
0.9999994
1.0
1.0
1.0
1.0
1.0
1.0
1.0
1.0
0.9999999
0.9999994
1.0
0.9997975
0.9987704
1.0
1.0
1.0
1.0
1.0
1.0
0.99586785
1.0
1.0
1.0
1.0
1.0
1.0
1.0
1.0
1.0
1.0
1.0
1.0
0.99999917
0.9999999
1.0
1.0
1.0
1.0
1.0
1.0
1.0
1.0
1.0
1.0
1.0
0.999998
1.0
1.0
1.0
1.0
1.0
1.0
0.9999999
0.9999993
1.0
1.0
1.0
1.0
0.9999999
1.0
1.0
0.99999547
1.0
1.0
0.9999938
1.0
0.99999976
1.0
1.0
0.9999999
1.0
1.0
1.0
1.0
0.9999999
1.0
1.0
1.0
1.0
1.0
1.0
0.99997663
1.0
1.0
0.99998343
1.0
1.0
1.0
0.9999993
0.99999833
1.0
1.0
1.0
1.0
0.99999356
0.9999999
1.0
1.0
0.99998987
0.99999964
1.0
0.9999999
1.0
1.0
1.0
1.0
1.0
1.0
0.9999963
0.999992
1.0
1.0
1.0
1.0
1.0
1.0
1.0
1.0
0.9999999
1.0
1.0
0.99999917
1.0
0.9999963
0.99999976
1.0
0.9999788
0.9999999
1.0
1.0
1.0
0.99999857
1.0
1.0
1.0
0.9999678
1.0
1.0
1.0
1.0
0.9999999
1.0
0.99999917
1.0
0.99999976
0.99980015
1.0
1.0
0.9999939
1.0
0.9999999
1.0
1.0
1.0
1.0
0.99999964
0.99997365
0.9999989
1.0
0.9999999
1.0
1.0
0.99958223
1.0
0.99999964
0.99999976
1.0
1.0
1.0
0.99999654
1.0
1.0
0.9999994
1.0
1.0
0.99998784
0.99999964
1.0
1.0
0.9999987
1.0
0.99999976
0.99999833
1.0
1.0
0.9997342
1.0
1.0
0.9998857
1.0
1.0
1.0
0.99999917
0.99998915
1.0
1.0
0.98218614
1.0
0.99932945
0.99999964
0.99999964
0.9999348
0.99999976
0.9999981
0.78785986
0.99997354
1.0
1.0
1.0
0.99999475
0.99997723
0.99980694
0.99999964
1.0
1.0
0.99999964
0.8167897
0.9997346
1.0
1.0
1.0
1.0
1.0
0.9999999
0.9999999
0.99999964
0.99999845
1.0
1.0
0.99999917
1.0
1.0
1.0
1.0
1.0
1.0
0.9999999
1.0
0.99982506
0.9999448
0.9999851
1.0
1.0
1.0
1.0
0.9999993
1.0
1.0
1.0
1.0
0.9999572
1.0
1.0
0.99999
1.0
1.0
1.0
1.0
0.99999857
1.0
0.99999917
0.9999999
1.0
1.0
1.0
0.9999969
0.99999976
1.0
1.0
1.0
0.9999814
0.99998665
1.0
1.0
1.0
1.0
0.9999567
1.0
1.0
0.99999964
1.0
0.9999995
0.99633574
1.0
1.0
1.0
1.0
1.0
0.99999833
0.99999976
0.9999963
1.0
1.0
0.99999774
0.99999917
1.0
0.98817444
0.99953866
0.9563049
1.0
1.0
1.0
0.9999938
1.0
0.99999976
0.9999987
1.0
0.99981755
0.9999988
0.9999999
1.0
0.99377537
1.0
1.0
0.9993327
0.99999845
0.99999964
1.0
0.99996686
1.0
1.0
0.9999989
1.0
1.0
1.0
0.99999976
1.0
1.0
1.0
1.0
1.0
0.99998915
0.99999726
1.0
1.0
0.99999607
1.0
1.0
1.0
1.0
0.99995565
1.0
1.0
1.0
1.0
1.0
0.9999994
1.0
1.0
0.99999774
1.0
1.0
1.0
1.0
1.0
1.0
1.0
1.0
1.0
1.0
1.0
1.0
0.9999987
0.9994855
0.9999597
0.9999995
1.0
1.0
0.999982
0.99999917
0.999998
0.9999999
1.0
1.0
0.99999964
1.0
0.9999999
1.0
1.0
1.0
0.9999999
0.9999999
0.9999999
0.9999999
1.0
0.99999964
0.9999993
1.0
1.0
0.9989312
0.9996412
1.0
0.9999995
1.0
1.0
0.9999993
1.0
0.9979577
1.0
1.0
1.0
1.0
1.0
0.9999999
0.99999964
1.0
1.0
1.0
1.0
1.0
1.0
0.9999999
1.0
1.0
1.0
1.0
1.0
1.0
1.0
1.0
1.0
1.0
1.0
0.9999999
1.0
1.0
1.0
1.0
0.9999994
1.0
1.0
0.99999976
0.9999999
0.9999882
1.0
1.0
1.0
1.0
1.0
0.9996587
0.9999995
0.9999999
1.0
1.0
1.0
1.0
1.0
0.9999994
1.0
0.99005497
0.9977042
1.0
0.9999968
1.0
1.0
1.0
1.0
0.99999917
1.0
0.99999976
1.0
0.99999964
1.0
1.0
1.0
0.9998951
1.0
1.0
0.998395
1.0
1.0
1.0
1.0
1.0
0.9999285
1.0
0.999998
1.0
0.99999964
1.0
1.0
1.0
1.0
0.99984527
0.99999905
1.0
0.9999782
1.0
0.9999963
1.0
1.0
1.0
1.0
1.0
1.0
0.9999995
0.99999607
0.9999751
0.98153174
0.9949486
0.999998
0.99975616
1.0
1.0
1.0
0.9999999
1.0
1.0
1.0
1.0
0.9999999
0.99994254
1.0
0.9999999
1.0
0.9999989
1.0
0.97158575
1.0
1.0
1.0
0.9999628
1.0
0.99997365
1.0
0.99998164
1.0
1.0
1.0
1.0
1.0
1.0
0.9999989
1.0
0.9999893
0.99994767
0.9999999
0.99999976
1.0
0.9999999
0.9999962
1.0
1.0
0.99321437
0.9988846
0.9999999
0.9999918
0.99999464
1.0
0.99999595
0.9999999
0.9999975
1.0
0.9999989
0.99997675
1.0
1.0
1.0
0.99999964
0.99553865
0.99996245
0.9999999
0.99999726
1.0
0.99999964
1.0
0.99926704
0.9999974
0.999658
0.9999974
0.9999963
0.9999969
1.0
0.9999895
0.9999989
1.0
1.0
1.0
1.0
1.0
1.0
0.9999999
0.9999945
1.0
0.9999999
0.9994197
1.0
1.0
0.998792
0.99999976
0.99998915
0.9999999
1.0
0.9999982
1.0
0.9999999
1.0
0.98638564
1.0
0.9999963
0.9999999
1.0
1.0
1.0
0.99999845
0.9999999
0.99999964
0.9999914
1.0
1.0
0.9999937
1.0
0.99999535
1.0
1.0
0.99999523
0.9999989
1.0
1.0
1.0
1.0
0.9999666
0.99999976
1.0
1.0
0.99999964
1.0
0.9999347
1.0
1.0
1.0
1.0
0.9999999
0.99866366
0.9999951
0.99999905
1.0
1.0
1.0
1.0
1.0
1.0
0.9999999
0.8986375
1.0
0.9999995
1.0
1.0
1.0
1.0
1.0
1.0
1.0
0.6628859
1.0
0.9999598
1.0
1.0
0.9999999
1.0
1.0
1.0
1.0
0.99998987
1.0
1.0
1.0
1.0
1.0
0.9999999
1.0
1.0
0.99999976
1.0
0.9971957
1.0
1.0
0.99999857
1.0
1.0
1.0
1.0
1.0
0.99999976
1.0
1.0
0.99999785
1.0
0.9999999
1.0
1.0
1.0
1.0
1.0
1.0
1.0
1.0
1.0
1.0
1.0
1.0
1.0
1.0
1.0
1.0
1.0
1.0
1.0
1.0
1.0
1.0
0.9999999
1.0
0.99999976
1.0
1.0
1.0
1.0
1.0
0.997785
1.0
1.0
1.0
0.9999988
1.0
1.0
1.0
1.0
0.7410354
1.0
0.9996363
1.0
0.9999974
1.0
0.99573624
0.61178505
0.99995255
1.0
1.0
1.0
0.9999999
1.0
1.0
0.9999995
1.0
1.0
1.0
1.0
1.0
1.0
0.9999976
1.0
1.0
1.0
1.0
1.0
1.0
1.0
1.0
1.0
1.0
1.0
0.99999976
1.0
1.0
1.0
1.0
1.0
1.0
1.0
1.0
1.0
1.0
1.0
1.0
1.0
0.9999999
1.0
1.0
1.0
1.0
1.0
1.0
1.0
1.0
0.99999356
1.0
0.99999976
1.0
0.9999999
0.9999999
1.0
0.99999964
1.0
1.0
0.99999976
1.0
1.0
1.0
1.0
1.0
0.9999999
1.0
0.99999917
0.9999933
0.99995255
1.0
1.0
1.0
1.0
1.0
1.0
0.99999726
1.0
1.0
1.0
1.0
1.0
1.0
1.0
1.0
1.0
1.0
1.0
1.0
1.0
1.0
0.9999999
0.99999976
0.99999964
1.0
1.0
1.0
1.0
1.0
0.9999999
1.0
1.0
1.0
1.0
0.99999976
1.0
1.0
1.0
1.0
1.0
1.0
1.0
0.9999999
1.0
1.0
1.0
1.0
1.0
0.9999995
0.9999999
1.0
1.0
1.0
1.0
1.0
1.0
1.0
1.0
1.0
1.0
1.0
0.999992
0.9999906
1.0
0.9999999
1.0
1.0
1.0
1.0
1.0
1.0
1.0
1.0
1.0
1.0
1.0
1.0
1.0
1.0
1.0
1.0
1.0
1.0
1.0
1.0
1.0
1.0
1.0
1.0
1.0
1.0
1.0
1.0
1.0
0.9999999
1.0
1.0
1.0
1.0
1.0
0.99999857
1.0
1.0
0.999979
1.0
1.0
1.0
0.9999999
1.0
1.0
1.0
1.0
0.9999999
1.0
1.0
1.0
1.0
1.0
1.0
1.0
1.0
1.0
1.0
1.0
1.0
1.0
1.0
1.0
1.0
1.0
1.0
1.0
0.9999969
0.99999833
1.0
1.0
1.0
1.0
1.0
1.0
1.0
1.0
1.0
1.0
1.0
1.0
1.0
0.9999994
0.99999845
0.99973077
0.9999999
1.0
1.0
1.0
0.9999981
1.0
0.9999659
0.99997556
0.9999919
1.0
1.0
1.0
1.0
1.0
0.99999905
0.9999995
1.0
0.9998977
1.0
1.0
1.0
1.0
1.0
1.0
0.99999285
1.0
0.99998057
0.9999999
0.9999982
1.0
0.9999999
0.9999994
0.9999331
1.0
0.99993706
1.0
1.0
1.0
0.99999976
1.0
0.9999604
1.0
1.0
1.0
0.9999999
1.0
1.0
0.9999422
1.0
0.9999975
0.9999987
0.99999964
0.99999964
1.0
1.0
0.99999404
1.0
1.0
0.99998975
0.99999964
0.99999845
0.9999974
1.0
1.0
0.99992776
1.0
0.99999976
0.9999999
1.0
1.0
1.0
1.0
1.0
1.0
0.99999905
1.0
0.99999917
0.99892706
0.9999999
0.99999845
1.0
1.0
1.0
1.0
1.0
1.0
0.99994326
0.9999989
1.0
1.0
1.0
1.0
1.0
0.9999995
1.0
1.0
0.99999976
1.0
1.0
1.0
0.9999999
0.9999976
1.0
1.0
1.0
1.0
1.0
1.0
1.0
0.99992836
1.0
0.9986376
0.999998
1.0
1.0
1.0
1.0
1.0
0.9999945
1.0
1.0
1.0
1.0
0.9999944
1.0
1.0
0.99999964
1.0
1.0
1.0
1.0
1.0
0.99999976
1.0
0.9999367
1.0
1.0
1.0
0.99870133
1.0
1.0
1.0
0.9999999
1.0
0.99958223
0.9999976
0.9999988
1.0
0.99999964
0.999997
0.9999809
1.0
0.99999726
1.0
0.9999999
0.9999721
1.0
1.0
0.9999851
0.9997576
0.9801174
0.95712805
0.99999976
0.99960977
0.9744359
0.9999999
0.62129146
0.9876972
1.0
1.0
0.9999995
0.99999845
0.99999964
0.99998426
0.99873155
0.9826848
0.9999627
0.5321917
0.9990388
0.99999845
0.99549896
0.99998105
0.9532937
0.9989434
0.9998803
0.9999988
0.9999994
0.9999995
1.0
1.0
0.9999995
1.0
0.99999666
1.0
0.99999785
0.99999595
0.99999976
1.0
0.9832186
1.0
0.999998
1.0
0.99999046
0.834258
0.99155104
0.9410515
1.0
1.0
0.99993825
0.999967
1.0
0.998412
0.99999905
1.0
0.9967601
0.9999925
0.9999683
1.0
1.0
0.9999888
0.9999317
0.9999317
1.0
0.99943954
0.99994695
0.9999994
1.0
0.99989057
0.99997437
0.9999999
0.999972
0.45864505
1.0
0.99992883
0.9999981
1.0
1.0
0.99927217
0.98435736
1.0
1.0
0.99997497
0.9999908
0.99999857
1.0
1.0
1.0
1.0
0.99999726
0.99999964
0.99999976
0.99993217
1.0
1.0
1.0
1.0
0.99999976
0.77273196
0.99999714
1.0
1.0
1.0
0.9999932
1.0
1.0
1.0
1.0
0.99994934
0.99999905
1.0
1.0
1.0
0.9999999
0.9999994
0.9999989
0.99999964
0.99999714
1.0
0.99984014
0.99999964
1.0
0.9999987
1.0
0.9999976
0.9999999
0.9999999
0.999998
0.99999785
1.0
0.9999999
1.0
1.0
1.0
1.0
0.99984944
1.0
1.0
0.9999442
0.9999975
1.0
0.9999664
0.9999994
1.0
1.0
1.0
1.0
0.99999976
1.0
1.0
1.0
1.0
1.0
0.99997544
0.9999999
1.0
0.99999475
0.9999982
1.0
1.0
1.0
1.0
0.9999999
1.0
0.9999999
0.9998197
1.0
0.9999999
0.9939414
0.99999535
1.0
0.99999654
0.99999416
1.0
1.0
1.0
0.9999999
0.9999883
0.99999833
0.99999833
0.9999995
1.0
1.0
1.0
1.0
1.0
1.0
0.99929523
0.99944896
1.0
0.9999949
0.9620684
0.999866
1.0
0.99972194
1.0
0.999992
0.9999999
0.9999919
1.0
0.99999964
0.99999964
0.99894196
0.998769
1.0
0.9999999
0.9999994
0.99999464
0.9999999
0.99999034
1.0
0.999998
0.9999999
1.0
1.0
0.99995434
0.9998567
1.0
0.99999905
1.0
1.0
1.0
1.0
1.0
1.0
1.0
0.9999999
0.99989974
1.0
0.99999917
0.70222336
0.9999523
0.99999976
1.0
0.99997735
1.0
1.0
1.0
0.9998952
1.0
0.9999932
1.0
0.9999999
0.99903333
1.0
1.0
1.0
1.0
1.0
1.0
1.0
1.0
0.99999976
0.9999994
0.9999857
1.0
0.9999999
1.0
0.9999987
1.0
0.99999976
1.0
1.0
1.0
0.9999677
0.9999999
1.0
1.0
0.9999999
1.0
1.0
1.0
1.0
1.0
0.9999989
1.0
1.0
1.0
1.0
1.0
1.0
1.0
1.0
1.0
0.9999999
1.0
0.9999999
0.9999999
0.9999918
1.0
1.0
0.9999999
0.9999994
1.0
0.6334573
1.0
1.0
1.0
1.0
0.99999344
1.0
1.0
1.0
1.0
1.0
1.0
1.0
1.0
1.0
1.0
1.0
1.0
1.0
1.0
1.0
1.0
1.0
0.9999999
1.0
1.0
1.0
1.0
1.0
1.0
1.0
0.99999964
1.0
1.0
1.0
1.0
0.99658597
1.0
0.9999994
0.99999285
1.0
1.0
1.0
1.0
0.9999999
1.0
1.0
0.9999974
0.99982184
1.0
1.0
1.0
0.99999905
1.0
1.0
0.9999999
0.9999999
1.0
0.99999785
0.9999901
1.0
1.0
0.9999999
0.99997604
1.0
0.9999999
1.0
0.9999976
1.0
1.0
1.0
1.0
0.9999887
1.0
1.0
1.0
0.9999994
1.0
0.99999976
0.99999785
1.0
1.0
0.9999981
1.0
1.0
1.0
1.0
1.0
1.0
0.9999995
0.9999894
1.0
1.0
0.9999958
1.0
1.0
0.99999976
0.9999963
0.99958974
1.0
1.0
1.0
1.0
0.9999999
1.0
1.0
1.0
0.999821
1.0
1.0
1.0
1.0
1.0
1.0
1.0
0.9999999
0.9999999
0.9999999
1.0
1.0
0.9999999
0.99999416
1.0
1.0
0.9999937
1.0
1.0
1.0
1.0
1.0
1.0
1.0
1.0
1.0
0.9999945
1.0
0.99999976
1.0
1.0
0.9999968
1.0
1.0
1.0
1.0
1.0
1.0
1.0
0.99999976
1.0
1.0
0.9999999
0.9999893
0.9999999
1.0
0.9999999
1.0
1.0
1.0
1.0
1.0
1.0
0.99999905
0.9999999
1.0
1.0
1.0
1.0
1.0
0.9999999
1.0
1.0
1.0
1.0
1.0
0.9999864
1.0
1.0
1.0
1.0
1.0
1.0
0.99999726
1.0
0.99954385
0.9999218
0.99999833
0.99999917
1.0
0.9999999
1.0
0.9999995
1.0
1.0
1.0
0.99999976
1.0
0.9999999
0.9999993
0.99999976
1.0
0.999998
1.0
0.9878983
0.99999976
0.9999999
1.0
1.0
0.9986319
1.0
1.0
1.0
1.0
0.99999976
1.0
0.9999969
1.0
1.0
0.99996686
1.0
1.0
1.0
1.0
0.99999964
1.0
0.9999918
0.9999999
1.0
1.0
1.0
1.0
1.0
1.0
0.99998796
1.0
0.9999932
1.0
1.0
0.9999976
1.0
0.9999995
1.0
1.0
0.9999702
1.0
1.0
1.0
0.9999863
0.99999917
0.9999366
1.0
1.0
0.9999968
1.0
0.9999888
1.0
1.0
1.0
1.0
1.0
0.99999595
0.9997476
1.0
1.0
1.0
0.9999999
1.0
1.0
1.0
0.9998373
1.0
1.0
0.9999982
1.0
0.99999976
0.9999831
1.0
1.0
0.9999999
1.0
1.0
1.0
0.99999595
0.99999976
1.0
1.0
0.999998
1.0
1.0
0.9977342
0.9999995
1.0
0.9999995
0.9999995
1.0
1.0
1.0
1.0
0.9999999
1.0
1.0
1.0
0.99995995
0.9999993
1.0
0.9999994
1.0
1.0
0.9996464
1.0
0.9999974
1.0
0.9999999
1.0
1.0
0.9999988
0.9999988
1.0
1.0
1.0
1.0
1.0
1.0
1.0
0.99999976
1.0
0.99999976
0.9999999
0.999998
1.0
1.0
1.0
1.0
0.9999925
1.0
1.0
0.99999976
1.0
1.0
1.0
1.0
1.0
1.0
1.0
1.0
0.9999993
0.9999999
1.0
1.0
1.0
0.9999993
0.9999999
0.99835485
1.0
1.0
1.0
1.0
1.0
0.99946135
0.99999917
1.0
1.0
0.99997413
0.9999988
0.9999838
1.0
0.9972596
1.0
1.0
1.0
0.71388817
0.9999808
1.0
0.99999976
0.9999931
0.9999976
1.0
0.99999964
0.99999964
0.99999857
0.99999785
1.0
0.9999999
0.9999933
1.0
0.9999912
0.99999976
0.99974495
1.0
0.98001844
1.0
0.9999999
0.99999905
1.0
0.99999213
1.0
0.9999999
0.9999999
1.0
0.99999964
1.0
0.99996984
1.0
0.99992275
1.0
1.0
1.0
0.99999774
1.0
0.9999782
0.9999999
1.0
0.9999324
0.9999993
0.99999905
0.99995625
0.9999894
0.99999964
1.0
0.99999976
1.0
0.99861753
0.9995839
0.9999999
1.0
0.9999995
0.9999999
1.0
1.0
1.0
0.99999976
1.0
0.9999895
0.9999993
1.0
1.0
1.0
1.0
1.0
1.0
1.0
1.0
0.99999404
1.0
1.0
0.9999982
1.0
1.0
1.0
1.0
0.99999964
1.0
0.9999999
1.0
1.0
1.0
1.0
1.0
0.9999994
1.0
1.0
0.9999987
1.0
0.99998295
1.0
1.0
1.0
1.0
1.0
0.9999999
1.0
1.0
1.0
1.0
1.0
1.0
1.0
1.0
1.0
0.9999999
1.0
1.0
1.0
1.0
1.0
1.0
1.0
1.0
0.99999
0.99999964
1.0
0.99999976
0.9999982
1.0
1.0
1.0
1.0
0.99999964
1.0
0.9999999
1.0
1.0
0.99999964
0.9999846
0.9999988
1.0
0.99999976
1.0
0.9999808
1.0
0.9999852
0.9999999
1.0
1.0
1.0
1.0
1.0
1.0
0.9999999
1.0
1.0
1.0
1.0
1.0
1.0
1.0
1.0
1.0
1.0
0.9999945
1.0
0.99999976
1.0
0.9999999
0.9999999
1.0
1.0
1.0
0.99999046
0.99999976
0.99999976
0.99999976
1.0
1.0
0.99989986
1.0
0.9999862
1.0
0.9999999
1.0
1.0
1.0
1.0
0.99999976
0.99999857
0.99999976
0.9999999
0.99999964
0.999962
0.9999988
1.0
0.9999999
0.99999976
1.0
0.9999976
0.9999999
1.0
0.99950874
1.0
0.9999988
0.9998621
1.0
1.0
0.99999285
0.9999988
1.0
0.99999297
0.9999777
0.9999999
0.9999993
0.9999981
0.99997985
1.0
1.0
0.99999964
0.9999883
0.9990608
1.0
0.9938862
1.0
1.0
1.0
0.9999999
0.9999782
0.99999964
0.9960253
0.9999999
0.9999776
1.0
0.9999714
0.99999595
0.9999473
1.0
0.99999964
0.9999999
0.99986994
1.0
0.9999999
1.0
1.0
0.9999895
0.99996674
0.9999999
0.9999962
0.99999976
0.9996364
0.99999475
0.99998057
0.9999999
0.9999559
0.99999964
1.0
0.9999722
1.0
1.0
0.99995005
0.93339974
0.99989355
1.0
1.0
0.99996734
0.9999931
1.0
0.9999988
1.0
1.0
0.99999976
0.99982435
1.0
0.9999999
0.99999964
0.9999981
0.99999917
1.0
0.99991596
0.99977213
0.9999964
0.99999666
0.99999964
1.0
1.0
0.9999987
0.9999591
1.0
1.0
1.0
1.0
0.99999905
0.99999106
0.9984456
1.0
0.99999964
1.0
1.0
1.0
0.99999523
1.0
1.0
0.99999785
0.99999845
0.9999999
0.9999999
1.0
1.0
1.0
1.0
1.0
0.99999654
0.99999845
1.0
0.9999995
0.99999905
1.0
0.99999964
0.99999297
1.0
1.0
0.99999917
0.9999999
1.0
0.9999995
1.0
0.9999609
0.9997832
1.0
1.0
1.0
1.0
0.9999912
0.9999994
1.0
1.0
1.0
1.0
1.0
0.99999976
0.9999994
1.0
1.0
0.999977
0.9999995
1.0
0.9999856
1.0
0.9999993
1.0
0.99999976
0.9999999
1.0
0.9999987
0.9999987
0.99999917
1.0
0.99999595
0.99999964
0.9999995
0.9999995
0.99996126
0.999966
0.9999999
1.0
1.0
1.0
0.99999917
0.9999355
0.99999964
0.9999994
1.0
0.9999707
1.0
1.0
0.99999475
0.99999976
1.0
1.0
1.0
0.9999995
1.0
0.9999995
1.0
1.0
0.99999964
1.0
0.9999989
0.99999976
1.0
1.0
1.0
1.0
0.9999645
0.99985504
1.0
0.9999993
1.0
0.99999964
1.0
1.0
1.0
1.0
1.0
0.9999999
1.0
1.0
0.99999726
0.99999845
1.0
1.0
1.0
1.0
1.0
1.0
0.9999994
1.0
1.0
1.0
1.0
1.0
1.0
0.9999999
1.0
0.9999999
0.99999833
0.9999895
0.9999989
0.9999999
0.999998
1.0
1.0
0.99999964
1.0
1.0
1.0
1.0
1.0
1.0
0.9999995
0.9999999
0.9999999
1.0
1.0
0.9999925
0.99999976
1.0
0.9999999
1.0
1.0
0.99999964
1.0
1.0
1.0
1.0
1.0
1.0
1.0
1.0
0.99999905
0.99999213
0.99999976
1.0
1.0
0.9999999
1.0
1.0
0.99999726
0.99999976
1.0
1.0
0.9999988
1.0
1.0
1.0
0.99999845
1.0
0.99999905
1.0
1.0
0.99998987
1.0
0.99999845
1.0
1.0
0.9999993
0.9999989
1.0
0.99999964
1.0
1.0
1.0
1.0
1.0
1.0
1.0
0.9999999
1.0
1.0
1.0
1.0
1.0
1.0
1.0
1.0
1.0
1.0
1.0
0.9999938
1.0
1.0
1.0
1.0
1.0
1.0
1.0
0.9999999
0.99999917
1.0
1.0
0.9999981
1.0
0.9999989
0.9999684
0.9999678
1.0
0.99999964
0.99999976
1.0
1.0
1.0
1.0
1.0
1.0
0.9999999
0.9999993
1.0
0.99999857
1.0
1.0
1.0
1.0
0.9999963
1.0
0.99999976
1.0
1.0
1.0
0.9999902
1.0
1.0
0.9999999
1.0
1.0
0.99999976
1.0
1.0
1.0
1.0
1.0
0.99999976
0.9999993
1.0
1.0
1.0
1.0
1.0
1.0
1.0
0.99999714
1.0
0.9999994
0.99999964
1.0
0.9999999
1.0
1.0
1.0
0.99999964
0.99999964
1.0
1.0
1.0
0.99999976
0.9999968
0.99997497
1.0
0.99999833
0.9999788
0.99999976
0.9999993
1.0
1.0
1.0
1.0
1.0
1.0
1.0
1.0
0.9999999
0.9999927
0.9999957
1.0
0.99999976
1.0
1.0
1.0
1.0
0.9999994
0.99992764
0.9999999
0.9999999
1.0
0.99999976
1.0
1.0
0.9999999
1.0
1.0
1.0
1.0
1.0
1.0
1.0
1.0
0.9999994
1.0
0.99998605
0.99999964
0.99997604
0.99999964
1.0
0.9999999
0.9999033
1.0
0.9999515
1.0
0.84135574
1.0
0.9996698
0.9999989
0.9999757
1.0
1.0
0.9997875
0.9999994
0.9999994
1.0
0.9999486
0.99999976
1.0
0.9999989
1.0
0.99999905
1.0
1.0
1.0
0.99999964
1.0
1.0
1.0
1.0
0.99998355
0.9999999
0.99999976
0.9999937
1.0
1.0
1.0
1.0
1.0
1.0
1.0
1.0
0.99998724
0.9999995
1.0
1.0
1.0
0.99999964
1.0
1.0
0.9999995
1.0
0.9999994
1.0
1.0
0.999658
0.9999958
1.0
0.9964233
0.9999633
1.0
1.0
1.0
1.0
0.99999917
1.0
1.0
0.99999833
0.9999931
1.0
0.9999995
0.99972993
0.9999887
0.99999917
0.9999988
1.0
0.9999976
0.99999416
1.0
1.0
0.9999974
0.9999472
1.0
0.9996493
0.9993968
1.0
1.0
1.0
1.0
0.99999976
0.9999969
1.0
1.0
1.0
1.0
1.0
0.99999976
1.0
1.0
1.0
1.0
0.99999964
1.0
1.0
1.0
1.0
1.0
1.0
0.9999956
1.0
1.0
1.0
1.0
1.0
1.0
1.0
0.9999999
1.0
1.0
1.0
0.9999994
1.0
0.99999976
1.0
1.0
0.99999976
1.0
0.99993217
1.0
1.0
1.0
1.0
1.0
1.0
0.999985
1.0
1.0
1.0
1.0
1.0
1.0
0.99990916
0.9999993
1.0
1.0
1.0
0.9999876
0.9999821
1.0
1.0
1.0
1.0
1.0
1.0
0.9999975
0.9999999
0.99999976
1.0
1.0
0.9999285
1.0
1.0
1.0
1.0
0.99997544
1.0
1.0
1.0
1.0
1.0
1.0
1.0
0.9997745
1.0
1.0
0.99999964
0.99999666
1.0
0.99999964
1.0
1.0
1.0
1.0
1.0
0.9999999
1.0
0.9999931
1.0
1.0
1.0
1.0
1.0
1.0
1.0
1.0
1.0
1.0
1.0
1.0
0.9999945
1.0
1.0
1.0
0.99999976
1.0
1.0
1.0
1.0
1.0
1.0
1.0
1.0
1.0
1.0
1.0
0.95299923
1.0
0.9992182
1.0
0.9999875
0.9994048
0.99996233
0.9999994
1.0
1.0
0.99837106
1.0
0.99946684
1.0
1.0
0.9999938
0.9999989
1.0
1.0
0.9999964
0.9998103
1.0
0.9999994
1.0
1.0
0.9999939
1.0
1.0
1.0
0.99999964
1.0
1.0
0.9993326
0.9967976
0.99998176
0.9827328
0.9985195
1.0
0.99999106
1.0
1.0
1.0
0.99999964
0.99899274
0.9999988
0.9994399
0.9999728
0.99957603
0.9999913
1.0
0.9999999
0.9993487
1.0
0.99999523
1.0
1.0
0.9999199
1.0
1.0
0.9999999
0.9999999
1.0
1.0
1.0
0.9999994
0.99999964
1.0
0.9999912
1.0
0.9728616
1.0
1.0
1.0
1.0
1.0
1.0
1.0
0.99999917
0.99999976
1.0
0.99999976
1.0
1.0
1.0
0.99999464
0.99999475
1.0
1.0
1.0
1.0
1.0
0.9999999
0.99996924
1.0
0.9999994
1.0
1.0
0.9999951
1.0
1.0
0.9999993
1.0
1.0
1.0
1.0
0.99999547
0.9999685
0.99999976
1.0
1.0
1.0
1.0
0.99999464
0.9999988
0.99999976
1.0
1.0
1.0
1.0
1.0
1.0
1.0
0.99495006
0.99613994
0.999992
0.9999739
0.9999999
1.0
0.9999988
0.9999999
1.0
0.99999833
1.0
1.0
0.9999999
0.9999968
1.0
0.99993384
0.9999999
0.99976677
0.9999974
1.0
1.0
0.99999964
0.999969
1.0
1.0
1.0
0.9999993
1.0
1.0
0.99998784
1.0
1.0
0.999972
1.0
1.0
1.0
0.99999714
0.9999844
1.0
1.0
0.9999999
1.0
1.0
1.0
1.0
1.0
0.999985
0.9999707
0.9999938
0.9999944
0.9999956
1.0
0.99999976
0.9999993
1.0
1.0
1.0
1.0
0.9999993
0.99999976
1.0
1.0
0.9997652
0.9999933
0.99998355
0.9846326
0.9999994
1.0
1.0
0.99987245
1.0
0.9999975
0.9999795
0.9999764
0.9999975
0.9999566
0.9999999
1.0
0.9993431
0.9999999
0.9999999
0.99954647
1.0
0.9999999
0.9999994
1.0
0.99999666
0.9999893
1.0
1.0
1.0
0.99998415
0.96762913
0.99999523
0.9999994
1.0
0.99995613
0.99984753
0.9999441
1.0
0.9999982
0.9999896
0.99996114
0.99999344
0.9999987
0.99999416
0.9972857
0.9991211
0.9999989
1.0
1.0
0.9999994
1.0
1.0
0.99999857
1.0
1.0
0.9999994
0.9999999
1.0
1.0
1.0
0.9999999
0.9999999
0.99999857
0.99999905
1.0
0.9999975
1.0
0.99998987
0.9758194
1.0
0.99999607
1.0
0.99790287
0.9846827
0.99999857
0.9999999
0.999458
0.9987037
0.9999877
0.9996823
0.999969
0.9999943
0.93408287
0.94042945
0.9999999
1.0
1.0
0.9999949
1.0
0.99864894
0.99999964
0.99985754
0.9999999
1.0
1.0
1.0
0.9999999
1.0
1.0
0.9999993
0.9999944
1.0
1.0
1.0
0.9999999
1.0
0.99990344
0.9999999
0.99999964
0.9999999
0.9999999
0.9999999
1.0
1.0
1.0
0.9999907
0.99999857
0.9999981
1.0
0.99999845
1.0
1.0
1.0
1.0
1.0
1.0
1.0
1.0
0.99999964
0.9999968
0.99999976
0.9999677
0.99981755
0.9993174
0.9999999
0.99999857
1.0
1.0
0.9999994
0.9862774
0.9999852
1.0
1.0
1.0
0.99999726
0.9999813
0.99990284
0.99999976
0.99999774
1.0
0.9999999
1.0
1.0
0.99999833
0.9999721
0.9999999
1.0
1.0
1.0
1.0
1.0
1.0
1.0
0.9996031
1.0
0.87780577
1.0
1.0
1.0
1.0
1.0
0.9999976
1.0
0.9999994
1.0
1.0
1.0
1.0
1.0
0.9999989
0.9999988
1.0
0.9999875
0.9995284
0.9999999
1.0
1.0
1.0
0.99999666
1.0
1.0
1.0
1.0
1.0
1.0
1.0
1.0
1.0
1.0
1.0
1.0
1.0
1.0
1.0
1.0
1.0
0.9999999
1.0
1.0
1.0
1.0
1.0
1.0
1.0
1.0
1.0
0.9999789
1.0
1.0
1.0
1.0
1.0
1.0
1.0
1.0
1.0
0.9999994
1.0
1.0
1.0
1.0
1.0
1.0
0.99999833
1.0
1.0
1.0
1.0
1.0
1.0
1.0
1.0
1.0
0.9999994
1.0
1.0
1.0
0.99999917
0.99999785
0.99999976
0.9999999
0.9999999
0.9999994
1.0
0.99999166
0.9999989
1.0
1.0
1.0
0.99990666
0.9999975
0.9998449
1.0
0.9999999
1.0
0.99995315
0.9998344
0.99999845
1.0
1.0
0.9999982
1.0
1.0
1.0
1.0
1.0
0.99993324
0.9929109
0.9999999
0.99999976
0.99987304
0.9999999
0.9999989
1.0
0.96834743
1.0
1.0
0.99999344
1.0
1.0
1.0
0.9999994
1.0
0.9999968
0.9999999
0.9999999
0.9999814
0.99999905
0.99999833
1.0
0.9999995
1.0
0.99999845
1.0
1.0
1.0
1.0
1.0
1.0
1.0
1.0
1.0
1.0
1.0
0.9999993
1.0
1.0
1.0
1.0
1.0
1.0
1.0
0.9999999
1.0
1.0
1.0
1.0
1.0
1.0
1.0
1.0
1.0
1.0
1.0
1.0
1.0
1.0
1.0
1.0
1.0
1.0
0.9999535
1.0
1.0
1.0
1.0
1.0
1.0
0.9999999
1.0
0.99998975
1.0
1.0
1.0
1.0
1.0
0.9999999
1.0
1.0
0.99999964
1.0
1.0
1.0
1.0
0.99954456
1.0
1.0
1.0
1.0
1.0
1.0
1.0
0.9999995
1.0
0.99999833
1.0
1.0
1.0
1.0
1.0
0.99999785
1.0
1.0
1.0
1.0
1.0
1.0
1.0
0.9999999
1.0
1.0
1.0
1.0
1.0
0.9999999
1.0
1.0
0.99999976
1.0
1.0
1.0
1.0
1.0
1.0
1.0
1.0
1.0
1.0
0.9999999
1.0
0.99999964
1.0
1.0
1.0
1.0
1.0
1.0
1.0
0.9999999
1.0
1.0
1.0
1.0
1.0
1.0
1.0
1.0
1.0
1.0
1.0
1.0
1.0
1.0
1.0
1.0
1.0
1.0
1.0
0.9999956
1.0
1.0
1.0
1.0
1.0
1.0
1.0
1.0
0.99999976
0.99998856
1.0
1.0
1.0
1.0
1.0
1.0
0.9999999
1.0
0.9999988
1.0
1.0
1.0
1.0
0.9999989
1.0
1.0
1.0
1.0
1.0
1.0
1.0
0.9999994
1.0
0.9999999
1.0
0.9999995
0.9999999
1.0
1.0
1.0
1.0
1.0
1.0
1.0
1.0
0.9999994
1.0
1.0
1.0
1.0
1.0
0.9999995
1.0
0.9999999
0.9999932
1.0
0.9998814
1.0
1.0
1.0
0.9999944
1.0
1.0
1.0
1.0
1.0
0.99999905
0.9999999
1.0
1.0
1.0
1.0
1.0
1.0
1.0
1.0
1.0
0.9999994
1.0
1.0
1.0
1.0
0.9999999
0.9999993
1.0
1.0
1.0
0.9999995
1.0
1.0
1.0
1.0
1.0
1.0
1.0
1.0
1.0
1.0
1.0
0.99999964
0.9999999
1.0
1.0
1.0
1.0
1.0
0.9999999
1.0
1.0
1.0
1.0
1.0
1.0
0.99999666
1.0
1.0
1.0
1.0
1.0
1.0
1.0
1.0
1.0
0.9999999
0.9999429
0.9999939
0.9999995
0.9999981
1.0
1.0
1.0
1.0
1.0
0.99999976
0.9999999
1.0
1.0
0.9999876
1.0
1.0
1.0
1.0
1.0
0.99999976
0.9999999
0.99999976
1.0
1.0
1.0
1.0
1.0
0.99999905
1.0
1.0
1.0
0.9999999
1.0
1.0
1.0
1.0
1.0
0.9999995
1.0
1.0
0.99999845
0.99999917
0.99999976
0.9999999
1.0
0.99999917
1.0
1.0
1.0
1.0
1.0
1.0
1.0
0.99999905
1.0
1.0
1.0
1.0
1.0
1.0
1.0
1.0
1.0
1.0
1.0
1.0
1.0
0.9999999
1.0
1.0
1.0
1.0
1.0
1.0
1.0
1.0
0.9985606
1.0
1.0
0.9999994
0.9999999
0.99994123
1.0
0.9999949
1.0
0.9999999
1.0
1.0
1.0
0.9999956
1.0
0.99999976
1.0
0.9999999
0.9999949
1.0
1.0
1.0
0.99999857
0.9999999
0.9998473
1.0
1.0
1.0
1.0
1.0
1.0
0.99983704
1.0
1.0
1.0
1.0
0.99999976
1.0
0.9999999
0.9999963
0.9999999
0.99999917
1.0
1.0
1.0
1.0
1.0
1.0
0.9999999
0.9999682
1.0
0.9999994
1.0
1.0
1.0
1.0
0.99999964
1.0
1.0
1.0
0.9999999
1.0
0.99999
1.0
1.0
1.0
1.0
0.9999999
1.0
1.0
0.9999876
1.0
1.0
0.9999981
0.9999877
1.0
1.0
0.9999999
1.0
1.0
0.99999964
0.9999981
1.0
1.0
1.0
0.99999833
1.0
1.0
1.0
0.9999989
1.0
1.0
0.9999789
1.0
0.9999981
0.9999999
0.99999964
0.99999535
0.99998105
1.0
1.0
0.99999917
0.99997854
1.0
0.9999969
1.0
0.99999905
1.0
1.0
1.0
1.0
1.0
0.9999999
0.99998724
1.0
1.0
0.99998736
1.0
0.9999999
1.0
0.9999974
0.9999968
0.9999896
0.9999927
0.99999905
1.0
1.0
0.9955754
0.9998654
1.0
0.9993255
1.0
0.9999819
0.9957557
0.9996654
0.9998739
0.99999976
0.99825484
1.0
1.0
1.0
0.99999964
0.9707946
0.99732864
0.9999678
1.0
0.99997556
1.0
0.9999994
0.9999999
0.9999993
1.0
1.0
1.0
0.9999547
0.99999464
0.99998045
0.9999949
0.99999917
1.0
1.0
0.9999963
0.9999783
0.9999933
0.9999976
1.0
1.0
0.9999912
0.9999993
0.9999993
1.0
1.0
1.0
1.0
1.0
0.99990904
0.9999999
1.0
1.0
1.0
0.9999993
0.9999999
1.0
1.0
1.0
1.0
0.9999999
0.9999275
1.0
0.9959312
1.0
1.0
1.0
1.0
1.0
1.0
1.0
0.9999832
1.0
0.9999999
1.0
1.0
1.0
1.0
1.0
1.0
1.0
0.9999993
1.0
1.0
1.0
0.99999964
0.99999964
1.0
1.0
1.0
1.0
1.0
1.0
1.0
1.0
0.9999999
1.0
1.0
1.0
1.0
1.0
1.0
0.9998851
1.0
0.99999964
1.0
1.0
1.0
1.0
0.9999999
1.0
1.0
1.0
1.0
1.0
0.99999785
1.0
1.0
1.0
1.0
1.0
1.0
1.0
1.0
1.0
1.0
1.0
1.0
1.0
1.0
1.0
1.0
1.0
0.99999607
1.0
1.0
0.9999999
1.0
0.9999994
1.0
1.0
1.0
0.99999976
1.0
1.0
0.9999893
1.0
1.0
1.0
1.0
0.9982741
1.0
1.0
1.0
1.0
0.9999945
1.0
0.9999949
1.0
1.0
1.0
1.0
0.9999182
1.0
1.0
1.0
1.0
1.0
1.0
1.0
1.0
1.0
0.99999857
1.0
1.0
1.0
1.0
1.0
0.9999882
1.0
0.9999938
1.0
1.0
0.99999917
1.0
1.0
1.0
1.0
1.0
1.0
0.9999995
1.0
0.99999917
1.0
1.0
1.0
0.999997
1.0
0.9999844
1.0
0.9999863
0.9999999
0.9999987
0.9999987
0.99999917
1.0
0.9999863
1.0
0.9999989
1.0
0.9999968
1.0
1.0
0.9999999
0.99999285
0.9999993
1.0
0.99994195
1.0
1.0
1.0
1.0
1.0
1.0
1.0
0.999997
1.0
1.0
0.9999999
1.0
1.0
1.0
1.0
0.9999851
0.99999917
1.0
0.9999989
0.9999807
1.0
1.0
0.99998796
0.99999905
0.99999964
1.0
0.9999019
0.9999906
0.99999976
0.99998844
1.0
0.9999976
0.99999976
0.9999982
1.0
1.0
0.9999995
1.0
1.0
0.9999999
1.0
1.0
1.0
1.0
1.0
1.0
0.99999917
1.0
1.0
1.0
1.0
1.0
1.0
1.0
0.9997954
1.0
1.0
1.0
1.0
1.0
1.0
1.0
1.0
1.0
1.0
1.0
1.0
1.0
1.0
1.0
0.9999932
0.99999976
1.0
1.0
1.0
1.0
1.0
1.0
1.0
1.0
1.0
1.0
0.9999987
1.0
1.0
1.0
1.0
1.0
1.0
1.0
0.9999989
1.0
1.0
1.0
1.0
1.0
1.0
1.0
1.0
1.0
1.0
1.0
1.0
1.0
1.0
0.99999976
1.0
1.0
1.0
1.0
0.9999999
1.0
1.0
1.0
1.0
1.0
0.9998367
1.0
1.0
1.0
0.9999937
1.0
1.0
1.0
1.0
1.0
1.0
0.9999999
1.0
1.0
1.0
0.99999464
1.0
1.0
1.0
1.0
1.0
1.0
1.0
1.0
0.99999964
1.0
1.0
1.0
1.0
1.0
1.0
1.0
1.0
0.99999833
0.99999905
0.99999905
1.0
1.0
1.0
1.0
0.9993581
1.0
1.0
0.99999833
1.0
1.0
0.9999994
1.0
1.0
0.9999999
0.99999344
1.0
1.0
0.99999917
1.0
1.0
0.9999994
1.0
0.9999999
1.0
1.0
1.0
1.0
1.0
0.9999999
0.99999905
0.99999917
1.0
1.0
0.9999995
1.0
0.9999914
1.0
1.0
0.9999999
1.0
1.0
1.0
1.0
0.99984753
0.9996692
0.9999943
1.0
0.99991477
0.9999708
1.0
1.0
1.0
1.0
1.0
1.0
1.0
1.0
1.0
0.9999999
0.9999999
1.0
1.0
1.0
1.0
1.0
1.0
0.9999999
1.0
0.99983895
0.9999999
0.99999976
1.0
1.0
0.9999999
1.0
1.0
0.99999964
1.0
0.99999857
1.0
0.9999994
1.0
1.0
1.0
1.0
0.99998593
1.0
1.0
0.9999969
0.99999964
1.0
0.9999999
1.0
1.0
1.0
1.0
1.0
1.0
1.0
0.9999993
0.99999964
1.0
1.0
1.0
1.0
0.99999785
1.0
0.99999976
0.9999999
1.0
0.9999974
1.0
0.9999914
0.9999862
0.99999964
1.0
0.9999976
0.99999845
1.0
0.99994075
1.0
0.9999999
0.9997819
0.9999993
0.9999999
1.0
1.0
0.96852
1.0
0.9999989
0.99987066
0.9999999
1.0
0.9999993
0.99999654
0.99999976
0.99999976
0.9999995
1.0
0.9983512
1.0
1.0
1.0
1.0
0.9999889
1.0
0.9999999
1.0
1.0
0.9999906
1.0
1.0
0.82147413
0.9999999
1.0
1.0
0.99910575
0.9999995
0.9999708
0.9999999
0.9995547
0.99991226
0.9990682
1.0
1.0
1.0
0.9999963
1.0
0.99996436
1.0
1.0
1.0
1.0
1.0
0.9999999
0.99998367
0.9999995
1.0
0.99999774
1.0
1.0
0.99999607
0.9999913
1.0
0.9999758
1.0
1.0
1.0
1.0
0.9999995
1.0
1.0
1.0
0.99998844
1.0
1.0
1.0
1.0
0.9999273
1.0
1.0
1.0
0.99999833
1.0
1.0
1.0
1.0
0.9999989
1.0
0.9879731
1.0
1.0
1.0
0.9999975
1.0
1.0
0.9999465
1.0
0.9982765
1.0
1.0
0.99984646
1.0
1.0
0.99999964
0.9999999
1.0
1.0
1.0
0.9989303
0.9999995
1.0
0.9999813
1.0
0.9996865
0.9999999
0.99999976
1.0
1.0
0.99994636
0.99998796
1.0
0.9446923
1.0
0.9996617
0.9999974
0.9999994
0.99998236
1.0
0.7894579
0.99999917
1.0
1.0
0.99999964
0.9999927
0.9999666
0.9642977
1.0
0.9936805
0.9999715
0.9853711
0.9999987
0.9999976
0.9999846
0.79125607
0.9977841
0.99999964
0.9990895
0.99999976
1.0
1.0
0.9999676
0.99999404
1.0
0.9966882
0.9994554
1.0
0.9999262
1.0
0.9999989
0.9997594
0.9999989
0.99999976
0.99954766
0.99999976
0.99997544
0.99543804
0.9999126
0.9999821
1.0
1.0
0.9983461
1.0
1.0
0.99997735
1.0
0.9999989
1.0
0.99999213
0.9993088
0.9999385
0.43227452
0.9999994
1.0
1.0
0.9999958
0.9999982
1.0
0.99937564
0.9992225
0.99999225
0.99999845
0.99999917
1.0
0.5348963
0.9998202
0.99987125
1.0
0.9999945
1.0
0.8047069
0.9999945
0.9999397
0.9999926
1.0
0.9999839
0.9999999
1.0
1.0
1.0
0.9999999
1.0
1.0
0.9999975
0.9999999
0.9999989
0.9111488
0.9999999
0.9995567
1.0
1.0
0.9999994
0.9999987
0.99999094
1.0
0.9999895
0.99999917
0.9999981
0.9999349
1.0
1.0
0.999998
0.999997
0.9999138
1.0
0.9987153
0.99999976
0.9999746
0.9999968
0.9999999
1.0
0.99995553
0.9998766
0.99997425
1.0
0.99999833
1.0
0.99999726
0.9999887
0.9999999
1.0
0.9999944
0.9999975
0.99656785
0.9996018
0.999997
0.9999783
0.9999012
0.9999989
0.99999917
0.99999547
1.0
0.99999964
0.9999982
0.9912062
0.99999976
0.99999857
0.99999905
1.0
0.99998677
0.6226179
0.9999999
0.98408985
0.9999912
0.9999989
0.9999616
0.99999785
1.0
1.0
0.9999933
0.9999999
0.99957305
1.0
0.99986243
0.9996588
1.0
0.99999976
1.0
1.0
1.0
0.99998915
0.99999964
1.0
0.9999982
0.72611076
0.99453014
1.0
0.99998915
0.99999857
0.9999999
1.0
0.9999926
0.99826187
1.0
0.9999999
0.99999964
1.0
1.0
0.9999999
1.0
0.99998176
0.9999875
1.0
0.98508596
1.0
1.0
1.0
0.99999964
0.9999466
1.0
0.9999995
0.99999976
0.9999995
1.0
1.0
1.0
1.0
1.0
0.99999976
1.0
0.9994155
0.99956673
1.0
0.9999223
0.9999869
0.9999999
0.9999995
1.0
1.0
0.99999833
0.99999976
0.8160805
0.99991536
0.9999945
1.0
0.9999999
0.99999964
0.9999989
0.99999905
0.9993173
0.999998
1.0
0.6291023
0.9999999
1.0
1.0
1.0
0.9998221
0.99943405
0.9999999
0.9999317
0.99999976
0.99999976
1.0
0.9999893
1.0
0.99999714
0.99999475
1.0
0.9999416
1.0
1.0
0.99999976
1.0
1.0
1.0
0.9998702
1.0
0.9999994
1.0
0.99999976
0.9837811
0.99999964
0.9999999
0.99999976
0.9988532
0.99977857
0.99997735
0.9999956
1.0
0.99709845
1.0
0.9999701
0.999348
1.0
0.99984336
0.9999976
1.0
0.99999976
1.0
1.0
1.0
1.0
0.9999995
0.9999002
0.99989665
0.9988109
0.9920889
0.999905
1.0
1.0
0.99999964
1.0
0.99999976
0.99999714
0.9999714
1.0
1.0
0.99982387
1.0
0.99999845
0.9999907
1.0
1.0
0.99290025
0.99999857
0.99999917
0.99999964
1.0
1.0
1.0
0.99999964
1.0
0.9999993
1.0
0.9999999
1.0
0.9999913
1.0
0.9999902
1.0
0.99998975
0.9999666
0.99999547
1.0
0.9999999
0.9999989
0.9999964
0.9999989
1.0
0.9999987
1.0
0.99999976
0.9999771
1.0
1.0
0.9999584
0.9999988
0.9999958
0.99999964
0.99999976
1.0
1.0
1.0
0.99999917
0.9999999
0.99999964
0.9999976
1.0
1.0
0.9999999
0.9999981
0.999997
0.9999958
1.0
0.9999999
0.9999999
0.9999981
0.99998677
1.0
0.9999801
0.99999976
0.99986637
0.99997795
0.96678734
1.0
1.0
0.99999845
1.0
1.0
1.0
1.0
0.9999999
1.0
0.9999969
0.99999535
1.0
1.0
1.0
1.0
1.0
1.0
