1.0
1.0
1.0
0.99998796
1.0
1.0
0.9999995
0.9999999
0.9849225
0.9999969
1.0
0.99999726
0.9999932
1.0
1.0
0.9999987
0.9999989
0.99999964
0.93745595
1.0
1.0
0.99999774
1.0
1.0
1.0
1.0
1.0
1.0
0.9999958
1.0
1.0
1.0
1.0
0.99999917
1.0
1.0
1.0
1.0
0.99999833
1.0
1.0
0.9999995
1.0
0.99996924
0.99999285
1.0
0.99999774
1.0
0.9999999
1.0
0.99999905
1.0
1.0
1.0
1.0
1.0
1.0
1.0
0.9999993
0.999964
0.9999995
0.9999999
0.9996666
0.9996344
0.9999994
1.0
1.0
0.9999988
1.0
0.99999976
0.99999964
1.0
1.0
0.99991
1.0
1.0
1.0
1.0
0.9999993
0.99999595
1.0
1.0
1.0
1.0
1.0
1.0
0.99999964
0.99999845
1.0
1.0
1.0
1.0
0.9995714
0.9999732
1.0
0.9998863
0.999946
0.9999975
1.0
1.0
1.0
1.0
0.9999995
1.0
0.99999666
1.0
1.0
1.0
0.9999999
1.0
1.0
0.99997914
1.0
1.0
1.0
0.91083795
1.0
1.0
0.9999995
0.99972135
0.9999932
0.9999808
1.0
1.0
0.9999999
0.9999453
0.9999877
0.9999995
1.0
1.0
1.0
1.0
0.99999785
1.0
1.0
1.0
1.0
1.0
1.0
0.99999297
1.0
1.0
0.9999999
1.0
1.0
1.0
1.0
1.0
1.0
0.9784702
0.99999976
0.9332173
1.0
1.0
1.0
1.0
1.0
1.0
0.9997838
1.0
0.99984574
1.0
1.0
1.0
1.0
1.0
1.0
0.99598515
1.0
1.0
1.0
0.9984401
1.0
0.9999999
1.0
0.9999908
1.0
0.99999964
1.0
1.0
1.0
1.0
1.0
1.0
0.99974495
0.9999975
1.0
0.99999976
1.0
0.9999993
1.0
0.99999213
1.0
0.99881965
1.0
0.99982893
1.0
1.0
1.0
0.99992144
1.0
1.0
1.0
1.0
1.0
1.0
0.9999827
0.99999714
1.0
0.9993055
1.0
0.5951784
1.0
1.0
0.9999808
1.0
1.0
0.99994016
1.0
1.0
1.0
0.99958247
1.0
1.0
1.0
1.0
0.9999995
1.0
1.0
1.0
0.9999999
1.0
0.9999981
0.99999976
1.0
0.99999976
1.0
1.0
1.0
1.0
0.9999981
0.9953307
0.9999546
0.9999876
0.99999964
0.99983263
0.9999993
0.9714291
1.0
1.0
0.99999976
0.99999976
1.0
1.0
1.0
0.99999976
0.99999964
0.9999999
0.9999995
0.61572254
1.0
0.9999995
1.0
1.0
0.99678314
1.0
0.72204673
1.0
0.9966276
0.9999993
0.9999988
1.0
1.0
0.9999974
0.9999999
0.99999976
1.0
0.9999999
1.0
1.0
0.9999968
1.0
0.99915123
1.0
0.99999917
1.0
0.99991715
0.99994874
1.0
0.99999475
0.99900633
0.9999962
0.9998047
1.0
0.9999999
1.0
1.0
0.99999464
0.9999933
1.0
0.99999964
0.9999995
1.0
1.0
1.0
0.9999999
1.0
1.0
0.99999726
1.0
1.0
0.9999999
1.0
0.9999875
1.0
1.0
0.99999976
0.999962
0.99999547
1.0
0.9826073
0.9581061
0.9999875
1.0
0.9999627
1.0
0.9849835
1.0
0.99999964
1.0
1.0
1.0
1.0
0.9999937
1.0
1.0
0.9982114
0.99988496
0.9998374
0.99994385
0.551946
0.99999917
1.0
1.0
0.9999999
1.0
1.0
0.9997942
1.0
1.0
1.0
1.0
0.99999857
0.9999925
1.0
0.99999976
1.0
1.0
0.9998147
0.7551946
0.9999999
1.0
0.9999815
0.99999905
1.0
1.0
0.99994016
1.0
0.9997162
1.0
1.0
1.0
0.9999988
1.0
0.9999999
1.0
1.0
1.0
1.0
1.0
0.99999917
0.98901665
1.0
1.0
1.0
1.0
0.9999888
1.0
1.0
0.99999344
0.99999917
0.9998597
1.0
1.0
0.9999999
0.9999988
1.0
0.9999807
1.0
0.9999995
1.0
1.0
1.0
0.99999785
0.99999905
1.0
0.9999877
0.9999999
1.0
1.0
1.0
0.99999666
0.9989219
1.0
0.99999976
0.9999999
1.0
0.9880618
1.0
1.0
0.9999993
1.0
0.9999794
1.0
0.9999999
1.0
1.0
1.0
1.0
1.0
1.0
0.9999982
0.99992895
0.9999987
1.0
0.9998342
1.0
1.0
1.0
0.99999976
1.0
1.0
0.99999976
1.0
0.9975552
0.8574548
0.99998605
0.7114735
0.99920815
0.53370804
0.99945945
1.0
0.99999905
1.0
0.99999547
1.0
0.9999932
0.99996614
1.0
0.99999523
0.9999634
1.0
0.99999297
1.0
0.99945754
0.99999833
1.0
1.0
0.9999901
0.99987304
0.99999976
1.0
1.0
1.0
0.9999981
1.0
1.0
1.0
0.99996996
0.99926955
1.0
1.0
0.99999964
1.0
1.0
1.0
1.0
0.9999994
1.0
1.0
0.9999975
0.999997
1.0
1.0
1.0
0.85630554
1.0
0.9999447
0.99999917
1.0
1.0
1.0
0.99984634
1.0
1.0
1.0
1.0
0.9999949
0.9999794
0.9999995
1.0
0.99999857
1.0
1.0
1.0
1.0
1.0
1.0
1.0
1.0
1.0
0.9999999
0.9999987
0.99999964
1.0
0.99999785
1.0
0.9999981
0.99999213
1.0
0.9999838
0.99999976
1.0
1.0
0.99999344
1.0
0.9999441
1.0
1.0
1.0
0.99992144
1.0
0.9997733
0.83928907
1.0
0.9999999
1.0
0.99999964
0.99999976
1.0
1.0
0.9613696
0.9999467
1.0
1.0
1.0
1.0
0.99999774
0.99999976
0.9999995
1.0
0.99999833
1.0
0.9999999
0.9999999
1.0
1.0
1.0
0.9999994
0.9999988
0.9999994
0.9952048
0.99999976
1.0
1.0
1.0
1.0
1.0
1.0
1.0
0.9999999
0.999964
0.84472895
0.6275049
1.0
1.0
1.0
0.9999995
0.9999982
1.0
1.0
0.97404826
1.0
0.9996195
0.9999994
1.0
0.99999976
0.9999571
0.99999917
0.9999993
1.0
1.0
1.0
0.9999976
1.0
1.0
1.0
1.0
1.0
1.0
1.0
1.0
1.0
0.9999974
1.0
1.0
0.99999857
0.99999976
0.9998202
0.9972203
0.9999999
1.0
1.0
1.0
0.9999291
0.9382627
1.0
1.0
0.9999995
0.99992156
1.0
0.9999994
1.0
1.0
0.99999976
0.9999696
1.0
0.9999951
0.99999976
0.99999857
1.0
1.0
0.9998869
1.0
1.0
0.9994305
0.96247876
1.0
1.0
1.0
0.99999976
1.0
1.0
1.0
1.0
0.99999905
1.0
1.0
0.99999857
0.6512669
1.0
1.0
1.0
1.0
1.0
1.0
1.0
0.9999999
1.0
1.0
1.0
0.9999324
1.0
0.9999839
0.89021677
1.0
0.99999297
0.9999882
0.9999794
1.0
1.0
0.99999905
1.0
0.9999999
0.5781628
0.9998841
1.0
1.0
0.99999905
0.99998224
1.0
0.97627693
0.9999999
1.0
0.99999976
1.0
1.0
1.0
0.99999964
0.9999999
0.99999976
1.0
1.0
1.0
1.0
1.0
1.0
0.99999964
1.0
1.0
1.0
0.9999974
0.99999976
1.0
1.0
0.9999982
0.9989249
0.98426026
1.0
1.0
0.99640095
1.0
1.0
0.9997675
1.0
1.0
0.9986628
1.0
0.9999918
0.9999999
0.9999999
1.0
1.0
1.0
1.0
1.0
0.9999939
0.9999982
0.9893658
0.9999987
0.95838064
0.9999975
1.0
0.99999964
1.0
1.0
0.99999833
1.0
0.99999964
1.0
1.0
1.0
1.0
1.0
1.0
1.0
1.0
1.0
1.0
1.0
0.99996674
0.9997614
0.99999845
0.99999917
1.0
1.0
0.99999976
1.0
1.0
0.99999857
1.0
1.0
1.0
1.0
1.0
1.0
1.0
1.0
1.0
1.0
0.99995613
0.99882036
0.9999999
1.0
1.0
0.9999548
0.99835616
0.99999976
1.0
0.9999572
1.0
0.99961567
1.0
1.0
1.0
0.9999999
1.0
0.99994683
1.0
1.0
0.99602616
0.99999976
1.0
1.0
0.99989283
1.0
1.0
1.0
1.0
1.0
0.99999833
1.0
1.0
0.9504457
1.0
0.9999995
0.9995214
0.9999993
1.0
1.0
1.0
0.9999999
0.9999988
0.99999964
1.0
1.0
1.0
1.0
0.99999905
0.9999651
1.0
1.0
1.0
0.9999864
0.99999976
1.0
1.0
1.0
1.0
0.99905473
1.0
1.0
1.0
1.0
0.8934327
0.99999917
0.99664706
1.0
1.0
1.0
1.0
1.0
1.0
1.0
0.99999857
1.0
0.99999964
0.999995
1.0
1.0
1.0
1.0
1.0
1.0
1.0
1.0
0.99980336
1.0
1.0
1.0
0.9999622
1.0
0.99999905
1.0
0.9999993
0.9999988
1.0
0.9999865
0.9997602
1.0
0.9999999
0.9989706
0.5289977
0.5679393
1.0
0.99999607
0.9999975
1.0
0.9999964
1.0
0.9999999
1.0
1.0
1.0
0.9999999
0.9999316
0.99999547
1.0
0.99999607
0.99999964
0.999997
0.9999999
0.9998863
0.99981946
1.0
1.0
0.99999547
1.0
1.0
0.9999801
1.0
1.0
1.0
0.9999995
1.0
1.0
0.9999571
1.0
1.0
1.0
1.0
1.0
0.9999999
1.0
0.98942167
1.0
0.999998
1.0
0.9999999
1.0
0.99999964
1.0
0.9999999
1.0
1.0
0.9999956
0.9875266
1.0
0.993775
0.998906
0.999949
1.0
0.9999995
0.9999999
0.9999999
1.0
0.9999999
0.9622945
1.0
1.0
0.9998472
0.9996463
0.9999999
1.0
1.0
0.99987745
0.99123913
0.99999976
0.99795306
1.0
1.0
1.0
0.99999607
1.0
1.0
0.714818
0.99999595
1.0
1.0
0.9999796
0.99999845
1.0
1.0
1.0
1.0
1.0
1.0
1.0
0.99999213
1.0
1.0
0.9999999
0.9999708
1.0
1.0
1.0
0.99999976
1.0
1.0
0.9999999
1.0
1.0
0.9999839
1.0
1.0
0.9999989
1.0
1.0
0.9999807
0.9999896
0.9999999
1.0
0.999997
0.9999995
1.0
1.0
0.99999166
1.0
1.0
1.0
1.0
1.0
0.99998784
1.0
0.9984825
1.0
1.0
1.0
0.99999917
1.0
1.0
0.99998546
0.99930453
1.0
0.9999999
1.0
0.9999733
1.0
0.99999845
1.0
1.0
0.99999905
0.999995
0.9947365
0.99999976
1.0
1.0
1.0
1.0
0.44320822
1.0
1.0
0.9999981
1.0
0.9999639
0.99301505
1.0
0.9999993
1.0
1.0
0.99999535
0.9999976
0.9999801
1.0
1.0
1.0
0.99999857
1.0
1.0
0.9999999
1.0
0.99999964
0.99971694
0.99999976
1.0
1.0
1.0
1.0
1.0
0.99999964
1.0
1.0
0.9999981
0.9999907
1.0
1.0
1.0
1.0
1.0
1.0
1.0
0.9999025
0.9999989
1.0
1.0
1.0
0.9999989
1.0
0.9999999
0.99999976
0.9999938
1.0
1.0
1.0
0.9999999
0.99999976
1.0
1.0
1.0
0.9999999
1.0
0.8839931
1.0
0.9999999
1.0
1.0
1.0
0.9981589
0.99999034
1.0
1.0
1.0
0.938324
1.0
0.99790144
0.9999999
1.0
0.99999976
0.9999521
0.9999615
1.0
0.99979347
0.99999774
1.0
0.9999999
0.9999926
1.0
1.0
0.9880988
1.0
0.9999927
0.99999905
1.0
1.0
1.0
1.0
1.0
1.0
0.9999758
1.0
1.0
0.9999999
1.0
0.9999969
1.0
0.9999975
0.9999932
0.9999969
1.0
0.9999999
0.99999964
1.0
0.9999968
0.9999969
0.9999995
1.0
0.99999917
1.0
1.0
1.0
1.0
0.9999856
1.0
1.0
0.9999994
1.0
0.99878985
1.0
1.0
0.9998233
1.0
1.0
1.0
1.0
1.0
1.0
1.0
1.0
0.9997117
1.0
1.0
0.8334976
0.53341097
1.0
0.9999999
1.0
1.0
0.99999976
1.0
1.0
1.0
0.99870837
0.99868006
1.0
0.9999989
1.0
1.0
1.0
0.9999902
0.9999974
0.99999976
1.0
0.9801531
1.0
0.9999882
1.0
0.9981153
1.0
0.9999999
0.99990356
1.0
1.0
0.99999666
1.0
1.0
1.0
0.9999995
0.9999988
1.0
0.9999999
1.0
0.99998033
1.0
0.9999999
0.99988234
1.0
0.84660065
1.0
0.9999958
1.0
1.0
0.99998975
0.99935645
0.99929893
0.999997
0.9999988
1.0
0.99999976
1.0
0.99999964
1.0
0.9999958
0.72436094
0.99999785
0.99999726
1.0
0.9999958
0.8331498
0.9909837
1.0
1.0
0.99996936
0.9999943
1.0
1.0
0.99999976
0.99743026
1.0
0.9999937
0.99999726
0.99066913
1.0
1.0
0.9985354
0.9999994
1.0
0.9999999
0.9999999
1.0
1.0
0.9999995
0.99999964
0.999225
0.99997354
0.99999976
1.0
0.9999999
0.9999999
1.0
0.9994234
1.0
0.99998295
0.9997315
1.0
1.0
1.0
0.99999976
0.9999616
1.0
0.9997843
0.9997532
1.0
0.9999796
1.0
1.0
1.0
0.9999962
1.0
1.0
0.78759915
1.0
0.99999964
1.0
0.9999999
1.0
1.0
1.0
0.99999976
0.99999964
1.0
0.9999987
1.0
1.0
1.0
1.0
0.9999956
1.0
1.0
1.0
0.611943
1.0
1.0
1.0
1.0
1.0
1.0
0.997479
1.0
0.9999399
1.0
0.999997
0.9996382
1.0
0.99999964
0.99990225
0.9999943
0.9999982
0.8362868
1.0
0.9997887
0.9999999
1.0
1.0
1.0
0.99999905
0.99999833
1.0
0.9999994
0.99999964
1.0
1.0
1.0
0.9999993
1.0
0.9999999
1.0
1.0
1.0
1.0
1.0
1.0
1.0
1.0
1.0
0.82483304
0.99995553
1.0
1.0
1.0
1.0
1.0
1.0
1.0
1.0
1.0
0.9999999
1.0
0.99983597
0.99988556
1.0
1.0
1.0
1.0
0.9999995
1.0
0.99992275
0.9999999
1.0
0.99999964
1.0
1.0
0.9995473
1.0
0.80101806
0.9981384
0.99999833
1.0
0.99999964
0.99997294
0.9999999
0.9999999
1.0
0.9999976
0.99999714
0.9999994
0.9999999
1.0
0.99999976
0.99999666
0.9999999
1.0
0.99998224
1.0
0.9999999
0.37841806
0.9034131
1.0
0.99999964
0.9999999
1.0
0.9999999
1.0
1.0
0.99989355
1.0
0.99989414
1.0
0.9999987
0.99999976
0.99976045
1.0
1.0
1.0
0.9462493
1.0
0.9998802
0.999912
0.9999994
0.99962616
1.0
0.99989915
0.9995239
1.0
1.0
0.99946517
1.0
1.0
0.99999094
1.0
1.0
0.99999976
1.0
1.0
0.99987626
0.9999999
1.0
1.0
1.0
0.9999993
0.99723214
1.0
1.0
1.0
0.99999976
0.999928
0.9999802
0.9999608
0.9999968
0.9999999
0.9999838
1.0
1.0
1.0
0.9999999
1.0
0.9999995
0.99999905
1.0
1.0
1.0
1.0
0.99999964
0.9993492
1.0
1.0
1.0
1.0
1.0
0.99999976
1.0
0.9999999
1.0
0.9998267
1.0
0.9999994
1.0
0.9999999
1.0
1.0
0.9999995
0.99985194
0.99999714
0.99999917
1.0
0.9999995
1.0
1.0
1.0
0.9998704
0.99999714
0.99995697
0.9999999
0.99999976
1.0
0.99998987
1.0
0.9999999
1.0
1.0
1.0
0.99077374
1.0
0.98387295
0.999877
1.0
0.9999999
1.0
0.87743115
1.0
1.0
0.9957333
0.9999944
1.0
0.9999999
1.0
1.0
0.9999999
0.9999999
1.0
1.0
1.0
1.0
1.0
0.99999607
1.0
1.0
0.99999964
0.999998
1.0
0.99876237
1.0
0.9999975
1.0
0.97074133
0.9229917
1.0
1.0
1.0
0.99982506
0.990738
1.0
1.0
0.99952054
1.0
1.0
1.0
1.0
1.0
1.0
0.98980635
0.99956924
1.0
1.0
0.9999999
1.0
1.0
0.99999964
1.0
1.0
0.99999
1.0
0.99981815
1.0
0.9999962
0.99999976
1.0
1.0
0.9999739
1.0
0.99999917
1.0
1.0
0.99999976
1.0
0.999997
0.9999856
1.0
0.99999917
1.0
1.0
0.99966586
0.99999976
1.0
1.0
0.99999964
1.0
1.0
0.9998454
1.0
0.9987161
1.0
0.99559045
0.9999999
0.99999356
0.99997616
1.0
0.999998
0.9999807
0.99998224
1.0
0.9999989
0.837321
1.0
1.0
1.0
1.0
0.9999807
0.99999785
1.0
1.0
1.0
0.9999931
1.0
1.0
0.9999956
1.0
1.0
0.99977666
1.0
1.0
0.9999933
0.7701876
1.0
1.0
1.0
0.9999999
1.0
1.0
0.9999976
0.99999917
0.9999999
1.0
1.0
0.9999999
0.95176214
1.0
1.0
1.0
1.0
1.0
0.9999999
1.0
1.0
1.0
1.0
1.0
1.0
1.0
1.0
1.0
0.99988353
0.998351
1.0
0.99999917
1.0
1.0
0.9998746
0.9999999
0.9808725
1.0
1.0
0.7210071
0.99999917
1.0
1.0
1.0
0.9283982
0.9999937
0.9999999
0.99999535
1.0
0.9999995
1.0
1.0
0.9999999
0.99999547
0.9999441
0.9999999
1.0
1.0
1.0
0.9999887
0.9999999
1.0
1.0
1.0
0.99999905
0.9999988
1.0
0.8997757
1.0
0.99999976
0.9999994
1.0
0.9999995
1.0
0.9999968
0.7693496
0.9987387
1.0
1.0
0.9998666
0.9856587
1.0
1.0
0.9999758
1.0
1.0
1.0
1.0
0.99992156
1.0
0.99999905
1.0
1.0
1.0
1.0
0.90404576
1.0
0.9999999
1.0
1.0
1.0
0.99999976
1.0
1.0
0.99999976
0.9999989
0.99845695
1.0
1.0
0.9999747
1.0
1.0
0.7984473
0.99995744
1.0
0.9999995
0.99998903
0.9999999
1.0
0.99999964
0.9999963
1.0
0.9999943
1.0
1.0
1.0
1.0
0.9999982
1.0
0.9999993
0.99996984
0.99999976
0.99984455
0.99999976
1.0
1.0
1.0
0.9999999
1.0
0.9999994
0.9998031
1.0
1.0
0.9999881
1.0
1.0
1.0
0.9999999
0.9941855
1.0
1.0
0.99999905
1.0
1.0
0.99999964
0.9999999
0.99999976
1.0
0.95949095
0.9999943
0.99999964
1.0
1.0
1.0
1.0
0.9999995
0.9994838
0.9997093
0.9999995
0.9998908
1.0
0.9970271
1.0
1.0
1.0
1.0
0.99999964
0.9999535
1.0
1.0
0.9967098
0.99999905
1.0
0.9999999
0.9999994
1.0
0.9988411
1.0
1.0
0.999997
1.0
0.99988306
1.0
1.0
1.0
1.0
0.9999999
0.99999607
1.0
0.99999964
1.0
0.9999918
1.0
1.0
1.0
0.99176335
1.0
1.0
0.99999547
0.9999987
0.9999901
0.9999647
1.0
0.99999547
0.99999666
0.99999416
1.0
0.99999976
1.0
1.0
1.0
1.0
1.0
0.9999442
0.9999993
1.0
0.999997
0.9999988
1.0
0.9986946
1.0
1.0
0.9999999
1.0
1.0
1.0
0.9764578
1.0
0.9998318
1.0
0.99990904
0.99936265
1.0
1.0
1.0
1.0
0.9999796
0.99999976
1.0
1.0
1.0
0.9999999
0.99999964
0.9999956
0.9999938
1.0
0.99999857
0.9999138
1.0
0.99050224
1.0
0.57611704
0.99999976
1.0
1.0
1.0
1.0
0.9999999
0.9999993
0.9999393
1.0
0.999941
1.0
1.0
1.0
0.9999995
0.9999999
1.0
1.0
1.0
1.0
1.0
0.9999546
1.0
0.99999976
0.9999999
1.0
0.9999999
0.99999976
1.0
0.99999976
1.0
1.0
1.0
1.0
0.99999964
0.99999774
1.0
0.99999464
0.9999826
1.0
0.99999595
0.9988896
1.0
1.0
0.99999845
0.9999938
0.9999634
1.0
1.0
0.999977
1.0
0.99940026
0.9998703
0.9943105
1.0
1.0
1.0
1.0
1.0
1.0
0.9999994
1.0
0.9999994
1.0
1.0
0.9999949
0.9999658
0.9999989
0.9999999
0.99999976
0.9999995
1.0
1.0
0.99998105
1.0
1.0
1.0
1.0
1.0
0.9919978
1.0
0.9980868
1.0
1.0
0.9996277
0.99999976
0.9999993
0.9999999
1.0
0.9999988
1.0
1.0
0.99999666
0.99999
1.0
0.99999475
0.9997775
1.0
0.9999969
1.0
1.0
0.99999356
1.0
0.9999993
1.0
1.0
0.99999976
0.9999999
1.0
1.0
1.0
1.0
1.0
0.995701
1.0
0.9880805
1.0
1.0
0.9999994
1.0
0.99999917
0.99994195
0.99981207
1.0
1.0
0.99997973
0.9999982
0.9999976
1.0
1.0
1.0
1.0
0.9859848
1.0
0.99999845
1.0
1.0
0.8181784
1.0
1.0
0.96226317
0.9995271
0.9999995
1.0
0.99998224
0.99999535
0.9999999
0.9999999
1.0
1.0
0.6271123
1.0
0.9999995
0.99999917
0.9999999
0.9999312
1.0
0.9999844
0.9999999
1.0
0.9998969
0.99999964
0.999943
0.99999964
1.0
0.9998066
1.0
0.85304123
0.9999999
1.0
1.0
0.9999838
1.0
1.0
0.99999964
1.0
1.0
1.0
1.0
1.0
1.0
0.998823
1.0
1.0
0.99999976
0.99999964
0.999998
0.9999982
0.99999976
1.0
0.97428787
1.0
0.9999999
1.0
1.0
0.97812074
0.99991536
0.9999999
0.9999999
1.0
1.0
0.99999976
0.99991965
0.9999999
0.6635066
1.0
0.8837373
1.0
1.0
1.0
0.9999285
0.9999999
1.0
0.99996054
1.0
0.7690249
1.0
1.0
1.0
0.9999999
1.0
1.0
0.9999981
1.0
1.0
0.9999999
0.6295569
0.99982566
0.9999896
1.0
1.0
1.0
0.9996075
0.9999999
1.0
0.99998295
1.0
1.0
1.0
1.0
1.0
1.0
1.0
0.99999964
0.9999987
0.99988484
0.9999999
0.9999951
1.0
1.0
0.9999999
1.0
0.9999994
0.99999976
1.0
0.9999962
0.9999999
0.99999976
0.99999404
0.9986594
1.0
1.0
1.0
0.99999154
1.0
0.999977
0.9999987
1.0
1.0
1.0
1.0
0.9997851
1.0
1.0
1.0
1.0
0.9999653
1.0
0.9999995
0.98722047
0.9999999
1.0
0.99973816
0.861334
1.0
0.99996436
0.97274685
1.0
1.0
0.9999999
0.99998724
0.9999995
0.9986726
1.0
0.99999976
0.9999857
1.0
0.99999547
1.0
1.0
1.0
1.0
1.0
1.0
1.0
0.99999976
1.0
1.0
1.0
0.9999627
1.0
0.9999999
0.99959654
0.9999995
1.0
1.0
0.9999999
1.0
1.0
0.99999785
1.0
0.99916506
0.98579246
1.0
1.0
1.0
1.0
1.0
1.0
0.99999785
0.9999999
1.0
1.0
1.0
0.9956204
1.0
1.0
1.0
1.0
0.9999995
1.0
0.9999994
1.0
1.0
0.9999999
1.0
1.0
1.0
1.0
1.0
0.99999917
0.99999976
1.0
1.0
0.99999845
1.0
0.99998367
1.0
1.0
1.0
1.0
1.0
1.0
0.9245693
1.0
0.9999994
0.99999964
1.0
0.9999999
0.97319555
1.0
1.0
1.0
0.9999995
1.0
0.9999999
0.999959
0.98099214
1.0
0.9999993
1.0
1.0
1.0
0.99999976
1.0
0.9999964
1.0
1.0
0.999956
0.99991703
0.97989357
1.0
1.0
0.99999094
1.0
0.9999931
0.99997354
0.9999994
1.0
1.0
1.0
1.0
1.0
1.0
1.0
0.99651045
1.0
1.0
0.9999999
1.0
1.0
0.99965084
1.0
1.0
1.0
0.99997044
1.0
0.9999864
1.0
0.9999999
1.0
1.0
0.99999976
0.9997155
0.99999046
1.0
0.65155226
1.0
1.0
1.0
0.9999999
0.99999774
1.0
1.0
1.0
0.9999944
0.9999988
1.0
0.99999964
0.9999993
0.99973124
1.0
1.0
1.0
1.0
1.0
1.0
1.0
0.99999785
1.0
1.0
1.0
1.0
1.0
1.0
0.9999988
1.0
1.0
1.0
1.0
0.9999999
0.99999976
1.0
1.0
1.0
1.0
0.652323
0.99978644
0.99990845
1.0
1.0
1.0
1.0
1.0
0.99984753
0.99993527
1.0
0.97353655
0.9999999
0.9999287
1.0
0.99999774
1.0
0.99990106
0.8751158
0.9999981
1.0
1.0
1.0
0.9999994
0.980416
0.9999975
0.9997949
0.9999995
0.99999917
0.9999994
1.0
0.9999994
1.0
1.0
0.99999964
0.9999968
0.9999993
0.9893862
1.0
0.99996483
1.0
1.0
1.0
0.99999917
1.0
0.97414875
0.9999975
1.0
0.99995625
1.0
1.0
0.9999981
1.0
0.999353
0.9999871
1.0
0.9999776
0.9999833
1.0
0.9999999
1.0
1.0
1.0
1.0
0.9993814
1.0
1.0
1.0
0.98796403
0.99999964
1.0
1.0
0.9998796
1.0
0.9999999
1.0
0.9999999
1.0
0.99763227
0.9993025
1.0
0.9999989
1.0
1.0
1.0
0.62973565
0.99988306
1.0
0.9999908
1.0
0.9999957
0.9999821
1.0
0.99998593
1.0
0.9999951
1.0
1.0
1.0
1.0
1.0
0.99999166
1.0
1.0
1.0
1.0
1.0
0.9997731
0.99999976
0.9999988
1.0
0.9999987
0.99999607
0.9999999
1.0
1.0
1.0
1.0
1.0
0.9975546
1.0
1.0
1.0
1.0
1.0
1.0
1.0
0.9998233
0.9999999
1.0
1.0
1.0
1.0
1.0
1.0
0.9999999
1.0
0.99999845
0.9999999
0.99999833
1.0
1.0
1.0
0.9997235
1.0
0.99965847
0.99999595
0.99967575
1.0
0.9999974
1.0
1.0
0.99999917
1.0
0.9999951
1.0
0.9999602
0.99926156
0.99999285
0.9998197
1.0
1.0
1.0
0.9998349
0.999944
0.95770556
0.9999999
1.0
1.0
1.0
1.0
0.99994373
1.0
0.9999883
0.99999726
0.99999964
0.9999975
1.0
1.0
0.9993218
1.0
1.0
0.9999995
0.99999845
1.0
0.9999999
1.0
0.99993753
0.9999999
1.0
0.99992406
0.9973469
1.0
0.9999999
1.0
1.0
1.0
1.0
1.0
0.9999981
0.9999068
0.99998844
0.99998856
1.0
0.9989316
0.9999994
1.0
1.0
0.9999969
0.9992601
1.0
1.0
0.9999994
0.99628395
1.0
1.0
0.99999976
1.0
1.0
1.0
0.9996741
1.0
1.0
1.0
0.9999988
0.9999994
1.0
0.9999671
0.99987876
0.99999905
1.0
1.0
1.0
0.99999964
0.9999988
0.9999993
1.0
1.0
0.93063843
1.0
0.99998546
0.9998859
0.9999987
1.0
1.0
1.0
1.0
1.0
0.9999994
0.99989915
1.0
0.99999535
1.0
1.0
0.9999926
0.9999981
1.0
1.0
1.0
1.0
1.0
0.99996567
0.9965849
1.0
1.0
1.0
0.9995141
0.9999895
0.9999989
0.99999666
1.0
1.0
0.9999702
1.0
1.0
1.0
0.999998
1.0
1.0
0.99747354
1.0
1.0
0.9999926
1.0
0.9999957
0.99998975
1.0
0.9999988
1.0
1.0
0.9998988
0.9999999
1.0
1.0
1.0
0.9999999
1.0
1.0
1.0
0.998781
1.0
0.999882
0.99995077
0.99999964
0.9999995
1.0
1.0
1.0
1.0
0.97968
1.0
1.0
1.0
1.0
0.9999995
0.9999995
0.9999995
0.99992263
1.0
1.0
0.9999949
1.0
1.0
1.0
1.0
1.0
0.9993332
1.0
0.99999547
0.9999999
1.0
0.9999994
1.0
1.0
0.99999905
1.0
0.9999988
1.0
1.0
0.9999949
1.0
1.0
1.0
1.0
0.9999864
1.0
1.0
1.0
0.9999999
0.99999785
1.0
0.84632874
0.99999154
1.0
1.0
1.0
1.0
1.0
0.99999976
1.0
1.0
0.9997682
0.99999964
0.99999547
1.0
1.0
0.9999839
0.99996257
1.0
1.0
0.9999999
0.99999714
1.0
0.8337124
0.99997866
1.0
1.0
1.0
1.0
1.0
1.0
0.9999969
0.9999399
1.0
1.0
0.9999659
0.9999999
0.9998927
1.0
0.8107134
1.0
0.99996173
0.99995625
1.0
1.0
1.0
1.0
1.0
1.0
1.0
0.99999654
0.9974165
0.9420548
1.0
0.99999833
1.0
0.99999845
1.0
0.9999988
0.9999095
1.0
0.98554474
0.9999995
0.9999976
1.0
1.0
1.0
1.0
0.9999974
1.0
1.0
0.9999999
1.0
1.0
0.9999999
1.0
0.99999976
1.0
1.0
1.0
1.0
1.0
0.9999974
0.9999993
0.99999547
1.0
0.9999627
1.0
1.0
1.0
1.0
0.9948968
0.9999448
0.99999964
1.0
0.9974413
1.0
1.0
1.0
0.99999785
1.0
0.9999999
0.9999882
1.0
0.99828714
0.99999595
0.99999976
1.0
1.0
0.99999976
0.9999765
0.9999951
0.9999888
0.9999987
1.0
0.9998504
1.0
0.83021593
1.0
1.0
0.99999976
1.0
1.0
0.9999999
0.99974436
1.0
0.99999917
0.9999999
0.99999845
1.0
1.0
0.99981314
0.99963677
1.0
0.9999964
0.99999225
1.0
1.0
1.0
0.99989927
1.0
0.9985415
1.0
0.99999976
0.97967976
0.9999999
1.0
1.0
1.0
1.0
1.0
1.0
1.0
0.9999999
1.0
1.0
0.9999994
0.9999517
0.9999987
1.0
1.0
1.0
1.0
0.99999774
0.9999994
1.0
1.0
1.0
1.0
1.0
1.0
1.0
0.9998832
1.0
1.0
0.9947745
1.0
0.99992645
1.0
1.0
0.99999976
0.9999995
1.0
0.9999993
1.0
1.0
0.99999905
0.9999975
0.99999464
1.0
1.0
0.9999877
1.0
1.0
0.999941
1.0
0.9999783
0.99981326
1.0
1.0
0.9999999
1.0
0.8850777
0.9999999
0.9999999
0.9999993
0.9951557
0.9999988
0.89355314
1.0
0.9999993
0.9917229
0.9999999
0.9999993
0.999998
1.0
1.0
1.0
1.0
0.98467076
0.61025876
0.9999633
0.9999999
0.99999964
1.0
0.9999999
0.99981135
0.9999999
1.0
1.0
1.0
1.0
0.9999993
0.9941246
0.75287664
1.0
1.0
0.99991477
1.0
1.0
0.999166
0.9999982
0.9999958
1.0
1.0
1.0
1.0
0.99933773
1.0
0.9999999
1.0
0.9938066
1.0
0.9999887
1.0
1.0
0.99999976
0.99968517
0.9999964
1.0
0.99993443
0.9999999
0.99999857
1.0
1.0
1.0
1.0
0.9999769
0.9999999
1.0
1.0
0.9945312
0.9999492
1.0
0.9999999
1.0
0.73157424
1.0
1.0
1.0
0.9999981
0.9999858
0.99999976
1.0
1.0
0.99999416
0.98699945
1.0
0.9999951
1.0
1.0
1.0
1.0
0.9999951
1.0
1.0
1.0
0.9999999
1.0
1.0
1.0
1.0
0.99999213
0.99999833
0.9990854
1.0
1.0
0.9999999
1.0
1.0
1.0
0.84029835
1.0
1.0
0.9999987
0.9999975
1.0
1.0
1.0
1.0
1.0
1.0
1.0
1.0
0.9999999
1.0
1.0
1.0
0.99999845
1.0
1.0
1.0
1.0
1.0
1.0
1.0
1.0
0.9999963
1.0
0.9999995
0.99954295
0.9984944
1.0
0.9990701
1.0
1.0
1.0
1.0
0.9999999
1.0
0.9999987
1.0
1.0
1.0
0.96076113
1.0
1.0
1.0
0.9999999
0.99999213
1.0
1.0
1.0
1.0
1.0
1.0
1.0
1.0
0.99999964
0.9999999
1.0
1.0
0.9996258
1.0
1.0
1.0
1.0
1.0
1.0
1.0
1.0
0.9974474
0.9999999
0.99999166
0.9999999
1.0
1.0
0.9999914
1.0
0.9990397
0.99986315
0.9999993
0.99999905
0.99994195
1.0
0.9999647
0.9999628
1.0
0.998978
0.9999975
1.0
1.0
0.9999995
0.9996351
1.0
1.0
1.0
1.0
1.0
0.99999976
0.92097694
0.99954057
1.0
0.9998981
0.9999405
0.9999863
1.0
0.99999964
1.0
0.9999925
1.0
1.0
1.0
0.9999987
1.0
1.0
0.9999832
1.0
0.9999974
1.0
0.9999999
1.0
1.0
1.0
0.99999976
1.0
1.0
1.0
0.9967068
1.0
1.0
0.99999845
0.9999999
1.0
1.0
0.99999917
0.9999999
0.999861
1.0
1.0
1.0
0.9999999
0.99999976
0.99926895
0.9999392
1.0
1.0
0.99997866
1.0
0.99993503
1.0
1.0
0.99999285
1.0
1.0
0.9999994
0.999998
1.0
1.0
1.0
0.9989109
0.9999999
1.0
1.0
0.99999964
1.0
1.0
0.99999976
1.0
1.0
0.9999999
1.0
1.0
0.99999964
1.0
1.0
0.99998677
0.9999658
1.0
1.0
0.99999964
1.0
1.0
1.0
0.99999964
1.0
0.9999999
0.99999976
1.0
0.9997646
0.9999988
1.0
1.0
0.9998741
1.0
1.0
0.96259665
0.99999917
1.0
1.0
0.99999976
1.0
1.0
1.0
1.0
1.0
0.9997595
0.9972133
1.0
0.9999672
0.9999858
0.9999862
1.0
0.9999877
1.0
1.0
1.0
1.0
1.0
1.0
1.0
0.9958461
0.99938536
0.999998
1.0
0.99999714
1.0
1.0
1.0
1.0
1.0
0.9998852
0.9999932
1.0
0.99949956
1.0
1.0
0.9999888
0.99999285
1.0
0.99999
1.0
1.0
1.0
0.9999852
1.0
1.0
1.0
0.99999774
1.0
1.0
0.99986625
1.0
1.0
1.0
1.0
1.0
1.0
0.9999938
0.99819833
0.8949304
0.9999989
0.9999999
1.0
1.0
1.0
0.9999944
1.0
0.9999995
1.0
1.0
1.0
1.0
1.0
0.9999999
1.0
1.0
0.99999833
1.0
0.9999999
1.0
0.99999976
1.0
0.99999464
1.0
1.0
1.0
0.99984896
0.9999944
0.99999964
0.99999726
1.0
0.99997437
0.9999995
0.99999154
1.0
1.0
0.9999473
1.0
0.9999987
0.9991596
0.9902534
0.9999994
1.0
0.9999701
0.9999999
1.0
0.99679667
0.99986184
0.99999976
1.0
1.0
1.0
0.9987312
0.99999976
0.9999926
0.9999976
0.9999999
0.99954623
1.0
1.0
1.0
1.0
0.99999917
1.0
1.0
1.0
0.9999999
1.0
0.99999523
1.0
1.0
0.99996626
1.0
1.0
0.99945253
1.0
1.0
0.99999964
0.9999999
0.99055064
1.0
0.9999999
0.99999964
0.9999995
0.9999976
1.0
0.9999999
0.9999542
1.0
1.0
1.0
0.99999964
1.0
0.9999994
0.96282566
1.0
1.0
0.99999976
0.99998546
0.9999999
0.9999999
1.0
0.9999993
1.0
0.99996483
1.0
1.0
1.0
0.99999964
1.0
1.0
1.0
0.999997
0.99999917
1.0
1.0
1.0
0.9999999
1.0
1.0
0.99999964
0.9999206
0.9999968
1.0
0.99999917
1.0
0.9998863
0.9999989
0.9999995
1.0
1.0
1.0
0.9351397
0.99999964
0.9999989
0.9999963
0.9999851
0.99999976
1.0
1.0
1.0
1.0
0.9999994
1.0
1.0
1.0
1.0
1.0
1.0
1.0
1.0
0.99381727
0.99999857
1.0
1.0
1.0
0.9999976
0.99999976
0.9997956
1.0
0.99999976
0.98975384
1.0
0.99999917
1.0
1.0
1.0
1.0
0.99999976
0.99999964
0.999997
0.9999995
0.9999995
1.0
0.9999988
1.0
1.0
1.0
0.99999905
0.999998
1.0
1.0
1.0
0.99998415
0.9984037
0.99963987
1.0
0.9999999
0.9999999
1.0
1.0
1.0
1.0
0.99999607
1.0
0.9999999
1.0
1.0
0.99994934
0.99999857
0.99994254
0.9999932
0.99991107
1.0
0.9999999
1.0
0.9999999
1.0
0.9999999
1.0
1.0
1.0
1.0
0.5372359
0.9999999
1.0
0.9999411
1.0
1.0
0.9995608
1.0
0.9998863
0.9999999
1.0
1.0
1.0
1.0
1.0
0.99998033
0.99999976
0.99304575
0.9999999
0.9999902
1.0
0.9999999
0.99845564
1.0
1.0
1.0
0.9999063
1.0
1.0
1.0
0.99999726
0.96077156
1.0
0.99995697
0.99999917
1.0
0.99994826
0.9999957
0.9999912
1.0
1.0
1.0
1.0
1.0
0.99998844
1.0
0.99999225
0.99521965
1.0
0.9999999
1.0
1.0
0.9999291
0.99999964
0.99988115
0.35525176
0.77894855
1.0
1.0
1.0
0.9999999
0.9999999
0.9999951
0.9999999
1.0
1.0
0.99999976
1.0
0.99999523
1.0
0.99996877
0.9995197
0.9999999
0.99999976
1.0
1.0
1.0
0.9986071
0.9999993
1.0
1.0
1.0
0.99999654
1.0
0.99999917
1.0
0.9999895
1.0
0.9996313
0.9999999
1.0
1.0
1.0
0.99999976
0.9922402
0.9999243
0.9783685
0.9999552
0.99999774
1.0
1.0
0.99999976
1.0
1.0
1.0
1.0
1.0
1.0
1.0
1.0
1.0
1.0
1.0
1.0
1.0
0.9987514
0.99999964
0.9999999
1.0
1.0
0.9999995
1.0
1.0
0.9837923
1.0
1.0
0.9989286
1.0
1.0
1.0
1.0
1.0
0.99996805
0.9999943
1.0
1.0
1.0
0.9999995
1.0
1.0
1.0
1.0
0.9999999
0.9999993
0.99999964
1.0
1.0
1.0
1.0
1.0
1.0
0.9999999
0.9999999
1.0
1.0
0.9996526
1.0
1.0
1.0
0.9821249
0.9999999
0.9999963
1.0
1.0
1.0
1.0
1.0
1.0
1.0
0.9999987
1.0
1.0
1.0
1.0
1.0
1.0
1.0
0.9999999
0.8796205
1.0
1.0
1.0
1.0
1.0
1.0
0.9999758
1.0
0.9999541
1.0
1.0
1.0
0.99999297
0.9999999
1.0
1.0
1.0
1.0
1.0
1.0
0.9056773
1.0
1.0
0.9999999
0.99999416
1.0
1.0
0.9999852
0.9999907
0.9999993
1.0
1.0
0.99999976
1.0
0.9999974
1.0
0.99883264
1.0
0.9999995
0.9998902
1.0
0.9999995
0.99999595
0.99999917
0.9911957
0.8840014
0.99999976
0.9998171
0.9994522
1.0
1.0
1.0
1.0
1.0
1.0
1.0
0.9999993
0.9999994
0.9999993
1.0
0.9993358
1.0
1.0
1.0
1.0
1.0
0.9999988
0.997122
1.0
0.96716803
1.0
1.0
0.99999535
0.9999927
0.9997044
0.9999982
1.0
1.0
1.0
1.0
0.99084115
0.999907
1.0
1.0
0.99777967
0.62970793
1.0
1.0
1.0
0.99999905
0.99999964
1.0
1.0
1.0
0.9997155
1.0
0.90352625
1.0
0.99591285
1.0
0.9999548
0.99999905
1.0
0.99998224
1.0
0.9999658
1.0
1.0
0.9999924
0.999871
1.0
1.0
0.8495068
0.9999999
0.99984336
0.9999999
1.0
0.99985313
0.9999999
0.9999547
1.0
1.0
1.0
1.0
0.9878933
1.0
0.9121222
1.0
0.99942255
0.9903144
0.9999993
1.0
1.0
1.0
1.0
0.99999845
0.99970216
1.0
0.99998343
0.99338293
1.0
1.0
1.0
1.0
1.0
1.0
1.0
0.9999993
1.0
0.99998796
0.99999976
0.9999924
1.0
0.9999999
0.99999905
1.0
0.9986156
0.9999858
0.999966
1.0
1.0
1.0
1.0
1.0
0.9999995
1.0
0.9999999
1.0
0.85839915
1.0
1.0
0.8614336
1.0
0.9999981
0.9999982
0.99999964
1.0
0.9998472
0.99999917
0.99999964
0.9999584
1.0
0.99999976
1.0
1.0
0.9999999
0.99999976
0.99359727
1.0
0.9997029
1.0
1.0
1.0
1.0
0.9999871
1.0
0.99987936
0.9999727
0.9999995
1.0
1.0
1.0
0.9999988
0.9999931
1.0
0.99999833
1.0
0.99999976
0.99995947
1.0
1.0
0.96643716
1.0
1.0
1.0
0.99999726
0.9999994
1.0
1.0
1.0
0.9986236
1.0
1.0
1.0
0.99179673
1.0
0.9999995
0.9999901
1.0
0.9999999
1.0
1.0
1.0
1.0
0.9999999
0.99999964
0.9999974
1.0
1.0
1.0
1.0
0.9999995
0.99999046
1.0
0.9992336
1.0
1.0
1.0
1.0
1.0
1.0
1.0
1.0
0.9999999
1.0
1.0
1.0
0.99091256
0.9999571
0.5988442
0.99999833
0.99640024
1.0
1.0
0.9999565
1.0
0.99999976
1.0
0.99999845
0.9094535
0.9999999
1.0
0.99999213
1.0
1.0
0.9999995
1.0
1.0
1.0
0.9999999
0.9999509
1.0
0.9999999
1.0
0.99999833
1.0
0.7993129
0.99999094
0.9999994
0.99998844
1.0
1.0
1.0
1.0
0.995263
0.9999995
0.9999987
1.0
1.0
0.9999999
0.9999919
1.0
0.9999994
0.99928325
0.99995756
0.99998915
0.99998736
1.0
1.0
1.0
0.9999999
1.0
0.99999976
0.9988275
1.0
0.9997495
1.0
1.0
0.999997
0.9999938
0.9999999
1.0
1.0
1.0
1.0
0.96540713
0.9999999
1.0
1.0
0.9999635
0.99999976
1.0
1.0
0.99998593
1.0
0.997175
0.9997533
1.0
1.0
1.0
0.99996126
1.0
1.0
1.0
1.0
0.8921354
1.0
1.0
0.9998776
1.0
1.0
1.0
1.0
1.0
1.0
0.9999968
1.0
1.0
0.9999999
0.9999999
1.0
1.0
0.999998
1.0
1.0
0.9999826
1.0
1.0
1.0
1.0
0.9999732
0.9999994
0.9999999
0.9999999
0.9999987
1.0
1.0
0.99999344
1.0
1.0
1.0
0.9994916
1.0
0.9988288
1.0
0.99999976
1.0
1.0
1.0
0.99998605
1.0
1.0
1.0
0.52324635
1.0
1.0
0.5094272
1.0
1.0
0.9999999
1.0
1.0
1.0
1.0
0.99992967
1.0
0.99998176
1.0
1.0
0.99999845
1.0
0.99997795
1.0
0.9999956
1.0
1.0
0.99999356
0.9999939
0.99902284
1.0
0.9999945
1.0
1.0
1.0
1.0
0.9999999
1.0
1.0
1.0
0.99863917
0.99999774
0.9999995
0.9999988
1.0
0.9998565
0.9856646
1.0
1.0
0.9999999
1.0
0.99999964
0.9988362
0.99999833
0.9996234
0.9966677
1.0
0.99999964
1.0
1.0
0.9999802
1.0
1.0
0.9999981
1.0
0.9999783
0.9999999
1.0
0.9999988
0.9999895
0.99999905
0.99811256
1.0
1.0
0.9999583
0.99999654
1.0
0.9999944
0.99999976
1.0
0.99999666
0.9987859
1.0
0.9980453
0.9999999
0.999645
1.0
0.9999485
0.99999607
1.0
1.0
1.0
0.979317
1.0
1.0
1.0
0.9999999
1.0
1.0
1.0
0.9999995
1.0
1.0
0.9999225
1.0
0.8266831
0.9993635
1.0
1.0
0.99996364
1.0
0.99999595
0.9999975
0.9999995
0.9999999
1.0
1.0
1.0
1.0
1.0
1.0
0.9999995
0.99999917
0.9999995
1.0
0.99974746
1.0
0.99999964
0.9999999
1.0
0.9654977
0.99999976
0.9999999
0.9999999
0.5365806
1.0
0.9999908
0.9999999
1.0
1.0
0.99971086
0.9986835
1.0
1.0
1.0
1.0
1.0
1.0
0.9999999
1.0
0.9999993
1.0
0.999666
0.9586158
1.0
1.0
1.0
1.0
1.0
1.0
1.0
1.0
1.0
1.0
1.0
1.0
0.99999845
0.8557024
0.9999831
0.9999999
0.9999999
1.0
0.9999995
0.9999486
0.9999999
0.99999356
1.0
0.95001376
1.0
1.0
1.0
1.0
1.0
1.0
0.9977744
0.71607155
1.0
1.0
0.9999616
0.99998283
0.9999981
1.0
0.9999975
1.0
0.9819687
0.99999774
1.0
0.9999993
0.99999666
1.0
0.999271
0.99999976
1.0
1.0
1.0
1.0
0.99999917
0.9999999
0.9999931
1.0
0.9999994
1.0
0.9999999
0.95656115
0.99999774
0.99999964
0.9998989
1.0
0.673867
0.9999999
0.99999976
1.0
0.9999821
0.9998851
1.0
1.0
0.97728544
0.9999999
0.9999989
0.9994711
0.9999976
0.9999912
1.0
1.0
0.9999999
0.99974245
1.0
1.0
0.99999964
1.0
0.9999995
1.0
0.99995124
0.99999714
0.9994549
1.0
0.9999937
1.0
1.0
1.0
0.99999976
1.0
0.9999989
1.0
0.99999475
1.0
0.9999989
1.0
0.9999484
0.99997115
1.0
1.0
0.9999981
1.0
1.0
0.9999999
1.0
0.99999905
0.99999964
1.0
0.99999535
1.0
0.99999964
0.99939454
1.0
1.0
1.0
1.0
1.0
0.9999087
0.99999964
1.0
0.99999976
0.99999976
0.999997
1.0
0.99999833
0.99999964
0.927828
0.9985227
1.0
1.0
0.9999864
1.0
0.9999995
1.0
0.9999999
0.99999976
0.99525565
1.0
1.0
1.0
1.0
0.97958344
1.0
1.0
0.9999999
0.9999999
1.0
0.99970466
1.0
0.97443557
0.9999999
0.9990939
0.9999989
1.0
0.99999917
0.99999964
1.0
0.9999844
0.9999993
1.0
0.99997485
1.0
0.99999976
1.0
1.0
0.9999995
0.99228865
0.99423534
0.9999989
1.0
0.9981243
0.9999999
0.99996436
1.0
1.0
0.9999974
1.0
1.0
1.0
1.0
0.9999925
1.0
0.9999999
1.0
1.0
1.0
0.9999932
0.9999999
0.99999857
0.9999999
1.0
0.99999964
0.9879981
1.0
0.9999999
1.0
0.9992182
1.0
1.0
1.0
0.99823123
0.99970907
0.99998736
0.9999999
0.99996066
0.99999785
0.99999785
0.9999925
0.9999999
0.9999995
0.74646825
1.0
1.0
1.0
0.99999964
1.0
0.9999695
1.0
0.99998844
1.0
1.0
0.9670045
0.99999666
1.0
1.0
0.9999999
1.0
1.0
1.0
0.99999976
0.999265
1.0
0.9999999
1.0
1.0
1.0
0.99999845
1.0
1.0
1.0
1.0
1.0
1.0
1.0
0.9992843
1.0
0.9999864
0.9999994
1.0
0.99985623
1.0
0.99999857
1.0
0.9999894
0.9990439
0.99994147
0.9998884
1.0
0.99999976
1.0
1.0
0.99891794
1.0
1.0
0.71269155
0.9994729
0.99999976
0.9159525
1.0
1.0
0.9999809
0.90994805
0.9937331
0.9999995
0.99707925
1.0
0.9999995
1.0
0.99992335
1.0
0.9999963
1.0
1.0
1.0
1.0
1.0
0.9999995
0.9999994
0.9996024
1.0
1.0
1.0
1.0
1.0
1.0
0.9999968
1.0
1.0
1.0
1.0
1.0
0.99860746
1.0
0.8210959
1.0
1.0
1.0
0.99999356
1.0
1.0
0.9999937
1.0
1.0
1.0
0.999913
0.99997795
1.0
0.99999976
0.99977523
0.9999794
1.0
0.9999988
0.9999988
1.0
1.0
0.99998987
1.0
0.99999595
1.0
1.0
0.9999999
1.0
0.99999964
0.9995647
0.9999994
1.0
0.99988985
0.9999951
0.65907085
0.99999964
1.0
1.0
0.9919362
1.0
0.9999999
0.9966403
0.99956566
1.0
1.0
1.0
1.0
1.0
0.99998415
1.0
1.0
1.0
1.0
1.0
1.0
0.99999917
0.9999987
0.9999746
1.0
0.99998593
1.0
0.9999999
1.0
1.0
0.8710631
1.0
1.0
0.99969435
1.0
1.0
0.9999989
0.9999999
1.0
0.9999999
1.0
1.0
1.0
0.99997425
0.9407821
1.0
0.99995506
0.9999927
0.999747
0.7580146
1.0
1.0
1.0
1.0
0.9999999
0.99999976
1.0
1.0
1.0
0.9999999
1.0
0.9999999
0.9999999
1.0
0.9999243
1.0
0.99999976
1.0
0.50648797
0.9999895
0.9999999
1.0
1.0
0.9999999
1.0
1.0
1.0
1.0
1.0
1.0
1.0
1.0
1.0
1.0
1.0
0.99478585
1.0
1.0
0.99990726
0.9999987
1.0
0.9985045
0.99999857
1.0
0.99999905
1.0
1.0
0.9999994
1.0
1.0
0.9957996
1.0
0.9999995
1.0
1.0
1.0
1.0
1.0
0.99983776
1.0
0.999853
0.9999975
1.0
1.0
1.0
1.0
1.0
1.0
0.99999964
0.99999034
1.0
0.99999857
1.0
1.0
0.99999964
0.99972075
1.0
0.9999982
0.997292
0.9999999
0.9999995
0.9999912
0.9999999
1.0
1.0
0.9999995
0.9999993
1.0
1.0
0.9999999
1.0
0.995175
0.99999833
1.0
1.0
1.0
1.0
1.0
1.0
0.99999356
1.0
1.0
0.99966896
0.9994808
0.99999297
1.0
1.0
1.0
0.9999999
1.0
0.9998603
1.0
1.0
1.0
0.999998
0.99999905
1.0
0.99999523
0.9993137
0.99938977
0.999982
1.0
0.89151067
0.9999975
1.0
1.0
1.0
1.0
1.0
1.0
0.9999491
1.0
1.0
1.0
0.9999995
1.0
1.0
1.0
0.99999964
0.99999976
0.65800065
0.9999995
0.99960846
1.0
1.0
0.99999857
0.99999964
1.0
1.0
1.0
1.0
1.0
1.0
1.0
1.0
0.99998903
1.0
1.0
1.0
1.0
1.0
1.0
0.9966438
1.0
1.0
1.0
1.0
0.9999989
0.99999905
0.99999833
0.99999785
1.0
1.0
1.0
1.0
1.0
1.0
0.9996779
1.0
1.0
0.9999994
1.0
1.0
0.9999999
1.0
1.0
0.7095569
0.99952364
1.0
1.0
1.0
0.999998
0.99999976
0.70802
0.99999976
0.9983175
1.0
1.0
0.99999976
1.0
1.0
0.9999999
0.80849606
1.0
0.9999999
0.9999974
1.0
0.9999969
0.9999995
0.9999999
0.9999982
1.0
0.99999213
0.9999678
0.9999999
1.0
0.91264224
0.99806076
0.999995
0.9999999
0.9999989
0.9999989
1.0
0.99999976
1.0
0.9999939
1.0
1.0
1.0
1.0
0.999998
0.9999995
1.0
0.9999958
0.99999976
0.99997365
0.9999957
1.0
1.0
0.9411699
0.9998727
1.0
0.9999926
1.0
1.0
0.9999999
0.99999857
1.0
1.0
1.0
1.0
1.0
1.0
0.95702726
1.0
0.99999225
1.0
1.0
0.99969137
0.99983215
0.999997
0.9999726
1.0
0.99999344
1.0
0.8959818
0.99999785
0.99980384
1.0
0.9999486
1.0
1.0
1.0
0.9999999
1.0
1.0
0.99999976
0.9999989
1.0
0.9999988
1.0
0.9999925
1.0
1.0
1.0
1.0
0.9999943
1.0
0.99999785
0.99999464
0.9993622
1.0
1.0
1.0
0.9999119
1.0
1.0
0.99999964
1.0
1.0
0.99999356
0.9999994
1.0
1.0
1.0
1.0
1.0
1.0
1.0
1.0
1.0
1.0
0.9999995
0.99994314
0.9999999
1.0
0.9999999
1.0
0.999874
1.0
0.99999857
0.99884063
0.9986343
0.999984
1.0
1.0
1.0
1.0
1.0
0.9999602
0.99999976
0.99996376
1.0
0.99999976
1.0
0.7273025
1.0
1.0
0.9999987
0.99999976
1.0
1.0
1.0
0.9999988
1.0
0.99998534
0.99999905
0.99983203
1.0
1.0
0.9999974
1.0
1.0
1.0
0.9999999
1.0
1.0
0.9935175
0.9999931
1.0
0.99999976
0.9996582
1.0
0.99999976
0.9999875
0.9999999
1.0
1.0
0.9999945
0.9997093
1.0
1.0
1.0
0.9999999
0.99992275
1.0
0.9952886
1.0
1.0
1.0
0.99999976
1.0
1.0
1.0
1.0
0.9999994
1.0
0.99999905
0.9999969
1.0
1.0
1.0
1.0
1.0
0.99999464
1.0
1.0
1.0
1.0
1.0
0.9999999
0.9999993
1.0
0.9999968
1.0
1.0
1.0
1.0
0.9999975
1.0
1.0
1.0
1.0
1.0
0.99998605
1.0
1.0
1.0
1.0
0.99999976
1.0
1.0
0.99999976
1.0
1.0
0.9999925
1.0
0.99999785
1.0
1.0
0.9999987
1.0
0.9999994
1.0
1.0
1.0
0.99998975
0.9999995
1.0
1.0
1.0
0.9999999
1.0
1.0
1.0
1.0
0.99963653
1.0
0.9999999
0.99999976
1.0
1.0
1.0
0.9999995
1.0
1.0
1.0
1.0
1.0
1.0
1.0
1.0
0.99999285
1.0
0.9999733
0.9999995
1.0
0.9998858
1.0
1.0
1.0
1.0
1.0
1.0
1.0
1.0
0.9999988
1.0
0.99999785
0.99999964
1.0
0.99999964
1.0
1.0
0.9999825
0.9999993
1.0
1.0
1.0
0.9999999
1.0
1.0
1.0
0.99999857
1.0
0.99999976
0.9999999
1.0
0.99999964
0.9999994
0.99999976
1.0
1.0
1.0
0.9999999
1.0
0.9926514
1.0
1.0
1.0
0.99999976
1.0
1.0
1.0
0.999997
0.9999467
1.0
1.0
1.0
0.9999943
0.9999993
1.0
0.9999999
1.0
0.9999732
0.999998
1.0
1.0
1.0
1.0
1.0
0.9999763
1.0
1.0
0.99999905
1.0
1.0
1.0
0.9819818
0.99999964
1.0
1.0
1.0
1.0
0.9989311
1.0
0.99981004
1.0
1.0
0.99999976
1.0
1.0
0.9999999
1.0
1.0
0.9999987
0.9999999
1.0
1.0
1.0
1.0
1.0
1.0
1.0
1.0
1.0
0.99999726
1.0
1.0
0.9999999
1.0
1.0
1.0
0.9987878
1.0
1.0
0.9999995
1.0
0.9999443
1.0
0.9999449
1.0
1.0
1.0
0.9999999
0.99999833
0.9995011
1.0
1.0
0.9999999
1.0
1.0
1.0
1.0
1.0
1.0
0.99999964
1.0
1.0
0.99999964
0.99999774
1.0
1.0
1.0
1.0
1.0
1.0
0.9998721
0.9999999
1.0
1.0
1.0
0.99999964
1.0
1.0
1.0
1.0
0.9999995
1.0
1.0
1.0
0.9999994
0.9999988
0.999998
1.0
0.85211253
1.0
1.0
1.0
0.9998288
0.9999999
1.0
1.0
1.0
0.99999976
1.0
1.0
1.0
1.0
1.0
0.99997056
0.9999999
1.0
1.0
0.9999374
0.9999999
1.0
0.9985487
0.9999999
0.9999908
1.0
1.0
0.9999999
1.0
1.0
1.0
1.0
0.99760735
1.0
1.0
1.0
1.0
0.9999993
1.0
0.99999976
1.0
1.0
0.9995415
1.0
1.0
1.0
1.0
1.0
1.0
1.0
1.0
1.0
0.9999987
1.0
1.0
1.0
1.0
1.0
1.0
1.0
1.0
1.0
1.0
1.0
1.0
0.99999905
1.0
1.0
1.0
1.0
1.0
0.9999999
1.0
1.0
1.0
0.9999995
1.0
1.0
1.0
0.99999964
1.0
1.0
1.0
1.0
1.0
0.94135296
1.0
1.0
1.0
0.9999999
1.0
1.0
1.0
0.99999964
1.0
1.0
1.0
0.99999774
1.0
1.0
1.0
1.0
1.0
1.0
1.0
1.0
1.0
1.0
1.0
1.0
1.0
1.0
1.0
1.0
0.99999297
1.0
1.0
1.0
1.0
1.0
1.0
0.9999999
1.0
1.0
1.0
1.0
1.0
1.0
1.0
1.0
1.0
1.0
1.0
0.9999994
0.9999988
1.0
0.9999994
1.0
1.0
1.0
1.0
1.0
1.0
0.9999999
1.0
1.0
1.0
1.0
0.9999999
1.0
1.0
0.99997854
1.0
1.0
1.0
0.9999995
1.0
0.9999999
1.0
0.9999999
1.0
0.9997551
1.0
0.9999999
0.99998677
1.0
1.0
1.0
1.0
1.0
1.0
0.99994016
1.0
1.0
0.99999666
0.9999938
1.0
0.9999999
0.999997
1.0
1.0
1.0
1.0
1.0
1.0
1.0
1.0
1.0
1.0
1.0
1.0
1.0
1.0
1.0
1.0
1.0
1.0
0.9999995
1.0
0.99999964
1.0
0.99999905
1.0
0.9997453
0.99790764
1.0
0.999998
1.0
1.0
1.0
0.99999976
0.99999905
1.0
0.9999987
1.0
1.0
1.0
1.0
1.0
1.0
1.0
1.0
1.0
0.99999857
0.99998903
1.0
1.0
1.0
1.0
1.0
1.0
1.0
1.0
1.0
1.0
1.0
1.0
1.0
1.0
1.0
1.0
1.0
1.0
1.0
1.0
0.9999999
1.0
1.0
1.0
1.0
1.0
1.0
1.0
1.0
1.0
1.0
0.99997866
1.0
0.99999714
0.9999999
1.0
1.0
1.0
1.0
0.9999999
1.0
1.0
1.0
1.0
1.0
1.0
1.0
0.9999995
0.9999733
1.0
1.0
0.9792757
0.9999974
1.0
0.99999964
1.0
0.9999976
0.9999989
1.0
0.99995935
1.0
1.0
1.0
1.0
1.0
0.9999869
0.99999976
1.0
1.0
1.0
1.0
1.0
0.99999964
1.0
1.0
0.99999964
0.99540085
0.99999905
1.0
1.0
1.0
1.0
1.0
0.99999774
1.0
0.9999975
1.0
1.0
0.999998
1.0
0.9995747
0.99999976
1.0
0.9950553
1.0
1.0
1.0
1.0
0.98622197
1.0
0.99999976
1.0
0.9999907
1.0
1.0
1.0
0.99999845
0.99999845
1.0
0.99999917
1.0
0.99999964
0.99999785
1.0
1.0
0.9976864
1.0
1.0
1.0
1.0
1.0
0.9999999
0.9999999
1.0
0.9999925
1.0
0.99999976
1.0
1.0
0.9999782
0.99999964
0.99999964
0.9999851
1.0
0.99999166
0.9999999
0.9999993
0.99999857
1.0
1.0
1.0
0.9999999
0.9999863
1.0
0.99999857
0.9999999
0.9999819
1.0
0.9999999
0.99999976
1.0
1.0
0.99976104
1.0
1.0
0.99998033
1.0
1.0
1.0
1.0
0.9999993
1.0
1.0
0.903187
1.0
0.9992735
1.0
0.9999989
0.9999975
1.0
0.99956053
0.999974
0.9998037
0.99999905
1.0
1.0
0.99997425
0.9999747
0.999995
0.99999976
1.0
1.0
0.99984753
0.99995303
0.9999988
1.0
1.0
1.0
1.0
1.0
1.0
0.9999969
1.0
0.99999976
1.0
1.0
0.99998176
1.0
1.0
1.0
1.0
1.0
1.0
0.99999297
1.0
0.99975544
0.99981123
0.9999989
1.0
0.9999995
1.0
1.0
0.99999094
1.0
1.0
1.0
1.0
1.0
1.0
1.0
0.99999964
1.0
1.0
1.0
1.0
0.9999999
1.0
1.0
1.0
1.0
1.0
1.0
0.9999591
0.99999917
1.0
1.0
1.0
0.9999989
0.99999976
1.0
1.0
1.0
1.0
1.0
0.9999999
1.0
0.9999949
1.0
0.99999845
0.9987815
1.0
1.0
1.0
1.0
1.0
0.9999981
0.9999999
1.0
1.0
1.0
0.9999939
1.0
1.0
0.9114416
0.99999225
0.9792331
1.0
1.0
1.0
0.99999845
1.0
0.99999833
0.9999982
1.0
0.99994075
1.0
1.0
1.0
0.5167067
1.0
1.0
0.96609783
0.9999999
0.99999416
1.0
0.99999857
0.9999995
1.0
1.0
1.0
1.0
1.0
1.0
1.0
1.0
1.0
1.0
1.0
0.99978536
0.99999976
1.0
0.9999981
0.99999166
1.0
1.0
1.0
1.0
0.99999857
1.0
1.0
1.0
1.0
1.0
0.99999154
1.0
1.0
0.9999999
1.0
1.0
1.0
1.0
1.0
1.0
1.0
1.0
1.0
1.0
1.0
1.0
0.9999958
0.8973759
0.99595106
0.9999999
1.0
1.0
0.999998
0.9998784
1.0
1.0
1.0
1.0
1.0
1.0
0.99999964
1.0
1.0
1.0
1.0
1.0
1.0
0.99999905
1.0
0.9999964
1.0
1.0
1.0
0.999931
0.998247
1.0
0.9999398
1.0
1.0
0.9999969
1.0
0.99994147
1.0
0.9999999
1.0
1.0
0.9999988
0.9999999
1.0
0.9999969
1.0
1.0
1.0
1.0
1.0
1.0
1.0
1.0
0.9999999
1.0
1.0
1.0
1.0
0.99999964
1.0
1.0
1.0
1.0
1.0
1.0
1.0
1.0
1.0
1.0
1.0
1.0
1.0
0.9999999
1.0
1.0
0.9999993
1.0
1.0
0.99749964
1.0
1.0
1.0
1.0
1.0
1.0
1.0
0.9999069
1.0
0.99971944
0.99183613
1.0
0.9999951
0.9999945
1.0
1.0
1.0
1.0
1.0
0.9999902
1.0
1.0
1.0
1.0
1.0
1.0
1.0
1.0
0.999998
1.0
1.0
1.0
1.0
1.0
0.9997179
1.0
1.0
1.0
0.9999994
1.0
1.0
1.0
1.0
0.999969
0.9999914
1.0
0.9999883
1.0
0.99995327
1.0
1.0
0.9999999
1.0
1.0
1.0
1.0
0.99999154
0.99997926
0.86385256
0.999522
0.99999356
0.99973625
1.0
1.0
0.99999154
1.0
1.0
1.0
1.0
0.9999989
1.0
0.9999888
0.99993336
0.99999166
0.9999999
1.0
1.0
0.9147504
1.0
0.999962
1.0
0.9995179
0.9999943
0.9994025
0.99999976
0.9998926
0.9999995
0.99999714
0.9999995
0.9999503
0.9999999
0.99999976
1.0
0.9999999
0.9999634
0.996824
0.9999999
0.9999914
0.99967
0.9999969
1.0
1.0
0.9999672
0.985641
0.8845532
0.9999958
0.9999999
0.9996892
0.99999833
0.99688065
0.9999746
0.9999865
0.9999989
1.0
0.99999213
0.9998385
1.0
0.9999999
0.9999894
0.95693827
0.9999956
0.99999523
0.9999118
0.99999666
0.99998295
0.99999523
0.9972574
0.9999976
0.9998925
0.9999962
0.99999964
0.9999951
1.0
0.9984282
1.0
1.0
1.0
0.9999989
1.0
1.0
0.9999989
1.0
0.99996364
1.0
0.99997044
0.9998202
0.99992406
1.0
0.99391925
0.9999988
0.99830025
0.99998033
1.0
0.9999862
0.999997
0.9999987
1.0
0.9986811
1.0
0.999856
0.9999863
0.9999999
0.99999964
1.0
0.99483794
0.9999981
1.0
0.9999621
1.0
0.99999905
0.9999852
0.99999857
0.999997
1.0
1.0
0.9999329
0.9998945
1.0
0.99999726
1.0
1.0
0.99973625
1.0
1.0
1.0
1.0
1.0
0.9990306
1.0
1.0
1.0
1.0
0.999998
0.9849631
0.99997044
1.0
1.0
0.99999905
1.0
1.0
1.0
1.0
0.9999547
0.8300968
0.99999774
1.0
0.99999976
1.0
1.0
0.9999995
1.0
1.0
0.9999958
0.8951371
1.0
0.9999769
1.0
1.0
1.0
1.0
1.0
1.0
1.0
1.0
1.0
1.0
1.0
1.0
1.0
1.0
1.0
0.99999905
1.0
1.0
0.9476151
0.99999845
1.0
1.0
1.0
1.0
1.0
1.0
1.0
1.0
1.0
1.0
0.99973553
1.0
0.99992824
1.0
1.0
1.0
1.0
1.0
1.0
1.0
1.0
1.0
1.0
0.99999344
1.0
1.0
1.0
1.0
0.9999999
1.0
1.0
1.0
1.0
1.0
1.0
1.0
0.9999999
0.9999999
1.0
0.999992
1.0
1.0
1.0
0.968494
1.0
1.0
1.0
0.99907947
1.0
0.9999999
1.0
0.99999964
0.5189794
1.0
0.9976083
1.0
0.9999995
1.0
0.724899
0.9011081
0.9999529
1.0
1.0
1.0
0.99996674
0.9999994
0.9999995
0.99999917
1.0
1.0
1.0
1.0
0.9999999
1.0
1.0
1.0
1.0
1.0
1.0
1.0
1.0
1.0
0.9999999
1.0
1.0
1.0
0.9999989
1.0
1.0
1.0
1.0
1.0
1.0
1.0
1.0
1.0
0.9999999
1.0
1.0
1.0
1.0
1.0
1.0
1.0
1.0
1.0
1.0
1.0
1.0
1.0
1.0
0.9999999
1.0
0.99998355
1.0
1.0
0.99999964
1.0
1.0
1.0
0.9999989
1.0
1.0
1.0
1.0
1.0
1.0
1.0
1.0
0.99999905
1.0
1.0
1.0
1.0
1.0
1.0
0.99999726
1.0
1.0
1.0
1.0
1.0
1.0
0.9999999
1.0
1.0
1.0
1.0
1.0
1.0
1.0
1.0
1.0
1.0
1.0
1.0
1.0
1.0
1.0
1.0
1.0
1.0
1.0
1.0
1.0
1.0
1.0
1.0
1.0
1.0
1.0
1.0
1.0
1.0
1.0
1.0
1.0
1.0
1.0
1.0
1.0
1.0
1.0
1.0
1.0
1.0
1.0
1.0
1.0
1.0
1.0
0.99999726
0.9999999
1.0
1.0
1.0
1.0
1.0
1.0
1.0
1.0
1.0
1.0
0.9999999
1.0
1.0
1.0
1.0
1.0
1.0
0.9999999
1.0
1.0
1.0
1.0
1.0
1.0
1.0
1.0
1.0
1.0
0.9999999
1.0
1.0
1.0
1.0
1.0
1.0
0.9999999
1.0
0.99991536
1.0
1.0
0.9999957
1.0
1.0
1.0
0.99999964
1.0
1.0
1.0
1.0
1.0
1.0
1.0
1.0
1.0
1.0
1.0
1.0
1.0
1.0
1.0
1.0
1.0
1.0
1.0
1.0
1.0
1.0
1.0
1.0
0.99999964
1.0
1.0
1.0
1.0
1.0
1.0
1.0
1.0
0.99999976
1.0
1.0
0.99999774
1.0
0.99999666
0.9966536
0.9983407
0.99997425
1.0
0.9999999
1.0
1.0
0.99979955
1.0
0.99999416
0.9999987
1.0
1.0
1.0
1.0
1.0
1.0
1.0
0.9999894
0.99999726
0.9999747
1.0
1.0
0.99999964
1.0
1.0
1.0
0.9999553
1.0
0.9999968
1.0
0.9999999
1.0
0.99999976
1.0
0.9954715
1.0
0.9999889
1.0
1.0
1.0
1.0
1.0
1.0
1.0
1.0
1.0
1.0
1.0
1.0
1.0
1.0
0.9999989
0.9999994
1.0
1.0
1.0
1.0
1.0
1.0
1.0
1.0
1.0
1.0
0.99999976
1.0
1.0
1.0
1.0
1.0
1.0
1.0
1.0
1.0
1.0
1.0
1.0
1.0
1.0
1.0
0.9999987
1.0
0.99999964
1.0
1.0
1.0
0.9999995
1.0
1.0
0.9995851
0.99999964
1.0
1.0
1.0
1.0
1.0
0.9999993
1.0
1.0
1.0
1.0
1.0
1.0
1.0
0.99983
0.9999999
1.0
1.0
0.9999999
1.0
1.0
1.0
1.0
1.0
0.99637115
1.0
0.9999999
1.0
1.0
1.0
0.99999964
0.999995
1.0
1.0
1.0
1.0
0.99998176
0.9999999
1.0
0.99999964
1.0
1.0
0.9999987
1.0
1.0
0.9999999
1.0
0.99996686
0.9999999
0.99999917
1.0
0.9905439
1.0
0.9999974
1.0
1.0
0.9999924
0.9997354
0.99995804
1.0
1.0
1.0
1.0
0.9999336
1.0
0.9999988
1.0
0.99999344
0.9999974
1.0
1.0
0.99999976
0.9999933
0.9955487
0.42069155
1.0
0.99981827
0.9356777
0.999995
0.8775268
0.99984634
0.9999993
1.0
1.0
0.99999666
0.9999999
0.9999945
0.99999905
0.99891615
0.99997497
0.73723435
0.99998605
0.99998224
0.99936134
0.9999999
0.57155204
0.9999957
0.99283904
0.9999999
0.9999856
0.9999989
1.0
0.99999905
0.999908
1.0
1.0
1.0
1.0
1.0
1.0
0.99999964
0.99984586
1.0
0.99999213
1.0
0.9999602
0.8397225
0.9049877
0.99645364
1.0
1.0
0.9999801
0.9965334
1.0
0.99986887
1.0
0.9999999
0.9980636
1.0
1.0
1.0
1.0
0.9999814
0.999985
0.9999347
1.0
0.94451576
1.0
1.0
1.0
0.9969463
1.0
1.0
0.99999976
0.5090791
1.0
0.9999994
1.0
0.99999106
1.0
0.98707426
0.9997049
1.0
1.0
0.9999995
0.99997497
0.99999905
1.0
1.0
1.0
0.9999999
1.0
1.0
1.0
0.99997747
1.0
1.0
1.0
1.0
0.99999917
0.36802208
1.0
1.0
1.0
1.0
0.99999976
1.0
1.0
1.0
1.0
1.0
0.99996066
1.0
1.0
1.0
0.9999994
0.99999404
0.9999975
0.9999999
1.0
1.0
0.999985
1.0
0.99999976
0.9999964
1.0
0.99996495
1.0
1.0
1.0
0.999992
1.0
1.0
1.0
1.0
1.0
1.0
0.99999976
1.0
1.0
0.99992025
0.9999927
1.0
1.0
1.0
1.0
1.0
1.0
1.0
1.0
1.0
1.0
1.0
1.0
1.0
0.99953365
0.9999994
1.0
0.99999976
0.9999778
1.0
1.0
1.0
1.0
0.9999999
0.9999999
1.0
0.9999082
1.0
1.0
0.9964719
0.99992895
1.0
0.99999857
0.9999994
1.0
1.0
1.0
1.0
0.9999938
0.9999989
0.9995975
1.0
1.0
1.0
1.0
1.0
1.0
1.0
0.97586524
0.9999417
1.0
1.0
0.98945636
0.99999654
0.9999989
0.99866414
1.0
0.99999714
0.9999994
1.0
1.0
0.9999995
0.9999974
0.98556626
0.9977756
1.0
1.0
0.9999956
0.999998
1.0
0.9999964
1.0
0.99999726
1.0
1.0
1.0
0.9999341
0.99990237
1.0
0.99999976
1.0
1.0
1.0
1.0
1.0
1.0
1.0
1.0
0.99971575
1.0
0.99999785
0.9766059
0.99986553
0.99998045
1.0
0.99999976
0.9999454
1.0
1.0
0.999987
1.0
0.9999851
1.0
1.0
0.99952734
1.0
1.0
1.0
0.99999976
0.9999999
1.0
0.9999975
1.0
1.0
0.999808
0.9999826
1.0
1.0
1.0
0.99996674
1.0
0.99975723
1.0
1.0
1.0
0.99999475
0.99999785
1.0
1.0
1.0
1.0
0.9999999
1.0
1.0
0.99999976
0.99999475
1.0
1.0
1.0
1.0
0.9999858
0.9999989
1.0
1.0
1.0
1.0
1.0
0.9999627
0.9999995
0.99999845
1.0
0.9999994
1.0
1.0
1.0
0.99952877
1.0
1.0
1.0
1.0
0.9999999
1.0
1.0
1.0
1.0
1.0
1.0
1.0
1.0
1.0
1.0
1.0
1.0
1.0
1.0
1.0
1.0
1.0
0.9999999
1.0
1.0
1.0
1.0
1.0
1.0
1.0
0.99999154
0.99999976
0.9999968
1.0
1.0
0.9999223
0.99999976
0.99999976
0.9999449
1.0
1.0
1.0
1.0
1.0
1.0
1.0
0.9999777
0.99823844
1.0
0.99999857
1.0
0.99985933
1.0
1.0
1.0
1.0
1.0
1.0
0.9999598
1.0
1.0
0.99994814
0.9998186
1.0
0.9999529
1.0
0.99999964
1.0
0.99999964
1.0
1.0
0.99997556
1.0
1.0
1.0
0.9999999
1.0
0.9999999
0.99999976
1.0
1.0
0.99999905
1.0
1.0
1.0
1.0
1.0
1.0
0.9999994
1.0
1.0
1.0
0.99997175
1.0
0.99999607
0.9999993
1.0
0.9989913
1.0
1.0
1.0
1.0
0.99999964
1.0
0.9999999
0.9999999
0.999936
1.0
1.0
1.0
1.0
1.0
1.0
1.0
1.0
1.0
0.9999713
1.0
1.0
1.0
1.0
1.0
1.0
0.99999976
1.0
1.0
1.0
0.99999976
1.0
1.0
1.0
1.0
1.0
0.9999846
1.0
1.0
1.0
1.0
1.0
1.0
1.0
1.0
1.0
0.9999964
1.0
1.0
0.99999976
1.0
1.0
1.0
0.9999932
1.0
1.0
1.0
0.99999964
1.0
1.0
1.0
1.0
1.0
0.99999976
1.0
1.0
1.0
1.0
1.0
1.0
1.0
1.0
1.0
1.0
1.0
0.99999845
1.0
1.0
1.0
1.0
1.0
1.0
1.0
1.0
1.0
0.99999857
0.9999968
1.0
1.0
1.0
0.99999833
1.0
0.9999999
1.0
1.0
1.0
1.0
1.0
0.9999999
1.0
1.0
1.0
1.0
1.0
0.9998697
1.0
0.9999993
1.0
1.0
0.9988558
1.0
1.0
0.9999999
1.0
1.0
1.0
0.9999999
1.0
1.0
0.9982279
1.0
1.0
1.0
1.0
0.9999994
1.0
0.9999976
1.0
1.0
1.0
1.0
1.0
1.0
1.0
0.9999945
1.0
0.9999989
1.0
1.0
1.0
1.0
1.0
1.0
1.0
0.9999831
1.0
1.0
1.0
0.9999932
0.999984
0.99999774
1.0
1.0
0.99999905
1.0
0.99997044
1.0
1.0
1.0
1.0
1.0
1.0
0.99999976
0.9999988
1.0
1.0
1.0
1.0
0.99999976
1.0
0.9999318
1.0
1.0
0.99999976
1.0
0.99999976
0.99954337
1.0
1.0
1.0
1.0
1.0
1.0
0.9999994
1.0
1.0
1.0
0.99998426
1.0
1.0
0.99775714
0.99999905
1.0
1.0
1.0
1.0
1.0
1.0
1.0
1.0
1.0
1.0
1.0
0.99998903
0.99999976
1.0
1.0
1.0
1.0
0.9461791
1.0
0.99999654
1.0
1.0
1.0
1.0
1.0
1.0
1.0
1.0
1.0
1.0
1.0
1.0
1.0
1.0
1.0
1.0
1.0
0.9999999
1.0
1.0
1.0
1.0
0.9999776
1.0
1.0
0.9999999
1.0
1.0
1.0
1.0
1.0
1.0
1.0
1.0
1.0
0.9999999
1.0
1.0
0.9999963
0.9999999
1.0
0.9997577
1.0
0.9999995
1.0
1.0
1.0
0.9999995
0.9999924
1.0
1.0
0.9920065
0.99999475
0.9999666
0.9999999
0.9950596
1.0
1.0
1.0
0.99020547
1.0
1.0
1.0
0.99998426
0.9999995
1.0
1.0
0.9999995
1.0
1.0
1.0
1.0
0.99987113
1.0
0.9999999
1.0
0.99974245
1.0
0.98807424
1.0
0.99998796
1.0
1.0
0.99263376
0.99995756
1.0
0.9999999
1.0
0.99997175
1.0
1.0
1.0
0.99577713
1.0
1.0
1.0
1.0
1.0
0.99999976
1.0
1.0
0.99997735
0.99968517
1.0
0.9999963
1.0
1.0
1.0
0.9999981
0.99999976
0.99999917
0.99999964
1.0
1.0
0.9999889
1.0
1.0
1.0
1.0
1.0
0.9999999
0.9999509
1.0
1.0
1.0
1.0
1.0
1.0
1.0
1.0
0.9999999
0.9999995
1.0
1.0
0.999982
1.0
1.0
1.0
1.0
1.0
1.0
1.0
1.0
1.0
1.0
1.0
1.0
0.99999535
1.0
1.0
1.0
1.0
0.99990773
1.0
1.0
1.0
1.0
1.0
0.9999999
1.0
1.0
1.0
1.0
1.0
1.0
1.0
1.0
0.9999995
1.0
1.0
1.0
1.0
1.0
1.0
1.0
1.0
1.0
0.99999917
0.99999964
1.0
0.9999999
1.0
0.9999995
1.0
1.0
1.0
1.0
1.0
0.9999989
1.0
0.9999999
0.9999999
0.9999713
1.0
1.0
0.9999999
1.0
0.9990914
1.0
1.0
1.0
1.0
0.99999964
1.0
1.0
1.0
1.0
0.9999999
1.0
1.0
1.0
1.0
1.0
0.9999852
0.9999902
1.0
1.0
1.0
0.9999987
1.0
1.0
0.99999976
0.9999945
1.0
1.0
1.0
1.0
0.9999889
1.0
0.9999999
1.0
0.9999989
1.0
1.0
1.0
1.0
1.0
1.0
1.0
1.0
1.0
1.0
1.0
0.99999833
0.9999907
1.0
0.9999964
0.99999857
1.0
0.9999999
1.0
1.0
1.0
0.9999999
1.0
1.0
0.99770844
1.0
0.99998045
0.99999547
1.0
1.0
1.0
0.9999999
1.0
1.0
0.9999999
1.0
1.0
0.9999999
0.9999614
1.0
1.0
0.9999945
0.99999714
0.9982948
1.0
0.99678564
1.0
1.0
0.9998988
1.0
1.0
1.0
0.9999944
1.0
0.99999964
1.0
0.9999931
1.0
0.9999999
0.99999964
1.0
1.0
0.99968934
1.0
1.0
1.0
1.0
0.99999976
0.99994445
1.0
1.0
1.0
0.9999205
0.9999999
1.0
1.0
0.99999964
0.9999999
1.0
1.0
0.9999995
1.0
0.9999999
0.99245477
0.99999356
0.9999999
0.9999999
0.9999453
1.0
1.0
1.0
1.0
1.0
0.9999993
0.9993061
1.0
1.0
1.0
1.0
1.0
1.0
0.99999356
0.9999449
0.9999019
1.0
1.0
1.0
1.0
0.99999976
0.99932647
1.0
1.0
1.0
1.0
0.99995375
0.9999993
0.99997854
1.0
1.0
1.0
1.0
1.0
0.9999361
1.0
1.0
0.99870265
0.9999913
1.0
1.0
1.0
1.0
1.0
0.9999999
1.0
0.99999857
0.9998988
1.0
1.0
1.0
1.0
1.0
0.9999999
0.9999987
1.0
1.0
0.99999845
1.0
1.0
1.0
0.99999976
0.99984944
1.0
1.0
1.0
1.0
0.9999999
0.975229
1.0
1.0
1.0
1.0
0.9999999
1.0
0.99996924
0.9999999
1.0
0.99999154
1.0
1.0
0.99999976
1.0
1.0
1.0
1.0
1.0
1.0
0.9999964
1.0
1.0
1.0
0.9993333
1.0
0.99999976
0.9999976
0.9999999
0.9912145
1.0
1.0
0.9999995
1.0
1.0
0.9998932
1.0
1.0
1.0
1.0
1.0
0.9999651
0.9999994
1.0
1.0
1.0
1.0
0.9999999
1.0
0.9999999
1.0
1.0
0.99999774
1.0
1.0
1.0
1.0
0.99999905
0.99999726
1.0
1.0
0.99999905
1.0
1.0
1.0
0.99999976
1.0
1.0
0.9999999
1.0
1.0
1.0
1.0
1.0
0.99998486
1.0
1.0
1.0
1.0
1.0
0.9999999
1.0
0.9999366
1.0
1.0
1.0
0.9999999
1.0
1.0
1.0
0.9999995
1.0
0.99928844
1.0
0.99999917
0.99999964
0.9999981
1.0
1.0
0.99999964
1.0
1.0
1.0
1.0
0.9999387
1.0
0.9999939
1.0
1.0
1.0
1.0
0.9999914
1.0
1.0
0.99999917
1.0
1.0
1.0
1.0
1.0
1.0
1.0
1.0
1.0
1.0
1.0
0.99995947
0.99998796
0.9999993
1.0
1.0
0.99999964
1.0
1.0
0.99999666
1.0
1.0
1.0
0.9999975
1.0
1.0
1.0
1.0
0.99999964
0.9999944
1.0
0.9999999
0.99999976
0.99999654
1.0
0.99999964
1.0
0.9999999
0.99998176
1.0
1.0
1.0
0.9999994
1.0
1.0
1.0
1.0
1.0
1.0
1.0
1.0
1.0
1.0
1.0
1.0
0.9999999
1.0
1.0
0.9999999
1.0
0.99998236
1.0
1.0
1.0
0.9999927
1.0
1.0
1.0
1.0
0.999962
1.0
1.0
0.99701536
0.9999987
1.0
0.99953544
0.99997306
1.0
1.0
0.99999964
1.0
1.0
1.0
0.99999964
1.0
1.0
0.9999919
0.9999995
1.0
0.9999914
1.0
1.0
0.9999999
1.0
1.0
1.0
0.99999976
1.0
1.0
1.0
1.0
1.0
1.0
1.0
1.0
1.0
1.0
1.0
0.9999999
1.0
1.0
1.0
1.0
0.9999963
1.0
1.0
1.0
0.99999964
1.0
0.99963236
1.0
0.99999833
0.99999976
1.0
1.0
0.9999999
0.9999505
1.0
1.0
0.99999654
1.0
0.9999994
1.0
0.999997
0.99999976
1.0
1.0
0.99909747
1.0
0.9999999
0.9997378
1.0
1.0
0.999997
0.9999999
1.0
1.0
1.0
0.99999976
0.99993074
1.0
1.0
1.0
0.99971956
1.0
0.99999964
1.0
1.0
1.0
0.9999994
0.9999982
0.9996915
1.0
0.9981927
1.0
1.0
0.9998061
1.0
1.0
1.0
0.99999726
1.0
1.0
1.0
1.0
1.0
1.0
0.9999994
1.0
1.0
0.9999951
0.9999069
0.99250835
0.99999976
1.0
0.99967253
1.0
0.99999976
0.99999905
0.6573309
0.99857175
0.99801576
1.0
0.9997732
0.9999999
1.0
0.9999981
0.99998856
0.99995923
0.9999292
0.9985073
1.0
1.0
0.9999999
1.0
1.0
1.0
1.0
1.0
1.0
0.99999225
0.9999995
1.0
1.0
0.99995434
0.99999845
0.9999932
1.0
1.0
1.0
1.0
1.0
1.0
1.0
1.0
1.0
0.99997175
0.9999994
0.99999917
1.0
1.0
0.9999857
1.0
0.9999999
0.99993455
1.0
1.0
1.0
0.9999976
0.9999931
1.0
1.0
0.9990451
0.999998
0.99999964
0.9999994
0.99999964
0.99999976
1.0
0.9999604
1.0
1.0
0.99998856
1.0
0.9999697
0.99991155
1.0
0.9999573
0.99929476
0.9999999
1.0
0.9996099
0.9999981
0.9999999
0.99999964
0.96726525
1.0
0.9999443
0.99999356
0.9999999
0.9999975
1.0
1.0
1.0
1.0
1.0
1.0
1.0
1.0
1.0
1.0
1.0
1.0
0.9999999
1.0
0.9999752
0.99999917
1.0
1.0
0.9999999
1.0
0.99999917
0.9999976
1.0
1.0
0.9999999
1.0
1.0
0.99999464
1.0
1.0
1.0
1.0
1.0
0.9999995
1.0
1.0
1.0
1.0
1.0
1.0
0.9988845
1.0
1.0
0.9999999
1.0
1.0
1.0
0.99999917
1.0
1.0
1.0
1.0
1.0
1.0
0.999998
0.9999982
1.0
0.9999995
1.0
1.0
0.9979493
1.0
1.0
0.99999845
1.0
1.0
0.9999993
0.99999833
0.99999833
1.0
1.0
1.0
0.99996495
1.0
1.0
1.0
1.0
0.9999763
1.0
1.0
1.0
0.9999999
1.0
1.0
1.0
0.999859
1.0
1.0
0.99999976
1.0
0.9999999
1.0
1.0
1.0
1.0
1.0
1.0
0.9999999
1.0
0.99999726
0.99999976
1.0
1.0
0.9999994
0.9999999
0.9999999
1.0
1.0
1.0
1.0
1.0
1.0
0.99999857
0.9999999
1.0
1.0
0.99986136
1.0
1.0
1.0
1.0
1.0
1.0
1.0
0.9999999
1.0
1.0
1.0
0.76740557
1.0
0.889906
1.0
0.99999106
0.99996793
0.99991417
1.0
1.0
1.0
0.97947466
1.0
0.9991652
0.9999999
0.99999976
0.9999999
0.99998474
1.0
1.0
1.0
0.99396026
1.0
0.99999857
0.9999999
1.0
0.99999845
1.0
1.0
1.0
1.0
1.0
1.0
0.9999243
0.9979267
0.9998776
0.8676229
0.9988362
1.0
0.9988237
1.0
1.0
1.0
0.9999999
0.99980706
0.9999999
0.9996674
0.9999118
0.9996494
0.9991431
1.0
1.0
0.9999932
1.0
0.99999976
1.0
1.0
0.9997464
1.0
1.0
1.0
0.9999999
1.0
1.0
1.0
0.9999989
1.0
1.0
0.9999964
1.0
0.99999857
1.0
1.0
1.0
1.0
1.0
1.0
1.0
0.9999982
0.9999999
1.0
0.99991274
1.0
1.0
0.99999976
0.99989724
1.0
1.0
1.0
1.0
1.0
0.9999931
0.99999976
0.99999356
1.0
0.9999877
1.0
1.0
0.99999785
1.0
1.0
1.0
0.99999416
1.0
1.0
1.0
1.0
0.999992
1.0
1.0
0.9999938
0.9999999
1.0
0.9999995
0.99999905
1.0
1.0
1.0
1.0
1.0
1.0
1.0
0.9999962
0.99821055
0.9927442
1.0
0.9996742
0.9998716
1.0
1.0
1.0
1.0
0.9999999
0.9999999
0.999998
1.0
0.9999999
0.9999999
0.9985116
0.9999964
0.99999344
1.0
0.99999976
1.0
1.0
0.9999994
1.0
1.0
1.0
0.99999964
1.0
1.0
0.9999964
1.0
1.0
0.9999963
0.999997
1.0
1.0
0.9998834
1.0
1.0
1.0
1.0
1.0
1.0
0.99999976
0.9999558
0.9999999
0.9999771
0.99999964
1.0
0.99999666
1.0
0.9999994
1.0
1.0
1.0
1.0
1.0
1.0
1.0
0.9999999
1.0
1.0
0.99759716
1.0
0.99996936
0.9497917
1.0
1.0
1.0
0.999992
1.0
1.0
0.9999949
0.9999958
0.9999962
0.9999988
1.0
1.0
0.99956006
0.99999845
1.0
0.9998933
1.0
1.0
0.9999995
1.0
0.9999999
1.0
1.0
0.9999999
1.0
0.99999654
0.97120404
0.9998241
0.99996376
1.0
0.99988914
0.99960214
0.9998591
1.0
0.9999974
0.9999995
0.99999
0.99992454
1.0
1.0
0.9995946
0.99992776
1.0
0.9999999
1.0
0.99999976
1.0
1.0
0.9999987
1.0
1.0
1.0
0.9999641
1.0
1.0
1.0
1.0
0.99999154
1.0
1.0
1.0
0.99999964
1.0
0.99978036
0.9972072
1.0
0.9999988
1.0
0.9995351
0.93448466
0.999998
0.9999989
0.9999993
0.99708015
0.99995446
0.9999187
0.99992585
1.0
0.9441683
0.9847343
0.9997582
1.0
1.0
0.9999963
1.0
0.9955478
0.9999994
0.9999584
0.9999993
0.9999999
1.0
1.0
0.9999989
1.0
1.0
1.0
1.0
1.0
1.0
1.0
1.0
1.0
0.99999917
1.0
0.9999963
1.0
0.9999999
0.9999994
1.0
1.0
1.0
0.9999993
0.99999964
1.0
1.0
0.99999833
1.0
1.0
1.0
0.9999995
1.0
1.0
1.0
1.0
0.9999999
0.999995
1.0
0.99992156
0.9999994
1.0
1.0
1.0
1.0
1.0
0.99999
0.9961175
0.99991393
1.0
1.0
0.9999999
1.0
0.99999166
0.9999833
1.0
0.9999988
1.0
0.99999905
1.0
1.0
1.0
0.99998355
1.0
1.0
1.0
1.0
1.0
1.0
1.0
1.0
0.9996253
1.0
0.788045
1.0
0.9999958
1.0
0.9999981
1.0
1.0
1.0
1.0
1.0
1.0
1.0
1.0
1.0
0.99999774
0.99999964
1.0
0.999979
0.99703646
1.0
1.0
1.0
1.0
0.9999907
1.0
1.0
1.0
0.99999905
1.0
1.0
1.0
1.0
1.0
1.0
0.9999995
1.0
1.0
1.0
1.0
0.9999974
0.9999999
1.0
1.0
1.0
1.0
0.99999464
1.0
1.0
0.99999905
0.9999999
1.0
1.0
1.0
1.0
1.0
0.99999917
1.0
1.0
0.99999964
1.0
0.99999964
0.9999999
1.0
1.0
1.0
0.9999982
1.0
1.0
0.9999838
1.0
1.0
1.0
1.0
1.0
1.0
1.0
1.0
0.9999993
0.99963915
0.9999999
1.0
0.99999976
0.9998313
1.0
0.9999753
1.0
1.0
0.9996332
0.99999905
0.9999993
0.99999726
1.0
1.0
1.0
0.98611385
0.99999964
0.9999982
1.0
0.9999988
0.9999994
0.99909794
0.99999964
0.9999975
1.0
1.0
0.9999981
1.0
0.9999993
1.0
1.0
1.0
0.99997914
0.97779703
0.9999975
0.9999863
0.99984205
0.9999987
0.99999785
1.0
0.5265992
1.0
1.0
0.999979
0.9999999
0.99999976
1.0
0.9999999
1.0
1.0
1.0
1.0
0.9999901
1.0
0.99999917
1.0
1.0
1.0
1.0
1.0
1.0
1.0
1.0
1.0
1.0
1.0
1.0
1.0
1.0
1.0
0.9999999
0.9999995
1.0
1.0
1.0
1.0
1.0
1.0
1.0
1.0
1.0
1.0
1.0
1.0
1.0
1.0
1.0
1.0
1.0
1.0
1.0
0.9999999
1.0
1.0
1.0
1.0
1.0
0.99975914
1.0
1.0
1.0
1.0
1.0
0.9999999
1.0
1.0
0.99999857
1.0
1.0
1.0
0.99999976
0.99999976
1.0
1.0
0.9999999
0.9999999
0.9999999
1.0
1.0
1.0
0.99996984
1.0
1.0
1.0
1.0
1.0
1.0
1.0
0.9999964
1.0
1.0
1.0
1.0
1.0
1.0
1.0
0.99999976
1.0
1.0
1.0
1.0
0.9999999
1.0
0.9999995
1.0
0.99999964
1.0
1.0
1.0
1.0
0.99999917
1.0
0.9999999
1.0
1.0
1.0
1.0
1.0
0.99999976
1.0
1.0
1.0
1.0
1.0
1.0
1.0
0.99998116
1.0
1.0
0.999997
1.0
1.0
1.0
1.0
0.99999964
1.0
1.0
1.0
1.0
1.0
1.0
1.0
1.0
1.0
1.0
1.0
1.0
1.0
1.0
1.0
1.0
1.0
1.0
1.0
0.99999964
1.0
1.0
1.0
1.0
1.0
1.0
1.0
1.0
1.0
1.0
1.0
1.0
1.0
1.0
1.0
1.0
1.0
1.0
1.0
1.0
0.9999999
1.0
1.0
0.99999976
1.0
1.0
1.0
1.0
1.0
1.0
1.0
1.0
1.0
1.0
1.0
1.0
1.0
1.0
1.0
1.0
1.0
1.0
1.0
1.0
1.0
1.0
0.9999999
1.0
1.0
1.0
1.0
1.0
1.0
1.0
0.9999999
1.0
0.999936
1.0
1.0
1.0
1.0
1.0
1.0
1.0
1.0
1.0
1.0
1.0
1.0
1.0
1.0
1.0
1.0
1.0
1.0
1.0
1.0
0.99999917
1.0
1.0
1.0
1.0
1.0
1.0
1.0
1.0
1.0
0.99999976
1.0
1.0
1.0
1.0
1.0
1.0
1.0
1.0
1.0
1.0
1.0
0.99999607
0.9999999
1.0
1.0
0.9999999
1.0
0.9999999
0.99999774
1.0
1.0
1.0
1.0
1.0
1.0
0.99999976
1.0
1.0
1.0
1.0
1.0
1.0
1.0
1.0
1.0
1.0
0.99999917
0.9999974
0.9999999
1.0
1.0
1.0
1.0
1.0
1.0
1.0
0.99999917
1.0
1.0
1.0
0.9999999
1.0
1.0
1.0
1.0
1.0
0.99999976
0.9999999
1.0
1.0
1.0
1.0
1.0
1.0
1.0
1.0
1.0
1.0
1.0
1.0
1.0
1.0
1.0
0.9999999
1.0
1.0
0.99999964
0.999997
0.9999994
1.0
1.0
1.0
1.0
1.0
1.0
1.0
1.0
1.0
1.0
0.9999976
1.0
1.0
1.0
1.0
1.0
1.0
1.0
1.0
0.9999982
1.0
1.0
1.0
1.0
1.0
1.0
1.0
1.0
1.0
1.0
1.0
1.0
1.0
0.9999385
1.0
1.0
1.0
1.0
1.0
1.0
0.9998678
0.9999999
1.0
1.0
1.0
1.0
1.0
1.0
1.0
1.0
1.0
0.9999989
1.0
1.0
1.0
0.99999976
1.0
0.9999958
1.0
1.0
1.0
1.0
1.0
0.9999999
0.9999598
1.0
1.0
1.0
1.0
1.0
1.0
0.99999845
1.0
1.0
0.9999989
1.0
1.0
1.0
1.0
1.0
1.0
1.0
0.9999981
1.0
0.99999976
1.0
1.0
1.0
1.0
1.0
1.0
1.0
1.0
0.99997723
1.0
0.99991274
1.0
1.0
1.0
1.0
0.99999976
1.0
1.0
0.9999988
1.0
1.0
0.9999999
0.9999995
1.0
1.0
1.0
1.0
1.0
0.9999999
0.9998636
1.0
1.0
1.0
0.9999989
1.0
1.0
1.0
1.0
1.0
1.0
0.9999981
1.0
1.0
0.9999999
1.0
1.0
1.0
0.99999905
0.9999999
0.9999999
1.0
1.0
1.0
1.0
1.0
1.0
1.0
1.0
1.0
1.0
0.9999988
1.0
1.0
0.99999964
0.9999434
1.0
1.0
1.0
1.0
1.0
0.99999905
1.0
0.99999976
1.0
1.0
0.99223787
0.9999665
1.0
0.9923855
0.99999917
0.9996551
0.9835292
0.9998368
0.9999993
0.9999944
0.92646235
1.0
1.0
1.0
0.99999356
0.9992563
0.9999995
0.9999871
1.0
0.9999907
0.9999999
1.0
1.0
0.9999999
1.0
1.0
0.9999993
0.9999589
0.99999785
0.99997497
1.0
1.0
1.0
1.0
0.9999995
0.9999931
0.99999523
0.99999917
1.0
1.0
1.0
0.99999845
1.0
0.9999999
1.0
1.0
1.0
1.0
0.99945754
0.9999999
1.0
1.0
1.0
0.99998677
1.0
1.0
1.0
1.0
1.0
0.99998856
0.99994874
0.9999995
0.99975663
1.0
1.0
1.0
1.0
0.99999976
1.0
1.0
0.9999883
1.0
1.0
1.0
1.0
1.0
0.9999989
1.0
1.0
0.9999999
0.99999785
1.0
1.0
0.9999969
0.99999416
0.99999654
1.0
1.0
1.0
1.0
1.0
1.0
1.0
1.0
1.0
1.0
1.0
1.0
1.0
1.0
1.0
0.9996222
1.0
0.9999999
1.0
1.0
1.0
1.0
0.99999964
0.9999994
1.0
1.0
1.0
1.0
0.9999902
1.0
1.0
1.0
1.0
1.0
1.0
0.99999654
1.0
1.0
1.0
0.9999999
1.0
0.99999917
1.0
1.0
0.99999964
1.0
1.0
1.0
1.0
0.9999999
1.0
0.99999964
1.0
1.0
0.9999999
0.9999988
1.0
1.0
0.9999999
1.0
1.0
1.0
1.0
0.9990953
1.0
1.0
0.9999993
1.0
0.9999994
1.0
0.99999976
1.0
1.0
0.9999999
1.0
0.9999943
1.0
1.0
1.0
1.0
1.0
1.0
1.0
1.0
1.0
1.0
1.0
1.0
1.0
1.0
1.0
1.0
1.0
0.9999944
1.0
1.0
1.0
1.0
1.0
0.999964
1.0
1.0
1.0
0.99999905
1.0
1.0
1.0
0.9999999
1.0
0.9999994
0.9999988
0.9999962
1.0
1.0
0.9999987
0.9999995
1.0
1.0
1.0
0.99997854
0.9999572
0.9999982
1.0
0.9999958
1.0
1.0
1.0
1.0
1.0
1.0
0.99999416
1.0
1.0
1.0
1.0
1.0
1.0
1.0
1.0
1.0
1.0
1.0
1.0
1.0
1.0
0.9999999
1.0
1.0
1.0
0.9999995
0.99997795
1.0
1.0
1.0
1.0
1.0
1.0
0.9998965
0.9999907
1.0
0.99999225
1.0
1.0
1.0
0.9999887
0.99998033
1.0
1.0
1.0
1.0
1.0
1.0
1.0
0.9999716
1.0
1.0
1.0
0.9999995
1.0
1.0
1.0
1.0
0.99999905
1.0
1.0
0.9961582
1.0
1.0
1.0
1.0
1.0
1.0
1.0
1.0
0.9999999
1.0
1.0
1.0
1.0
1.0
1.0
0.9999703
0.99999976
0.99999964
1.0
1.0
1.0
1.0
1.0
1.0
1.0
1.0
1.0
0.99999976
1.0
1.0
1.0
1.0
1.0
1.0
0.99999976
0.9999993
1.0
1.0
1.0
1.0
1.0
1.0
1.0
1.0
0.9999999
1.0
1.0
1.0
1.0
1.0
0.99998474
1.0
1.0
1.0
1.0
1.0
0.9999963
1.0
0.9999999
1.0
1.0
0.99968684
1.0
1.0
1.0
0.9999956
1.0
1.0
1.0
1.0
1.0
1.0
1.0
0.9999999
1.0
1.0
1.0
1.0
1.0
0.9999987
1.0
1.0
1.0
1.0
1.0
1.0
1.0
1.0
0.9999957
1.0
1.0
0.99999964
1.0
1.0
0.9998357
0.9999995
0.9999732
1.0
1.0
1.0
1.0
0.99715257
1.0
1.0
0.99999964
1.0
0.9999691
1.0
1.0
1.0
0.99999976
0.99999774
1.0
1.0
1.0
1.0
1.0
0.99999607
1.0
0.9999999
1.0
1.0
1.0
0.9999999
1.0
1.0
1.0
0.9999994
1.0
1.0
0.9999994
1.0
1.0
1.0
1.0
0.9999963
1.0
1.0
1.0
1.0
0.99999726
0.99711263
0.9999894
1.0
0.99286795
0.9999974
1.0
1.0
1.0
1.0
1.0
1.0
0.9999994
1.0
1.0
0.9999999
1.0
1.0
1.0
0.9999999
1.0
0.99997663
1.0
1.0
1.0
0.9999062
1.0
1.0
1.0
1.0
1.0
1.0
1.0
1.0
1.0
0.99993813
0.9999993
1.0
1.0
1.0
1.0
1.0
0.9999989
1.0
1.0
1.0
0.99999976
1.0
1.0
1.0
1.0
0.99999976
1.0
1.0
1.0
1.0
0.99999166
0.99999976
1.0
1.0
1.0
0.9999919
1.0
1.0
1.0
1.0
1.0
0.99998033
1.0
0.99999917
0.99999845
0.99999154
0.99999845
0.99999976
0.99995494
1.0
0.9999052
1.0
1.0
0.99984884
0.99999964
1.0
0.9999999
1.0
0.9997465
1.0
1.0
0.99998593
1.0
0.99999964
1.0
0.9999999
0.9999975
1.0
0.9999999
1.0
0.9988783
1.0
1.0
1.0
1.0
1.0
0.99999845
1.0
1.0
0.99999964
0.99982184
1.0
1.0
0.9243593
1.0
0.9999989
1.0
0.9999999
0.9999999
0.99999905
1.0
0.9999732
0.999992
0.99997985
1.0
1.0
1.0
0.9999975
1.0
0.99999547
1.0
1.0
1.0
0.9999924
1.0
1.0
1.0
0.99999905
1.0
1.0
1.0
1.0
0.99999964
0.9999912
1.0
0.9999989
1.0
0.9999999
1.0
0.99999976
1.0
1.0
1.0
1.0
0.99997735
1.0
1.0
1.0
1.0
1.0
1.0
1.0
1.0
1.0
1.0
1.0
0.9996401
1.0
0.99999964
0.99999976
0.98113006
0.9999614
1.0
1.0
1.0
1.0
1.0
1.0
0.99999905
0.9999645
1.0
1.0
1.0
0.99999976
1.0
1.0
0.9999999
1.0
1.0
1.0
0.9988926
0.9999993
1.0
0.99999654
1.0
0.9999982
1.0
0.99999976
1.0
1.0
0.9990115
0.9999995
0.9999999
0.96881735
0.9999994
0.9999999
0.9999994
0.9999999
0.9999902
0.99999726
0.9762992
0.9999987
0.9999982
1.0
1.0
1.0
0.9999999
0.42055404
1.0
0.9962561
0.99999595
0.6635991
1.0
1.0
1.0
0.65168166
0.99999404
0.99999976
0.9999976
1.0
1.0
1.0
1.0
0.9999989
0.9999976
0.999846
0.99999917
1.0
1.0
1.0
1.0
0.9996724
0.9999937
1.0
0.9999994
0.9999999
0.99999833
0.9705568
0.9999571
1.0
1.0
1.0
0.9776365
1.0
1.0
0.99999976
1.0
1.0
1.0
0.9999995
0.9999968
0.99993825
0.74824995
1.0
1.0
1.0
0.99999976
1.0
0.9999999
0.99917406
0.99799454
1.0
1.0
1.0
0.9999993
0.761766
0.9987929
0.99687445
0.9999995
0.9999925
1.0
0.99008733
1.0
0.9999969
0.99999046
1.0
0.9999907
1.0
1.0
1.0
1.0
1.0
0.9999993
0.9999999
1.0
0.99999964
0.9999944
0.9976489
1.0
0.9999975
1.0
1.0
0.99996805
0.9999795
1.0
1.0
0.99999785
0.9999993
1.0
0.99999964
1.0
1.0
0.99999213
0.9999509
0.9999919
1.0
0.99873656
1.0
0.99998736
0.9999852
1.0
1.0
0.99999964
0.99992824
0.99443936
1.0
1.0
1.0
0.9999852
1.0
0.99999845
1.0
0.9960938
0.9999938
0.9997918
0.99968266
0.9999987
0.99902415
0.9999577
0.9999951
1.0
0.9999993
1.0
1.0
0.9999999
0.99876165
1.0
0.99999976
0.9999999
1.0
0.9999993
0.9888215
1.0
0.6800728
1.0
1.0
1.0
1.0
0.99999905
0.9999989
0.9971232
0.9999993
0.999132
0.9999988
0.9999925
0.99992406
1.0
1.0
1.0
0.99999666
1.0
0.99999976
0.9999999
1.0
1.0
0.7654197
0.99985754
0.9999999
0.9999999
1.0
1.0
0.9999989
1.0
0.99964654
1.0
1.0
1.0
1.0
1.0
1.0
1.0
0.99990416
0.9999999
1.0
0.99226165
1.0
1.0
0.9999999
0.9999995
1.0
1.0
1.0
1.0
0.99999976
1.0
1.0
1.0
1.0
1.0
1.0
1.0
0.99999833
0.9999964
1.0
0.9998698
0.99999404
0.9999999
0.9999999
1.0
1.0
1.0
1.0
0.99875367
0.999928
0.99999905
1.0
1.0
1.0
1.0
1.0
0.994668
1.0
0.9999989
0.99936837
1.0
1.0
1.0
1.0
0.9993906
0.999998
1.0
0.9998387
1.0
0.9999999
1.0
0.9999726
1.0
0.9999999
1.0
1.0
0.9999777
1.0
1.0
0.9999995
1.0
1.0
1.0
0.9998783
1.0
1.0
1.0
1.0
0.99899143
1.0
1.0
1.0
0.99992394
0.9999982
1.0
1.0
1.0
0.94195706
1.0
0.9999758
0.99959284
1.0
0.9995003
1.0
1.0
1.0
1.0
1.0
1.0
1.0
1.0
0.99999917
1.0
0.99953675
0.9776248
0.9979334
1.0
1.0
1.0
1.0
1.0
1.0
0.99999726
1.0
1.0
0.99999475
1.0
0.99999464
1.0
1.0
0.99999976
0.99925274
1.0
0.99999964
0.99999225
1.0
1.0
1.0
1.0
1.0
1.0
0.9999999
1.0
1.0
0.9999969
1.0
0.9999975
1.0
0.999997
0.9999875
0.998697
1.0
1.0
1.0
1.0
1.0
1.0
1.0
1.0
1.0
1.0
1.0
0.99999976
0.99998415
1.0
1.0
1.0
1.0
1.0
1.0
1.0
1.0
1.0
1.0
1.0
1.0
1.0
1.0
1.0
0.99997663
0.99999905
1.0
1.0
1.0
0.9999939
0.99999976
1.0
1.0
1.0
0.99996245
0.99996173
0.59132165
1.0
1.0
0.9999969
1.0
1.0
1.0
1.0
1.0
1.0
1.0
0.99999964
1.0
1.0
0.9999999
1.0
0.99999464
0.9999999
