1.0
1.0
1.0
1.0
1.0
1.0
0.99999285
1.0
0.99773896
1.0
1.0
1.0
1.0
1.0
1.0
1.0
1.0
1.0
0.94483244
1.0
1.0
1.0
1.0
1.0
1.0
1.0
1.0
1.0
1.0
1.0
1.0
0.99999964
1.0
0.9999987
1.0
1.0
0.99999774
1.0
0.9999995
1.0
1.0
0.9999956
0.9999999
0.99999964
0.99999285
1.0
1.0
1.0
0.99999964
1.0
1.0
1.0
1.0
1.0
1.0
1.0
1.0
1.0
1.0
1.0
1.0
1.0
0.9997944
0.99999857
1.0
1.0
1.0
1.0
1.0
1.0
1.0
1.0
1.0
0.9999491
1.0
1.0
1.0
1.0
0.9999963
1.0
0.99996924
1.0
1.0
1.0
1.0
1.0
1.0
0.9999989
1.0
1.0
1.0
1.0
0.9998845
1.0
1.0
0.99986684
0.99987996
0.9999951
1.0
1.0
1.0
1.0
1.0
1.0
0.9999999
1.0
1.0
0.9999974
1.0
1.0
1.0
0.9999987
0.9999999
1.0
1.0
0.99149066
1.0
1.0
1.0
0.9999895
1.0
0.9999243
1.0
1.0
0.9999993
0.99996936
0.99999976
1.0
1.0
1.0
1.0
1.0
1.0
1.0
1.0
1.0
1.0
1.0
1.0
0.999985
1.0
1.0
1.0
1.0
1.0
1.0
1.0
1.0
1.0
0.99932885
1.0
0.7532056
1.0
1.0
1.0
1.0
1.0
1.0
0.9999864
1.0
0.99994445
1.0
1.0
1.0
1.0
1.0
1.0
0.99995697
1.0
1.0
1.0
0.9999701
1.0
1.0
1.0
0.99907386
1.0
1.0
1.0
1.0
1.0
1.0
1.0
1.0
0.99998593
1.0
1.0
1.0
1.0
0.99999964
0.9999989
0.9999981
1.0
0.78090745
1.0
0.9999436
1.0
1.0
1.0
0.99999976
1.0
1.0
1.0
1.0
1.0
1.0
1.0
1.0
1.0
0.9999839
1.0
0.9999914
1.0
1.0
1.0
1.0
1.0
0.9999865
1.0
1.0
0.99999964
0.9999999
1.0
1.0
1.0
1.0
1.0
1.0
1.0
0.99999976
1.0
1.0
1.0
1.0
0.9999999
1.0
1.0
1.0
1.0
1.0
1.0
0.9999906
1.0
0.9999913
0.99999976
0.9999896
1.0
0.9880894
1.0
1.0
0.9999999
1.0
1.0
1.0
1.0
0.99999964
1.0
1.0
1.0
0.7742044
1.0
1.0
1.0
1.0
0.9997384
1.0
0.9999994
1.0
1.0
1.0
0.9999999
1.0
1.0
1.0
1.0
1.0
1.0
1.0
1.0
1.0
1.0
1.0
0.9990387
1.0
1.0
1.0
0.9999999
0.9999995
1.0
1.0
0.9999976
1.0
0.9999999
1.0
1.0
1.0
1.0
0.99999774
1.0
1.0
1.0
1.0
1.0
1.0
1.0
1.0
1.0
1.0
1.0
1.0
1.0
1.0
1.0
0.99999833
1.0
1.0
1.0
1.0
1.0
1.0
0.92395383
0.65679985
1.0
1.0
0.99929476
0.9999999
0.9994867
1.0
1.0
1.0
1.0
1.0
1.0
0.99999976
1.0
1.0
0.99999833
0.9998841
1.0
0.99999917
0.8931869
0.99999976
1.0
1.0
1.0
1.0
1.0
1.0
1.0
1.0
1.0
1.0
1.0
1.0
1.0
1.0
1.0
1.0
0.9996673
0.97164017
0.9999999
1.0
0.9999994
1.0
1.0
1.0
0.99999154
1.0
0.99999857
1.0
1.0
1.0
1.0
1.0
1.0
1.0
1.0
1.0
1.0
1.0
0.9999999
0.99969923
1.0
1.0
1.0
1.0
0.9999993
1.0
1.0
1.0
1.0
1.0
1.0
1.0
1.0
1.0
1.0
1.0
1.0
1.0
0.9999999
1.0
1.0
1.0
0.9999994
1.0
1.0
1.0
1.0
1.0
1.0
0.9999937
0.9999999
1.0
1.0
0.9999969
1.0
0.9999975
1.0
1.0
0.99999964
1.0
1.0
1.0
1.0
1.0
1.0
1.0
1.0
1.0
1.0
1.0
1.0
1.0
1.0
0.99999726
1.0
1.0
0.9999999
1.0
1.0
1.0
1.0
0.9999999
0.99998176
0.99273634
0.99999976
0.995869
0.99997675
0.99971753
0.99982953
1.0
1.0
1.0
1.0
1.0
1.0
0.9999994
1.0
1.0
0.99999034
1.0
0.99999964
1.0
0.9999982
1.0
1.0
1.0
0.99999964
1.0
1.0
1.0
1.0
1.0
1.0
1.0
1.0
1.0
0.9999987
0.99970907
1.0
1.0
1.0
1.0
1.0
1.0
1.0
1.0
0.99999917
1.0
0.9999982
0.9999999
0.9999994
1.0
1.0
0.9608895
1.0
0.99953556
1.0
1.0
1.0
1.0
1.0
1.0
1.0
1.0
1.0
0.9999987
0.9999999
1.0
0.9999999
0.9999995
1.0
1.0
1.0
0.99999976
1.0
1.0
1.0
1.0
1.0
1.0
1.0
0.99999905
1.0
1.0
1.0
1.0
0.9999994
1.0
1.0
1.0
1.0
1.0
1.0
1.0
1.0
1.0
1.0
1.0
1.0
1.0
0.99999785
0.99999535
1.0
1.0
1.0
0.9999988
1.0
1.0
0.9999995
0.6545605
0.9999988
1.0
1.0
1.0
1.0
0.999997
1.0
0.99999905
1.0
1.0
1.0
1.0
1.0
1.0
1.0
1.0
1.0
0.9999993
1.0
0.9994899
1.0
1.0
1.0
1.0
1.0
1.0
1.0
1.0
1.0
0.9999999
0.5259539
0.99981076
1.0
1.0
1.0
1.0
1.0
1.0
1.0
0.9999664
1.0
0.9999982
1.0
1.0
1.0
0.9999865
1.0
1.0
1.0
1.0
1.0
1.0
1.0
1.0
1.0
1.0
1.0
1.0
0.9999999
1.0
1.0
0.99989235
1.0
0.99999535
1.0
0.9999999
0.9999993
0.9894084
1.0
1.0
1.0
1.0
0.9999987
0.9767214
1.0
1.0
1.0
1.0
1.0
1.0
1.0
1.0
1.0
0.99999976
1.0
0.9999989
1.0
1.0
1.0
1.0
0.999998
1.0
1.0
0.99997604
0.9978288
1.0
1.0
0.99999917
0.9999999
1.0
1.0
1.0
1.0
1.0
1.0
1.0
0.99999416
0.97198445
1.0
1.0
1.0
1.0
1.0
1.0
1.0
0.99993753
1.0
1.0
1.0
1.0
1.0
1.0
0.98950726
1.0
0.999997
1.0
1.0
1.0
1.0
1.0
1.0
0.9999999
0.8369337
1.0
1.0
1.0
1.0
0.99887747
1.0
0.9999999
1.0
1.0
1.0
1.0
0.9999999
1.0
0.9999993
0.99999905
1.0
1.0
1.0
1.0
1.0
1.0
1.0
1.0
1.0
1.0
1.0
1.0
0.9999999
1.0
1.0
1.0
0.98231035
0.9006666
1.0
1.0
0.9970907
1.0
1.0
0.9999919
1.0
1.0
0.96265614
1.0
0.9999995
1.0
0.999998
1.0
1.0
1.0
1.0
1.0
0.99999964
0.9999999
0.99839956
1.0
0.9843276
0.9999995
1.0
1.0
1.0
1.0
0.999982
1.0
1.0
1.0
1.0
1.0
1.0
1.0
1.0
1.0
1.0
1.0
1.0
1.0
0.9999975
1.0
0.99999964
1.0
1.0
1.0
1.0
1.0
1.0
1.0
1.0
0.99999976
1.0
1.0
1.0
1.0
1.0
1.0
1.0
1.0
0.99998367
1.0
1.0
1.0
1.0
1.0
0.9999559
1.0
1.0
0.9999639
0.9999999
0.99999976
1.0
1.0
1.0
1.0
1.0
0.9999963
1.0
1.0
1.0
1.0
1.0
1.0
0.9999999
1.0
1.0
1.0
1.0
1.0
0.9999925
1.0
1.0
0.98852193
1.0
1.0
1.0
1.0
1.0
1.0
1.0
1.0
1.0
0.9999999
1.0
1.0
1.0
0.9999995
1.0
0.9999864
1.0
1.0
1.0
0.9999994
1.0
1.0
1.0
1.0
1.0
0.9999982
1.0
1.0
0.9999999
1.0
0.9902492
1.0
0.5677752
1.0
1.0
1.0
1.0
1.0
1.0
1.0
1.0
1.0
1.0
1.0
1.0
1.0
1.0
1.0
1.0
1.0
1.0
1.0
0.9999968
1.0
1.0
1.0
0.9999993
1.0
1.0
1.0
0.99999547
0.9999989
1.0
1.0
1.0
1.0
1.0
0.99996054
0.7580252
0.7723706
1.0
0.9999995
1.0
1.0
1.0
1.0
0.99999964
1.0
1.0
1.0
1.0
0.9998294
0.9999964
1.0
0.9999987
1.0
0.99996984
1.0
0.99986434
0.9999989
1.0
1.0
1.0
1.0
1.0
0.9999981
1.0
1.0
1.0
1.0
1.0
1.0
1.0
1.0
1.0
1.0
1.0
1.0
1.0
1.0
0.9998822
1.0
0.99999976
1.0
1.0
1.0
0.99999976
1.0
1.0
1.0
1.0
1.0
1.0
1.0
0.91274333
0.99957365
0.99999607
1.0
1.0
1.0
0.99999976
1.0
0.9999995
0.96116036
1.0
1.0
0.9999945
0.9999994
0.99999917
1.0
1.0
0.9999999
0.99965847
1.0
0.99825877
1.0
1.0
1.0
0.9999999
1.0
0.9999999
0.65040755
0.9999994
1.0
1.0
0.9999516
1.0
1.0
1.0
1.0
1.0
1.0
0.999998
1.0
1.0
1.0
1.0
1.0
0.99999034
1.0
1.0
1.0
1.0
1.0
1.0
1.0
1.0
1.0
0.9999999
1.0
1.0
1.0
1.0
1.0
1.0
1.0
1.0
1.0
1.0
1.0
1.0
1.0
0.99999654
1.0
1.0
1.0
0.9999999
1.0
0.99999785
1.0
0.99999857
1.0
1.0
1.0
1.0
1.0
1.0
0.999979
0.99999917
1.0
0.99999595
1.0
1.0
1.0
1.0
1.0
1.0
0.99999857
0.99999607
0.9999702
1.0
1.0
1.0
1.0
1.0
0.7350344
1.0
1.0
0.99999976
1.0
0.99999666
0.9994703
1.0
1.0
1.0
1.0
0.9999968
0.99999666
1.0
1.0
1.0
0.99999917
1.0
1.0
1.0
0.9999995
1.0
1.0
0.9999976
1.0
1.0
1.0
1.0
1.0
0.9999999
1.0
1.0
1.0
0.9996424
1.0
1.0
1.0
1.0
1.0
1.0
1.0
1.0
0.99999225
1.0
1.0
1.0
1.0
1.0
1.0
1.0
1.0
0.99999964
1.0
1.0
1.0
1.0
1.0
1.0
1.0
1.0
1.0
1.0
1.0
1.0
1.0
1.0
1.0
1.0
0.9999101
0.9999999
1.0
1.0
1.0
0.9755309
1.0
0.9979261
1.0
1.0
0.9999999
0.9999999
0.9999989
1.0
0.9999994
0.99999416
1.0
1.0
1.0
1.0
1.0
0.99955946
1.0
1.0
1.0
1.0
0.9999999
1.0
1.0
1.0
1.0
0.9999987
1.0
1.0
1.0
1.0
0.99984455
1.0
0.9999999
1.0
0.9998852
1.0
1.0
0.9999999
1.0
1.0
0.9999999
1.0
1.0
0.99999964
1.0
1.0
1.0
1.0
1.0
1.0
1.0
0.99985313
1.0
0.99998975
1.0
1.0
0.99999905
1.0
1.0
1.0
0.9999982
1.0
1.0
1.0
1.0
0.9998274
1.0
1.0
0.99996364
0.99037725
1.0
1.0
1.0
1.0
1.0
1.0
1.0
1.0
0.99975485
0.9999242
1.0
0.9999999
1.0
1.0
1.0
1.0
1.0
1.0
1.0
0.99999106
1.0
0.99997604
1.0
0.99973553
1.0
1.0
0.9999988
1.0
0.99999976
0.999997
1.0
1.0
1.0
0.9996911
0.9999995
1.0
1.0
1.0
1.0
1.0
1.0
0.9998584
1.0
0.9873784
1.0
0.9999987
1.0
1.0
1.0
0.99744797
1.0
1.0
1.0
1.0
1.0
1.0
0.999997
1.0
1.0
0.79574734
0.99999976
0.9999999
1.0
0.9999999
0.52634513
0.9999993
1.0
1.0
0.9999993
1.0
1.0
1.0
1.0
0.9999969
1.0
1.0
1.0
0.7979736
1.0
1.0
0.99959236
0.99999654
1.0
1.0
1.0
1.0
1.0
1.0
1.0
1.0
1.0
0.9999989
1.0
1.0
1.0
1.0
0.99992764
1.0
0.99999976
0.9999815
0.99999976
1.0
1.0
1.0
1.0
0.99999976
0.99999046
0.9990722
1.0
1.0
1.0
1.0
1.0
0.9999938
1.0
0.9999999
0.948997
1.0
0.9999999
1.0
1.0
1.0
1.0
1.0
1.0
1.0
1.0
0.9999994
1.0
1.0
1.0
1.0
0.9999838
1.0
1.0
0.99999917
0.99033165
1.0
1.0
1.0
1.0
1.0
1.0
0.98442936
1.0
0.99062246
1.0
0.99999833
0.99999905
1.0
1.0
0.99999976
1.0
1.0
0.9959804
1.0
0.9999981
1.0
1.0
1.0
1.0
1.0
1.0
1.0
0.9999956
1.0
1.0
1.0
1.0
1.0
1.0
1.0
0.9999974
0.9999999
1.0
1.0
1.0
1.0
1.0
1.0
1.0
0.9929391
1.0
1.0
1.0
1.0
1.0
1.0
1.0
1.0
1.0
1.0
1.0
1.0
0.99999523
0.99997187
1.0
1.0
1.0
1.0
0.9999999
1.0
0.99999833
0.9999999
1.0
1.0
1.0
1.0
0.9999778
1.0
0.9063914
0.9999999
1.0
1.0
0.9999964
1.0
1.0
1.0
0.9999999
0.9999982
0.99995804
0.99999964
1.0
1.0
1.0
0.9999999
1.0
1.0
0.99999917
1.0
0.9999999
0.3265506
0.9999765
1.0
1.0
1.0
1.0
1.0
1.0
0.9999999
0.9999999
1.0
0.9999881
1.0
0.9999999
1.0
0.9999926
1.0
1.0
1.0
1.0
1.0
0.9999963
0.99999833
1.0
0.9996524
1.0
0.99986434
0.9999993
1.0
1.0
0.99998033
1.0
1.0
0.9999999
1.0
1.0
1.0
1.0
1.0
0.9999907
0.9999995
1.0
1.0
1.0
0.9999999
0.99985695
1.0
1.0
1.0
1.0
1.0
0.99999976
1.0
1.0
1.0
0.9999893
1.0
1.0
0.99999976
1.0
1.0
1.0
1.0
1.0
1.0
1.0
1.0
1.0
0.9999962
1.0
1.0
1.0
1.0
1.0
1.0
1.0
1.0
1.0
0.99998486
1.0
0.99996686
1.0
0.9999981
1.0
1.0
1.0
0.99685043
1.0
1.0
1.0
1.0
0.9999994
1.0
1.0
0.9999995
0.9999788
1.0
1.0
1.0
1.0
0.99998987
1.0
0.99999404
1.0
1.0
1.0
0.9987815
1.0
0.6328123
1.0
1.0
1.0
1.0
0.9877043
1.0
1.0
0.9996791
0.9999441
1.0
1.0
1.0
1.0
1.0
1.0
1.0
1.0
1.0
1.0
1.0
0.9999994
1.0
1.0
1.0
0.9999995
1.0
0.9997981
1.0
0.9999316
1.0
0.9903764
0.99974126
1.0
1.0
1.0
0.9999999
0.9999827
1.0
1.0
1.0
1.0
1.0
1.0
0.9999409
1.0
1.0
0.9977889
0.9995777
1.0
1.0
1.0
1.0
1.0
0.9999989
1.0
1.0
0.9999995
1.0
0.9999534
1.0
1.0
1.0
1.0
1.0
0.9999994
1.0
1.0
1.0
1.0
1.0
1.0
1.0
0.9999888
1.0
1.0
1.0
1.0
0.9997155
1.0
1.0
1.0
1.0
1.0
1.0
0.9999232
1.0
0.99999905
1.0
0.870735
1.0
1.0
1.0
1.0
1.0
1.0
1.0
1.0
1.0
0.94389933
1.0
1.0
0.9999999
1.0
0.9999945
1.0
1.0
1.0
1.0
1.0
1.0
1.0
0.99999654
1.0
1.0
0.99999547
1.0
1.0
0.9999999
0.9904266
1.0
1.0
1.0
1.0
1.0
1.0
1.0
0.9999987
1.0
1.0
1.0
1.0
0.99998057
1.0
1.0
1.0
1.0
1.0
0.99999714
1.0
1.0
1.0
1.0
1.0
1.0
0.9999987
1.0
1.0
0.99999976
0.999549
1.0
0.9998491
1.0
1.0
0.99999976
1.0
0.9999746
1.0
1.0
0.9299043
0.99999964
1.0
1.0
1.0
0.99998283
1.0
1.0
1.0
1.0
0.99999976
1.0
1.0
1.0
0.9999999
1.0
1.0
1.0
1.0
1.0
0.99999845
1.0
1.0
1.0
1.0
0.9999999
0.99999666
1.0
0.6779098
1.0
1.0
1.0
1.0
1.0
1.0
0.9999629
0.9968194
0.9995394
1.0
1.0
0.99986553
0.9997664
1.0
1.0
0.99999654
1.0
1.0
1.0
0.99999976
0.99998844
1.0
1.0
1.0
1.0
1.0
1.0
0.98364556
1.0
1.0
1.0
1.0
1.0
1.0
1.0
1.0
0.99999976
1.0
0.9999733
1.0
1.0
0.9999938
1.0
1.0
0.6734907
1.0
1.0
1.0
1.0
1.0
1.0
1.0
1.0
0.99999976
1.0
1.0
1.0
1.0
1.0
1.0
1.0
1.0
0.9996357
0.99983037
1.0
1.0
0.9999999
1.0
1.0
1.0
1.0
1.0
1.0
0.9999995
1.0
0.9999999
1.0
1.0
1.0
1.0
0.97799426
1.0
1.0
1.0
1.0
1.0
1.0
1.0
1.0
1.0
0.99262357
1.0
1.0
1.0
1.0
1.0
0.9999994
1.0
0.9696652
0.99928147
1.0
1.0
1.0
1.0
1.0
1.0
0.9999995
1.0
1.0
0.99999917
1.0
1.0
0.9999684
1.0
1.0
1.0
1.0
1.0
0.99999416
1.0
1.0
1.0
1.0
0.99999917
1.0
1.0
1.0
1.0
0.9999646
0.99999917
1.0
1.0
1.0
0.99999976
1.0
1.0
1.0
0.9999403
1.0
0.9999999
1.0
1.0
1.0
1.0
1.0
1.0
1.0
0.9999999
1.0
1.0
1.0
1.0
1.0
1.0
1.0
0.9999858
1.0
1.0
0.9992748
1.0
1.0
0.99999976
1.0
1.0
1.0
1.0
1.0
1.0
0.88918626
1.0
0.99987245
1.0
1.0
0.983778
1.0
0.9999999
1.0
1.0
0.99999094
0.9999999
1.0
1.0
1.0
1.0
1.0
1.0
1.0
1.0
0.99999917
1.0
0.99999166
0.9962304
1.0
0.9072575
1.0
1.0
1.0
1.0
1.0
0.9998084
1.0
0.9999981
1.0
0.9999975
1.0
1.0
1.0
1.0
1.0
1.0
1.0
1.0
1.0
1.0
0.99999666
1.0
0.9999987
1.0
1.0
0.9999999
1.0
1.0
1.0
1.0
1.0
1.0
1.0
1.0
0.99998295
1.0
1.0
0.99999774
1.0
1.0
0.99999917
1.0
1.0
0.9999999
1.0
0.9999324
1.0
1.0
0.9999989
1.0
0.9999496
0.99996305
0.99994004
1.0
1.0
1.0
1.0
1.0
1.0
0.9999964
1.0
1.0
1.0
1.0
1.0
0.9999869
1.0
1.0
1.0
1.0
1.0
1.0
0.9999989
1.0
0.9999999
1.0
1.0
0.9999999
0.9987245
1.0
0.9999999
1.0
1.0
0.99907327
0.99994314
1.0
1.0
1.0
0.99999964
0.99999297
0.9999999
1.0
1.0
0.99999976
1.0
0.99999976
1.0
1.0
1.0
1.0
1.0
1.0
1.0
1.0
1.0
1.0
1.0
1.0
1.0
1.0
1.0
1.0
0.9957735
1.0
0.988605
1.0
1.0
1.0
1.0
0.9999945
0.97309494
0.9999068
1.0
0.9999999
0.99999964
0.99999976
1.0
1.0
1.0
0.9999999
1.0
0.9544645
1.0
0.9999993
1.0
1.0
0.9998678
1.0
1.0
0.98923475
0.99999344
1.0
1.0
0.99999976
0.99999416
1.0
1.0
1.0
0.9999995
0.5622781
1.0
1.0
1.0
1.0
1.0
1.0
1.0
1.0
1.0
0.9995247
1.0
1.0
1.0
1.0
1.0
1.0
0.958658
0.9999987
1.0
1.0
0.99999976
1.0
1.0
1.0
1.0
1.0
1.0
1.0
1.0
1.0
0.9999393
1.0
1.0
1.0
1.0
1.0
0.9999999
0.9999999
1.0
0.9996346
1.0
0.9999999
1.0
1.0
0.7504275
1.0
1.0
1.0
1.0
1.0
0.9999999
0.99999976
1.0
0.9999826
1.0
0.45327774
1.0
1.0
1.0
0.9999988
1.0
1.0
0.99999976
1.0
0.86935425
1.0
1.0
1.0
1.0
1.0
1.0
0.99999976
1.0
1.0
1.0
0.9742105
0.9999193
0.99999285
1.0
1.0
1.0
0.87737316
1.0
1.0
0.9999993
1.0
1.0
1.0
1.0
0.99999976
1.0
1.0
1.0
1.0
0.9998858
1.0
1.0
0.9999999
1.0
0.9999999
1.0
1.0
1.0
1.0
1.0
1.0
1.0
0.99999976
1.0
1.0
1.0
1.0
0.9999999
1.0
0.9999999
0.9999969
1.0
1.0
1.0
1.0
0.9997918
1.0
1.0
1.0
1.0
1.0
1.0
1.0
0.4847059
1.0
1.0
0.9933941
0.99944896
1.0
1.0
0.61893344
1.0
1.0
1.0
0.99999964
1.0
0.99946874
1.0
1.0
0.99999785
1.0
0.9999902
1.0
1.0
1.0
1.0
1.0
1.0
1.0
1.0
1.0
1.0
1.0
1.0
1.0
1.0
0.9997403
1.0
1.0
1.0
1.0
1.0
1.0
1.0
1.0
0.99999523
0.99999213
1.0
1.0
1.0
1.0
1.0
1.0
1.0
1.0
0.9999999
1.0
1.0
0.9999794
1.0
1.0
1.0
1.0
1.0
1.0
1.0
1.0
1.0
1.0
1.0
1.0
1.0
1.0
1.0
1.0
1.0
1.0
1.0
1.0
0.99999905
1.0
1.0
1.0
1.0
1.0
1.0
1.0
0.99667263
1.0
0.9998161
1.0
1.0
1.0
0.999998
0.9999999
1.0
1.0
0.99992895
1.0
1.0
0.9999999
0.9208108
1.0
1.0
1.0
1.0
1.0
1.0
1.0
1.0
1.0
1.0
1.0
0.9999964
0.98065543
1.0
1.0
1.0
1.0
0.9999999
0.99999654
0.99999976
1.0
0.9999994
1.0
1.0
1.0
1.0
1.0
0.9578885
1.0
1.0
1.0
0.9999999
1.0
0.9999895
1.0
1.0
1.0
0.9999999
1.0
0.99999917
1.0
1.0
1.0
1.0
1.0
0.9999925
1.0
1.0
0.8768475
1.0
1.0
1.0
1.0
1.0
1.0
1.0
1.0
0.99999857
1.0
1.0
1.0
1.0
0.99292326
1.0
1.0
1.0
1.0
1.0
1.0
1.0
0.9999994
1.0
1.0
1.0
0.9999999
1.0
1.0
0.9999995
1.0
1.0
1.0
1.0
1.0
1.0
1.0
1.0
1.0
1.0
0.9966337
0.99999917
0.99998975
1.0
1.0
1.0
1.0
1.0
0.99999666
0.99999845
1.0
0.99490273
1.0
0.9999994
1.0
1.0
1.0
1.0
0.99995303
1.0
1.0
1.0
1.0
0.9999999
1.0
1.0
1.0
1.0
1.0
0.99999964
1.0
1.0
1.0
1.0
1.0
0.9999999
0.9999999
0.78393626
1.0
0.99999905
0.9999993
1.0
1.0
1.0
1.0
0.5108108
1.0
1.0
0.999941
1.0
1.0
1.0
1.0
0.99951124
1.0
1.0
1.0
0.99997246
1.0
1.0
1.0
1.0
1.0
1.0
0.999969
1.0
1.0
1.0
0.999933
1.0
1.0
1.0
0.99999905
1.0
1.0
1.0
1.0
1.0
0.9935215
0.9997396
0.9999976
1.0
1.0
1.0
1.0
0.8364615
0.9998399
1.0
0.99997985
1.0
0.9999999
1.0
1.0
0.7485648
1.0
0.99999976
1.0
1.0
1.0
1.0
1.0
1.0
1.0
1.0
1.0
1.0
1.0
1.0
1.0
1.0
1.0
0.9987245
1.0
1.0
1.0
0.99999976
1.0
1.0
1.0
0.90338284
0.9999999
0.9999995
1.0
1.0
1.0
1.0
1.0
0.9999999
1.0
1.0
1.0
1.0
1.0
1.0
1.0
0.9999995
1.0
1.0
1.0
0.9999993
1.0
1.0
1.0
1.0
0.9999999
0.9981281
1.0
0.999808
1.0
1.0
1.0
1.0
0.99999666
1.0
0.9998913
1.0
0.9999982
0.99999344
1.0
0.9999993
1.0
1.0
1.0
0.99985313
0.99998343
0.82841086
1.0
1.0
1.0
1.0
1.0
1.0
1.0
1.0
1.0
1.0
1.0
1.0
1.0
0.99999535
1.0
1.0
0.9999937
1.0
1.0
1.0
1.0
0.9999969
1.0
1.0
1.0
0.99953175
1.0
1.0
1.0
1.0
1.0
1.0
1.0
1.0
0.99999464
0.9999999
0.9999999
1.0
0.9962388
1.0
1.0
1.0
1.0
0.99793017
1.0
1.0
1.0
0.9993199
1.0
1.0
1.0
1.0
1.0
1.0
1.0
1.0
1.0
1.0
1.0
1.0
1.0
1.0
0.99909174
1.0
1.0
1.0
1.0
1.0
1.0
1.0
1.0
1.0
0.96416426
1.0
1.0
0.99988353
1.0
1.0
1.0
1.0
1.0
1.0
1.0
0.99999917
1.0
1.0
1.0
1.0
0.9999993
1.0
1.0
1.0
1.0
1.0
0.9999999
0.9999473
0.9993293
1.0
1.0
1.0
0.99997437
1.0
1.0
1.0
1.0
1.0
0.99999976
1.0
1.0
1.0
0.99999964
1.0
1.0
0.9969092
1.0
1.0
0.99999964
1.0
1.0
0.99991155
1.0
1.0
1.0
1.0
0.9994821
1.0
1.0
1.0
1.0
1.0
0.99999964
1.0
1.0
0.999979
1.0
0.99998534
0.9999949
1.0
1.0
1.0
1.0
1.0
1.0
0.9959441
1.0
0.9999999
1.0
1.0
0.9999995
1.0
1.0
0.99999666
1.0
1.0
0.9999981
1.0
1.0
1.0
1.0
1.0
0.9988902
1.0
1.0
0.9999999
1.0
0.99999833
1.0
1.0
1.0
1.0
0.99999833
1.0
1.0
1.0
1.0
1.0
1.0
1.0
0.9999865
1.0
1.0
1.0
1.0
1.0
1.0
0.91338605
1.0
1.0
1.0
1.0
1.0
1.0
1.0
1.0
1.0
0.99999404
0.9999995
0.99999976
1.0
0.999997
1.0
0.99999845
1.0
1.0
1.0
0.9999999
1.0
0.9707064
0.9999682
1.0
1.0
1.0
1.0
1.0
0.9999999
0.99999976
1.0
1.0
0.9999989
0.9999964
1.0
0.99999833
1.0
0.9999989
1.0
0.9998006
0.9999981
1.0
1.0
1.0
1.0
1.0
1.0
1.0
0.9999951
0.99727565
0.99119097
1.0
1.0
1.0
1.0
1.0
1.0
0.999658
1.0
0.99998546
1.0
1.0
1.0
1.0
1.0
1.0
1.0
1.0
1.0
1.0
1.0
1.0
0.99999964
1.0
1.0
1.0
1.0
1.0
1.0
1.0
1.0
1.0
0.99999726
1.0
1.0
1.0
1.0
0.99999917
1.0
0.9999981
1.0
1.0
1.0
0.99992275
1.0
1.0
1.0
0.99997795
1.0
0.9999994
1.0
1.0
0.99603003
1.0
0.9999987
1.0
0.99999976
1.0
0.9999999
1.0
1.0
1.0
1.0
1.0
1.0
0.91050714
1.0
1.0
1.0
1.0
1.0
1.0
0.9999981
1.0
1.0
1.0
1.0
1.0
1.0
0.9999956
0.99564135
1.0
1.0
1.0
1.0
1.0
1.0
0.9999901
1.0
0.999966
1.0
1.0
0.99966574
1.0
1.0
1.0
1.0
1.0
1.0
1.0
1.0
1.0
1.0
1.0
0.9999999
0.99999976
1.0
1.0
1.0
1.0
1.0
1.0
1.0
1.0
1.0
1.0
1.0
1.0
1.0
0.9999999
1.0
1.0
1.0
0.99995065
1.0
0.9996013
1.0
1.0
1.0
1.0
1.0
1.0
1.0
1.0
1.0
1.0
0.99999726
1.0
1.0
0.9999994
1.0
1.0
0.9999994
1.0
0.99998355
0.99999964
1.0
1.0
1.0
0.9999999
0.9481813
1.0
1.0
0.99999976
0.99999475
1.0
0.8958164
1.0
1.0
0.9989121
1.0
1.0
1.0
1.0
1.0
1.0
0.9999999
0.9999182
0.6504294
1.0
1.0
1.0
1.0
0.99999976
0.99994266
0.99999416
1.0
1.0
1.0
1.0
1.0
0.99862623
0.74160904
1.0
1.0
0.9999995
1.0
1.0
0.99999857
1.0
0.99997985
1.0
1.0
1.0
1.0
0.9999995
1.0
0.9999999
1.0
0.9943974
1.0
0.99918514
1.0
1.0
1.0
0.9999912
1.0
1.0
0.9999716
1.0
1.0
1.0
1.0
1.0
1.0
0.9999994
1.0
1.0
1.0
0.9999999
0.99999833
1.0
0.9999877
1.0
0.99637944
1.0
1.0
1.0
1.0
0.99999976
0.99999964
1.0
1.0
0.9999317
0.9757509
1.0
1.0
1.0
1.0
1.0
1.0
1.0
1.0
1.0
1.0
1.0
1.0
1.0
0.9999999
1.0
1.0
1.0
1.0
1.0
1.0
0.9999964
1.0
1.0
0.9999999
0.5257159
1.0
1.0
1.0
1.0
1.0
1.0
1.0
0.99999964
1.0
1.0
1.0
1.0
1.0
1.0
1.0
1.0
1.0
1.0
1.0
1.0
1.0
1.0
1.0
0.9999999
1.0
1.0
1.0
1.0
0.9998944
0.9349784
1.0
0.99993956
1.0
1.0
1.0
1.0
1.0
1.0
0.9999938
0.9999994
1.0
1.0
0.965699
1.0
1.0
1.0
1.0
0.9999944
1.0
1.0
1.0
1.0
1.0
1.0
1.0
1.0
1.0
1.0
1.0
1.0
1.0
0.9999995
1.0
1.0
1.0
1.0
1.0
0.9999999
1.0
0.9998615
1.0
0.9999957
0.9999962
0.9999999
1.0
1.0
1.0
0.85567635
0.999233
1.0
0.99999917
1.0
1.0
0.9998343
0.99999964
1.0
0.9999435
1.0
1.0
1.0
1.0
0.9999832
1.0
1.0
1.0
1.0
1.0
1.0
0.8922071
0.9998042
1.0
0.99412763
0.9999529
1.0
1.0
1.0
1.0
1.0
1.0
1.0
1.0
1.0
1.0
1.0
1.0
0.99999976
1.0
1.0
1.0
1.0
1.0
1.0
1.0
1.0
1.0
1.0
0.9999809
1.0
1.0
1.0
0.99999964
1.0
1.0
1.0
1.0
0.99998844
0.9999999
1.0
1.0
1.0
1.0
0.99965334
0.99999976
1.0
1.0
0.99999976
1.0
1.0
1.0
1.0
1.0
1.0
1.0
0.9999975
0.9999999
1.0
1.0
1.0
0.99966025
1.0
1.0
1.0
1.0
1.0
1.0
0.99982685
1.0
1.0
1.0
1.0
1.0
1.0
1.0
1.0
1.0
0.9999981
1.0
1.0
1.0
1.0
0.9999994
1.0
0.99985874
1.0
1.0
1.0
1.0
0.9990395
1.0
1.0
1.0
0.99999976
1.0
1.0
0.9582998
1.0
1.0
1.0
1.0
1.0
1.0
1.0
1.0
1.0
0.99999833
0.9991209
1.0
0.99999917
1.0
0.99999976
1.0
1.0
1.0
1.0
1.0
1.0
1.0
1.0
1.0
0.9994823
0.9983941
0.99999976
1.0
0.9999994
1.0
1.0
1.0
1.0
1.0
0.99998486
0.99999964
1.0
1.0
1.0
1.0
0.9999999
1.0
1.0
0.99999607
1.0
1.0
1.0
1.0
1.0
1.0
1.0
1.0
1.0
1.0
1.0
1.0
1.0
0.9999994
1.0
1.0
1.0
1.0
0.99946314
0.999859
1.0
1.0
0.9999995
1.0
1.0
1.0
1.0
1.0
1.0
1.0
1.0
1.0
1.0
0.99999833
1.0
1.0
1.0
1.0
1.0
1.0
1.0
1.0
1.0
1.0
1.0
1.0
0.9946056
0.99999976
1.0
1.0
1.0
0.9999945
1.0
1.0
1.0
1.0
0.9999974
1.0
0.9999999
0.99946314
0.99691844
1.0
1.0
0.99999917
1.0
1.0
0.99999726
0.99996924
1.0
1.0
1.0
1.0
0.99996746
1.0
0.9999856
1.0
1.0
1.0
1.0
1.0
1.0
1.0
1.0
1.0
1.0
1.0
1.0
1.0
0.99998677
1.0
1.0
0.99999917
1.0
1.0
1.0
1.0
1.0
1.0
1.0
0.99997723
1.0
1.0
1.0
0.99999785
1.0
1.0
0.9999988
0.99999917
1.0
1.0
1.0
1.0
1.0
1.0
0.510158
1.0
1.0
1.0
0.9999943
1.0
1.0
1.0
1.0
1.0
0.9999994
1.0
1.0
1.0
1.0
1.0
1.0
1.0
1.0
1.0
1.0
1.0
1.0
1.0
1.0
1.0
0.9999838
1.0
1.0
1.0
1.0
1.0
0.99999976
1.0
1.0
1.0
0.9999999
1.0
0.9898577
1.0
1.0
0.99999785
1.0
0.9999999
1.0
1.0
0.99999833
1.0
0.99999833
1.0
1.0
1.0
1.0
1.0
1.0
1.0
1.0
0.99997354
1.0
1.0
1.0
1.0
1.0
0.999995
0.99993074
1.0
0.99999845
0.98635453
0.99999976
0.99999976
1.0
1.0
1.0
0.9996859
1.0
1.0
1.0
1.0
1.0
1.0
0.99999976
1.0
1.0
1.0
1.0
1.0
1.0
1.0
1.0
1.0
0.99999666
0.9999263
0.9999999
1.0
1.0
1.0
1.0
1.0
1.0
1.0
1.0
1.0
1.0
1.0
1.0
1.0
0.9999999
1.0
1.0
1.0
0.99999845
1.0
1.0
1.0
0.9999918
1.0
1.0
1.0
1.0
0.9984352
1.0
1.0
0.9999999
1.0
1.0
1.0
1.0
0.9999845
1.0
1.0
1.0
1.0
1.0
1.0
1.0
1.0
0.9999901
1.0
1.0
1.0
0.9999999
0.9999684
1.0
1.0
1.0
0.99999857
0.9999999
1.0
1.0
0.99995685
0.61664927
1.0
1.0
1.0
1.0
1.0
1.0
0.9999999
1.0
1.0
1.0
1.0
1.0
1.0
1.0
1.0
0.9997638
1.0
1.0
1.0
1.0
0.9999999
1.0
0.99999857
0.77736354
0.9998173
1.0
1.0
1.0
1.0
0.9999994
0.9999999
1.0
0.9999999
1.0
1.0
1.0
0.99999666
1.0
0.99999046
0.99999034
0.99999976
1.0
1.0
1.0
1.0
0.99999344
1.0
0.99999976
1.0
1.0
0.9999968
1.0
1.0
1.0
0.99995613
1.0
0.9999994
1.0
1.0
1.0
1.0
0.9999989
0.99991584
0.9999981
0.9755737
1.0
0.99999166
1.0
1.0
0.99999976
1.0
1.0
0.9999999
1.0
1.0
1.0
1.0
1.0
1.0
1.0
1.0
1.0
1.0
0.9999945
1.0
1.0
1.0
1.0
1.0
1.0
1.0
0.99997735
1.0
1.0
1.0
1.0
1.0
0.9999995
1.0
1.0
1.0
1.0
1.0
1.0
1.0
1.0
1.0
1.0
1.0
1.0
1.0
0.99999976
1.0
1.0
1.0
1.0
1.0
1.0
0.99999976
0.99999774
1.0
1.0
1.0
0.99999964
1.0
1.0
1.0
0.99999845
1.0
0.9999988
1.0
1.0
1.0
1.0
0.9999995
1.0
1.0
0.9999995
1.0
1.0
1.0
1.0
1.0
1.0
1.0
1.0
0.96584487
1.0
1.0
1.0
1.0
1.0
1.0
0.9999963
1.0
0.99999917
1.0
1.0
1.0
0.9999993
0.9999999
1.0
1.0
1.0
1.0
1.0
1.0
0.99441624
1.0
1.0
1.0
0.9999999
1.0
1.0
1.0
0.99999976
1.0
1.0
1.0
1.0
1.0
1.0
1.0
0.9958752
1.0
1.0
0.99999857
1.0
1.0
0.9999999
1.0
0.99791414
0.9994696
0.9999999
1.0
0.9505939
1.0
1.0
1.0
1.0
1.0
0.99999964
1.0
1.0
0.9998771
1.0
1.0
0.9980293
1.0
1.0
1.0
1.0
1.0
0.9999995
0.99999666
1.0
0.94468373
1.0
1.0
0.9999999
0.9998715
0.9999989
1.0
1.0
1.0
1.0
1.0
0.9994715
1.0
1.0
1.0
0.99826497
0.671849
1.0
1.0
1.0
1.0
1.0
1.0
1.0
1.0
0.9992607
1.0
0.58538336
1.0
0.9977241
1.0
0.99999976
1.0
1.0
1.0
1.0
1.0
1.0
1.0
0.9999999
1.0
1.0
1.0
0.9999962
1.0
0.99910516
1.0
1.0
0.99999845
1.0
0.9999999
1.0
1.0
1.0
1.0
0.99988425
1.0
0.995557
1.0
0.99999964
0.99995446
1.0
1.0
1.0
1.0
1.0
1.0
0.99992096
1.0
1.0
0.99982446
1.0
1.0
1.0
0.9999999
1.0
1.0
1.0
1.0
1.0
0.99988496
1.0
1.0
1.0
1.0
0.99999774
1.0
0.99857616
1.0
1.0
1.0
1.0
1.0
1.0
1.0
0.9999999
1.0
0.99999976
1.0
0.7721552
1.0
0.9999994
0.66234285
1.0
0.9999999
0.9999994
1.0
1.0
0.9999982
1.0
1.0
0.99999595
1.0
0.9999999
1.0
1.0
0.9999999
1.0
0.9998511
1.0
0.99999976
1.0
1.0
1.0
1.0
0.99999976
1.0
0.9999999
1.0
1.0
1.0
1.0
1.0
1.0
1.0
1.0
1.0
1.0
1.0
1.0
1.0
1.0
0.984737
1.0
1.0
1.0
1.0
1.0
1.0
1.0
1.0
0.9999765
1.0
1.0
1.0
0.8663316
1.0
1.0
1.0
1.0
1.0
1.0
1.0
1.0
1.0
1.0
1.0
1.0
1.0
1.0
1.0
1.0
1.0
1.0
0.9999999
0.9988741
1.0
1.0
1.0
1.0
1.0
1.0
1.0
1.0
1.0
1.0
1.0
1.0
0.9999831
0.99999845
0.8845923
0.9999999
0.9889114
1.0
1.0
0.9999993
1.0
1.0
1.0
1.0
0.9999995
1.0
1.0
1.0
1.0
1.0
1.0
1.0
1.0
1.0
1.0
0.99999607
1.0
1.0
1.0
1.0
1.0
0.9755322
0.9999964
1.0
0.99999964
1.0
1.0
1.0
1.0
0.9987394
0.99999976
1.0
1.0
1.0
1.0
1.0
0.99999964
0.99995375
0.99999213
1.0
1.0
1.0
1.0
1.0
1.0
1.0
1.0
0.9999999
0.9992601
1.0
0.99999046
1.0
1.0
0.99999976
1.0
0.99999964
1.0
1.0
1.0
1.0
0.6080168
1.0
1.0
1.0
1.0
0.9999999
1.0
1.0
0.99999547
1.0
0.98066187
0.9994097
1.0
1.0
1.0
0.99999976
1.0
1.0
1.0
1.0
0.57915217
1.0
0.9999963
0.99999917
1.0
1.0
1.0
1.0
1.0
1.0
0.9999974
1.0
1.0
1.0
1.0
1.0
1.0
0.9999989
1.0
1.0
0.9999999
1.0
1.0
1.0
1.0
0.9999974
0.99987686
1.0
1.0
1.0
1.0
1.0
1.0
1.0
1.0
1.0
0.99967825
1.0
0.9998393
1.0
1.0
1.0
1.0
1.0
0.9999424
1.0
1.0
0.99999964
0.9994568
1.0
1.0
0.947697
1.0
1.0
1.0
1.0
1.0
1.0
1.0
1.0
1.0
1.0
1.0
1.0
1.0
1.0
0.99999475
1.0
1.0
1.0
1.0
1.0
0.9999994
0.99999905
1.0
0.99992216
1.0
1.0
1.0
1.0
0.9999999
1.0
1.0
0.9999999
0.99999976
1.0
1.0
0.9999999
1.0
1.0
0.9999993
1.0
1.0
1.0
1.0
1.0
1.0
1.0
0.9999931
0.99999464
1.0
1.0
1.0
1.0
1.0
1.0
1.0
1.0
1.0
1.0
0.9999999
1.0
0.99999917
1.0
1.0
0.99999964
1.0
1.0
1.0
0.99999976
1.0
0.9999999
1.0
1.0
0.9999982
0.9999995
1.0
0.99813396
1.0
0.9999994
1.0
1.0
1.0
1.0
1.0
1.0
0.9993098
1.0
1.0
1.0
1.0
1.0
1.0
1.0
0.9999995
1.0
1.0
0.99999976
1.0
0.7868603
1.0
0.99999654
1.0
1.0
1.0
1.0
1.0
1.0
0.99999714
1.0
1.0
1.0
1.0
1.0
1.0
0.9999994
1.0
1.0
1.0
0.9999994
1.0
1.0
0.99941313
1.0
0.9915925
1.0
1.0
1.0
0.897509
1.0
1.0
1.0
1.0
1.0
0.9999702
0.9998716
1.0
1.0
1.0
0.99999774
1.0
1.0
1.0
1.0
0.99999845
1.0
0.99999857
0.9999813
1.0
1.0
1.0
0.9999999
1.0
1.0
1.0
1.0
1.0
1.0
1.0
1.0
1.0
0.9198701
0.9999999
1.0
1.0
1.0
1.0
0.9999951
1.0
1.0
1.0
0.9551662
1.0
1.0
1.0
1.0
1.0
1.0
0.99996936
0.9493163
1.0
1.0
0.9999926
1.0
1.0
1.0
1.0
1.0
0.999537
0.9999875
1.0
1.0
0.9999975
1.0
0.9996958
1.0
1.0
1.0
1.0
1.0
1.0
1.0
1.0
1.0
1.0
1.0
1.0
0.99302506
1.0
1.0
0.9999989
1.0
0.8551143
1.0
1.0
1.0
1.0
1.0
1.0
1.0
0.9999957
1.0
1.0
0.99999785
1.0
1.0
1.0
1.0
1.0
0.99994004
1.0
0.9999995
1.0
1.0
0.9999999
1.0
0.9999975
0.9999999
0.99998975
1.0
0.9999963
1.0
1.0
1.0
1.0
1.0
1.0
1.0
1.0
1.0
1.0
1.0
1.0
0.99999917
1.0
1.0
1.0
1.0
1.0
1.0
1.0
1.0
1.0
1.0
1.0
1.0
1.0
0.9719027
1.0
1.0
1.0
1.0
0.99999976
0.9999505
1.0
1.0
1.0
1.0
1.0
1.0
1.0
1.0
0.9997465
0.99234843
1.0
1.0
0.9999871
1.0
1.0
1.0
1.0
1.0
0.9937807
1.0
1.0
1.0
1.0
0.9999963
1.0
1.0
0.9999974
1.0
1.0
0.99999845
1.0
0.99399996
1.0
0.99999285
1.0
1.0
1.0
1.0
1.0
1.0
0.9999734
1.0
0.9999825
1.0
1.0
1.0
0.9999999
1.0
1.0
0.995034
1.0
1.0
0.9997253
1.0
0.9999527
1.0
1.0
1.0
1.0
1.0
1.0
1.0
1.0
1.0
1.0
1.0
1.0
1.0
0.9999999
1.0
0.9999995
1.0
1.0
1.0
0.9949167
1.0
1.0
1.0
1.0
1.0
1.0
1.0
0.9998934
1.0
0.99999595
1.0
0.9999981
0.9999999
0.99999964
1.0
1.0
1.0
0.9659045
1.0
1.0
1.0
1.0
1.0
0.99999666
1.0
0.99998915
1.0
1.0
0.99475336
1.0
1.0
1.0
1.0
1.0
0.99999857
1.0
1.0
0.999998
1.0
1.0
1.0
1.0
1.0
0.9999999
1.0
1.0
1.0
1.0
1.0
0.99999976
1.0
0.98902637
1.0
1.0
1.0
1.0
1.0
0.9999999
1.0
1.0
1.0
0.9999453
0.9999999
0.99999976
1.0
1.0
1.0
1.0
0.99995947
1.0
1.0
0.999833
0.99963474
1.0
0.9864401
1.0
1.0
1.0
0.99836975
0.9999894
1.0
0.95935404
1.0
1.0
1.0
0.9999871
1.0
1.0
1.0
1.0
1.0
1.0
1.0
0.9999573
1.0
0.99999785
1.0
1.0
1.0
1.0
1.0
1.0
0.9999317
1.0
1.0
1.0
1.0
1.0
0.9999994
1.0
0.7205223
1.0
1.0
1.0
0.9999993
1.0
1.0
0.9999999
1.0
1.0
1.0
0.9991411
0.99999404
1.0
1.0
0.99892455
1.0
1.0
1.0
1.0
1.0
1.0
0.99999976
1.0
1.0
0.9999994
1.0
0.99995494
1.0
1.0
0.99994516
0.9999995
1.0
0.9999999
0.9999999
0.94874424
1.0
1.0
1.0
0.9988539
1.0
1.0
0.9892057
0.9999976
1.0
1.0
1.0
1.0
1.0
1.0
1.0
1.0
1.0
1.0
1.0
1.0
1.0
0.9999994
0.99999964
1.0
1.0
1.0
1.0
1.0
1.0
0.99997437
1.0
1.0
0.9999993
1.0
1.0
1.0
1.0
1.0
1.0
1.0
1.0
1.0
1.0
0.83339703
1.0
0.9999999
0.9999999
1.0
0.99699545
1.0
1.0
1.0
1.0
1.0
1.0
1.0
1.0
1.0
0.9999999
1.0
1.0
1.0
1.0
0.99995685
1.0
1.0
1.0
0.98438257
1.0
1.0
1.0
1.0
1.0
1.0
1.0
1.0
1.0
1.0
1.0
1.0
1.0
1.0
1.0
1.0
0.99969757
1.0
0.99999976
1.0
0.9999993
1.0
0.999995
1.0
1.0
1.0
1.0
1.0
1.0
1.0
1.0
1.0
1.0
1.0
0.9999963
1.0
1.0
1.0
1.0
0.9999994
1.0
1.0
1.0
1.0
1.0
1.0
1.0
1.0
1.0
1.0
0.9999585
1.0
0.9999999
0.99999976
1.0
0.9999945
0.9999993
1.0
1.0
0.5293316
1.0
1.0
0.9999989
1.0
1.0
1.0
1.0
1.0
1.0
1.0
1.0
1.0
0.9999573
1.0
1.0
0.9999999
1.0
1.0
1.0
1.0
0.9999999
1.0
1.0
0.9999958
0.99999964
1.0
1.0
1.0
1.0
1.0
1.0
0.9999974
1.0
1.0
1.0
1.0
0.9999989
1.0
0.99999976
0.99953115
0.996852
1.0
1.0
0.99999666
1.0
1.0
1.0
1.0
1.0
1.0
1.0
0.99996305
1.0
1.0
1.0
0.99999976
1.0
1.0
1.0
0.9999808
1.0
0.99908316
1.0
0.99998045
1.0
1.0
1.0
1.0
1.0
1.0
1.0
1.0
1.0
1.0
1.0
1.0
1.0
1.0
1.0
1.0
1.0
1.0
1.0
0.99776864
1.0
1.0
1.0
1.0
1.0
1.0
1.0
1.0
1.0
1.0
0.9999999
1.0
1.0
1.0
0.99999857
1.0
1.0
1.0
1.0
1.0
1.0
1.0
1.0
0.9956168
0.9997626
1.0
1.0
1.0
1.0
1.0
0.9737898
0.99998045
0.9999447
1.0
1.0
0.99999154
1.0
1.0
1.0
0.9942631
1.0
1.0
0.9999962
1.0
1.0
1.0
1.0
1.0
1.0
1.0
0.99999833
1.0
0.9999993
0.9523235
0.9950054
1.0
1.0
1.0
0.9999999
1.0
1.0
1.0
1.0
1.0
1.0
1.0
1.0
1.0
1.0
1.0
0.9999999
1.0
0.9999995
0.99999976
1.0
1.0
0.64105976
0.9997849
1.0
1.0
1.0
1.0
1.0
1.0
1.0
1.0
1.0
1.0
1.0
1.0
0.96235543
1.0
0.999997
0.9999999
1.0
0.9999896
0.99994266
1.0
0.99999905
1.0
1.0
1.0
0.9806429
1.0
0.9999938
1.0
0.99999845
1.0
1.0
1.0
0.9999999
1.0
1.0
1.0
1.0
1.0
1.0
1.0
1.0
1.0
1.0
1.0
1.0
0.99999714
1.0
0.99999845
1.0
0.99991035
1.0
1.0
1.0
0.99999917
1.0
1.0
0.9999994
1.0
1.0
0.99999297
1.0
0.9999999
0.99998486
1.0
1.0
1.0
1.0
0.99999654
1.0
1.0
1.0
1.0
0.9999999
1.0
1.0
1.0
1.0
0.99999857
1.0
1.0
0.9999845
0.99998593
1.0
1.0
1.0
1.0
1.0
1.0
1.0
0.9999659
0.9999919
1.0
1.0
1.0
0.99790823
1.0
1.0
0.99999964
1.0
1.0
1.0
1.0
1.0
1.0
0.9978212
1.0
1.0
1.0
1.0
1.0
1.0
1.0
1.0
1.0
1.0
1.0
0.99999726
1.0
1.0
1.0
1.0
1.0
0.99999964
0.9999993
1.0
1.0
1.0
1.0
0.999488
1.0
1.0
0.9999999
1.0
0.99998796
1.0
0.99999
1.0
1.0
1.0
1.0
1.0
1.0
1.0
1.0
0.99999857
1.0
0.999998
0.99999976
1.0
1.0
1.0
1.0
1.0
1.0
1.0
1.0
1.0
1.0
1.0
1.0
1.0
1.0
1.0
1.0
1.0
1.0
1.0
1.0
1.0
1.0
1.0
1.0
1.0
0.99999905
1.0
1.0
1.0
1.0
0.9999999
1.0
1.0
1.0
1.0
1.0
0.9999995
1.0
0.9999999
1.0
1.0
1.0
1.0
1.0
1.0
1.0
1.0
1.0
1.0
1.0
1.0
1.0
0.999979
1.0
1.0
1.0
1.0
0.99683577
0.9999994
1.0
1.0
1.0
1.0
1.0
0.99999714
1.0
1.0
1.0
0.9999995
1.0
1.0
0.9999999
1.0
1.0
1.0
1.0
1.0
1.0
1.0
1.0
1.0
1.0
0.9999999
1.0
1.0
1.0
1.0
0.9999993
1.0
1.0
1.0
1.0
1.0
1.0
1.0
1.0
1.0
1.0
1.0
1.0
1.0
1.0
1.0
1.0
0.9999968
1.0
1.0
1.0
1.0
1.0
1.0
0.99999964
1.0
1.0
1.0
1.0
1.0
0.9999609
1.0
1.0
1.0
1.0
1.0
1.0
1.0
1.0
1.0
1.0
1.0
1.0
0.99978346
1.0
1.0
0.9999995
1.0
1.0
0.9999969
1.0
1.0
1.0
1.0
1.0
1.0
1.0
1.0
0.9999994
1.0
1.0
1.0
0.9443005
1.0
1.0
0.9999999
1.0
1.0
0.51940703
1.0
1.0
1.0
1.0
1.0
1.0
1.0
1.0
1.0
1.0
1.0
0.9999988
1.0
1.0
0.9999999
1.0
1.0
1.0
1.0
1.0
1.0
1.0
1.0
1.0
0.9999999
1.0
1.0
1.0
0.99996424
1.0
1.0
1.0
1.0
0.9988662
1.0
0.99799514
1.0
0.9999982
1.0
1.0
1.0
1.0
1.0
1.0
1.0
1.0
1.0
1.0
1.0
1.0
1.0
0.99999976
1.0
1.0
1.0
0.9999963
1.0
1.0
1.0
1.0
1.0
1.0
0.9996474
1.0
1.0
1.0
1.0
1.0
1.0
1.0
1.0
1.0
0.9999999
1.0
1.0
1.0
0.9999999
0.9999999
0.99999964
1.0
0.7861449
1.0
1.0
1.0
0.99999726
1.0
1.0
1.0
1.0
0.9999999
1.0
1.0
1.0
1.0
1.0
0.9999416
1.0
1.0
1.0
0.9983726
1.0
1.0
0.99842155
0.99999917
1.0
1.0
1.0
1.0
1.0
1.0
1.0
1.0
0.9999896
1.0
1.0
1.0
1.0
1.0
1.0
1.0
1.0
1.0
0.9999975
1.0
1.0
1.0
1.0
1.0
1.0
1.0
1.0
1.0
1.0
1.0
1.0
1.0
1.0
1.0
1.0
1.0
1.0
1.0
1.0
1.0
1.0
1.0
1.0
1.0
1.0
1.0
1.0
1.0
1.0
1.0
1.0
1.0
1.0
1.0
1.0
1.0
1.0
1.0
1.0
1.0
1.0
0.75766826
1.0
1.0
1.0
1.0
1.0
1.0
1.0
1.0
1.0
1.0
1.0
1.0
1.0
1.0
1.0
1.0
1.0
1.0
1.0
1.0
1.0
1.0
1.0
1.0
1.0
1.0
1.0
1.0
1.0
1.0
1.0
1.0
1.0
1.0
1.0
1.0
1.0
1.0
1.0
1.0
1.0
1.0
1.0
1.0
1.0
1.0
1.0
1.0
1.0
1.0
1.0
1.0
1.0
1.0
1.0
1.0
1.0
1.0
1.0
1.0
1.0
1.0
1.0
1.0
1.0
1.0
1.0
1.0
1.0
1.0
1.0
1.0
1.0
1.0
1.0
0.9999963
1.0
1.0
1.0
1.0
1.0
1.0
1.0
1.0
1.0
1.0
1.0
1.0
1.0
1.0
1.0
1.0
0.99999976
1.0
1.0
1.0
1.0
1.0
1.0
1.0
1.0
1.0
1.0
1.0
1.0
1.0
1.0
1.0
1.0
1.0
1.0
1.0
1.0
1.0
1.0
1.0
1.0
0.99983263
0.99876827
1.0
1.0
1.0
1.0
1.0
1.0
0.9999945
1.0
1.0
1.0
1.0
1.0
1.0
1.0
1.0
1.0
1.0
1.0
1.0
1.0
1.0
1.0
1.0
1.0
1.0
1.0
1.0
1.0
1.0
1.0
1.0
1.0
1.0
1.0
1.0
1.0
1.0
1.0
1.0
1.0
1.0
1.0
1.0
1.0
1.0
1.0
1.0
1.0
0.9999999
1.0
1.0
0.99999976
1.0
0.9999999
1.0
1.0
1.0
1.0
1.0
1.0
1.0
1.0
1.0
1.0
1.0
1.0
1.0
1.0
0.9999999
1.0
1.0
0.9999999
1.0
1.0
1.0
1.0
1.0
1.0
1.0
1.0
1.0
1.0
1.0
1.0
1.0
1.0
1.0
1.0
1.0
1.0
1.0
1.0
1.0
1.0
1.0
1.0
1.0
1.0
1.0
1.0
1.0
1.0
1.0
1.0
1.0
1.0
1.0
1.0
0.99999964
1.0
0.9999999
1.0
1.0
0.99999964
1.0
1.0
1.0
1.0
1.0
1.0
1.0
1.0
0.99999833
1.0
1.0
1.0
1.0
1.0
1.0
1.0
1.0
1.0
0.9999926
1.0
1.0
0.99997854
1.0
1.0
1.0
1.0
1.0
1.0
1.0
1.0
1.0
1.0
1.0
1.0
1.0
0.99912924
1.0
1.0
1.0
1.0
1.0
1.0
1.0
1.0
1.0
0.9999999
1.0
1.0
0.9999981
1.0
1.0
1.0
1.0
1.0
1.0
0.99998343
1.0
1.0
0.99992466
1.0
1.0
0.99999964
1.0
1.0
1.0
1.0
1.0
1.0
1.0
0.9172191
1.0
0.9999852
1.0
1.0
1.0
1.0
1.0
0.9993734
0.99999774
1.0
1.0
1.0
1.0
1.0
0.99990284
1.0
1.0
1.0
1.0
0.9839452
0.99996567
1.0
1.0
1.0
1.0
1.0
1.0
0.9999995
1.0
1.0
1.0
1.0
1.0
1.0
1.0
1.0
1.0
1.0
1.0
1.0
1.0
0.999967
0.9999932
0.9999988
1.0
1.0
1.0
1.0
1.0
1.0
1.0
1.0
1.0
0.9999988
1.0
1.0
1.0
1.0
1.0
1.0
1.0
1.0
1.0
1.0
1.0
1.0
1.0
1.0
0.99999654
1.0
1.0
1.0
1.0
0.9999999
0.99999726
1.0
1.0
1.0
1.0
0.9999999
1.0
1.0
0.99999976
1.0
1.0
0.9999956
1.0
1.0
1.0
1.0
1.0
0.9999995
1.0
0.9999994
1.0
1.0
1.0
1.0
1.0
0.9941308
0.99997556
0.94522005
1.0
1.0
1.0
0.99999964
1.0
0.9999989
0.9999949
1.0
0.99998045
1.0
1.0
1.0
0.9994573
1.0
1.0
0.9961908
1.0
1.0
1.0
1.0
1.0
1.0
1.0
1.0
1.0
1.0
1.0
1.0
1.0
1.0
1.0
1.0
0.99999976
1.0
1.0
1.0
0.99999917
1.0
1.0
1.0
1.0
0.9999999
1.0
1.0
1.0
1.0
1.0
1.0
1.0
1.0
1.0
1.0
1.0
1.0
1.0
1.0
1.0
1.0
1.0
1.0
1.0
1.0
1.0
1.0
0.9999819
0.9999989
1.0
1.0
1.0
1.0
0.9999995
1.0
1.0
1.0
1.0
1.0
1.0
1.0
1.0
1.0
1.0
1.0
1.0
1.0
0.9999999
1.0
1.0
1.0
1.0
1.0
0.9999982
0.99993825
1.0
1.0
1.0
1.0
1.0
1.0
0.99999833
1.0
1.0
1.0
1.0
1.0
1.0
1.0
1.0
1.0
1.0
1.0
1.0
1.0
1.0
1.0
1.0
1.0
1.0
1.0
1.0
1.0
1.0
1.0
1.0
1.0
1.0
1.0
1.0
1.0
1.0
1.0
1.0
1.0
1.0
1.0
1.0
1.0
1.0
1.0
1.0
1.0
0.99996185
0.9999999
1.0
1.0
1.0
1.0
1.0
1.0
0.9999999
1.0
0.9987565
0.972844
1.0
0.9999999
1.0
1.0
1.0
1.0
1.0
1.0
1.0
1.0
1.0
1.0
1.0
1.0
0.9999999
1.0
1.0
0.999997
1.0
1.0
1.0
1.0
1.0
0.99999726
1.0
0.9999999
1.0
1.0
1.0
1.0
1.0
1.0
1.0
1.0
1.0
1.0
1.0
0.99999857
1.0
1.0
1.0
1.0
1.0
1.0
1.0
1.0
0.99999774
0.96193004
0.98172796
1.0
0.99993145
1.0
1.0
1.0
1.0
1.0
1.0
1.0
1.0
1.0
0.99997497
1.0
1.0
1.0
1.0
1.0
0.9996623
1.0
1.0
1.0
0.999928
1.0
1.0
1.0
0.9999995
1.0
1.0
1.0
1.0
1.0
1.0
1.0
1.0
0.9999999
0.99999714
1.0
0.9999999
1.0
1.0
1.0
1.0
1.0
0.9998374
0.999734
1.0
1.0
0.9999988
1.0
1.0
0.99999964
1.0
1.0
1.0
0.9999939
1.0
1.0
1.0
1.0
0.9991302
0.99999845
0.9999999
0.9999999
1.0
0.99999976
1.0
1.0
0.9999993
0.9999802
0.999997
1.0
0.9999981
0.9999999
0.9999987
1.0
1.0
1.0
1.0
1.0
1.0
1.0
1.0
0.9999995
1.0
1.0
0.9999925
1.0
1.0
0.99987996
1.0
0.9999994
1.0
1.0
1.0
1.0
1.0
1.0
0.99999285
1.0
0.99996674
1.0
1.0
1.0
1.0
0.9999993
1.0
1.0
1.0
1.0
1.0
0.9999989
1.0
0.99999774
1.0
1.0
1.0
0.9999988
1.0
1.0
1.0
1.0
0.9999993
1.0
1.0
1.0
1.0
1.0
0.99867177
1.0
1.0
1.0
1.0
1.0
0.9999118
0.9999993
1.0
1.0
0.9999999
1.0
1.0
1.0
1.0
1.0
0.9812952
1.0
1.0
1.0
1.0
1.0
1.0
1.0
1.0
1.0
0.86715555
1.0
0.99999917
1.0
1.0
1.0
1.0
1.0
1.0
1.0
0.9999778
1.0
1.0
1.0
1.0
1.0
0.9999999
1.0
1.0
1.0
1.0
0.97148085
1.0
1.0
0.99999964
1.0
1.0
1.0
1.0
1.0
1.0
1.0
1.0
0.9999999
1.0
0.99999976
1.0
1.0
1.0
1.0
1.0
1.0
1.0
1.0
1.0
1.0
1.0
1.0
1.0
1.0
1.0
1.0
1.0
1.0
1.0
1.0
1.0
1.0
1.0
1.0
1.0
1.0
1.0
1.0
1.0
1.0
0.99937123
1.0
1.0
1.0
1.0
1.0
1.0
1.0
1.0
0.44372317
1.0
0.9997873
1.0
1.0
1.0
0.75660086
0.89952004
0.9999989
1.0
1.0
1.0
1.0
1.0
1.0
1.0
1.0
1.0
1.0
1.0
1.0
1.0
1.0
1.0
1.0
1.0
1.0
1.0
1.0
1.0
1.0
1.0
1.0
1.0
1.0
1.0
1.0
1.0
1.0
1.0
1.0
1.0
1.0
1.0
1.0
1.0
1.0
1.0
1.0
1.0
1.0
1.0
1.0
1.0
1.0
1.0
1.0
1.0
1.0
1.0
1.0
1.0
1.0
1.0
1.0
1.0
1.0
1.0
1.0
1.0
1.0
1.0
1.0
1.0
1.0
1.0
0.99999976
0.9999745
1.0
1.0
1.0
1.0
1.0
1.0
1.0
1.0
1.0
1.0
1.0
1.0
1.0
1.0
1.0
1.0
1.0
1.0
1.0
1.0
1.0
1.0
1.0
1.0
1.0
1.0
1.0
1.0
1.0
1.0
1.0
1.0
1.0
1.0
1.0
1.0
1.0
1.0
1.0
1.0
1.0
1.0
1.0
1.0
1.0
1.0
1.0
1.0
1.0
1.0
1.0
1.0
1.0
1.0
1.0
1.0
1.0
1.0
1.0
1.0
1.0
0.9999995
0.9999999
1.0
0.9999999
1.0
1.0
1.0
1.0
1.0
1.0
1.0
1.0
1.0
1.0
1.0
1.0
1.0
1.0
1.0
1.0
1.0
1.0
1.0
1.0
1.0
1.0
1.0
1.0
1.0
1.0
1.0
1.0
1.0
1.0
1.0
1.0
1.0
1.0
1.0
1.0
1.0
1.0
0.99999976
1.0
1.0
1.0
1.0
1.0
1.0
1.0
1.0
1.0
1.0
1.0
1.0
1.0
1.0
1.0
1.0
1.0
1.0
1.0
1.0
1.0
1.0
1.0
1.0
1.0
1.0
1.0
1.0
1.0
1.0
1.0
1.0
0.9999999
1.0
1.0
1.0
1.0
1.0
1.0
1.0
1.0
1.0
1.0
0.9999987
0.99999976
0.9999981
1.0
1.0
1.0
1.0
1.0
1.0
0.99999034
0.9999999
1.0
1.0
1.0
1.0
1.0
1.0
1.0
1.0
1.0
0.99999976
1.0
1.0
1.0
1.0
1.0
1.0
0.99999785
1.0
1.0
1.0
1.0
1.0
1.0
1.0
0.99989617
1.0
0.99999905
1.0
1.0
1.0
1.0
1.0
1.0
1.0
1.0
1.0
1.0
1.0
1.0
0.99999964
1.0
1.0
1.0
1.0
1.0
1.0
1.0
1.0
1.0
1.0
0.9999993
1.0
1.0
1.0
1.0
1.0
1.0
1.0
1.0
1.0
1.0
1.0
1.0
1.0
1.0
1.0
1.0
1.0
1.0
0.99996185
1.0
1.0
1.0
1.0
1.0
1.0
1.0
1.0
0.9999958
1.0
1.0
1.0
1.0
1.0
1.0
1.0
1.0
1.0
1.0
1.0
1.0
1.0
1.0
0.9999989
1.0
1.0
1.0
1.0
1.0
1.0
1.0
0.9999999
1.0
0.9501932
1.0
1.0
1.0
1.0
1.0
0.9999999
0.9999999
1.0
1.0
1.0
1.0
0.999992
1.0
1.0
1.0
1.0
1.0
1.0
1.0
1.0
1.0
1.0
1.0
1.0
1.0
1.0
0.99985015
1.0
1.0
1.0
1.0
1.0
0.99983406
0.99999976
1.0
1.0
1.0
1.0
0.9999999
1.0
0.9999969
1.0
1.0
0.9999938
1.0
1.0
1.0
0.9999708
0.99823785
0.48324487
0.99999964
0.99958616
0.7337527
0.9999994
0.49915576
0.96982926
1.0
1.0
0.9999995
0.9999994
1.0
0.99999976
0.9999906
0.9991066
0.99999774
0.762266
0.99937445
0.9999989
0.9998914
0.9999975
0.8683379
0.9998722
0.99806005
0.99999976
0.9999999
1.0
1.0
1.0
1.0
1.0
0.99999976
1.0
1.0
1.0
0.99999976
1.0
0.9999373
1.0
1.0
1.0
0.9999987
0.95832425
0.99856275
0.9922557
1.0
1.0
0.9999975
0.99999547
1.0
0.9998111
0.99999976
1.0
0.9986058
0.99999976
0.9999999
1.0
1.0
0.9999863
0.9999958
0.9999877
1.0
0.9999778
0.9999918
0.9999999
1.0
0.9999994
0.99998236
0.9999999
0.99999726
0.40914935
1.0
0.99999917
1.0
1.0
1.0
0.999969
0.99805886
1.0
1.0
0.99999964
0.99999845
1.0
1.0
1.0
1.0
1.0
1.0
1.0
1.0
0.9999988
1.0
1.0
1.0
1.0
0.9999999
0.6941429
1.0
1.0
1.0
1.0
1.0
1.0
1.0
1.0
1.0
0.9999989
0.9999914
1.0
1.0
1.0
1.0
1.0
1.0
1.0
1.0
1.0
0.99999845
1.0
1.0
1.0
1.0
0.9999995
1.0
1.0
1.0
0.99999976
1.0
1.0
1.0
1.0
1.0
1.0
0.9999963
1.0
1.0
0.99999976
0.99999905
1.0
0.99999726
1.0
1.0
1.0
1.0
1.0
1.0
1.0
1.0
1.0
1.0
1.0
0.99998844
1.0
1.0
1.0
0.99999976
1.0
1.0
1.0
1.0
1.0
1.0
1.0
0.9999969
1.0
1.0
0.9994628
0.99999905
1.0
1.0
0.99999917
1.0
1.0
1.0
1.0
1.0
0.99999964
0.99999785
1.0
1.0
1.0
1.0
0.9999999
1.0
1.0
0.9994815
0.99999917
1.0
0.99999976
0.9968856
0.99999976
1.0
0.99996984
1.0
0.9999999
1.0
0.9999999
1.0
1.0
1.0
0.9999968
0.9998196
1.0
1.0
0.9999999
1.0
1.0
0.9999995
1.0
1.0
1.0
1.0
1.0
0.9999981
0.9999783
1.0
1.0
1.0
1.0
1.0
1.0
1.0
1.0
1.0
1.0
0.9999975
1.0
1.0
0.7876154
0.9999974
0.9999988
1.0
0.99999917
1.0
1.0
1.0
0.99999917
1.0
1.0
1.0
1.0
0.9998802
1.0
1.0
1.0
1.0
1.0
1.0
1.0
1.0
1.0
1.0
0.9999995
1.0
1.0
1.0
0.99999845
1.0
0.9999999
1.0
1.0
1.0
0.99999917
1.0
1.0
1.0
1.0
1.0
1.0
1.0
1.0
1.0
1.0
1.0
1.0
1.0
1.0
1.0
1.0
1.0
1.0
1.0
1.0
1.0
1.0
1.0
1.0
1.0
1.0
1.0
1.0
1.0
0.9890049
1.0
1.0
1.0
1.0
0.99999845
1.0
1.0
1.0
1.0
1.0
1.0
1.0
1.0
1.0
1.0
1.0
1.0
1.0
1.0
1.0
1.0
1.0
1.0
1.0
1.0
1.0
1.0
1.0
1.0
1.0
1.0
1.0
1.0
1.0
1.0
0.99998236
1.0
1.0
1.0
1.0
1.0
1.0
1.0
1.0
1.0
1.0
1.0
0.9999982
1.0
1.0
1.0
1.0
1.0
1.0
1.0
1.0
1.0
1.0
0.99999785
1.0
1.0
1.0
0.9999918
1.0
0.99999905
1.0
1.0
1.0
1.0
1.0
1.0
0.99999976
1.0
1.0
1.0
1.0
1.0
1.0
0.99999964
1.0
1.0
1.0
1.0
1.0
1.0
1.0
1.0
1.0
1.0
1.0
1.0
1.0
0.99999917
1.0
1.0
1.0
1.0
0.99999535
1.0
1.0
1.0
1.0
1.0
1.0
1.0
1.0
0.9999869
1.0
1.0
1.0
1.0
1.0
1.0
1.0
1.0
1.0
0.9999999
1.0
1.0
1.0
1.0
1.0
1.0
0.9999999
1.0
1.0
1.0
1.0
1.0
1.0
1.0
1.0
1.0
0.99999976
1.0
1.0
1.0
1.0
1.0
1.0
1.0
1.0
1.0
1.0
1.0
1.0
1.0
1.0
1.0
1.0
1.0
1.0
1.0
1.0
1.0
1.0
1.0
1.0
1.0
1.0
1.0
1.0
1.0
1.0
1.0
1.0
1.0
1.0
1.0
1.0
1.0
1.0
1.0
1.0
1.0
1.0
1.0
1.0
1.0
1.0
0.99999976
1.0
0.9999999
0.99999857
1.0
1.0
1.0
1.0
1.0
1.0
1.0
1.0
1.0
1.0
1.0
1.0
1.0
1.0
1.0
1.0
1.0
0.9993748
1.0
1.0
1.0
1.0
0.9999548
1.0
1.0
1.0
1.0
1.0
1.0
1.0
1.0
1.0
0.9999987
1.0
1.0
1.0
1.0
1.0
1.0
0.9999999
1.0
1.0
1.0
1.0
1.0
1.0
1.0
0.9999999
1.0
0.99999714
1.0
1.0
1.0
1.0
1.0
1.0
1.0
0.9999999
1.0
1.0
1.0
0.99999917
0.9999927
0.9999995
1.0
1.0
0.99999964
1.0
1.0
1.0
1.0
1.0
1.0
1.0
1.0
1.0
1.0
1.0
1.0
1.0
1.0
1.0
1.0
0.99999344
1.0
1.0
1.0
1.0
1.0
0.99999726
1.0
1.0
1.0
1.0
1.0
1.0
1.0
1.0
1.0
1.0
0.99999976
1.0
1.0
0.9999181
1.0
1.0
1.0
1.0
1.0
1.0
1.0
1.0
1.0
1.0
1.0
1.0
0.99999976
1.0
1.0
1.0
1.0
1.0
0.99997544
1.0
0.9999995
1.0
1.0
1.0
1.0
1.0
1.0
1.0
1.0
1.0
1.0
1.0
1.0
1.0
1.0
1.0
1.0
1.0
1.0
1.0
1.0
1.0
1.0
1.0
1.0
1.0
1.0
1.0
1.0
1.0
1.0
1.0
1.0
1.0
1.0
1.0
1.0
1.0
1.0
0.9999999
1.0
1.0
0.9995322
1.0
1.0
1.0
1.0
1.0
0.9999907
1.0
1.0
1.0
0.9999999
1.0
0.99999964
1.0
0.99976534
1.0
1.0
1.0
0.9911243
0.9999999
1.0
1.0
1.0
1.0
1.0
1.0
1.0
1.0
0.9999999
1.0
1.0
0.99999344
1.0
0.99999976
1.0
0.9999684
1.0
0.99842346
1.0
1.0
1.0
1.0
0.9999404
1.0
1.0
1.0
1.0
1.0
1.0
0.9999999
1.0
0.999979
1.0
1.0
1.0
1.0
1.0
1.0
1.0
1.0
0.99999964
1.0
1.0
0.9999995
1.0
1.0
1.0
1.0
1.0
0.9999883
0.9999988
1.0
1.0
1.0
1.0
1.0
1.0
1.0
1.0
1.0
1.0
1.0
1.0
1.0
1.0
1.0
1.0
1.0
1.0
1.0
1.0
1.0
1.0
0.9999999
1.0
1.0
1.0
1.0
1.0
1.0
1.0
1.0
1.0
1.0
1.0
1.0
1.0
1.0
1.0
1.0
1.0
0.99999774
1.0
1.0
1.0
1.0
1.0
1.0
1.0
1.0
1.0
1.0
1.0
1.0
1.0
1.0
1.0
1.0
1.0
1.0
1.0
1.0
1.0
1.0
1.0
1.0
0.9999999
1.0
1.0
1.0
1.0
1.0
1.0
1.0
1.0
1.0
1.0
1.0
1.0
1.0
1.0
0.9999999
1.0
1.0
1.0
1.0
0.9999993
1.0
1.0
1.0
1.0
1.0
1.0
1.0
1.0
1.0
1.0
1.0
1.0
1.0
1.0
1.0
1.0
1.0
1.0
1.0
1.0
0.9999995
1.0
1.0
1.0
1.0
1.0
1.0
1.0
1.0
0.99999964
1.0
1.0
1.0
1.0
1.0
0.9999963
1.0
1.0
1.0
1.0
1.0
1.0
1.0
1.0
1.0
1.0
1.0
1.0
0.99999964
1.0
1.0
1.0
1.0
1.0
1.0
1.0
1.0
1.0
0.99999535
1.0
1.0
0.9999975
1.0
1.0
1.0
0.9999995
1.0
0.9999999
0.99999976
1.0
1.0
1.0
1.0
1.0
1.0
0.9999995
1.0
0.9998142
1.0
0.98350555
1.0
1.0
1.0
1.0
0.99999905
1.0
0.9999677
1.0
1.0
1.0
0.9999989
1.0
0.99999785
1.0
1.0
1.0
0.9999194
1.0
1.0
1.0
1.0
0.9999999
0.9999994
1.0
1.0
1.0
0.99999964
1.0
0.9999999
1.0
0.99999356
1.0
1.0
0.9999999
1.0
1.0
1.0
0.9999418
0.9999999
1.0
1.0
0.99998796
0.9999999
1.0
1.0
1.0
1.0
0.99999976
0.9999598
1.0
1.0
0.9999999
1.0
1.0
1.0
0.9999995
0.9999987
0.9999999
1.0
1.0
1.0
1.0
1.0
0.99999344
1.0
1.0
1.0
1.0
1.0
0.99999905
0.99994147
1.0
0.9999999
1.0
1.0
1.0
0.9999999
1.0
1.0
1.0
1.0
1.0
1.0
1.0
1.0
1.0
1.0
1.0
0.9999999
1.0
1.0
1.0
1.0
1.0
1.0
1.0
1.0
1.0
1.0
1.0
1.0
1.0
1.0
1.0
1.0
1.0
1.0
1.0
1.0
1.0
0.9999999
1.0
1.0
1.0
1.0
1.0
1.0
1.0
1.0
1.0
1.0
0.99999976
1.0
1.0
1.0
1.0
1.0
1.0
1.0
1.0
0.9999434
1.0
1.0
1.0
1.0
1.0
1.0
1.0
0.9999999
0.9999734
1.0
1.0
1.0
1.0
1.0
0.99999845
1.0
1.0
1.0
1.0
1.0
1.0
1.0
1.0
1.0
1.0
1.0
1.0
1.0
1.0
1.0
1.0
1.0
1.0
1.0
1.0
1.0
1.0
1.0
1.0
1.0
0.99999785
1.0
1.0
1.0
0.99999845
1.0
1.0
1.0
1.0
1.0
1.0
1.0
1.0
0.9999944
1.0
1.0
1.0
1.0
1.0
1.0
1.0
1.0
1.0
1.0
1.0
1.0
1.0
1.0
1.0
1.0
1.0
1.0
1.0
0.9999994
1.0
1.0
1.0
1.0
0.99999726
1.0
1.0
1.0
1.0
1.0
1.0
0.99999714
1.0
1.0
1.0
1.0
0.9999999
1.0
1.0
1.0
1.0
1.0
1.0
1.0
1.0
1.0
1.0
1.0
1.0
1.0
1.0
1.0
0.9999999
0.9999999
1.0
1.0
1.0
1.0
1.0
1.0
1.0
1.0
1.0
1.0
1.0
1.0
1.0
1.0
1.0
1.0
1.0
1.0
0.9999982
1.0
1.0
1.0
1.0
1.0
1.0
1.0
1.0
1.0
1.0
1.0
1.0
1.0
1.0
1.0
1.0
1.0
1.0
1.0
1.0
1.0
1.0
1.0
1.0
1.0
1.0
1.0
1.0
1.0
1.0
1.0
1.0
1.0
1.0
1.0
0.99999964
0.9999999
1.0
1.0
0.9999999
1.0
0.99999654
0.99996567
0.99993026
1.0
0.99999976
1.0
1.0
1.0
1.0
1.0
1.0
1.0
0.99999964
1.0
1.0
1.0
1.0
1.0
1.0
1.0
1.0
1.0
1.0
1.0
1.0
1.0
1.0
1.0
1.0
1.0
1.0
1.0
1.0
1.0
1.0
1.0
1.0
1.0
1.0
1.0
1.0
1.0
1.0
1.0
1.0
1.0
1.0
1.0
1.0
0.99999833
1.0
1.0
1.0
1.0
1.0
1.0
1.0
1.0
1.0
1.0
1.0
1.0
1.0
0.999992
1.0
1.0
0.9999858
1.0
0.99999964
1.0
1.0
1.0
0.9999999
1.0
1.0
1.0
1.0
0.99999976
0.9996842
0.99989724
1.0
1.0
1.0
1.0
1.0
1.0
1.0
0.99988985
0.9999995
1.0
1.0
1.0
1.0
1.0
1.0
1.0
1.0
1.0
1.0
1.0
1.0
1.0
1.0
0.9999995
1.0
0.9993098
1.0
0.9999995
0.9999862
1.0
1.0
0.9999988
1.0
0.9999908
1.0
0.9912401
0.99999785
0.99997556
1.0
1.0
1.0
1.0
0.99997413
0.99999964
1.0
0.9999999
0.9999765
1.0
1.0
0.99999964
1.0
1.0
1.0
1.0
1.0
1.0
1.0
1.0
1.0
1.0
0.99999976
0.99999964
0.9999999
1.0
1.0
1.0
1.0
1.0
1.0
1.0
1.0
1.0
0.9999993
1.0
1.0
1.0
1.0
1.0
1.0
1.0
1.0
1.0
1.0
1.0
1.0
0.99983466
0.99999833
1.0
0.9985629
0.99999905
1.0
1.0
1.0
1.0
1.0
1.0
1.0
0.9999999
0.9999964
1.0
0.9999999
0.9997427
0.9999987
1.0
0.99999917
1.0
0.99999964
0.9999918
1.0
1.0
0.99999976
0.99998355
1.0
0.9999958
0.999658
1.0
1.0
1.0
1.0
1.0
1.0
1.0
1.0
1.0
1.0
1.0
1.0
1.0
1.0
1.0
1.0
1.0
1.0
1.0
1.0
1.0
1.0
1.0
1.0
1.0
1.0
1.0
1.0
1.0
1.0
1.0
1.0
1.0
1.0
1.0
0.99999905
1.0
1.0
1.0
1.0
1.0
1.0
0.99998665
1.0
1.0
1.0
1.0
1.0
1.0
0.9999927
1.0
1.0
1.0
1.0
1.0
1.0
0.9999807
1.0
1.0
1.0
1.0
0.9995421
0.9985322
1.0
1.0
1.0
1.0
1.0
1.0
1.0
1.0
1.0
1.0
1.0
0.9999999
1.0
1.0
1.0
1.0
0.99999475
1.0
1.0
1.0
1.0
1.0
1.0
1.0
0.99999654
1.0
1.0
1.0
0.99999857
1.0
0.99999917
1.0
1.0
1.0
1.0
1.0
1.0
1.0
0.99999964
1.0
1.0
1.0
1.0
1.0
1.0
1.0
1.0
1.0
1.0
1.0
1.0
0.99999964
1.0
1.0
1.0
1.0
1.0
1.0
1.0
1.0
1.0
1.0
1.0
1.0
1.0
1.0
1.0
0.998941
1.0
0.9889443
0.9999999
0.9999993
0.99999034
1.0
1.0
1.0
1.0
0.99998164
1.0
0.99993634
1.0
1.0
1.0
1.0
1.0
1.0
0.9999999
0.9999999
1.0
0.99996424
1.0
1.0
1.0
1.0
1.0
1.0
1.0
1.0
1.0
0.99999535
0.9999312
0.9999987
0.96141505
0.9999677
1.0
1.0
1.0
1.0
1.0
1.0
0.99997735
1.0
0.9999821
0.9999999
0.9999883
0.99999785
1.0
1.0
0.9999912
1.0
1.0
1.0
1.0
0.9999933
1.0
1.0
1.0
1.0
1.0
1.0
1.0
1.0
1.0
1.0
1.0
1.0
0.9988611
1.0
1.0
1.0
1.0
1.0
1.0
1.0
1.0
1.0
1.0
1.0
1.0
1.0
1.0
0.9999999
0.9999999
1.0
1.0
1.0
1.0
1.0
1.0
0.9999994
1.0
0.99999976
1.0
1.0
1.0
1.0
1.0
1.0
1.0
1.0
1.0
1.0
0.9999999
0.99999964
1.0
1.0
1.0
1.0
1.0
1.0
1.0
1.0
1.0
1.0
1.0
1.0
1.0
1.0
1.0
0.99998677
0.9998853
0.9999995
0.9999895
1.0
1.0
1.0
1.0
1.0
1.0
1.0
1.0
1.0
0.9999994
1.0
0.99999535
0.9999999
0.9999995
1.0
1.0
1.0
1.0
0.99999964
1.0
1.0
1.0
1.0
1.0
1.0
1.0
1.0
1.0
1.0
1.0
1.0
1.0
1.0
1.0
1.0
1.0
1.0
1.0
1.0
1.0
1.0
1.0
1.0
0.9999988
1.0
1.0
0.9999999
1.0
1.0
0.9999999
1.0
1.0
1.0
1.0
1.0
1.0
1.0
1.0
0.9999974
0.99999976
0.9999987
0.99401987
1.0
1.0
1.0
1.0
1.0
1.0
0.99999976
0.9999963
0.99999976
0.999997
1.0
1.0
0.9999918
1.0
1.0
0.9999987
1.0
1.0
0.99999833
1.0
1.0
0.9999995
1.0
1.0
1.0
0.99999833
0.94941753
0.9999995
0.9999999
1.0
0.9995789
0.9998684
0.99993205
1.0
0.9999999
0.99999607
0.9999994
0.9999999
1.0
0.9999995
0.9999304
0.9999982
1.0
1.0
1.0
1.0
1.0
1.0
1.0
1.0
1.0
1.0
0.99999976
1.0
1.0
1.0
1.0
0.9999999
1.0
1.0
1.0
0.99999917
1.0
0.9999989
0.983463
1.0
0.9999994
1.0
0.9997973
0.99462694
1.0
1.0
1.0
0.99997616
0.9999924
0.99998856
0.9999938
1.0
0.97879606
0.9839383
1.0
1.0
1.0
1.0
1.0
0.99999523
1.0
0.9999988
1.0
1.0
1.0
1.0
0.9999981
1.0
1.0
1.0
1.0
1.0
1.0
1.0
1.0
1.0
0.9999999
1.0
0.9999999
1.0
1.0
0.9999999
1.0
1.0
1.0
1.0
1.0
1.0
1.0
1.0
1.0
1.0
1.0
1.0
1.0
1.0
1.0
1.0
1.0
1.0
1.0
0.99999714
0.9998704
0.9994898
1.0
1.0
1.0
1.0
1.0
0.998393
0.99999917
1.0
1.0
1.0
1.0
0.99999905
0.99997485
1.0
0.99999964
1.0
1.0
1.0
1.0
1.0
0.99999964
1.0
1.0
1.0
1.0
1.0
1.0
1.0
1.0
0.9997714
1.0
0.77218866
1.0
1.0
1.0
1.0
1.0
1.0
1.0
1.0
1.0
1.0
1.0
1.0
1.0
0.9999999
1.0
1.0
0.99999833
0.99998844
1.0
1.0
1.0
1.0
0.9999974
1.0
1.0
1.0
1.0
1.0
1.0
1.0
1.0
1.0
1.0
1.0
1.0
1.0
1.0
1.0
1.0
1.0
1.0
1.0
1.0
1.0
1.0
1.0
1.0
1.0
1.0
1.0
0.99999714
1.0
1.0
1.0
1.0
1.0
1.0
1.0
1.0
1.0
1.0
1.0
1.0
1.0
1.0
1.0
1.0
1.0
1.0
1.0
1.0
1.0
1.0
1.0
1.0
1.0
1.0
1.0
1.0
1.0
1.0
1.0
1.0
1.0
1.0
1.0
1.0
1.0
0.9999999
1.0
1.0
1.0
1.0
0.99999976
1.0
0.9999988
1.0
1.0
1.0
0.99997234
0.9999504
1.0
1.0
1.0
1.0
1.0
1.0
1.0
1.0
1.0
0.99999833
0.98572034
1.0
1.0
0.99999726
1.0
0.9999999
1.0
0.67185974
1.0
1.0
1.0
1.0
1.0
1.0
1.0
1.0
1.0
1.0
1.0
0.99999905
1.0
0.9999999
1.0
1.0
1.0
1.0
1.0
1.0
1.0
1.0
1.0
1.0
1.0
1.0
1.0
1.0
1.0
1.0
1.0
1.0
1.0
1.0
1.0
1.0
1.0
1.0
1.0
1.0
1.0
1.0
1.0
1.0
1.0
1.0
1.0
1.0
1.0
1.0
1.0
1.0
1.0
1.0
1.0
1.0
0.99999917
1.0
1.0
1.0
1.0
1.0
1.0
1.0
1.0
0.9999999
1.0
1.0
1.0
1.0
1.0
1.0
1.0
1.0
1.0
1.0
1.0
1.0
1.0
0.999987
1.0
1.0
1.0
1.0
1.0
1.0
1.0
1.0
1.0
0.99999976
1.0
1.0
1.0
1.0
1.0
1.0
1.0
1.0
1.0
1.0
1.0
1.0
1.0
0.99999964
1.0
1.0
1.0
1.0
1.0
1.0
1.0
1.0
1.0
1.0
1.0
1.0
1.0
1.0
1.0
1.0
1.0
1.0
1.0
1.0
1.0
1.0
1.0
1.0
1.0
1.0
1.0
1.0
1.0
1.0
1.0
1.0
1.0
1.0
1.0
1.0
1.0
1.0
1.0
1.0
1.0
1.0
1.0
1.0
1.0
1.0
1.0
1.0
1.0
1.0
1.0
1.0
1.0
1.0
1.0
1.0
1.0
1.0
1.0
1.0
1.0
1.0
1.0
1.0
1.0
1.0
1.0
1.0
1.0
1.0
1.0
1.0
1.0
1.0
1.0
1.0
1.0
1.0
1.0
1.0
1.0
1.0
1.0
1.0
1.0
1.0
1.0
1.0
1.0
1.0
1.0
1.0
1.0
1.0
1.0
1.0
1.0
1.0
1.0
1.0
1.0
1.0
1.0
1.0
0.9999999
1.0
0.99999976
1.0
1.0
1.0
0.9999976
1.0
1.0
1.0
1.0
1.0
1.0
1.0
1.0
1.0
1.0
1.0
1.0
1.0
1.0
1.0
1.0
1.0
1.0
1.0
1.0
1.0
1.0
1.0
1.0
1.0
1.0
1.0
1.0
1.0
1.0
1.0
1.0
1.0
1.0
1.0
1.0
1.0
1.0
1.0
1.0
1.0
1.0
1.0
1.0
1.0
1.0
1.0
1.0
1.0
1.0
1.0
1.0
1.0
1.0
1.0
1.0
1.0
1.0
1.0
1.0
1.0
1.0
1.0
1.0
1.0
1.0
1.0
1.0
1.0
1.0
1.0
1.0
1.0
1.0
1.0
1.0
1.0
1.0
1.0
1.0
1.0
1.0
1.0
1.0
1.0
1.0
1.0
1.0
1.0
1.0
1.0
1.0
1.0
1.0
1.0
1.0
1.0
1.0
1.0
1.0
1.0
1.0
1.0
1.0
0.9999999
1.0
1.0
1.0
1.0
1.0
1.0
1.0
1.0
1.0
1.0
1.0
1.0
1.0
1.0
1.0
1.0
1.0
1.0
1.0
1.0
1.0
1.0
1.0
1.0
1.0
1.0
1.0
1.0
1.0
1.0
1.0
1.0
1.0
1.0
0.99999976
1.0
1.0
1.0
1.0
0.99999976
1.0
0.9999987
1.0
1.0
1.0
1.0
1.0
1.0
1.0
1.0
1.0
1.0
1.0
1.0
1.0
1.0
0.9999993
1.0
0.9999994
1.0
1.0
1.0
1.0
1.0
1.0
1.0
1.0
1.0
1.0
1.0
1.0
1.0
1.0
1.0
1.0
1.0
1.0
1.0
1.0
1.0
1.0
1.0
1.0
1.0
1.0
1.0
1.0
1.0
1.0
1.0
1.0
1.0
1.0
1.0
1.0
1.0
0.9999999
1.0
1.0
1.0
1.0
1.0
1.0
1.0
0.99999416
1.0
1.0
1.0
1.0
1.0
1.0
1.0
1.0
1.0
1.0
1.0
1.0
1.0
1.0
1.0
1.0
1.0
1.0
0.9999999
1.0
1.0
0.9999999
1.0
1.0
1.0
1.0
1.0
0.9999999
0.9999999
1.0
1.0
1.0
1.0
1.0
1.0
1.0
1.0
1.0
1.0
1.0
1.0
1.0
0.9999999
1.0
1.0
0.9999999
1.0
1.0
1.0
1.0
1.0
0.9999994
0.9999999
1.0
1.0
1.0
0.999899
0.9999975
1.0
0.99992573
1.0
0.9999999
0.9998747
0.99990785
0.99999106
1.0
0.9064923
1.0
1.0
1.0
1.0
0.9841398
0.99997044
0.9999989
1.0
0.99999905
1.0
1.0
1.0
1.0
1.0
1.0
1.0
0.99998796
1.0
0.9999993
1.0
1.0
1.0
1.0
1.0
0.999987
0.9999951
1.0
1.0
1.0
1.0
1.0
0.9999987
1.0
1.0
1.0
1.0
1.0
0.99999297
1.0
1.0
1.0
1.0
1.0
1.0
1.0
1.0
1.0
1.0
1.0
0.99999833
1.0
0.9992799
1.0
1.0
1.0
1.0
1.0
1.0
1.0
1.0
1.0
1.0
1.0
1.0
1.0
1.0
1.0
1.0
1.0
1.0
1.0
1.0
1.0
1.0
1.0
1.0
1.0
1.0
1.0
1.0
1.0
1.0
1.0
1.0
1.0
1.0
1.0
1.0
1.0
1.0
1.0
1.0
1.0
1.0
1.0
1.0
1.0
1.0
1.0
1.0
1.0
1.0
1.0
0.99999857
1.0
1.0
1.0
1.0
1.0
1.0
1.0
1.0
1.0
1.0
1.0
1.0
1.0
1.0
1.0
1.0
1.0
1.0
1.0
1.0
1.0
1.0
1.0
1.0
1.0
1.0
1.0
1.0
1.0
1.0
1.0
1.0
1.0
1.0
0.99447757
1.0
1.0
1.0
1.0
0.9999999
1.0
1.0
1.0
1.0
1.0
1.0
1.0
1.0
1.0
1.0
1.0
1.0
1.0
1.0
1.0
1.0
1.0
1.0
1.0
1.0
1.0
1.0
1.0
1.0
1.0
1.0
1.0
1.0
1.0
1.0
1.0
1.0
1.0
1.0
1.0
1.0
1.0
1.0
1.0
1.0
1.0
1.0
1.0
1.0
1.0
1.0
1.0
1.0
1.0
1.0
0.9999995
1.0
1.0
1.0
1.0
1.0
1.0
1.0
1.0
1.0
1.0
1.0
1.0
0.9999999
1.0
1.0
1.0
1.0
1.0
1.0
1.0
1.0
1.0
1.0
1.0
1.0
1.0
0.9999999
1.0
1.0
1.0
1.0
1.0
1.0
1.0
1.0
1.0
1.0
0.99999213
1.0
1.0
1.0
1.0
1.0
1.0
1.0
1.0
1.0
1.0
1.0
1.0
1.0
1.0
1.0
1.0
1.0
1.0
1.0
1.0
1.0
1.0
1.0
1.0
1.0
1.0
1.0
0.999997
1.0
1.0
1.0
1.0
1.0
1.0
1.0
1.0
1.0
1.0
1.0
1.0
1.0
1.0
1.0
0.9999994
1.0
1.0
1.0
1.0
1.0
1.0
1.0
1.0
1.0
1.0
1.0
1.0
1.0
1.0
1.0
1.0
1.0
1.0
1.0
0.9999999
1.0
1.0
1.0
1.0
1.0
1.0
1.0
1.0
1.0
1.0
1.0
1.0
1.0
1.0
0.9999999
1.0
1.0
1.0
1.0
1.0
1.0
1.0
1.0
1.0
1.0
0.9999658
1.0
1.0
1.0
0.9999999
1.0
1.0
1.0
1.0
1.0
1.0
1.0
1.0
1.0
1.0
1.0
1.0
1.0
1.0
1.0
1.0
1.0
1.0
1.0
1.0
1.0
1.0
1.0
1.0
1.0
1.0
1.0
1.0
1.0
1.0
1.0
1.0
1.0
1.0
1.0
0.99998987
1.0
1.0
0.9999999
1.0
1.0
1.0
1.0
1.0
1.0
0.99999976
1.0
1.0
1.0
1.0
1.0
1.0
1.0
1.0
1.0
1.0
1.0
1.0
1.0
1.0
1.0
1.0
1.0
1.0
1.0
1.0
1.0
1.0
1.0
1.0
1.0
1.0
1.0
1.0
0.99991465
0.9999994
0.99999976
1.0
0.99998367
0.9999999
1.0
1.0
1.0
1.0
1.0
1.0
1.0
1.0
1.0
1.0
1.0
1.0
1.0
1.0
1.0
1.0
1.0
1.0
1.0
0.99996114
1.0
1.0
1.0
1.0
1.0
1.0
1.0
1.0
1.0
0.9999951
1.0
1.0
1.0
1.0
1.0
1.0
0.9999689
1.0
1.0
1.0
1.0
1.0
1.0
1.0
1.0
1.0
1.0
1.0
1.0
1.0
0.9999999
1.0
1.0
1.0
1.0
1.0
1.0
1.0
1.0
1.0
1.0
1.0
1.0
1.0
0.99999774
0.99999416
1.0
1.0
0.99999976
1.0
0.99999344
1.0
1.0
0.9999999
1.0
0.99999976
1.0
1.0
0.994358
1.0
1.0
0.9999956
1.0
1.0
1.0
0.99999905
0.9999995
1.0
1.0
1.0
0.99999654
1.0
1.0
1.0
1.0
0.9999987
1.0
1.0
1.0
1.0
0.9999999
1.0
1.0
0.76096845
1.0
1.0
1.0
0.9999982
1.0
0.9999994
1.0
0.9998518
0.99999106
0.9951316
1.0
1.0
1.0
1.0
1.0
0.99999964
1.0
1.0
1.0
1.0
1.0
1.0
1.0
0.99999917
1.0
0.9999995
1.0
1.0
1.0
1.0
1.0
0.9999999
1.0
1.0
1.0
1.0
1.0
1.0
1.0
1.0
0.99997485
1.0
1.0
1.0
1.0
0.99999976
1.0
1.0
1.0
0.9999999
1.0
1.0
1.0
1.0
1.0
1.0
0.9898241
1.0
1.0
1.0
1.0
1.0
1.0
0.99997973
1.0
0.9999974
1.0
1.0
0.9999982
1.0
1.0
1.0
1.0
1.0
1.0
1.0
0.99997425
0.9999999
1.0
0.99999964
1.0
0.9999056
1.0
1.0
1.0
1.0
0.9999974
0.99999917
1.0
0.8064481
1.0
0.9999323
1.0
1.0
0.9999944
1.0
0.9932974
0.99999833
1.0
1.0
1.0
0.9999994
0.9999999
0.8940536
1.0
0.99583983
0.99997854
0.9798338
0.9999995
1.0
0.9999988
0.7522197
0.9998945
0.99999857
0.99997675
1.0
1.0
1.0
0.99999976
1.0
0.99999976
0.9999566
0.9994824
1.0
0.9999974
1.0
1.0
0.99999964
1.0
0.9999999
0.9998554
1.0
0.9999964
0.5180211
0.9999993
0.99999976
1.0
1.0
0.9998611
1.0
1.0
0.9999989
1.0
1.0
1.0
1.0
0.99998724
0.99999905
0.6984537
1.0
1.0
1.0
1.0
0.9999999
1.0
0.99996996
0.9999119
0.99999976
1.0
1.0
0.99999976
0.96834666
0.99968994
0.9999895
1.0
1.0
1.0
0.94731724
0.9999987
0.99997723
0.9999993
1.0
0.99999964
1.0
1.0
1.0
1.0
1.0
1.0
1.0
1.0
1.0
0.99999976
0.9999659
1.0
0.999998
1.0
1.0
1.0
0.9999995
1.0
1.0
0.9999999
1.0
1.0
0.9999994
1.0
1.0
0.9999962
1.0
0.99999857
1.0
0.9999528
1.0
0.9999976
0.9999964
1.0
1.0
0.999997
0.99999523
0.99999154
1.0
1.0
1.0
0.9999999
1.0
1.0
1.0
0.99975246
1.0
0.99998856
0.99999964
0.99999857
0.99992347
0.9999964
1.0
1.0
0.99999976
1.0
1.0
0.99999976
0.99988925
0.9999999
1.0
1.0
1.0
1.0
0.99588853
1.0
0.7907445
1.0
1.0
1.0
1.0
1.0
1.0
0.9999943
1.0
0.99940157
1.0
0.9999999
0.99999607
1.0
1.0
1.0
1.0
1.0
1.0
1.0
1.0
1.0
0.76540124
0.999966
1.0
1.0
1.0
1.0
1.0
0.99999976
0.99994934
1.0
1.0
1.0
1.0
1.0
1.0
1.0
0.9999988
1.0
1.0
0.99801886
1.0
1.0
1.0
1.0
0.99999976
1.0
1.0
1.0
1.0
1.0
1.0
1.0
1.0
1.0
0.9999999
1.0
0.9999875
1.0
1.0
0.99995685
0.9999999
1.0
1.0
1.0
1.0
1.0
0.9999999
0.9186069
0.9997224
0.9999987
1.0
1.0
1.0
1.0
1.0
0.9995882
1.0
1.0
0.7311539
1.0
1.0
1.0
1.0
0.99999976
0.99997866
1.0
0.99967873
1.0
1.0
1.0
0.9999999
1.0
0.9999999
1.0
1.0
0.999995
1.0
1.0
0.99999964
1.0
1.0
1.0
0.99999535
1.0
1.0
1.0
1.0
0.97715455
1.0
1.0
1.0
0.9997131
0.9999542
0.99999976
0.99999976
1.0
0.9890604
1.0
0.9999969
0.9999964
1.0
0.9999918
1.0
1.0
1.0
1.0
1.0
1.0
1.0
1.0
0.99999297
0.9999987
0.9999589
0.99987864
0.99998224
1.0
1.0
1.0
1.0
1.0
1.0
0.9999945
1.0
1.0
0.9999958
1.0
1.0
1.0
1.0
1.0
0.9999423
0.9999999
1.0
0.99999976
1.0
1.0
1.0
0.99999976
1.0
1.0
1.0
1.0
1.0
0.9999988
1.0
1.0
1.0
0.99999976
0.99999976
0.9999399
1.0
0.9999999
0.9999999
1.0
1.0
1.0
1.0
1.0
1.0
0.9999999
1.0
1.0
0.99999857
1.0
1.0
1.0
1.0
1.0
1.0
1.0
1.0
1.0
0.99999964
0.9999999
1.0
1.0
1.0
1.0
0.99999845
0.9999999
1.0
1.0
1.0
0.99999917
0.99999976
1.0
0.9999999
1.0
1.0
0.99999845
0.9634012
1.0
1.0
1.0
1.0
1.0
1.0
1.0
1.0
1.0
1.0
0.99999964
1.0
1.0
1.0
1.0
1.0
1.0
