1.0
1.0
1.0
1.0
1.0
0.99999964
0.99999166
1.0
0.971764
1.0
1.0
1.0
1.0
1.0
1.0
1.0
0.99999964
1.0
0.9968266
1.0
1.0
0.9999999
1.0
1.0
0.99999976
1.0
1.0
1.0
0.9999994
1.0
1.0
1.0
1.0
1.0
1.0
1.0
0.9999987
1.0
0.9999994
1.0
1.0
0.9999987
0.99999845
0.99999976
0.9999995
1.0
0.9999994
1.0
0.9999962
1.0
1.0
1.0
1.0
1.0
1.0
1.0
1.0
1.0
1.0
0.99999774
1.0
1.0
0.9997192
0.99999905
1.0
1.0
0.99999917
0.9999993
1.0
1.0
1.0
1.0
1.0
0.9993563
1.0
1.0
1.0
1.0
0.9999993
0.99999845
0.99999905
1.0
1.0
1.0
1.0
1.0
0.99999976
0.9999999
1.0
0.9999994
1.0
1.0
0.9994881
0.99999976
1.0
0.99966455
0.9999907
0.9999988
1.0
1.0
1.0
1.0
1.0
1.0
0.9999975
1.0
1.0
0.9999908
1.0
1.0
1.0
0.99999905
1.0
1.0
1.0
0.99094874
0.99999964
1.0
0.9999995
0.99992657
1.0
0.99998796
1.0
1.0
0.99998796
0.99991
0.99999964
1.0
1.0
1.0
1.0
1.0
0.99999976
1.0
1.0
1.0
1.0
0.9999994
1.0
0.99986756
1.0
1.0
1.0
1.0
1.0
1.0
1.0
1.0
1.0
0.99856925
1.0
0.99397415
1.0
1.0
1.0
1.0
1.0
1.0
1.0
1.0
0.999851
1.0
1.0
1.0
1.0
1.0
1.0
0.99999106
1.0
1.0
1.0
0.9999788
1.0
1.0
1.0
0.9999186
1.0
1.0
1.0
1.0
1.0
1.0
0.9999999
1.0
0.99970764
0.99999976
1.0
1.0
1.0
0.99999976
0.99997306
0.9999993
1.0
0.99992037
0.9999999
0.9999689
1.0
1.0
0.99999
0.99998164
1.0
1.0
1.0
1.0
1.0
1.0
1.0
0.9999999
1.0
0.99990463
1.0
0.99945825
1.0
1.0
0.99999964
1.0
1.0
0.99998057
1.0
1.0
0.9999956
0.99998915
1.0
1.0
1.0
1.0
1.0
1.0
1.0
0.9999999
1.0
1.0
1.0
1.0
0.99999976
1.0
1.0
1.0
1.0
1.0
1.0
0.99999785
1.0
0.9999976
1.0
0.9999982
1.0
0.99504155
0.9999987
1.0
1.0
0.9999993
1.0
1.0
1.0
0.9999896
1.0
0.9999999
1.0
0.63487667
1.0
1.0
1.0
1.0
0.99862576
1.0
0.99996316
1.0
1.0
1.0
1.0
1.0
1.0
1.0
1.0
0.9999901
1.0
1.0
1.0
1.0
1.0
1.0
0.99673367
1.0
1.0
1.0
0.9999988
0.9999995
0.99999964
0.99999976
0.9996934
1.0
0.9999993
1.0
1.0
1.0
1.0
0.9999999
1.0
1.0
1.0
1.0
1.0
1.0
1.0
1.0
1.0
1.0
0.9999999
1.0
1.0
1.0
1.0
0.99999917
1.0
1.0
1.0
0.9999994
1.0
1.0
0.857548
0.87269676
1.0
1.0
0.9999895
0.99999845
0.9994098
1.0
0.9999999
1.0
1.0
1.0
1.0
0.9999999
1.0
1.0
0.9999958
0.99995315
1.0
0.99999917
0.60163075
1.0
1.0
1.0
1.0
1.0
1.0
1.0
1.0
1.0
0.99999964
1.0
1.0
1.0
1.0
1.0
1.0
0.99999905
0.9997645
0.9880221
1.0
1.0
0.99999857
1.0
1.0
1.0
0.99989307
1.0
0.99999714
1.0
1.0
1.0
1.0
1.0
1.0
1.0
1.0
1.0
1.0
1.0
1.0
0.9999931
1.0
1.0
1.0
1.0
0.9999993
1.0
0.9999999
0.9999893
1.0
0.99999964
1.0
0.9999999
0.9999994
0.99999964
1.0
0.9999999
1.0
1.0
0.9999994
1.0
1.0
0.99999774
0.99999547
1.0
1.0
1.0
1.0
0.99999976
1.0
0.99999535
0.99998593
1.0
0.9999993
0.9998048
1.0
0.99996436
1.0
1.0
1.0
0.9999999
0.9999993
1.0
1.0
1.0
1.0
1.0
1.0
1.0
1.0
1.0
1.0
1.0
1.0
0.99983203
1.0
1.0
1.0
1.0
1.0
1.0
1.0
1.0
0.9981243
0.90711033
0.99999857
0.63077474
0.9999591
0.5008192
0.99929833
1.0
1.0
1.0
1.0
1.0
0.9999993
0.9999999
1.0
1.0
0.99999607
1.0
1.0
1.0
0.99999154
1.0
1.0
1.0
0.9999994
1.0
1.0
0.9999999
1.0
1.0
1.0
1.0
1.0
1.0
0.99999464
0.99999964
1.0
1.0
1.0
1.0
1.0
1.0
1.0
0.9999999
1.0
1.0
0.9999999
0.9999999
0.99999547
1.0
1.0
0.98313856
1.0
0.9781431
0.9999975
1.0
1.0
1.0
0.9999924
1.0
0.99999905
1.0
1.0
0.9999999
0.99999976
1.0
1.0
0.9999981
1.0
1.0
1.0
1.0
1.0
1.0
1.0
1.0
1.0
0.9999993
1.0
0.99999774
1.0
1.0
1.0
1.0
0.99999964
1.0
0.99998915
1.0
0.9999999
1.0
0.9999999
1.0
0.99999976
1.0
1.0
1.0
0.9999999
1.0
0.9999392
0.9781805
1.0
0.9999999
1.0
0.9999926
1.0
1.0
0.99999964
0.99983025
0.99999857
1.0
1.0
1.0
1.0
0.99999857
0.9999999
0.99999964
1.0
0.99999917
1.0
1.0
1.0
1.0
1.0
1.0
1.0
1.0
1.0
0.9999299
1.0
1.0
1.0
1.0
1.0
1.0
1.0
1.0
1.0
1.0
0.8756021
0.9916608
1.0
1.0
1.0
1.0
1.0
1.0
1.0
0.99933416
1.0
0.99999154
1.0
1.0
1.0
0.9999949
1.0
1.0
1.0
1.0
1.0
1.0
1.0
0.9999999
1.0
1.0
1.0
1.0
1.0
1.0
1.0
0.9999914
1.0
0.9999769
1.0
1.0
0.9999995
0.90488404
1.0
1.0
1.0
1.0
0.99999917
0.9966924
1.0
1.0
1.0
0.9999993
1.0
1.0
1.0
1.0
1.0
0.9999994
1.0
1.0
1.0
1.0
1.0
1.0
0.9999943
1.0
1.0
0.9997595
0.9953133
1.0
1.0
1.0
1.0
1.0
1.0
1.0
1.0
1.0
1.0
1.0
0.9999881
0.5075338
1.0
0.9999994
1.0
1.0
1.0
1.0
1.0
0.999997
1.0
1.0
1.0
0.9999993
1.0
1.0
0.7613604
1.0
0.9999999
1.0
0.9999999
0.99999857
1.0
0.9999999
1.0
1.0
0.96737355
1.0
1.0
1.0
0.9999999
0.9566111
1.0
0.999688
1.0
1.0
1.0
0.9999999
0.99999917
1.0
0.9999951
1.0
0.9999999
1.0
1.0
1.0
1.0
1.0
1.0
0.99999976
1.0
1.0
1.0
1.0
1.0
1.0
1.0
1.0
0.67881155
0.5357945
1.0
1.0
0.99998724
1.0
1.0
0.9999963
1.0
1.0
0.95539826
1.0
0.9999999
1.0
0.99999964
1.0
1.0
1.0
1.0
1.0
1.0
0.9999995
0.9998419
0.99999976
0.99919075
0.9999993
1.0
0.99999976
1.0
0.99999976
0.99999607
1.0
1.0
1.0
1.0
1.0
1.0
1.0
1.0
1.0
0.99999976
1.0
1.0
1.0
0.9999778
0.99999535
0.99999154
1.0
1.0
1.0
1.0
0.9999976
1.0
1.0
1.0
0.9999995
1.0
1.0
1.0
1.0
1.0
1.0
1.0
1.0
0.99999845
0.99998593
1.0
1.0
1.0
0.9999981
0.9971095
1.0
1.0
0.9999995
0.9999906
0.99998116
1.0
1.0
1.0
1.0
1.0
0.9999995
1.0
1.0
0.99999654
1.0
1.0
1.0
0.9999995
1.0
1.0
1.0
1.0
1.0
0.9999969
1.0
1.0
0.9995869
1.0
1.0
0.9999993
0.99999964
1.0
1.0
1.0
1.0
1.0
1.0
1.0
1.0
1.0
1.0
1.0
0.99998045
1.0
0.99999917
1.0
0.9999999
0.9999993
1.0
1.0
1.0
1.0
0.9999914
0.9999974
1.0
0.9999988
1.0
0.998582
0.9999999
0.96132153
1.0
1.0
1.0
1.0
1.0
1.0
1.0
1.0
1.0
1.0
0.99997306
1.0
0.9999999
1.0
1.0
1.0
1.0
1.0
1.0
0.99999905
1.0
1.0
1.0
0.999992
1.0
0.9999995
1.0
0.9999931
1.0
1.0
0.99999976
1.0
1.0
1.0
0.99985397
0.967679
0.9545649
1.0
0.9999937
1.0
1.0
0.99999976
1.0
1.0
1.0
1.0
1.0
1.0
0.99969673
0.99999404
1.0
0.9999769
1.0
0.99994683
1.0
0.9958949
0.999995
1.0
1.0
0.99999976
0.99999833
1.0
1.0
1.0
1.0
1.0
1.0
1.0
1.0
1.0
1.0
0.99999964
1.0
1.0
1.0
0.9999999
1.0
0.6463991
1.0
0.9999981
1.0
1.0
1.0
0.9999999
1.0
1.0
1.0
1.0
1.0
0.9999292
1.0
0.72111887
0.9999355
0.99998796
1.0
0.9999999
1.0
1.0
1.0
0.9999981
0.9637637
1.0
0.99999976
0.99938047
0.99999714
0.9999944
1.0
1.0
0.9999999
0.9998287
1.0
0.998654
1.0
0.9999999
1.0
0.9999999
0.9999999
0.9999993
0.99640214
1.0
1.0
1.0
0.999688
1.0
1.0
1.0
1.0
1.0
1.0
1.0
0.99999857
1.0
1.0
1.0
1.0
0.9999989
1.0
0.9999999
1.0
1.0
1.0
1.0
1.0
1.0
1.0
0.9999995
1.0
0.9999999
1.0
1.0
1.0
1.0
0.9999975
1.0
1.0
0.9999999
1.0
1.0
1.0
0.9999658
1.0
1.0
1.0
0.9999958
1.0
1.0
1.0
1.0
0.99999976
1.0
0.9999999
1.0
0.99999976
1.0
1.0
0.9998411
1.0
0.99999976
1.0
0.99999964
1.0
1.0
1.0
0.9999999
0.9999999
0.99999976
0.99916327
1.0
1.0
1.0
1.0
1.0
0.45748276
1.0
1.0
1.0
1.0
0.9999132
0.9977908
1.0
1.0
1.0
1.0
0.99999714
0.9999944
1.0
1.0
1.0
0.9999505
1.0
0.99999976
1.0
0.9999815
1.0
0.9999999
0.9999602
1.0
1.0
1.0
1.0
1.0
0.99983156
1.0
1.0
1.0
0.9999989
1.0
1.0
1.0
1.0
1.0
1.0
1.0
1.0
0.9999695
0.9999888
1.0
1.0
1.0
1.0
1.0
1.0
0.9999989
0.9999982
1.0
1.0
1.0
1.0
1.0
1.0
1.0
1.0
1.0
1.0
1.0
1.0
1.0
1.0
1.0
1.0
0.9997675
0.9999999
1.0
1.0
1.0
0.6681763
1.0
0.99691856
1.0
1.0
1.0
0.9999994
0.9999994
1.0
0.99997103
0.9999993
1.0
1.0
0.9999999
1.0
1.0
0.9999902
1.0
0.9999988
1.0
1.0
0.9999994
1.0
1.0
1.0
1.0
0.99999833
1.0
1.0
0.9999993
1.0
0.99999964
1.0
0.99999976
1.0
0.999997
1.0
1.0
0.99999976
1.0
1.0
0.9999989
1.0
1.0
0.9999982
1.0
1.0
1.0
1.0
0.9999999
1.0
1.0
0.99998474
0.9999999
0.99997807
1.0
1.0
0.99999034
1.0
1.0
1.0
0.99996805
1.0
1.0
1.0
1.0
0.99999404
1.0
1.0
0.9998517
0.8253438
1.0
1.0
1.0
1.0
1.0
1.0
1.0
1.0
0.99942756
0.99747133
1.0
1.0
1.0
1.0
1.0
1.0
0.9999999
1.0
1.0
0.9994517
1.0
0.9999708
1.0
0.99970394
1.0
1.0
1.0
1.0
0.99997795
0.9999995
1.0
1.0
1.0
0.9999764
0.9999995
1.0
1.0
1.0
1.0
1.0
1.0
0.99990356
1.0
0.9645027
1.0
0.9999957
1.0
1.0
1.0
0.99502313
1.0
0.9999999
1.0
1.0
1.0
1.0
0.9999999
1.0
0.99999976
0.74597275
0.99999976
0.99999976
1.0
1.0
0.49609798
0.9999826
1.0
1.0
0.9999995
1.0
1.0
1.0
1.0
0.99995553
1.0
1.0
1.0
0.5617672
1.0
1.0
0.9996196
0.99999726
1.0
0.99999905
1.0
1.0
1.0
0.9999995
1.0
0.99999964
0.99999666
0.9999933
1.0
1.0
1.0
1.0
0.9999815
1.0
0.99999964
0.9999186
0.9999999
1.0
1.0
1.0
1.0
1.0
0.99949825
0.9998516
1.0
0.99999964
1.0
1.0
1.0
0.9999691
1.0
1.0
0.9987067
1.0
0.9999707
1.0
1.0
1.0
1.0
1.0
1.0
1.0
1.0
1.0
1.0
1.0
1.0
1.0
0.99999976
1.0
1.0
0.9999974
0.59748757
1.0
1.0
1.0
1.0
1.0
1.0
0.9727567
1.0
0.9973748
1.0
0.99985385
0.9999958
1.0
1.0
0.99999654
1.0
1.0
0.99345905
1.0
0.9999945
1.0
1.0
1.0
1.0
1.0
1.0
1.0
0.9999968
1.0
1.0
1.0
1.0
1.0
1.0
1.0
0.9999881
0.99997973
1.0
1.0
1.0
1.0
1.0
1.0
1.0
0.99309903
1.0
0.9999976
1.0
1.0
1.0
1.0
1.0
1.0
1.0
1.0
1.0
1.0
0.9999974
0.99999976
1.0
1.0
1.0
1.0
0.9999999
1.0
0.99999523
0.9999999
1.0
1.0
1.0
1.0
0.99998534
0.9999999
0.7335885
0.99925286
1.0
1.0
0.99998593
1.0
1.0
1.0
0.99999976
0.9999918
0.9978383
0.9999989
1.0
1.0
1.0
0.99999976
1.0
1.0
0.99998474
1.0
0.99999976
0.5996259
0.9711293
1.0
1.0
1.0
1.0
1.0
1.0
0.99999976
0.99999154
1.0
0.9995339
1.0
0.9999882
1.0
0.999992
1.0
1.0
1.0
0.99999774
1.0
0.9999988
0.99996865
1.0
0.9999794
0.9999865
0.9994474
0.99998176
1.0
1.0
0.9995695
1.0
1.0
0.9999969
1.0
1.0
1.0
1.0
1.0
0.99999785
1.0
0.9999999
1.0
1.0
1.0
0.8382416
1.0
1.0
1.0
1.0
0.9999975
1.0
0.99999905
0.9999999
1.0
0.99999917
1.0
1.0
1.0
1.0
1.0
1.0
0.9999999
1.0
1.0
1.0
1.0
1.0
0.9999759
1.0
1.0
1.0
1.0
1.0
1.0
1.0
1.0
1.0
0.9999995
1.0
0.999944
0.9999999
0.99997175
1.0
1.0
1.0
0.99838376
1.0
1.0
1.0
1.0
0.9999982
1.0
0.9999995
0.9999933
0.9999467
1.0
1.0
1.0
1.0
1.0
1.0
0.9997701
1.0
1.0
1.0
0.9998186
1.0
0.7443035
0.9999995
1.0
1.0
1.0
0.8430322
1.0
1.0
0.95906943
0.99999857
1.0
1.0
0.9999999
1.0
1.0
1.0
1.0
1.0
1.0
1.0
1.0
0.99986935
1.0
1.0
1.0
0.9999865
1.0
0.9964988
1.0
0.9966564
1.0
0.6469705
0.99674547
1.0
1.0
1.0
0.99999774
0.999951
1.0
1.0
0.9999999
1.0
1.0
1.0
0.99998164
1.0
1.0
0.9950028
0.9996786
1.0
1.0
1.0
1.0
1.0
0.99999917
1.0
1.0
0.9999999
1.0
0.99997246
0.9999999
0.9999988
1.0
1.0
1.0
0.9999881
1.0
1.0
0.9999999
1.0
0.99999964
1.0
1.0
0.9999914
1.0
0.9999993
1.0
1.0
0.9999589
1.0
1.0
1.0
1.0
1.0
1.0
0.99995875
1.0
0.9999863
1.0
0.9973392
1.0
1.0
0.99999964
1.0
1.0
1.0
0.9999999
1.0
1.0
0.9340522
1.0
1.0
0.9999999
1.0
0.99999964
1.0
1.0
1.0
1.0
0.9999999
1.0
1.0
0.99943763
1.0
1.0
0.9999826
0.99999964
1.0
0.9999994
0.9992256
1.0
1.0
1.0
1.0
0.9999999
1.0
1.0
0.9999994
0.9999999
1.0
1.0
1.0
0.96364003
1.0
1.0
1.0
1.0
1.0
0.9999989
1.0
1.0
1.0
1.0
1.0
1.0
0.99999654
1.0
1.0
0.9999999
0.9999263
1.0
0.9995977
1.0
1.0
0.9999982
1.0
0.9991425
1.0
1.0
0.64190614
0.99999213
1.0
1.0
1.0
0.99819916
1.0
1.0
0.99999654
1.0
0.9999993
1.0
1.0
1.0
1.0
0.99999976
1.0
1.0
1.0
1.0
0.9999957
0.9999995
1.0
1.0
1.0
1.0
0.9999995
1.0
0.7971243
1.0
1.0
1.0
1.0
1.0
1.0
0.99997914
0.9682313
0.99999917
1.0
1.0
0.982647
0.94824034
1.0
1.0
0.9999995
1.0
1.0
1.0
0.9999726
0.99999976
1.0
1.0
1.0
1.0
1.0
1.0
0.98603106
1.0
1.0
1.0
0.9999999
1.0
1.0
1.0
1.0
1.0
1.0
0.9997656
1.0
1.0
1.0
1.0
1.0
0.9805085
0.9999976
1.0
1.0
0.9999999
1.0
0.99999964
0.99999976
1.0
1.0
1.0
1.0
1.0
1.0
1.0
1.0
1.0
1.0
0.99998236
0.99990714
0.99999225
1.0
0.99999976
1.0
1.0
1.0
1.0
0.9999995
0.9999995
1.0
1.0
0.99999845
1.0
1.0
1.0
1.0
0.66083604
1.0
1.0
1.0
1.0
1.0
1.0
1.0
1.0
1.0
0.9932065
1.0
1.0
1.0
1.0
1.0
0.99999976
1.0
0.9952055
0.9999238
1.0
0.99999976
1.0
1.0
1.0
1.0
0.9999999
1.0
1.0
0.9999976
1.0
1.0
0.9999784
1.0
1.0
1.0
1.0
1.0
0.9999939
1.0
1.0
0.9999999
1.0
0.99999714
0.99999976
1.0
0.99999857
1.0
0.99964154
0.99999034
1.0
1.0
1.0
0.99998343
0.9999906
1.0
1.0
0.99998796
1.0
1.0
1.0
1.0
0.9999999
1.0
1.0
1.0
1.0
0.99999976
1.0
1.0
1.0
1.0
1.0
1.0
1.0
0.9996917
1.0
1.0
0.9991228
0.9999999
1.0
0.9999095
1.0
1.0
1.0
1.0
1.0
1.0
0.87916756
0.99999976
0.99995804
1.0
0.99999976
0.99640286
1.0
0.99999976
1.0
1.0
0.9999815
1.0
1.0
1.0
1.0
1.0
1.0
1.0
1.0
1.0
0.9999999
0.999949
0.9975873
0.99726343
1.0
0.9694185
1.0
1.0
1.0
1.0
1.0
0.960191
1.0
0.9999968
1.0
0.9999999
1.0
1.0
1.0
1.0
1.0
1.0
1.0
1.0
1.0
1.0
0.9999999
1.0
1.0
1.0
1.0
0.9999846
1.0
1.0
1.0
1.0
1.0
1.0
1.0
0.99999976
0.9999883
1.0
1.0
0.9999931
1.0
0.9999999
0.9999764
0.99999595
1.0
0.99998784
1.0
0.9999043
1.0
1.0
0.9999968
1.0
0.99999034
0.9994822
0.99998915
1.0
1.0
1.0
1.0
1.0
1.0
0.9999963
1.0
0.99999976
1.0
1.0
0.9999995
0.9999957
1.0
1.0
1.0
1.0
1.0
1.0
0.9999999
1.0
1.0
1.0
1.0
1.0
0.99200976
1.0
0.9999999
1.0
1.0
0.99896944
0.99999166
1.0
0.9999999
1.0
0.99999976
0.99990153
0.9999994
1.0
1.0
1.0
0.99999964
0.999977
0.99999976
1.0
1.0
1.0
1.0
1.0
1.0
1.0
1.0
0.99999964
1.0
1.0
1.0
1.0
1.0
1.0
0.999803
1.0
0.9579153
1.0
1.0
1.0
1.0
0.99999034
0.9960252
0.99999654
1.0
1.0
0.99999964
0.99999964
1.0
1.0
1.0
0.999998
1.0
0.9995432
1.0
1.0
1.0
1.0
0.6466067
1.0
1.0
0.72475594
0.9999896
1.0
1.0
0.9999999
0.9999926
0.9999999
1.0
1.0
0.99999964
0.7429633
1.0
1.0
1.0
0.9999999
0.99995196
1.0
1.0
1.0
1.0
0.99997866
1.0
1.0
1.0
0.9999999
0.9999987
1.0
0.8111364
0.99999976
1.0
1.0
0.9999999
1.0
1.0
1.0
1.0
1.0
1.0
1.0
1.0
1.0
0.99990904
1.0
1.0
1.0
1.0
0.9999999
0.9999995
1.0
1.0
0.9982041
0.99999917
0.99999976
1.0
1.0
0.97465897
1.0
1.0
1.0
1.0
1.0
1.0
0.99999976
1.0
0.9998124
1.0
0.97927195
1.0
1.0
1.0
0.99996245
1.0
1.0
0.9999932
1.0
0.9449694
1.0
1.0
1.0
1.0
1.0
1.0
0.99998987
1.0
1.0
1.0
0.8722819
0.99999917
0.999977
1.0
1.0
1.0
0.9510915
1.0
1.0
0.99999535
1.0
1.0
1.0
1.0
0.9999982
1.0
1.0
1.0
1.0
0.99999917
1.0
0.9999999
1.0
1.0
1.0
1.0
1.0
1.0
1.0
1.0
1.0
1.0
0.99999666
0.99999905
1.0
1.0
1.0
0.9999958
1.0
0.9999995
0.99999976
1.0
1.0
1.0
1.0
0.9999639
0.9999994
1.0
1.0
1.0
1.0
1.0
1.0
0.5907617
1.0
1.0
0.99787164
0.9966234
1.0
0.9999993
0.936334
1.0
1.0
1.0
0.9999999
1.0
0.99999964
1.0
0.9999999
0.9999633
1.0
0.9998122
1.0
1.0
1.0
1.0
1.0
1.0
1.0
1.0
1.0
1.0
1.0
0.99999905
1.0
1.0
0.9991677
1.0
1.0
1.0
1.0
1.0
0.99999845
0.9999999
1.0
0.9999752
0.9986243
1.0
1.0
0.9999999
1.0
1.0
1.0
0.9999995
1.0
0.999997
0.9999989
1.0
0.9999484
1.0
0.9999999
1.0
1.0
0.99999726
1.0
1.0
0.9999999
1.0
1.0
1.0
1.0
1.0
1.0
1.0
1.0
1.0
1.0
1.0
1.0
0.9999691
0.9999999
1.0
1.0
1.0
1.0
1.0
1.0
0.9828705
1.0
0.9999949
1.0
1.0
1.0
0.9997235
0.9999995
1.0
1.0
0.99999833
1.0
1.0
0.9999999
0.96640545
1.0
1.0
1.0
1.0
1.0
0.99999964
1.0
0.99999976
1.0
1.0
0.9999982
0.9999999
0.5789934
1.0
1.0
1.0
1.0
0.9999999
0.99999225
1.0
1.0
0.99997926
1.0
1.0
1.0
1.0
1.0
0.9998512
1.0
1.0
1.0
1.0
1.0
0.9999801
1.0
1.0
1.0
0.99999535
1.0
0.9999918
1.0
1.0
1.0
1.0
1.0
0.9999975
0.9999951
1.0
0.6904315
1.0
1.0
1.0
1.0
1.0
1.0
1.0
1.0
0.99999976
0.9999988
1.0
1.0
1.0
0.85158944
1.0
1.0
1.0
1.0
1.0
1.0
1.0
1.0
1.0
1.0
1.0
0.9999999
1.0
1.0
0.99999654
1.0
1.0
1.0
1.0
1.0
1.0
1.0
0.99999857
1.0
1.0
0.87067145
0.9999999
0.99994004
1.0
1.0
1.0
1.0
1.0
0.99999917
0.99999774
1.0
0.9987208
1.0
0.9999999
1.0
1.0
1.0
1.0
0.9992724
1.0
1.0
1.0
1.0
1.0
0.9999999
1.0
0.9999999
1.0
1.0
0.9999994
1.0
0.9999999
1.0
1.0
1.0
0.9999999
1.0
0.9060293
1.0
0.99999976
0.9999907
1.0
1.0
1.0
1.0
0.7736599
1.0
1.0
0.9999968
1.0
1.0
1.0
1.0
0.9927959
1.0
1.0
1.0
0.9999844
1.0
1.0
1.0
1.0
1.0
1.0
0.99987173
0.9999995
1.0
1.0
0.9999902
0.9999995
1.0
1.0
0.9999963
1.0
1.0
1.0
1.0
1.0
0.9924663
0.999959
0.9999987
0.9999994
1.0
1.0
1.0
0.69495314
0.9999621
1.0
0.99993527
1.0
0.99999917
0.99999976
1.0
0.94249743
1.0
0.9999995
1.0
1.0
1.0
1.0
1.0
1.0
1.0
0.9999999
1.0
0.9999999
1.0
0.9999999
1.0
1.0
1.0
0.9999927
0.9999999
1.0
1.0
0.9999995
1.0
1.0
1.0
0.9064667
1.0
1.0
1.0
1.0
1.0
1.0
1.0
0.99999416
1.0
0.9999999
1.0
1.0
1.0
1.0
1.0
1.0
1.0
1.0
0.9999819
0.99999964
1.0
1.0
1.0
0.9999982
0.9999999
0.9987494
1.0
0.99995315
1.0
1.0
1.0
1.0
0.99999046
1.0
0.99945885
0.99999964
0.99998593
0.9986994
1.0
0.99995494
1.0
0.9999995
1.0
0.99327505
0.99999774
0.9973596
1.0
1.0
1.0
1.0
1.0
1.0
1.0
1.0
1.0
1.0
1.0
1.0
1.0
0.9994825
1.0
1.0
1.0
1.0
1.0
1.0
1.0
0.99999666
1.0
1.0
0.999961
0.9999448
1.0
1.0
1.0
1.0
1.0
1.0
1.0
1.0
0.9999963
0.9999987
1.0
1.0
0.99987423
1.0
1.0
1.0
0.99999976
0.9966449
1.0
1.0
1.0
0.99789244
1.0
1.0
0.9999999
1.0
1.0
1.0
0.99999976
1.0
1.0
1.0
0.9999999
1.0
1.0
0.9999999
0.9999969
0.99999976
1.0
1.0
1.0
1.0
1.0
1.0
1.0
1.0
0.9996474
1.0
0.99999976
0.99988365
1.0
1.0
1.0
1.0
1.0
1.0
1.0
0.99999976
1.0
1.0
1.0
1.0
1.0
1.0
1.0
1.0
1.0
1.0
1.0
0.99988496
0.9984565
1.0
1.0
1.0
0.9932962
1.0
1.0
1.0
1.0
1.0
0.9999994
0.9999968
1.0
1.0
0.9999995
1.0
1.0
0.9999281
1.0
1.0
0.99999964
1.0
1.0
0.9994634
1.0
1.0
1.0
1.0
0.9979716
1.0
1.0
1.0
1.0
1.0
1.0
1.0
1.0
0.99992967
1.0
0.999998
0.99999976
0.9999999
1.0
1.0
1.0
1.0
1.0
0.9950889
1.0
0.9999999
1.0
1.0
0.9999229
1.0
1.0
0.9999989
1.0
1.0
0.9998797
1.0
1.0
1.0
1.0
1.0
0.99997425
1.0
1.0
0.9999999
0.9999999
0.9999999
1.0
1.0
0.9999999
0.9999999
0.9999554
1.0
1.0
1.0
1.0
1.0
1.0
1.0
0.9997391
1.0
1.0
1.0
1.0
0.9999994
0.99999964
0.98643714
1.0
1.0
1.0
1.0
1.0
1.0
1.0
1.0
1.0
0.9999825
1.0
0.9999995
1.0
0.999992
0.9999987
0.9999995
1.0
1.0
1.0
0.9999999
1.0
0.641823
0.9998727
1.0
1.0
1.0
1.0
1.0
1.0
1.0
1.0
1.0
0.99999607
0.99999094
1.0
0.99999964
1.0
0.99836725
1.0
0.9913175
0.99999356
1.0
1.0
1.0
1.0
1.0
1.0
1.0
0.99999654
0.999767
0.8841746
1.0
1.0
1.0
1.0
1.0
1.0
0.99882525
1.0
0.9999615
0.9999988
0.99999607
1.0
1.0
1.0
1.0
1.0
1.0
0.9999999
1.0
1.0
1.0
1.0
1.0
1.0
1.0
1.0
1.0
0.9999999
1.0
1.0
1.0
0.9999337
1.0
1.0
1.0
1.0
0.9999994
1.0
0.9999361
1.0
0.9999976
1.0
0.9999751
1.0
0.9999999
1.0
0.99993336
1.0
0.9999995
1.0
1.0
0.99971396
1.0
0.9999945
1.0
0.9999995
0.99999905
0.999998
1.0
1.0
0.9999987
1.0
1.0
1.0
0.99975854
1.0
1.0
1.0
1.0
1.0
1.0
0.99997497
1.0
1.0
1.0
0.9999999
1.0
1.0
0.9999814
0.9992428
1.0
1.0
0.99999964
1.0
1.0
1.0
0.9999994
1.0
0.9998184
1.0
1.0
0.9965366
0.9999999
1.0
1.0
1.0
1.0
1.0
1.0
1.0
0.99999857
1.0
1.0
1.0
0.9999999
1.0
1.0
1.0
0.9999999
1.0
1.0
1.0
1.0
0.99999964
1.0
1.0
0.9999999
1.0
0.9999999
0.99999976
1.0
1.0
0.99997866
1.0
0.9998988
1.0
0.9999999
1.0
1.0
1.0
0.99999917
1.0
1.0
1.0
1.0
0.9999999
1.0
1.0
0.99999785
1.0
1.0
0.9999999
1.0
0.9997795
0.99999464
0.9999995
1.0
1.0
0.99999976
0.93283975
1.0
1.0
1.0
0.99999225
0.9999999
0.8480935
1.0
1.0
0.95937026
1.0
1.0
1.0
1.0
1.0
1.0
0.9999999
0.9995989
0.7827236
0.9999999
1.0
1.0
0.9999994
0.99999905
0.9999988
0.9999242
1.0
1.0
1.0
1.0
1.0
0.99995434
0.99967957
1.0
1.0
0.9999871
1.0
1.0
0.9999838
1.0
0.99999774
1.0
1.0
0.99999964
1.0
0.99998796
1.0
0.9999999
1.0
0.9989065
1.0
0.9998952
1.0
1.0
1.0
0.9999932
0.9999999
1.0
0.99979454
1.0
1.0
1.0
1.0
1.0
1.0
0.99999964
1.0
1.0
1.0
0.9994423
1.0
1.0
0.9999975
1.0
0.86514425
1.0
1.0
1.0
1.0
0.99999976
0.9999999
1.0
1.0
0.99999833
0.9765381
1.0
1.0
1.0
1.0
1.0
1.0
0.9999795
1.0
1.0
1.0
1.0
1.0
1.0
0.9999989
1.0
0.99997723
1.0
0.9999945
1.0
1.0
0.99993336
1.0
1.0
0.9999988
0.5910484
1.0
1.0
0.9999944
1.0
1.0
1.0
1.0
0.99999857
0.9999999
0.9999999
1.0
1.0
1.0
1.0
1.0
1.0
1.0
1.0
1.0
1.0
1.0
1.0
1.0
1.0
1.0
0.9999999
1.0
1.0
0.9984546
0.99299556
1.0
0.97179747
1.0
1.0
1.0
1.0
1.0
1.0
1.0
0.99999976
1.0
1.0
0.78867126
1.0
1.0
1.0
1.0
0.9999964
1.0
1.0
1.0
1.0
1.0
0.9999994
1.0
1.0
1.0
1.0
1.0
1.0
0.99999976
0.9999858
1.0
1.0
1.0
1.0
0.9999995
0.99999833
0.9999999
0.99999547
0.99999976
0.99782676
0.9999999
1.0
1.0
0.99999917
1.0
0.9996482
0.9999219
1.0
0.9999999
1.0
1.0
0.9995634
1.0
1.0
0.9996704
1.0
1.0
1.0
1.0
0.99999964
1.0
1.0
1.0
1.0
1.0
1.0
0.9935236
0.9999783
1.0
0.9999348
0.9987239
0.9999956
1.0
1.0
1.0
0.9999994
1.0
1.0
1.0
1.0
1.0
1.0
1.0
0.99999917
1.0
0.9999999
1.0
1.0
1.0
0.9999999
1.0
1.0
1.0
1.0
0.99950373
1.0
1.0
0.99999976
0.9999999
1.0
1.0
0.99999964
1.0
0.99999034
1.0
1.0
1.0
1.0
1.0
0.99984026
0.9999999
1.0
1.0
0.9999753
1.0
1.0
1.0
1.0
1.0
1.0
1.0
0.99999905
0.99999976
1.0
1.0
1.0
0.9996239
1.0
1.0
1.0
1.0
1.0
1.0
0.99986255
1.0
1.0
1.0
1.0
1.0
1.0
1.0
1.0
0.99999976
0.9999994
1.0
1.0
0.9999999
0.99999976
0.999992
1.0
0.9999602
1.0
1.0
1.0
1.0
0.99996626
1.0
1.0
1.0
0.9999999
1.0
1.0
0.54634744
1.0
1.0
1.0
1.0
1.0
1.0
1.0
1.0
1.0
0.9999914
0.9976458
1.0
0.99999845
1.0
1.0
1.0
1.0
1.0
0.9999999
1.0
1.0
1.0
1.0
1.0
0.997216
0.99910116
0.9999995
1.0
0.99999845
0.9999999
1.0
1.0
1.0
1.0
0.99998283
1.0
0.9999982
0.99998343
1.0
1.0
0.9999994
0.9999999
1.0
0.9999703
1.0
1.0
0.99999976
0.9999999
1.0
1.0
1.0
1.0
1.0
1.0
0.9999429
1.0
1.0
1.0
1.0
1.0
1.0
1.0
0.999218
0.99299425
1.0
0.9999999
0.9999572
1.0
1.0
1.0
0.9999994
1.0
1.0
1.0
1.0
1.0
1.0
0.99999475
1.0
1.0
1.0
1.0
1.0
1.0
1.0
1.0
0.9999975
1.0
0.9999999
1.0
0.99970144
1.0
1.0
1.0
1.0
0.9999999
1.0
1.0
1.0
1.0
0.9999945
1.0
1.0
0.9996866
0.99543613
1.0
0.99999976
0.99997866
1.0
1.0
0.9995408
0.993558
1.0
0.99999964
1.0
1.0
0.99957806
0.9999982
0.99999845
0.9999995
1.0
1.0
1.0
1.0
1.0
1.0
0.9999995
1.0
1.0
1.0
1.0
1.0
0.9999987
1.0
1.0
0.99999976
1.0
1.0
1.0
0.99999964
1.0
1.0
1.0
0.9996202
1.0
1.0
1.0
0.9999995
1.0
1.0
0.9999771
0.99999535
1.0
1.0
1.0
1.0
1.0
0.9999999
0.9963431
1.0
0.9999999
1.0
0.9999999
1.0
1.0
1.0
1.0
1.0
0.99999225
1.0
1.0
1.0
1.0
1.0
1.0
1.0
0.9999995
0.9999999
1.0
1.0
1.0
1.0
1.0
1.0
0.99999726
0.99999917
0.99999976
1.0
1.0
1.0
1.0
1.0
0.99999976
1.0
0.9999939
1.0
0.9922111
0.99999976
1.0
0.9999994
0.9999999
1.0
1.0
0.9999963
0.99999917
1.0
1.0
1.0
1.0
1.0
1.0
1.0
1.0
1.0
1.0
0.9999968
1.0
1.0
1.0
1.0
1.0
0.9999515
0.9999672
1.0
0.999998
0.9993568
0.9999999
0.9999999
1.0
1.0
1.0
0.9995617
1.0
0.9999999
0.9999995
1.0
1.0
1.0
0.99999857
0.9999999
1.0
1.0
1.0
1.0
1.0
0.9999995
1.0
1.0
0.99969923
0.9996804
1.0
1.0
1.0
1.0
1.0
1.0
1.0
1.0
1.0
1.0
1.0
1.0
0.9999993
0.99999905
1.0
0.9999999
0.99999976
1.0
0.99999857
0.9999999
1.0
1.0
0.9999987
1.0
1.0
1.0
1.0
0.9980196
1.0
1.0
0.9999999
1.0
1.0
1.0
1.0
0.99016714
1.0
1.0
1.0
1.0
1.0
1.0
1.0
0.9999999
0.99999833
1.0
0.9999995
1.0
1.0
0.99998355
1.0
1.0
1.0
0.9999902
0.9999981
1.0
1.0
0.9999989
0.82006633
1.0
1.0
0.9999999
1.0
1.0
1.0
0.9999987
1.0
1.0
1.0
1.0
1.0
1.0
1.0
0.99999976
0.99855083
1.0
1.0
1.0
1.0
0.99999964
1.0
0.9999987
0.6766332
0.9889783
1.0
1.0
1.0
1.0
1.0
0.99999976
1.0
1.0
1.0
1.0
1.0
0.99986017
1.0
0.99999595
0.99957067
1.0
0.99999964
1.0
1.0
1.0
0.9999876
1.0
1.0
1.0
1.0
0.9999999
1.0
1.0
1.0
0.99999905
1.0
0.99999404
1.0
0.99999964
1.0
1.0
1.0
0.99801815
0.9999964
0.93734795
0.9999999
0.99940705
1.0
1.0
1.0
1.0
1.0
1.0
1.0
1.0
1.0
1.0
1.0
1.0
1.0
0.99999964
1.0
1.0
0.9998857
1.0
1.0
1.0
1.0
1.0
1.0
1.0
0.99901354
1.0
1.0
0.9999999
1.0
1.0
0.9999999
1.0
0.9999999
1.0
1.0
1.0
1.0
1.0
1.0
1.0
1.0
0.9999994
1.0
1.0
0.99999774
1.0
1.0
1.0
1.0
1.0
1.0
0.9999999
1.0
1.0
1.0
1.0
0.999977
1.0
1.0
1.0
0.99999964
1.0
0.9999964
1.0
1.0
0.999998
1.0
0.99999774
1.0
1.0
0.999998
1.0
1.0
1.0
1.0
1.0
1.0
1.0
1.0
0.9004236
1.0
1.0
1.0
1.0
1.0
1.0
0.9999912
1.0
0.99999857
1.0
1.0
1.0
0.999961
1.0
1.0
1.0
1.0
1.0
1.0
1.0
0.9125115
1.0
1.0
1.0
0.99996626
1.0
1.0
1.0
0.9999993
1.0
1.0
1.0
1.0
1.0
1.0
1.0
0.96961266
1.0
1.0
0.9999939
1.0
0.99999833
0.99999917
1.0
0.99230874
0.9864299
0.9999999
0.99999964
0.9911396
1.0
1.0
0.9999999
1.0
1.0
0.9999989
1.0
1.0
0.9999958
1.0
1.0
0.9978078
1.0
1.0
1.0
1.0
1.0
1.0
0.9999459
1.0
0.9975483
1.0
1.0
0.99999976
0.9993337
0.9999968
0.9999995
1.0
1.0
1.0
1.0
0.9968928
0.99999917
1.0
1.0
0.99987614
0.78922033
1.0
1.0
1.0
1.0
0.99999964
1.0
1.0
1.0
0.9999045
1.0
0.6533599
1.0
0.99988854
1.0
0.9999883
1.0
1.0
0.99999976
1.0
1.0
1.0
1.0
1.0
1.0
1.0
0.9999999
0.9994072
0.9999999
0.99974054
1.0
1.0
0.9999995
1.0
0.9999844
1.0
1.0
1.0
1.0
0.99993706
1.0
0.99371296
0.99999976
0.9999974
0.9997621
1.0
1.0
1.0
1.0
1.0
0.9999949
0.9999895
1.0
0.9999999
0.9993394
1.0
1.0
1.0
1.0
1.0
1.0
1.0
1.0
1.0
0.9995413
1.0
0.99999964
1.0
1.0
1.0
1.0
0.9994754
1.0
0.9999999
1.0
1.0
1.0
1.0
1.0
0.9999999
1.0
0.9999999
1.0
0.78024995
1.0
0.9999988
0.74920374
1.0
1.0
0.9999999
1.0
0.9999999
0.9999802
1.0
1.0
0.9999776
1.0
1.0
1.0
1.0
1.0
1.0
0.9999664
1.0
0.9999982
1.0
1.0
1.0
1.0
0.99999833
1.0
0.99999976
1.0
1.0
1.0
1.0
1.0
1.0
0.99999976
1.0
1.0
1.0
1.0
1.0
1.0
1.0
0.9993297
0.99999857
1.0
1.0
1.0
1.0
1.0
0.99999905
1.0
0.99922335
1.0
1.0
1.0
0.95622474
1.0
1.0
1.0
1.0
1.0
1.0
1.0
1.0
1.0
1.0
1.0
1.0
1.0
1.0
1.0
0.99999976
0.9999999
1.0
0.99999845
0.99996674
1.0
1.0
1.0
1.0
1.0
1.0
1.0
1.0
1.0
1.0
1.0
1.0
0.99976546
0.9999987
0.5626017
1.0
0.9998559
1.0
1.0
0.99997425
1.0
1.0
1.0
0.9999999
0.99996173
0.999998
1.0
1.0
1.0
1.0
1.0
1.0
1.0
1.0
1.0
0.99999964
1.0
1.0
1.0
1.0
1.0
0.54633754
0.9999931
0.99999404
0.9999875
1.0
1.0
1.0
1.0
0.99939466
1.0
1.0
1.0
1.0
1.0
1.0
0.9999962
0.99991083
0.9957306
0.9999995
0.9999999
1.0
1.0
1.0
1.0
1.0
1.0
1.0
0.99998474
1.0
0.9998461
1.0
1.0
1.0
1.0
1.0
1.0
1.0
0.9999999
1.0
0.40611959
1.0
1.0
1.0
1.0
0.9999999
1.0
1.0
0.9999949
1.0
0.9748068
0.9999927
1.0
1.0
1.0
0.99999905
1.0
1.0
1.0
1.0
0.89832354
1.0
0.9999938
0.9999993
0.9999999
0.9999999
1.0
1.0
1.0
1.0
0.9999999
1.0
1.0
1.0
1.0
1.0
1.0
0.99999976
1.0
1.0
0.9999964
1.0
1.0
1.0
1.0
0.9983228
0.9999579
1.0
1.0
0.9999995
1.0
1.0
1.0
1.0
1.0
1.0
0.9984409
1.0
0.99989164
1.0
0.9999975
1.0
1.0
1.0
0.9999701
1.0
1.0
0.99999976
0.964124
1.0
1.0
0.60738724
1.0
1.0
1.0
1.0
1.0
1.0
1.0
1.0
1.0
0.9999994
1.0
1.0
0.9999974
0.99999964
0.99994993
1.0
1.0
1.0
1.0
1.0
0.99999845
0.99999833
1.0
0.99999607
1.0
1.0
1.0
1.0
1.0
1.0
1.0
0.99999976
0.9999883
1.0
1.0
1.0
1.0
0.99999595
0.99999833
1.0
0.99999976
1.0
1.0
1.0
0.9999999
0.9999999
0.99998057
0.9999851
1.0
1.0
1.0
1.0
0.9999933
1.0
1.0
0.99999976
1.0
1.0
0.9999999
1.0
0.9999975
0.999933
0.9999999
0.99999964
1.0
1.0
1.0
0.9999999
0.9999999
1.0
0.9999962
1.0
0.99999976
0.99997735
1.0
0.999355
1.0
0.9999865
1.0
0.999997
0.99999905
1.0
1.0
1.0
0.99989605
1.0
1.0
1.0
1.0
1.0
1.0
1.0
0.9999925
1.0
1.0
0.9999989
1.0
0.7813604
1.0
0.9999981
1.0
0.9999845
1.0
0.99999833
0.9999999
1.0
0.9999944
1.0
1.0
1.0
1.0
1.0
1.0
0.9999995
0.9999993
1.0
1.0
0.9999906
1.0
1.0
0.99956673
1.0
0.9992186
1.0
1.0
1.0
0.9119492
1.0
0.99999976
1.0
1.0
1.0
0.9999219
0.99983966
1.0
0.9999999
1.0
0.9999988
1.0
1.0
1.0
1.0
1.0
1.0
0.9999993
0.9998282
1.0
1.0
1.0
0.9999999
1.0
1.0
1.0
1.0
1.0
1.0
1.0
1.0
1.0
0.99820554
0.9999999
1.0
1.0
1.0
1.0
0.9999989
1.0
1.0
1.0
0.5824812
1.0
1.0
1.0
1.0
1.0
0.99999976
0.9995647
0.85761845
1.0
1.0
0.99978334
0.99999475
1.0
0.9999999
1.0
1.0
0.9991911
0.9999305
1.0
1.0
0.99999344
1.0
0.8150719
1.0
0.9999999
1.0
1.0
1.0
1.0
1.0
1.0
0.9999999
0.99999857
1.0
1.0
0.9979341
0.9999999
1.0
0.9999993
1.0
0.7093792
1.0
0.9999999
1.0
0.9999968
0.9999999
1.0
1.0
0.9999449
1.0
0.9999865
0.9998957
1.0
1.0
1.0
1.0
1.0
0.9992411
1.0
0.99999917
0.99999917
1.0
1.0
1.0
0.99998045
0.9999925
0.99998367
1.0
0.99999785
1.0
1.0
1.0
0.9999994
1.0
0.99999785
1.0
0.99999976
1.0
0.99999964
1.0
1.0
0.9999995
1.0
1.0
0.99999917
1.0
1.0
1.0
1.0
1.0
1.0
1.0
1.0
1.0
1.0
0.9859504
1.0
1.0
1.0
1.0
0.99995244
0.9999728
1.0
1.0
1.0
1.0
1.0
1.0
1.0
1.0
0.99914217
0.6825248
1.0
1.0
0.99999666
1.0
1.0
1.0
1.0
1.0
0.9352936
1.0
1.0
1.0
1.0
0.9999999
1.0
1.0
0.99998045
1.0
1.0
0.99999917
1.0
0.95451236
1.0
0.9999794
1.0
1.0
1.0
1.0
1.0
1.0
0.9999988
1.0
0.99999976
1.0
1.0
1.0
1.0
1.0
0.9999993
0.99951994
0.99999917
1.0
0.99928856
1.0
0.9996779
1.0
1.0
1.0
1.0
1.0
1.0
1.0
0.9999999
1.0
1.0
1.0
1.0
1.0
0.99999857
1.0
0.99999523
0.99999917
1.0
0.9999999
0.9965432
1.0
0.9999982
1.0
0.9999956
1.0
1.0
1.0
0.9999753
0.9999999
0.9999914
1.0
0.9999989
0.99999976
0.999977
1.0
0.9999999
1.0
0.9041876
1.0
1.0
1.0
1.0
1.0
0.9999999
1.0
0.99993396
1.0
1.0
0.98938584
0.99999976
1.0
1.0
1.0
1.0
0.99999905
1.0
1.0
0.9999976
1.0
1.0
1.0
1.0
1.0
1.0
1.0
1.0
1.0
1.0
1.0
1.0
1.0
0.99458885
1.0
1.0
1.0
1.0
0.9999999
0.9999999
1.0
1.0
1.0
0.99997723
0.9999994
1.0
1.0
1.0
1.0
1.0
0.9999821
1.0
1.0
0.94132996
0.9996137
1.0
0.898241
1.0
1.0
0.9999999
0.96044946
0.9999422
1.0
0.8194655
1.0
1.0
1.0
0.99995136
1.0
1.0
0.9999999
1.0
1.0
1.0
1.0
0.99979156
1.0
0.99977356
1.0
1.0
1.0
1.0
1.0
1.0
0.99999976
1.0
1.0
1.0
1.0
1.0
0.99999714
1.0
0.93010277
1.0
1.0
1.0
0.9997019
1.0
1.0
0.99998975
1.0
1.0
1.0
0.9996507
1.0
1.0
1.0
0.99970824
1.0
1.0
0.9999995
1.0
1.0
1.0
0.99999857
1.0
0.9999999
0.999997
1.0
0.99986076
1.0
1.0
0.99999964
0.9999703
0.99999976
0.99999833
1.0
0.99030834
1.0
1.0
1.0
0.9998385
1.0
1.0
0.9979512
0.999912
0.99999964
1.0
1.0
1.0
0.9999999
0.9999995
1.0
1.0
1.0
0.99999917
1.0
1.0
0.99999964
1.0
0.99999976
1.0
1.0
0.9999999
0.99999964
1.0
1.0
0.99567574
1.0
1.0
0.9999999
1.0
0.9999999
1.0
1.0
1.0
1.0
1.0
1.0
1.0
1.0
0.5804153
1.0
1.0
1.0
0.99999905
0.99442345
1.0
1.0
1.0
1.0
1.0
1.0
1.0
1.0
1.0
0.9999999
1.0
0.9999995
1.0
1.0
0.99993336
1.0
1.0
1.0
0.90928036
0.99999964
1.0
1.0
0.99999785
1.0
1.0
1.0
1.0
1.0
1.0
1.0
1.0
1.0
1.0
1.0
1.0
0.9973326
1.0
1.0
1.0
0.9999994
1.0
0.9998882
0.9999999
1.0
1.0
1.0
1.0
1.0
1.0
1.0
0.99999976
1.0
1.0
0.9991272
1.0
1.0
1.0
1.0
1.0
1.0
0.99999976
1.0
1.0
1.0
1.0
1.0
1.0
1.0
1.0
0.99955004
1.0
0.9999999
0.9999999
1.0
0.9999609
0.9999943
1.0
1.0
0.53589314
1.0
1.0
0.99999976
1.0
1.0
1.0
1.0
1.0
1.0
1.0
1.0
1.0
0.9999219
0.9999988
1.0
1.0
1.0
0.9999999
1.0
1.0
0.9999876
0.9999999
1.0
0.99900085
0.9999993
1.0
1.0
1.0
1.0
0.9999975
1.0
0.9998312
1.0
0.9999999
1.0
1.0
0.99999857
1.0
0.999982
0.999967
0.8546948
1.0
1.0
0.9994111
1.0
1.0
0.9999995
1.0
1.0
1.0
1.0
0.99999
1.0
1.0
1.0
0.99999976
1.0
1.0
1.0
0.9978435
1.0
0.96721315
1.0
0.9999746
0.99999976
1.0
1.0
1.0
1.0
1.0
1.0
1.0
1.0
1.0
1.0
1.0
1.0
1.0
1.0
1.0
1.0
1.0
1.0
0.9963134
1.0
1.0
1.0
1.0
0.9999999
0.9999999
1.0
1.0
1.0
1.0
0.9999982
1.0
1.0
1.0
0.9999418
1.0
1.0
0.9999999
1.0
1.0
1.0
1.0
1.0
0.71952635
0.9999895
1.0
1.0
1.0
1.0
1.0
0.9712044
0.99978477
0.99951756
1.0
1.0
0.9999968
1.0
1.0
1.0
0.9985447
1.0
1.0
0.99999964
1.0
1.0
1.0
1.0
1.0
1.0
1.0
0.99999917
1.0
1.0
0.9963954
0.997895
0.99999976
0.99999964
1.0
1.0
1.0
1.0
1.0
0.99999976
1.0
1.0
1.0
1.0
1.0
1.0
1.0
1.0
1.0
0.9999949
0.9999976
1.0
1.0
0.6284438
0.9998336
1.0
1.0
1.0
1.0
1.0
0.9999999
1.0
1.0
1.0
1.0
0.9999999
1.0
0.9915828
1.0
0.99767774
0.99999964
1.0
0.9999503
0.99998665
1.0
0.99999964
1.0
0.9999982
1.0
0.99920505
1.0
0.9999989
1.0
0.99999917
1.0
1.0
1.0
1.0
1.0
1.0
1.0
1.0
1.0
0.99999774
1.0
0.9999933
1.0
1.0
1.0
1.0
0.99999917
1.0
0.9999994
0.9999999
0.99557036
1.0
1.0
1.0
0.9999999
1.0
1.0
0.99996877
1.0
1.0
0.99999714
1.0
1.0
0.99999774
1.0
1.0
1.0
1.0
0.99996686
1.0
1.0
1.0
1.0
1.0
1.0
1.0
1.0
1.0
0.9983907
1.0
1.0
0.99996054
0.9799344
0.99999857
1.0
1.0
1.0
1.0
1.0
0.9999989
0.99989724
0.99998283
1.0
1.0
1.0
0.6643817
1.0
1.0
0.99999964
1.0
1.0
1.0
1.0
1.0
1.0
0.9999163
0.9999937
0.9999999
1.0
1.0
0.9999956
0.99999964
1.0
1.0
1.0
1.0
1.0
0.9998398
1.0
1.0
1.0
0.9999999
1.0
0.9999999
0.9999974
1.0
1.0
1.0
0.99999845
0.9987319
1.0
1.0
1.0
0.9999993
0.99993706
1.0
0.99999404
1.0
1.0
1.0
1.0
1.0
1.0
1.0
0.9999995
0.9999999
1.0
0.9999999
0.9999999
1.0
1.0
1.0
1.0
1.0
0.99999976
1.0
1.0
1.0
1.0
0.9999999
0.9999999
1.0
1.0
1.0
0.9999999
1.0
1.0
1.0
1.0
1.0
1.0
1.0
1.0
1.0
0.99999976
1.0
1.0
1.0
1.0
0.99999976
1.0
1.0
1.0
1.0
1.0
0.9999999
1.0
0.9999999
1.0
1.0
1.0
1.0
1.0
1.0
1.0
1.0
1.0
1.0
1.0
1.0
1.0
0.9999994
1.0
1.0
1.0
1.0
0.9996575
0.99999154
1.0
1.0
1.0
0.99999976
1.0
0.9999999
1.0
1.0
1.0
1.0
1.0
1.0
0.99999964
1.0
1.0
1.0
1.0
0.99999905
1.0
1.0
1.0
0.9999958
0.9999937
0.99999964
0.9999999
1.0
1.0
1.0
0.9999994
1.0
0.99999857
1.0
1.0
1.0
1.0
1.0
1.0
1.0
1.0
1.0
1.0
1.0
1.0
1.0
1.0
0.9999995
1.0
1.0
1.0
1.0
1.0
0.9999999
1.0
1.0
1.0
1.0
1.0
1.0
0.99840754
1.0
1.0
1.0
1.0
0.9999999
1.0
1.0
1.0
1.0
1.0
1.0
1.0
0.9999944
0.99999976
1.0
1.0
1.0
1.0
1.0
1.0
1.0
1.0
1.0
1.0
1.0
1.0
1.0
0.99999976
1.0
1.0
1.0
0.82556695
1.0
1.0
0.9999975
1.0
1.0
0.9998702
1.0
1.0
1.0
1.0
1.0
1.0
0.9999995
1.0
1.0
1.0
0.9999969
0.9999449
1.0
1.0
0.9999968
1.0
1.0
1.0
1.0
1.0
1.0
1.0
1.0
1.0
1.0
1.0
1.0
0.9999999
0.9999783
1.0
1.0
1.0
1.0
0.9991567
1.0
0.999778
1.0
0.99989367
1.0
1.0
1.0
0.99999905
1.0
1.0
1.0
0.9999999
1.0
0.9999999
1.0
1.0
1.0
1.0
1.0
1.0
1.0
0.99999785
1.0
1.0
1.0
1.0
1.0
1.0
0.99898535
1.0
1.0
1.0
1.0
1.0
1.0
1.0
1.0
1.0
1.0
1.0
0.99999917
1.0
1.0
1.0
1.0
1.0
0.972386
1.0
1.0
1.0
0.99999976
1.0
0.99999964
1.0
1.0
1.0
1.0
1.0
1.0
1.0
1.0
0.999949
1.0
1.0
1.0
0.9985043
1.0
1.0
0.9998654
0.9999999
1.0
0.9999999
1.0
1.0
1.0
1.0
1.0
1.0
0.99999666
1.0
1.0
1.0
1.0
1.0
1.0
1.0
1.0
1.0
0.99999607
1.0
1.0
0.99999976
1.0
1.0
1.0
1.0
1.0
1.0
1.0
1.0
1.0
1.0
1.0
1.0
1.0
1.0
1.0
1.0
1.0
1.0
1.0
1.0
1.0
1.0
1.0
1.0
0.99999917
1.0
1.0
1.0
1.0
1.0
1.0
0.99999964
1.0
1.0
1.0
1.0
1.0
1.0
1.0
0.80870664
1.0
1.0
1.0
0.9999989
1.0
1.0
1.0
1.0
1.0
1.0
1.0
1.0
1.0
1.0
1.0
1.0
1.0
1.0
1.0
1.0
1.0
1.0
1.0
1.0
1.0
1.0
1.0
1.0
0.99999976
1.0
1.0
1.0
1.0
1.0
1.0
1.0
1.0
1.0
1.0
0.99999976
1.0
1.0
1.0
1.0
1.0
1.0
1.0
0.9999999
0.9999999
1.0
1.0
1.0
1.0
1.0
1.0
1.0
1.0
1.0
1.0
1.0
1.0
1.0
0.9999999
1.0
1.0
1.0
1.0
1.0
1.0
1.0
1.0
1.0
1.0
1.0
0.99999726
0.99999917
1.0
0.9999994
1.0
1.0
1.0
1.0
1.0
1.0
0.9999939
0.9999989
1.0
1.0
1.0
1.0
1.0
1.0
0.9999999
1.0
1.0
0.9999999
1.0
1.0
1.0
0.99999976
1.0
1.0
1.0
1.0
1.0
1.0
1.0
1.0
1.0
1.0
1.0
1.0
1.0
1.0
1.0
1.0
1.0
0.99804795
0.9990134
1.0
1.0
1.0
1.0
1.0
1.0
0.9752848
1.0
1.0
0.99999976
1.0
1.0
1.0
1.0
1.0
1.0
1.0
1.0
1.0
1.0
1.0
1.0
1.0
1.0
1.0
1.0
1.0
1.0
1.0
1.0
1.0
1.0
1.0
1.0
1.0
1.0
1.0
1.0
1.0
0.9999999
1.0
1.0
1.0
1.0
1.0
1.0
1.0
1.0
0.9999912
1.0
1.0
0.9999994
1.0
1.0
1.0
1.0
1.0
1.0
1.0
1.0
1.0
1.0
1.0
1.0
1.0
1.0
1.0
1.0
0.99999976
1.0
1.0
0.9999964
1.0
1.0
1.0
1.0
0.9999999
1.0
1.0
1.0
1.0
0.9999988
1.0
1.0
1.0
0.99999976
1.0
1.0
1.0
1.0
1.0
1.0
1.0
1.0
1.0
0.9999999
0.99998593
1.0
1.0
1.0
1.0
1.0
1.0
1.0
1.0
1.0
1.0
1.0
0.9999995
1.0
1.0
1.0
1.0
0.9999895
1.0
1.0
1.0
1.0
0.99999964
1.0
1.0
1.0
1.0
1.0
1.0
1.0
1.0
1.0
1.0
0.9999999
1.0
0.9999999
0.9999993
1.0
1.0
0.99994373
1.0
1.0
1.0
1.0
1.0
1.0
1.0
0.99999964
0.99999976
1.0
1.0
1.0
1.0
0.94340307
1.0
1.0
1.0
1.0
1.0
1.0
1.0
1.0
1.0
0.9999993
1.0
1.0
1.0
1.0
1.0
1.0
1.0
1.0
1.0
0.99999654
1.0
1.0
0.9999813
1.0
1.0
0.9999932
1.0
1.0
1.0
1.0
1.0
1.0
1.0
0.989785
1.0
0.99999595
1.0
1.0
0.9999809
0.9999999
0.99999905
0.9230646
1.0
1.0
1.0
1.0
0.99999976
0.9999999
0.9999114
1.0
1.0
1.0
0.9999994
0.96054
0.999974
1.0
1.0
1.0
1.0
1.0
1.0
0.9999976
0.99999917
1.0
1.0
1.0
0.9999995
1.0
1.0
1.0
1.0
1.0
1.0
1.0
1.0
0.9999162
0.99999917
0.9999999
1.0
1.0
1.0
1.0
0.9999999
1.0
1.0
1.0
1.0
0.9999633
1.0
1.0
1.0
1.0
1.0
1.0
1.0
1.0
1.0
1.0
1.0
1.0
1.0
1.0
0.9999999
1.0
1.0
1.0
1.0
0.9999999
0.9999616
1.0
1.0
1.0
1.0
0.99997437
1.0
1.0
0.9999999
1.0
1.0
0.9999957
1.0
1.0
1.0
1.0
1.0
1.0
1.0
0.99999976
1.0
1.0
1.0
0.9999877
1.0
0.993382
0.9960842
0.9709463
1.0
0.99999976
1.0
1.0
1.0
0.99993956
0.9999484
1.0
0.9999906
1.0
1.0
1.0
0.92595994
1.0
1.0
0.9455248
1.0
1.0
1.0
0.9999999
0.9999999
1.0
0.99999964
1.0
1.0
0.9999999
1.0
1.0
1.0
1.0
1.0
1.0
1.0
1.0
1.0
1.0
0.99999976
1.0
1.0
1.0
1.0
0.9999989
1.0
1.0
1.0
1.0
1.0
0.99999976
1.0
1.0
1.0
1.0
1.0
1.0
1.0
1.0
1.0
1.0
1.0
1.0
1.0
1.0
1.0
0.9999999
0.9992611
0.9999994
1.0
1.0
1.0
1.0
0.9999999
1.0
1.0
1.0
1.0
1.0
1.0
1.0
1.0
1.0
1.0
1.0
1.0
1.0
0.9999944
1.0
0.9999987
1.0
1.0
1.0
0.9999783
0.99997306
1.0
0.99999964
1.0
1.0
0.9999989
1.0
0.9987312
1.0
1.0
1.0
0.9999999
1.0
0.9999999
0.99999976
1.0
1.0
0.9999999
1.0
1.0
1.0
1.0
1.0
1.0
1.0
1.0
1.0
1.0
1.0
1.0
0.9999994
1.0
1.0
0.99999976
1.0
1.0
1.0
1.0
1.0
1.0
1.0
1.0
1.0
1.0
1.0
1.0
1.0
1.0
1.0
0.99779105
1.0
1.0
1.0
1.0
1.0
1.0
1.0
0.9999999
1.0
0.9952089
0.99934965
1.0
0.9999994
0.9999995
1.0
1.0
1.0
1.0
1.0
1.0
1.0
1.0
1.0
1.0
1.0
0.9999224
1.0
1.0
0.99943215
1.0
1.0
1.0
1.0
1.0
0.99999905
1.0
0.9999974
1.0
1.0
1.0
1.0
1.0
1.0
0.9999999
0.9999975
1.0
1.0
1.0
0.999977
1.0
1.0
1.0
1.0
1.0
1.0
1.0
0.9999994
0.99999976
0.9816742
0.9972863
0.9999999
0.9999839
1.0
1.0
1.0
1.0
1.0
1.0
1.0
1.0
1.0
0.9999976
1.0
1.0
1.0
1.0
1.0
0.5078971
1.0
1.0
1.0
0.99998045
1.0
0.99999976
1.0
0.99997973
1.0
1.0
1.0
1.0
1.0
1.0
1.0
1.0
0.9999989
0.9999901
1.0
1.0
1.0
1.0
1.0
1.0
1.0
0.9763382
0.8981839
1.0
1.0
0.9999988
1.0
0.99999905
1.0
0.99999976
1.0
1.0
0.99999976
1.0
1.0
1.0
1.0
0.999592
0.9999995
1.0
0.9999993
1.0
0.9999995
1.0
0.99895513
1.0
0.99998784
0.9999999
0.99999976
0.99999964
1.0
0.99999964
1.0
1.0
1.0
1.0
1.0
1.0
1.0
1.0
0.9999981
1.0
1.0
0.99941504
1.0
1.0
0.99975187
0.9999999
0.99951077
0.99999976
1.0
0.9999999
1.0
1.0
1.0
0.99971265
1.0
0.99999917
1.0
1.0
1.0
1.0
0.99999213
0.99999976
1.0
0.9999994
1.0
1.0
0.9999976
1.0
0.99999976
1.0
1.0
0.99999976
0.99999905
1.0
1.0
1.0
1.0
0.9999999
1.0
1.0
1.0
1.0
1.0
0.9999819
1.0
1.0
1.0
1.0
1.0
0.99472743
0.9999981
0.9999989
1.0
1.0
1.0
1.0
1.0
1.0
1.0
0.98894286
1.0
1.0
1.0
1.0
1.0
1.0
1.0
1.0
1.0
0.5625601
1.0
0.9999938
1.0
1.0
1.0
1.0
1.0
1.0
1.0
0.999992
1.0
1.0
1.0
1.0
1.0
1.0
1.0
0.9999982
0.99999976
1.0
0.9924786
1.0
1.0
0.9999871
1.0
1.0
1.0
1.0
1.0
0.9999999
1.0
1.0
1.0
1.0
0.9999968
1.0
1.0
1.0
1.0
1.0
1.0
1.0
1.0
1.0
1.0
1.0
1.0
1.0
1.0
1.0
1.0
1.0
1.0
1.0
1.0
1.0
1.0
1.0
1.0
1.0
1.0
1.0
1.0
1.0
1.0
0.9996325
1.0
1.0
1.0
0.9999999
1.0
1.0
1.0
1.0
0.859689
1.0
0.9999112
1.0
0.9999999
1.0
0.9986106
0.996995
0.99999654
1.0
1.0
1.0
1.0
1.0
1.0
1.0
1.0
1.0
1.0
1.0
1.0
1.0
0.9999981
1.0
1.0
1.0
1.0
1.0
1.0
1.0
1.0
1.0
1.0
1.0
1.0
1.0
1.0
1.0
1.0
1.0
1.0
1.0
1.0
1.0
1.0
1.0
1.0
1.0
1.0
1.0
1.0
1.0
1.0
1.0
1.0
1.0
1.0
1.0
1.0
1.0
1.0
0.99999976
1.0
1.0
1.0
1.0
1.0
0.99999917
1.0
1.0
1.0
1.0
1.0
0.99999964
1.0
1.0
0.99999964
0.99995625
1.0
1.0
1.0
1.0
1.0
1.0
1.0
1.0
1.0
1.0
1.0
1.0
1.0
1.0
1.0
1.0
1.0
1.0
1.0
1.0
1.0
1.0
1.0
1.0
1.0
1.0
1.0
1.0
1.0
1.0
1.0
1.0
1.0
1.0
1.0
1.0
1.0
1.0
1.0
1.0
1.0
1.0
1.0
1.0
1.0
1.0
1.0
1.0
1.0
1.0
1.0
1.0
1.0
1.0
1.0
1.0
1.0
1.0
1.0
1.0
1.0
1.0
1.0
1.0
0.9999938
1.0
0.9999993
1.0
1.0
1.0
1.0
1.0
1.0
1.0
1.0
1.0
1.0
1.0
1.0
1.0
1.0
1.0
1.0
1.0
1.0
1.0
1.0
1.0
1.0
1.0
1.0
1.0
1.0
1.0
0.99999976
1.0
1.0
1.0
1.0
1.0
0.99999976
1.0
1.0
0.99999833
1.0
1.0
1.0
1.0
1.0
1.0
1.0
1.0
0.9999994
1.0
1.0
1.0
1.0
1.0
1.0
1.0
1.0
1.0
1.0
1.0
1.0
1.0
1.0
1.0
1.0
1.0
1.0
1.0
0.99999976
1.0
1.0
1.0
1.0
1.0
1.0
1.0
1.0
1.0
1.0
1.0
1.0
1.0
1.0
0.99999607
1.0
0.9999846
1.0
1.0
1.0
1.0
0.99999976
1.0
0.99999464
0.99999976
1.0
1.0
1.0
1.0
1.0
0.9999999
1.0
0.9999999
0.9999999
0.9999808
1.0
1.0
1.0
1.0
1.0
1.0
0.9999738
1.0
0.99999964
1.0
0.9999995
1.0
1.0
1.0
0.99750286
1.0
0.99997497
1.0
1.0
1.0
1.0
1.0
0.9999995
1.0
1.0
1.0
1.0
1.0
1.0
0.9999869
1.0
1.0
1.0
1.0
1.0
1.0
1.0
1.0
1.0
1.0
0.99999976
1.0
1.0
1.0
1.0
1.0
0.9999975
1.0
0.99999905
1.0
1.0
1.0
1.0
1.0
1.0
1.0
0.9999993
1.0
1.0
0.99998856
1.0
1.0
1.0
1.0
1.0
1.0
1.0
1.0
0.9999856
1.0
1.0
1.0
1.0
1.0
1.0
1.0
1.0
1.0
1.0
1.0
1.0
1.0
1.0
0.9999988
1.0
1.0
1.0
1.0
1.0
1.0
1.0
0.9999995
1.0
0.9990427
0.9999995
1.0
1.0
1.0
1.0
1.0
1.0
1.0
1.0
1.0
1.0
0.9999999
1.0
1.0
1.0
1.0
1.0
1.0
1.0
1.0
1.0
1.0
0.9999999
1.0
1.0
1.0
0.9691124
1.0
1.0
1.0
1.0
1.0
0.9951891
0.9999999
0.9999995
1.0
0.9999994
0.99999774
0.99997175
0.9999999
0.9999763
1.0
0.9999999
0.999997
1.0
1.0
1.0
0.99962234
0.99881124
0.6696362
0.9999949
0.99896693
0.9527054
0.9999976
0.5702347
0.9931513
0.9999999
1.0
0.99999964
0.99999917
1.0
0.99999976
0.9856001
0.9996232
0.99999595
0.48285037
0.9895107
0.9998859
0.9992461
0.9999925
0.78686106
0.9999335
0.9999896
0.99999964
0.9999981
1.0
1.0
1.0
0.9999999
1.0
1.0
1.0
0.99999905
0.9999995
0.9999999
1.0
0.99886996
1.0
0.9999999
1.0
0.9999989
0.93599707
0.99370885
0.996847
0.9999999
1.0
0.9999267
0.99832803
1.0
0.9992648
0.9999999
1.0
0.9986469
1.0
1.0
1.0
1.0
0.9999696
0.9999933
0.99999
1.0
0.99997604
0.9997192
0.9999999
1.0
0.99999714
0.99991715
0.9999994
0.99999964
0.48849288
1.0
0.99999964
0.99999976
1.0
1.0
0.9999939
0.9878684
1.0
1.0
0.9999995
0.9999994
1.0
1.0
1.0
1.0
1.0
1.0
1.0
1.0
0.9999976
1.0
1.0
1.0
1.0
1.0
0.6799195
1.0
1.0
1.0
1.0
1.0
1.0
1.0
1.0
1.0
0.9999931
1.0
1.0
1.0
1.0
1.0
1.0
1.0
1.0
0.99999964
1.0
0.9999846
1.0
1.0
1.0
1.0
0.99993694
1.0
1.0
0.9999995
1.0
1.0
1.0
1.0
1.0
1.0
1.0
0.999998
1.0
1.0
0.9999995
1.0
1.0
0.9999999
0.9999999
1.0
1.0
1.0
1.0
1.0
1.0
1.0
1.0
1.0
1.0
0.99998856
1.0
1.0
0.9999999
0.9999988
1.0
0.9999999
1.0
1.0
1.0
1.0
0.9999999
0.9999989
1.0
0.9999982
0.9929536
1.0
1.0
0.99999595
1.0
1.0
1.0
1.0
1.0
0.9999988
1.0
0.99996364
0.9999999
1.0
1.0
1.0
1.0
1.0
1.0
0.99980444
0.9999927
1.0
0.99999833
0.9188334
0.9999999
1.0
0.9999865
0.9999999
0.99999785
1.0
0.9999994
1.0
1.0
0.9999999
0.9996295
0.99975806
1.0
0.99999964
0.99999964
1.0
1.0
0.9999876
1.0
0.99999034
1.0
1.0
1.0
0.9999913
0.9999709
1.0
1.0
1.0
1.0
0.9999999
1.0
1.0
1.0
1.0
1.0
0.99999046
1.0
1.0
0.98172045
0.9999925
0.99999964
1.0
0.9999999
1.0
1.0
1.0
0.999997
1.0
1.0
1.0
1.0
0.9935349
1.0
1.0
1.0
1.0
1.0
1.0
1.0
1.0
1.0
1.0
0.99998987
1.0
1.0
1.0
0.99999976
1.0
1.0
1.0
1.0
1.0
0.99999535
0.99999833
1.0
1.0
1.0
1.0
1.0
1.0
1.0
1.0
0.99999917
1.0
1.0
1.0
1.0
1.0
1.0
1.0
1.0
1.0
1.0
1.0
0.99999964
1.0
0.99999905
1.0
1.0
1.0
1.0
1.0
0.84689444
1.0
1.0
1.0
1.0
0.99999475
1.0
1.0
1.0
1.0
1.0
1.0
1.0
1.0
1.0
1.0
1.0
1.0
1.0
1.0
1.0
1.0
1.0
1.0
1.0
1.0
1.0
1.0
1.0
1.0
1.0
0.99999917
1.0
0.99999964
1.0
1.0
0.9996216
1.0
1.0
0.9999999
1.0
1.0
1.0
1.0
1.0
1.0
1.0
0.99997807
0.9999523
1.0
1.0
1.0
0.99999785
1.0
1.0
1.0
1.0
1.0
1.0
0.9999943
1.0
1.0
1.0
0.9999846
1.0
0.99999464
1.0
1.0
1.0
1.0
1.0
1.0
0.99992096
1.0
1.0
1.0
1.0
1.0
0.9999999
0.99999964
1.0
1.0
1.0
1.0
1.0
1.0
1.0
1.0
1.0
1.0
1.0
1.0
1.0
0.9999999
1.0
1.0
1.0
0.99999905
0.99998856
1.0
1.0
1.0
1.0
1.0
1.0
1.0
1.0
0.9998765
1.0
1.0
1.0
1.0
1.0
1.0
1.0
0.99999857
1.0
0.99999714
1.0
1.0
1.0
1.0
1.0
1.0
0.9999949
1.0
1.0
1.0
1.0
1.0
1.0
1.0
1.0
0.9999999
0.9999881
1.0
1.0
1.0
1.0
0.9999964
1.0
1.0
1.0
1.0
1.0
1.0
1.0
1.0
1.0
1.0
0.9999999
0.9999993
1.0
1.0
1.0
1.0
1.0
1.0
1.0
1.0
1.0
1.0
1.0
1.0
1.0
1.0
1.0
1.0
1.0
1.0
1.0
1.0
1.0
1.0
0.9999994
1.0
0.9999999
1.0
1.0
1.0
1.0
0.99999976
0.9999999
0.99999666
0.99999154
0.9999999
1.0
1.0
1.0
1.0
1.0
1.0
1.0
1.0
1.0
1.0
1.0
1.0
1.0
1.0
1.0
1.0
0.9987087
1.0
1.0
1.0
0.9999999
0.99857295
1.0
1.0
1.0
1.0
1.0
1.0
1.0
1.0
0.9999999
0.999997
1.0
1.0
1.0
1.0
1.0
1.0
0.99999976
1.0
1.0
1.0
1.0
1.0
1.0
1.0
1.0
1.0
1.0
1.0
1.0
0.99999976
1.0
1.0
1.0
1.0
0.9999994
1.0
1.0
1.0
0.9999974
0.9999466
0.9999999
1.0
1.0
0.99999344
1.0
0.9999999
1.0
1.0
1.0
1.0
1.0
1.0
0.99997556
1.0
1.0
1.0
1.0
1.0
1.0
1.0
0.9999994
1.0
1.0
1.0
1.0
1.0
0.999106
1.0
1.0
1.0
1.0
1.0
1.0
1.0
1.0
1.0
1.0
0.99999857
1.0
1.0
0.99996734
1.0
1.0
0.9999993
1.0
1.0
1.0
1.0
1.0
1.0
1.0
1.0
1.0
0.99999833
1.0
1.0
1.0
1.0
1.0
0.99789715
1.0
0.99999905
1.0
1.0
1.0
1.0
1.0
0.9999995
1.0
1.0
1.0
1.0
1.0
1.0
1.0
1.0
1.0
1.0
0.99999964
1.0
1.0
1.0
1.0
1.0
0.9999995
1.0
1.0
1.0
1.0
1.0
1.0
1.0
1.0
1.0
1.0
1.0
0.99999976
1.0
1.0
1.0
1.0
1.0
1.0
0.9843349
1.0
1.0
1.0
1.0
1.0
0.9999839
1.0
1.0
1.0
0.9999951
1.0
0.9999982
1.0
0.95443
1.0
1.0
1.0
0.99994683
0.9999968
1.0
1.0
0.99999607
1.0
1.0
0.99999905
1.0
1.0
0.9999993
1.0
1.0
0.9999999
1.0
0.9999999
1.0
0.9999385
1.0
0.99944884
1.0
1.0
0.9999993
1.0
0.9999888
0.9999999
1.0
1.0
1.0
0.99999917
1.0
0.9999994
1.0
0.999997
1.0
1.0
1.0
0.99999964
1.0
0.99999905
1.0
1.0
0.9999981
0.9999999
0.9999989
1.0
0.99999845
1.0
1.0
0.9999993
1.0
0.99987924
0.99976474
1.0
1.0
0.9999995
1.0
1.0
1.0
1.0
0.99999917
1.0
0.99999917
1.0
1.0
1.0
1.0
1.0
1.0
1.0
1.0
1.0
1.0
1.0
1.0
0.9999927
1.0
1.0
0.9999999
1.0
0.99999976
1.0
1.0
1.0
1.0
1.0
1.0
1.0
0.9999993
1.0
1.0
1.0
1.0
0.99999976
1.0
1.0
1.0
1.0
1.0
1.0
1.0
1.0
1.0
1.0
0.9999989
1.0
1.0
1.0
1.0
0.9999999
1.0
1.0
1.0
1.0
1.0
1.0
1.0
1.0
0.99994993
0.99999964
1.0
1.0
0.9999999
1.0
1.0
1.0
1.0
1.0
0.99999976
1.0
1.0
1.0
0.99999964
0.9999963
1.0
0.9999999
1.0
1.0
0.9999924
1.0
0.99999714
1.0
1.0
1.0
1.0
1.0
1.0
1.0
1.0
1.0
1.0
1.0
1.0
1.0
0.99999964
1.0
0.9999999
0.9999999
1.0
0.99999046
1.0
1.0
1.0
1.0
1.0
1.0
1.0
1.0
0.99999285
1.0
0.9999987
1.0
1.0
1.0
0.99998045
1.0
0.9999951
1.0
1.0
0.99999976
1.0
1.0
1.0
0.9999999
1.0
1.0
1.0
0.9999993
0.99999976
0.9999982
1.0
1.0
1.0
1.0
1.0
1.0
1.0
0.9999989
1.0
1.0
0.99998605
1.0
1.0
0.99999976
1.0
1.0
0.99999964
0.99999917
1.0
1.0
1.0
0.99999976
1.0
1.0
0.9999989
1.0
0.99989223
1.0
0.9995648
1.0
1.0
1.0
1.0
0.99999964
1.0
0.99979824
1.0
0.9999993
1.0
0.99999964
0.99999964
0.99999774
1.0
1.0
1.0
0.9999788
1.0
1.0
1.0
1.0
1.0
0.99999964
1.0
1.0
1.0
0.9999975
0.9999988
0.99999714
1.0
0.9999994
1.0
1.0
0.99999845
1.0
1.0
0.9999999
0.9781447
0.9999995
1.0
1.0
0.9999993
0.9999975
1.0
1.0
1.0
1.0
0.9999995
0.9999659
1.0
1.0
1.0
1.0
1.0
1.0
1.0
0.99998975
0.9999604
1.0
1.0
1.0
1.0
1.0
0.9995554
1.0
1.0
1.0
1.0
0.99999976
0.9999999
0.99997485
1.0
0.9999989
1.0
1.0
1.0
0.9999993
1.0
1.0
0.9999999
1.0
1.0
0.9999999
1.0
1.0
1.0
1.0
1.0
0.9999995
0.9999999
1.0
1.0
0.9999999
1.0
1.0
1.0
1.0
1.0
0.99999976
1.0
1.0
1.0
1.0
0.9999995
1.0
1.0
1.0
1.0
1.0
0.99999976
0.9999912
1.0
1.0
1.0
1.0
1.0
1.0
0.99999976
1.0
1.0
0.9999994
0.9999833
1.0
0.9999988
1.0
1.0
1.0
1.0
1.0
1.0
0.9999968
1.0
0.9999999
1.0
0.9999995
1.0
1.0
1.0
0.99999964
0.99999106
1.0
1.0
1.0
1.0
1.0
0.9999999
0.99999976
0.9999995
1.0
1.0
1.0
0.9999999
1.0
1.0
1.0
1.0
1.0
1.0
1.0
1.0
1.0
1.0
1.0
1.0
1.0
0.9999999
1.0
1.0
1.0
1.0
1.0
0.99999917
1.0
1.0
1.0
1.0
1.0
1.0
1.0
1.0
1.0
1.0
1.0
1.0
0.99999046
1.0
1.0
1.0
1.0
1.0
1.0
1.0
0.9999999
1.0
1.0
1.0
1.0
1.0
1.0
1.0
1.0
1.0
1.0
0.9999995
1.0
0.9999999
1.0
1.0
1.0
1.0
1.0
1.0
1.0
1.0
1.0
1.0
0.9999999
1.0
0.9999999
1.0
1.0
0.99999976
1.0
1.0
0.9999999
1.0
0.9999999
1.0
1.0
1.0
1.0
1.0
1.0
1.0
1.0
1.0
1.0
0.9999989
0.9999999
1.0
1.0
1.0
1.0
1.0
0.99999785
1.0
1.0
1.0
0.99999976
1.0
1.0
1.0
1.0
1.0
1.0
1.0
1.0
0.9999999
1.0
1.0
1.0
1.0
0.9999999
0.99999976
1.0
1.0
1.0
1.0
1.0
1.0
1.0
1.0
1.0
0.9999993
1.0
1.0
1.0
1.0
1.0
1.0
1.0
1.0
1.0
1.0
1.0
0.99999976
1.0
1.0
1.0
1.0
1.0
1.0
1.0
0.99999356
0.9999993
1.0
0.9999999
0.9999993
1.0
0.9999809
0.9999049
0.999944
1.0
0.9999913
1.0
1.0
1.0
1.0
1.0
1.0
1.0
1.0
1.0
0.9999995
0.99999964
1.0
1.0
1.0
1.0
1.0
1.0
1.0
0.9999999
1.0
1.0
0.99999964
1.0
1.0
1.0
0.9999995
1.0
0.9999989
1.0
1.0
1.0
1.0
1.0
1.0
1.0
1.0
1.0
1.0
1.0
1.0
1.0
1.0
0.9999982
1.0
0.9999722
0.99999547
1.0
1.0
1.0
1.0
1.0
0.99999654
1.0
1.0
1.0
1.0
1.0
0.99999976
0.9999995
1.0
1.0
0.9999995
0.9999999
0.9999962
1.0
1.0
1.0
0.9999976
1.0
1.0
1.0
1.0
0.99999774
0.99994504
0.99987817
1.0
1.0
1.0
1.0
1.0
1.0
1.0
0.9999994
0.99999785
0.99999976
1.0
1.0
0.99999833
1.0
1.0
1.0
1.0
1.0
0.9999999
1.0
1.0
1.0
1.0
0.99999964
1.0
0.9981596
1.0
0.99999976
0.999946
1.0
0.9999993
0.9999316
1.0
0.99770147
1.0
0.9911869
0.99999976
0.99998486
0.9999993
0.99996233
1.0
1.0
0.9865398
0.99999976
1.0
0.9999994
0.99995196
0.9999999
1.0
1.0
1.0
0.9999989
1.0
1.0
1.0
0.9999994
1.0
1.0
1.0
1.0
0.9999994
1.0
1.0
0.9999994
1.0
1.0
1.0
0.99999976
1.0
1.0
1.0
1.0
0.9999993
1.0
1.0
1.0
0.99999976
0.9999988
1.0
1.0
0.99999964
1.0
0.99998903
1.0
0.9999999
0.99123925
0.9996866
1.0
0.9819328
0.99994457
1.0
1.0
1.0
1.0
0.9999975
1.0
1.0
0.99998736
0.99998057
1.0
0.9999989
0.99288094
0.9998553
0.99999964
0.9999964
1.0
0.99998116
0.99999917
1.0
1.0
0.9999585
0.9999033
1.0
0.9996953
0.93818766
1.0
1.0
1.0
1.0
1.0
0.9999994
1.0
1.0
1.0
1.0
1.0
1.0
1.0
1.0
1.0
1.0
1.0
1.0
1.0
1.0
1.0
1.0
1.0
0.9999999
1.0
0.9999995
1.0
1.0
1.0
1.0
1.0
1.0
1.0
1.0
1.0
0.9999968
1.0
1.0
1.0
1.0
0.9999999
1.0
0.99978906
1.0
1.0
1.0
1.0
1.0
1.0
0.99999785
1.0
1.0
1.0
1.0
1.0
1.0
0.9999616
0.9999999
1.0
1.0
1.0
0.99989927
0.99988115
1.0
1.0
1.0
1.0
1.0
1.0
1.0
1.0
1.0
1.0
1.0
0.9999988
1.0
1.0
1.0
1.0
0.99998915
1.0
1.0
1.0
1.0
1.0
1.0
1.0
0.99991906
1.0
1.0
1.0
0.9999995
1.0
0.9999981
1.0
1.0
1.0
1.0
1.0
1.0
1.0
0.99999964
0.9999999
1.0
1.0
1.0
1.0
1.0
1.0
1.0
1.0
1.0
1.0
1.0
0.9999964
0.99999976
0.99999976
1.0
0.99999857
1.0
1.0
1.0
1.0
1.0
1.0
1.0
1.0
1.0
1.0
1.0
0.9941962
1.0
0.8869133
1.0
0.9999846
0.9999776
0.99999857
1.0
1.0
1.0
0.99994516
1.0
0.99955696
1.0
1.0
0.9999999
0.9999995
1.0
1.0
0.99998856
0.99999905
1.0
0.9999989
1.0
1.0
0.9999993
1.0
0.9999999
1.0
1.0
1.0
1.0
0.9999974
0.9997291
0.9999827
0.92754555
0.99984956
1.0
1.0
1.0
1.0
1.0
1.0
0.99331623
0.9999995
0.99930406
0.9999777
0.9999931
0.99987805
1.0
1.0
0.99983275
1.0
1.0
1.0
1.0
0.9999988
1.0
1.0
1.0
1.0
1.0
1.0
1.0
1.0
1.0
1.0
0.99999964
1.0
0.9654556
1.0
1.0
1.0
1.0
1.0
1.0
1.0
1.0
1.0
1.0
0.99999976
1.0
1.0
1.0
1.0
1.0
1.0
1.0
1.0
1.0
1.0
1.0
0.99999714
1.0
0.99999976
1.0
1.0
1.0
1.0
1.0
0.9999999
1.0
1.0
1.0
1.0
0.99999845
0.9999584
1.0
1.0
1.0
1.0
1.0
1.0
1.0
1.0
1.0
1.0
1.0
1.0
1.0
1.0
1.0
0.9999726
0.9999945
0.9999999
0.9999999
0.9999999
1.0
0.99999964
1.0
1.0
1.0
1.0
1.0
1.0
0.9999999
1.0
0.99999905
1.0
0.99998605
1.0
1.0
1.0
0.9999999
0.9999982
1.0
1.0
1.0
1.0
1.0
1.0
0.9999999
1.0
1.0
0.9999995
1.0
1.0
1.0
0.9999999
0.9999999
1.0
1.0
1.0
1.0
1.0
1.0
0.9999999
1.0
1.0
0.99999833
0.9999958
1.0
1.0
1.0
0.9999995
1.0
1.0
1.0
1.0
1.0
1.0
1.0
1.0
1.0
0.9999938
0.99997103
0.99999213
0.93967116
1.0
1.0
1.0
0.9999999
1.0
0.99999917
0.99999976
0.9999993
0.9999902
0.99999833
1.0
1.0
0.999956
1.0
1.0
0.99999905
1.0
1.0
0.99999964
1.0
0.9999999
0.9999995
1.0
1.0
1.0
1.0
0.8953654
1.0
1.0
1.0
0.9999938
0.99992657
0.9999994
1.0
0.9999999
0.99999976
1.0
0.9999994
1.0
0.99998796
0.9999951
0.99998415
0.99999976
1.0
1.0
1.0
1.0
1.0
1.0
1.0
1.0
1.0
1.0
1.0
1.0
1.0
0.99999905
0.9999999
0.9999999
1.0
1.0
1.0
1.0
1.0
0.95886815
1.0
0.9999999
1.0
0.9992778
0.9893797
1.0
1.0
0.9999999
0.9999597
0.9999883
0.99998975
1.0
0.9999999
0.99561226
0.98975533
1.0
1.0
1.0
1.0
1.0
0.9999238
1.0
0.99999774
1.0
1.0
1.0
1.0
0.9999981
1.0
1.0
1.0
1.0
1.0
1.0
1.0
0.9999999
1.0
0.99999905
0.99999964
0.99999976
0.9999982
1.0
1.0
1.0
1.0
1.0
1.0
1.0
0.9999815
1.0
1.0
1.0
1.0
1.0
1.0
1.0
1.0
1.0
1.0
1.0
1.0
1.0
0.999998
0.9997049
0.9871034
0.9999999
1.0
1.0
1.0
0.9999987
0.9971923
0.9999993
1.0
1.0
1.0
1.0
0.9999932
0.99997103
1.0
0.9999995
1.0
1.0
1.0
1.0
0.99999964
0.9999999
1.0
1.0
1.0
1.0
1.0
1.0
1.0
1.0
0.9989496
1.0
0.6154711
1.0
1.0
1.0
1.0
1.0
1.0
1.0
1.0
1.0
1.0
1.0
1.0
1.0
1.0
0.99999666
1.0
0.99999964
0.9999987
0.9999999
1.0
1.0
1.0
0.9999999
1.0
1.0
1.0
1.0
1.0
1.0
1.0
0.99999976
1.0
0.9999999
1.0
1.0
1.0
1.0
1.0
1.0
1.0
1.0
1.0
1.0
1.0
1.0
1.0
1.0
1.0
1.0
1.0
0.99999034
1.0
1.0
1.0
1.0
1.0
1.0
1.0
1.0
1.0
0.99999976
1.0
1.0
1.0
1.0
1.0
1.0
1.0
1.0
1.0
1.0
1.0
1.0
1.0
1.0
1.0
1.0
0.9999999
1.0
1.0
1.0
1.0
0.9999956
0.99999976
1.0
1.0
0.9999995
1.0
0.99999964
1.0
1.0
1.0
1.0
0.9999609
0.99999857
0.99999976
1.0
0.99999976
1.0
0.999998
0.99903893
0.99999833
0.9999999
1.0
1.0
1.0
1.0
1.0
1.0
1.0
0.99998796
0.98856914
0.9999987
0.99999976
0.9999858
1.0
0.99999845
1.0
0.51045126
1.0
1.0
0.9999999
0.99999964
1.0
1.0
1.0
1.0
1.0
1.0
1.0
0.9999994
1.0
0.9999999
1.0
1.0
1.0
1.0
1.0
1.0
1.0
1.0
1.0
1.0
1.0
1.0
1.0
1.0
1.0
1.0
1.0
1.0
1.0
1.0
1.0
1.0
1.0
0.99999976
1.0
1.0
1.0
1.0
1.0
1.0
1.0
1.0
1.0
1.0
1.0
1.0
1.0
1.0
1.0
1.0
1.0
1.0
0.99971837
1.0
1.0
1.0
1.0
1.0
1.0
1.0
1.0
0.99999607
1.0
1.0
1.0
0.9999999
1.0
1.0
1.0
1.0
1.0
1.0
1.0
1.0
1.0
0.99999976
1.0
1.0
1.0
1.0
1.0
1.0
1.0
1.0
1.0
0.9999999
1.0
1.0
1.0
1.0
1.0
0.9999994
1.0
1.0
1.0
1.0
1.0
1.0
1.0
0.9999999
1.0
1.0
1.0
1.0
1.0
0.99999845
1.0
1.0
1.0
1.0
1.0
1.0
1.0
1.0
1.0
1.0
1.0
1.0
1.0
1.0
1.0
0.99999976
1.0
1.0
1.0
1.0
1.0
1.0
1.0
1.0
1.0
1.0
1.0
1.0
1.0
1.0
1.0
1.0
1.0
1.0
1.0
1.0
1.0
1.0
1.0
1.0
1.0
1.0
1.0
1.0
1.0
1.0
1.0
1.0
1.0
1.0
1.0
1.0
1.0
1.0
1.0
1.0
1.0
1.0
1.0
1.0
1.0
1.0
1.0
1.0
1.0
1.0
1.0
1.0
1.0
1.0
1.0
1.0
1.0
1.0
1.0
1.0
1.0
1.0
1.0
0.9999999
1.0
1.0
1.0
1.0
1.0
1.0
1.0
1.0
1.0
1.0
1.0
1.0
1.0
1.0
1.0
1.0
1.0
1.0
0.9999988
1.0
0.99997294
1.0
1.0
1.0
0.9999995
1.0
1.0
1.0
1.0
1.0
1.0
1.0
1.0
1.0
1.0
1.0
1.0
1.0
1.0
1.0
1.0
1.0
1.0
1.0
1.0
1.0
1.0
0.99999976
1.0
1.0
1.0
1.0
1.0
1.0
1.0
1.0
1.0
1.0
1.0
1.0
1.0
1.0
1.0
1.0
1.0
1.0
1.0
1.0
1.0
1.0
0.99999976
1.0
1.0
1.0
1.0
1.0
1.0
1.0
1.0
1.0
1.0
1.0
1.0
1.0
1.0
1.0
1.0
1.0
1.0
0.9999999
1.0
1.0
1.0
1.0
1.0
1.0
1.0
1.0
1.0
1.0
1.0
0.99999917
1.0
1.0
1.0
1.0
1.0
1.0
1.0
1.0
1.0
1.0
1.0
1.0
1.0
1.0
1.0
1.0
1.0
1.0
1.0
1.0
1.0
1.0
1.0
1.0
1.0
1.0
1.0
1.0
0.9999999
1.0
1.0
1.0
1.0
1.0
1.0
1.0
1.0
1.0
1.0
0.9999989
1.0
1.0
1.0
1.0
1.0
1.0
1.0
1.0
1.0
1.0
1.0
1.0
1.0
1.0
1.0
1.0
1.0
1.0
1.0
1.0
1.0
1.0
0.99991655
1.0
1.0
1.0
1.0
0.9999902
1.0
1.0
1.0
1.0
1.0
1.0
1.0
1.0
1.0
1.0
1.0
1.0
1.0
1.0
1.0
1.0
0.9999999
1.0
0.9999982
1.0
1.0
1.0
1.0
1.0
1.0
0.99999976
1.0
1.0
1.0
1.0
1.0
1.0
1.0
1.0
1.0
1.0
1.0
1.0
1.0
1.0
1.0
1.0
1.0
0.99999845
1.0
1.0
1.0
1.0
1.0
1.0
1.0
1.0
1.0
1.0
1.0
1.0
1.0
1.0
1.0
1.0
1.0
1.0
1.0
1.0
0.9999995
1.0
1.0
1.0
0.9999999
1.0
1.0
1.0
1.0
1.0
1.0
1.0
1.0
1.0
1.0
1.0
1.0
1.0
1.0
0.99999976
1.0
1.0
0.99999976
1.0
0.9999999
1.0
1.0
0.9999994
0.9999927
1.0
1.0
1.0
0.99999654
1.0
0.9999999
1.0
0.9999999
1.0
1.0
1.0
1.0
1.0
1.0
0.9999995
1.0
1.0
1.0
1.0
1.0
1.0
0.9999999
0.99999976
0.99999654
0.9999864
1.0
1.0
1.0
0.9999716
0.9999474
1.0
0.9999958
1.0
0.999998
0.9970771
0.99998367
0.99996805
0.99999845
0.9203937
1.0
1.0
1.0
1.0
0.7806733
0.99983966
0.9999999
1.0
1.0
1.0
0.9999999
0.9999999
1.0
1.0
1.0
1.0
0.99991715
1.0
0.9999974
0.9999938
1.0
1.0
1.0
1.0
0.99998975
0.999992
0.9999968
1.0
1.0
0.999995
1.0
0.99999976
1.0
1.0
1.0
1.0
1.0
0.99999464
0.9999999
1.0
1.0
0.9999999
1.0
1.0
1.0
1.0
1.0
1.0
1.0
0.99999726
1.0
0.99579763
1.0
1.0
1.0
1.0
1.0
1.0
1.0
0.9999999
1.0
1.0
1.0
1.0
1.0
1.0
1.0
1.0
1.0
1.0
1.0
1.0
1.0
1.0
1.0
1.0
1.0
1.0
1.0
1.0
1.0
1.0
1.0
1.0
1.0
1.0
1.0
1.0
1.0
1.0
0.99999297
1.0
1.0
1.0
1.0
1.0
1.0
0.99999976
1.0
1.0
1.0
1.0
1.0
0.9999691
1.0
1.0
1.0
0.9999999
1.0
1.0
1.0
1.0
1.0
1.0
1.0
1.0
0.9999999
1.0
1.0
1.0
1.0
0.9999999
1.0
1.0
0.9999999
1.0
1.0
1.0
1.0
1.0
1.0
1.0
1.0
0.9999999
1.0
1.0
1.0
1.0
0.9997689
1.0
1.0
1.0
1.0
1.0
1.0
1.0
1.0
1.0
0.99999976
0.9999999
0.99999845
1.0
1.0
1.0
1.0
1.0
1.0
1.0
1.0
1.0
0.9999989
1.0
1.0
1.0
1.0
1.0
1.0
1.0
0.9999999
1.0
0.9999999
1.0
1.0
1.0
1.0
1.0
1.0
1.0
1.0
1.0
0.99999774
1.0
1.0
1.0
1.0
1.0
1.0
1.0
0.9999999
1.0
1.0
1.0
0.9999999
1.0
1.0
1.0
1.0
1.0
0.9999999
1.0
1.0
1.0
0.9999994
1.0
1.0
0.99998355
1.0
1.0
1.0
1.0
1.0
1.0
1.0
0.9999994
1.0
1.0
1.0
1.0
1.0
1.0
1.0
0.99999917
1.0
1.0
1.0
1.0
1.0
1.0
0.9999993
0.99999905
1.0
1.0
0.9999995
0.9999734
1.0
1.0
1.0
1.0
0.99999976
0.9999999
1.0
1.0
1.0
1.0
1.0
1.0
1.0
1.0
1.0
1.0
1.0
1.0
1.0
1.0
1.0
1.0
1.0
1.0
1.0
1.0
0.99997246
1.0
1.0
1.0
1.0
1.0
1.0
1.0
1.0
1.0
1.0
1.0
1.0
1.0
1.0
1.0
0.99999964
1.0
1.0
1.0
1.0
1.0
1.0
1.0
1.0
1.0
1.0
1.0
1.0
1.0
1.0
1.0
1.0
1.0
1.0
1.0
0.9999999
1.0
1.0
1.0
1.0
1.0
1.0
1.0
1.0
1.0
1.0
1.0
1.0
1.0
1.0
1.0
1.0
1.0
1.0
1.0
1.0
1.0
1.0
1.0
1.0
1.0
0.9999398
1.0
1.0
1.0
1.0
1.0
1.0
1.0
1.0
1.0
1.0
1.0
1.0
1.0
1.0
1.0
1.0
1.0
1.0
1.0
1.0
1.0
1.0
1.0
1.0
1.0
1.0
1.0
1.0
1.0
1.0
1.0
1.0
0.9999995
1.0
1.0
1.0
1.0
1.0
1.0
0.9990068
1.0
1.0
0.9999999
1.0
1.0
0.9999994
1.0
1.0
1.0
0.9999995
1.0
1.0
1.0
1.0
1.0
0.9999989
1.0
1.0
1.0
1.0
1.0
1.0
1.0
0.9999994
0.99999976
1.0
1.0
1.0
0.99999976
1.0
1.0
1.0
1.0
1.0
1.0
1.0
1.0
1.0
0.9999949
0.9948955
0.99999714
1.0
0.99999857
0.9999989
1.0
1.0
1.0
1.0
1.0
1.0
1.0
1.0
0.9999999
1.0
1.0
1.0
1.0
1.0
1.0
1.0
1.0
1.0
1.0
0.99807656
1.0
1.0
1.0
1.0
1.0
1.0
1.0
1.0
1.0
0.99998474
1.0
0.9999999
1.0
1.0
1.0
1.0
0.99998915
1.0
0.9999994
1.0
1.0
1.0
0.9999999
1.0
1.0
1.0
1.0
1.0
1.0
1.0
0.9999999
0.99999964
1.0
1.0
1.0
1.0
1.0
1.0
0.9999999
1.0
1.0
1.0
1.0
0.9999995
1.0
0.99997544
1.0
1.0
0.99999964
1.0
0.99999166
1.0
1.0
0.999926
1.0
0.9999969
1.0
1.0
0.9922246
1.0
1.0
0.99999976
1.0
1.0
1.0
0.99999607
1.0
1.0
1.0
1.0
0.99915075
1.0
1.0
1.0
1.0
0.99999297
1.0
1.0
1.0
1.0
0.9999988
1.0
1.0
0.8364671
1.0
1.0
1.0
0.9998703
1.0
0.9999989
1.0
0.99850357
0.9999981
0.99254674
1.0
1.0
1.0
1.0
1.0
0.99999666
1.0
1.0
0.99999976
1.0
1.0
1.0
0.9999999
0.9999995
1.0
0.99999964
1.0
1.0
1.0
0.99999976
1.0
0.9999995
1.0
1.0
1.0
1.0
0.99999976
1.0
1.0
1.0
0.9999957
1.0
1.0
1.0
1.0
0.99999774
1.0
1.0
1.0
0.9999989
1.0
1.0
0.9999987
1.0
0.9999999
1.0
0.8489572
1.0
1.0
1.0
0.99999976
1.0
1.0
0.9989497
0.99999976
0.9999999
1.0
1.0
0.99977714
1.0
1.0
1.0
1.0
1.0
1.0
1.0
0.9999876
0.99999964
1.0
1.0
1.0
0.99980515
0.999998
1.0
0.99999976
1.0
0.99975365
0.99999976
1.0
0.9910862
1.0
0.9991429
0.99999976
1.0
0.9999378
1.0
0.9772538
1.0
1.0
1.0
1.0
0.9999999
1.0
0.9503328
1.0
0.99979764
0.995423
0.9777297
0.99999964
1.0
0.9999875
0.7113679
0.9993845
0.9999999
0.99872285
1.0
1.0
1.0
0.99999344
1.0
0.9999999
0.9999864
0.99261206
1.0
1.0
1.0
0.9999999
0.99989283
1.0
0.9999999
0.99772054
1.0
0.99999464
0.99955374
0.9999938
0.9999999
1.0
1.0
0.99823004
1.0
1.0
0.99977714
1.0
1.0
1.0
0.99999976
0.99998415
0.9999628
0.8099094
1.0
1.0
1.0
1.0
0.99999976
1.0
0.9999993
0.9998042
0.99999964
0.9999999
1.0
0.9999999
0.8470068
0.99591225
0.9997503
1.0
1.0
1.0
0.9957699
0.99999404
0.9998832
0.99999976
1.0
1.0
1.0
1.0
1.0
1.0
1.0
1.0
1.0
1.0
1.0
1.0
0.99993837
1.0
0.99998486
1.0
1.0
0.99999964
0.9999999
1.0
1.0
1.0
1.0
1.0
0.99998343
1.0
1.0
0.99999976
0.99999964
0.99997926
1.0
0.9999844
1.0
0.9999937
0.99999547
1.0
1.0
0.99999976
0.9999999
0.99999917
1.0
1.0
1.0
0.9999567
0.9999982
1.0
1.0
0.99995446
0.9999999
0.8759092
0.99999833
0.99999964
0.99997485
0.9999896
1.0
1.0
0.9999994
1.0
0.99999964
1.0
0.9999831
1.0
1.0
1.0
1.0
0.99999976
0.98977333
1.0
0.93041915
0.9999999
1.0
1.0
0.9999999
1.0
1.0
0.99999213
1.0
0.9996791
1.0
1.0
0.99995697
1.0
1.0
1.0
1.0
1.0
1.0
1.0
1.0
1.0
0.90897316
0.9999286
1.0
0.9999994
1.0
1.0
1.0
0.9999969
0.99996805
1.0
0.9999999
1.0
1.0
1.0
1.0
1.0
0.99999905
0.9999999
0.9999999
0.9714433
1.0
1.0
1.0
1.0
0.9999993
1.0
1.0
0.9999981
0.99999964
1.0
1.0
1.0
1.0
1.0
0.9999993
1.0
0.9999989
0.99999976
1.0
0.99999774
0.9999993
1.0
1.0
1.0
0.9999999
1.0
0.9999999
0.9866284
0.99995446
0.99999857
1.0
1.0
0.99999976
0.9999999
0.9999994
0.9991099
0.9999995
1.0
0.91167086
1.0
1.0
1.0
1.0
0.999967
0.999984
1.0
0.9999964
1.0
1.0
1.0
0.99999976
1.0
1.0
1.0
1.0
0.99999833
1.0
1.0
1.0
1.0
1.0
1.0
0.9997882
1.0
0.99999917
1.0
0.99999976
0.99732107
1.0
1.0
1.0
0.9982231
0.99999774
0.9999994
0.9999958
1.0
0.9884227
1.0
0.99999857
0.9996314
0.99999964
0.99994886
1.0
1.0
1.0
1.0
1.0
1.0
1.0
1.0
0.99996626
0.99996245
0.99991715
0.9992906
0.99998915
1.0
1.0
1.0
1.0
1.0
1.0
0.9999807
1.0
1.0
0.99999845
1.0
1.0
1.0
1.0
1.0
0.9997688
0.99999964
1.0
1.0
1.0
1.0
1.0
0.99999976
1.0
0.9999999
1.0
1.0
1.0
1.0
1.0
1.0
1.0
0.99999917
0.9999989
0.99998546
1.0
1.0
1.0
1.0
0.9999895
1.0
1.0
1.0
1.0
0.9999993
1.0
1.0
0.9999999
0.9999999
0.9999995
1.0
1.0
1.0
1.0
1.0
1.0
1.0
1.0
1.0
1.0
1.0
1.0
0.99999917
0.99991786
1.0
1.0
1.0
1.0
0.9999999
0.99999905
1.0
0.9999933
1.0
0.99970347
0.99999964
0.9225287
1.0
0.99999976
0.99999964
1.0
1.0
1.0
1.0
1.0
1.0
1.0
0.99999464
1.0
1.0
1.0
1.0
1.0
1.0
