1.0
1.0
1.0
1.0
1.0
1.0
1.0
1.0
0.99604493
0.9999845
1.0
0.9999999
0.9999887
1.0
1.0
0.99999976
0.9999912
1.0
0.9932105
1.0
0.9999987
0.999998
1.0
1.0
1.0
1.0
0.9999999
1.0
0.9999995
1.0
1.0
1.0
0.9999999
0.99999726
1.0
1.0
0.99999535
1.0
0.99999917
0.9999999
1.0
0.9999949
1.0
0.9999951
0.99999833
0.9999999
0.9999976
1.0
0.9999989
1.0
0.9999999
1.0
1.0
1.0
1.0
1.0
1.0
1.0
0.99999905
0.9999976
1.0
1.0
0.9811927
0.99993324
0.9999999
0.9999999
0.9999999
1.0
1.0
1.0
1.0
1.0
1.0
0.99974865
0.9999999
1.0
1.0
1.0
0.9999944
0.9999999
0.9999969
1.0
1.0
1.0
1.0
1.0
1.0
0.9999726
1.0
1.0
1.0
1.0
0.98789924
0.999998
1.0
0.9999949
0.99947053
0.999997
1.0
1.0
1.0
1.0
1.0
1.0
0.9999596
0.9999999
1.0
1.0
0.99999654
1.0
1.0
0.9999968
1.0
1.0
1.0
0.99995637
1.0
1.0
0.99999094
0.99961734
0.99999964
0.9999999
1.0
1.0
0.99990237
0.999808
0.99999976
1.0
1.0
1.0
1.0
1.0
0.99999917
0.99999964
1.0
1.0
0.9999999
1.0
1.0
0.999998
1.0
1.0
0.9999993
1.0
1.0
1.0
1.0
1.0
1.0
0.9990804
0.9999994
0.97299427
1.0
1.0
1.0
1.0
1.0
1.0
0.9998449
1.0
0.9999536
1.0
1.0
1.0
1.0
1.0
1.0
0.9969982
1.0
1.0
1.0
0.9999368
1.0
0.999998
1.0
0.99996555
1.0
1.0
1.0
1.0
1.0
1.0
0.9999999
1.0
0.9990007
0.9999896
1.0
0.9999999
1.0
0.9999999
0.99999917
0.9999949
1.0
0.9976719
0.9999999
0.99958855
1.0
1.0
0.9999989
0.9998847
1.0
1.0
1.0
1.0
1.0
1.0
0.99997294
0.9999993
1.0
0.9827283
1.0
0.99922895
1.0
1.0
0.999892
0.9999994
1.0
0.9997633
1.0
1.0
1.0
0.9999777
1.0
1.0
1.0
1.0
0.99999905
1.0
1.0
1.0
1.0
1.0
1.0
0.99999964
1.0
0.99999046
1.0
1.0
1.0
1.0
0.99999964
0.9994029
0.99999
0.99999106
0.99999964
0.9999472
1.0
0.9997943
1.0
1.0
0.9999999
1.0
1.0
1.0
1.0
0.99999714
0.9999999
0.99999976
1.0
0.84982437
1.0
0.9999999
1.0
0.9999995
0.9991872
1.0
0.9996829
1.0
0.9999999
1.0
0.99999857
1.0
0.9999999
0.9999976
0.99999535
0.9999999
1.0
1.0
1.0
1.0
0.9999999
1.0
0.9995796
1.0
0.9999981
1.0
0.99999833
1.0
1.0
0.9999993
0.99970394
0.9999993
0.9991543
1.0
1.0
1.0
1.0
0.9999949
0.9999995
1.0
1.0
0.9999995
1.0
1.0
1.0
0.99999976
1.0
1.0
1.0
1.0
1.0
1.0
1.0
0.9999994
1.0
1.0
1.0
0.99989533
0.99999774
1.0
0.9870394
0.98206973
0.99998736
1.0
0.99999905
0.9999999
0.996003
1.0
1.0
1.0
1.0
1.0
1.0
0.9999994
1.0
1.0
0.9992816
0.9999857
0.9999999
0.99986017
0.60998476
1.0
1.0
1.0
1.0
1.0
1.0
0.9999994
1.0
1.0
0.99999726
1.0
0.9999982
1.0
1.0
0.99999976
1.0
0.9999999
0.9854109
0.9319242
1.0
1.0
0.9995982
1.0
1.0
1.0
0.99997675
1.0
0.9999255
1.0
1.0
1.0
1.0
1.0
1.0
1.0
0.9999999
1.0
1.0
1.0
1.0
0.99853206
1.0
1.0
1.0
1.0
0.99999464
1.0
1.0
0.9999924
1.0
0.9998449
1.0
0.99999976
0.99999857
0.99999845
1.0
0.9999956
0.9999989
0.9999999
1.0
1.0
1.0
0.99999976
0.9999981
1.0
0.9999995
1.0
1.0
1.0
1.0
0.99999464
0.98755217
1.0
0.99999535
0.999998
1.0
0.98589444
1.0
1.0
1.0
1.0
0.99997437
1.0
1.0
1.0
1.0
0.9999999
1.0
1.0
1.0
0.99999976
1.0
0.99999774
1.0
0.99999845
1.0
1.0
1.0
0.9999994
1.0
0.9999999
1.0
1.0
0.9972844
0.9503223
0.9999007
0.9783572
0.99437654
0.8284248
0.9997899
1.0
1.0
1.0
0.9999753
1.0
0.9999993
0.9999814
1.0
1.0
0.9997162
1.0
0.9999908
1.0
0.99914217
1.0
1.0
1.0
0.9999995
0.99999976
1.0
0.99999917
1.0
1.0
1.0
1.0
1.0
1.0
0.9999995
0.9997143
1.0
1.0
1.0
1.0
1.0
1.0
1.0
0.99998486
0.99999917
1.0
0.99999833
0.9999989
0.999997
1.0
1.0
0.9874763
1.0
0.998978
0.9999932
1.0
1.0
1.0
0.9999987
1.0
0.9999999
1.0
1.0
0.9999845
0.99998724
0.99999976
1.0
0.9999987
1.0
1.0
1.0
0.99999964
1.0
1.0
1.0
1.0
1.0
0.99999917
1.0
0.99999964
1.0
1.0
0.9999999
0.9999982
0.99999845
1.0
0.99992156
1.0
0.9999999
1.0
0.99999964
1.0
0.9999876
1.0
1.0
1.0
0.99999464
1.0
0.9996841
0.492018
1.0
1.0
1.0
0.99999714
0.99999917
1.0
1.0
0.99960357
0.9999956
1.0
1.0
1.0
1.0
0.99973375
0.9999956
0.99999917
1.0
0.9999994
1.0
0.99999964
1.0
1.0
1.0
1.0
0.99999964
0.99999976
0.9999999
0.99951124
0.9999999
1.0
1.0
0.99999917
1.0
1.0
0.99999917
1.0
1.0
0.9999999
0.9902688
0.8393964
1.0
1.0
1.0
0.9999999
0.9999963
1.0
1.0
0.9956417
1.0
0.9998913
0.99999976
1.0
1.0
0.99999774
0.99998677
0.99999964
1.0
1.0
1.0
0.9999994
1.0
0.9999999
1.0
1.0
1.0
1.0
0.99999964
1.0
1.0
0.99999845
1.0
1.0
0.9999974
1.0
0.9998597
0.99659675
1.0
1.0
1.0
1.0
0.9999999
0.9790699
1.0
0.99999666
0.9999969
0.99999225
1.0
1.0
1.0
1.0
0.9999999
0.9999913
1.0
0.99999213
1.0
0.99999666
0.99999976
1.0
0.99999285
1.0
1.0
0.9993573
0.986547
1.0
1.0
0.9999999
0.9999963
0.9999999
1.0
1.0
1.0
0.99999964
1.0
1.0
0.999959
0.8717915
1.0
0.99999654
1.0
1.0
1.0
1.0
1.0
0.9999976
1.0
1.0
1.0
0.99999225
1.0
0.9999875
0.91270167
0.99999976
0.9999994
0.99999857
0.9999598
0.9999993
1.0
0.99999857
1.0
1.0
0.67436135
0.99999523
1.0
1.0
0.9999995
0.99984765
1.0
0.9983936
1.0
1.0
0.9999995
1.0
1.0
1.0
0.999969
0.9999993
0.99999976
1.0
1.0
1.0
1.0
1.0
0.9999999
0.99999666
1.0
1.0
1.0
0.99999964
0.9999993
1.0
0.9999995
0.9999887
0.973669
0.9929951
1.0
1.0
0.9997819
1.0
1.0
0.99881625
1.0
1.0
0.9926271
1.0
0.99999607
1.0
0.99999976
1.0
1.0
0.9999994
1.0
1.0
1.0
1.0
0.9999329
0.9999982
0.9855436
0.9999658
1.0
0.9999999
1.0
1.0
0.9999753
1.0
0.9999999
1.0
1.0
0.9999994
1.0
1.0
1.0
1.0
0.9999999
1.0
0.99999976
0.9999999
0.9999696
0.99998736
0.9999999
1.0
1.0
1.0
1.0
1.0
1.0
0.99999845
1.0
1.0
0.9999999
1.0
0.9999989
1.0
1.0
1.0
1.0
1.0
0.9996476
0.999966
0.9999999
1.0
1.0
0.99999523
0.9997931
1.0
1.0
0.9999926
0.99999654
0.9976882
1.0
1.0
1.0
1.0
1.0
0.9999956
1.0
1.0
0.99998045
1.0
1.0
1.0
0.9999958
1.0
1.0
1.0
1.0
1.0
0.9999627
1.0
1.0
0.9656975
1.0
1.0
0.999998
0.99999726
1.0
1.0
1.0
1.0
1.0
0.99999964
1.0
1.0
1.0
1.0
1.0
0.9998982
1.0
0.99999976
1.0
0.9997677
0.9999999
1.0
1.0
1.0
1.0
0.999956
0.9999999
1.0
1.0
1.0
0.6126154
0.9999989
0.9995859
1.0
1.0
1.0
1.0
1.0
1.0
1.0
0.99999857
1.0
0.9999999
0.9999951
1.0
0.9999956
1.0
1.0
0.9999993
1.0
1.0
1.0
0.9999995
1.0
1.0
1.0
0.99996626
1.0
0.999998
1.0
0.99999404
1.0
1.0
0.9999958
0.99999964
1.0
1.0
0.9995975
0.7376948
0.6752276
1.0
0.99999225
1.0
1.0
0.99998736
1.0
0.99999976
1.0
1.0
0.9999995
0.9999999
0.9998634
0.9999994
1.0
0.99999666
1.0
0.9981317
1.0
0.9999391
0.9999732
1.0
1.0
0.9999354
1.0
1.0
0.9999989
1.0
1.0
1.0
0.9999999
1.0
1.0
0.999997
1.0
1.0
1.0
1.0
1.0
1.0
1.0
0.98107994
1.0
1.0
1.0
0.9999969
1.0
0.9999999
1.0
0.9999988
1.0
0.9999999
0.99999917
0.99999094
1.0
0.5669987
0.9997447
0.9998491
1.0
0.99999976
1.0
0.9999995
1.0
0.9999987
0.96692497
1.0
0.9999988
0.9999856
0.99997973
0.99997973
1.0
0.9999999
0.99995387
0.9978644
1.0
0.99856097
1.0
1.0
1.0
0.9993185
1.0
1.0
0.6859529
0.99998784
1.0
1.0
0.99995136
0.9999995
1.0
1.0
1.0
1.0
1.0
0.9999999
1.0
0.99999976
0.9999999
1.0
1.0
0.99995744
1.0
0.9999999
1.0
0.9999994
1.0
1.0
1.0
1.0
1.0
0.9999393
0.99999976
0.9999995
1.0
1.0
1.0
1.0
0.9994758
0.9999999
1.0
0.99999845
0.9999999
0.99999917
1.0
0.9999602
1.0
0.99999833
1.0
0.9999999
1.0
0.99999905
1.0
0.9921787
1.0
1.0
0.99999917
1.0
1.0
1.0
0.99926156
0.99973553
1.0
0.99999964
1.0
0.9999796
1.0
0.9999994
1.0
1.0
0.9999994
0.99999774
0.9995777
1.0
0.9999999
1.0
1.0
1.0
0.71982
1.0
1.0
0.99999976
1.0
0.99980813
0.98950267
0.9999999
1.0
1.0
1.0
0.9999995
0.9999975
1.0
1.0
1.0
1.0
0.99999344
1.0
0.9999999
0.99999964
1.0
1.0
0.98279184
0.9999999
0.9999999
1.0
1.0
1.0
0.99994886
0.9999999
1.0
1.0
0.9999968
0.9999999
1.0
1.0
1.0
1.0
1.0
1.0
1.0
0.99977547
0.99999845
1.0
1.0
0.9999999
0.99999976
1.0
0.9999999
0.99999833
0.99998045
1.0
1.0
1.0
1.0
0.9999999
1.0
1.0
1.0
1.0
1.0
0.99999905
1.0
1.0
1.0
0.99999964
1.0
0.9866132
0.9999974
1.0
1.0
1.0
0.8978306
1.0
0.9858591
1.0
1.0
1.0
0.9999982
0.99996483
1.0
0.99996316
0.99999905
0.9999999
1.0
0.9999999
0.99999964
1.0
0.9992817
1.0
0.99996555
1.0
1.0
0.99999976
1.0
1.0
1.0
1.0
0.999992
1.0
1.0
0.9999969
1.0
0.9999939
1.0
1.0
0.999998
0.9999924
1.0
0.9999999
0.99999976
1.0
0.99998975
0.999987
0.99999964
1.0
0.9999089
1.0
1.0
1.0
1.0
0.9999999
1.0
1.0
0.99999475
0.99999285
0.99985766
1.0
1.0
0.9999312
1.0
0.9999994
1.0
0.9999994
1.0
1.0
1.0
1.0
0.99997234
1.0
1.0
0.97831285
0.780596
1.0
1.0
0.9999999
1.0
1.0
1.0
1.0
1.0
0.99984276
0.9874988
1.0
0.99999976
1.0
1.0
1.0
0.99999523
0.9999999
1.0
1.0
0.9998709
1.0
0.9995189
1.0
0.9998641
1.0
0.9999933
0.9999969
1.0
0.9999999
0.9999918
1.0
0.9999999
0.99999845
0.99999917
0.99999404
1.0
1.0
1.0
0.9999989
1.0
0.99999964
0.99928087
1.0
0.9842929
0.99999976
0.99932456
1.0
1.0
0.9999999
0.99901164
0.9999988
0.9999999
0.9999995
1.0
1.0
1.0
0.99999976
1.0
0.99999523
0.8818944
1.0
0.999998
1.0
1.0
0.49753645
0.99982053
1.0
1.0
0.9999875
0.99999905
1.0
1.0
0.99999964
0.9992717
1.0
0.999987
1.0
0.50057554
1.0
1.0
0.9996619
0.99999607
1.0
0.999992
1.0
1.0
1.0
0.99999976
1.0
0.9997602
0.99999404
0.99999976
1.0
1.0
1.0
1.0
0.99992776
1.0
0.9999207
0.99872285
1.0
1.0
1.0
0.9999999
0.9999902
1.0
0.9946753
0.99757403
1.0
0.9999862
1.0
1.0
1.0
0.9999968
1.0
1.0
0.9503014
1.0
0.99999344
0.9999999
0.9999994
1.0
1.0
1.0
0.9999999
0.99999964
1.0
0.99998474
0.99999917
0.9999999
1.0
1.0
0.9999956
1.0
1.0
1.0
0.5589182
1.0
1.0
1.0
1.0
1.0
1.0
0.9993543
1.0
0.99982363
1.0
0.999998
0.99995995
1.0
1.0
0.9999938
0.9999999
1.0
0.9943083
1.0
0.9989875
1.0
1.0
1.0
0.9999763
0.99999964
0.99999774
1.0
0.99999964
1.0
0.99999976
1.0
1.0
1.0
1.0
1.0
0.99999845
0.9999987
1.0
1.0
1.0
1.0
1.0
0.9999999
1.0
0.8006669
0.99999917
0.99999976
1.0
1.0
1.0
1.0
1.0
1.0
1.0
1.0
1.0
1.0
0.99997556
0.9999925
1.0
1.0
1.0
1.0
0.9999999
1.0
0.9950079
0.99999964
1.0
1.0
1.0
1.0
0.99998593
1.0
0.8653329
0.9639683
0.9999987
1.0
0.99999976
0.99999774
1.0
1.0
1.0
0.9998988
0.9999888
0.99999976
0.9999999
0.9999995
1.0
0.99999976
0.9999999
1.0
0.9999707
1.0
1.0
0.78121996
0.89993495
1.0
0.9999989
0.9999993
1.0
1.0
1.0
0.9999999
0.999258
1.0
0.9981583
1.0
0.9999995
0.99999845
0.9942674
1.0
0.99999905
1.0
0.99999976
1.0
0.999961
0.9999044
1.0
0.99930143
0.99999106
0.9999989
0.9988682
1.0
1.0
0.9994542
0.99999976
1.0
0.9999995
1.0
1.0
1.0
1.0
1.0
0.99933845
1.0
0.99999964
0.9999976
1.0
0.99999976
0.99982387
1.0
1.0
1.0
0.99999905
0.9999689
1.0
0.9999709
0.99997926
1.0
0.9999666
1.0
1.0
1.0
1.0
1.0
1.0
0.99999964
1.0
1.0
1.0
1.0
0.9999994
0.99968255
1.0
1.0
1.0
1.0
1.0
1.0
1.0
1.0
1.0
0.99994457
1.0
0.9966084
1.0
0.9999976
0.99999964
1.0
0.99999976
0.9999558
0.99999833
0.9999999
1.0
1.0
0.9999993
1.0
1.0
0.9997807
0.99988997
0.9999939
1.0
0.99999964
1.0
0.9999993
1.0
0.9999995
1.0
1.0
1.0
0.98930067
1.0
0.90412617
0.9999777
1.0
1.0
1.0
0.9681078
1.0
1.0
0.99798006
0.99998903
0.9999999
1.0
0.9999999
0.9999999
1.0
1.0
1.0
1.0
1.0
1.0
1.0
0.999987
1.0
1.0
1.0
0.99999154
1.0
0.99839455
1.0
0.9999746
1.0
0.9815182
0.97660136
1.0
1.0
1.0
0.9999746
0.98551756
1.0
1.0
0.99998593
1.0
1.0
1.0
0.9999999
1.0
1.0
0.91485965
0.9999536
1.0
1.0
1.0
1.0
1.0
0.9999918
1.0
1.0
0.9999956
1.0
0.9999932
1.0
0.9999999
0.9999995
1.0
1.0
0.99992824
1.0
1.0
0.99999547
1.0
0.9999989
1.0
0.9999658
0.9999924
1.0
0.9999813
1.0
1.0
0.9984359
0.9999993
1.0
1.0
1.0
1.0
1.0
0.9997502
1.0
0.999816
1.0
0.6136618
1.0
0.99999964
0.99999976
1.0
0.9999994
0.9999988
0.99998975
1.0
0.99999845
0.85129005
1.0
1.0
0.99999976
1.0
0.9999701
0.99999905
1.0
1.0
1.0
0.9999783
1.0
1.0
0.99999905
1.0
1.0
0.99997425
1.0
1.0
0.9999826
0.99445844
1.0
1.0
1.0
1.0
1.0
1.0
0.9997341
0.99999785
1.0
1.0
1.0
1.0
0.9996244
1.0
1.0
1.0
1.0
1.0
0.9999999
1.0
1.0
1.0
1.0
1.0
1.0
0.99999976
1.0
1.0
0.9998447
0.99986875
0.9999999
0.9996911
0.99999976
1.0
0.99998736
1.0
0.9949786
1.0
1.0
0.5404875
0.99999774
1.0
1.0
1.0
0.96703744
0.9999999
1.0
0.99999464
1.0
0.99999917
1.0
1.0
1.0
0.99998915
0.9999993
0.99999976
1.0
1.0
1.0
0.9999938
0.9999559
1.0
1.0
1.0
0.99999976
0.9999974
1.0
0.60918796
0.9999993
0.99999964
1.0
1.0
0.99999535
1.0
0.99999726
0.91754985
0.9997638
1.0
1.0
0.9999784
0.9936255
1.0
1.0
0.9999976
1.0
0.9999999
1.0
0.9999999
0.99999547
1.0
0.9999945
1.0
1.0
1.0
1.0
0.9152226
1.0
1.0
1.0
0.9999995
1.0
0.99999917
1.0
1.0
1.0
0.9999993
0.99998593
1.0
1.0
0.99999833
1.0
1.0
0.96202415
0.9999968
1.0
1.0
0.99999964
0.999998
1.0
0.99999964
1.0
1.0
0.99999976
0.9999999
1.0
1.0
1.0
0.999998
1.0
0.99999833
0.99958414
0.999998
0.99999034
1.0
1.0
1.0
1.0
1.0
1.0
0.9999809
0.9999541
1.0
1.0
0.9999937
1.0
1.0
0.999995
1.0
0.76222473
1.0
0.9999999
1.0
1.0
1.0
1.0
0.9999999
0.99999404
1.0
0.99149513
0.99999905
0.99999976
1.0
1.0
1.0
0.9999974
1.0
0.99938846
0.9998412
0.9999999
0.9999256
1.0
0.99998474
0.9999974
1.0
1.0
1.0
0.9999999
0.99994993
1.0
1.0
0.99996984
1.0
1.0
0.99999964
1.0
1.0
0.9938991
0.99999976
1.0
0.99999034
1.0
0.9999851
0.9999999
1.0
1.0
1.0
0.99999905
0.9999981
1.0
1.0
1.0
0.99994767
0.9999951
1.0
1.0
0.95871943
1.0
1.0
0.999997
0.9999969
0.9999988
0.9999933
1.0
0.99999905
0.99999714
0.99999106
1.0
1.0
1.0
0.9999999
1.0
1.0
1.0
0.9999982
0.9999993
1.0
0.9988586
0.99999857
1.0
0.9998271
1.0
0.9999999
0.9999988
1.0
1.0
1.0
0.9989447
1.0
0.9818286
0.99999857
0.9999895
0.9999125
1.0
1.0
1.0
1.0
0.99999774
1.0
1.0
1.0
1.0
1.0
0.99999976
1.0
0.9999949
1.0
0.9999994
0.9992926
0.9998541
0.99968135
1.0
0.8364057
0.9999932
1.0
1.0
1.0
1.0
0.9970229
0.99999964
0.99999213
1.0
0.9999999
1.0
1.0
1.0
0.9999999
1.0
1.0
1.0
1.0
1.0
1.0
1.0
1.0
0.9999968
1.0
1.0
0.99999547
0.9999999
1.0
0.9999993
1.0
1.0
1.0
1.0
0.9999994
0.9999964
0.99999857
1.0
0.9999981
1.0
1.0
0.9999964
1.0
1.0
0.9999604
0.9999956
0.9999819
1.0
0.9999999
0.9999422
1.0
0.99997103
0.9989931
0.99719787
1.0
1.0
1.0
1.0
1.0
1.0
0.9999993
0.9999999
0.9999999
1.0
1.0
0.9999963
0.99990356
0.9999863
1.0
1.0
0.99999905
1.0
1.0
0.99999285
1.0
1.0
1.0
1.0
0.9999994
0.98886514
1.0
0.9999926
1.0
1.0
0.9999355
0.99999964
0.9999999
1.0
1.0
0.9999906
0.99999833
0.9999969
0.9999999
0.99999857
0.9999999
0.9999287
0.99995065
0.9999999
0.999992
1.0
1.0
1.0
1.0
0.99999905
1.0
0.9999999
0.9999994
1.0
1.0
1.0
1.0
0.99999976
1.0
0.9986808
1.0
0.8041472
1.0
1.0
0.9999994
1.0
0.9999815
0.98094696
0.99999285
1.0
1.0
0.99999535
0.9999987
1.0
1.0
1.0
0.9999974
1.0
0.97878236
0.99999964
0.99999356
1.0
1.0
0.956375
1.0
0.9999999
0.97814
0.99939394
1.0
1.0
0.99999857
0.99998426
0.99999416
1.0
1.0
0.999998
0.850296
0.9999989
0.99998105
1.0
0.9999981
0.99993825
1.0
1.0
1.0
1.0
0.99982697
1.0
1.0
0.99999964
1.0
0.99998784
1.0
0.9432045
0.9999999
1.0
1.0
0.99998796
0.9999999
0.99999976
0.99999964
1.0
1.0
1.0
1.0
1.0
1.0
0.9999486
1.0
1.0
1.0
1.0
0.99999464
0.99998176
1.0
1.0
0.98700106
0.9999994
0.9999958
1.0
0.9999999
0.5205289
0.99987304
1.0
0.9999999
1.0
1.0
1.0
0.9999957
1.0
0.9996717
1.0
0.8247404
1.0
1.0
1.0
0.99998784
1.0
1.0
0.99992836
1.0
0.6158988
1.0
1.0
1.0
1.0
1.0
1.0
0.9999883
1.0
1.0
1.0
0.45357695
0.99976915
0.9999974
1.0
0.9999999
1.0
0.9963314
0.9999988
1.0
0.99999857
1.0
1.0
1.0
1.0
1.0
1.0
1.0
1.0
0.9999949
0.99993587
1.0
0.9999999
1.0
1.0
0.99999976
1.0
1.0
1.0
1.0
0.9999987
0.9999994
0.99999976
0.9998305
0.9996158
1.0
1.0
1.0
0.9999535
1.0
0.9999374
0.99997497
1.0
1.0
1.0
1.0
0.9999751
1.0
1.0
1.0
1.0
0.99999964
1.0
0.9999987
0.9853012
1.0
1.0
0.9955967
0.9918513
1.0
0.9999716
0.9799699
1.0
1.0
1.0
0.9999989
1.0
0.9998598
1.0
1.0
0.9997682
1.0
0.99997663
1.0
1.0
1.0
0.9999999
1.0
1.0
1.0
1.0
1.0
1.0
1.0
0.99993205
1.0
1.0
0.99907255
0.999998
1.0
0.9999999
1.0
1.0
1.0
0.9999999
1.0
0.99992585
0.9951121
1.0
1.0
1.0
1.0
1.0
1.0
0.99979645
1.0
0.99999917
1.0
1.0
0.99904686
1.0
1.0
1.0
1.0
0.9999957
1.0
0.99999964
0.9999999
1.0
0.99999976
1.0
1.0
1.0
1.0
1.0
0.9999995
1.0
1.0
1.0
0.99999964
0.9999999
0.9999697
1.0
1.0
1.0
1.0
1.0
1.0
0.98726
1.0
0.9999995
1.0
1.0
1.0
0.9968573
1.0
0.9999999
1.0
0.999998
1.0
1.0
0.9999933
0.9973584
1.0
1.0
1.0
1.0
1.0
0.9999987
1.0
0.9999993
1.0
1.0
0.9999989
0.99995506
0.60480875
1.0
1.0
0.9999994
1.0
0.99999833
0.99997675
0.9999789
1.0
0.9999832
1.0
1.0
1.0
1.0
1.0
0.99989545
1.0
1.0
1.0
1.0
1.0
0.9999094
1.0
1.0
1.0
0.9999949
1.0
0.99998224
1.0
1.0
1.0
1.0
0.9999999
0.9999876
0.99999976
1.0
0.8953103
1.0
0.99999976
0.9999999
0.9999999
0.9999999
1.0
1.0
1.0
0.9999999
0.99999523
1.0
0.9999577
0.99999774
0.95720404
0.9999999
0.99999845
1.0
1.0
1.0
1.0
1.0
0.9999988
1.0
1.0
1.0
0.9999999
1.0
1.0
0.99999905
1.0
1.0
1.0
1.0
1.0
1.0
1.0
0.9999994
1.0
1.0
0.65709156
0.9999989
0.99993527
1.0
1.0
1.0
1.0
1.0
0.99998224
0.99999857
1.0
0.98891896
0.9999995
0.9999238
1.0
0.99999976
1.0
0.99999976
0.9004169
0.99999976
1.0
1.0
1.0
0.99999785
0.99999845
0.9999999
0.9999783
0.9999876
0.9999999
0.9999993
0.9999999
0.9999999
1.0
1.0
1.0
1.0
0.9999993
0.8727821
0.9999995
0.9999939
0.99999976
1.0
1.0
1.0
1.0
0.6669143
1.0
1.0
0.9999995
1.0
1.0
0.99999905
0.9999999
0.9958702
0.99999976
1.0
0.9999455
0.9630871
1.0
1.0
1.0
1.0
1.0
1.0
0.99990785
0.999908
1.0
1.0
0.99980897
0.9999732
1.0
1.0
0.9999492
1.0
0.9999999
1.0
0.9999993
1.0
0.95266414
0.9988794
0.9999982
0.9999999
1.0
1.0
1.0
0.7515296
0.9998547
0.9999999
0.99999094
1.0
1.0
0.999998
1.0
0.9997193
1.0
0.99999857
1.0
1.0
1.0
1.0
0.9999999
1.0
1.0
0.99999046
1.0
0.9999999
1.0
0.99998724
0.9999926
0.9999995
1.0
0.9999982
1.0
0.9999989
1.0
0.99999416
1.0
1.0
1.0
0.9550032
0.9999974
1.0
1.0
1.0
1.0
0.99999964
1.0
0.99993074
0.99999917
1.0
1.0
1.0
1.0
1.0
1.0
1.0
1.0
1.0
1.0
1.0
1.0
1.0
0.9999999
0.999961
0.9999999
0.9827824
1.0
0.9984409
1.0
0.99999917
1.0
1.0
0.9999902
1.0
0.9999498
1.0
0.99999833
0.9998963
0.99999976
0.9986582
1.0
1.0
1.0
0.9996848
0.9999914
0.9590034
0.9999999
1.0
1.0
1.0
1.0
0.99997604
1.0
0.9999956
0.9999993
0.99999964
0.99999785
1.0
1.0
0.9996594
1.0
1.0
0.9999995
0.9999994
1.0
1.0
1.0
0.9999231
1.0
1.0
0.99999464
0.9998109
1.0
1.0
0.9999999
1.0
1.0
1.0
0.9999995
1.0
0.9998159
0.9999831
0.99999976
1.0
0.9992913
0.9999975
1.0
1.0
0.9999988
0.9991955
1.0
1.0
0.9999999
0.9734197
1.0
1.0
0.9999906
0.99999833
1.0
1.0
0.99998593
0.9999999
1.0
1.0
0.9999994
0.99999917
0.99999976
0.99995506
0.9995197
0.9999994
0.99999964
1.0
1.0
0.99999857
0.9999927
1.0
0.9999987
1.0
0.99701905
1.0
0.9999999
0.99984705
0.9999994
0.9999999
1.0
1.0
1.0
1.0
0.9999987
0.99994195
1.0
0.9999999
1.0
1.0
0.99999475
0.9999993
0.9999993
1.0
1.0
1.0
1.0
0.9990772
0.999721
1.0
1.0
1.0
0.9967583
0.999998
0.9999995
0.9999987
1.0
1.0
0.9999994
1.0
1.0
1.0
0.99999976
1.0
1.0
0.9998275
1.0
1.0
0.99999225
1.0
0.99998176
0.9982778
1.0
1.0
1.0
1.0
0.99995756
1.0
1.0
1.0
1.0
1.0
0.9999994
1.0
1.0
0.9990601
1.0
0.99936956
0.999992
0.99998915
0.99999917
1.0
1.0
1.0
1.0
0.99117565
1.0
0.9999999
1.0
1.0
0.9999918
0.9999994
0.9999989
0.9996718
1.0
1.0
0.99998677
1.0
1.0
1.0
1.0
1.0
0.9999093
1.0
0.9999999
0.9999999
1.0
0.9999987
1.0
1.0
0.9999999
0.9999989
0.9999752
1.0
1.0
1.0
1.0
1.0
1.0
1.0
0.9999603
1.0
0.9999999
1.0
0.9999999
0.99999785
1.0
0.5123898
0.9999999
1.0
1.0
1.0
1.0
1.0
1.0
1.0
1.0
0.999252
0.99999976
0.9999999
1.0
0.9999981
0.9999975
0.9999473
1.0
1.0
1.0
0.99998784
1.0
0.48950934
0.9999968
1.0
0.9999999
1.0
1.0
1.0
0.99999964
0.99997914
0.9999987
1.0
0.9999999
0.99990165
0.9999893
0.99999213
1.0
0.9918994
1.0
0.96209407
0.9999907
1.0
1.0
0.9999995
1.0
1.0
1.0
1.0
0.9998615
0.9971155
0.98511094
1.0
0.99999607
1.0
0.9999989
1.0
1.0
0.99961424
1.0
0.99906045
0.99999
0.9999969
1.0
1.0
1.0
1.0
1.0
1.0
1.0
1.0
0.9999999
1.0
1.0
1.0
0.9999999
0.99999976
1.0
1.0
1.0
1.0
1.0
1.0
0.9999596
1.0
0.9999999
1.0
1.0
0.99999976
1.0
0.99982786
0.99999964
0.99999964
1.0
0.9976762
1.0
1.0
1.0
0.99999917
1.0
0.9999999
1.0
0.9999982
0.99980026
0.9999994
0.99999523
1.0
0.9999993
1.0
0.99999607
0.99999845
0.9999927
0.99998343
1.0
0.99999595
1.0
0.9930347
1.0
1.0
1.0
1.0
1.0
1.0
0.99999714
0.9999999
0.9999889
1.0
0.9999999
1.0
1.0
0.9999043
0.9995098
1.0
0.99991417
0.9999523
1.0
1.0
1.0
0.9994417
1.0
0.9964629
1.0
1.0
0.9967847
1.0
1.0
1.0
1.0
1.0
1.0
1.0
1.0
1.0
1.0
1.0
0.9999994
0.9999269
0.9999963
1.0
1.0
1.0
1.0
1.0
0.9999993
1.0
1.0
1.0
1.0
1.0
1.0
1.0
0.9999924
0.9999999
1.0
0.9999924
1.0
0.9990232
1.0
0.9999995
1.0
0.99999976
1.0
0.99999833
1.0
1.0
0.99999976
0.99999595
1.0
0.9999999
1.0
0.99992204
1.0
1.0
0.9998555
0.99999917
0.9999578
0.99994135
1.0
1.0
1.0
0.99999917
0.93480444
0.9999999
0.99999964
0.99999964
0.9999856
0.99999845
0.5118129
1.0
0.99999535
0.9998241
1.0
1.0
0.99999976
0.99999976
1.0
1.0
0.99999976
0.9998473
0.8558646
0.9999982
0.99999976
1.0
1.0
1.0
0.99996316
0.9999994
1.0
0.9999999
1.0
1.0
1.0
0.9997514
0.8181059
1.0
1.0
0.99999845
1.0
1.0
0.9999716
1.0
0.9999012
1.0
1.0
0.9999993
1.0
0.999124
1.0
1.0
1.0
0.9985667
1.0
0.9999995
0.9999999
1.0
1.0
0.9996755
0.9999993
1.0
0.9998248
1.0
1.0
1.0
0.9999999
1.0
1.0
0.99999714
0.99999976
1.0
1.0
0.9974139
0.9999982
1.0
0.99999964
1.0
0.9445234
1.0
1.0
1.0
1.0
0.9999962
0.9999999
1.0
1.0
0.99999106
0.9923194
1.0
0.99999976
1.0
1.0
1.0
1.0
0.9999311
1.0
1.0
1.0
1.0
1.0
1.0
1.0
1.0
0.9999788
0.9999964
0.9999963
1.0
1.0
0.99999917
1.0
1.0
0.99999964
0.8906771
1.0
1.0
0.99997497
0.9999963
1.0
1.0
1.0
0.99999976
1.0
1.0
1.0
1.0
1.0
1.0
1.0
1.0
0.9999999
1.0
1.0
1.0
1.0
1.0
1.0
1.0
1.0
0.99987173
1.0
0.99999964
0.9996842
0.9994615
1.0
0.9985637
0.9999999
1.0
1.0
1.0
1.0
1.0
0.9999875
0.99999774
1.0
1.0
0.7788615
1.0
0.99999917
1.0
0.9999999
0.9999999
1.0
1.0
1.0
1.0
1.0
1.0
0.9999999
1.0
1.0
0.9999995
0.9999999
0.9999995
0.9999814
0.9999999
1.0
1.0
1.0
1.0
1.0
0.99999976
1.0
0.99997604
1.0
0.99992657
0.9999989
0.9999999
1.0
0.99999714
1.0
0.9995234
0.99953544
0.9999999
1.0
0.9999994
1.0
0.9984457
0.9999994
1.0
0.9975695
1.0
1.0
0.9999999
0.9999989
0.99981123
1.0
0.99999976
1.0
1.0
1.0
1.0
0.9196065
0.9980385
1.0
0.999446
0.999635
0.99999475
1.0
0.9999999
1.0
0.9999999
1.0
1.0
1.0
0.9999999
1.0
1.0
0.99999845
0.9999999
0.9999999
0.9999999
0.9999999
1.0
1.0
0.9999999
1.0
1.0
1.0
1.0
0.99915266
1.0
1.0
0.9999945
1.0
1.0
1.0
1.0
0.99999547
0.9999472
1.0
1.0
1.0
0.9999999
0.9999999
0.99807954
0.99999166
1.0
1.0
0.99998295
1.0
0.9999999
1.0
0.9999999
0.9999999
1.0
1.0
0.99999905
0.9999999
1.0
1.0
1.0
0.999395
0.9999999
1.0
1.0
0.9999999
1.0
1.0
0.9999815
1.0
1.0
0.99999976
1.0
1.0
0.999997
1.0
1.0
0.99992895
0.9999248
0.9999999
1.0
0.99999964
0.9999999
1.0
1.0
0.99999917
1.0
1.0
1.0
1.0
0.9998628
1.0
1.0
1.0
0.997698
1.0
1.0
0.79561013
1.0
1.0
1.0
0.99999976
1.0
1.0
1.0
1.0
1.0
0.999987
0.9998242
1.0
0.9999354
0.9999988
0.99998903
1.0
1.0
1.0
1.0
1.0
1.0
1.0
1.0
1.0
0.99351716
0.9997018
0.99999857
1.0
0.99972385
1.0
1.0
1.0
1.0
1.0
0.9999852
0.9999981
1.0
0.99997616
1.0
1.0
0.9999999
0.99999976
1.0
0.9999995
1.0
1.0
1.0
0.99998736
1.0
1.0
1.0
0.9999993
1.0
1.0
0.9999521
1.0
1.0
0.9999999
1.0
1.0
1.0
0.9999739
0.9861162
0.9367621
1.0
0.9999982
0.99999964
1.0
1.0
0.9999993
1.0
1.0
1.0
1.0
1.0
1.0
1.0
0.99999976
1.0
1.0
0.9999999
1.0
1.0
1.0
1.0
1.0
0.99996114
1.0
1.0
1.0
0.9998337
0.99999976
1.0
0.9999994
1.0
0.9999951
1.0
0.9999927
1.0
1.0
0.99999404
1.0
0.99999976
0.9999263
0.99282336
0.99999905
1.0
0.9999981
0.9999999
1.0
0.9984066
0.99985313
0.9999875
1.0
1.0
1.0
0.99766916
0.99998796
0.9999678
0.999997
1.0
0.99999976
1.0
0.9999999
0.9999999
1.0
1.0
1.0
1.0
1.0
1.0
1.0
0.9999976
1.0
1.0
0.9999974
1.0
1.0
0.9999988
0.99999976
1.0
0.99999976
1.0
0.9994295
1.0
1.0
0.99999976
0.99999964
0.9999988
0.9999995
0.9999999
0.9999914
1.0
1.0
1.0
1.0
1.0
0.99999666
0.8378609
0.9999999
1.0
0.99999976
0.9999968
1.0
1.0
1.0
0.99999857
1.0
0.9973579
1.0
1.0
1.0
0.9999999
1.0
1.0
1.0
0.9999999
1.0
0.9999999
1.0
1.0
1.0
0.99999976
1.0
0.9999746
0.99995637
0.99998
1.0
0.9999999
1.0
0.9999889
0.9999987
0.99999595
1.0
0.9999999
1.0
0.9970591
1.0
0.99999976
0.9999999
0.9999609
0.9999987
1.0
0.9999999
0.9999995
1.0
1.0
1.0
1.0
1.0
1.0
1.0
1.0
0.9999993
1.0
0.998814
0.9999989
1.0
1.0
1.0
1.0
0.99999595
0.99746275
1.0
1.0
0.9998336
1.0
0.999997
1.0
1.0
1.0
0.99897575
0.9999999
0.99999845
0.999974
0.9999943
1.0
1.0
0.9999988
1.0
1.0
1.0
0.99998975
0.9999987
1.0
1.0
1.0
0.9999993
0.9993606
0.9972882
1.0
0.9999999
0.99999976
1.0
1.0
1.0
1.0
0.99999356
1.0
1.0
1.0
1.0
0.9999981
0.99999976
0.99998105
0.9999893
0.9999796
1.0
0.9999999
1.0
1.0
1.0
1.0
1.0
1.0
0.9999994
1.0
0.9845955
1.0
0.9999999
0.9999995
1.0
1.0
0.99999523
1.0
0.99688846
1.0
1.0
1.0
1.0
1.0
1.0
0.99999976
0.9999999
0.99986994
1.0
0.9999975
1.0
0.99999976
0.99985254
0.9999999
0.99999964
1.0
0.99969053
0.9999987
1.0
1.0
0.9999671
0.9693775
1.0
0.99999976
0.99999905
1.0
0.9999268
0.9999945
0.99999285
1.0
0.99999976
1.0
1.0
1.0
0.9999999
1.0
0.9999993
0.99244654
1.0
1.0
0.99999964
1.0
0.99996877
0.9999999
0.99999285
0.95888656
0.9941632
1.0
1.0
1.0
1.0
1.0
0.9999999
1.0
1.0
1.0
1.0
1.0
0.9999999
1.0
0.9999989
0.99991167
0.999995
1.0
1.0
1.0
1.0
0.9999448
0.9999999
1.0
1.0
1.0
0.99999964
1.0
0.99999964
1.0
0.9999908
1.0
0.9989832
0.9999987
1.0
0.99999976
1.0
0.9999999
0.9996675
0.99997735
0.9978776
0.9999956
0.99961746
1.0
1.0
0.9999999
1.0
1.0
0.99999964
1.0
1.0
1.0
1.0
1.0
0.9999999
1.0
1.0
0.9999999
1.0
0.99652606
1.0
0.9999999
1.0
1.0
1.0
1.0
1.0
0.97443795
1.0
1.0
0.99999607
1.0
1.0
1.0
1.0
0.99999976
0.9999751
0.9999695
1.0
1.0
0.9999999
0.99999976
1.0
1.0
1.0
1.0
1.0
0.99998677
1.0
1.0
1.0
1.0
1.0
1.0
0.9999945
1.0
1.0
1.0
1.0
0.9999536
1.0
1.0
1.0
0.99993205
1.0
0.9999857
1.0
1.0
1.0
1.0
0.9999838
1.0
1.0
1.0
1.0
1.0
1.0
1.0
1.0
1.0
1.0
0.9999999
0.985951
1.0
0.9999999
1.0
1.0
1.0
0.99999976
0.99999845
1.0
0.9999968
1.0
1.0
0.99999964
1.0
0.9999999
1.0
1.0
1.0
1.0
1.0
1.0
0.6039541
1.0
1.0
1.0
0.9996573
1.0
1.0
0.99999714
0.9999994
0.99999905
1.0
1.0
0.9999999
0.99999964
0.99999106
1.0
0.99970657
1.0
0.9999999
0.9999604
1.0
0.9999989
0.99999106
1.0
0.98125964
0.9989961
0.9999994
0.9997396
0.99920064
1.0
1.0
1.0
1.0
1.0
0.9999999
1.0
1.0
0.99999964
0.9999995
1.0
0.999926
1.0
1.0
1.0
1.0
1.0
1.0
0.99883753
1.0
0.9985222
1.0
1.0
0.9999912
0.9999745
0.9999896
0.99998724
1.0
1.0
1.0
1.0
0.9999503
0.99999845
0.9999999
0.9999993
0.9981489
0.5301593
1.0
1.0
1.0
0.99999976
0.9999994
1.0
1.0
1.0
0.9998841
1.0
0.98734415
0.9999999
0.9947077
1.0
0.99984026
0.99999833
1.0
0.9999937
1.0
0.99999976
1.0
0.99999964
0.99999714
0.99998355
1.0
1.0
0.9985662
1.0
0.9999156
1.0
0.99999964
0.99999833
1.0
0.9997868
1.0
1.0
1.0
1.0
0.99768317
1.0
0.50296557
1.0
0.9999713
0.9259999
0.9999994
1.0
1.0
1.0
1.0
0.99998045
0.99999833
1.0
0.9999726
0.99476105
1.0
0.99999964
1.0
1.0
1.0
1.0
1.0
0.99999976
1.0
0.99929094
1.0
0.9999993
1.0
1.0
0.9999616
1.0
0.9998877
1.0
0.99993765
1.0
1.0
1.0
1.0
1.0
0.9999987
1.0
0.99999976
1.0
0.726681
1.0
0.9999999
0.8652818
1.0
0.99999547
0.999936
0.99999726
1.0
0.99795973
1.0
0.999992
0.9996251
1.0
0.99999976
1.0
1.0
1.0
1.0
0.99087465
1.0
0.99998784
0.9999999
1.0
1.0
1.0
0.9999989
1.0
0.99998534
0.9999982
1.0
0.9999999
1.0
1.0
0.99999416
0.9999958
1.0
1.0
0.9999999
0.9999995
0.99999964
1.0
1.0
0.90421766
0.9999999
1.0
1.0
1.0
0.99999917
1.0
0.99999905
1.0
0.9877302
1.0
1.0
1.0
0.75293875
1.0
0.9999999
0.99998903
1.0
0.9999999
1.0
0.9999995
1.0
1.0
0.9999999
0.9999999
1.0
1.0
1.0
1.0
1.0
0.9999999
0.9999651
1.0
0.9928699
1.0
1.0
1.0
1.0
0.9999999
1.0
1.0
1.0
1.0
0.99999976
1.0
0.9999858
0.9991596
0.9999995
0.7979404
0.9999999
0.99860543
1.0
1.0
0.99993515
1.0
0.9999999
1.0
0.9998178
0.998492
0.9999999
1.0
0.9999964
1.0
1.0
0.9999995
1.0
1.0
1.0
0.9999999
0.99998355
1.0
0.9999999
1.0
1.0
1.0
0.9808022
0.99999523
0.99999595
0.99999535
1.0
1.0
1.0
0.9999999
0.99452424
0.9999999
0.99999833
1.0
1.0
0.99999905
1.0
0.9999999
0.9999418
0.99289495
0.99999726
0.99999917
0.99999964
1.0
1.0
1.0
0.9999987
1.0
0.9999943
0.99915516
1.0
0.9999844
0.9999999
1.0
0.9999982
0.99999714
0.99999964
1.0
1.0
0.9999999
1.0
0.8338031
1.0
0.99999964
1.0
1.0
1.0
0.99999964
1.0
0.9995382
1.0
0.99542457
0.9992322
1.0
1.0
1.0
0.99999106
1.0
1.0
1.0
1.0
0.99227554
1.0
0.9999995
0.9994823
0.99999917
1.0
1.0
1.0
1.0
1.0
0.99999905
1.0
1.0
0.9999993
1.0
1.0
1.0
0.99999774
1.0
1.0
0.9999926
1.0
1.0
1.0
1.0
0.99998033
0.99972326
1.0
1.0
0.99999523
1.0
1.0
0.9999999
1.0
0.9999999
0.99999976
0.98599154
1.0
0.99991715
1.0
0.9999999
1.0
1.0
1.0
0.99999344
1.0
1.0
1.0
0.9849089
1.0
0.99999976
0.6615881
1.0
1.0
0.99999964
1.0
1.0
0.9999982
1.0
0.9999988
1.0
0.9999496
1.0
1.0
0.99999976
0.9999999
0.99918956
1.0
0.99999535
1.0
1.0
0.99999905
0.9999995
0.9999931
0.9999994
0.9999932
1.0
1.0
1.0
1.0
0.9999988
1.0
1.0
0.9999999
0.9999554
0.9999902
1.0
0.99999976
1.0
0.9999778
0.9995802
1.0
0.99999917
0.9999993
1.0
1.0
0.99998283
0.9999988
0.99898857
0.9999664
1.0
1.0
1.0
1.0
0.99999976
1.0
1.0
0.99995613
1.0
1.0
0.9999467
1.0
0.9999808
0.99999964
0.9999999
0.9999784
0.99999976
1.0
0.9999981
0.9999999
1.0
0.999961
0.99999964
1.0
1.0
0.99999976
1.0
0.9995858
1.0
0.9999949
1.0
0.9999907
0.9999962
1.0
1.0
1.0
0.9995022
0.9999999
0.9999999
0.9999995
1.0
1.0
1.0
1.0
0.9999317
1.0
1.0
0.9996444
1.0
0.8815833
0.9999937
1.0
1.0
0.99998724
1.0
0.9999982
0.99997723
0.99999976
0.9999999
1.0
1.0
1.0
1.0
1.0
1.0
0.99999905
0.99890447
0.9998074
1.0
0.9999782
1.0
0.9999962
0.9999901
1.0
0.9966035
1.0
0.9999999
1.0
0.94938433
1.0
0.9999999
0.99999976
1.0
1.0
0.9998871
0.9996947
0.9999999
1.0
1.0
0.99999976
1.0
1.0
0.9999999
1.0
0.9999999
1.0
0.9999999
0.98594683
1.0
1.0
1.0
0.99999976
1.0
1.0
1.0
1.0
1.0
1.0
1.0
1.0
0.99999964
0.9994351
0.99987924
1.0
1.0
1.0
0.99999845
0.99974686
0.9999995
1.0
1.0
0.7515238
1.0
1.0
1.0
1.0
1.0
0.99999964
0.99912375
0.9476803
1.0
1.0
0.9999838
0.9999956
0.9999894
1.0
0.9999974
1.0
0.9815745
0.999992
1.0
1.0
0.99999285
1.0
0.9992993
0.99999976
1.0
1.0
1.0
1.0
0.9999999
1.0
1.0
0.99999404
0.9999871
0.99999976
0.99999976
0.98417217
0.999998
1.0
0.9996536
1.0
0.88719004
1.0
1.0
1.0
0.99994886
0.9999541
0.9999999
1.0
0.9997304
0.9999987
0.9999653
0.999985
0.99999523
0.99999917
1.0
1.0
1.0
0.9849139
1.0
1.0
0.9999995
1.0
1.0
1.0
0.99986124
0.9999418
0.9992048
1.0
0.99999774
1.0
0.99999976
1.0
0.9999963
1.0
0.9999982
1.0
0.9999968
1.0
1.0
1.0
0.99999046
0.999782
1.0
1.0
0.9999958
1.0
1.0
1.0
1.0
0.9999993
0.9999995
1.0
1.0
1.0
0.9999999
0.9940653
1.0
1.0
1.0
1.0
0.999974
0.9992956
1.0
1.0
1.0
1.0
0.9999901
1.0
0.9999988
0.9999999
0.98312896
0.9306265
1.0
1.0
0.9996532
1.0
0.9999999
1.0
1.0
0.9999995
0.7286159
1.0
1.0
1.0
1.0
0.99604344
1.0
1.0
0.9999988
1.0
1.0
0.9999318
1.0
0.9992169
0.99999905
0.99534684
0.9999995
0.99999976
0.99999976
1.0
1.0
0.9999894
0.9998853
1.0
0.9999924
1.0
0.9999999
1.0
0.9999968
1.0
0.999966
0.99233913
0.9999938
1.0
0.9998903
1.0
0.9934617
1.0
1.0
0.9999666
1.0
1.0
1.0
1.0
0.9999999
1.0
1.0
1.0
1.0
1.0
0.99997926
0.99999285
0.9999964
0.99999964
1.0
0.99991536
0.9667303
1.0
0.99999964
1.0
0.99989355
1.0
1.0
1.0
0.99096465
0.99999917
0.9999684
0.9999994
0.99977785
0.9999999
0.99957484
0.99999774
0.999997
1.0
0.66678447
1.0
1.0
1.0
1.0
1.0
0.9999976
1.0
0.9999924
1.0
0.9999999
0.9988747
0.99999964
1.0
1.0
1.0
1.0
0.9999999
1.0
1.0
0.9999397
1.0
1.0
1.0
1.0
1.0
1.0
1.0
1.0
1.0
1.0
1.0
1.0
1.0
0.98897934
1.0
0.99999356
0.99999964
1.0
0.99999964
1.0
0.9999999
1.0
0.99999976
0.9993079
0.9999931
0.9983753
1.0
0.9999999
1.0
1.0
0.99998593
1.0
1.0
0.7827391
0.99929094
1.0
0.98015594
1.0
1.0
0.99999607
0.98769253
0.99238366
0.9999999
0.9942682
1.0
0.9999969
1.0
0.99991965
1.0
1.0
0.9999999
0.9999999
1.0
1.0
0.9999994
0.9999552
0.9999999
0.9999119
0.9999999
1.0
1.0
1.0
1.0
1.0
0.99998
1.0
1.0
1.0
1.0
1.0
0.99991095
1.0
0.7939893
1.0
0.99999905
1.0
0.9999975
1.0
1.0
0.99998355
1.0
1.0
1.0
0.99964035
0.9998271
1.0
0.9999976
0.9985092
0.9999368
0.9999999
0.9999999
0.99999714
0.9999995
1.0
0.9999982
1.0
0.9999813
1.0
1.0
0.9999945
1.0
1.0
0.99998224
0.99999976
1.0
0.9999323
0.9999895
0.780385
0.99999964
1.0
1.0
0.99827063
1.0
1.0
0.99971074
0.9996333
1.0
1.0
1.0
1.0
0.9999999
0.9999933
1.0
1.0
1.0
1.0
1.0
1.0
0.9999989
1.0
0.9998754
1.0
0.99999917
1.0
0.99999166
1.0
1.0
0.5769078
1.0
1.0
0.9999697
1.0
1.0
0.99999976
0.9999999
1.0
0.9999895
1.0
1.0
1.0
0.999998
0.71468794
1.0
0.9999995
0.9999999
0.9999151
0.99959964
1.0
1.0
1.0
1.0
1.0
0.9999976
1.0
1.0
1.0
0.9999995
1.0
1.0
0.9999887
1.0
0.99995744
1.0
1.0
1.0
0.8715547
0.99999905
1.0
1.0
0.99999714
0.99999917
1.0
1.0
0.9999999
1.0
1.0
1.0
1.0
1.0
1.0
1.0
1.0
0.99400854
0.9999999
0.9999993
0.9999995
0.9999559
1.0
0.9975318
0.9999813
1.0
0.999998
1.0
1.0
0.9999989
1.0
1.0
0.99974304
1.0
0.99999034
1.0
1.0
1.0
1.0
1.0
0.999966
1.0
0.99997115
0.99999774
1.0
1.0
1.0
1.0
1.0
1.0
1.0
0.99901915
1.0
0.99999857
1.0
1.0
0.99998796
0.9999361
1.0
0.99999964
0.9893113
0.9999989
0.9999974
0.9999912
1.0
1.0
1.0
0.99999833
0.9999989
1.0
1.0
0.9999981
1.0
0.9982279
0.9999769
1.0
1.0
1.0
1.0
1.0
1.0
0.9999436
1.0
1.0
0.9999677
0.9999987
0.9999999
1.0
0.9999999
1.0
0.9999957
1.0
0.99581367
1.0
1.0
1.0
0.99999905
0.99999714
1.0
0.9999993
0.99984014
0.99129784
0.9999999
0.9999999
0.9999455
0.9999989
1.0
0.99999964
1.0
1.0
1.0
1.0
0.99992836
0.9999999
1.0
1.0
0.99999785
1.0
1.0
1.0
0.9999927
0.9999989
0.9969078
1.0
0.9999782
1.0
1.0
0.9999999
1.0
1.0
0.9999999
1.0
1.0
1.0
1.0
1.0
1.0
0.99999917
1.0
1.0
1.0
1.0
1.0
1.0
0.9962754
1.0
0.9999999
0.9999999
1.0
0.9999999
0.99999905
1.0
0.9999999
1.0
1.0
0.9999932
0.9999999
1.0
1.0
0.99997425
1.0
1.0
0.9999988
1.0
1.0
1.0
1.0
1.0
0.84397054
0.9999106
1.0
1.0
1.0
1.0
1.0
0.67185867
0.99999964
0.99936765
1.0
1.0
0.9999976
1.0
1.0
1.0
0.89070535
1.0
0.9999999
0.9999999
1.0
0.99999785
0.99999905
1.0
0.99999714
1.0
0.99999976
0.9999982
0.9999995
0.99999976
0.98898447
0.973327
0.99999595
0.9999993
0.9999926
0.99999976
1.0
0.9999999
1.0
0.9999752
1.0
1.0
1.0
1.0
0.99999976
0.999997
1.0
0.9999974
0.9999995
0.99997866
0.99999404
1.0
1.0
0.81773293
0.9998456
1.0
0.99999917
1.0
1.0
0.99999976
0.99999654
1.0
1.0
1.0
1.0
1.0
0.99999976
0.890511
1.0
0.99997747
0.9999999
1.0
0.99994147
0.99679106
0.99999976
0.9993419
1.0
0.9999685
1.0
0.99495935
0.99999774
0.9999167
1.0
0.99999857
1.0
1.0
1.0
0.9999999
1.0
1.0
0.99999976
0.9999994
1.0
0.99999464
1.0
0.9999628
1.0
1.0
1.0
1.0
0.9999974
1.0
0.9999988
0.9999987
0.9999964
1.0
1.0
0.9999999
0.9999819
1.0
1.0
0.9999901
1.0
1.0
0.99999964
1.0
1.0
0.9999927
1.0
1.0
1.0
1.0
1.0
1.0
1.0
1.0
1.0
0.999974
1.0
0.9999999
0.9999999
0.99999976
0.9997309
1.0
0.99999976
0.9998802
0.9999504
0.9999751
1.0
1.0
1.0
1.0
1.0
0.99998677
0.99997914
0.9997794
1.0
0.9999995
1.0
0.9855907
1.0
1.0
0.99999905
0.99999976
1.0
1.0
1.0
1.0
1.0
0.9999963
0.9999975
0.99996924
0.9999999
0.9999999
0.99999607
1.0
1.0
1.0
0.9999999
1.0
1.0
0.99657923
0.99998856
1.0
0.99999964
0.99997914
1.0
0.9999994
0.99996996
1.0
1.0
1.0
0.9987664
0.99198323
1.0
1.0
0.9999974
1.0
0.9992151
1.0
0.9998716
1.0
1.0
0.9999969
0.99999917
1.0
1.0
1.0
1.0
1.0
1.0
0.99999845
0.99990225
1.0
1.0
1.0
1.0
1.0
0.9999975
1.0
0.99999905
1.0
1.0
1.0
0.99999976
0.9999987
1.0
0.99999976
1.0
1.0
1.0
1.0
0.99999154
1.0
1.0
1.0
1.0
1.0
0.99999917
1.0
1.0
1.0
1.0
1.0
1.0
1.0
1.0
1.0
1.0
0.99999416
1.0
1.0
1.0
1.0
0.99999833
1.0
1.0
1.0
1.0
1.0
0.99999964
1.0
1.0
1.0
1.0
0.9999964
1.0
1.0
1.0
1.0
0.9999615
0.9999888
1.0
0.99999976
1.0
1.0
1.0
0.99997437
1.0
1.0
1.0
0.9999995
1.0
1.0
1.0
1.0
0.9999989
1.0
0.99999344
0.99999464
1.0
0.99999344
1.0
1.0
1.0
1.0
1.0
1.0
1.0
1.0
0.99999857
1.0
0.99999917
0.99998415
1.0
1.0
1.0
1.0
0.99999845
0.9999982
1.0
0.9999999
1.0
1.0
1.0
1.0
1.0
0.99999905
1.0
1.0
1.0
1.0
0.9999999
1.0
0.9999999
1.0
1.0
1.0
1.0
1.0
0.9578827
1.0
1.0
1.0
0.9999999
1.0
1.0
1.0
0.9999962
0.99999225
1.0
1.0
1.0
0.99990046
0.9999987
1.0
0.9999987
0.9999999
0.99998987
0.9999993
1.0
1.0
1.0
1.0
1.0
0.99999595
1.0
1.0
0.9999974
1.0
1.0
1.0
0.84892887
0.9999999
1.0
1.0
1.0
1.0
0.99731654
1.0
0.9999925
1.0
1.0
1.0
0.99999976
1.0
1.0
0.9999999
0.99999976
0.9999522
0.9999999
1.0
1.0
1.0
1.0
0.9999993
0.999998
1.0
1.0
1.0
0.9999969
1.0
1.0
0.9999999
1.0
1.0
1.0
0.9998977
1.0
1.0
0.9999999
1.0
0.98560494
1.0
0.9986192
1.0
0.99998426
1.0
1.0
0.9999999
0.9999006
1.0
0.9999999
0.99999213
1.0
1.0
1.0
0.9999994
0.99999976
1.0
0.9999999
0.99999964
0.9999999
0.99998987
0.9999789
1.0
0.9999999
1.0
1.0
1.0
1.0
0.9875809
1.0
1.0
1.0
1.0
0.99999976
1.0
0.99999976
1.0
0.9999999
0.9999999
1.0
1.0
1.0
0.99999833
1.0
0.9999999
1.0
0.99170727
1.0
1.0
1.0
0.99998474
1.0
1.0
1.0
1.0
0.99999976
1.0
1.0
1.0
1.0
1.0
0.9999945
0.99995697
1.0
1.0
0.9938269
1.0
1.0
0.9950954
0.9999957
0.9999988
1.0
1.0
0.9999999
1.0
1.0
1.0
1.0
0.99779415
0.9999999
1.0
1.0
1.0
0.9999995
1.0
1.0
1.0
1.0
0.9999535
1.0
1.0
1.0
1.0
1.0
1.0
1.0
1.0
1.0
0.9999969
0.99999976
1.0
1.0
1.0
1.0
1.0
1.0
1.0
1.0
1.0
1.0
1.0
0.9999963
1.0
1.0
1.0
0.9999988
1.0
1.0
1.0
1.0
1.0
1.0
1.0
1.0
1.0
1.0
1.0
1.0
1.0
1.0
1.0
0.58941245
1.0
1.0
1.0
1.0
1.0
1.0
1.0
0.99999976
1.0
1.0
1.0
0.9999888
1.0
1.0
1.0
1.0
1.0
1.0
1.0
0.9999999
1.0
1.0
1.0
1.0
1.0
1.0
1.0
1.0
0.999998
1.0
1.0
1.0
1.0
1.0
1.0
1.0
1.0
1.0
1.0
1.0
1.0
1.0
1.0
0.99999535
1.0
0.9999999
1.0
0.9999999
0.9999988
1.0
1.0
1.0
1.0
1.0
1.0
1.0
0.999998
1.0
1.0
1.0
1.0
1.0
1.0
1.0
1.0
0.9999999
1.0
1.0
1.0
0.9999851
1.0
0.9999999
1.0
0.9999995
1.0
0.99982554
1.0
1.0
1.0
1.0
1.0
1.0
1.0
1.0
0.9999999
0.9999987
1.0
1.0
0.99999976
0.9999999
1.0
1.0
0.9999906
1.0
1.0
0.9999999
1.0
1.0
1.0
1.0
1.0
1.0
1.0
1.0
1.0
1.0
1.0
1.0
1.0
1.0
1.0
1.0
1.0
1.0
1.0
0.99999964
1.0
0.99976414
0.9999845
1.0
1.0
1.0
1.0
1.0
0.9999993
0.9922896
1.0
0.9999999
1.0
1.0
1.0
1.0
1.0
1.0
1.0
1.0
1.0
1.0
1.0
1.0
1.0
1.0
1.0
1.0
1.0
1.0
1.0
1.0
1.0
1.0
1.0
1.0
1.0
1.0
1.0
1.0
1.0
1.0
1.0
0.9999995
1.0
1.0
1.0
1.0
1.0
1.0
1.0
1.0
1.0
1.0
0.9999994
1.0
0.99999976
1.0
1.0
1.0
1.0
1.0
1.0
1.0
1.0
1.0
1.0
1.0
1.0
1.0
1.0
0.9999974
1.0
1.0
0.99593157
0.99999905
1.0
1.0
0.9999957
0.9999312
0.99999976
1.0
0.9999993
1.0
0.9999994
1.0
1.0
1.0
0.99999475
0.99998677
1.0
0.99999905
1.0
1.0
1.0
1.0
1.0
1.0
0.9999733
0.99929225
0.99999964
1.0
1.0
1.0
1.0
1.0
1.0
1.0
0.99999976
1.0
1.0
0.99999976
1.0
0.99999547
1.0
1.0
0.99997544
0.99999976
1.0
1.0
1.0
0.9999472
1.0
1.0
1.0
0.99999905
1.0
0.9999999
1.0
1.0
0.99999857
0.9999999
0.9999548
1.0
0.9999993
0.9999937
1.0
1.0
0.9997763
0.9999988
1.0
1.0
1.0
1.0
1.0
0.99999976
0.99999905
1.0
1.0
0.999801
1.0
1.0
0.9999968
0.9999999
0.99999654
0.9999995
1.0
0.9999999
1.0
0.999985
0.9999999
1.0
0.99999976
1.0
0.99999833
0.9999994
0.9999999
1.0
0.9999999
0.9999988
1.0
0.99999857
0.99998844
1.0
1.0
0.99758434
1.0
1.0
0.9999993
0.9999993
1.0
1.0
0.9999999
0.9999931
1.0
1.0
0.9965274
1.0
0.9999995
0.9999988
0.9999999
0.9998368
1.0
0.99999976
0.9995309
0.9999937
1.0
1.0
1.0
0.99999475
0.9998976
0.9999671
1.0
1.0
1.0
0.99999976
0.99980634
0.9999995
1.0
1.0
1.0
1.0
1.0
1.0
0.9999999
1.0
1.0
1.0
1.0
1.0
1.0
1.0
1.0
1.0
0.99999964
1.0
1.0
1.0
0.9998275
0.99996495
0.9999982
1.0
0.99999726
1.0
1.0
0.99998546
1.0
1.0
1.0
1.0
0.9999999
1.0
1.0
0.9999478
1.0
1.0
1.0
1.0
1.0
0.9999999
0.999997
0.9999999
1.0
1.0
1.0
0.999944
0.9999993
0.99999964
1.0
1.0
0.9999963
1.0
1.0
1.0
1.0
1.0
0.99999976
1.0
1.0
0.9999995
1.0
0.9999789
0.999941
1.0
1.0
1.0
1.0
1.0
0.99998224
0.9999999
0.99999857
1.0
1.0
0.99999964
0.9999981
1.0
0.93434894
0.9997969
0.9652321
1.0
1.0
1.0
0.9999895
1.0
0.99999714
0.9999999
1.0
0.9999895
1.0
0.99999964
1.0
0.5798143
1.0
1.0
0.99786025
0.9999999
0.99996245
1.0
0.9999964
0.99999
1.0
1.0
1.0
1.0
1.0
1.0
0.9999999
1.0
1.0
1.0
0.99999976
0.9999981
0.99999917
1.0
0.9999999
0.99999404
1.0
1.0
1.0
1.0
0.9999999
1.0
1.0
1.0
1.0
1.0
0.9999677
1.0
1.0
1.0
1.0
1.0
0.9999999
1.0
1.0
1.0
1.0
1.0
1.0
1.0
1.0
1.0
0.99994993
0.9966587
0.99981827
1.0
1.0
0.9999999
0.9999975
0.99994075
1.0
1.0
1.0
1.0
1.0
1.0
1.0
1.0
1.0
1.0
1.0
1.0
0.9999993
0.99999726
1.0
0.9999976
0.9999994
1.0
1.0
0.999941
0.9999875
1.0
0.99999845
1.0
1.0
0.99999785
1.0
0.99975544
1.0
0.9999974
1.0
1.0
0.99999976
1.0
0.99998903
0.99999976
1.0
1.0
1.0
1.0
1.0
1.0
1.0
1.0
1.0
1.0
1.0
1.0
1.0
1.0
1.0
1.0
1.0
0.99999964
1.0
1.0
1.0
1.0
1.0
1.0
1.0
1.0
1.0
0.9999964
1.0
1.0
1.0
1.0
1.0
0.9961373
1.0
1.0
1.0
1.0
1.0
1.0
1.0
0.9999951
1.0
0.9871442
0.9663149
1.0
0.99999297
0.9999968
1.0
1.0
0.99999845
1.0
1.0
0.9999865
1.0
1.0
1.0
1.0
1.0
0.9999995
1.0
1.0
0.99997747
1.0
1.0
1.0
1.0
1.0
0.99997926
1.0
0.9999999
1.0
0.9999994
1.0
0.9999993
0.99999607
1.0
0.9999964
0.9999937
1.0
0.9999987
1.0
0.99999547
1.0
1.0
1.0
1.0
1.0
1.0
1.0
0.99999845
0.9999938
0.9958222
0.9992059
0.99998236
0.9996698
1.0
1.0
1.0
0.9999999
1.0
1.0
1.0
0.9999994
1.0
0.99991834
0.9999993
0.9999924
1.0
1.0
1.0
0.9973456
1.0
0.99999905
0.9999999
0.99975747
0.9999999
0.999956
1.0
0.99981695
0.9999999
1.0
0.99999964
0.99999964
1.0
1.0
1.0
0.9999989
0.9999709
0.9996996
1.0
0.9999995
0.99999857
0.9999975
0.99999976
1.0
1.0
0.97102046
0.99298614
0.99999976
0.99999976
0.9999813
1.0
0.9999968
0.9999976
0.9999994
1.0
0.9999993
0.99995255
1.0
1.0
1.0
0.9999988
0.97081137
0.9999981
0.9999993
0.99997663
0.99999976
0.99997437
1.0
0.999793
0.9999995
0.99986506
0.99999666
0.9999969
0.99999785
1.0
0.9999988
1.0
1.0
1.0
1.0
1.0
1.0
1.0
1.0
0.99999154
1.0
0.99999857
0.9996538
1.0
1.0
0.9990809
0.9999989
0.99986386
0.99999774
0.9999993
0.99999726
0.99999976
0.9999999
1.0
0.99989414
1.0
0.9999988
0.9999994
0.9999989
1.0
1.0
0.9997738
0.9999975
1.0
0.99999845
1.0
0.9999974
0.9999993
0.9999999
0.9999875
1.0
1.0
0.9999982
0.999959
1.0
0.9999999
1.0
1.0
0.9999434
1.0
1.0
1.0
0.99999976
1.0
0.9993042
1.0
1.0
1.0
1.0
0.9999975
0.9985164
0.99999917
0.9999944
1.0
0.9999988
1.0
1.0
1.0
1.0
0.9999999
0.98951334
0.99999976
0.9999989
0.9999999
1.0
1.0
0.9999999
1.0
1.0
1.0
0.98436177
1.0
0.99999225
1.0
1.0
1.0
1.0
1.0
1.0
1.0
0.9999908
1.0
0.9999999
1.0
1.0
1.0
0.99999917
1.0
0.9999919
1.0
1.0
0.99881303
1.0
1.0
1.0
1.0
1.0
1.0
1.0
1.0
0.99999976
1.0
1.0
0.99999976
1.0
0.9999974
1.0
1.0
1.0
1.0
1.0
1.0
1.0
1.0
1.0
1.0
0.9999999
1.0
1.0
1.0
1.0
0.99999976
1.0
1.0
1.0
1.0
0.99999845
1.0
1.0
1.0
0.99999976
1.0
1.0
1.0
1.0
1.0
0.9981781
0.9999994
1.0
1.0
0.99998045
1.0
1.0
0.9999999
0.9999999
0.788037
1.0
0.9980552
1.0
0.99999917
1.0
0.99833626
0.8395464
0.9999465
1.0
1.0
1.0
0.9999995
0.9999994
0.99999964
0.9999988
1.0
1.0
1.0
1.0
1.0
1.0
1.0
1.0
1.0
1.0
1.0
1.0
1.0
1.0
1.0
1.0
1.0
1.0
0.9999995
1.0
1.0
1.0
1.0
1.0
1.0
1.0
1.0
1.0
1.0
1.0
1.0
1.0
0.99999917
1.0
1.0
1.0
1.0
1.0
1.0
1.0
1.0
0.9999999
1.0
1.0
1.0
0.9999943
0.99999523
1.0
0.9999821
1.0
1.0
1.0
1.0
1.0
1.0
1.0
1.0
1.0
1.0
1.0
1.0
0.9998871
1.0
1.0
1.0
1.0
1.0
1.0
0.9999995
1.0
1.0
1.0
1.0
1.0
1.0
1.0
1.0
1.0
1.0
1.0
1.0
1.0
1.0
1.0
0.9999999
1.0
1.0
1.0
1.0
1.0
1.0
1.0
1.0
1.0
1.0
1.0
1.0
1.0
1.0
1.0
1.0
1.0
1.0
1.0
1.0
1.0
1.0
1.0
1.0
1.0
1.0
1.0
1.0
1.0
1.0
1.0
0.9999999
1.0
1.0
1.0
1.0
0.9999999
1.0
0.9999999
1.0
1.0
0.9999999
1.0
1.0
1.0
0.9999999
1.0
1.0
1.0
1.0
1.0
1.0
1.0
1.0
1.0
1.0
1.0
1.0
1.0
1.0
1.0
0.9999999
1.0
1.0
1.0
1.0
1.0
1.0
1.0
1.0
1.0
0.9999999
1.0
1.0
1.0
1.0
1.0
1.0
1.0
1.0
0.9999995
1.0
1.0
1.0
1.0
1.0
1.0
1.0
1.0
0.9999999
1.0
1.0
1.0
1.0
1.0
1.0
1.0
1.0
1.0
1.0
1.0
1.0
1.0
1.0
1.0
1.0
1.0
1.0
1.0
0.99998796
1.0
1.0
1.0
1.0
1.0
1.0
1.0
1.0
0.99999976
1.0
1.0
0.99999976
1.0
1.0
0.99999774
0.9999671
0.99995124
0.99999976
1.0
1.0
1.0
0.99992263
1.0
0.99999833
0.9999821
0.99999964
1.0
1.0
1.0
1.0
1.0
0.99999976
0.99999785
0.9999825
0.9999192
1.0
1.0
1.0
1.0
1.0
1.0
0.9999783
1.0
0.9999784
1.0
0.99999547
1.0
1.0
1.0
0.99991834
1.0
0.99999356
1.0
1.0
1.0
1.0
1.0
0.9999999
1.0
1.0
1.0
1.0
1.0
1.0
0.99999666
1.0
0.9999932
1.0
1.0
0.9999999
1.0
1.0
1.0
1.0
0.9999999
1.0
0.9999999
1.0
0.99999833
1.0
1.0
1.0
1.0
1.0
1.0
1.0
1.0
1.0
1.0
1.0
1.0
1.0
1.0
1.0
0.999985
1.0
1.0
1.0
1.0
1.0
1.0
1.0
1.0
0.999678
0.99999714
1.0
1.0
1.0
1.0
1.0
0.9999995
1.0
1.0
1.0
1.0
1.0
1.0
1.0
0.9999145
0.9999999
1.0
1.0
1.0
1.0
1.0
1.0
1.0
1.0
0.98282653
1.0
1.0
0.99999964
1.0
1.0
1.0
0.9999598
1.0
1.0
1.0
1.0
0.9999974
1.0
1.0
0.9999988
1.0
1.0
0.9999995
0.9999999
1.0
1.0
1.0
0.9999937
1.0
1.0
1.0
0.999321
1.0
0.99996877
1.0
1.0
0.9999999
0.9996879
0.9999982
0.9999999
1.0
0.9999993
0.99999964
0.99994826
1.0
0.99999964
1.0
0.99999845
0.9999708
1.0
1.0
1.0
0.99999976
0.99864155
0.8162135
1.0
0.9998343
0.9374605
0.9999565
0.79807746
0.9998585
0.9999999
1.0
0.99999976
0.9999982
1.0
0.99999964
0.9993895
0.9997795
0.99999535
0.87904865
0.99985075
0.9999629
0.999374
0.99998605
0.6363999
0.999997
0.9994443
0.99999714
0.999928
0.99999845
1.0
1.0
0.9998536
1.0
0.99999976
1.0
0.99999857
0.9999999
0.9999999
0.9999999
0.9974994
1.0
0.9999994
1.0
0.99999344
0.9978315
0.9678407
0.99511224
1.0
1.0
0.9999887
0.9739934
1.0
0.9998617
0.9999989
1.0
0.99887305
1.0
0.9999994
1.0
1.0
0.99998736
0.99940634
0.99925
1.0
0.9984779
0.9999995
1.0
1.0
0.9996141
0.9999981
1.0
0.99996674
0.6193754
1.0
0.9999989
0.9999987
0.99999213
1.0
0.9999826
0.9984042
1.0
1.0
1.0
0.9998273
0.9999999
1.0
1.0
1.0
1.0
0.9999999
1.0
1.0
0.999992
1.0
1.0
1.0
1.0
0.99999964
0.9711593
1.0
1.0
1.0
1.0
0.9999995
1.0
1.0
1.0
1.0
0.9999975
0.99990535
1.0
0.9999999
0.9999995
1.0
0.99999785
0.9999982
0.9999995
1.0
1.0
0.9999932
1.0
1.0
0.9999995
1.0
0.9999838
1.0
1.0
1.0
0.99996996
1.0
1.0
1.0
1.0
1.0
1.0
0.9999999
1.0
1.0
0.99995863
0.99997926
1.0
0.9999995
1.0
1.0
1.0
1.0
1.0
0.9999999
1.0
1.0
0.99999905
1.0
1.0
0.9997701
1.0
1.0
0.99999976
0.9999988
1.0
1.0
1.0
1.0
1.0
0.99999917
1.0
0.99968386
1.0
1.0
0.9994462
0.99999714
1.0
0.99999976
0.9999933
1.0
1.0
1.0
1.0
0.9999999
0.99999976
0.99945253
1.0
1.0
1.0
1.0
1.0
1.0
1.0
0.9527609
0.9999962
1.0
1.0
0.9840559
0.99998176
0.9999999
0.9997471
1.0
0.99999046
1.0
1.0
1.0
1.0
0.99999464
0.9971831
0.9997371
1.0
1.0
1.0
0.9999999
1.0
0.99999857
1.0
0.9999999
0.99999964
1.0
1.0
0.9999949
0.9999826
1.0
1.0
1.0
1.0
1.0
1.0
1.0
1.0
0.9999999
1.0
0.9999999
1.0
0.99997675
0.54088134
0.99995303
0.99999964
1.0
0.99999785
0.99999976
1.0
1.0
0.99999964
1.0
0.99999034
1.0
1.0
0.9995672
1.0
1.0
1.0
1.0
1.0
1.0
1.0
1.0
0.99999976
0.9999931
0.99947375
1.0
1.0
1.0
0.99999857
1.0
0.999879
1.0
1.0
1.0
0.9998758
0.99999905
1.0
1.0
1.0
1.0
1.0
1.0
0.9999999
1.0
0.99986064
1.0
1.0
1.0
1.0
0.99999976
1.0
1.0
1.0
1.0
1.0
1.0
0.9999962
1.0
0.99999607
1.0
1.0
1.0
0.99999976
1.0
0.9403679
1.0
1.0
1.0
1.0
0.9999958
1.0
1.0
1.0
1.0
1.0
1.0
1.0
1.0
1.0
1.0
1.0
1.0
1.0
1.0
1.0
1.0
1.0
0.9999987
1.0
0.99999964
1.0
1.0
1.0
1.0
1.0
0.99999976
1.0
0.99999964
1.0
1.0
0.99998605
1.0
0.99999976
0.99999475
0.99999845
1.0
1.0
1.0
1.0
1.0
1.0
0.9999571
0.9939037
1.0
0.99999976
1.0
0.9999956
1.0
1.0
1.0
0.99999964
1.0
1.0
0.9999931
1.0
1.0
0.9999968
0.99969614
1.0
0.9999136
1.0
0.99999964
1.0
0.99999833
1.0
1.0
0.999998
1.0
1.0
1.0
1.0
1.0
0.99999905
0.9999993
1.0
1.0
1.0
1.0
1.0
1.0
1.0
1.0
1.0
0.9999995
0.99999964
1.0
1.0
0.99999654
1.0
1.0
1.0
1.0
0.9988102
1.0
1.0
1.0
1.0
1.0
1.0
1.0
1.0
0.9999893
1.0
1.0
1.0
1.0
1.0
1.0
1.0
0.9999999
1.0
0.99999714
1.0
1.0
0.99999917
1.0
1.0
1.0
0.99994624
1.0
1.0
1.0
1.0
1.0
1.0
1.0
1.0
0.9999999
0.9999982
1.0
1.0
1.0
1.0
1.0
1.0
1.0
1.0
1.0
1.0
1.0
1.0
0.99999976
1.0
1.0
1.0
0.9999584
1.0
1.0
1.0
1.0
1.0
1.0
1.0
1.0
1.0
0.99999833
1.0
1.0
1.0
1.0
1.0
1.0
1.0
1.0
1.0
1.0
1.0
0.9999999
0.9999999
1.0
1.0
1.0
0.9999999
1.0
1.0
0.9999999
1.0
0.9999989
0.99999785
1.0
1.0
1.0
1.0
1.0
0.9999999
1.0
1.0
1.0
1.0
1.0
1.0
0.99999964
1.0
1.0
1.0
1.0
0.9999933
0.9999999
1.0
1.0
1.0
0.99666506
1.0
1.0
1.0
1.0
1.0
1.0
0.9999995
1.0
1.0
0.9994584
1.0
1.0
1.0
1.0
0.9999999
1.0
0.9999944
1.0
1.0
0.99999845
1.0
1.0
1.0
1.0
0.99999976
1.0
0.99998593
1.0
1.0
1.0
1.0
1.0
1.0
1.0
0.9999839
1.0
1.0
1.0
0.9998122
0.9999913
0.99999654
1.0
1.0
0.999998
0.9999999
0.9999268
1.0
1.0
1.0
1.0
1.0
0.9999999
0.99980766
0.9999999
1.0
1.0
1.0
1.0
1.0
1.0
0.99976045
1.0
0.9999999
0.9999999
1.0
1.0
0.99929607
1.0
1.0
1.0
1.0
1.0
1.0
0.99999905
1.0
1.0
1.0
0.9999683
1.0
1.0
0.9999471
0.99999917
1.0
1.0
1.0
1.0
1.0
1.0
1.0
1.0
1.0
1.0
1.0
0.99996233
1.0
1.0
0.9999995
1.0
1.0
0.97572553
1.0
0.9996468
1.0
1.0
1.0
1.0
1.0
1.0
0.9999999
1.0
1.0
1.0
1.0
1.0
1.0
1.0
1.0
1.0
1.0
0.9999976
1.0
1.0
1.0
1.0
0.99973875
1.0
1.0
0.9999715
1.0
1.0
1.0
1.0
1.0
1.0
1.0
1.0
1.0
1.0
1.0
1.0
0.9999995
1.0
1.0
0.9903604
1.0
1.0
1.0
1.0
1.0
0.99998784
0.9999869
1.0
1.0
0.99972874
0.9999999
0.9999609
1.0
0.99671245
1.0
1.0
1.0
0.96766806
0.9999999
1.0
1.0
0.9997286
0.9999994
1.0
1.0
0.9999988
1.0
1.0
1.0
1.0
0.9999808
1.0
0.99999905
1.0
0.9973514
1.0
0.98930734
0.9999999
1.0
1.0
1.0
0.9975158
0.9999919
0.9999993
0.99999917
1.0
0.9999913
0.9999999
1.0
1.0
0.9997284
1.0
1.0
1.0
1.0
1.0
0.99999726
0.9999999
1.0
0.9999889
0.9999876
0.9999999
0.9999995
1.0
1.0
1.0
0.99999917
1.0
0.9999993
0.9999939
1.0
1.0
0.9999931
1.0
1.0
1.0
1.0
1.0
1.0
0.9998971
1.0
1.0
1.0
1.0
1.0
1.0
1.0
1.0
1.0
0.99996984
1.0
1.0
0.9999968
1.0
1.0
0.9999999
1.0
1.0
1.0
0.9999995
1.0
1.0
1.0
1.0
1.0
0.9999993
1.0
1.0
1.0
1.0
0.9999728
1.0
1.0
1.0
1.0
1.0
0.99999785
1.0
1.0
0.9999999
1.0
1.0
1.0
1.0
1.0
0.99999774
1.0
1.0
1.0
1.0
1.0
1.0
1.0
1.0
1.0
0.9999999
0.99999917
0.9999999
1.0
1.0
1.0
1.0
1.0
1.0
1.0
0.9999999
0.99999917
1.0
0.9999989
0.9999999
0.99998415
1.0
1.0
1.0
1.0
0.9999752
1.0
0.99999976
1.0
1.0
1.0
1.0
1.0
1.0
1.0
1.0
1.0
1.0
1.0
1.0
1.0
0.9999927
0.99999964
1.0
1.0
1.0
0.999998
1.0
1.0
1.0
0.9999999
0.9999988
1.0
0.9999993
1.0
0.99992776
1.0
1.0
1.0
1.0
1.0
0.9999963
1.0
1.0
1.0
1.0
1.0
1.0
1.0
1.0
1.0
0.99998486
1.0
1.0
0.99999166
0.999997
1.0
1.0
0.9999995
1.0
1.0
1.0
1.0
1.0
0.99999976
1.0
0.9999994
0.99999523
1.0
1.0
1.0
1.0
1.0
1.0
1.0
1.0
1.0
0.9999994
0.9999987
1.0
1.0
0.99999034
0.9999908
0.99997365
0.9999999
0.9999764
1.0
0.99999976
0.9999976
0.99999905
1.0
1.0
0.9999316
1.0
0.99999976
1.0
0.99999976
1.0
0.9999982
0.9999995
1.0
1.0
0.99963915
1.0
1.0
1.0
1.0
1.0
0.99982077
1.0
1.0
1.0
0.99988556
0.9999981
1.0
1.0
0.9999993
1.0
1.0
1.0
1.0
1.0
0.9999987
0.9870531
0.99999547
1.0
1.0
0.9999896
0.99999976
0.99999976
1.0
1.0
1.0
1.0
0.99814844
1.0
1.0
1.0
0.99999976
1.0
1.0
0.99999917
0.9999634
0.9998864
1.0
1.0
1.0
1.0
1.0
0.9984889
1.0
1.0
1.0
1.0
0.99999714
0.99999976
0.9999596
1.0
1.0
1.0
1.0
1.0
0.999767
1.0
1.0
0.99949384
0.9999994
1.0
1.0
1.0
1.0
1.0
0.9999999
1.0
0.9999988
0.99984825
1.0
1.0
1.0
1.0
1.0
1.0
0.9999999
1.0
1.0
0.9999585
1.0
1.0
1.0
1.0
0.999997
1.0
0.9999999
0.9999999
1.0
0.9999999
0.9999975
1.0
1.0
1.0
1.0
1.0
1.0
0.99998105
1.0
1.0
0.9999988
1.0
1.0
1.0
1.0
1.0
1.0
1.0
1.0
1.0
0.99998283
1.0
1.0
1.0
0.9996774
1.0
0.9999999
0.99999225
1.0
0.99995244
0.99999976
1.0
0.9999999
1.0
0.9999999
0.9998047
1.0
1.0
1.0
1.0
1.0
0.9999677
1.0
1.0
1.0
1.0
1.0
0.9999999
1.0
0.99999976
1.0
1.0
1.0
1.0
1.0
1.0
1.0
1.0
0.9999975
0.99999976
0.9999999
0.9999989
1.0
1.0
1.0
0.9999995
1.0
1.0
0.99999976
1.0
1.0
0.99999976
1.0
1.0
0.99999654
0.9999999
1.0
1.0
1.0
1.0
1.0
1.0
0.9999999
0.9999999
1.0
1.0
0.99999976
1.0
1.0
0.9999962
1.0
0.9999999
0.9999881
0.99999523
0.99999106
0.99998856
0.9999993
1.0
1.0
0.9999957
1.0
1.0
1.0
1.0
0.9999999
1.0
0.9999901
0.99999964
1.0
1.0
1.0
0.99999976
0.9999999
1.0
0.9999018
1.0
1.0
1.0
1.0
1.0
1.0
1.0
1.0
0.9999999
1.0
1.0
1.0
0.9999931
0.9999995
1.0
1.0
0.99999976
1.0
1.0
0.9999887
0.99999726
1.0
1.0
0.99999726
1.0
1.0
1.0
1.0
1.0
1.0
1.0
1.0
0.99999905
1.0
1.0
1.0
1.0
0.9999993
0.99999523
1.0
1.0
1.0
1.0
1.0
1.0
1.0
1.0
1.0
1.0
1.0
1.0
1.0
1.0
1.0
1.0
0.9999999
1.0
1.0
1.0
1.0
0.9999702
1.0
1.0
1.0
0.9999994
1.0
1.0
1.0
1.0
0.99999917
1.0
1.0
0.9999951
0.99999833
0.9999999
0.9987141
0.99991274
1.0
1.0
1.0
1.0
1.0
1.0
0.99999964
1.0
1.0
0.9999981
0.99999976
1.0
0.99999976
1.0
1.0
1.0
1.0
1.0
1.0
1.0
1.0
1.0
1.0
1.0
1.0
1.0
1.0
1.0
1.0
1.0
1.0
1.0
1.0
1.0
1.0
1.0
0.9999999
0.9999999
1.0
1.0
0.99999833
1.0
0.99998915
1.0
0.99999905
1.0
0.9999999
1.0
1.0
0.9999999
1.0
1.0
1.0
1.0
0.9999999
1.0
1.0
1.0
1.0
1.0
0.9999285
1.0
0.99999845
0.9999517
1.0
1.0
1.0
1.0
1.0
1.0
1.0
1.0
0.9999993
1.0
1.0
0.9999893
0.99995685
1.0
1.0
1.0
1.0
1.0
1.0
1.0
0.99987257
1.0
0.9999987
1.0
1.0
0.9999485
1.0
0.9999999
1.0
1.0
1.0
1.0
1.0
1.0
1.0
1.0
0.9999989
1.0
0.99996793
0.9999988
0.9999989
0.99951327
1.0
1.0
0.9996965
1.0
0.99999857
0.99999976
0.82064533
0.99981886
0.9999422
1.0
0.99962807
0.9999999
1.0
0.9999825
0.99999905
0.99998534
0.99999464
0.99996424
0.99999976
1.0
0.9999999
1.0
1.0
1.0
1.0
0.9999999
1.0
0.99999976
1.0
1.0
1.0
0.99999845
1.0
0.999998
1.0
1.0
1.0
0.9999999
1.0
1.0
1.0
1.0
1.0
0.9999975
0.99999905
0.99999917
1.0
1.0
0.99999964
1.0
1.0
0.9999988
1.0
1.0
1.0
0.9999999
0.9999008
0.9999999
1.0
0.99959725
0.9999974
1.0
0.9999989
0.9999999
1.0
1.0
0.9999999
1.0
1.0
0.9999981
1.0
0.9999988
0.9994815
0.99999917
0.9999988
0.999848
1.0
1.0
0.99892235
1.0
0.9999999
0.9999999
0.99979717
1.0
0.9999894
0.999871
0.9999999
1.0
1.0
1.0
1.0
0.9999989
1.0
1.0
1.0
1.0
1.0
1.0
1.0
1.0
1.0
1.0
1.0
0.9999999
1.0
1.0
1.0
1.0
0.9999999
0.9999883
1.0
1.0
1.0
1.0
1.0
0.9999999
1.0
1.0
1.0
0.99999976
1.0
0.9999908
1.0
1.0
1.0
1.0
1.0
1.0
0.9989434
1.0
1.0
1.0
1.0
1.0
1.0
0.99999154
1.0
1.0
1.0
1.0
1.0
1.0
0.99998593
1.0
1.0
1.0
1.0
0.9999894
0.9997665
1.0
1.0
1.0
1.0
1.0
0.9999982
0.99999976
0.99999845
1.0
1.0
1.0
0.9999994
1.0
1.0
1.0
1.0
0.99999404
1.0
1.0
1.0
1.0
1.0
1.0
1.0
0.9999733
1.0
1.0
1.0
0.9999473
1.0
1.0
1.0
1.0
1.0
1.0
1.0
0.9999993
1.0
0.999979
0.9999987
1.0
1.0
1.0
1.0
1.0
1.0
1.0
1.0
1.0
1.0
1.0
0.99998534
0.99999976
1.0
1.0
0.9999981
1.0
1.0
1.0
1.0
1.0
1.0
1.0
1.0
1.0
1.0
1.0
0.9786133
1.0
0.9992311
1.0
0.9999794
0.9999864
0.9999763
1.0
1.0
1.0
0.9976757
1.0
0.9999974
1.0
0.99999976
1.0
0.9999981
1.0
1.0
0.9999962
0.99997425
1.0
1.0
0.9999999
1.0
0.9999577
1.0
0.9999993
1.0
1.0
1.0
1.0
0.9999888
0.99964535
0.99991226
0.9837751
0.99999213
1.0
0.99998426
1.0
1.0
1.0
0.9999982
0.9997358
0.99999964
0.99995804
0.9998878
0.9999901
0.99999845
1.0
0.9999999
0.9999584
1.0
1.0
1.0
1.0
0.99999166
1.0
1.0
1.0
1.0
0.9999999
1.0
1.0
0.9999999
1.0
1.0
0.9999869
1.0
0.99989367
1.0
1.0
1.0
1.0
1.0
1.0
1.0
0.9999858
1.0
1.0
0.9999949
1.0
1.0
1.0
0.99999106
1.0
1.0
1.0
1.0
1.0
0.99999964
0.99999297
0.99999964
1.0
0.99999964
0.9999995
1.0
0.99999523
1.0
1.0
1.0
1.0
1.0
1.0
1.0
1.0
0.9999982
1.0
1.0
0.99999654
1.0
1.0
0.9999999
0.9999999
1.0
1.0
1.0
1.0
1.0
1.0
1.0
0.99999964
0.9965706
0.9894628
0.99999976
0.99999356
0.99999356
1.0
1.0
1.0
1.0
0.9999999
1.0
0.9999982
1.0
1.0
1.0
0.9997255
0.9999951
0.9999602
1.0
1.0
1.0
1.0
0.9999994
1.0
1.0
1.0
0.9999993
0.99999976
1.0
0.9999949
1.0
1.0
0.9999869
0.9999999
1.0
1.0
0.9990711
1.0
1.0
1.0
1.0
1.0
1.0
1.0
0.9999957
0.9999999
0.9996364
0.9999964
1.0
0.99997973
1.0
0.9999999
1.0
1.0
1.0
1.0
0.9999999
1.0
1.0
0.99999976
1.0
1.0
0.9999876
1.0
0.9997024
0.9861308
1.0
1.0
1.0
0.9999716
0.99999976
1.0
0.9999851
0.9999926
0.9999981
0.9999999
1.0
1.0
0.9999802
0.99999964
1.0
0.9999591
1.0
1.0
0.99999857
1.0
0.9999982
1.0
1.0
1.0
1.0
0.9999876
0.9824845
0.99999034
0.999826
1.0
0.99958783
0.9977501
0.99987805
1.0
0.99999976
0.99999976
0.99999857
1.0
1.0
0.99999976
0.9999485
0.9998648
1.0
1.0
1.0
0.9999927
1.0
1.0
0.9999968
1.0
1.0
1.0
0.999938
1.0
1.0
1.0
1.0
1.0
1.0
1.0
1.0
0.99999917
1.0
0.99993193
0.9703143
1.0
0.99999964
1.0
0.99848527
0.9977642
0.9999994
0.99999905
0.99996495
0.9961392
0.99998736
0.9997284
0.9999591
1.0
0.9112568
0.99902165
0.99995387
1.0
1.0
0.9999987
1.0
0.9996019
0.99999964
0.99991083
0.9999999
0.9999999
0.9999999
1.0
0.99995565
1.0
1.0
1.0
1.0
1.0
1.0
0.9999999
0.9999999
1.0
0.99998987
1.0
0.99999976
1.0
0.9999993
0.99999857
1.0
1.0
1.0
0.9999976
1.0
1.0
1.0
0.9999994
1.0
1.0
1.0
0.9999999
1.0
1.0
1.0
1.0
0.9999995
0.9999974
1.0
0.9999864
0.9999957
0.9999379
0.9999999
0.99999976
0.9999999
1.0
0.9999994
0.99239737
0.99995685
1.0
1.0
1.0
1.0
0.999997
0.999982
1.0
1.0
1.0
0.9999999
1.0
1.0
1.0
0.99999905
1.0
1.0
1.0
1.0
1.0
1.0
1.0
1.0
0.99709404
0.9999999
0.539585
1.0
0.99999714
1.0
0.9999956
1.0
0.9999999
1.0
1.0
1.0
1.0
1.0
1.0
1.0
0.99999905
1.0
1.0
1.0
0.9982716
1.0
1.0
1.0
0.9999995
0.99986887
1.0
1.0
1.0
1.0
0.9999999
1.0
1.0
1.0
1.0
0.9999995
1.0
1.0
1.0
1.0
1.0
1.0
1.0
1.0
1.0
1.0
1.0
1.0
1.0
1.0
0.99999964
0.9999999
1.0
0.99998665
1.0
1.0
1.0
1.0
1.0
1.0
1.0
1.0
1.0
0.99999976
1.0
1.0
1.0
1.0
1.0
1.0
0.9999993
1.0
1.0
1.0
1.0
1.0
1.0
1.0
1.0
0.999998
0.9999974
1.0
1.0
1.0
0.9999999
0.9999999
0.99998724
1.0
1.0
0.99999785
1.0
0.99999976
0.99999976
1.0
1.0
1.0
0.9978114
0.99993
0.9999596
1.0
0.99999607
1.0
0.99985886
0.9996074
0.9999993
1.0
1.0
0.9999993
1.0
1.0
1.0
1.0
1.0
0.99999666
0.98848736
1.0
0.9999968
0.9987558
0.9999999
0.9999993
1.0
0.92746866
1.0
1.0
0.99999917
1.0
1.0
1.0
0.9999969
1.0
0.9999995
1.0
1.0
0.99996006
0.9999995
0.9999995
1.0
0.9999999
1.0
0.99999976
1.0
1.0
1.0
1.0
0.9999999
1.0
1.0
1.0
1.0
1.0
1.0
0.9999957
1.0
1.0
1.0
1.0
1.0
1.0
1.0
0.9999999
1.0
1.0
1.0
1.0
1.0
1.0
1.0
1.0
1.0
1.0
1.0
1.0
0.9999999
1.0
0.9999999
1.0
1.0
1.0
0.9996406
1.0
1.0
1.0
1.0
1.0
0.9999987
1.0
1.0
0.99999523
1.0
1.0
1.0
0.99999964
0.99999976
0.9999999
1.0
0.99999976
0.9999999
0.9999999
1.0
1.0
0.9999999
0.99995625
1.0
1.0
1.0
1.0
1.0
1.0
1.0
0.9999982
1.0
1.0
1.0
1.0
1.0
1.0
1.0
0.99999464
1.0
1.0
1.0
1.0
0.9999999
1.0
1.0
1.0
0.9999993
1.0
1.0
1.0
1.0
0.99999464
1.0
1.0
1.0
1.0
1.0
1.0
1.0
1.0
1.0
0.9999999
1.0
1.0
1.0
1.0
1.0
0.99999416
1.0
1.0
0.99999905
1.0
1.0
1.0
1.0
1.0
1.0
1.0
1.0
1.0
1.0
1.0
1.0
1.0
1.0
1.0
1.0
1.0
1.0
1.0
1.0
1.0
1.0
1.0
1.0
0.99999833
1.0
1.0
1.0
1.0
1.0
1.0
1.0
1.0
0.99999976
1.0
1.0
1.0
1.0
1.0
1.0
1.0
1.0
1.0
1.0
1.0
1.0
1.0
1.0
0.9999956
1.0
1.0
1.0
1.0
1.0
1.0
1.0
0.9999999
1.0
1.0
1.0
0.9999995
1.0
1.0
1.0
1.0
1.0
1.0
1.0
1.0
1.0
1.0
1.0
1.0
1.0
1.0
1.0
0.99999976
1.0
0.9999999
0.9999999
1.0
0.999713
1.0
1.0
1.0
0.99999964
1.0
1.0
1.0
1.0
1.0
1.0
1.0
0.9999999
1.0
1.0
1.0
1.0
1.0
1.0
1.0
1.0
0.9999999
1.0
1.0
1.0
1.0
1.0
0.9999999
1.0
1.0
1.0
1.0
1.0
1.0
1.0
1.0
1.0
1.0
1.0
1.0
1.0
1.0
1.0
0.9999976
0.9999995
1.0
1.0
1.0
1.0
1.0
0.99999726
1.0
1.0
1.0
1.0
1.0
1.0
0.99999976
0.9999999
1.0
1.0
1.0
1.0
1.0
1.0
1.0
1.0
1.0
0.9999887
0.99999595
1.0
1.0
1.0
1.0
1.0
1.0
1.0
1.0
1.0
1.0
1.0
1.0
1.0
1.0
1.0
1.0
1.0
1.0
1.0
0.99999964
1.0
1.0
1.0
1.0
1.0
1.0
1.0
1.0
1.0
1.0
1.0
0.99999905
1.0
1.0
1.0
1.0
1.0
1.0
0.99999976
0.99999976
0.9999999
1.0
1.0
1.0
1.0
1.0
1.0
1.0
1.0
1.0
1.0
0.99999917
1.0
1.0
1.0
1.0
1.0
1.0
1.0
1.0
1.0
1.0
1.0
1.0
1.0
1.0
1.0
1.0
1.0
1.0
1.0
1.0
1.0
1.0
0.9991918
1.0
1.0
1.0
1.0
0.9999999
1.0
0.99996305
1.0
1.0
1.0
1.0
1.0
1.0
1.0
0.99999964
1.0
1.0
0.99996185
1.0
1.0
1.0
1.0
1.0
0.9999509
1.0
1.0
1.0
1.0
1.0
1.0
0.9999995
1.0
1.0
1.0
1.0
1.0
1.0
0.99999976
0.9999999
1.0
0.9999995
1.0
1.0
1.0
1.0
1.0
1.0
1.0
0.99999905
1.0
0.99999857
1.0
1.0
1.0
1.0
1.0
1.0
1.0
1.0
0.9999963
1.0
0.9999982
1.0
1.0
1.0
1.0
0.9999989
1.0
1.0
0.99999917
1.0
1.0
0.9999999
0.9999999
1.0
1.0
1.0
1.0
1.0
0.9999995
0.9999093
1.0
1.0
1.0
0.99999964
1.0
1.0
1.0
1.0
1.0
1.0
0.9999999
1.0
1.0
0.9999999
1.0
1.0
1.0
0.99999917
0.9999999
1.0
1.0
1.0
1.0
1.0
1.0
1.0
1.0
1.0
1.0
1.0
0.9999999
1.0
1.0
1.0
0.99997985
1.0
1.0
1.0
1.0
1.0
0.9999989
0.99999976
0.99999905
1.0
1.0
0.98554426
0.99985754
1.0
0.9999484
0.9999999
0.99960536
0.97559357
0.99992406
0.9999896
0.99999607
0.9797214
1.0
1.0
1.0
0.9999976
0.99523664
0.99999964
0.9999919
1.0
0.99995494
1.0
1.0
0.9999999
0.9999938
1.0
1.0
0.9999999
0.9997825
0.9999995
0.9999969
1.0
0.99999976
1.0
1.0
0.9999993
0.99981445
0.99861765
0.9999863
1.0
1.0
1.0
0.99999917
1.0
1.0
1.0
0.999995
1.0
1.0
0.9998172
1.0
1.0
1.0
0.99999905
0.99999607
1.0
1.0
1.0
1.0
1.0
0.99999917
0.9961702
1.0
0.9849379
1.0
0.9999999
1.0
1.0
1.0
1.0
1.0
0.99999046
1.0
0.99999964
1.0
1.0
1.0
0.99999964
1.0
1.0
1.0
0.9999999
1.0
1.0
0.99999547
0.9999838
0.9999975
1.0
1.0
1.0
1.0
1.0
1.0
1.0
1.0
0.9999994
1.0
1.0
1.0
1.0
1.0
1.0
0.9998171
1.0
0.9999968
1.0
1.0
1.0
1.0
0.99999714
1.0
1.0
1.0
1.0
1.0
0.99999905
1.0
1.0
1.0
1.0
0.9999999
1.0
0.9999999
1.0
1.0
1.0
1.0
1.0
1.0
1.0
1.0
1.0
1.0
0.9999896
0.99999976
1.0
0.9999988
1.0
0.9999994
1.0
1.0
1.0
1.0
1.0
1.0
0.99999964
1.0
1.0
1.0
1.0
0.99993646
1.0
1.0
0.99999976
1.0
0.9999833
1.0
0.9999995
1.0
1.0
1.0
1.0
0.9999795
1.0
1.0
1.0
1.0
1.0
1.0
1.0
1.0
1.0
1.0
1.0
1.0
1.0
1.0
1.0
1.0
1.0
0.9999709
1.0
1.0
0.9999999
1.0
1.0
0.9999969
1.0
1.0
1.0
0.99999845
1.0
1.0
1.0
1.0
1.0
0.9999995
0.9999999
0.9999956
1.0
1.0
1.0
1.0
1.0
1.0
1.0
0.9999411
0.99999917
0.9999844
1.0
0.999997
1.0
1.0
1.0
1.0
1.0
1.0
0.99995506
1.0
1.0
1.0
1.0
1.0
1.0
1.0
1.0
1.0
1.0
1.0
1.0
1.0
1.0
1.0
1.0
1.0
1.0
0.9999994
0.9998971
1.0
1.0
1.0
1.0
0.9999995
1.0
0.9998841
0.9999933
0.9999994
0.99994826
1.0
1.0
1.0
0.9999882
0.9999993
1.0
1.0
1.0
1.0
1.0
1.0
1.0
0.9999976
1.0
1.0
1.0
0.99999774
1.0
1.0
1.0
1.0
1.0
1.0
1.0
0.9996636
1.0
1.0
1.0
1.0
1.0
1.0
1.0
1.0
0.9999994
1.0
1.0
0.9999999
1.0
1.0
1.0
0.9999988
1.0
1.0
1.0
1.0
1.0
1.0
1.0
1.0
1.0
1.0
1.0
0.99999905
1.0
1.0
1.0
1.0
1.0
1.0
0.99999976
0.9999808
1.0
1.0
1.0
1.0
1.0
1.0
1.0
1.0
1.0
1.0
1.0
1.0
1.0
1.0
0.9999958
1.0
1.0
1.0
1.0
1.0
0.9999994
1.0
1.0
1.0
1.0
0.99950576
1.0
1.0
1.0
1.0
1.0
1.0
1.0
1.0
1.0
1.0
1.0
1.0
1.0
1.0
0.9999995
1.0
1.0
1.0
1.0
1.0
1.0
1.0
1.0
1.0
1.0
1.0
0.99999976
1.0
1.0
0.99998164
1.0
1.0
0.9999927
0.99999535
0.99999845
1.0
1.0
1.0
1.0
0.98896885
1.0
1.0
1.0
0.9999999
1.0
0.9999999
1.0
1.0
0.9999969
0.9999995
1.0
1.0
0.99999976
1.0
0.9999995
0.9999471
1.0
0.99999976
1.0
1.0
1.0
0.99999976
1.0
1.0
0.99999774
0.9999958
1.0
1.0
1.0
1.0
0.9999957
1.0
1.0
0.99999917
1.0
1.0
1.0
1.0
0.9999436
0.99791807
0.99995494
1.0
0.9999654
0.99999774
1.0
1.0
1.0
1.0
1.0
1.0
0.9999999
1.0
1.0
0.9999999
0.9999999
1.0
1.0
1.0
1.0
1.0
1.0
1.0
1.0
0.9999833
1.0
1.0
1.0
1.0
1.0
1.0
1.0
0.9999999
1.0
0.99997425
1.0
1.0
1.0
1.0
1.0
1.0
0.9999993
1.0
1.0
0.99999964
0.9999943
1.0
1.0
1.0
1.0
0.9999995
1.0
1.0
1.0
1.0
0.99999785
0.999925
1.0
1.0
0.9999999
0.99999964
0.9999995
1.0
1.0
1.0
1.0
0.99999976
1.0
0.99999845
0.99999106
0.9999987
1.0
0.99999964
0.9999738
1.0
0.99985397
1.0
1.0
0.99912554
0.99999464
0.99999976
1.0
1.0
0.9999374
1.0
0.99999964
0.9999989
1.0
1.0
1.0
0.9999999
0.99999917
0.99999976
1.0
1.0
0.9994873
1.0
1.0
1.0
1.0
0.99999976
0.9999995
1.0
1.0
1.0
0.99996054
1.0
1.0
0.91338915
1.0
0.99999976
1.0
1.0
0.99999976
0.9999976
1.0
0.9999734
0.999943
0.99981767
1.0
1.0
1.0
0.99999154
1.0
0.9999907
1.0
1.0
1.0
1.0
1.0
1.0
0.9999995
0.9999993
1.0
1.0
1.0
0.9999999
0.9999989
0.99999976
1.0
0.9999827
1.0
1.0
1.0
1.0
1.0
1.0
1.0
1.0
0.9996908
1.0
1.0
1.0
1.0
0.9999995
1.0
1.0
1.0
0.99997175
1.0
1.0
0.9999974
1.0
1.0
1.0
0.95361656
0.99999845
0.9999999
1.0
1.0
1.0
1.0
0.99999964
0.99999964
0.9999857
1.0
1.0
0.9999989
0.9999999
1.0
1.0
1.0
1.0
1.0
1.0
0.9998241
0.9999999
1.0
0.9999896
1.0
0.9999993
0.99999726
1.0
1.0
1.0
0.99996316
0.9999976
0.9999999
0.92568505
1.0
0.99999475
0.99999964
0.99999547
0.9999981
0.9999616
0.9846672
0.9999999
1.0
1.0
1.0
0.99999666
0.9999993
0.99548197
1.0
0.9756505
0.99999285
0.7393712
0.99999344
1.0
0.9999999
0.9252315
0.99996996
0.9999951
0.9999865
1.0
1.0
1.0
0.9999995
0.9999982
0.9999937
0.99991214
0.9999968
1.0
0.9999999
1.0
1.0
0.9999957
0.99999905
1.0
0.99999964
0.9999999
0.99999726
0.99481875
0.99998164
1.0
1.0
1.0
0.9890997
1.0
1.0
0.99975914
1.0
1.0
1.0
0.99999857
0.9999993
0.999977
0.8414583
1.0
1.0
1.0
0.999998
1.0
1.0
0.9999448
0.9975425
1.0
1.0
1.0
0.9999976
0.98105824
0.9992286
0.9981554
0.99999964
0.99999976
1.0
0.716581
0.9999999
0.9999579
0.9999728
1.0
0.9999933
1.0
1.0
1.0
1.0
1.0
0.9999938
0.9999989
1.0
0.9999999
0.99999535
0.999485
1.0
0.9998641
1.0
1.0
0.9999982
0.9999795
1.0
1.0
0.9999877
0.9999994
1.0
0.9999949
1.0
1.0
0.9999989
0.9999671
0.99999285
1.0
0.9995278
1.0
0.9999999
0.99994457
1.0
1.0
0.99999964
0.99979645
0.999387
0.9999999
1.0
1.0
0.9999981
0.99999964
0.99999905
1.0
0.9995098
0.9999982
0.9997501
0.99997556
0.99998593
0.9998907
0.99824107
0.99999964
1.0
0.9999999
1.0
1.0
1.0
0.99973947
1.0
1.0
1.0
1.0
0.99999607
0.99369085
1.0
0.984438
1.0
1.0
0.9999999
1.0
0.9999999
0.9999999
0.9994326
0.99998677
0.9997956
1.0
0.9999962
0.999964
1.0
1.0
1.0
0.9999989
1.0
0.9999988
1.0
1.0
1.0
0.90220004
0.99981767
1.0
1.0
1.0
1.0
0.99999976
1.0
0.9998528
1.0
1.0
0.9999999
1.0
1.0
1.0
1.0
0.9996598
0.999998
1.0
0.9999032
1.0
1.0
1.0
0.9999989
1.0
1.0
1.0
1.0
0.99999964
1.0
1.0
1.0
1.0
1.0
0.99999976
1.0
0.9999989
0.9998399
1.0
0.99997437
0.99999046
1.0
1.0
1.0
1.0
1.0
1.0
0.99578273
0.9998921
0.9999999
1.0
1.0
1.0
1.0
1.0
0.9958216
1.0
1.0
0.9947643
1.0
1.0
1.0
1.0
0.9991623
0.99998474
1.0
0.99999833
1.0
0.9999999
1.0
0.9999994
1.0
1.0
1.0
1.0
0.9999852
1.0
1.0
0.99999917
1.0
1.0
1.0
0.9996191
1.0
1.0
1.0
1.0
0.9997441
1.0
1.0
1.0
0.99858296
0.9999987
0.999997
1.0
1.0
0.9546695
1.0
0.9997789
0.999845
1.0
0.99997413
1.0
1.0
1.0
1.0
1.0
1.0
1.0
0.9999995
0.9999994
0.99999976
0.99226224
0.99651897
0.9999994
1.0
1.0
1.0
1.0
1.0
1.0
0.99998486
1.0
1.0
0.9999999
1.0
0.9999924
1.0
1.0
1.0
0.9996215
1.0
0.9999995
0.99999964
1.0
1.0
1.0
1.0
1.0
1.0
1.0
1.0
1.0
0.9999999
1.0
0.99999976
1.0
0.9999956
0.9999981
0.9974832
1.0
1.0
1.0
0.9999995
1.0
1.0
1.0
1.0
1.0
1.0
1.0
1.0
0.9999994
1.0
1.0
1.0
1.0
0.9999999
1.0
1.0
1.0
1.0
1.0
1.0
1.0
1.0
1.0
1.0
0.9997036
0.9999999
1.0
0.99999976
1.0
0.99998903
0.9999671
1.0
1.0
1.0
0.99999833
0.99999774
0.9358782
1.0
1.0
0.99999964
1.0
1.0
1.0
1.0
1.0
1.0
0.999998
0.9999908
1.0
1.0
1.0
1.0
0.9999993
1.0
