1.0
0.99999976
1.0
0.99999845
1.0
1.0
0.99999976
1.0
0.9891021
0.99999976
1.0
1.0
0.9999993
1.0
1.0
0.9999999
0.9999999
1.0
0.9675436
1.0
0.99999523
0.99999964
1.0
1.0
1.0
0.99999964
1.0
1.0
1.0
1.0
1.0
1.0
1.0
0.99998236
1.0
1.0
0.9999999
1.0
0.99999976
1.0
1.0
0.99999344
1.0
0.9999962
0.99999
1.0
1.0
1.0
0.9999988
1.0
1.0
1.0
1.0
1.0
1.0
1.0
1.0
1.0
0.9999999
1.0
1.0
1.0
0.99949896
0.9997713
1.0
0.9999999
1.0
1.0
1.0
1.0
0.9999999
1.0
1.0
0.99986756
1.0
1.0
1.0
1.0
0.99999905
0.99951696
0.9999999
1.0
1.0
1.0
1.0
1.0
0.99999976
0.9999893
1.0
1.0
1.0
1.0
0.99532473
0.9999933
1.0
0.9997279
0.99999917
0.9999994
1.0
1.0
1.0
1.0
1.0
1.0
0.9999943
1.0
1.0
1.0
1.0
1.0
1.0
0.9999703
1.0
1.0
1.0
0.98441166
1.0
1.0
0.99999917
0.99971634
0.9999999
0.99997985
1.0
1.0
0.99998987
0.9999442
0.9999999
1.0
1.0
1.0
1.0
1.0
0.9999988
1.0
1.0
1.0
1.0
1.0
1.0
0.9998049
1.0
1.0
0.9999999
1.0
1.0
1.0
1.0
1.0
1.0
0.9996363
1.0
0.9663321
1.0
1.0
1.0
1.0
1.0
1.0
0.99999833
1.0
0.9997347
1.0
1.0
1.0
1.0
1.0
1.0
0.9997062
1.0
1.0
1.0
0.99914443
1.0
0.9999994
1.0
0.9966647
1.0
1.0
1.0
1.0
1.0
1.0
1.0
1.0
0.99944025
0.9999999
1.0
1.0
1.0
1.0
1.0
1.0
1.0
0.99340785
1.0
0.99867475
1.0
1.0
1.0
0.9989262
1.0
1.0
1.0
1.0
1.0
1.0
0.99999917
0.99998486
1.0
0.9998393
1.0
0.99925584
1.0
1.0
0.99998975
1.0
1.0
0.9999424
1.0
1.0
0.9999999
0.99986947
0.9999999
1.0
1.0
1.0
1.0
1.0
1.0
1.0
0.99999976
1.0
0.99999964
0.99999976
1.0
0.99999833
1.0
1.0
1.0
1.0
0.99999976
0.9993319
0.999936
0.9999993
0.9999999
0.9999238
1.0
0.98302853
1.0
1.0
0.9999999
1.0
1.0
1.0
1.0
1.0
0.9999939
0.9999999
1.0
0.50831234
1.0
1.0
1.0
1.0
0.9989372
1.0
0.9838207
1.0
0.9999987
1.0
0.99999964
1.0
1.0
0.99997735
1.0
1.0
1.0
1.0
1.0
1.0
0.99999976
1.0
0.9992366
1.0
1.0
1.0
0.99999845
1.0
1.0
0.9999925
0.9998901
0.9999914
0.9999504
1.0
1.0
1.0
1.0
0.9999975
0.9999995
1.0
1.0
0.9999999
1.0
1.0
1.0
0.99999976
1.0
1.0
1.0
1.0
1.0
0.99999964
1.0
0.99999917
1.0
1.0
1.0
0.99999976
0.999979
1.0
0.9996798
0.9403794
0.9999999
1.0
0.9999815
1.0
0.99487644
1.0
1.0
1.0
1.0
1.0
1.0
1.0
1.0
1.0
0.9957688
0.99987495
0.99999976
0.9999993
0.88498145
1.0
1.0
1.0
0.99999976
1.0
1.0
0.99999976
1.0
0.9999999
1.0
1.0
0.9999989
0.99999595
1.0
1.0
1.0
1.0
0.9756781
0.9926726
1.0
1.0
0.9999827
0.9999994
1.0
1.0
0.99999475
1.0
0.9999988
1.0
1.0
1.0
0.99999607
1.0
1.0
1.0
1.0
1.0
1.0
1.0
0.9999999
0.99858034
1.0
1.0
1.0
1.0
0.99999917
1.0
1.0
0.99999976
0.99999964
0.9998503
1.0
1.0
0.9999999
0.99999964
1.0
0.99999905
1.0
1.0
0.9999981
1.0
1.0
0.99999905
0.9999956
1.0
0.99998367
1.0
1.0
1.0
1.0
0.999987
0.9998964
0.9999994
0.9999999
0.99999976
1.0
0.9996997
1.0
1.0
0.99999714
0.9999999
0.9999976
1.0
1.0
1.0
1.0
1.0
1.0
1.0
1.0
1.0
1.0
1.0
1.0
0.99996114
1.0
1.0
1.0
0.99999976
1.0
0.9999994
0.9999995
0.9999999
0.99976593
0.7748674
0.99999905
0.7686841
0.997528
0.721063
0.9933838
1.0
0.99999964
1.0
0.99999726
1.0
0.99995625
0.9999945
1.0
0.9999993
0.9997707
1.0
1.0
1.0
0.9999896
0.9999883
1.0
0.9999999
0.9999989
0.99999976
1.0
1.0
1.0
1.0
0.9999999
1.0
1.0
1.0
0.99999535
0.99999046
1.0
1.0
1.0
1.0
1.0
1.0
1.0
1.0
0.9999999
1.0
0.9999958
0.9999993
0.9999995
1.0
1.0
0.7325829
1.0
0.99992394
1.0
1.0
1.0
1.0
0.9999982
1.0
1.0
1.0
1.0
0.9999865
0.99999654
1.0
1.0
0.9999889
1.0
1.0
1.0
1.0
1.0
1.0
1.0
1.0
1.0
1.0
1.0
0.9999999
1.0
0.99999976
1.0
0.9999989
0.9999138
1.0
0.9999757
0.9999995
1.0
1.0
1.0
1.0
0.99999964
1.0
1.0
0.9999999
0.99999964
1.0
0.99995077
0.9844013
1.0
1.0
1.0
0.99999964
0.99999857
1.0
1.0
0.99183923
0.9999559
0.9999995
1.0
1.0
1.0
0.9999987
1.0
1.0
1.0
0.99999344
1.0
0.9999999
1.0
1.0
1.0
1.0
1.0
0.99999845
1.0
0.9998031
0.9999994
1.0
1.0
0.9999999
1.0
1.0
0.99999774
1.0
0.9999989
0.99999964
0.98570204
0.90741813
1.0
1.0
1.0
1.0
0.9999999
1.0
1.0
0.99980706
1.0
0.999944
1.0
1.0
0.99999976
0.99997747
1.0
0.99999905
1.0
0.99999976
1.0
0.999987
1.0
1.0
1.0
1.0
1.0
1.0
1.0
1.0
1.0
0.99999547
1.0
1.0
0.9999999
1.0
0.99998057
0.9955214
1.0
1.0
1.0
1.0
0.9999889
0.9962835
1.0
1.0
0.9999994
0.999571
1.0
1.0
1.0
1.0
1.0
0.99994767
1.0
0.99999976
1.0
0.99999976
1.0
0.9999999
0.9999845
1.0
1.0
0.99743384
0.9886573
1.0
1.0
1.0
0.9999999
0.9999999
1.0
1.0
1.0
0.9999999
1.0
1.0
0.9999738
0.5647663
1.0
0.9999999
1.0
1.0
1.0
1.0
1.0
0.99999785
1.0
1.0
0.9999999
0.99999905
1.0
0.99999917
0.930737
1.0
0.9999987
1.0
0.9999988
1.0
1.0
1.0
1.0
0.9999999
0.92457676
0.9999442
1.0
1.0
1.0
0.9995284
1.0
0.9947219
1.0
1.0
1.0
1.0
1.0
1.0
0.99999785
0.9999877
1.0
1.0
1.0
1.0
1.0
1.0
1.0
0.9999944
1.0
1.0
1.0
0.9999999
0.9999987
1.0
1.0
0.9999995
0.999962
0.95342684
1.0
1.0
0.99572456
1.0
1.0
0.99990785
1.0
1.0
0.9968749
1.0
0.9999968
1.0
0.99999964
1.0
1.0
1.0
0.9999999
1.0
0.99999976
0.9999999
0.99990225
0.99999785
0.8715383
0.99999714
1.0
0.9999999
1.0
1.0
0.9999995
1.0
1.0
1.0
1.0
1.0
1.0
1.0
1.0
1.0
1.0
1.0
1.0
0.9999999
0.99983585
0.9997335
0.99999964
1.0
1.0
1.0
0.99999976
1.0
1.0
1.0
1.0
0.9999995
1.0
1.0
1.0
1.0
1.0
1.0
1.0
1.0
0.99998915
0.9996809
1.0
1.0
1.0
0.99999964
0.9995745
1.0
1.0
0.9999846
1.0
0.99981004
1.0
1.0
1.0
1.0
1.0
0.999985
1.0
1.0
0.9999441
1.0
1.0
1.0
0.9999924
1.0
1.0
1.0
1.0
1.0
0.9999895
1.0
1.0
0.5421585
1.0
1.0
0.9999869
0.9999999
1.0
1.0
1.0
1.0
0.9999999
0.99995613
1.0
1.0
1.0
0.99999976
1.0
0.99998915
1.0
1.0
1.0
0.99999547
0.9999993
1.0
1.0
1.0
1.0
0.9908675
1.0
1.0
1.0
1.0
0.9864166
1.0
0.9999379
1.0
1.0
1.0
1.0
1.0
1.0
0.9999999
1.0
1.0
1.0
0.9999982
1.0
1.0
1.0
1.0
1.0
1.0
1.0
1.0
0.9998983
1.0
1.0
1.0
0.9999969
1.0
0.99999595
1.0
0.9999981
1.0
1.0
0.9999882
0.99999607
1.0
0.99999964
0.99541324
0.6726483
0.5568297
1.0
0.9999949
1.0
1.0
0.99999833
1.0
0.999998
1.0
1.0
1.0
1.0
0.9995116
0.9999999
1.0
0.9999988
1.0
0.99999917
1.0
0.9999975
0.9999883
1.0
1.0
0.9999999
1.0
1.0
0.9999995
1.0
1.0
1.0
0.9999999
1.0
1.0
0.9999969
1.0
1.0
1.0
1.0
1.0
0.9999999
1.0
0.876147
1.0
0.99965525
1.0
0.99999964
1.0
0.9999999
1.0
0.9999995
1.0
1.0
1.0
0.99524057
1.0
0.90884465
0.98610306
0.99999213
1.0
1.0
1.0
0.9999994
1.0
1.0
0.82457125
1.0
1.0
0.9999963
0.99981815
0.99999976
1.0
1.0
0.99999225
0.99984753
0.9999999
0.99971837
1.0
1.0
1.0
0.99999785
1.0
1.0
0.94836897
0.9999994
1.0
1.0
0.999637
1.0
1.0
1.0
1.0
1.0
1.0
0.9999995
1.0
1.0
1.0
1.0
1.0
0.99998677
1.0
1.0
1.0
1.0
1.0
1.0
1.0
1.0
1.0
0.9999981
1.0
1.0
0.9999943
1.0
1.0
0.99999774
0.9999778
0.9999999
1.0
0.99999106
0.9999999
1.0
1.0
0.9999919
1.0
1.0
1.0
1.0
1.0
0.99999976
1.0
0.99989283
1.0
1.0
0.9999999
1.0
1.0
1.0
0.9999989
0.9980227
1.0
1.0
1.0
0.99998045
1.0
1.0
1.0
1.0
0.9999999
0.99980026
0.8382917
1.0
1.0
1.0
1.0
1.0
0.43945625
1.0
1.0
0.9999945
1.0
0.999708
0.99347335
1.0
1.0
1.0
1.0
0.99999726
0.9999975
0.9999989
1.0
1.0
1.0
0.9999993
1.0
1.0
1.0
1.0
0.9999989
0.9998647
0.9999999
1.0
1.0
1.0
1.0
1.0
0.9999995
1.0
1.0
0.99964464
0.9999999
1.0
1.0
1.0
1.0
1.0
1.0
1.0
0.9999474
0.99999917
1.0
1.0
1.0
0.99999905
1.0
1.0
0.99999785
0.99999416
1.0
1.0
1.0
0.9999999
0.9999999
1.0
1.0
1.0
1.0
0.99999976
0.999902
1.0
1.0
1.0
0.9999999
1.0
0.999483
0.9999993
1.0
1.0
1.0
0.7516447
1.0
0.933607
1.0
1.0
0.99999976
0.9999999
0.99999833
1.0
0.99912435
0.99999976
1.0
1.0
1.0
1.0
1.0
0.9852841
1.0
0.9999994
1.0
1.0
0.9999993
1.0
1.0
1.0
1.0
0.99998665
1.0
1.0
1.0
1.0
0.99999857
1.0
1.0
1.0
0.99999833
0.99999976
1.0
0.9999976
1.0
0.99999976
0.9999927
0.99999976
1.0
0.99999905
1.0
1.0
1.0
1.0
0.99999976
1.0
1.0
0.99979264
1.0
0.9997925
1.0
1.0
0.9999757
1.0
1.0
1.0
0.99998975
1.0
1.0
1.0
1.0
0.9998691
1.0
1.0
0.9972644
0.9826208
1.0
0.99999714
1.0
1.0
0.99998367
1.0
1.0
1.0
0.9999138
0.999907
1.0
1.0
1.0
1.0
0.9999999
0.9999989
0.99999976
1.0
1.0
0.6800386
1.0
0.9997849
1.0
0.9939499
1.0
0.99998987
0.99999833
1.0
1.0
0.99999774
1.0
1.0
0.99999917
0.99999285
0.9999964
1.0
1.0
1.0
0.9999976
1.0
0.9999857
0.99997425
1.0
0.9494391
1.0
0.9999844
1.0
1.0
0.9999995
0.99818283
0.9999989
0.99998975
0.99999976
1.0
1.0
1.0
0.99999857
1.0
0.9999999
0.8608739
0.99999964
0.9999676
1.0
1.0
0.8540065
0.9920259
1.0
1.0
0.9999802
0.9999987
1.0
1.0
1.0
0.99978596
1.0
1.0
0.99999917
0.99987304
1.0
1.0
0.9999964
0.99999976
1.0
0.99999857
1.0
1.0
1.0
0.9999999
1.0
0.9999865
0.99980646
0.99999976
1.0
1.0
0.99999917
1.0
0.9990048
1.0
0.9999999
0.99631566
0.9999999
1.0
1.0
0.99999964
0.9999925
0.9999999
0.9996867
0.9986303
1.0
0.99999905
1.0
1.0
1.0
0.99999964
1.0
1.0
0.9984701
1.0
0.9999999
1.0
0.9999999
1.0
1.0
1.0
0.9999999
1.0
1.0
0.99999964
0.9999999
0.9999987
1.0
1.0
0.9999864
1.0
1.0
1.0
0.85378486
1.0
1.0
1.0
1.0
1.0
0.99999964
0.97897494
1.0
0.99987924
1.0
0.99999714
0.9999887
1.0
1.0
0.9999856
0.99999917
1.0
0.805758
1.0
0.99963033
1.0
1.0
1.0
1.0
1.0
1.0
1.0
0.9999999
0.99999547
0.9999999
1.0
1.0
0.999936
1.0
0.9999988
0.99999774
0.9999995
1.0
1.0
1.0
1.0
1.0
1.0
1.0
0.9158601
0.9999994
1.0
1.0
1.0
1.0
1.0
1.0
1.0
1.0
1.0
1.0
1.0
0.99999917
0.9999958
1.0
1.0
1.0
1.0
1.0
1.0
0.99930763
1.0
1.0
1.0
1.0
1.0
0.99999535
1.0
0.5681179
0.9953465
0.9999927
1.0
1.0
0.99999964
0.9999999
1.0
1.0
0.99998367
0.9999999
1.0
1.0
1.0
1.0
0.9999999
0.9999988
1.0
0.9999994
1.0
1.0
0.55528283
0.52891344
1.0
1.0
1.0
1.0
1.0
1.0
1.0
0.99997795
1.0
0.99350375
1.0
0.9999999
1.0
0.9992218
1.0
0.9999999
1.0
1.0
1.0
0.99985075
0.9999969
0.9999999
0.99173707
0.99999905
0.9944975
0.99969554
1.0
1.0
0.999992
1.0
1.0
0.9999994
1.0
1.0
1.0
1.0
1.0
0.9998809
1.0
1.0
1.0
1.0
1.0
0.94798046
1.0
1.0
0.9999976
0.99999845
0.999954
0.99999964
0.999987
0.99999785
1.0
0.99999654
1.0
1.0
0.9999999
1.0
1.0
0.9999999
0.9999999
0.99999976
1.0
1.0
1.0
1.0
0.999997
1.0
1.0
1.0
1.0
1.0
1.0
1.0
0.9999999
1.0
0.9999988
1.0
0.9999331
1.0
0.99999905
1.0
1.0
0.9999999
0.9999193
0.99999917
0.99999726
1.0
0.9999999
1.0
1.0
1.0
0.99997723
0.9999968
0.9999949
1.0
1.0
1.0
0.9999989
1.0
1.0
1.0
0.9999995
1.0
0.99841547
1.0
0.970018
0.9999951
1.0
1.0
1.0
0.9862596
1.0
1.0
0.8153843
0.99996936
1.0
1.0
1.0
1.0
1.0
1.0
1.0
1.0
1.0
1.0
1.0
0.99999785
1.0
1.0
1.0
0.99994385
1.0
0.9291805
1.0
0.99785537
1.0
0.9676224
0.88017213
1.0
1.0
1.0
0.99999046
0.98209965
1.0
1.0
0.9999981
1.0
1.0
1.0
0.99999976
1.0
1.0
0.99633247
0.9999846
1.0
1.0
1.0
1.0
1.0
0.9999989
1.0
1.0
0.99999774
1.0
0.9997192
1.0
0.9999999
1.0
1.0
1.0
0.9999734
1.0
1.0
1.0
1.0
0.99999917
1.0
0.9999994
0.99999416
1.0
0.99999917
1.0
1.0
0.90871423
0.99999845
1.0
1.0
1.0
1.0
1.0
0.9993291
1.0
0.9993212
1.0
0.7044174
1.0
0.9999989
0.9999969
1.0
1.0
0.99999523
0.9999713
1.0
0.9999974
0.7296287
1.0
1.0
0.9999999
1.0
0.9999969
0.9999937
1.0
1.0
1.0
0.9999994
1.0
1.0
0.99999785
1.0
1.0
0.9999677
1.0
1.0
0.9999906
0.8425848
1.0
1.0
1.0
1.0
1.0
1.0
0.9999999
0.99999976
1.0
1.0
1.0
1.0
0.97358966
0.9999999
1.0
1.0
1.0
1.0
0.99999607
1.0
1.0
1.0
1.0
1.0
1.0
1.0
1.0
1.0
0.99999976
0.99991524
1.0
0.9999999
1.0
1.0
0.99998057
1.0
0.6858099
1.0
1.0
0.8032229
0.99999917
1.0
1.0
1.0
0.7938567
1.0
1.0
0.99976224
1.0
0.99999976
1.0
1.0
1.0
0.99999964
0.9999939
0.9999999
1.0
1.0
1.0
0.99999964
0.99998033
1.0
1.0
1.0
1.0
1.0
1.0
0.50462043
1.0
0.99999976
0.9999999
1.0
1.0
1.0
0.9998599
0.8419284
0.99998856
1.0
1.0
0.9999945
0.99992764
1.0
1.0
0.99999964
1.0
1.0
1.0
1.0
0.99999034
1.0
0.9999883
1.0
1.0
1.0
1.0
0.9642925
1.0
1.0
1.0
0.99999964
1.0
0.9999999
1.0
1.0
0.9999999
0.9999999
0.9979126
1.0
1.0
0.9999671
1.0
1.0
0.97916037
0.99998426
1.0
1.0
0.9999964
0.99999976
1.0
1.0
0.9999974
1.0
0.99999726
1.0
1.0
1.0
1.0
0.99993896
1.0
0.9999925
0.9997453
0.99999976
0.9999515
1.0
1.0
1.0
1.0
0.9999999
1.0
0.9999999
0.99989617
1.0
1.0
0.99999964
1.0
1.0
1.0
0.9999999
0.6195002
1.0
1.0
0.99999976
0.99999964
1.0
1.0
0.9999999
0.9999995
1.0
0.9998092
0.99999964
0.9999999
1.0
1.0
1.0
1.0
1.0
0.9989497
0.9998024
1.0
0.99998677
1.0
0.99993634
1.0
1.0
0.9999999
1.0
0.9999999
0.999992
1.0
1.0
0.9999391
0.99999976
1.0
0.9999999
1.0
1.0
0.9999007
1.0
1.0
0.9999999
1.0
0.99998724
1.0
1.0
1.0
1.0
0.99999976
0.99999905
1.0
0.9999999
1.0
0.9999999
1.0
1.0
1.0
0.9836699
1.0
0.99999976
0.9999999
0.9999995
0.9999988
0.99999976
1.0
0.99999607
0.99999976
0.99999785
1.0
1.0
1.0
1.0
1.0
1.0
1.0
0.9992918
0.9999994
1.0
0.99998486
1.0
1.0
0.99983823
1.0
1.0
1.0
1.0
1.0
1.0
0.96682304
1.0
0.99971277
1.0
1.0
0.99976856
1.0
1.0
1.0
1.0
0.99999857
0.9999999
1.0
1.0
1.0
1.0
1.0
0.99999976
1.0
1.0
0.9999877
0.9999907
0.9999646
0.9972256
1.0
0.94585305
1.0
1.0
1.0
1.0
1.0
0.9999831
0.9999999
0.99999857
1.0
0.99999106
1.0
1.0
1.0
1.0
1.0
1.0
1.0
1.0
1.0
1.0
0.99999833
1.0
0.9999926
1.0
1.0
1.0
1.0
1.0
1.0
1.0
1.0
1.0
1.0
0.99999917
0.9998913
1.0
1.0
0.999997
1.0
0.99999905
0.9999974
1.0
1.0
0.99996364
1.0
0.9999217
1.0
1.0
0.9999988
1.0
0.99992657
0.99800545
0.99903154
1.0
1.0
1.0
1.0
1.0
1.0
0.9999999
1.0
0.9999994
1.0
1.0
0.9999999
0.999859
0.9999999
0.9999999
1.0
0.9999993
1.0
1.0
0.99999416
1.0
1.0
1.0
1.0
1.0
0.99730337
1.0
0.9964289
1.0
1.0
0.99998724
1.0
0.9999993
1.0
1.0
0.99996495
0.9999999
1.0
1.0
0.99999964
1.0
0.9999974
0.9999585
1.0
0.99999833
1.0
1.0
0.9999999
1.0
1.0
1.0
0.9999999
1.0
1.0
1.0
1.0
1.0
1.0
1.0
0.99911267
1.0
0.9985845
1.0
1.0
1.0
1.0
0.99999964
0.99591076
0.9996996
1.0
1.0
0.9999728
0.9999813
0.9999999
1.0
1.0
1.0
1.0
0.5310107
0.9999999
0.9999206
1.0
1.0
0.7504448
1.0
1.0
0.98111665
0.99988616
0.9999989
1.0
0.9999989
0.999617
0.9999994
0.9999994
1.0
1.0
0.8694004
0.9999994
0.99999976
1.0
1.0
0.99884737
1.0
0.9999896
0.9999999
1.0
0.99974424
0.9999999
0.9999999
1.0
1.0
0.99992716
1.0
0.9338569
1.0
1.0
1.0
0.9999311
0.99999833
1.0
1.0
1.0
1.0
1.0
1.0
1.0
1.0
0.9999118
1.0
1.0
0.99999976
1.0
0.9999994
0.9998714
1.0
1.0
0.9281756
1.0
0.9999999
1.0
1.0
0.94095415
0.99999094
1.0
0.99999976
1.0
1.0
1.0
0.9999213
1.0
0.99909663
1.0
0.8937103
0.9999999
1.0
1.0
0.99999535
1.0
0.9999999
0.99999607
1.0
0.96382064
1.0
1.0
1.0
0.9999999
0.99999964
1.0
0.999992
1.0
1.0
1.0
0.8059127
0.9992472
0.99999475
1.0
1.0
1.0
0.99306834
1.0
1.0
0.99999785
1.0
1.0
1.0
1.0
0.99999976
1.0
1.0
1.0
0.9999982
0.9999776
0.9999999
1.0
1.0
1.0
0.99994624
1.0
0.99999726
1.0
0.99999976
0.9999976
1.0
1.0
0.99949014
0.9996209
1.0
1.0
1.0
0.99999976
1.0
0.9996729
0.9999999
1.0
1.0
1.0
1.0
0.9999808
1.0
1.0
1.0
1.0
0.9999999
1.0
1.0
0.8386442
1.0
1.0
0.99711263
0.93245244
1.0
0.99999094
0.9813742
1.0
1.0
1.0
0.99999905
1.0
0.9995633
1.0
1.0
0.9995289
1.0
0.9999993
1.0
1.0
1.0
1.0
1.0
1.0
1.0
1.0
1.0
1.0
1.0
0.9999999
1.0
1.0
0.9999969
0.99999976
1.0
1.0
1.0
1.0
1.0
0.9999993
1.0
0.9963631
0.99870193
1.0
1.0
1.0
1.0
1.0
1.0
0.99999046
0.99999964
0.9999994
1.0
1.0
0.983557
1.0
1.0
1.0
1.0
0.9999989
1.0
1.0
1.0
1.0
1.0
1.0
1.0
0.9999999
1.0
1.0
1.0
1.0
1.0
1.0
1.0
1.0
0.9999999
1.0
1.0
1.0
1.0
1.0
1.0
0.9971035
1.0
0.99999976
1.0
1.0
1.0
0.9983796
1.0
1.0
1.0
1.0
1.0
1.0
0.99999607
0.89496464
1.0
1.0
1.0
1.0
1.0
0.9999999
1.0
0.99999976
1.0
1.0
0.9999989
0.99999654
0.9528698
1.0
1.0
0.99998283
1.0
0.9999981
0.9999925
0.99999833
1.0
1.0
1.0
1.0
0.9999999
1.0
1.0
0.99831945
1.0
1.0
1.0
1.0
1.0
0.9997975
1.0
1.0
1.0
0.9999894
1.0
0.9999999
1.0
0.9999999
1.0
1.0
1.0
0.99995446
0.99999654
1.0
0.99959666
1.0
1.0
1.0
0.9999993
0.9999988
1.0
1.0
1.0
0.99999976
0.9999999
1.0
0.9999999
1.0
0.9999999
1.0
0.99999976
1.0
1.0
1.0
1.0
1.0
0.9999995
1.0
1.0
1.0
1.0
1.0
1.0
0.9999975
1.0
1.0
1.0
1.0
0.9999999
1.0
1.0
1.0
1.0
1.0
0.78241247
0.99981326
0.99958354
1.0
1.0
1.0
0.9999999
1.0
0.99999154
0.9998853
1.0
0.8890466
1.0
0.99999
1.0
1.0
1.0
1.0
0.6306893
1.0
1.0
1.0
1.0
0.9999988
0.9999877
1.0
0.9985606
0.99998677
1.0
1.0
1.0
1.0
1.0
1.0
1.0
0.9999989
0.9999995
0.97708875
1.0
0.99997544
1.0
1.0
1.0
1.0
1.0
0.9131253
0.99999976
1.0
0.9999019
1.0
1.0
0.9999999
1.0
0.9997669
0.9999995
1.0
0.9999814
0.99912125
1.0
1.0
1.0
1.0
1.0
1.0
0.99575716
1.0
1.0
1.0
0.9970817
1.0
1.0
1.0
0.9999845
1.0
1.0
1.0
1.0
1.0
0.9750346
0.99980015
0.99999976
0.9999833
1.0
1.0
1.0
0.92058724
0.9997843
1.0
0.9999833
1.0
0.999982
0.9999975
1.0
0.9999423
1.0
0.99999857
1.0
1.0
1.0
1.0
1.0
1.0
1.0
0.99999976
1.0
0.9999982
1.0
0.9999945
0.9999993
0.9999856
1.0
0.9999969
0.99999845
0.9999999
1.0
0.9999999
1.0
1.0
1.0
0.62606704
1.0
0.9999999
1.0
1.0
1.0
1.0
1.0
0.9998362
0.9999999
1.0
1.0
1.0
1.0
1.0
1.0
1.0
1.0
0.99999964
0.9999993
0.9999999
1.0
1.0
0.9999999
0.9999865
1.0
0.9999404
0.99999964
0.9998332
1.0
1.0
1.0
1.0
0.99989593
0.99999964
0.99997556
1.0
0.99999857
0.9994136
0.99999976
0.9998379
1.0
1.0
1.0
0.9961229
0.9999738
0.96280867
1.0
1.0
1.0
1.0
1.0
0.99999356
1.0
0.9999999
0.9999999
0.9999999
0.9999995
1.0
1.0
0.995053
1.0
1.0
0.99998915
1.0
1.0
1.0
1.0
0.9999517
0.9999999
1.0
0.999998
0.9997018
1.0
1.0
1.0
1.0
1.0
1.0
1.0
0.9999994
0.99997115
0.99999666
0.99999845
1.0
0.9998573
0.99999964
1.0
1.0
0.9999975
0.9944296
1.0
0.9999999
1.0
0.9350015
1.0
1.0
1.0
1.0
1.0
1.0
0.99982697
1.0
1.0
1.0
1.0
0.99999964
1.0
0.9999765
0.9927769
0.99998915
1.0
1.0
1.0
0.99999964
0.9999994
0.99999976
1.0
1.0
0.6097178
1.0
1.0
0.99995506
1.0
1.0
1.0
1.0
1.0
1.0
0.99996686
0.99966156
1.0
0.9999957
1.0
1.0
0.9999906
0.99999905
1.0
1.0
1.0
1.0
0.99999845
0.999995
0.9804143
1.0
1.0
1.0
0.9999517
0.9999999
0.9999999
0.9999999
1.0
1.0
0.9999887
1.0
1.0
1.0
1.0
1.0
1.0
0.99680847
1.0
0.9999995
0.9999877
1.0
1.0
0.99998236
1.0
1.0
1.0
1.0
0.9998776
1.0
1.0
0.9999999
1.0
1.0
0.9999999
1.0
1.0
0.99953043
1.0
0.99993443
0.99992347
0.99999917
0.9999999
1.0
1.0
1.0
1.0
0.9979961
1.0
0.9999999
1.0
1.0
0.9999999
0.9999993
0.9999995
0.9997615
1.0
1.0
0.999982
1.0
1.0
1.0
1.0
1.0
0.99999595
1.0
1.0
1.0
1.0
1.0
1.0
1.0
0.9999999
1.0
0.9999374
1.0
1.0
1.0
1.0
1.0
1.0
1.0
0.99979454
1.0
1.0
1.0
1.0
0.9999969
1.0
0.97533697
1.0
1.0
1.0
0.99999917
1.0
1.0
1.0
1.0
1.0
0.9999919
0.9999993
1.0
1.0
1.0
0.9999994
0.9999602
1.0
1.0
1.0
0.9999969
1.0
0.78892016
0.99999964
1.0
1.0
1.0
1.0
1.0
0.99999845
0.9999974
0.99999857
1.0
1.0
0.99994624
1.0
0.9999943
1.0
0.9940837
1.0
0.99922395
0.99996626
1.0
1.0
1.0
1.0
1.0
1.0
1.0
0.99997497
0.98906714
0.65451854
1.0
0.9999585
1.0
0.9999999
1.0
0.9999999
0.5852741
1.0
0.9938326
0.9999999
0.99999905
1.0
1.0
1.0
1.0
0.9999999
1.0
1.0
1.0
0.99999976
1.0
0.9999833
1.0
1.0
1.0
1.0
1.0
1.0
1.0
0.99999917
0.99999905
0.9999999
1.0
0.9999989
1.0
1.0
1.0
1.0
0.99975616
0.9999993
0.99999964
1.0
0.9999325
1.0
1.0
0.9999964
0.9997472
1.0
1.0
0.9999976
1.0
0.9999809
1.0
1.0
1.0
1.0
0.9999372
0.9999882
1.0
0.9999999
1.0
1.0
0.99999976
1.0
0.9868702
1.0
1.0
1.0
1.0
1.0
1.0
0.9999627
1.0
0.99999917
1.0
0.999998
1.0
1.0
0.9999418
0.9984999
1.0
0.9999255
0.9999958
1.0
1.0
1.0
0.9999994
1.0
0.999908
1.0
1.0
0.99953616
0.99999976
1.0
1.0
1.0
1.0
1.0
1.0
1.0
1.0
1.0
1.0
0.9999925
0.99999774
0.9999999
1.0
1.0
1.0
1.0
1.0
0.9999994
1.0
1.0
1.0
1.0
0.9999999
1.0
1.0
0.999995
1.0
1.0
0.9995993
1.0
0.9969585
1.0
1.0
1.0
0.99999976
1.0
1.0
1.0
1.0
1.0
0.99999905
1.0
1.0
1.0
0.99998724
1.0
1.0
0.9999927
0.99999845
0.99992216
0.99999964
1.0
1.0
0.99999976
0.99999905
0.60889614
1.0
1.0
0.9999999
0.9998337
1.0
0.62105864
1.0
0.99998975
0.99652404
1.0
0.9999988
1.0
1.0
1.0
1.0
0.99999976
0.97363305
0.9841563
0.9993692
1.0
1.0
1.0
0.9999999
0.99937445
1.0
1.0
1.0
1.0
1.0
1.0
0.9872112
0.7287025
1.0
1.0
0.9999962
1.0
1.0
0.9999833
0.99999976
0.99999857
1.0
1.0
0.99999976
1.0
0.99994516
1.0
1.0
1.0
0.92987245
1.0
0.99986506
1.0
1.0
1.0
0.99999285
0.99999976
1.0
0.9973653
1.0
0.9999999
1.0
1.0
1.0
1.0
0.99998975
1.0
1.0
1.0
0.99870074
0.9999902
1.0
0.99999034
1.0
0.9622936
1.0
1.0
1.0
1.0
0.99999857
0.99999857
1.0
1.0
0.9999987
0.9996117
1.0
1.0
1.0
1.0
1.0
1.0
0.9999943
1.0
1.0
1.0
1.0
1.0
1.0
1.0
1.0
0.9999573
0.9999989
0.9995061
1.0
1.0
1.0
1.0
1.0
0.99999917
0.8082711
1.0
1.0
0.9999999
0.99999976
1.0
1.0
1.0
1.0
1.0
1.0
1.0
1.0
1.0
1.0
1.0
1.0
1.0
1.0
1.0
1.0
1.0
1.0
1.0
1.0
1.0
0.99999917
1.0
1.0
0.9968575
0.9895808
1.0
0.9614336
1.0
1.0
1.0
1.0
1.0
1.0
1.0
1.0
1.0
1.0
0.7087943
1.0
1.0
1.0
0.9999999
0.99998486
1.0
1.0
1.0
1.0
1.0
1.0
0.99999917
1.0
1.0
1.0
1.0
1.0
0.9999901
1.0
1.0
1.0
1.0
1.0
1.0
1.0
1.0
0.9998716
0.9999999
0.9999112
1.0
0.99999964
1.0
0.99999905
0.99999976
0.9800869
0.9999746
0.99999976
0.9999999
0.9999833
1.0
0.998235
0.99999917
1.0
0.99684685
1.0
1.0
1.0
1.0
0.99999857
1.0
1.0
1.0
1.0
0.9999999
1.0
0.9733804
0.99917513
1.0
0.9999378
0.9996393
0.99983335
1.0
1.0
1.0
0.9999995
1.0
1.0
1.0
0.99999917
1.0
1.0
0.9999999
0.99999964
1.0
1.0
1.0
1.0
1.0
1.0
1.0
1.0
1.0
1.0
0.99863476
1.0
1.0
0.99999547
0.99999964
1.0
1.0
1.0
1.0
0.9999716
1.0
1.0
1.0
0.99999976
1.0
0.999859
0.9999987
1.0
1.0
0.9999875
1.0
0.99999034
1.0
1.0
1.0
1.0
1.0
1.0
0.9999993
1.0
1.0
1.0
0.9998596
0.9999999
1.0
1.0
0.9999993
1.0
1.0
0.9999999
1.0
1.0
1.0
1.0
0.9999999
0.99999845
1.0
0.9999995
0.9999621
0.99892575
0.9999999
1.0
1.0
1.0
1.0
1.0
0.9999969
1.0
1.0
1.0
1.0
0.9984754
1.0
1.0
1.0
0.99999917
1.0
1.0
0.91990054
1.0
1.0
1.0
0.99987376
1.0
1.0
1.0
1.0
1.0
0.99999475
0.9992861
1.0
0.99999845
0.9999323
0.9999989
1.0
0.99999976
1.0
1.0
1.0
1.0
1.0
1.0
1.0
0.9949992
0.99999714
0.99999833
1.0
0.99999917
1.0
0.99999976
1.0
1.0
1.0
0.99995375
0.9999964
0.99999964
0.9986909
1.0
1.0
0.99999535
0.9999993
1.0
0.99999976
1.0
1.0
1.0
0.99999607
1.0
1.0
1.0
0.99999976
1.0
1.0
0.99989665
1.0
1.0
0.9999999
1.0
1.0
1.0
0.9999999
0.9989291
0.9866029
0.9999999
0.9999999
1.0
1.0
1.0
1.0
0.9999999
1.0
1.0
1.0
1.0
1.0
1.0
0.9999976
1.0
1.0
1.0
1.0
1.0
1.0
1.0
1.0
0.99998975
1.0
1.0
1.0
0.99962807
0.9999825
0.9999999
0.99999857
1.0
0.9999999
1.0
0.9999889
1.0
1.0
0.99997747
1.0
0.9999999
0.99992645
0.9933804
0.99999976
1.0
0.99996996
0.9999999
1.0
0.99935025
0.9998598
0.999998
1.0
1.0
1.0
0.9997186
0.99999976
0.99999964
1.0
1.0
0.9999398
1.0
1.0
1.0
1.0
1.0
1.0
1.0
1.0
1.0
1.0
1.0
0.9999999
1.0
0.99999464
1.0
1.0
0.99998283
1.0
1.0
0.9999999
1.0
0.9998723
1.0
1.0
1.0
0.99999976
0.9999999
1.0
1.0
0.99983776
1.0
1.0
1.0
1.0
1.0
0.99999976
0.8684761
1.0
1.0
1.0
0.9999833
1.0
0.9999999
1.0
0.9999999
1.0
0.99998164
1.0
1.0
1.0
0.9999995
1.0
1.0
1.0
0.9999993
0.99999356
1.0
0.99999976
0.99999976
1.0
1.0
1.0
1.0
0.9999981
1.0
1.0
0.9999999
0.99999964
0.9999956
0.99999976
1.0
1.0
1.0
1.0
0.9277262
0.9999999
0.9999999
0.9999968
0.9999995
0.99999976
1.0
0.9999999
1.0
1.0
0.9999993
1.0
1.0
1.0
1.0
1.0
1.0
1.0
1.0
0.9997428
0.9999975
1.0
1.0
1.0
1.0
0.99999833
0.999874
1.0
0.9999999
0.99894136
1.0
0.9999925
1.0
1.0
1.0
0.99999857
1.0
1.0
0.9999999
0.99999976
1.0
1.0
1.0
1.0
1.0
1.0
0.99999976
0.9999994
1.0
1.0
1.0
0.99999857
0.9996742
0.9821852
1.0
0.9999987
1.0
1.0
1.0
1.0
1.0
1.0
1.0
1.0
1.0
1.0
0.99999857
0.9999565
0.9999994
0.9999993
0.9999336
1.0
0.9999813
1.0
1.0
1.0
0.9999999
1.0
1.0
1.0
1.0
0.8513142
1.0
1.0
0.99996936
1.0
1.0
0.99999833
1.0
0.9931189
1.0
1.0
1.0
1.0
1.0
1.0
0.9999995
1.0
0.99866366
1.0
0.9999893
1.0
1.0
0.9997923
1.0
1.0
1.0
0.9999616
1.0
1.0
1.0
0.99998343
0.92810875
1.0
0.99999833
0.99999964
1.0
0.9999988
0.9999994
0.9999999
1.0
1.0
1.0
1.0
1.0
0.9999989
1.0
0.99994886
0.9996673
1.0
1.0
1.0
1.0
0.9990465
1.0
0.9999987
0.6890693
0.9933687
1.0
1.0
1.0
0.9999999
0.99999976
0.99999905
1.0
0.9999993
1.0
1.0
1.0
0.9999926
1.0
0.99999714
0.9999728
0.9999964
1.0
1.0
1.0
1.0
0.99710864
1.0
1.0
1.0
1.0
0.99999547
1.0
0.99999976
1.0
0.9999988
1.0
0.99995124
0.9999999
1.0
1.0
1.0
1.0
0.99985814
0.9999995
0.7708557
0.999876
0.9999939
1.0
1.0
0.99999166
1.0
1.0
1.0
1.0
1.0
1.0
1.0
1.0
1.0
1.0
0.9999999
1.0
1.0
0.9996606
1.0
0.9999999
1.0
1.0
1.0
1.0
1.0
0.9905834
1.0
1.0
0.99999046
1.0
1.0
1.0
1.0
1.0
0.9999877
0.9999995
1.0
1.0
1.0
0.9999999
1.0
1.0
1.0
1.0
1.0
0.9999987
1.0
1.0
1.0
1.0
1.0
1.0
0.99999905
1.0
1.0
1.0
1.0
0.99637634
1.0
1.0
1.0
0.99829644
1.0
0.9999976
1.0
1.0
1.0
1.0
1.0
1.0
1.0
0.9999738
1.0
1.0
1.0
1.0
1.0
1.0
1.0
0.9999988
0.97735506
1.0
1.0
1.0
1.0
1.0
1.0
0.99999857
1.0
0.9999901
1.0
1.0
1.0
0.9993567
1.0
1.0
1.0
1.0
1.0
1.0
1.0
0.98091
1.0
1.0
1.0
0.9999999
1.0
1.0
0.9999999
0.99999464
0.9999999
1.0
1.0
0.99999976
1.0
1.0
1.0
0.99538344
1.0
1.0
0.99999857
1.0
0.99998
0.9999988
1.0
0.9774785
0.8809572
1.0
0.9968796
0.9975389
1.0
1.0
1.0
1.0
1.0
0.9999989
1.0
0.9999999
0.99998605
1.0
1.0
0.9774694
1.0
1.0
1.0
1.0
1.0
0.9999995
0.99999154
1.0
0.96071666
1.0
1.0
0.99999905
0.99989223
0.99999297
0.9999945
1.0
1.0
1.0
1.0
0.999984
0.9999999
1.0
1.0
0.9985642
0.7047607
0.99999905
1.0
1.0
0.9999995
0.9999889
1.0
1.0
1.0
0.9999974
1.0
0.86622745
1.0
0.9992217
1.0
0.9999695
1.0
1.0
0.9999566
1.0
0.9999896
1.0
1.0
0.9999999
0.9999981
1.0
1.0
0.9999242
1.0
0.99899286
1.0
0.9999995
0.99993753
1.0
0.99999833
1.0
1.0
1.0
1.0
0.99873215
1.0
0.99995744
1.0
0.9999827
0.54457843
1.0
1.0
1.0
1.0
1.0
0.9999453
0.9939248
1.0
0.9999809
0.9973519
1.0
1.0
1.0
1.0
1.0
1.0
1.0
1.0
1.0
0.99994934
0.9999995
0.9999964
0.9999999
1.0
0.9999988
1.0
0.99931276
0.9999989
0.999998
1.0
1.0
1.0
1.0
1.0
1.0
1.0
1.0
1.0
0.7774811
1.0
1.0
0.5333582
1.0
0.99999976
1.0
1.0
1.0
0.9990565
1.0
0.9999993
0.9999851
1.0
1.0
1.0
1.0
0.9999999
1.0
0.99886936
1.0
0.9999721
1.0
1.0
1.0
1.0
0.9999937
1.0
1.0
1.0
0.9999999
0.9999999
1.0
1.0
1.0
1.0
1.0
1.0
1.0
0.9999999
1.0
1.0
1.0
0.9449164
1.0
1.0
1.0
0.99999976
0.9999999
1.0
1.0
1.0
0.9966097
1.0
0.99999976
1.0
0.6868228
1.0
1.0
0.99999213
1.0
1.0
1.0
0.999998
1.0
1.0
0.99999976
0.9999994
1.0
1.0
1.0
1.0
1.0
0.9999999
0.9999994
1.0
0.9987858
1.0
1.0
1.0
1.0
1.0
1.0
1.0
1.0
0.9999999
1.0
1.0
1.0
0.9998903
0.9999993
0.8265414
0.99999523
0.9898633
1.0
1.0
0.9999906
1.0
1.0
1.0
0.99998975
0.998973
0.9999999
1.0
0.9999838
1.0
1.0
1.0
1.0
1.0
1.0
0.9999999
0.9999906
1.0
1.0
1.0
1.0
1.0
0.92988646
0.99999654
0.9999999
0.99991655
1.0
1.0
1.0
1.0
0.9971179
0.99999857
0.99999976
1.0
1.0
1.0
0.9999999
1.0
0.9999118
0.9995877
0.99998546
0.9999862
0.99999964
1.0
1.0
1.0
1.0
1.0
0.9999999
0.9953585
1.0
0.9999521
1.0
1.0
0.9999975
0.99998474
0.9999999
1.0
1.0
1.0
1.0
0.50153506
1.0
1.0
1.0
0.9999999
1.0
1.0
1.0
0.9993536
1.0
0.95919114
0.99736494
1.0
1.0
1.0
0.9999993
1.0
1.0
1.0
1.0
0.9687584
1.0
1.0
0.99997056
0.99999964
1.0
1.0
1.0
1.0
1.0
0.9999988
1.0
1.0
0.9999999
1.0
1.0
1.0
0.99999595
1.0
1.0
0.9999987
1.0
1.0
1.0
1.0
0.99998987
0.99994874
1.0
1.0
1.0
1.0
1.0
1.0
1.0
0.9999999
1.0
0.99951744
1.0
0.99871385
0.9999999
1.0
0.9999999
1.0
1.0
0.9999143
1.0
1.0
1.0
0.61544514
1.0
1.0
0.6587445
1.0
1.0
0.9999999
1.0
1.0
1.0
1.0
0.9999962
1.0
0.99995995
0.99999976
1.0
1.0
0.9999981
0.99786156
1.0
0.9999999
1.0
1.0
0.9999994
0.99999607
0.9998336
1.0
0.99998355
1.0
1.0
1.0
1.0
1.0
1.0
1.0
1.0
0.9999875
0.9999999
0.9999987
0.99999976
1.0
0.9999958
0.99925226
1.0
1.0
0.9999999
1.0
1.0
0.9999987
1.0
0.9999974
0.9997539
1.0
0.9999999
1.0
1.0
0.9999995
1.0
1.0
0.99999976
1.0
0.9999999
1.0
1.0
0.99999976
0.9999807
0.9999999
0.99991584
1.0
1.0
0.9999969
0.99999416
1.0
0.99999905
0.99999833
1.0
0.9999993
0.99988294
1.0
0.99913627
1.0
0.999918
0.9999987
0.9999974
0.99999475
1.0
1.0
1.0
0.89300996
1.0
0.99999976
1.0
1.0
1.0
1.0
1.0
0.9999999
1.0
1.0
0.9999771
1.0
0.8234645
0.9996437
1.0
1.0
0.99998236
1.0
0.9999999
1.0
1.0
1.0
1.0
1.0
1.0
1.0
1.0
1.0
1.0
0.99999714
0.99999344
1.0
0.9999378
1.0
0.9999999
0.99991477
1.0
0.99989736
1.0
1.0
0.9999999
0.6371234
1.0
0.9999951
0.9999995
1.0
1.0
0.9999945
0.9988865
1.0
1.0
1.0
1.0
1.0
1.0
1.0
1.0
0.99999845
1.0
0.99999976
0.99876946
1.0
1.0
1.0
1.0
1.0
1.0
1.0
1.0
1.0
1.0
1.0
1.0
0.9999993
0.9970368
0.99999154
1.0
1.0
1.0
0.99999976
0.99997056
0.9999994
0.9999994
0.9999994
0.99066657
1.0
1.0
1.0
1.0
1.0
1.0
0.99939454
0.9952527
1.0
1.0
0.9998481
0.9998988
0.9999999
1.0
0.9999993
1.0
0.9988318
0.9999994
1.0
0.9999999
0.9989518
1.0
0.9966274
1.0
1.0
1.0
1.0
1.0
0.99999976
1.0
1.0
1.0
0.99999976
1.0
1.0
0.9975026
0.99999213
1.0
0.9999832
1.0
0.8995798
1.0
1.0
1.0
0.99999404
0.99991417
1.0
1.0
0.9595752
0.99999976
0.99999774
0.99953496
0.999998
0.9999999
1.0
1.0
1.0
0.99936324
1.0
1.0
0.9999999
1.0
0.99999976
1.0
0.99999356
0.9999993
0.9979127
1.0
0.9999989
1.0
1.0
1.0
0.99999976
1.0
0.9999974
1.0
0.99999964
1.0
1.0
1.0
0.9999976
0.9999738
1.0
1.0
0.99999917
1.0
1.0
1.0
1.0
0.99999964
1.0
1.0
0.9999999
1.0
0.9999995
0.9985953
1.0
1.0
1.0
1.0
0.9999995
0.99995494
1.0
1.0
1.0
0.9999999
0.9999958
1.0
1.0
1.0
0.9998204
0.9885146
0.9999988
1.0
0.9999411
1.0
1.0
1.0
0.99999964
0.9999995
0.8244677
1.0
1.0
1.0
1.0
0.99898356
1.0
1.0
1.0
1.0
1.0
0.99958354
1.0
0.9905337
0.9999999
0.9994723
0.9999999
1.0
0.99999905
1.0
1.0
0.9999832
0.9999988
1.0
0.9999981
1.0
1.0
1.0
0.99999964
1.0
0.9999901
0.9437337
0.99999917
1.0
0.99985826
1.0
0.9980075
1.0
1.0
0.9999988
1.0
1.0
1.0
1.0
0.99999857
1.0
0.9999993
1.0
1.0
1.0
0.99999344
0.99999917
0.9999994
0.9999981
1.0
0.99999976
0.99197394
1.0
0.99999976
1.0
0.99975735
1.0
1.0
1.0
0.9997923
0.9999999
0.9998927
1.0
0.9999542
0.99999833
0.9999999
0.99999607
1.0
1.0
0.9208904
1.0
1.0
1.0
0.9999995
1.0
0.9999993
1.0
0.99984205
1.0
1.0
0.9907901
0.9999957
1.0
1.0
1.0
1.0
0.9999999
1.0
1.0
0.9999815
1.0
1.0
1.0
1.0
1.0
0.9999974
1.0
1.0
1.0
0.9999999
1.0
1.0
1.0
0.990599
1.0
0.9999974
1.0
1.0
0.99998915
1.0
1.0
0.9999995
1.0
0.9992538
0.99999917
0.9999995
1.0
1.0
1.0
1.0
0.99881303
1.0
1.0
0.5631419
0.9985532
1.0
0.8999397
1.0
1.0
0.9999993
0.98855853
0.99842155
0.9999975
0.9994455
1.0
1.0
1.0
0.9999045
1.0
0.9999994
0.9999999
1.0
1.0
1.0
0.9999865
0.99999905
1.0
0.99999344
1.0
1.0
1.0
1.0
1.0
1.0
0.99984574
1.0
1.0
1.0
1.0
1.0
0.999926
1.0
0.99423957
1.0
1.0
1.0
0.99998903
1.0
1.0
0.9999988
1.0
1.0
1.0
0.9999877
0.999998
1.0
0.9999999
0.9993728
0.99998546
1.0
1.0
0.9999999
1.0
1.0
0.9999833
1.0
0.9999999
0.99999976
1.0
0.99999964
1.0
1.0
0.99999547
0.9999999
1.0
0.99999857
0.9999689
0.74421614
1.0
1.0
1.0
0.97926086
1.0
1.0
0.9874471
0.9999447
1.0
1.0
1.0
1.0
0.9999999
0.99999964
1.0
1.0
1.0
1.0
1.0
1.0
0.99999905
0.9999999
0.9999776
1.0
1.0
1.0
1.0
1.0
1.0
0.99968517
1.0
1.0
0.99895966
1.0
1.0
1.0
1.0
1.0
1.0
1.0
1.0
1.0
0.99999917
0.90903324
1.0
0.99999964
1.0
0.99967504
0.9986266
1.0
1.0
1.0
1.0
1.0
0.9999981
1.0
1.0
1.0
0.9999999
1.0
0.99999964
0.9999994
1.0
0.99994874
1.0
1.0
1.0
0.85695314
0.9999988
1.0
1.0
1.0
1.0
1.0
1.0
0.9999957
1.0
1.0
1.0
1.0
1.0
1.0
1.0
1.0
0.9997986
1.0
1.0
0.99999833
0.9999989
1.0
0.9989134
0.9999988
1.0
0.99999964
1.0
1.0
0.99999976
1.0
1.0
0.9999653
0.99999976
0.9999989
1.0
1.0
1.0
0.9999999
1.0
0.99999285
1.0
0.99999404
1.0
1.0
0.9999999
1.0
1.0
1.0
1.0
1.0
0.9995914
1.0
0.999998
0.99999917
1.0
0.9999995
0.99996305
1.0
0.99999917
0.79311574
1.0
1.0
0.99999964
1.0
1.0
1.0
0.99999964
0.9999995
1.0
1.0
1.0
1.0
0.9999739
0.99997044
1.0
1.0
1.0
1.0
1.0
1.0
1.0
1.0
1.0
0.9999894
0.9990214
0.9999995
1.0
0.9999989
1.0
1.0
1.0
0.9997056
1.0
1.0
0.9999999
0.9999999
0.9999995
0.9999999
0.99999666
0.9997621
0.995229
1.0
1.0
0.9679666
1.0
1.0
1.0
1.0
1.0
1.0
1.0
0.9972639
1.0
1.0
1.0
0.9999968
1.0
1.0
1.0
1.0
1.0
0.9434285
1.0
0.9994411
1.0
1.0
1.0
1.0
1.0
1.0
1.0
1.0
1.0
1.0
1.0
1.0
0.9999976
1.0
1.0
1.0
1.0
1.0
1.0
0.9000514
1.0
1.0
1.0
1.0
0.99999547
0.99999654
1.0
0.99999845
1.0
1.0
0.99999964
0.9999999
1.0
1.0
0.99997616
1.0
1.0
0.9999999
1.0
1.0
0.99997544
1.0
1.0
0.83530325
0.9998914
1.0
1.0
1.0
0.9999994
0.99999547
0.9770672
0.9999999
0.9993698
1.0
1.0
1.0
1.0
1.0
1.0
0.9551572
1.0
0.99999785
1.0
1.0
0.9999875
0.9999994
1.0
1.0
1.0
0.9999956
0.99999774
1.0
0.99999905
0.87295073
0.996543
0.9994572
1.0
1.0
1.0
1.0
1.0
1.0
0.9999999
1.0
1.0
1.0
1.0
1.0
0.9999988
1.0
0.99999917
0.9999999
0.99999917
0.99999905
1.0
1.0
0.5162356
0.99871063
1.0
0.9999999
1.0
1.0
1.0
1.0
0.9999999
1.0
1.0
1.0
1.0
1.0
0.7215487
1.0
0.9999651
1.0
1.0
0.97051114
0.9995264
0.9999999
0.999998
1.0
0.9999975
1.0
0.9545238
0.99999976
0.9999387
1.0
0.99954945
1.0
1.0
1.0
0.99999964
1.0
1.0
0.9999994
0.99999964
1.0
0.999998
1.0
0.9999976
1.0
1.0
1.0
1.0
0.9999958
1.0
1.0
0.9999999
0.99924064
1.0
1.0
1.0
0.99999356
1.0
1.0
0.99998844
1.0
1.0
0.99998975
0.9999995
0.9999995
1.0
0.9999999
1.0
1.0
1.0
0.9999995
1.0
1.0
1.0
1.0
0.9999963
1.0
0.9999999
1.0
1.0
0.99969196
1.0
0.99999964
0.99977106
0.99971205
0.99999654
1.0
1.0
1.0
1.0
1.0
0.99981433
0.9999981
0.99999297
1.0
0.9999994
1.0
0.79567486
1.0
1.0
0.9999999
0.9999993
1.0
1.0
1.0
0.9999999
1.0
0.9999794
0.99999976
0.99998915
0.9999999
1.0
0.9999993
1.0
1.0
1.0
1.0
1.0
1.0
0.99989736
0.99999917
1.0
1.0
0.9999467
1.0
1.0
0.99999964
1.0
1.0
1.0
0.99995315
0.99726176
1.0
1.0
1.0
0.9999994
0.9979808
1.0
0.9995546
1.0
1.0
0.9999994
1.0
1.0
1.0
1.0
1.0
1.0
1.0
1.0
0.9999987
1.0
1.0
1.0
1.0
1.0
0.99999034
1.0
1.0
1.0
1.0
1.0
1.0
0.99999976
1.0
1.0
1.0
1.0
1.0
1.0
0.9999994
1.0
1.0
1.0
1.0
1.0
0.99991465
1.0
1.0
1.0
1.0
0.9999999
1.0
1.0
1.0
1.0
1.0
0.99996054
1.0
0.9999987
1.0
1.0
0.9999989
1.0
1.0
0.9999999
1.0
1.0
1.0
0.9999999
1.0
1.0
1.0
0.9999988
1.0
1.0
0.99999964
1.0
0.99963474
0.9999994
1.0
0.9999999
1.0
1.0
1.0
0.9999995
1.0
1.0
1.0
0.9999999
1.0
1.0
1.0
1.0
0.9999999
1.0
0.9999999
0.99960107
1.0
0.99999964
1.0
1.0
1.0
1.0
1.0
1.0
1.0
1.0
0.9999993
1.0
0.99999964
0.9999933
1.0
1.0
1.0
1.0
0.9999844
1.0
1.0
0.9999999
1.0
1.0
1.0
1.0
1.0
0.99999917
1.0
1.0
1.0
1.0
1.0
0.9999989
0.99999964
1.0
1.0
1.0
0.99999905
1.0
0.9930346
1.0
1.0
1.0
1.0
1.0
1.0
1.0
0.999998
0.9999999
1.0
1.0
1.0
0.99991035
1.0
1.0
0.99999964
1.0
0.9999995
0.9999994
1.0
1.0
1.0
1.0
1.0
0.99999917
1.0
1.0
0.9999999
1.0
1.0
1.0
0.9963245
1.0
1.0
0.99999976
1.0
0.99999964
0.99242496
1.0
0.99999905
1.0
1.0
1.0
1.0
1.0
0.9999999
1.0
1.0
0.99999607
0.99999833
1.0
1.0
0.99999976
1.0
1.0
1.0
1.0
1.0
1.0
1.0
1.0
1.0
0.99999964
1.0
1.0
1.0
0.9999956
1.0
1.0
1.0
1.0
0.9999291
1.0
0.9999285
1.0
1.0
1.0
0.99999905
1.0
0.99998224
1.0
0.999997
0.99999726
1.0
1.0
1.0
1.0
1.0
1.0
0.9999999
1.0
0.9999999
0.9999938
0.99999905
1.0
1.0
1.0
1.0
1.0
1.0
0.999209
1.0
1.0
1.0
1.0
0.9999999
1.0
1.0
1.0
1.0
0.9999999
1.0
1.0
1.0
0.9999931
0.99999976
1.0
1.0
0.7521119
0.99999976
1.0
1.0
0.9999943
1.0
1.0
1.0
1.0
1.0
1.0
1.0
1.0
1.0
0.9999995
0.99952483
0.9999994
1.0
1.0
0.99998987
1.0
1.0
0.97083575
0.99999106
0.99999964
1.0
1.0
0.9999999
1.0
1.0
1.0
1.0
0.9991447
1.0
1.0
1.0
1.0
0.99998605
1.0
1.0
1.0
1.0
0.9993767
1.0
1.0
1.0
1.0
1.0
1.0
1.0
1.0
1.0
0.9999783
1.0
1.0
1.0
1.0
1.0
1.0
1.0
1.0
1.0
1.0
1.0
1.0
0.999982
1.0
1.0
1.0
1.0
1.0
1.0
1.0
1.0
1.0
1.0
1.0
1.0
1.0
1.0
1.0
1.0
1.0
1.0
1.0
0.84047896
1.0
1.0
1.0
1.0
1.0
1.0
1.0
1.0
1.0
1.0
1.0
0.99999714
1.0
1.0
1.0
1.0
1.0
1.0
1.0
1.0
1.0
1.0
1.0
1.0
1.0
1.0
1.0
1.0
0.9999993
1.0
1.0
1.0
1.0
1.0
1.0
1.0
1.0
1.0
1.0
1.0
1.0
1.0
1.0
1.0
1.0
1.0
1.0
0.9999999
1.0
1.0
0.9999999
1.0
1.0
1.0
1.0
1.0
1.0
1.0
1.0
1.0
1.0
1.0
0.9999999
1.0
1.0
0.99999917
1.0
1.0
1.0
0.9999993
1.0
0.9999999
1.0
0.999995
1.0
0.9999157
1.0
1.0
1.0
1.0
1.0
1.0
1.0
1.0
1.0
0.99999857
1.0
1.0
1.0
1.0
1.0
1.0
0.9999982
1.0
1.0
1.0
1.0
1.0
1.0
1.0
1.0
1.0
1.0
1.0
1.0
1.0
1.0
1.0
1.0
1.0
1.0
1.0
1.0
1.0
1.0
1.0
1.0
0.99983656
0.9999653
1.0
0.9999999
1.0
1.0
1.0
1.0
0.9999999
1.0
0.99999845
1.0
1.0
1.0
1.0
1.0
1.0
1.0
1.0
1.0
1.0
0.99999857
1.0
1.0
1.0
1.0
1.0
1.0
1.0
1.0
1.0
1.0
1.0
1.0
1.0
1.0
1.0
1.0
1.0
1.0
1.0
1.0
0.99999857
1.0
1.0
1.0
1.0
1.0
1.0
1.0
1.0
1.0
1.0
0.9999821
1.0
1.0
1.0
1.0
1.0
1.0
1.0
0.9999995
1.0
1.0
1.0
1.0
1.0
1.0
1.0
1.0
0.99998784
1.0
1.0
0.9968424
1.0
1.0
1.0
1.0
0.9999999
0.9999999
1.0
0.9999994
1.0
1.0
1.0
1.0
1.0
0.9999974
1.0
1.0
1.0
1.0
1.0
1.0
1.0
1.0
1.0
0.9999943
0.9985019
0.99999976
1.0
1.0
1.0
1.0
1.0
1.0
1.0
0.9999995
1.0
1.0
0.99999976
1.0
0.99999464
0.99999917
1.0
0.9995548
1.0
1.0
1.0
1.0
0.9995598
1.0
1.0
1.0
0.99988925
1.0
1.0
1.0
1.0
0.99999917
1.0
0.9999993
1.0
0.99999976
0.9999329
1.0
1.0
0.99423665
1.0
1.0
1.0
1.0
1.0
0.9999999
0.9999982
1.0
0.9999999
1.0
1.0
1.0
1.0
0.999668
1.0
0.9999999
0.9999795
1.0
0.99999976
1.0
1.0
1.0
1.0
1.0
1.0
1.0
0.99998534
1.0
0.9999999
1.0
0.99999976
1.0
0.99999964
0.99999964
1.0
1.0
0.9992508
1.0
1.0
0.9999957
1.0
1.0
1.0
1.0
0.9999993
1.0
1.0
0.9338145
1.0
0.999992
1.0
1.0
1.0
1.0
0.9999932
1.0
0.9999962
1.0
1.0
1.0
0.9999889
0.9999964
0.99974376
1.0
1.0
1.0
0.9999734
0.99794203
0.99997056
1.0
1.0
1.0
1.0
1.0
1.0
0.9999999
1.0
1.0
1.0
1.0
0.99999666
1.0
1.0
1.0
1.0
1.0
1.0
0.9999995
1.0
0.99993145
0.9997074
0.99999845
1.0
0.99999905
1.0
1.0
0.9999999
1.0
1.0
1.0
1.0
0.9999999
1.0
1.0
0.9999665
1.0
1.0
1.0
1.0
1.0
1.0
1.0
1.0
1.0
1.0
1.0
0.99978715
1.0
1.0
1.0
1.0
0.99999833
0.9999999
1.0
1.0
1.0
1.0
0.99999976
1.0
1.0
0.9999981
1.0
0.9999995
0.99994695
1.0
1.0
1.0
1.0
1.0
0.9999993
1.0
1.0
1.0
1.0
0.9999995
1.0
1.0
0.84647894
0.9998921
0.9995745
1.0
1.0
1.0
0.9999995
1.0
0.9999999
0.9999999
1.0
0.99978703
1.0
1.0
1.0
0.80442256
1.0
1.0
0.9994265
0.99999976
0.9999993
1.0
0.99999964
0.9999993
1.0
1.0
1.0
1.0
1.0
1.0
1.0
1.0
1.0
1.0
1.0
0.99994636
1.0
1.0
0.9999999
0.9999995
1.0
1.0
1.0
1.0
0.99999964
1.0
1.0
1.0
1.0
1.0
0.9999993
1.0
1.0
0.99999964
1.0
1.0
1.0
1.0
1.0
1.0
1.0
1.0
1.0
1.0
1.0
1.0
0.99999976
0.9999484
0.99999785
1.0
1.0
1.0
1.0
0.9999981
1.0
1.0
1.0
1.0
1.0
1.0
1.0
1.0
1.0
1.0
1.0
1.0
0.9999987
0.99999845
1.0
0.9999969
0.9999969
1.0
1.0
0.999969
0.99683243
1.0
1.0
1.0
1.0
0.9999944
1.0
0.9999857
1.0
1.0
1.0
1.0
1.0
1.0
0.9999999
1.0
1.0
1.0
1.0
1.0
1.0
0.9999995
1.0
1.0
1.0
1.0
1.0
1.0
1.0
0.99999976
1.0
1.0
1.0
1.0
1.0
1.0
1.0
1.0
1.0
1.0
1.0
1.0
1.0
0.99999976
1.0
1.0
0.9999999
1.0
1.0
0.9988317
0.9999999
1.0
1.0
1.0
1.0
1.0
1.0
0.9999994
1.0
0.9989961
0.9886204
1.0
0.9999994
0.9999969
1.0
1.0
1.0
0.99999344
1.0
0.9999999
1.0
1.0
1.0
1.0
1.0
1.0
1.0
1.0
0.99996805
1.0
1.0
1.0
1.0
1.0
0.9999541
1.0
0.9999999
1.0
0.9999999
1.0
0.99999976
0.9999999
1.0
0.999984
0.9999889
1.0
0.99998546
1.0
0.9999832
1.0
1.0
1.0
1.0
1.0
1.0
1.0
0.9958864
0.99996316
0.72807026
0.99256104
0.9999968
0.9998838
1.0
1.0
0.99999964
1.0
0.99999964
1.0
1.0
1.0
1.0
0.99956614
0.99999046
0.9999994
0.9999999
1.0
1.0
0.9930728
1.0
0.99999833
1.0
0.9999305
0.9999993
0.99999714
1.0
0.9999511
1.0
0.9999937
1.0
0.99999404
1.0
1.0
1.0
0.9999999
0.9999839
0.958366
0.99999726
0.9999963
0.99999833
0.9999995
1.0
1.0
0.9999864
0.990437
0.94259846
0.99994445
1.0
0.99998987
1.0
0.9997451
0.99999917
0.9999994
0.9999987
1.0
0.9999949
0.9999994
1.0
0.9999999
0.9999993
0.98915696
1.0
1.0
0.99999917
0.99999774
0.9999987
0.9999949
0.9992055
1.0
0.9996965
0.99999857
1.0
0.99998903
1.0
0.99894184
1.0
1.0
1.0
0.9999999
1.0
1.0
0.99999976
1.0
0.99999964
1.0
0.9999999
0.9918709
0.9999945
1.0
0.99077016
0.99999845
0.9994168
0.9999999
1.0
0.99999976
1.0
1.0
1.0
0.9361578
1.0
0.999992
1.0
1.0
0.9999994
1.0
0.99997723
0.99999964
1.0
0.9999063
1.0
1.0
0.99999833
0.99999905
0.99999964
1.0
1.0
0.9999863
0.99999046
1.0
0.9999995
1.0
1.0
0.9999126
1.0
1.0
1.0
1.0
1.0
0.9886044
1.0
0.9999999
1.0
1.0
0.9999902
0.9990441
0.999785
1.0
1.0
0.99999213
1.0
1.0
1.0
1.0
0.99998164
0.98953664
0.9999857
1.0
0.9999926
0.9999975
1.0
1.0
1.0
1.0
0.99995685
0.9230223
1.0
0.9997141
1.0
1.0
1.0
1.0
1.0
1.0
1.0
0.9999994
1.0
1.0
1.0
0.9999999
1.0
0.9999976
1.0
0.9999981
1.0
0.9999933
0.98774046
1.0
1.0
1.0
0.99999833
1.0
0.9999995
1.0
1.0
0.9999858
1.0
1.0
0.9999931
1.0
0.999931
1.0
1.0
1.0
1.0
1.0
1.0
1.0
1.0
1.0
1.0
0.99999774
1.0
1.0
0.9999999
1.0
1.0
1.0
1.0
1.0
1.0
1.0
1.0
0.9999999
1.0
0.99999976
1.0
1.0
1.0
1.0
1.0
0.99103385
1.0
1.0
1.0
0.99984
1.0
0.9999999
1.0
0.9999994
0.50789654
1.0
0.9997241
1.0
0.9999982
1.0
0.98357934
0.7521747
0.9996026
1.0
1.0
0.9999999
0.9999999
0.99999833
0.9999999
0.9999999
1.0
1.0
1.0
1.0
1.0
1.0
0.9999999
1.0
1.0
1.0
1.0
1.0
1.0
1.0
1.0
1.0
1.0
1.0
0.9999999
1.0
1.0
1.0
1.0
1.0
1.0
1.0
1.0
1.0
1.0
1.0
1.0
0.9999999
1.0
1.0
1.0
1.0
1.0
1.0
1.0
1.0
1.0
1.0
1.0
1.0
1.0
0.99999964
0.9999999
1.0
1.0
1.0
1.0
1.0
1.0
1.0
1.0
1.0
1.0
1.0
1.0
1.0
1.0
0.9999974
1.0
1.0
1.0
1.0
1.0
1.0
0.9999988
1.0
1.0
1.0
1.0
1.0
1.0
1.0
1.0
1.0
1.0
1.0
1.0
1.0
1.0
1.0
1.0
1.0
1.0
1.0
1.0
1.0
1.0
1.0
1.0
1.0
1.0
1.0
1.0
1.0
1.0
1.0
1.0
1.0
1.0
1.0
1.0
1.0
1.0
0.99999976
1.0
1.0
1.0
1.0
1.0
1.0
1.0
1.0
1.0
1.0
1.0
1.0
1.0
1.0
1.0
0.9999999
0.99999976
1.0
1.0
1.0
1.0
1.0
1.0
1.0
1.0
1.0
1.0
0.9999999
1.0
1.0
1.0
1.0
1.0
1.0
1.0
1.0
1.0
1.0
1.0
1.0
1.0
1.0
1.0
1.0
1.0
1.0
1.0
1.0
1.0
1.0
1.0
1.0
1.0
1.0
0.9999999
1.0
1.0
0.99999964
1.0
1.0
1.0
0.9999999
1.0
1.0
1.0
1.0
1.0
1.0
1.0
1.0
1.0
1.0
1.0
1.0
1.0
1.0
1.0
1.0
1.0
1.0
1.0
1.0
1.0
1.0
1.0
1.0
0.9999999
1.0
1.0
1.0
1.0
1.0
1.0
1.0
1.0
1.0
0.9999999
1.0
1.0
0.99999964
0.9999993
0.9950492
0.999997
0.9999951
1.0
1.0
1.0
1.0
0.99993396
1.0
0.99999523
0.99999774
1.0
1.0
1.0
1.0
1.0
1.0
1.0
0.9999913
0.99999166
0.9999776
1.0
1.0
1.0
1.0
1.0
1.0
0.99999857
1.0
0.9999865
1.0
0.9999999
1.0
0.9999999
1.0
0.9580609
1.0
0.9999876
1.0
1.0
1.0
1.0
1.0
1.0
1.0
1.0
1.0
1.0
1.0
1.0
0.9999994
1.0
0.9999993
1.0
1.0
1.0
1.0
1.0
1.0
1.0
1.0
0.9999995
0.9999995
1.0
0.99999964
1.0
1.0
0.9999993
1.0
1.0
1.0
1.0
1.0
1.0
1.0
1.0
1.0
1.0
1.0
1.0
0.9999695
1.0
1.0
1.0
1.0
1.0
0.9999999
1.0
1.0
0.9998264
0.99998784
1.0
1.0
1.0
1.0
1.0
0.99999976
1.0
1.0
1.0
1.0
1.0
1.0
1.0
0.99996746
1.0
1.0
1.0
0.99999964
1.0
0.99999976
1.0
0.9999999
1.0
0.98537755
1.0
1.0
1.0
1.0
1.0
0.99999547
0.99999404
1.0
1.0
1.0
1.0
0.99999416
1.0
1.0
0.9999999
1.0
1.0
0.99999976
0.9999999
1.0
1.0
1.0
1.0
1.0
1.0
1.0
0.9996136
1.0
0.9999995
1.0
1.0
1.0
0.9998229
0.9999987
1.0
1.0
0.9999999
1.0
0.99994934
1.0
1.0
1.0
1.0
0.9999995
1.0
1.0
1.0
0.99982005
0.99992156
0.40621027
1.0
0.9998301
0.95819324
0.99999964
0.8381142
0.9952302
0.9999994
1.0
1.0
0.9999883
1.0
0.99999547
0.9998549
0.99831164
0.99999666
0.5218585
0.9999995
0.9999987
0.99969065
0.999992
0.8931641
0.99992204
0.9848001
1.0
0.9999982
1.0
1.0
1.0
0.9999765
1.0
1.0
1.0
1.0
0.9999995
1.0
1.0
0.9999682
1.0
0.9999999
1.0
0.9999993
0.9860721
0.8720175
0.9919857
1.0
1.0
0.99999976
0.99318004
1.0
0.9998765
1.0
0.9999999
0.99894756
0.99999595
0.99999964
1.0
1.0
0.9999988
0.9999652
0.9999987
1.0
0.9999237
1.0
1.0
1.0
0.99997854
1.0
1.0
0.9999958
0.63754463
1.0
0.9999963
1.0
0.9999958
1.0
0.9986474
0.9996884
1.0
1.0
0.9999999
0.99987924
1.0
1.0
1.0
1.0
0.9999999
0.99999976
1.0
1.0
0.9999894
1.0
1.0
1.0
1.0
0.9999993
0.995876
1.0
1.0
1.0
1.0
0.99999976
1.0
1.0
1.0
1.0
1.0
0.9999647
1.0
1.0
1.0
1.0
0.99999857
0.99999976
0.99999976
1.0
1.0
0.9999994
1.0
1.0
0.99999976
1.0
0.99999917
1.0
1.0
1.0
0.9999925
1.0
1.0
1.0
1.0
1.0
1.0
1.0
1.0
1.0
0.99997437
0.99999964
1.0
1.0
1.0
1.0
1.0
1.0
1.0
0.9999982
1.0
1.0
0.99999976
1.0
1.0
0.99989676
0.9999999
1.0
1.0
0.999987
1.0
1.0
1.0
1.0
0.99999857
1.0
0.9999999
0.9999293
1.0
1.0
0.9999242
0.99958473
1.0
0.9999925
0.9999987
1.0
1.0
1.0
1.0
0.9999862
0.99999917
0.9999888
1.0
1.0
1.0
1.0
1.0
1.0
0.99999964
0.9960223
0.99998116
1.0
1.0
0.99402124
0.9999937
1.0
0.9995722
1.0
0.99999523
1.0
1.0
1.0
1.0
0.9999974
0.99145234
0.99965215
1.0
1.0
0.99999654
0.9999999
1.0
0.99999094
1.0
0.99999297
1.0
1.0
1.0
0.9999666
0.9999329
1.0
0.99999964
1.0
1.0
0.99999976
1.0
1.0
1.0
0.9999999
1.0
0.9995752
1.0
0.99999666
0.9811499
0.99999607
0.9999995
1.0
0.9999958
1.0
1.0
1.0
0.99998534
1.0
0.99999547
1.0
1.0
0.99954444
0.9999994
1.0
1.0
0.9999999
1.0
1.0
1.0
1.0
1.0
0.9999943
0.99997544
1.0
1.0
1.0
0.99999726
1.0
0.99997926
1.0
1.0
1.0
0.99987245
0.9999982
1.0
1.0
1.0
1.0
1.0
1.0
1.0
1.0
0.9999995
1.0
1.0
1.0
1.0
1.0
1.0
1.0
1.0
1.0
1.0
1.0
0.9999956
1.0
1.0
1.0
1.0
1.0
1.0
1.0
0.99716765
1.0
1.0
1.0
1.0
1.0
1.0
1.0
1.0
1.0
0.9999999
1.0
1.0
1.0
1.0
1.0
1.0
1.0
1.0
1.0
1.0
1.0
1.0
1.0
1.0
1.0
1.0
1.0
1.0
1.0
1.0
0.9999809
1.0
1.0
1.0
1.0
0.99998856
1.0
0.9999988
0.9999964
1.0
1.0
1.0
1.0
1.0
1.0
1.0
1.0
0.9996183
1.0
0.9999993
0.9999999
0.999964
1.0
1.0
1.0
1.0
1.0
1.0
0.99989235
1.0
1.0
0.99999964
0.99999714
1.0
0.99999976
1.0
0.9999999
1.0
1.0
1.0
1.0
0.9999982
1.0
1.0
1.0
1.0
1.0
1.0
0.9999994
1.0
1.0
0.99999964
1.0
1.0
1.0
1.0
1.0
1.0
1.0
1.0
1.0
0.9999999
0.9999945
1.0
1.0
1.0
1.0
0.9996443
1.0
1.0
1.0
1.0
0.9999999
1.0
1.0
1.0
0.9999949
1.0
1.0
1.0
1.0
1.0
1.0
1.0
0.9999844
0.9999999
0.99999976
1.0
1.0
1.0
1.0
1.0
1.0
1.0
1.0
1.0
1.0
1.0
1.0
1.0
1.0
0.9999989
0.9999999
0.99999964
1.0
1.0
1.0
1.0
0.9999999
1.0
1.0
1.0
1.0
0.9999999
1.0
1.0
1.0
1.0
1.0
1.0
0.99999
1.0
1.0
1.0
0.99999964
1.0
1.0
1.0
1.0
1.0
1.0
1.0
1.0
1.0
1.0
1.0
1.0
1.0
1.0
1.0
1.0
1.0
0.9999995
0.9999976
1.0
1.0
1.0
1.0
1.0
1.0
1.0
1.0
0.99994886
0.9999981
1.0
1.0
1.0
0.9999994
1.0
0.9999999
1.0
1.0
1.0
1.0
1.0
1.0
1.0
1.0
1.0
0.9999995
1.0
0.9998288
1.0
0.9999999
1.0
1.0
0.9669881
1.0
1.0
1.0
1.0
1.0
1.0
0.9999999
1.0
1.0
0.9999584
1.0
1.0
1.0
0.99999785
0.99997115
1.0
0.999977
1.0
1.0
0.99999213
1.0
1.0
1.0
1.0
0.9999969
1.0
0.999998
1.0
1.0
0.9999999
1.0
1.0
1.0
1.0
0.99985135
1.0
1.0
1.0
0.999595
0.99999106
0.99999905
1.0
1.0
0.9999676
1.0
0.99999523
1.0
1.0
1.0
1.0
1.0
1.0
0.99999595
1.0
1.0
1.0
1.0
1.0
1.0
1.0
0.9999708
1.0
1.0
0.9999999
1.0
0.9999999
0.99914455
1.0
1.0
1.0
1.0
1.0
1.0
1.0
1.0
1.0
1.0
0.99999714
1.0
1.0
0.9999677
0.9999989
1.0
1.0
1.0
1.0
1.0
1.0
1.0
1.0
1.0
1.0
1.0
0.9999865
0.9999999
1.0
0.9999988
1.0
1.0
0.9927107
1.0
0.9999782
1.0
1.0
1.0
1.0
1.0
1.0
0.9999999
1.0
1.0
1.0
1.0
1.0
1.0
1.0
1.0
1.0
1.0
1.0
1.0
1.0
1.0
1.0
0.99999857
1.0
1.0
0.99999976
1.0
1.0
1.0
1.0
1.0
1.0
1.0
1.0
1.0
1.0
1.0
1.0
0.99999976
1.0
1.0
0.9998584
1.0
1.0
1.0
1.0
1.0
0.9999869
0.9999962
1.0
1.0
0.9991611
0.9999995
0.9999888
1.0
0.99912995
1.0
1.0
1.0
0.99070716
1.0
1.0
1.0
0.99998355
1.0
1.0
1.0
0.9999999
0.9999999
1.0
1.0
1.0
0.99999785
1.0
1.0
1.0
0.9999639
1.0
0.9995758
1.0
1.0
0.9999999
1.0
0.99997544
0.99999917
0.9999999
0.9999999
1.0
1.0
1.0
1.0
1.0
0.9997471
1.0
1.0
1.0
1.0
1.0
1.0
1.0
1.0
0.99995255
0.9999913
1.0
1.0
1.0
1.0
1.0
0.99999976
1.0
0.99999774
0.99985397
1.0
1.0
0.9999995
1.0
1.0
1.0
1.0
1.0
1.0
0.99999726
1.0
1.0
1.0
1.0
1.0
1.0
1.0
1.0
1.0
0.9999999
1.0
1.0
0.9999404
1.0
1.0
1.0
1.0
1.0
0.99999976
1.0
1.0
1.0
1.0
1.0
1.0
0.9999982
1.0
1.0
1.0
1.0
0.9933461
1.0
1.0
1.0
1.0
1.0
0.9999999
1.0
0.99999964
1.0
1.0
0.9999994
1.0
1.0
1.0
0.99999464
1.0
1.0
0.99999964
0.9999999
1.0
1.0
1.0
1.0
0.99999917
0.9999989
0.99999964
1.0
0.9999654
0.99999666
1.0
1.0
1.0
1.0
1.0
1.0
0.99999905
1.0
1.0
0.99999976
0.99991775
1.0
1.0
1.0
1.0
0.99884725
1.0
0.9999987
1.0
1.0
1.0
1.0
1.0
1.0
1.0
1.0
1.0
1.0
1.0
1.0
1.0
0.99999785
0.9999981
1.0
1.0
1.0
0.9999943
1.0
0.9999995
0.9999999
0.9999759
1.0
1.0
1.0
1.0
0.9999989
1.0
0.99999833
1.0
0.99999964
1.0
0.99999297
1.0
0.99999964
1.0
1.0
1.0
1.0
1.0
1.0
1.0
0.9999999
0.99999774
1.0
0.9999988
0.9999994
1.0
1.0
1.0
1.0
1.0
1.0
1.0
1.0
0.9999405
1.0
0.99999976
0.99999344
1.0
1.0
1.0
1.0
1.0
1.0
0.9999999
1.0
1.0
0.99999976
0.99999976
1.0
1.0
0.99999976
0.9999989
0.99957067
0.9999994
0.99715745
1.0
1.0
0.99999845
1.0
0.9999988
1.0
0.9999958
1.0
1.0
1.0
0.9999924
1.0
1.0
1.0
1.0
1.0
0.99987197
1.0
1.0
1.0
1.0
0.9999993
0.99991715
1.0
1.0
1.0
0.999998
0.9999994
1.0
1.0
1.0
1.0
1.0
1.0
1.0
1.0
0.9999999
0.99967945
0.99998426
1.0
1.0
0.999974
0.99999976
1.0
0.99999976
1.0
1.0
0.99999785
0.9998733
1.0
1.0
0.99999976
0.9999999
1.0
1.0
0.9999919
0.9999794
0.99990714
1.0
1.0
1.0
1.0
0.9999995
0.999206
1.0
1.0
1.0
1.0
1.0
0.99999917
0.99999964
1.0
1.0
1.0
1.0
1.0
0.99998355
1.0
1.0
0.9968239
0.9999974
1.0
1.0
1.0
1.0
1.0
1.0
1.0
0.99999833
0.99991024
1.0
1.0
1.0
1.0
0.9999999
1.0
1.0
1.0
1.0
0.99998045
1.0
1.0
1.0
0.99999964
0.9994518
1.0
1.0
1.0
1.0
0.9999993
0.9997924
1.0
1.0
1.0
1.0
1.0
0.9999999
0.99997807
1.0
1.0
0.9999995
1.0
1.0
1.0
1.0
1.0
1.0
1.0
1.0
1.0
0.99998164
1.0
1.0
1.0
0.99782085
0.99999964
0.99999547
0.99999905
0.9999993
0.831898
0.9999999
1.0
1.0
1.0
0.9999999
0.9999746
1.0
1.0
1.0
1.0
1.0
0.99994016
0.9999987
1.0
1.0
1.0
1.0
0.9999999
1.0
1.0
1.0
1.0
0.9999976
1.0
1.0
1.0
1.0
1.0
0.9999535
1.0
1.0
0.999995
1.0
1.0
1.0
0.9999993
1.0
1.0
1.0
1.0
1.0
1.0
1.0
1.0
0.9999777
0.9999999
1.0
1.0
1.0
1.0
1.0
1.0
0.9999995
1.0
1.0
1.0
1.0
1.0
1.0
1.0
1.0
1.0
0.9997992
1.0
0.99999845
0.99999833
0.9999994
1.0
1.0
0.99999654
1.0
1.0
1.0
1.0
0.9999999
1.0
0.9999994
1.0
1.0
1.0
1.0
0.99998295
1.0
1.0
0.99999976
1.0
1.0
1.0
1.0
1.0
1.0
1.0
1.0
1.0
1.0
1.0
0.99992836
0.9999684
0.99999964
1.0
1.0
0.9999994
1.0
1.0
0.9999646
0.99999964
1.0
1.0
0.9999987
1.0
1.0
1.0
0.9999999
1.0
1.0
1.0
1.0
0.9999875
0.9999995
1.0
1.0
1.0
1.0
0.9999988
1.0
1.0
1.0
0.9999999
1.0
1.0
1.0
1.0
1.0
1.0
1.0
1.0
1.0
1.0
1.0
1.0
1.0
1.0
1.0
1.0
1.0
0.99996793
1.0
1.0
1.0
0.9999895
1.0
1.0
1.0
1.0
0.9999325
0.9999999
1.0
0.9996724
0.9999995
0.99997485
0.9990551
0.9999502
1.0
1.0
0.99999726
1.0
1.0
1.0
0.9999987
1.0
1.0
0.999995
0.9999999
1.0
0.99998224
1.0
1.0
1.0
1.0
1.0
1.0
0.9999999
1.0
1.0
1.0
0.9999994
1.0
1.0
1.0
1.0
1.0
1.0
1.0
1.0
0.99999976
1.0
1.0
0.9999994
0.99998415
1.0
1.0
1.0
0.9999989
1.0
0.9999523
1.0
0.9998722
1.0
1.0
1.0
0.9999999
0.9999999
1.0
1.0
0.99999917
1.0
0.9999993
1.0
1.0
1.0
1.0
1.0
0.99988174
1.0
0.9999981
0.99995613
0.9999999
1.0
0.9999995
1.0
1.0
1.0
0.99999654
1.0
0.99999726
0.9999995
1.0
1.0
0.998184
1.0
0.99999905
1.0
0.9999994
1.0
1.0
0.9999918
0.99996936
1.0
0.99998116
1.0
0.99999917
0.99999833
1.0
1.0
1.0
0.9999989
1.0
1.0
1.0
1.0
1.0
1.0
0.99999774
1.0
0.9999981
0.9999993
0.9989666
0.9923677
0.99999845
0.9999931
0.95979685
1.0
0.9999968
1.0
0.5186741
0.9985613
0.9993967
0.999933
0.9709809
0.99999535
0.9999999
0.9999722
0.9999914
0.99998987
0.9999279
0.99959594
0.9999279
0.99999857
0.99999785
0.99999964
0.9999975
1.0
1.0
0.9999968
1.0
0.9999976
1.0
1.0
1.0
0.9999926
0.9999975
0.9999993
0.9999987
1.0
1.0
0.99999976
1.0
1.0
1.0
1.0
1.0
0.9999213
0.99996984
1.0
0.99999964
1.0
0.999987
0.99999976
0.9999958
0.9999981
1.0
1.0
0.9999969
0.99972457
0.99995565
0.9999994
0.99999976
0.98719287
0.99774784
0.9999989
0.9999497
0.9999995
0.99999774
0.99999976
0.99998
1.0
1.0
0.999908
1.0
0.9997335
0.9976439
1.0
0.9987997
0.99972755
0.99999785
1.0
0.99965334
0.9999999
0.99993694
0.9999763
0.9780372
0.99998975
0.996298
0.9996062
0.9999989
0.9999975
1.0
1.0
1.0
1.0
1.0
1.0
1.0
1.0
1.0
0.9999999
1.0
1.0
0.9999999
1.0
0.99998295
0.99998665
1.0
1.0
1.0
0.9999999
0.99999976
0.9999999
1.0
1.0
1.0
1.0
1.0
1.0
1.0
1.0
1.0
1.0
1.0
0.99998605
1.0
1.0
1.0
1.0
1.0
1.0
0.99778193
1.0
1.0
1.0
1.0
1.0
1.0
0.99998796
1.0
1.0
1.0
1.0
1.0
1.0
0.9994223
0.9999993
1.0
1.0
1.0
0.9999999
0.9854897
1.0
1.0
0.9999999
1.0
1.0
1.0
0.99998665
0.9999864
0.9999987
1.0
1.0
0.9999714
1.0
1.0
1.0
1.0
0.9999945
1.0
0.9999999
1.0
0.99999857
1.0
0.9999999
1.0
0.99999154
1.0
1.0
1.0
1.0
1.0
1.0
1.0
1.0
1.0
1.0
1.0
1.0
0.99999976
0.999966
0.9999999
1.0
1.0
1.0
1.0
1.0
1.0
1.0
1.0
1.0
1.0
1.0
0.99999225
0.9999969
1.0
1.0
0.99998
1.0
1.0
1.0
1.0
0.9999951
1.0
1.0
0.9999951
1.0
1.0
1.0
0.6074845
1.0
0.81547683
1.0
0.99994624
0.99937505
0.99855
0.9999995
1.0
1.0
0.9325106
1.0
0.99968374
1.0
1.0
0.9999994
0.9992718
1.0
0.9999999
0.99999917
0.99815434
1.0
0.99998844
1.0
1.0
0.9999558
1.0
1.0
1.0
1.0
1.0
1.0
0.9976515
0.9839018
0.99980825
0.55284476
0.9969404
1.0
0.99991715
0.9999999
1.0
1.0
0.9999958
0.9889742
0.9999833
0.995561
0.9972205
0.99928766
0.9971987
0.99999905
0.9999999
0.99974996
1.0
0.9999975
1.0
1.0
0.9806024
1.0
1.0
1.0
1.0
1.0
1.0
1.0
0.99999857
1.0
1.0
0.9999994
1.0
0.99999774
1.0
1.0
1.0
1.0
1.0
1.0
1.0
1.0
1.0
1.0
0.9999987
1.0
1.0
1.0
0.9999993
0.9999999
1.0
1.0
1.0
1.0
0.9999999
0.99999976
0.9999515
1.0
0.9999994
1.0
1.0
0.9999881
1.0
1.0
1.0
1.0
1.0
1.0
1.0
1.0
0.9999988
1.0
1.0
1.0
1.0
1.0
0.9999988
1.0
1.0
1.0
1.0
1.0
1.0
1.0
1.0
0.99999976
0.99980444
0.9985911
0.9999988
0.99979657
0.99999547
1.0
1.0
1.0
1.0
1.0
1.0
1.0
0.9999999
1.0
1.0
0.9999813
0.9999999
0.99999964
1.0
1.0
1.0
1.0
0.99999666
1.0
1.0
1.0
1.0
1.0
1.0
0.9999993
1.0
1.0
0.99999905
0.9999993
1.0
1.0
0.9996445
0.9999999
1.0
1.0
1.0
1.0
1.0
1.0
1.0
0.99999845
0.99999845
1.0
1.0
0.9999957
1.0
0.9999999
1.0
1.0
1.0
1.0
1.0
1.0
1.0
0.9999999
1.0
1.0
0.9996377
1.0
0.999977
0.6690613
1.0
1.0
1.0
0.9999987
0.99999964
1.0
1.0
0.9999895
0.9999697
0.99999654
0.9999999
1.0
0.999956
0.99999976
1.0
0.9999957
1.0
1.0
0.99999845
1.0
1.0
1.0
1.0
1.0
1.0
0.99999774
0.999493
0.9999993
0.9998292
1.0
0.99855465
0.9999188
0.9999212
1.0
0.9999999
0.9999968
0.999997
0.99999964
1.0
1.0
0.99914503
0.9999894
1.0
1.0
1.0
0.99999785
1.0
0.9999999
0.9999987
1.0
1.0
1.0
0.9999933
1.0
1.0
1.0
1.0
0.9999994
1.0
1.0
1.0
0.9999994
1.0
0.9999988
0.99786156
1.0
0.9999988
1.0
0.9998497
0.9902683
0.99999976
0.99999905
0.99999917
0.9992157
0.9999912
0.9999846
0.9999503
1.0
0.9285873
0.99459994
0.99999976
1.0
1.0
0.9999988
1.0
0.9997068
1.0
0.99998116
1.0
1.0
1.0
1.0
0.9999999
1.0
1.0
1.0
1.0
1.0
1.0
0.99999976
1.0
1.0
0.9999988
1.0
1.0
1.0
0.9999957
0.99999964
1.0
1.0
1.0
0.9999993
1.0
1.0
1.0
0.99999964
1.0
1.0
1.0
1.0
1.0
1.0
1.0
1.0
0.9999999
0.99999595
1.0
0.99988294
0.9997998
0.99999964
0.9999926
1.0
0.9999764
1.0
0.99999976
0.9970515
0.99998593
1.0
1.0
1.0
0.99999905
0.99999976
0.99999964
1.0
0.99999917
1.0
0.9999989
1.0
1.0
1.0
0.99993277
1.0
1.0
1.0
1.0
1.0
1.0
1.0
1.0
0.9999105
1.0
0.7921564
1.0
0.9999558
1.0
1.0
1.0
1.0
1.0
1.0
1.0
1.0
1.0
1.0
1.0
0.99999964
0.9999999
1.0
0.9999999
0.9999137
1.0
1.0
1.0
1.0
0.99999774
1.0
1.0
1.0
0.9999989
0.9999999
1.0
1.0
1.0
1.0
1.0
0.9999999
1.0
1.0
1.0
1.0
1.0
1.0
1.0
1.0
1.0
1.0
1.0
1.0
1.0
0.99999857
1.0
1.0
1.0
1.0
1.0
1.0
0.9999999
1.0
1.0
1.0
1.0
1.0
1.0
1.0
1.0
0.9999999
1.0
1.0
1.0
0.9999999
1.0
1.0
1.0
1.0
1.0
1.0
1.0
1.0
0.9999999
0.99995196
1.0
1.0
1.0
0.9999999
1.0
0.9999999
1.0
0.9999999
0.99998236
1.0
0.9999989
0.99999416
1.0
1.0
1.0
0.9968029
0.9999995
0.9999982
1.0
0.9999999
0.99999976
0.99998534
0.99999726
0.9999999
1.0
1.0
1.0
1.0
0.9999999
1.0
1.0
1.0
0.9997068
0.97755563
0.9999995
0.99999464
0.99999166
0.99999964
0.9999993
1.0
0.77017385
1.0
0.9999999
0.9999963
1.0
1.0
1.0
0.99999917
1.0
1.0
1.0
1.0
0.9999963
1.0
0.9999999
1.0
1.0
1.0
1.0
1.0
1.0
1.0
1.0
1.0
1.0
1.0
1.0
1.0
1.0
1.0
1.0
1.0
1.0
1.0
1.0
1.0
1.0
1.0
1.0
1.0
1.0
1.0
1.0
1.0
1.0
1.0
1.0
1.0
1.0
1.0
1.0
1.0
1.0
1.0
1.0
1.0
1.0
0.99999046
1.0
1.0
1.0
1.0
1.0
0.9999999
1.0
1.0
0.99999905
1.0
1.0
1.0
0.9999987
1.0
1.0
1.0
1.0
1.0
1.0
1.0
1.0
1.0
0.9999659
1.0
1.0
1.0
1.0
1.0
1.0
1.0
0.999997
1.0
1.0
1.0
1.0
1.0
1.0
1.0
0.9999999
0.9999999
1.0
1.0
1.0
1.0
1.0
1.0
1.0
1.0
1.0
1.0
1.0
1.0
1.0
1.0
1.0
1.0
1.0
1.0
1.0
1.0
1.0
1.0
1.0
1.0
1.0
1.0
1.0
0.9999999
0.999997
1.0
1.0
0.9999999
1.0
1.0
1.0
1.0
0.9999995
1.0
1.0
1.0
1.0
1.0
1.0
1.0
1.0
1.0
1.0
1.0
1.0
0.99999964
1.0
1.0
1.0
1.0
1.0
1.0
1.0
1.0
1.0
1.0
1.0
1.0
1.0
1.0
1.0
1.0
1.0
1.0
1.0
1.0
1.0
1.0
1.0
1.0
1.0
0.99999976
1.0
1.0
1.0
1.0
0.9999999
1.0
1.0
1.0
1.0
1.0
1.0
1.0
0.99999905
1.0
1.0
1.0
1.0
1.0
1.0
1.0
1.0
1.0
1.0
1.0
1.0
1.0
1.0
1.0
1.0
1.0
1.0
1.0
1.0
1.0
1.0
0.99999917
1.0
0.99981993
1.0
1.0
1.0
0.99998224
1.0
1.0
1.0
1.0
1.0
1.0
1.0
0.99999976
1.0
1.0
1.0
1.0
1.0
1.0
1.0
1.0
1.0
1.0
1.0
1.0
1.0
1.0
1.0
1.0
1.0
1.0
1.0
1.0
1.0
1.0
1.0
1.0
1.0
1.0
1.0
1.0
1.0
1.0
0.99997556
0.9999999
1.0
1.0
1.0
0.99999964
1.0
0.999997
1.0
1.0
1.0
1.0
1.0
1.0
1.0
1.0
1.0
1.0
1.0
1.0
1.0
1.0
1.0
1.0
1.0
0.99999285
0.99999833
1.0
1.0
1.0
1.0
1.0
1.0
1.0
1.0
0.9999683
1.0
1.0
1.0
1.0
1.0
1.0
1.0
1.0
1.0
0.9999994
1.0
1.0
1.0
1.0
1.0
1.0
1.0
1.0
1.0
1.0
1.0
1.0
1.0
1.0
1.0
1.0
0.9999999
1.0
1.0
0.9999999
0.9999963
1.0
1.0
1.0
1.0
1.0
1.0
1.0
1.0
1.0
1.0
1.0
0.9999999
1.0
1.0
1.0
1.0
1.0
1.0
1.0
1.0
1.0
1.0
1.0
1.0
1.0
1.0
1.0
1.0
1.0
1.0
1.0
1.0
1.0
1.0
0.9999968
1.0
1.0
1.0
1.0
1.0
1.0
0.9999831
1.0
1.0
1.0
1.0
1.0
1.0
1.0
0.9999999
1.0
1.0
0.9999999
1.0
1.0
1.0
0.9999999
1.0
0.9999949
1.0
1.0
1.0
1.0
1.0
1.0
0.99999964
1.0
1.0
1.0
1.0
1.0
1.0
1.0
1.0
1.0
1.0
1.0
1.0
1.0
1.0
1.0
1.0
1.0
0.99999523
1.0
0.9999999
1.0
1.0
1.0
1.0
1.0
1.0
1.0
1.0
0.99999523
1.0
0.99999976
1.0
1.0
1.0
1.0
1.0
1.0
1.0
0.99999607
1.0
1.0
0.9999999
0.9999989
1.0
1.0
1.0
1.0
1.0
1.0
0.99967194
1.0
1.0
1.0
1.0
1.0
1.0
1.0
1.0
1.0
1.0
0.99999976
1.0
1.0
1.0
1.0
1.0
1.0
0.99999917
1.0
1.0
0.9999999
1.0
1.0
1.0
1.0
1.0
1.0
1.0
1.0
1.0
0.9999999
1.0
1.0
1.0
0.99999833
1.0
1.0
1.0
1.0
1.0
1.0
1.0
0.9999999
1.0
1.0
0.9474109
0.9999987
1.0
0.99109554
1.0
0.9999914
0.99852824
0.99992585
0.99999964
0.9999932
0.99610245
1.0
1.0
0.9999995
0.99999976
0.9977487
1.0
0.99995613
1.0
0.99998987
1.0
1.0
1.0
0.9999999
1.0
1.0
1.0
0.99995387
0.99999976
0.9999975
1.0
1.0
1.0
1.0
0.9999993
0.99998987
0.9999994
0.9999987
1.0
1.0
1.0
0.99999976
1.0
0.99999917
1.0
1.0
1.0
1.0
0.99873346
0.99999976
1.0
1.0
1.0
0.99998724
1.0
1.0
1.0
1.0
1.0
0.9999994
0.9999629
1.0
0.9925563
1.0
0.99999976
1.0
1.0
1.0
1.0
1.0
0.9999988
1.0
1.0
1.0
1.0
1.0
0.9999999
1.0
1.0
1.0
1.0
1.0
1.0
0.99999917
0.9999989
0.99999857
1.0
1.0
1.0
1.0
1.0
1.0
1.0
1.0
1.0
1.0
0.99999964
1.0
1.0
1.0
1.0
0.9996996
1.0
0.9999999
0.9999999
1.0
1.0
1.0
0.99999976
1.0
1.0
1.0
1.0
1.0
0.9999902
1.0
1.0
1.0
1.0
1.0
1.0
1.0
1.0
1.0
1.0
1.0
1.0
1.0
1.0
1.0
1.0
1.0
1.0
1.0
1.0
1.0
1.0
1.0
1.0
1.0
1.0
0.9999995
1.0
1.0
0.99999976
1.0
1.0
1.0
1.0
0.99999356
1.0
1.0
0.99999964
0.99999976
0.9999987
1.0
1.0
1.0
1.0
0.9999974
1.0
0.9999956
1.0
1.0
1.0
1.0
1.0
1.0
1.0
1.0
1.0
1.0
1.0
1.0
1.0
1.0
1.0
0.9999999
1.0
0.99999917
1.0
1.0
1.0
1.0
1.0
0.9999993
1.0
1.0
1.0
0.99999964
1.0
1.0
1.0
1.0
1.0
1.0
1.0
0.9999989
1.0
1.0
0.99999917
0.99999964
1.0
1.0
1.0
0.9999875
1.0
0.9999994
0.9999999
0.9999869
1.0
1.0
1.0
1.0
0.9999988
1.0
0.99999106
1.0
1.0
1.0
1.0
1.0
1.0
1.0
1.0
1.0
1.0
1.0
1.0
1.0
1.0
1.0
1.0
1.0
1.0
0.99999976
0.99998915
1.0
1.0
0.99999976
1.0
0.99999964
1.0
0.99985266
0.99999785
1.0
0.9999944
1.0
0.99999905
1.0
0.9999883
1.0
1.0
1.0
1.0
1.0
1.0
1.0
1.0
0.9999999
1.0
1.0
1.0
1.0
1.0
1.0
1.0
1.0
1.0
1.0
1.0
0.99594647
1.0
1.0
1.0
1.0
1.0
1.0
1.0
1.0
1.0
1.0
1.0
1.0
1.0
1.0
1.0
0.9999895
1.0
1.0
1.0
1.0
1.0
1.0
1.0
1.0
1.0
1.0
1.0
1.0
1.0
1.0
1.0
1.0
1.0
1.0
1.0
0.99999416
1.0
1.0
1.0
1.0
1.0
1.0
1.0
1.0
1.0
1.0
1.0
1.0
1.0
1.0
0.9999974
1.0
1.0
1.0
1.0
1.0
1.0
1.0
1.0
1.0
1.0
0.9991202
1.0
1.0
1.0
0.99997854
1.0
1.0
1.0
1.0
1.0
1.0
1.0
1.0
1.0
1.0
1.0
1.0
1.0
1.0
1.0
1.0
1.0
1.0
1.0
1.0
1.0
1.0
0.99999964
1.0
1.0
0.9999981
1.0
1.0
0.9997937
0.99999976
1.0
1.0
0.9999999
1.0
1.0
0.99767643
1.0
1.0
0.9999633
1.0
0.9999999
1.0
1.0
1.0
0.9999999
0.9999999
0.9999999
1.0
1.0
1.0
1.0
0.9999976
1.0
1.0
1.0
1.0
1.0
1.0
1.0
1.0
1.0
1.0
1.0
1.0
1.0
1.0
0.9999999
1.0
1.0
1.0
1.0
1.0
1.0
1.0
0.9993599
0.9993062
0.9999417
1.0
0.9968336
0.9999995
0.9999999
1.0
1.0
1.0
1.0
1.0
0.9999999
1.0
1.0
1.0
1.0
1.0
1.0
1.0
1.0
0.99999964
1.0
1.0
1.0
0.99999845
1.0
1.0
1.0
1.0
1.0
1.0
1.0
0.9999999
1.0
0.9999981
0.9999999
1.0
1.0
1.0
1.0
1.0
0.99999845
1.0
1.0
1.0
1.0
1.0
1.0
1.0
1.0
1.0
1.0
1.0
1.0
1.0
1.0
0.9999989
1.0
1.0
1.0
0.99999976
1.0
1.0
1.0
1.0
1.0
0.99999964
1.0
0.9999956
0.9997577
0.99999833
1.0
1.0
0.9999963
1.0
0.9999914
1.0
1.0
0.99971944
0.9999995
1.0
1.0
1.0
0.9986733
1.0
1.0
0.9999981
1.0
0.99999964
1.0
1.0
0.9999999
1.0
1.0
1.0
0.9998646
1.0
1.0
1.0
1.0
0.9999995
1.0
1.0
1.0
0.9999989
0.99996924
1.0
1.0
0.9787421
1.0
0.9999999
1.0
0.99999404
0.9999999
0.99999416
1.0
0.9999895
0.99999666
0.999998
1.0
1.0
1.0
0.99999964
1.0
0.99988246
1.0
1.0
1.0
0.9999999
1.0
1.0
0.9999999
0.99999416
1.0
1.0
1.0
1.0
0.9999994
0.99995303
1.0
0.99999833
1.0
1.0
1.0
1.0
0.99999976
1.0
0.99999976
1.0
0.99896157
1.0
1.0
1.0
1.0
1.0
0.99999964
1.0
1.0
0.9999999
1.0
1.0
1.0
1.0
0.9999989
0.99999976
0.9914663
0.9999999
0.9999999
1.0
1.0
1.0
1.0
1.0
1.0
0.9975889
1.0
1.0
1.0
1.0
1.0
1.0
0.9999999
1.0
1.0
1.0
0.9995969
1.0
1.0
0.9999875
1.0
0.99999964
0.99999905
1.0
1.0
1.0
0.9930072
0.99999595
1.0
0.9935256
1.0
0.9999999
0.9999862
0.99999917
0.999998
1.0
0.99944466
1.0
1.0
1.0
1.0
0.99999964
0.9999995
0.5835235
1.0
0.9940165
0.99991596
0.7306403
1.0
0.99999976
1.0
0.71053433
0.9999995
0.9999981
0.9999994
1.0
1.0
1.0
1.0
0.99999976
0.99999976
0.99954575
0.9999999
1.0
0.99999917
1.0
1.0
0.99994373
0.9999999
1.0
0.99999917
1.0
0.9999999
0.99273735
0.9999856
0.9999994
1.0
1.0
0.99953127
1.0
1.0
0.9999447
1.0
1.0
1.0
0.99999607
0.99999607
0.9999707
0.93393636
1.0
1.0
1.0
0.99999964
1.0
1.0
0.99999166
0.9999578
1.0
1.0
1.0
0.9999995
0.9463454
0.99989533
0.999858
0.99999976
0.9999982
1.0
0.9999056
1.0
0.9999722
0.99998295
1.0
0.9998797
1.0
1.0
1.0
1.0
1.0
1.0
1.0
1.0
1.0
0.99999917
0.9999914
1.0
0.9991072
1.0
1.0
0.99999976
0.9999999
0.9999999
1.0
0.99999666
1.0
1.0
0.99999905
1.0
1.0
0.99999726
0.9999993
0.99998486
1.0
0.9993155
1.0
0.9999963
0.99999845
1.0
1.0
1.0
0.9996195
0.99869543
0.99999964
1.0
1.0
0.99999714
0.99999976
0.9999999
1.0
0.9928883
0.9999949
0.9999908
0.9999994
1.0
0.99877924
0.999943
1.0
1.0
0.99999285
1.0
1.0
1.0
0.9986325
1.0
1.0
1.0
1.0
0.9999964
0.96492887
1.0
0.96093214
0.9999999
1.0
1.0
1.0
1.0
1.0
0.9982456
1.0
0.99404573
1.0
0.9999877
0.9999994
1.0
1.0
1.0
0.9999993
1.0
0.9999988
1.0
1.0
1.0
0.6971602
0.9999994
1.0
1.0
1.0
1.0
1.0
1.0
0.999972
1.0
1.0
1.0
1.0
1.0
1.0
1.0
0.9999609
0.9999988
1.0
0.9946684
1.0
1.0
1.0
0.9999987
1.0
1.0
1.0
1.0
0.99999905
1.0
1.0
1.0
1.0
1.0
1.0
1.0
0.99979156
0.9999553
1.0
0.9998442
0.9997943
0.9999999
0.99999964
1.0
1.0
1.0
1.0
0.87652177
0.9995492
1.0
1.0
1.0
1.0
1.0
1.0
0.99668187
1.0
0.9999999
0.9651091
1.0
1.0
1.0
1.0
0.999574
0.99997246
1.0
0.99981505
1.0
0.99999976
1.0
0.999998
1.0
1.0
1.0
1.0
0.99998236
1.0
1.0
1.0
1.0
1.0
1.0
0.9996772
1.0
1.0
1.0
1.0
0.99981314
1.0
1.0
1.0
0.9961039
0.99999976
0.9999999
1.0
1.0
0.9978974
1.0
0.9997644
0.99961215
0.99999905
0.99838424
0.9999989
1.0
1.0
1.0
1.0
1.0
1.0
1.0
1.0
1.0
0.99345434
0.99847025
0.9999603
1.0
1.0
1.0
1.0
1.0
1.0
0.9999819
1.0
1.0
0.9999994
1.0
0.9999988
1.0
1.0
1.0
0.999897
1.0
0.99999857
0.99999964
1.0
1.0
1.0
1.0
1.0
1.0
1.0
1.0
1.0
1.0
1.0
0.99999976
1.0
0.9999993
0.9999957
0.9991799
1.0
1.0
0.99999917
0.9999999
1.0
1.0
0.9999999
1.0
1.0
1.0
1.0
1.0
0.99999857
1.0
1.0
1.0
1.0
1.0
1.0
1.0
1.0
1.0
1.0
1.0
1.0
1.0
1.0
1.0
0.99984276
0.99999964
1.0
0.99999917
1.0
0.9999399
1.0
1.0
1.0
1.0
0.9999989
0.99999905
0.7950759
1.0
1.0
0.9999958
1.0
1.0
1.0
1.0
1.0
1.0
0.99999607
0.99992955
1.0
1.0
1.0
1.0
0.9999964
1.0
