1.0
1.0
1.0
1.0
0.99999845
1.0
0.9999795
1.0
0.9949822
0.9999982
1.0
0.9999999
0.9999995
1.0
1.0
1.0
0.9999989
1.0
0.9995546
1.0
0.9999982
0.99999976
1.0
1.0
1.0
1.0
1.0
1.0
1.0
1.0
1.0
1.0
1.0
0.99994826
1.0
1.0
0.99999785
1.0
0.9999628
1.0
1.0
0.9999993
0.9999981
0.99999976
0.99999857
1.0
1.0
1.0
1.0
1.0
1.0
1.0
1.0
1.0
1.0
1.0
1.0
1.0
0.9999999
1.0
1.0
1.0
0.99689156
0.9998779
1.0
0.999998
0.99999666
0.99999976
1.0
1.0
1.0
1.0
1.0
0.9999783
1.0
1.0
1.0
1.0
0.99998236
1.0
0.99999976
1.0
1.0
1.0
1.0
1.0
1.0
0.9999919
1.0
1.0
1.0
1.0
0.99305165
0.9999999
1.0
0.9999212
0.9999999
0.99999964
1.0
1.0
1.0
1.0
1.0
1.0
0.9999974
1.0
1.0
0.9999999
1.0
1.0
1.0
0.9999893
1.0
1.0
1.0
0.9251102
0.99999833
1.0
0.99998903
0.99995685
1.0
0.9995419
1.0
1.0
0.9999714
0.9999695
1.0
1.0
1.0
1.0
1.0
1.0
1.0
1.0
1.0
1.0
1.0
1.0
1.0
0.99973243
1.0
1.0
1.0
1.0
0.99999976
1.0
1.0
1.0
1.0
0.99971765
1.0
0.99264044
1.0
1.0
1.0
1.0
1.0
1.0
0.9999701
1.0
0.9999337
1.0
1.0
1.0
1.0
1.0
1.0
0.9999819
1.0
1.0
1.0
0.99998605
1.0
0.9999976
1.0
0.9988918
1.0
1.0
1.0
1.0
1.0
1.0
1.0
1.0
0.9986681
0.9999993
1.0
1.0
1.0
1.0
1.0
1.0
1.0
0.99644583
1.0
0.9999558
1.0
1.0
0.99999475
0.999967
1.0
1.0
1.0
1.0
1.0
1.0
0.9999982
1.0
1.0
0.9997279
1.0
0.9999919
1.0
1.0
1.0
1.0
1.0
0.9999852
1.0
1.0
1.0
0.9999925
1.0
1.0
1.0
1.0
1.0
1.0
1.0
0.99999964
0.9999999
1.0
1.0
1.0
0.9999987
1.0
1.0
1.0
1.0
1.0
0.9999999
0.9999876
0.9999995
0.9999819
0.9999999
0.99920374
1.0
0.660334
1.0
1.0
1.0
1.0
1.0
1.0
1.0
0.9999963
0.9999962
1.0
1.0
0.86060035
1.0
1.0
1.0
0.9999999
0.9999385
1.0
0.9999646
1.0
0.9999994
1.0
0.9999999
1.0
1.0
0.99999976
1.0
0.9999999
1.0
1.0
1.0
1.0
1.0
1.0
0.99807274
1.0
0.9999999
1.0
0.99999976
0.99999976
1.0
1.0
0.99995244
0.9999701
0.9999974
1.0
1.0
1.0
1.0
0.9999976
0.9999994
1.0
0.99999976
1.0
1.0
1.0
1.0
1.0
1.0
1.0
1.0
1.0
1.0
1.0
1.0
0.9999958
1.0
1.0
1.0
0.99999964
0.99999917
1.0
0.99517584
0.86644304
1.0
1.0
0.99989855
0.9999981
0.99919385
1.0
0.9999995
1.0
1.0
1.0
1.0
1.0
1.0
1.0
0.9999372
0.99995434
1.0
0.9999963
0.7105645
1.0
1.0
1.0
1.0
1.0
1.0
1.0
1.0
0.9999999
1.0
1.0
1.0
1.0
1.0
1.0
1.0
1.0
0.9938991
0.6392745
1.0
1.0
0.9999249
0.9999989
1.0
1.0
0.99989617
1.0
0.9999918
1.0
1.0
1.0
1.0
1.0
1.0
1.0
0.9999995
1.0
1.0
1.0
1.0
0.9998727
1.0
1.0
1.0
1.0
0.9999902
1.0
1.0
0.9999999
1.0
0.999997
1.0
1.0
0.9999951
1.0
1.0
1.0
1.0
1.0
0.999998
1.0
1.0
0.99999976
0.99976236
1.0
1.0
1.0
1.0
1.0
1.0
0.9981073
0.99999774
1.0
0.9999999
0.99999094
1.0
0.9993168
1.0
1.0
0.9999993
1.0
0.99999976
1.0
1.0
1.0
1.0
1.0
1.0
1.0
1.0
0.99999976
0.99999976
1.0
1.0
0.9999994
1.0
1.0
0.99999976
1.0
1.0
0.9999999
0.99999917
0.9999999
0.99421954
0.9747439
0.9999995
0.9829596
0.99998546
0.98301804
0.9988035
1.0
0.9999974
1.0
0.9999999
1.0
0.99966156
0.9999982
1.0
1.0
0.9999968
1.0
0.99999976
1.0
0.99992883
0.9999999
1.0
0.9999999
0.9999465
1.0
1.0
1.0
1.0
1.0
1.0
1.0
1.0
1.0
0.9999827
0.99999225
1.0
1.0
1.0
1.0
1.0
1.0
1.0
0.9999999
0.99999976
1.0
1.0
0.99999845
0.9998864
1.0
1.0
0.88551533
1.0
0.99794966
0.99999976
1.0
1.0
1.0
1.0
1.0
1.0
1.0
1.0
0.99999917
0.9999988
1.0
1.0
0.999948
1.0
1.0
1.0
0.99999964
1.0
1.0
1.0
0.9999999
1.0
1.0
0.9999999
0.9999989
1.0
1.0
1.0
1.0
0.9999999
1.0
0.99998915
1.0
0.99999917
1.0
1.0
1.0
0.99999976
1.0
1.0
1.0
0.9999999
1.0
0.99999535
0.99957687
1.0
1.0
1.0
0.99999297
1.0
1.0
0.9999999
0.9878247
0.9999962
0.9999999
0.9999993
0.9999999
1.0
0.9999659
0.99999976
0.9999994
1.0
0.99999905
1.0
0.99999976
1.0
1.0
1.0
1.0
1.0
0.9999999
1.0
0.9992212
1.0
1.0
1.0
1.0
1.0
1.0
1.0
1.0
1.0
0.99999976
0.8224297
0.7258234
1.0
1.0
1.0
1.0
1.0
1.0
1.0
0.9991448
1.0
0.9999896
1.0
1.0
0.9999999
0.9999958
1.0
1.0
1.0
1.0
1.0
0.9999989
1.0
0.99999976
1.0
1.0
1.0
1.0
0.9999999
1.0
1.0
0.99883705
1.0
1.0
0.9999999
1.0
0.9999989
0.9992617
1.0
1.0
1.0
1.0
0.99997365
0.99453247
1.0
1.0
0.99999976
0.9999995
1.0
1.0
1.0
1.0
1.0
0.9999534
1.0
0.99999976
1.0
0.9999994
1.0
0.9999999
0.9999896
1.0
1.0
0.9999844
0.99852717
1.0
1.0
0.99999964
0.9999974
1.0
1.0
1.0
1.0
1.0
1.0
1.0
0.9998678
0.97570807
1.0
0.9999999
1.0
1.0
1.0
1.0
0.9999964
0.9995493
1.0
1.0
1.0
0.99999785
1.0
0.9999981
0.99059707
1.0
0.99999976
1.0
1.0
0.99999595
1.0
1.0
1.0
1.0
0.97666377
0.9999988
1.0
1.0
0.99999976
0.9427653
1.0
0.99999976
1.0
1.0
1.0
1.0
1.0
1.0
0.9999964
0.99999964
1.0
1.0
1.0
1.0
1.0
1.0
1.0
0.99999976
0.99999964
1.0
1.0
1.0
0.99999964
1.0
1.0
0.99999905
0.999172
0.9577386
1.0
1.0
0.9989586
1.0
1.0
0.9999653
1.0
1.0
0.9642357
1.0
0.9999498
0.99999964
1.0
1.0
1.0
1.0
1.0
1.0
1.0
0.9999956
0.98716635
0.9999999
0.9982981
0.9999958
1.0
1.0
1.0
1.0
0.9999981
1.0
0.99999964
1.0
1.0
1.0
1.0
1.0
1.0
1.0
0.9999999
0.9999999
1.0
0.9999995
0.99956673
0.9999713
1.0
1.0
1.0
1.0
1.0
0.9999999
1.0
0.9999999
1.0
1.0
1.0
1.0
0.99999976
1.0
1.0
1.0
1.0
1.0
0.99964
0.9999311
1.0
1.0
1.0
0.9999999
0.99975914
1.0
1.0
0.99999094
1.0
0.99995005
1.0
1.0
1.0
1.0
1.0
0.99999976
1.0
1.0
0.99999774
1.0
1.0
1.0
0.99999976
1.0
1.0
1.0
1.0
1.0
0.99999166
1.0
1.0
0.99335784
1.0
1.0
0.99999845
0.9999999
1.0
1.0
1.0
1.0
1.0
0.9999993
1.0
1.0
1.0
0.99999964
0.99999976
0.9999522
1.0
1.0
1.0
0.99995947
0.9999999
1.0
1.0
0.99999666
1.0
0.9999211
1.0
1.0
0.9999995
1.0
0.9761145
0.9999999
0.99616194
1.0
1.0
1.0
1.0
1.0
1.0
0.9999999
1.0
1.0
1.0
0.9999999
1.0
0.9999939
1.0
1.0
1.0
1.0
1.0
1.0
0.9999914
1.0
1.0
1.0
0.9999927
1.0
0.9999995
1.0
0.9999974
0.99999976
1.0
0.99999857
1.0
1.0
1.0
0.999966
0.4838146
0.9049604
1.0
0.9999988
1.0
1.0
1.0
1.0
0.99999964
1.0
1.0
1.0
1.0
0.9932341
0.9999999
1.0
0.9999876
1.0
0.99999976
0.99999964
0.9997931
0.9999994
1.0
1.0
0.9999999
0.9999999
1.0
0.9999993
1.0
1.0
1.0
1.0
1.0
1.0
0.9999999
1.0
1.0
1.0
1.0
1.0
0.9999958
1.0
0.83448225
1.0
0.9999956
1.0
0.99999917
1.0
0.9999974
1.0
1.0
1.0
1.0
1.0
0.9999306
1.0
0.99794763
0.997849
0.99999654
1.0
0.99999976
0.9999999
0.9999994
1.0
0.99999964
0.9526554
1.0
1.0
0.99999654
0.99999976
0.99999964
1.0
1.0
0.99999964
0.9999695
0.99999964
0.99955755
1.0
0.99999976
1.0
0.99999976
1.0
0.9999999
0.9475641
0.9999964
1.0
1.0
0.99987066
0.9999999
1.0
1.0
1.0
1.0
1.0
0.9999999
1.0
1.0
1.0
1.0
0.9999999
0.99998534
1.0
1.0
1.0
1.0
1.0
1.0
1.0
1.0
1.0
1.0
0.99999976
1.0
1.0
1.0
1.0
1.0
1.0
0.99999917
1.0
0.9999964
1.0
1.0
1.0
0.9999795
1.0
1.0
1.0
1.0
1.0
0.9999976
1.0
1.0
0.9999795
1.0
1.0
1.0
1.0
1.0
0.99992216
0.99995875
1.0
0.9999989
1.0
0.99995947
1.0
1.0
1.0
1.0
1.0
0.9999286
0.9599796
1.0
1.0
1.0
1.0
1.0
0.5432402
1.0
1.0
1.0
1.0
0.9999982
0.99874145
1.0
1.0
1.0
1.0
0.99999464
0.9999839
1.0
1.0
1.0
0.99999547
0.99999225
0.99999726
0.9999999
0.99999905
1.0
0.9999982
0.99994016
1.0
1.0
1.0
1.0
1.0
1.0
1.0
1.0
0.9999999
0.99983263
1.0
1.0
1.0
1.0
0.99999976
1.0
1.0
1.0
0.9999584
1.0
1.0
1.0
1.0
0.99999976
1.0
0.9999995
1.0
0.999998
1.0
0.99999964
1.0
1.0
1.0
1.0
1.0
1.0
0.9999999
1.0
0.9999993
1.0
1.0
1.0
1.0
1.0
0.9996308
0.9999999
1.0
1.0
0.99999976
0.51036525
1.0
0.98074037
1.0
1.0
0.99999976
1.0
0.99999297
1.0
0.99997413
0.99999964
1.0
1.0
1.0
1.0
1.0
0.99819535
1.0
0.999997
1.0
1.0
0.9999944
1.0
1.0
1.0
1.0
0.99999404
1.0
1.0
0.9999999
0.9999999
0.9999993
1.0
0.9999995
1.0
0.999995
1.0
1.0
0.99999976
0.99999964
0.9999994
0.99999964
1.0
1.0
0.99999845
0.9999999
1.0
1.0
1.0
0.9999987
1.0
1.0
0.99987197
1.0
0.99997103
1.0
1.0
1.0
1.0
0.99999976
1.0
0.9999702
1.0
1.0
1.0
1.0
0.99948454
1.0
1.0
0.9986443
0.9681047
1.0
0.9999887
1.0
1.0
0.999995
1.0
1.0
1.0
0.9999689
0.99875355
1.0
0.99999976
0.9999999
1.0
1.0
1.0
0.9999995
0.9999999
1.0
0.8979356
1.0
0.9999838
1.0
0.999469
1.0
0.9999995
0.99999535
1.0
1.0
0.99999964
1.0
1.0
1.0
0.99985063
0.9999789
1.0
0.9999999
1.0
0.9999999
1.0
1.0
0.99987924
1.0
0.994418
1.0
0.9999405
1.0
0.99999964
1.0
0.99854374
1.0
0.99999845
1.0
1.0
0.99999964
1.0
0.9999902
1.0
0.9999689
0.9379335
1.0
0.99971026
1.0
0.9999999
0.94556785
0.99992955
1.0
1.0
0.9999981
0.9999999
1.0
1.0
1.0
0.9998703
1.0
1.0
1.0
0.98714393
1.0
1.0
0.99997985
0.9999987
1.0
0.9999962
1.0
1.0
1.0
0.99999976
1.0
0.99999654
0.9999981
0.99998474
1.0
1.0
0.99999964
1.0
0.9997142
1.0
0.9995497
0.9998933
0.9999989
1.0
1.0
1.0
0.9999988
1.0
0.9998436
0.9992361
1.0
0.9999975
1.0
1.0
1.0
0.9999987
1.0
1.0
0.9971438
1.0
0.99999774
1.0
1.0
1.0
1.0
1.0
0.9999999
1.0
1.0
0.99999917
1.0
0.9999999
1.0
1.0
0.99999833
1.0
1.0
1.0
0.7223104
1.0
1.0
1.0
1.0
1.0
0.99999833
0.98340076
1.0
0.9472771
1.0
0.99999976
0.99999976
1.0
1.0
0.9999999
0.99999964
0.9999993
0.7428395
1.0
0.9999949
1.0
1.0
1.0
1.0
0.9999988
1.0
1.0
0.9998085
1.0
0.99999905
1.0
1.0
1.0
1.0
1.0
0.99999106
0.9999788
1.0
1.0
1.0
1.0
1.0
1.0
1.0
0.89504695
1.0
0.9999894
1.0
1.0
1.0
1.0
1.0
0.99999964
1.0
1.0
0.9999999
1.0
0.9999958
0.999859
1.0
1.0
1.0
1.0
1.0
1.0
0.9999844
1.0
1.0
1.0
1.0
1.0
0.99999976
1.0
0.9552907
0.9968437
0.9999974
1.0
1.0
0.99999976
1.0
1.0
0.99999917
0.999966
0.9999689
1.0
1.0
1.0
1.0
1.0
0.9999999
1.0
0.9999249
1.0
0.9999999
0.6684243
0.9513331
1.0
1.0
1.0
1.0
1.0
1.0
1.0
0.99993575
1.0
0.9978485
1.0
0.99999547
1.0
0.9998247
1.0
1.0
1.0
1.0
1.0
0.9999949
0.99999774
0.9999999
0.99920064
0.99990916
0.99940693
0.9999393
1.0
1.0
0.9998851
1.0
1.0
0.9999993
1.0
1.0
1.0
1.0
1.0
0.999874
0.9999994
0.99999976
1.0
1.0
0.9999994
0.99962044
1.0
1.0
1.0
1.0
0.999998
0.9999707
0.99999964
0.99999917
1.0
0.9999887
1.0
1.0
1.0
1.0
1.0
1.0
1.0
1.0
1.0
1.0
1.0
1.0
0.9999902
1.0
1.0
1.0
1.0
1.0
1.0
1.0
1.0
1.0
0.9999893
1.0
0.9998925
1.0
0.99998355
1.0
1.0
1.0
0.99981683
1.0
0.99999917
1.0
1.0
0.99998295
1.0
0.99999845
0.99975294
0.9999324
0.99999976
1.0
1.0
1.0
0.999995
1.0
0.9999789
1.0
0.9999994
1.0
0.99656904
1.0
0.5805969
0.99999857
1.0
1.0
1.0
0.9905427
1.0
1.0
0.65435016
0.99997616
0.9999995
0.99999976
1.0
1.0
1.0
0.9999999
1.0
1.0
1.0
1.0
1.0
0.9999957
1.0
1.0
1.0
0.9999802
1.0
0.6590511
1.0
0.9997781
0.99999976
0.9436392
0.99448156
1.0
1.0
0.9999999
1.0
0.99947923
1.0
1.0
0.99999106
0.9999999
0.9999999
1.0
0.9999759
1.0
1.0
0.9983329
0.9996419
0.9999999
1.0
1.0
1.0
1.0
0.99999845
1.0
1.0
0.99999964
1.0
0.9998037
1.0
0.9999993
0.99999976
1.0
1.0
0.9999732
1.0
1.0
1.0
1.0
0.9999982
1.0
0.99999964
0.9999951
1.0
0.9999988
1.0
1.0
0.94862926
0.9999999
1.0
1.0
1.0
1.0
1.0
0.9999968
1.0
0.996505
1.0
0.9790354
0.9999999
1.0
0.9998903
1.0
1.0
0.9999999
0.99999976
1.0
0.9999999
0.9704661
1.0
1.0
0.9999987
1.0
0.9999678
1.0
1.0
1.0
1.0
1.0
1.0
1.0
0.99998224
1.0
1.0
0.99998856
1.0
1.0
0.9999999
0.9536914
1.0
1.0
1.0
1.0
1.0
1.0
0.9999968
0.99999976
1.0
1.0
1.0
1.0
0.99993455
0.9999999
1.0
1.0
1.0
1.0
0.9999989
1.0
1.0
1.0
1.0
1.0
1.0
1.0
1.0
1.0
0.99999976
0.99999
1.0
0.9999999
1.0
1.0
0.9999554
1.0
0.9992638
1.0
1.0
0.94615376
0.9999747
1.0
1.0
1.0
0.59836006
1.0
1.0
0.9999982
0.9999988
1.0
1.0
1.0
1.0
0.9999912
0.9999764
0.9999976
1.0
1.0
1.0
0.99999106
1.0
1.0
1.0
1.0
0.9999993
1.0
1.0
0.78240114
0.99999774
0.999998
1.0
1.0
1.0
1.0
0.9997228
0.8877764
0.9996018
1.0
1.0
0.9997811
0.9989672
1.0
1.0
0.999998
1.0
1.0
1.0
1.0
0.99999976
1.0
0.99999404
1.0
1.0
1.0
1.0
0.9945643
1.0
1.0
1.0
0.9999962
1.0
1.0
1.0
1.0
1.0
1.0
0.9999448
0.9999999
1.0
0.9999485
1.0
1.0
0.7563008
0.99999964
1.0
1.0
1.0
0.99999857
1.0
1.0
1.0
1.0
1.0
1.0
1.0
1.0
1.0
0.9999999
1.0
0.9999999
0.99992704
0.9999968
0.99995506
1.0
0.9999993
1.0
1.0
1.0
1.0
0.9999987
0.9999914
0.99999964
1.0
1.0
1.0
1.0
0.99999857
1.0
0.6306406
1.0
1.0
1.0
0.9999987
1.0
1.0
1.0
1.0
1.0
0.996603
0.99999976
1.0
1.0
1.0
1.0
0.9999999
1.0
0.99989295
0.99701947
1.0
0.99999976
1.0
0.9999937
0.99998724
1.0
0.9999982
1.0
1.0
0.9999454
1.0
1.0
0.99956566
0.9999995
1.0
1.0
1.0
1.0
0.99793756
1.0
1.0
0.9999994
1.0
0.99999976
1.0
1.0
1.0
0.9999999
0.99999976
0.99999464
1.0
1.0
0.99999726
0.9999999
1.0
1.0
1.0
0.99266654
1.0
0.9999999
1.0
0.99999976
1.0
0.9999999
1.0
1.0
0.99999964
0.99999917
1.0
1.0
1.0
1.0
1.0
1.0
0.9999999
0.99979156
1.0
1.0
0.9982691
1.0
1.0
0.9999633
1.0
1.0
1.0
1.0
1.0
1.0
0.9493303
1.0
0.9998191
1.0
1.0
0.9998487
1.0
1.0
1.0
1.0
0.9999918
1.0
1.0
1.0
1.0
1.0
0.9999999
1.0
1.0
1.0
0.9999981
0.9999845
0.999995
0.99761117
1.0
0.90210027
0.9999999
1.0
0.9999999
1.0
1.0
0.9999975
1.0
0.9999981
1.0
1.0
1.0
1.0
1.0
1.0
1.0
1.0
1.0
1.0
1.0
1.0
0.9999931
1.0
0.9999999
0.9999999
1.0
0.99999297
1.0
1.0
1.0
1.0
1.0
0.9999999
1.0
1.0
0.9999924
1.0
1.0
0.999926
1.0
0.99999976
0.9999964
1.0
1.0
0.99999785
1.0
0.9999893
0.9999999
1.0
0.9999969
1.0
0.9999993
0.9998313
0.9998723
1.0
1.0
1.0
1.0
1.0
1.0
0.9999989
1.0
0.99999964
1.0
1.0
1.0
0.9999809
1.0
1.0
1.0
1.0
1.0
1.0
0.9999988
1.0
0.9999981
1.0
1.0
0.99999774
0.99919814
1.0
0.99972373
1.0
1.0
0.99999774
1.0
0.9999995
0.9999999
1.0
0.99999726
0.9999975
1.0
1.0
0.99999905
1.0
0.99999964
0.99999595
0.99999917
1.0
1.0
1.0
1.0
0.9999999
1.0
1.0
1.0
0.99999917
1.0
1.0
1.0
1.0
1.0
1.0
0.99721587
1.0
0.99921644
1.0
1.0
1.0
1.0
0.9999995
0.79148704
0.9999261
1.0
1.0
0.9997105
0.9999809
1.0
1.0
1.0
0.9999999
1.0
0.90906984
0.9999995
0.9999999
1.0
1.0
0.8686046
1.0
1.0
0.9652766
0.99772865
0.99999905
1.0
0.99999785
0.9999964
0.99999976
1.0
1.0
0.9999138
0.89377886
0.99999976
0.9999987
1.0
1.0
0.99999225
0.9999999
1.0
1.0
1.0
0.99946254
1.0
1.0
1.0
0.9999994
0.99999976
1.0
0.7575426
1.0
1.0
1.0
0.9999726
1.0
1.0
1.0
1.0
1.0
1.0
1.0
1.0
1.0
0.99979144
1.0
1.0
1.0
1.0
0.99999976
0.99996495
1.0
1.0
0.9844349
0.9999987
0.9999994
1.0
1.0
0.6400875
0.9999976
1.0
1.0
1.0
1.0
1.0
0.9999995
1.0
0.9991721
1.0
0.45740932
0.9999999
1.0
1.0
0.9999573
1.0
1.0
0.9999995
1.0
0.7366572
1.0
1.0
1.0
1.0
0.99999964
1.0
0.99999905
1.0
1.0
1.0
0.73205656
0.99993205
0.99998665
0.9999993
1.0
1.0
0.99070764
1.0
1.0
0.99993336
1.0
1.0
1.0
1.0
0.99999595
1.0
1.0
1.0
0.99999976
0.9999726
1.0
1.0
1.0
1.0
0.99999464
1.0
1.0
1.0
0.9999974
1.0
1.0
1.0
0.9999778
0.9996834
1.0
1.0
1.0
1.0
1.0
0.99999976
0.9998062
1.0
1.0
1.0
1.0
0.99998033
1.0
1.0
1.0
1.0
1.0
1.0
1.0
0.98301643
1.0
1.0
0.9969831
0.9874027
1.0
1.0
0.83750904
1.0
1.0
1.0
0.99999964
0.99999976
0.9994655
1.0
0.9999994
0.9998963
1.0
0.99998283
1.0
1.0
1.0
0.9999993
1.0
1.0
1.0
1.0
0.9999999
1.0
1.0
0.9999976
1.0
1.0
0.9996439
1.0
1.0
0.9999999
1.0
0.9999999
1.0
0.99999726
1.0
0.9999789
0.99792176
1.0
1.0
1.0
1.0
1.0
1.0
0.9999995
1.0
0.99999964
1.0
1.0
0.9999157
1.0
1.0
1.0
1.0
0.9999988
0.9999993
0.99999964
1.0
1.0
1.0
1.0
1.0
0.9999999
1.0
0.9999999
1.0
0.99999976
1.0
1.0
1.0
1.0
1.0
1.0
1.0
1.0
1.0
1.0
1.0
0.99872607
1.0
0.9999813
1.0
1.0
1.0
0.9998216
1.0
1.0
1.0
1.0
1.0
1.0
0.9999999
0.97763693
1.0
1.0
1.0
1.0
1.0
0.9999999
1.0
0.99999976
1.0
0.99999976
0.99999976
0.9999993
0.9927792
1.0
1.0
0.99997985
1.0
0.999995
0.99964917
1.0
1.0
0.9999999
1.0
1.0
1.0
1.0
0.9999913
0.9627092
1.0
1.0
1.0
1.0
1.0
0.99964464
1.0
1.0
1.0
0.99996805
1.0
0.99999857
1.0
1.0
1.0
1.0
1.0
0.9999833
0.9999987
1.0
0.94364226
1.0
1.0
0.9999993
0.9999988
0.9999999
1.0
1.0
1.0
0.9999981
0.9999995
1.0
0.9999999
1.0
0.9999827
1.0
0.9999999
1.0
1.0
1.0
1.0
1.0
0.99999833
1.0
1.0
1.0
1.0
1.0
1.0
0.99999976
1.0
1.0
1.0
1.0
0.9999999
1.0
1.0
1.0
1.0
1.0
0.9414093
0.9999999
0.99999654
1.0
1.0
0.9999999
1.0
1.0
0.99998987
0.99999106
1.0
0.998741
1.0
0.99999774
1.0
1.0
1.0
1.0
0.925355
0.9999995
1.0
1.0
1.0
1.0
0.99999917
0.99999845
0.99997294
0.99999917
0.9999943
1.0
1.0
0.99999964
1.0
1.0
1.0
0.99999976
0.9999999
0.9307679
1.0
0.9999994
0.99999976
1.0
1.0
0.9999999
1.0
0.68822837
1.0
1.0
0.9999366
1.0
1.0
1.0
1.0
0.999902
1.0
1.0
0.9999982
0.9999863
1.0
1.0
0.99998665
1.0
1.0
1.0
0.9923913
1.0
1.0
1.0
0.9996117
1.0
1.0
1.0
0.99999523
1.0
1.0
1.0
1.0
1.0
0.9748282
0.99998856
0.99999833
0.99999976
1.0
1.0
1.0
0.8878419
0.9999399
1.0
0.99999917
1.0
0.99999964
0.9999999
1.0
0.9999957
0.99999833
0.9999999
1.0
1.0
1.0
1.0
1.0
1.0
1.0
0.99999833
1.0
0.9999999
1.0
0.99999976
1.0
0.9999995
1.0
0.999948
1.0
0.9999994
1.0
0.9999963
1.0
1.0
1.0
0.9916015
0.9999999
0.999998
1.0
1.0
1.0
1.0
1.0
0.99999905
1.0
1.0
1.0
1.0
1.0
1.0
1.0
1.0
1.0
1.0
0.99999976
0.99999774
1.0
1.0
1.0
0.9999968
0.99999976
0.99407333
1.0
0.9999752
1.0
1.0
1.0
1.0
0.9997403
1.0
0.9998592
1.0
0.99999917
0.9999981
1.0
0.9999163
1.0
0.99999535
1.0
0.99995744
0.9999949
0.9605489
1.0
1.0
1.0
1.0
1.0
0.9999987
1.0
0.99999964
1.0
0.9999999
1.0
1.0
1.0
0.9999566
1.0
1.0
0.9999999
1.0
1.0
1.0
1.0
0.99999285
1.0
1.0
0.9999993
0.99993074
1.0
1.0
0.99999964
0.9999995
1.0
1.0
0.9999999
1.0
0.9999975
0.9999995
0.99999976
1.0
0.99847203
1.0
1.0
1.0
0.99998116
0.99571025
1.0
0.9999999
1.0
0.9817993
1.0
1.0
1.0
1.0
1.0
1.0
0.9999958
1.0
1.0
1.0
1.0
0.9999999
1.0
0.9999907
0.9982992
0.99999917
1.0
1.0
1.0
0.9999988
0.99999917
1.0
0.9999999
1.0
0.99852365
1.0
1.0
0.99803525
1.0
1.0
1.0
1.0
1.0
1.0
0.99999225
0.99987257
1.0
1.0
1.0
1.0
0.9999728
1.0
0.99999976
1.0
1.0
0.9999994
1.0
0.99959165
0.9997421
1.0
1.0
1.0
0.9999654
0.9999999
1.0
1.0
1.0
1.0
0.9999988
0.9997979
1.0
1.0
0.9999995
1.0
1.0
0.995689
1.0
1.0
0.9999981
0.9999999
1.0
0.99998546
1.0
1.0
1.0
1.0
0.9962404
1.0
1.0
1.0
1.0
1.0
0.99999976
1.0
1.0
0.9995888
1.0
0.999998
0.99998915
0.9999999
0.9999999
1.0
1.0
1.0
1.0
0.99965537
1.0
0.9999993
1.0
1.0
0.9999951
0.9999999
1.0
0.99997795
1.0
1.0
0.9999995
1.0
1.0
1.0
1.0
1.0
0.99999785
1.0
1.0
1.0
0.99999976
0.99999976
1.0
1.0
0.9999999
1.0
1.0
1.0
1.0
1.0
1.0
1.0
1.0
1.0
0.99999976
1.0
1.0
1.0
1.0
1.0
1.0
0.5175266
1.0
1.0
1.0
0.9999999
1.0
1.0
1.0
1.0
1.0
0.99883276
0.99999225
0.99999964
1.0
1.0
0.99999964
0.9999906
1.0
1.0
1.0
0.99999166
1.0
0.9734284
0.9999999
1.0
1.0
1.0
1.0
1.0
1.0
0.99999964
0.9999968
1.0
0.99999964
0.9999566
0.9999999
0.99999917
1.0
0.99649566
1.0
0.9980275
0.99999917
1.0
1.0
1.0
1.0
1.0
1.0
1.0
0.9999709
0.9971328
0.71880203
1.0
1.0
1.0
1.0
1.0
0.9999957
0.7290933
1.0
0.9999094
1.0
0.99999857
0.99999976
0.99999976
1.0
1.0
1.0
1.0
1.0
1.0
0.9999999
1.0
0.9999999
1.0
1.0
1.0
1.0
1.0
0.9999999
1.0
1.0
0.9999999
1.0
1.0
1.0
1.0
1.0
0.99997866
1.0
0.99999547
1.0
0.99999714
1.0
0.9987342
1.0
1.0
1.0
0.9995466
0.9999999
1.0
1.0
1.0
0.99907863
1.0
1.0
1.0
1.0
0.99999905
0.99999976
1.0
0.99999976
0.99999976
1.0
0.99999964
1.0
0.997053
1.0
0.9999999
1.0
1.0
1.0
1.0
0.9999689
1.0
0.9999999
1.0
0.99999976
0.9999999
1.0
0.9999976
0.9998697
1.0
1.0
0.99999976
1.0
1.0
1.0
0.9999989
1.0
0.99974877
1.0
1.0
0.99952555
0.9999995
1.0
1.0
1.0
1.0
1.0
1.0
1.0
0.9999999
1.0
1.0
0.9999989
0.999998
0.9999994
1.0
1.0
1.0
1.0
1.0
0.9999988
1.0
1.0
1.0
1.0
0.99999905
1.0
1.0
0.99999964
1.0
1.0
0.9994442
1.0
0.9998233
1.0
0.999997
1.0
1.0
1.0
1.0
1.0
1.0
1.0
1.0
0.9999994
1.0
0.99999976
0.9998994
1.0
1.0
0.9999995
1.0
0.9998778
0.9999926
1.0
1.0
0.9999999
1.0
0.85209614
1.0
0.99999976
1.0
0.9999932
0.9999999
0.81569123
1.0
0.9999999
0.9965198
1.0
1.0
1.0
1.0
1.0
0.9999999
0.99999964
0.9990351
0.98367774
0.99995947
1.0
1.0
1.0
1.0
0.99998415
0.9999999
1.0
1.0
1.0
1.0
1.0
0.8723225
0.84625924
1.0
1.0
0.99999976
1.0
1.0
0.9999943
1.0
0.99999774
1.0
1.0
0.9999999
1.0
0.99993575
1.0
1.0
1.0
0.99996614
1.0
0.9999751
1.0
1.0
1.0
0.99998033
1.0
1.0
0.9998534
1.0
1.0
1.0
1.0
1.0
1.0
0.999998
1.0
1.0
1.0
0.99999106
0.9999995
1.0
0.99999857
1.0
0.9896673
1.0
1.0
1.0
1.0
0.9999999
0.99999976
1.0
1.0
0.9999993
0.9693834
1.0
1.0
1.0
1.0
1.0
1.0
0.9991967
1.0
1.0
1.0
1.0
0.9999999
1.0
0.9999999
1.0
0.9999958
1.0
0.9999957
1.0
1.0
0.99999726
1.0
1.0
0.9999813
0.5813601
1.0
1.0
0.9999995
1.0
1.0
1.0
1.0
0.99999833
1.0
0.9999981
1.0
1.0
1.0
1.0
1.0
1.0
1.0
1.0
1.0
1.0
1.0
1.0
1.0
0.9999999
1.0
0.99999976
1.0
1.0
0.98868424
0.5172494
1.0
0.9975326
1.0
1.0
1.0
1.0
1.0
1.0
0.9999975
1.0
1.0
1.0
0.9829795
1.0
1.0
1.0
1.0
0.99999607
1.0
1.0
1.0
1.0
1.0
0.9999999
1.0
0.9999974
1.0
0.9999999
1.0
1.0
0.99999964
1.0
1.0
1.0
1.0
1.0
1.0
0.9999763
1.0
0.9999962
1.0
0.9999423
0.9999981
1.0
1.0
0.9999999
1.0
0.9930951
0.9953603
0.99999976
0.99996126
1.0
1.0
0.999949
0.9999999
1.0
0.9999596
1.0
1.0
1.0
0.99999976
0.99999726
1.0
1.0
1.0
1.0
0.99999964
0.9999999
0.996729
0.99946195
1.0
0.99999356
0.999853
0.99999905
1.0
0.9999759
1.0
0.9999627
1.0
1.0
1.0
1.0
1.0
1.0
1.0
0.99999964
1.0
1.0
1.0
1.0
0.99999547
1.0
1.0
1.0
0.9999999
1.0
0.9999933
1.0
1.0
0.9999982
0.9999989
1.0
1.0
1.0
1.0
0.9999776
1.0
1.0
1.0
1.0
1.0
0.9999373
0.9999982
1.0
1.0
0.9999989
1.0
1.0
1.0
0.9999999
1.0
1.0
1.0
0.99999857
0.9999993
1.0
1.0
1.0
0.99931383
1.0
1.0
1.0
0.9999999
1.0
1.0
0.9999964
1.0
1.0
1.0
1.0
1.0
0.9999944
1.0
1.0
0.99999225
0.99987817
1.0
0.99999976
1.0
0.99999976
1.0
1.0
0.99957603
1.0
1.0
1.0
1.0
0.99948186
0.99999964
1.0
1.0
0.99999475
1.0
1.0
0.75181824
1.0
1.0
1.0
0.9999999
1.0
1.0
1.0
0.99999976
1.0
0.9999995
0.9962754
1.0
0.99999726
0.99999833
0.99999976
1.0
1.0
1.0
1.0
1.0
1.0
0.99999964
1.0
1.0
0.9970387
0.99983954
0.9999989
1.0
0.9999995
1.0
1.0
1.0
1.0
1.0
0.9997067
0.99999964
0.99999833
0.9999989
1.0
1.0
0.9999939
0.99999976
1.0
0.9999825
1.0
1.0
1.0
0.99999964
1.0
1.0
1.0
0.9999459
1.0
1.0
0.9997024
1.0
1.0
1.0
1.0
1.0
1.0
0.99999976
0.99980587
0.99731344
1.0
1.0
0.99999905
1.0
1.0
0.99999964
1.0
0.9999999
1.0
1.0
1.0
1.0
0.99999964
0.99999833
0.9999995
1.0
1.0
1.0
1.0
1.0
1.0
1.0
0.9999999
1.0
1.0
1.0
0.99965084
0.9999999
0.9999987
1.0
1.0
1.0
1.0
1.0
1.0
1.0
0.99987805
1.0
0.9999999
0.99997437
0.93873805
1.0
1.0
0.9999964
1.0
1.0
0.99996924
0.9944811
0.9999995
0.9999957
1.0
1.0
0.99979407
0.9999975
0.9998677
0.9999994
1.0
1.0
1.0
1.0
1.0
1.0
1.0
1.0
1.0
1.0
1.0
1.0
0.99999964
1.0
0.9999994
0.99998236
1.0
1.0
1.0
1.0
1.0
1.0
1.0
0.9999629
1.0
1.0
1.0
0.9999981
1.0
1.0
0.99972934
0.9999566
1.0
1.0
1.0
1.0
1.0
0.9999999
0.9181446
1.0
1.0
1.0
0.9998838
1.0
1.0
1.0
0.99999976
1.0
0.9999999
1.0
1.0
1.0
1.0
1.0
1.0
1.0
1.0
1.0
1.0
1.0
1.0
1.0
0.9999999
1.0
0.9999962
0.99999905
1.0
1.0
1.0
0.9999993
0.9999951
1.0
0.9999995
1.0
0.9999993
1.0
0.9887551
0.99999595
1.0
0.99999726
0.9999987
0.9999968
1.0
0.9999976
1.0
1.0
0.999998
1.0
1.0
1.0
1.0
1.0
1.0
1.0
1.0
0.9998796
1.0
1.0
1.0
1.0
1.0
0.99999297
0.99980944
1.0
0.9999995
0.99968934
1.0
0.9999734
1.0
1.0
1.0
0.99999976
1.0
1.0
0.99999726
1.0
1.0
1.0
1.0
1.0
1.0
1.0
1.0
1.0
1.0
1.0
1.0
1.0
0.9991892
0.99897814
1.0
0.9999999
1.0
1.0
1.0
1.0
1.0
0.9999999
1.0
1.0
1.0
1.0
0.99999976
0.9999989
0.999998
0.999998
0.99999917
1.0
0.99999666
0.9999956
1.0
1.0
1.0
1.0
1.0
0.9999999
1.0
0.7709574
1.0
1.0
0.9999994
1.0
1.0
0.9999981
1.0
0.9994029
1.0
1.0
1.0
1.0
1.0
1.0
0.99999976
1.0
0.99999523
1.0
0.99999917
1.0
1.0
0.99990165
1.0
1.0
1.0
0.99997973
1.0
1.0
1.0
0.9999937
0.9773137
1.0
1.0
1.0
1.0
0.9999988
1.0
1.0
1.0
0.9999993
1.0
1.0
1.0
0.99999964
1.0
0.9999999
0.99982446
0.9999999
1.0
0.9999999
1.0
0.9999583
1.0
0.9999993
0.891662
0.9853366
1.0
0.99999976
1.0
1.0
0.9999999
0.99999404
1.0
0.99999976
1.0
1.0
1.0
0.9999914
1.0
0.9999846
0.9999815
0.9999807
1.0
1.0
1.0
1.0
0.99734527
1.0
1.0
0.9999999
1.0
0.99999964
1.0
1.0
1.0
0.99999166
1.0
0.99995375
1.0
1.0
1.0
1.0
0.99999917
0.9996698
1.0
0.997535
0.9999509
0.9999932
1.0
1.0
0.9999999
1.0
1.0
0.99999976
1.0
1.0
1.0
1.0
1.0
0.99999964
1.0
0.9999912
0.9999995
1.0
0.9997495
1.0
1.0
1.0
1.0
1.0
1.0
1.0
0.9743672
1.0
1.0
0.9999858
1.0
1.0
0.9999987
1.0
0.99999976
0.9999999
0.9999981
0.9999999
1.0
1.0
1.0
1.0
1.0
0.99999976
1.0
1.0
0.99998975
1.0
1.0
1.0
1.0
1.0
1.0
0.99999166
1.0
1.0
1.0
1.0
0.9995759
1.0
1.0
1.0
0.99998903
1.0
0.99977297
1.0
1.0
0.9999999
1.0
1.0
1.0
1.0
0.9999771
1.0
1.0
1.0
1.0
1.0
1.0
1.0
0.99999917
0.869657
1.0
1.0
1.0
1.0
1.0
0.9999999
0.9999958
1.0
0.9999833
1.0
1.0
1.0
0.9999707
1.0
1.0
1.0
1.0
1.0
1.0
1.0
0.9715527
1.0
1.0
1.0
0.9999999
1.0
1.0
0.9999999
0.99999905
1.0
1.0
0.9999999
1.0
1.0
0.99999964
1.0
0.9817362
1.0
0.99999964
0.9992435
1.0
0.99999535
1.0
1.0
0.85854894
0.9556253
0.99999905
0.9999943
0.7628984
1.0
1.0
1.0
1.0
1.0
0.9998159
1.0
0.9999982
0.9999937
0.99999964
1.0
0.9993455
1.0
1.0
1.0
1.0
1.0
1.0
0.9998988
1.0
0.972525
1.0
1.0
0.99999905
0.99999774
0.9999993
0.9999993
1.0
1.0
1.0
1.0
0.99929917
1.0
1.0
1.0
0.9993592
0.8278421
1.0
1.0
1.0
0.9999931
0.99999905
1.0
1.0
1.0
0.9999162
1.0
0.4717832
1.0
0.9748608
1.0
0.99998724
1.0
1.0
0.99985564
1.0
1.0
1.0
1.0
0.99999976
1.0
1.0
0.9999994
0.9996724
1.0
0.9929675
1.0
1.0
0.99999976
1.0
0.99997485
1.0
1.0
1.0
1.0
0.9999871
1.0
0.99618787
1.0
0.9999993
0.97633934
1.0
1.0
1.0
1.0
1.0
1.0
0.99997854
1.0
0.9999999
0.99704367
1.0
1.0
1.0
1.0
1.0
1.0
1.0
1.0
1.0
0.99980074
1.0
0.99999976
1.0
1.0
0.9999758
1.0
0.9976809
0.99999285
0.9999957
1.0
1.0
1.0
1.0
1.0
0.99997413
1.0
0.9999999
1.0
0.6585397
1.0
0.99999976
0.8594655
1.0
0.99999964
1.0
1.0
1.0
0.99997854
1.0
1.0
0.99998343
1.0
1.0
1.0
1.0
1.0
1.0
0.9995709
1.0
0.99998903
1.0
1.0
1.0
1.0
0.99999225
1.0
0.9999776
1.0
0.9999999
1.0
1.0
1.0
1.0
1.0
1.0
1.0
1.0
0.9999999
1.0
1.0
1.0
0.9995628
1.0
1.0
1.0
1.0
1.0
1.0
1.0
1.0
0.99984133
1.0
0.9999988
1.0
0.9782249
1.0
1.0
0.99999976
1.0
1.0
1.0
1.0
1.0
1.0
1.0
1.0
1.0
1.0
1.0
1.0
1.0
0.9999995
0.99999857
1.0
0.99962485
1.0
1.0
1.0
1.0
1.0
1.0
1.0
1.0
1.0
1.0
1.0
0.9999993
0.999798
0.9999974
0.61849004
0.9999999
0.9990676
1.0
1.0
0.999997
1.0
1.0
1.0
0.99999905
0.9996816
1.0
1.0
1.0
1.0
1.0
1.0
1.0
1.0
1.0
1.0
0.99999654
1.0
1.0
1.0
1.0
1.0
0.9979925
0.9999691
0.9999993
0.99999166
1.0
1.0
1.0
1.0
0.7873829
1.0
0.9999999
1.0
1.0
0.99999976
1.0
0.99999917
0.9999957
0.99978846
0.9998635
1.0
0.9999994
1.0
1.0
1.0
1.0
1.0
1.0
0.99828243
1.0
0.9994142
0.9999999
1.0
1.0
0.99999213
1.0
1.0
1.0
1.0
1.0
0.8867072
1.0
1.0
1.0
1.0
0.9999995
1.0
1.0
0.9990415
1.0
0.975983
0.99981016
1.0
1.0
1.0
0.99999774
1.0
1.0
1.0
1.0
0.72222817
0.9999999
0.99998796
0.99999726
1.0
1.0
1.0
1.0
1.0
1.0
0.9999956
0.99999976
1.0
0.9999999
1.0
1.0
1.0
0.99999666
1.0
1.0
0.9999963
1.0
1.0
1.0
1.0
0.9996916
0.9996673
1.0
1.0
1.0
1.0
1.0
0.9999999
0.9999999
0.9999999
1.0
0.99972016
1.0
0.9997421
1.0
1.0
1.0
1.0
1.0
0.9999242
1.0
1.0
1.0
0.97219807
1.0
1.0
0.9635898
1.0
1.0
1.0
1.0
1.0
1.0
1.0
1.0
1.0
0.9999989
1.0
1.0
1.0
1.0
0.9999974
1.0
1.0
1.0
1.0
1.0
0.9999988
0.99986887
1.0
0.999998
1.0
1.0
1.0
1.0
0.9999999
1.0
1.0
1.0
0.999982
1.0
1.0
0.9999875
1.0
0.999998
0.9999821
1.0
0.9999914
0.99999905
1.0
1.0
1.0
1.0
0.99998105
0.9997813
1.0
0.9999999
1.0
1.0
0.9999207
1.0
1.0
0.99999976
1.0
1.0
0.9999989
1.0
0.99999905
0.9999646
1.0
0.9999982
1.0
1.0
1.0
0.9999387
1.0
0.99999964
0.99999976
1.0
1.0
0.9999802
1.0
0.9736221
1.0
0.9999888
1.0
0.9999999
1.0
1.0
1.0
1.0
0.9964437
1.0
1.0
1.0
0.9999994
1.0
1.0
1.0
1.0
1.0
1.0
0.9999225
1.0
0.9503898
0.9999968
0.9999999
1.0
0.99999297
1.0
0.99999774
0.9999865
0.9999999
0.9999994
1.0
1.0
1.0
1.0
1.0
1.0
0.9999989
0.9999796
0.99999654
1.0
0.9999887
0.9999999
0.99999833
0.97031486
1.0
0.9999068
1.0
1.0
1.0
0.7919125
1.0
1.0
1.0
0.9999999
1.0
0.9999664
0.99999654
1.0
1.0
1.0
0.99999976
1.0
1.0
1.0
1.0
0.9999993
1.0
0.9999999
0.99738973
1.0
1.0
1.0
0.9999987
1.0
1.0
1.0
1.0
1.0
1.0
1.0
1.0
1.0
0.9865252
0.9999962
1.0
1.0
1.0
0.9999999
0.99998856
1.0
1.0
0.99999964
0.78956074
1.0
1.0
1.0
1.0
1.0
1.0
0.999982
0.9974547
1.0
1.0
0.99989307
0.9999981
1.0
1.0
1.0
1.0
0.9990019
0.99999833
1.0
1.0
0.99993885
1.0
0.9999845
1.0
1.0
1.0
1.0
1.0
0.99999976
1.0
1.0
1.0
0.9999995
1.0
1.0
0.82117236
0.99999917
1.0
0.99999845
1.0
0.88637143
1.0
0.99999976
1.0
0.99999464
0.99999964
0.99999976
1.0
0.9983729
0.99999976
0.9999995
0.99989164
0.99999964
1.0
1.0
1.0
1.0
0.98180145
1.0
0.9999999
1.0
1.0
1.0
1.0
0.999972
0.99998844
0.9999907
1.0
0.99999976
1.0
1.0
1.0
0.99999976
1.0
1.0
1.0
1.0
1.0
1.0
1.0
0.9999999
1.0
1.0
1.0
1.0
1.0
0.9999999
1.0
1.0
0.9999999
0.99999774
1.0
0.9999999
1.0
1.0
0.97947365
1.0
1.0
1.0
1.0
1.0
0.99833566
1.0
1.0
1.0
0.99999774
0.99998796
1.0
1.0
0.99999976
0.99995065
0.99468744
1.0
1.0
0.9998468
1.0
1.0
1.0
0.9999999
1.0
0.6435068
1.0
1.0
1.0
1.0
0.9996141
1.0
1.0
0.99998903
1.0
1.0
0.9992305
1.0
0.9969463
1.0
0.9866709
0.99999976
1.0
0.9999995
1.0
1.0
1.0
0.9999994
1.0
0.9999994
1.0
1.0
1.0
0.9999993
1.0
0.9999999
0.988054
0.9999988
1.0
0.99979967
1.0
0.97914326
1.0
1.0
0.9999995
1.0
1.0
1.0
1.0
0.9999995
1.0
1.0
1.0
1.0
1.0
0.99998975
0.9999995
0.9999989
0.999997
0.99999833
0.99999404
0.8250222
1.0
0.99999714
1.0
0.99999404
1.0
0.9999999
1.0
0.99997365
1.0
0.9997867
1.0
0.9999987
0.99999857
0.99999344
1.0
0.9999999
1.0
0.9742086
1.0
1.0
1.0
1.0
1.0
0.9999958
1.0
0.9993
1.0
0.9999968
0.9914444
0.99999964
1.0
1.0
0.99999976
1.0
0.99999976
1.0
1.0
0.99999595
1.0
1.0
1.0
1.0
1.0
1.0
1.0
1.0
1.0
1.0
1.0
1.0
1.0
0.97744477
1.0
1.0
1.0
1.0
0.9999949
0.9999995
0.9999999
1.0
1.0
0.9998348
0.9999981
0.9999975
1.0
1.0
1.0
1.0
0.99951816
1.0
1.0
0.9848053
0.9998957
1.0
0.9899446
0.9999999
1.0
0.99999905
0.9934186
0.9997453
0.9999999
0.9981242
1.0
1.0
1.0
0.9999516
1.0
0.99999964
1.0
1.0
1.0
1.0
1.0
0.9996495
1.0
0.9999229
1.0
1.0
1.0
1.0
1.0
1.0
0.9999559
1.0
1.0
1.0
1.0
1.0
0.9999913
1.0
0.84637696
1.0
1.0
1.0
0.99999654
1.0
1.0
0.99999917
1.0
1.0
1.0
0.9930061
1.0
1.0
1.0
0.9481194
1.0
1.0
1.0
1.0
1.0
1.0
0.9999995
1.0
0.9999987
1.0
1.0
0.9999925
1.0
1.0
0.9999939
0.9999747
1.0
1.0
0.9999765
0.6141189
1.0
1.0
1.0
0.97745526
1.0
1.0
0.99187076
0.99998903
1.0
1.0
1.0
1.0
0.99999964
0.99999857
1.0
1.0
1.0
0.9999999
1.0
1.0
0.99999905
0.9999999
0.99993086
1.0
1.0
1.0
0.9999999
1.0
1.0
0.9297628
1.0
1.0
0.99999666
1.0
1.0
1.0
1.0
1.0
1.0
1.0
0.9999999
1.0
0.99999976
0.63259053
1.0
1.0
0.99999964
0.9999962
0.9987735
1.0
1.0
1.0
1.0
1.0
1.0
1.0
1.0
1.0
1.0
1.0
0.9999999
1.0
1.0
0.99989116
1.0
1.0
1.0
0.8767812
1.0
1.0
1.0
1.0
0.99999976
1.0
1.0
0.99999976
1.0
1.0
1.0
1.0
1.0
1.0
1.0
1.0
0.99985313
0.99999976
0.9999993
1.0
0.99999905
1.0
0.9999982
0.99999905
1.0
0.9999999
1.0
1.0
0.9999999
1.0
1.0
1.0
1.0
0.9999999
0.99999595
1.0
1.0
0.9999999
1.0
0.9999994
1.0
0.99999905
1.0
1.0
1.0
1.0
1.0
1.0
1.0
1.0
0.9989166
1.0
0.999995
1.0
1.0
0.999956
0.99999917
1.0
1.0
0.67613524
1.0
1.0
1.0
1.0
1.0
1.0
0.99999964
0.9999999
1.0
1.0
0.99999833
1.0
0.9999664
0.99999475
1.0
0.9999999
1.0
1.0
1.0
1.0
1.0
0.9999999
1.0
0.99999547
0.9999956
0.9999994
1.0
1.0
1.0
1.0
1.0
0.99999
1.0
0.99999976
1.0
0.9999999
0.99999404
0.9999999
0.9999769
0.99993706
0.9977648
1.0
1.0
0.9996762
0.9999999
1.0
1.0
1.0
1.0
1.0
1.0
0.99938655
1.0
1.0
1.0
0.99999976
1.0
1.0
1.0
0.99999917
0.9999993
0.99561596
1.0
0.99996936
1.0
1.0
1.0
1.0
1.0
1.0
1.0
1.0
1.0
1.0
1.0
1.0
1.0
1.0
1.0
1.0
1.0
1.0
1.0
0.99761224
1.0
1.0
1.0
1.0
1.0
1.0
1.0
0.9999994
1.0
1.0
0.9999993
0.99999976
1.0
1.0
0.9999951
1.0
1.0
1.0
1.0
1.0
1.0
1.0
1.0
0.5505014
0.99916005
1.0
1.0
1.0
0.99999976
0.99999774
0.6331123
0.99997926
0.9944576
1.0
1.0
0.9999976
1.0
1.0
1.0
0.98633444
1.0
1.0
0.9999988
1.0
1.0
1.0
1.0
1.0
1.0
1.0
0.9999995
1.0
0.9999989
0.99869835
0.998362
0.99999976
1.0
1.0
1.0
1.0
1.0
1.0
0.9999995
1.0
1.0
1.0
1.0
0.99999976
0.9999999
1.0
0.9999999
1.0
0.999997
0.99999917
1.0
1.0
0.9531829
0.99977857
1.0
1.0
1.0
1.0
1.0
1.0
1.0
1.0
1.0
1.0
1.0
1.0
0.9756916
1.0
0.9995389
1.0
1.0
0.992967
0.99997747
0.99999976
0.9999976
1.0
0.9999987
1.0
0.72817594
1.0
0.9999857
1.0
0.99999523
1.0
1.0
0.9999999
0.99999976
1.0
1.0
0.9999999
0.9999999
1.0
0.999995
1.0
0.99999785
1.0
1.0
1.0
1.0
0.999997
1.0
1.0
0.99999976
0.999915
1.0
0.9999999
1.0
0.9999906
1.0
1.0
0.99999475
1.0
1.0
0.9999765
1.0
0.9999999
1.0
1.0
1.0
1.0
1.0
0.9999852
1.0
1.0
1.0
1.0
0.9999995
1.0
1.0
1.0
1.0
0.9998202
1.0
1.0
0.9999974
0.9982426
0.9999993
1.0
1.0
1.0
1.0
1.0
0.9994461
0.99999
0.9999769
1.0
0.9999993
1.0
0.86820966
1.0
1.0
1.0
1.0
1.0
1.0
0.99999964
1.0
1.0
0.9998441
0.99999917
0.9999999
1.0
0.9999999
1.0
0.9999999
1.0
1.0
1.0
0.9999993
1.0
0.999926
0.9999999
1.0
1.0
0.99999976
1.0
1.0
0.99999964
1.0
1.0
1.0
0.99999833
0.9995036
1.0
1.0
0.99999964
1.0
0.9969131
1.0
0.999278
1.0
1.0
1.0
1.0
1.0
1.0
1.0
1.0
0.9999999
1.0
0.9999995
0.9999945
1.0
1.0
1.0
1.0
1.0
0.9999995
1.0
0.9999999
1.0
1.0
1.0
1.0
1.0
1.0
0.9999999
1.0
1.0
1.0
1.0
0.9999995
1.0
1.0
1.0
1.0
1.0
0.999998
1.0
1.0
1.0
1.0
0.999979
1.0
1.0
1.0
1.0
1.0
0.9999913
1.0
0.99998426
1.0
1.0
0.99999833
1.0
1.0
1.0
1.0
1.0
1.0
0.9999995
1.0
0.99999976
1.0
0.9999852
1.0
1.0
1.0
1.0
0.99994934
0.9999994
1.0
1.0
1.0
1.0
1.0
0.9999962
1.0
1.0
1.0
0.9999999
1.0
1.0
1.0
1.0
1.0
1.0
0.99999976
0.9999989
1.0
1.0
1.0
1.0
1.0
1.0
1.0
0.9999999
1.0
1.0
0.9999969
1.0
1.0
0.9999974
1.0
1.0
1.0
1.0
0.9999999
0.9999995
0.9999999
1.0
1.0
1.0
1.0
1.0
1.0
0.9999995
1.0
1.0
1.0
1.0
1.0
0.9999999
0.9999635
0.9999999
1.0
1.0
0.9999999
1.0
0.98252827
1.0
1.0
1.0
1.0
1.0
1.0
1.0
0.9999944
0.9999999
1.0
1.0
1.0
0.99958616
1.0
1.0
1.0
1.0
0.9999999
0.9999982
1.0
1.0
1.0
1.0
1.0
1.0
1.0
1.0
0.99999964
1.0
1.0
1.0
0.99162126
1.0
1.0
0.99999666
1.0
0.99999917
0.76426804
1.0
0.9999893
1.0
1.0
1.0
1.0
1.0
0.99999964
1.0
0.9999999
0.9999974
0.99998546
1.0
1.0
0.9999994
1.0
0.9999999
0.9999999
1.0
1.0
1.0
1.0
1.0
1.0
0.9999999
1.0
1.0
1.0
0.99999094
1.0
1.0
1.0
1.0
0.99189466
0.9999999
0.999577
1.0
1.0
1.0
0.99999976
1.0
0.9999994
1.0
0.9999999
0.9999914
1.0
1.0
0.9999999
1.0
1.0
1.0
0.9999981
0.99999833
0.99999976
0.99999833
0.9999695
1.0
1.0
1.0
1.0
1.0
1.0
0.99966276
1.0
1.0
1.0
1.0
1.0
0.9999999
0.9999999
1.0
1.0
1.0
1.0
0.9999999
1.0
0.99999845
0.99999917
0.999998
1.0
0.98634523
0.9999988
1.0
1.0
0.9999926
0.9999999
1.0
1.0
1.0
0.9999999
1.0
1.0
1.0
1.0
1.0
0.9999014
0.9999988
1.0
0.9999999
0.9997118
0.9999999
1.0
0.9955634
0.99999785
1.0
1.0
1.0
1.0
1.0
1.0
1.0
1.0
0.99989784
1.0
1.0
1.0
1.0
1.0
0.9999999
1.0
1.0
1.0
0.99992096
1.0
1.0
1.0
1.0
1.0
1.0
1.0
1.0
1.0
0.99999774
1.0
1.0
1.0
1.0
1.0
1.0
1.0
1.0
1.0
1.0
1.0
1.0
0.9999999
1.0
1.0
1.0
1.0
1.0
1.0
1.0
1.0
1.0
1.0
1.0
1.0
1.0
1.0
1.0
1.0
1.0
1.0
1.0
0.93460274
1.0
1.0
1.0
0.9999771
1.0
1.0
1.0
0.9999999
1.0
1.0
1.0
1.0
1.0
1.0
1.0
1.0
1.0
1.0
1.0
1.0
1.0
1.0
1.0
1.0
1.0
1.0
1.0
1.0
1.0
1.0
1.0
0.99999964
1.0
1.0
1.0
1.0
1.0
1.0
1.0
0.99999785
0.9999999
1.0
1.0
1.0
1.0
1.0
1.0
1.0
1.0
1.0
1.0
1.0
1.0
1.0
1.0
1.0
1.0
1.0
1.0
1.0
1.0
1.0
1.0
0.99999857
1.0
1.0
1.0
1.0
1.0
0.99999976
1.0
1.0
1.0
1.0
1.0
0.9999863
1.0
1.0
1.0
1.0
1.0
1.0
1.0
1.0
1.0
1.0
1.0
1.0
0.9999999
1.0
1.0
1.0
0.9999739
1.0
1.0
1.0
1.0
1.0
1.0
1.0
1.0
1.0
1.0
1.0
1.0
1.0
1.0
1.0
1.0
1.0
1.0
1.0
1.0
1.0
1.0
1.0
1.0
0.99998724
0.9999733
1.0
1.0
1.0
1.0
1.0
1.0
0.99997175
1.0
1.0
1.0
1.0
1.0
1.0
1.0
1.0
1.0
1.0
1.0
1.0
1.0
1.0
1.0
1.0
1.0
1.0
1.0
1.0
1.0
1.0
1.0
1.0
1.0
1.0
1.0
1.0
1.0
1.0
1.0
1.0
1.0
0.9999995
1.0
1.0
1.0
1.0
0.99999976
1.0
1.0
1.0
1.0
1.0
0.99999976
1.0
0.99999976
1.0
1.0
1.0
1.0
1.0
1.0
1.0
1.0
1.0
1.0
1.0
1.0
1.0
1.0
0.9999993
1.0
1.0
0.999979
1.0
1.0
0.99999976
1.0
0.9999999
1.0
1.0
1.0
1.0
0.99999857
1.0
1.0
1.0
0.9999871
1.0
1.0
1.0
1.0
1.0
1.0
1.0
1.0
1.0
0.9999988
0.9999672
1.0
1.0
1.0
1.0
1.0
1.0
1.0
1.0
0.9999999
1.0
1.0
0.9999999
1.0
0.9999988
0.99999607
1.0
0.99970883
1.0
1.0
1.0
1.0
0.9999994
1.0
1.0
1.0
0.9998357
1.0
1.0
1.0
0.9999995
0.9999999
1.0
0.9999999
1.0
1.0
0.9999958
1.0
1.0
0.9997538
1.0
1.0
1.0
1.0
1.0
1.0
0.9999999
1.0
1.0
1.0
1.0
1.0
1.0
0.999726
1.0
1.0
0.99999917
1.0
1.0
1.0
0.99999917
1.0
1.0
1.0
1.0
1.0
0.9999989
1.0
1.0
1.0
0.99999666
1.0
1.0
0.99999917
1.0
1.0
0.9961636
1.0
1.0
0.99999905
1.0
1.0
1.0
1.0
0.99996185
1.0
1.0
0.98178667
1.0
0.99992836
1.0
1.0
0.9995509
1.0
0.99999917
0.99880385
0.9999995
1.0
1.0
1.0
0.9999994
0.9999995
0.9999583
1.0
1.0
1.0
0.9999995
0.9952726
0.99990904
1.0
1.0
1.0
1.0
1.0
1.0
1.0
1.0
0.9999976
1.0
1.0
0.9999995
1.0
1.0
1.0
1.0
1.0
1.0
1.0
1.0
0.9995782
0.99928516
0.9999713
1.0
1.0
1.0
1.0
0.9999994
1.0
1.0
1.0
1.0
0.99999464
1.0
1.0
0.999772
1.0
1.0
1.0
1.0
0.9999993
1.0
0.99999964
1.0
1.0
1.0
1.0
0.99999774
1.0
1.0
1.0
1.0
0.99999976
0.9999933
1.0
1.0
1.0
1.0
0.9999876
1.0
1.0
0.9999976
1.0
1.0
0.99982977
1.0
1.0
1.0
1.0
1.0
0.9999956
0.99999976
0.99999917
1.0
1.0
0.99999976
1.0
1.0
0.9866803
0.9998766
0.90012705
1.0
1.0
1.0
0.99999833
1.0
0.9999976
0.99999964
1.0
0.99809366
1.0
1.0
1.0
0.99427325
1.0
1.0
0.9999479
0.9999988
0.99999964
1.0
0.9999969
1.0
1.0
1.0
1.0
1.0
1.0
1.0
1.0
1.0
1.0
1.0
0.9999999
0.99999475
0.99999976
1.0
1.0
0.9999989
0.99999964
1.0
1.0
1.0
0.99999845
1.0
1.0
1.0
1.0
1.0
0.9999999
1.0
1.0
0.99999905
1.0
1.0
1.0
1.0
1.0
1.0
1.0
1.0
1.0
1.0
1.0
1.0
1.0
0.9992899
0.9999441
1.0
1.0
1.0
1.0
0.9999957
1.0
1.0
1.0
1.0
1.0
1.0
1.0
1.0
1.0
1.0
1.0
1.0
1.0
0.9999999
1.0
0.9999999
1.0
1.0
1.0
0.99998033
0.9999149
1.0
1.0
1.0
1.0
0.99999964
1.0
0.99934834
1.0
1.0
1.0
1.0
1.0
1.0
0.99999964
1.0
1.0
0.9999993
1.0
1.0
1.0
0.99999976
1.0
1.0
1.0
1.0
1.0
1.0
1.0
1.0
1.0
1.0
1.0
0.9999999
1.0
1.0
1.0
1.0
1.0
1.0
1.0
1.0
1.0
0.99999976
1.0
1.0
1.0
1.0
1.0
0.9987018
0.9999999
1.0
1.0
1.0
1.0
1.0
1.0
0.9999994
1.0
0.98166186
0.9860453
1.0
0.99999964
1.0
1.0
1.0
1.0
0.99999964
1.0
0.9999999
1.0
1.0
1.0
1.0
1.0
0.9999937
1.0
1.0
0.9999354
0.99999845
1.0
1.0
1.0
1.0
0.99924684
1.0
0.99999964
1.0
0.99999976
1.0
1.0
1.0
1.0
0.9999658
0.9999999
1.0
0.999928
1.0
0.9999504
1.0
1.0
1.0
1.0
1.0
1.0
1.0
0.99999917
0.9999987
0.9990958
0.9673205
1.0
0.999956
1.0
1.0
1.0
1.0
1.0
1.0
1.0
1.0
1.0
0.99999666
1.0
0.9999999
1.0
1.0
1.0
0.999964
1.0
1.0
1.0
0.9999571
1.0
0.999998
1.0
0.99999964
1.0
1.0
1.0
1.0
1.0
1.0
1.0
1.0
0.99999976
0.9999957
1.0
0.9999995
1.0
1.0
1.0
1.0
1.0
0.99947184
0.9976587
1.0
1.0
1.0
1.0
0.9999999
1.0
1.0
1.0
1.0
0.9999988
1.0
1.0
1.0
1.0
0.99954754
1.0
1.0
0.9999974
1.0
1.0
1.0
0.9999976
1.0
0.99955815
0.9999999
1.0
0.999998
1.0
0.99997234
1.0
1.0
1.0
1.0
1.0
1.0
1.0
0.9999995
0.99999714
1.0
1.0
0.9997825
1.0
1.0
0.9888756
1.0
0.99999976
0.9999999
1.0
1.0
1.0
1.0
1.0
0.99964035
1.0
0.99999356
1.0
1.0
1.0
1.0
0.9999671
1.0
1.0
0.9999999
1.0
1.0
0.9999995
1.0
0.9999987
1.0
1.0
0.9999999
0.9999993
1.0
1.0
1.0
1.0
0.9999994
1.0
1.0
1.0
1.0
1.0
0.997575
1.0
1.0
1.0
1.0
1.0
0.999881
0.9999999
1.0
1.0
0.9999999
1.0
1.0
1.0
1.0
1.0
0.98615605
1.0
1.0
1.0
1.0
1.0
1.0
1.0
1.0
1.0
0.5883032
1.0
0.9999887
1.0
1.0
1.0
1.0
1.0
1.0
1.0
0.9999999
1.0
1.0
1.0
1.0
1.0
0.9999999
1.0
1.0
1.0
1.0
0.82166433
1.0
1.0
1.0
1.0
1.0
1.0
1.0
1.0
1.0
1.0
1.0
0.9999995
1.0
0.9999994
1.0
1.0
1.0
1.0
1.0
1.0
1.0
1.0
1.0
1.0
1.0
1.0
1.0
1.0
1.0
1.0
1.0
1.0
1.0
1.0
1.0
1.0
1.0
1.0
1.0
1.0
1.0
1.0
1.0
1.0
0.99523455
0.99999917
1.0
1.0
0.99999964
1.0
1.0
1.0
1.0
0.48694485
1.0
0.9998503
1.0
0.99999857
1.0
0.6441841
0.79249835
0.99997914
1.0
1.0
1.0
1.0
1.0
0.9999999
1.0
1.0
1.0
1.0
1.0
1.0
1.0
0.99999976
1.0
1.0
1.0
1.0
1.0
1.0
1.0
1.0
1.0
1.0
1.0
1.0
1.0
1.0
1.0
1.0
1.0
1.0
1.0
1.0
1.0
1.0
1.0
1.0
1.0
1.0
1.0
1.0
1.0
1.0
1.0
1.0
1.0
1.0
1.0
1.0
1.0
1.0
0.9999999
1.0
1.0
0.9999999
1.0
1.0
1.0
0.99999976
1.0
1.0
1.0
1.0
1.0
1.0
1.0
0.9999888
0.99992883
1.0
1.0
1.0
1.0
1.0
1.0
1.0
1.0
1.0
1.0
1.0
1.0
1.0
1.0
1.0
1.0
1.0
1.0
1.0
1.0
1.0
1.0
1.0
0.9999999
1.0
1.0
1.0
1.0
1.0
0.9999999
1.0
1.0
1.0
1.0
1.0
1.0
1.0
1.0
1.0
1.0
1.0
1.0
1.0
1.0
1.0
1.0
1.0
1.0
0.9999999
1.0
1.0
1.0
1.0
1.0
1.0
1.0
1.0
1.0
1.0
0.9999999
1.0
0.9999993
0.9999995
1.0
1.0
1.0
1.0
1.0
1.0
1.0
1.0
1.0
1.0
1.0
1.0
1.0
1.0
1.0
1.0
1.0
1.0
1.0
1.0
1.0
1.0
1.0
1.0
1.0
1.0
1.0
1.0
1.0
1.0
1.0
1.0
1.0
1.0
1.0
1.0
1.0
1.0
1.0
0.9999999
0.9999988
1.0
1.0
1.0
1.0
1.0
1.0
1.0
1.0
1.0
1.0
1.0
1.0
1.0
1.0
1.0
1.0
1.0
1.0
0.9999995
1.0
1.0
1.0
1.0
1.0
1.0
1.0
1.0
1.0
1.0
0.99999726
1.0
1.0
1.0
1.0
1.0
1.0
1.0
1.0
1.0
1.0
1.0
1.0
1.0
0.99999845
0.9999987
0.99998176
1.0
1.0
1.0
1.0
0.9999999
1.0
0.99999905
0.99999726
0.9999993
1.0
1.0
1.0
1.0
1.0
1.0
0.99999964
1.0
0.9999614
1.0
1.0
1.0
1.0
1.0
1.0
0.9999957
1.0
0.9999938
1.0
0.9999964
1.0
1.0
1.0
0.9999893
1.0
0.9999999
1.0
1.0
1.0
1.0
1.0
0.99998295
1.0
1.0
1.0
1.0
1.0
1.0
0.9998996
1.0
0.9999999
1.0
1.0
0.9999999
1.0
1.0
0.99999785
1.0
1.0
0.9999895
1.0
1.0
0.9999999
1.0
1.0
0.9993197
1.0
1.0
1.0
1.0
1.0
1.0
1.0
1.0
1.0
1.0
1.0
1.0
0.9949457
1.0
1.0
1.0
1.0
1.0
1.0
1.0
1.0
0.99998987
1.0
1.0
1.0
1.0
1.0
1.0
1.0
1.0
1.0
0.99999976
1.0
1.0
1.0
1.0
0.99999547
1.0
1.0
1.0
1.0
1.0
1.0
1.0
0.9999969
1.0
0.8520617
1.0
1.0
1.0
1.0
1.0
0.9999999
0.99997354
1.0
1.0
1.0
1.0
0.9999888
1.0
1.0
0.99999976
1.0
1.0
1.0
1.0
1.0
1.0
1.0
0.9999999
1.0
1.0
1.0
0.98555076
1.0
1.0
1.0
0.99999976
1.0
0.9999155
0.9999982
1.0
1.0
0.9999987
1.0
0.99999905
1.0
0.9999993
1.0
0.99999964
0.9999862
1.0
1.0
0.9999999
0.999984
0.9982103
0.5792317
1.0
0.9998386
0.96353114
0.9999957
0.86751133
0.993594
1.0
1.0
1.0
0.9999683
1.0
0.9999995
0.99972945
0.9993506
0.9999976
0.8067451
0.9999629
0.9999907
0.9846751
0.9999974
0.9938545
0.99978906
0.95091724
0.9999963
0.999998
1.0
1.0
1.0
0.9999994
1.0
0.9999993
1.0
0.9999999
1.0
0.9999999
0.9999999
0.99955946
1.0
1.0
1.0
0.999998
0.97999555
0.9958949
0.99455667
1.0
1.0
0.99999166
0.9999039
1.0
0.999783
0.99999976
1.0
0.99981576
0.999997
0.999998
1.0
1.0
0.9999931
0.99912983
0.9994978
1.0
0.99998844
0.99999976
0.99999976
1.0
0.999998
0.9999951
1.0
0.9999988
0.44446442
0.99999964
0.99977547
1.0
0.9999999
1.0
0.99993443
0.976911
1.0
1.0
0.99999094
0.99948645
0.9999945
1.0
1.0
1.0
0.9999987
0.9999995
1.0
1.0
0.9999553
1.0
1.0
1.0
1.0
0.9999814
0.94747925
1.0
1.0
1.0
1.0
0.9999962
1.0
0.9999999
1.0
1.0
0.99999964
0.9999858
1.0
1.0
1.0
0.9999999
0.99999964
0.99999547
1.0
1.0
1.0
0.9999987
1.0
1.0
0.99999785
1.0
0.99999964
1.0
1.0
1.0
0.99999607
1.0
1.0
0.9999999
1.0
1.0
1.0
0.99999964
1.0
1.0
0.99999547
0.99982077
1.0
0.9999995
0.9999999
1.0
1.0
1.0
1.0
0.9999999
1.0
1.0
1.0
1.0
1.0
0.99990416
1.0
1.0
1.0
0.9999976
1.0
1.0
1.0
1.0
1.0
1.0
1.0
0.9999484
1.0
1.0
0.9997845
0.99999964
1.0
0.9999999
0.9999933
1.0
1.0
1.0
1.0
0.9999887
0.9999994
0.99999774
1.0
1.0
1.0
1.0
1.0
1.0
1.0
0.99660504
0.9999969
1.0
1.0
0.99887246
0.9999981
1.0
0.9999633
1.0
0.9999999
0.9999999
1.0
1.0
1.0
0.99999976
0.99992514
0.99952257
1.0
1.0
0.9999999
1.0
1.0
0.99999976
1.0
0.9999999
0.9999999
1.0
1.0
0.9999964
0.99992657
1.0
1.0
1.0
1.0
1.0
1.0
1.0
1.0
1.0
1.0
0.99999285
1.0
0.99999976
0.8808525
0.999954
0.9999993
1.0
0.9999987
1.0
1.0
1.0
0.9999958
1.0
0.9999995
1.0
1.0
0.99950635
1.0
1.0
1.0
1.0
1.0
1.0
1.0
1.0
1.0
0.9999999
0.9999945
1.0
1.0
1.0
0.99999964
1.0
0.99999774
1.0
1.0
1.0
0.9999987
1.0
1.0
1.0
1.0
1.0
1.0
1.0
1.0
1.0
0.9999938
1.0
1.0
1.0
1.0
1.0
1.0
1.0
1.0
1.0
1.0
1.0
1.0
1.0
1.0
1.0
1.0
1.0
0.99999976
1.0
0.97290075
1.0
1.0
1.0
1.0
0.99999833
1.0
1.0
1.0
1.0
1.0
1.0
1.0
1.0
1.0
1.0
1.0
1.0
1.0
1.0
1.0
1.0
1.0
1.0
1.0
1.0
1.0
1.0
1.0
1.0
1.0
0.999998
1.0
1.0
1.0
1.0
0.999995
1.0
0.99999654
1.0
1.0
1.0
1.0
1.0
1.0
1.0
1.0
1.0
0.9998247
1.0
1.0
1.0
0.9999995
1.0
1.0
1.0
1.0
1.0
0.9999993
0.9999924
1.0
1.0
1.0
0.9999982
1.0
0.9999974
1.0
1.0
1.0
1.0
1.0
1.0
0.9999994
1.0
1.0
1.0
1.0
1.0
1.0
0.99999666
1.0
1.0
1.0
1.0
1.0
1.0
1.0
1.0
1.0
1.0
1.0
1.0
1.0
0.99999845
1.0
1.0
1.0
1.0
0.99997723
1.0
1.0
1.0
1.0
1.0
1.0
0.9999999
1.0
0.99999857
1.0
1.0
1.0
1.0
1.0
1.0
1.0
1.0
1.0
1.0
1.0
1.0
0.9999999
1.0
1.0
1.0
1.0
1.0
1.0
0.99999976
1.0
1.0
1.0
1.0
1.0
1.0
0.9999994
1.0
0.9999999
1.0
1.0
0.9999974
1.0
1.0
1.0
1.0
1.0
1.0
1.0
1.0
1.0
1.0
0.9999999
0.99998355
1.0
1.0
1.0
0.9999999
1.0
1.0
1.0
1.0
1.0
1.0
0.99999976
1.0
1.0
1.0
1.0
1.0
1.0
1.0
1.0
1.0
1.0
1.0
0.9999993
1.0
1.0
1.0
1.0
1.0
1.0
0.99999964
0.9999999
0.9984882
0.99999833
1.0
1.0
1.0
1.0
1.0
1.0
1.0
1.0
1.0
1.0
1.0
1.0
1.0
1.0
1.0
0.9999999
1.0
0.9998894
1.0
1.0
1.0
1.0
0.99966323
1.0
1.0
1.0
1.0
1.0
1.0
0.9999995
1.0
1.0
0.99997973
1.0
1.0
1.0
1.0
1.0
1.0
0.9999976
1.0
1.0
0.99999976
1.0
1.0
1.0
1.0
0.99999976
1.0
0.99999356
1.0
1.0
1.0
1.0
1.0
1.0
1.0
0.99999607
1.0
1.0
1.0
0.99997807
0.99999523
0.9999734
1.0
1.0
0.99999917
1.0
0.999995
1.0
1.0
1.0
1.0
1.0
0.9999994
0.9999639
1.0
1.0
1.0
1.0
1.0
1.0
1.0
0.9999893
1.0
1.0
0.9999999
1.0
1.0
0.99989057
1.0
1.0
1.0
1.0
1.0
1.0
0.9999976
1.0
1.0
1.0
0.9999987
1.0
1.0
0.9999335
0.99999964
1.0
1.0
1.0
1.0
1.0
1.0
1.0
1.0
1.0
1.0
1.0
0.9997595
1.0
1.0
1.0
1.0
1.0
0.99799275
1.0
0.99999845
1.0
1.0
1.0
1.0
1.0
1.0
1.0
1.0
1.0
1.0
1.0
1.0
1.0
1.0
1.0
1.0
1.0
0.99999833
1.0
1.0
0.99999964
1.0
0.9999994
1.0
1.0
0.99999976
1.0
1.0
1.0
1.0
1.0
1.0
1.0
1.0
1.0
1.0
1.0
1.0
1.0
0.9999982
1.0
0.999288
1.0
1.0
1.0
1.0
1.0
0.99997187
0.9999999
1.0
1.0
0.9999865
0.9999994
0.9999876
0.9999995
0.99912375
1.0
1.0
1.0
0.9946287
0.99999976
1.0
0.9999999
0.9999988
1.0
1.0
1.0
0.9999993
0.9999999
0.9999999
1.0
1.0
0.9999999
0.9999999
0.99999976
1.0
0.9999944
1.0
0.99989235
1.0
0.9999999
0.99999857
1.0
0.9998667
1.0
0.99999976
1.0
1.0
0.9999995
1.0
1.0
1.0
0.9995012
1.0
1.0
1.0
1.0
1.0
0.9999999
1.0
1.0
0.9999925
0.9999993
0.9999962
0.99999976
1.0
1.0
1.0
1.0
1.0
0.99991715
0.9983076
1.0
1.0
0.9999999
1.0
1.0
1.0
1.0
0.99999905
1.0
0.9999981
1.0
1.0
1.0
1.0
1.0
1.0
1.0
1.0
1.0
0.9999995
1.0
1.0
0.9999994
1.0
1.0
0.99999976
1.0
1.0
1.0
1.0
1.0
1.0
1.0
1.0
1.0
0.99999905
1.0
1.0
1.0
1.0
0.9999149
1.0
1.0
1.0
1.0
1.0
1.0
1.0
1.0
1.0
1.0
1.0
1.0
1.0
1.0
1.0
1.0
1.0
1.0
1.0
1.0
1.0
1.0
1.0
1.0
0.9999999
1.0
1.0
1.0
0.99999976
1.0
1.0
1.0
1.0
1.0
1.0
0.99999976
1.0
1.0
1.0
0.9999443
1.0
1.0
1.0
1.0
0.9999871
1.0
0.9999995
1.0
1.0
1.0
1.0
1.0
1.0
1.0
1.0
1.0
1.0
1.0
1.0
1.0
0.9999999
1.0
1.0
1.0
1.0
0.9999846
1.0
1.0
1.0
1.0
1.0
1.0
1.0
1.0
0.9999995
1.0
1.0
1.0
1.0
1.0
0.99998784
1.0
1.0
1.0
1.0
1.0
1.0
1.0
1.0
1.0
0.99999964
0.9999999
1.0
1.0
0.9999969
1.0
1.0
0.9999995
0.9999999
1.0
0.9999999
1.0
1.0
0.99995184
1.0
0.99999785
0.9999839
1.0
1.0
0.99999976
0.9999974
1.0
1.0
0.9999988
1.0
0.9999999
0.99999976
0.9999975
1.0
1.0
0.9999988
0.9999982
0.99971026
0.9999999
0.99648464
1.0
1.0
0.99999976
1.0
0.9999999
1.0
0.9999846
1.0
0.99999976
1.0
0.9999976
1.0
0.99999976
1.0
1.0
1.0
0.9999933
1.0
1.0
1.0
1.0
0.9999988
0.9995515
1.0
1.0
1.0
0.9999809
0.9999995
1.0
1.0
0.9999999
1.0
1.0
1.0
1.0
1.0
0.9999987
0.9980603
0.9999808
1.0
1.0
0.9999981
1.0
1.0
1.0
1.0
1.0
0.9999994
0.99999046
1.0
1.0
0.9999995
0.9999999
1.0
1.0
0.9999956
0.9999856
0.999782
0.9999994
0.9999999
1.0
1.0
1.0
0.9999888
1.0
1.0
1.0
1.0
0.99999726
0.99999905
0.99999607
1.0
1.0
1.0
1.0
1.0
0.9999999
1.0
1.0
0.99998724
0.99999917
1.0
1.0
1.0
1.0
1.0
1.0
1.0
0.9999778
0.9999981
1.0
1.0
1.0
1.0
1.0
1.0
1.0
1.0
1.0
1.0
1.0
1.0
1.0
0.9999865
0.99943
1.0
1.0
1.0
1.0
0.9999982
0.99996746
1.0
1.0
1.0
1.0
1.0
1.0
0.9999993
1.0
1.0
0.9999995
1.0
1.0
1.0
1.0
0.99999964
1.0
1.0
1.0
1.0
0.999966
1.0
1.0
1.0
0.9999913
1.0
0.9999999
0.99999857
0.9999832
0.9990885
0.9999999
1.0
1.0
1.0
0.99999976
0.9998989
1.0
1.0
1.0
0.99999857
1.0
0.9999924
0.99999976
1.0
1.0
1.0
1.0
0.99999976
1.0
1.0
1.0
1.0
1.0
1.0
1.0
1.0
1.0
1.0
0.9999999
0.9999999
0.99999976
0.9999324
1.0
1.0
1.0
0.9999999
1.0
1.0
1.0
1.0
1.0
1.0
1.0
1.0
0.9999913
1.0
1.0
1.0
1.0
1.0
1.0
1.0
0.99999917
1.0
1.0
1.0
0.99999964
1.0
1.0
0.99999917
1.0
1.0
0.99997807
1.0
0.99999917
1.0
1.0
1.0
1.0
0.9999821
1.0
1.0
1.0
1.0
0.9999999
1.0
0.99999917
1.0
0.99999964
1.0
1.0
0.99999976
0.99999964
1.0
1.0
1.0
1.0
1.0
1.0
1.0
1.0
1.0
1.0
1.0
0.9999999
1.0
1.0
0.9999999
1.0
1.0
1.0
1.0
1.0
1.0
1.0
1.0
1.0
1.0
0.99999964
1.0
1.0
1.0
1.0
1.0
1.0
1.0
1.0
0.9999999
1.0
1.0
1.0
1.0
0.9999999
1.0
1.0
0.9999999
1.0
1.0
1.0
1.0
1.0
1.0
1.0
1.0
1.0
1.0
1.0
1.0
1.0
1.0
1.0
1.0
1.0
1.0
1.0
0.9999981
1.0
1.0
1.0
1.0
1.0
1.0
1.0
1.0
0.9999999
1.0
1.0
0.9999999
1.0
0.99999833
0.9999949
0.99998677
1.0
1.0
1.0
1.0
1.0
1.0
1.0
1.0
1.0
1.0
1.0
1.0
1.0
1.0
1.0
1.0
1.0
1.0
1.0
1.0
0.9999999
1.0
1.0
1.0
1.0
1.0
1.0
1.0
1.0
1.0
1.0
1.0
1.0
1.0
1.0
1.0
1.0
1.0
1.0
1.0
0.9999999
1.0
0.9999995
1.0
1.0
1.0
1.0
1.0
1.0
0.9999999
1.0
1.0
1.0
1.0
1.0
1.0
1.0
1.0
1.0
1.0
0.99999654
1.0
0.9999999
0.99998677
1.0
1.0
1.0
1.0
1.0
1.0
0.9999999
1.0
1.0
1.0
1.0
1.0
0.99997985
1.0
1.0
1.0
1.0
1.0
1.0
1.0
0.9999962
1.0
0.9999999
1.0
1.0
0.9999995
1.0
1.0
1.0
1.0
1.0
1.0
1.0
1.0
1.0
1.0
1.0
1.0
0.99999964
1.0
0.99999964
0.999728
1.0
1.0
0.9999993
1.0
0.9999995
1.0
0.92954737
0.9999945
0.99996066
0.99999976
0.9999981
1.0
1.0
0.999998
0.9999989
0.9999994
0.9999987
0.99983096
0.9999999
1.0
0.9999995
1.0
1.0
1.0
1.0
1.0
1.0
1.0
1.0
1.0
1.0
0.99999833
1.0
1.0
0.99999416
1.0
1.0
1.0
1.0
1.0
1.0
1.0
1.0
0.99999845
1.0
1.0
1.0
1.0
1.0
1.0
1.0
1.0
1.0
1.0
1.0
0.9999999
0.9999964
1.0
1.0
0.99602216
0.9999603
1.0
1.0
1.0
1.0
1.0
1.0
1.0
1.0
0.9999888
1.0
0.9999999
0.9913646
1.0
1.0
0.99997723
1.0
1.0
0.99999726
1.0
1.0
0.9999995
0.9999747
1.0
0.9993142
0.9999857
1.0
1.0
1.0
1.0
1.0
1.0
1.0
1.0
1.0
1.0
1.0
1.0
1.0
1.0
1.0
1.0
0.9999999
1.0
1.0
1.0
1.0
1.0
1.0
0.9999999
1.0
1.0
1.0
1.0
1.0
1.0
1.0
1.0
1.0
1.0
1.0
0.9999982
1.0
1.0
1.0
1.0
1.0
1.0
0.999964
1.0
1.0
1.0
1.0
1.0
1.0
0.9999999
1.0
1.0
1.0
1.0
1.0
1.0
0.9999862
1.0
1.0
1.0
1.0
0.99999964
0.999458
1.0
1.0
1.0
1.0
1.0
1.0
0.9999993
0.99999964
1.0
1.0
1.0
0.9999554
1.0
1.0
1.0
1.0
0.99999976
1.0
1.0
1.0
1.0
1.0
1.0
1.0
0.9999999
1.0
1.0
1.0
1.0
1.0
1.0
1.0
1.0
1.0
1.0
1.0
1.0
1.0
0.9999999
1.0
1.0
1.0
1.0
1.0
1.0
1.0
1.0
1.0
1.0
1.0
1.0
0.9999999
0.9999999
1.0
1.0
0.9999976
1.0
1.0
1.0
1.0
1.0
1.0
1.0
1.0
1.0
1.0
1.0
0.6696202
1.0
0.98745126
1.0
0.9999895
0.99979097
0.9999988
1.0
1.0
1.0
0.9894192
1.0
0.99986804
1.0
1.0
0.9999999
1.0
1.0
1.0
1.0
0.99993134
1.0
0.9999634
1.0
1.0
1.0
1.0
1.0
1.0
1.0
1.0
1.0
0.9964141
0.9815724
0.9999949
0.9561318
0.823829
1.0
1.0
1.0
1.0
1.0
0.99999475
0.9985672
0.9999999
0.99997663
0.99999857
0.9997718
0.99997497
1.0
0.9999999
0.9996183
1.0
0.9999999
1.0
1.0
0.99998033
1.0
1.0
1.0
1.0
1.0
1.0
1.0
0.99999905
1.0
1.0
0.9999944
1.0
0.99999297
1.0
1.0
1.0
1.0
1.0
1.0
1.0
0.9999982
1.0
1.0
0.99999523
1.0
1.0
1.0
0.99999917
0.9999995
1.0
0.9999999
1.0
1.0
1.0
0.9999995
0.9999261
1.0
0.99999976
1.0
1.0
0.9999982
1.0
1.0
1.0
1.0
1.0
1.0
1.0
1.0
0.9999974
1.0
1.0
1.0
1.0
1.0
0.99999905
1.0
0.9999999
1.0
1.0
1.0
1.0
1.0
1.0
1.0
0.99969995
0.997957
0.9999212
0.9999105
0.9999994
1.0
1.0
1.0
1.0
1.0
1.0
0.9999999
1.0
1.0
1.0
0.9997992
0.9999995
0.99999976
1.0
1.0
1.0
0.9999999
0.9999958
1.0
1.0
1.0
1.0
1.0
1.0
0.9999995
1.0
1.0
0.9999987
1.0
1.0
1.0
0.99999166
0.9999995
1.0
1.0
1.0
1.0
1.0
1.0
0.9999993
1.0
0.9999844
0.9999969
1.0
0.99999857
1.0
1.0
1.0
1.0
1.0
1.0
1.0
1.0
1.0
1.0
1.0
1.0
0.9999821
1.0
0.9999944
0.99010694
1.0
1.0
1.0
0.9999256
1.0
1.0
0.9999994
0.99999845
0.99998116
0.99998975
0.9999999
1.0
0.9991166
1.0
1.0
0.99999726
1.0
1.0
0.9999994
1.0
0.99999464
1.0
1.0
1.0
1.0
0.99999917
0.99782985
0.99974483
0.99999785
1.0
0.9999974
0.99998677
0.99999166
1.0
0.99999917
0.9999987
1.0
1.0
0.9999999
0.99999976
0.9994373
0.9998481
1.0
1.0
1.0
0.99999976
1.0
1.0
0.9999989
1.0
1.0
0.9999989
0.9999999
1.0
1.0
1.0
1.0
1.0
1.0
1.0
1.0
0.99999976
1.0
0.99999845
0.9890933
1.0
0.99999976
1.0
0.99996734
0.9999511
1.0
0.9999995
0.99999344
0.9997819
0.99999964
0.9997712
0.99986815
1.0
0.9967495
0.9803987
1.0
1.0
1.0
1.0
1.0
0.9999809
1.0
0.99948764
1.0
1.0
1.0
1.0
0.9999151
1.0
1.0
1.0
1.0
1.0
1.0
1.0
0.99999976
1.0
0.99998355
1.0
0.99999976
1.0
1.0
1.0
1.0
1.0
1.0
0.99999976
1.0
1.0
1.0
0.99999917
1.0
1.0
1.0
1.0
1.0
1.0
1.0
1.0
1.0
0.9999999
1.0
0.9998293
0.99997807
0.99999475
1.0
1.0
1.0
1.0
0.99999976
0.9993728
0.9999716
1.0
1.0
1.0
0.99999917
0.99999964
0.99999857
1.0
0.99999833
1.0
1.0
1.0
1.0
1.0
0.99995697
1.0
1.0
1.0
1.0
1.0
1.0
1.0
1.0
0.9967033
1.0
0.78190184
1.0
0.99999225
1.0
1.0
1.0
1.0
1.0
0.9999995
1.0
1.0
1.0
1.0
1.0
0.99999154
1.0
1.0
0.9999994
0.99935645
1.0
1.0
1.0
1.0
0.9999906
1.0
1.0
1.0
1.0
0.9999999
1.0
1.0
1.0
1.0
0.9999999
1.0
1.0
1.0
1.0
1.0
1.0
1.0
1.0
1.0
1.0
1.0
1.0
1.0
1.0
1.0
1.0
1.0
1.0
1.0
1.0
1.0
1.0
1.0
1.0
1.0
1.0
1.0
1.0
1.0
1.0
1.0
1.0
1.0
1.0
0.99999905
1.0
1.0
1.0
1.0
1.0
1.0
1.0
1.0
1.0
0.9999999
1.0
1.0
1.0
1.0
1.0
0.9999999
1.0
1.0
0.99999475
1.0
0.9999795
1.0
1.0
1.0
1.0
0.9999926
0.9999999
0.99999726
1.0
1.0
1.0
0.99997854
0.99999917
0.9999969
1.0
1.0
1.0
1.0
1.0
1.0
1.0
1.0
0.99988306
0.9997712
1.0
0.9999994
0.99993324
1.0
0.9999964
1.0
0.7989528
1.0
1.0
1.0
1.0
1.0
1.0
1.0
1.0
1.0
1.0
1.0
0.99999964
1.0
0.9999913
1.0
1.0
1.0
1.0
1.0
1.0
1.0
1.0
1.0
1.0
1.0
1.0
1.0
1.0
1.0
0.99999976
1.0
1.0
1.0
1.0
1.0
1.0
1.0
0.99999976
1.0
1.0
1.0
1.0
1.0
1.0
1.0
1.0
1.0
1.0
1.0
1.0
1.0
1.0
1.0
1.0
1.0
1.0
0.999634
1.0
1.0
1.0
1.0
1.0
0.99999964
1.0
1.0
0.99999964
1.0
1.0
1.0
0.9999999
1.0
1.0
1.0
1.0
0.99999976
1.0
1.0
1.0
1.0
0.9999256
1.0
1.0
1.0
1.0
1.0
1.0
1.0
0.9999999
1.0
0.9999999
1.0
1.0
1.0
1.0
1.0
0.9999939
0.9999999
1.0
1.0
1.0
1.0
1.0
1.0
0.9999999
1.0
1.0
1.0
1.0
1.0
0.99999964
1.0
1.0
0.99999964
1.0
1.0
1.0
1.0
1.0
1.0
1.0
1.0
1.0
1.0
0.9999999
1.0
0.9999999
0.9999999
1.0
1.0
1.0
1.0
1.0
1.0
1.0
1.0
1.0
1.0
1.0
1.0
1.0
1.0
1.0
1.0
1.0
1.0
1.0
1.0
1.0
1.0
1.0
0.9999999
1.0
1.0
1.0
1.0
1.0
1.0
1.0
1.0
1.0
1.0
1.0
0.9999999
1.0
1.0
1.0
1.0
1.0
1.0
1.0
1.0
1.0
0.99999344
1.0
1.0
1.0
1.0
0.99999964
1.0
1.0
1.0
1.0
1.0
1.0
1.0
1.0
1.0
1.0
1.0
1.0
1.0
1.0
1.0
1.0
1.0
1.0
1.0
1.0
1.0
0.9999999
1.0
1.0
1.0
1.0
1.0
0.9999999
1.0
1.0
0.9999999
1.0
0.99999523
1.0
1.0
1.0
0.99998164
1.0
1.0
1.0
1.0
1.0
1.0
0.9999999
1.0
1.0
1.0
1.0
1.0
1.0
1.0
1.0
1.0
1.0
1.0
1.0
1.0
1.0
1.0
1.0
1.0
1.0
1.0
1.0
1.0
1.0
1.0
1.0
1.0
1.0
1.0
1.0
1.0
1.0
1.0
0.9999987
1.0
1.0
1.0
1.0
1.0
1.0
1.0
1.0
1.0
1.0
1.0
1.0
1.0
1.0
1.0
1.0
1.0
1.0
1.0
1.0
1.0
1.0
1.0
1.0
0.99999774
0.99999964
1.0
1.0
1.0
1.0
1.0
1.0
1.0
0.9999999
0.99999964
1.0
1.0
1.0
1.0
1.0
1.0
1.0
1.0
1.0
1.0
1.0
1.0
1.0
1.0
1.0
1.0
0.9999999
1.0
1.0
1.0
1.0
1.0
1.0
1.0
1.0
1.0
1.0
1.0
1.0
1.0
0.99999976
1.0
1.0
1.0
1.0
1.0
1.0
1.0
1.0
1.0
1.0
1.0
1.0
1.0
1.0
1.0
1.0
1.0
1.0
1.0
1.0
1.0
1.0
1.0
1.0
1.0
1.0
1.0
1.0
1.0
1.0
1.0
1.0
1.0
1.0
0.99980325
1.0
1.0
1.0
1.0
0.99999964
1.0
0.9999882
1.0
1.0
1.0
1.0
1.0
1.0
1.0
1.0
1.0
1.0
0.999997
1.0
1.0
1.0
0.99999976
1.0
0.9999821
1.0
1.0
1.0
1.0
1.0
1.0
0.9999989
1.0
1.0
1.0
1.0
1.0
1.0
1.0
1.0
1.0
1.0
1.0
1.0
1.0
1.0
1.0
1.0
1.0
0.9999975
1.0
0.9999964
1.0
1.0
1.0
1.0
1.0
1.0
1.0
1.0
1.0
1.0
0.99999714
1.0
1.0
1.0
1.0
1.0
1.0
1.0
0.9999621
1.0
1.0
0.9999999
0.99997616
1.0
1.0
1.0
1.0
1.0
0.99999976
0.9999722
1.0
1.0
1.0
0.9999999
1.0
1.0
1.0
1.0
1.0
1.0
0.9999949
1.0
1.0
0.99999976
1.0
1.0
1.0
0.9999994
1.0
1.0
0.9999999
1.0
1.0
1.0
1.0
1.0
1.0
1.0
1.0
1.0
0.9999999
1.0
1.0
1.0
0.99996483
1.0
1.0
1.0
1.0
1.0
1.0
1.0
1.0
1.0
1.0
0.99512464
0.9998437
1.0
0.99971884
1.0
0.9999913
0.99923
0.9999553
0.9999974
0.9999975
0.9455346
1.0
1.0
0.9999999
0.9999999
0.9934429
0.99999964
0.9999207
1.0
0.9999732
1.0
1.0
0.99999976
0.99999654
1.0
1.0
1.0
0.99987674
1.0
0.9999995
1.0
0.9999999
1.0
1.0
0.99999905
0.999984
0.9999982
0.9999838
1.0
1.0
0.9999999
0.9999982
1.0
1.0
1.0
0.9999999
1.0
1.0
0.99948525
1.0
1.0
1.0
1.0
0.9999914
1.0
1.0
1.0
1.0
1.0
1.0
0.99988675
1.0
0.9999641
1.0
1.0
1.0
1.0
1.0
1.0
1.0
0.9999988
1.0
1.0
1.0
1.0
1.0
1.0
1.0
1.0
1.0
1.0
1.0
1.0
1.0
1.0
1.0
1.0
1.0
1.0
1.0
1.0
1.0
1.0
1.0
1.0
1.0
1.0
1.0
1.0
1.0
1.0
0.9999994
1.0
1.0
1.0
1.0
1.0
1.0
0.99999964
1.0
1.0
1.0
1.0
1.0
0.999998
1.0
1.0
1.0
1.0
1.0
1.0
1.0
1.0
1.0
1.0
1.0
1.0
1.0
1.0
1.0
1.0
1.0
0.9999987
1.0
1.0
1.0
1.0
1.0
1.0
1.0
1.0
1.0
1.0
1.0
0.99999976
1.0
1.0
1.0
1.0
0.99999785
1.0
1.0
1.0
1.0
0.99999976
1.0
0.9999999
1.0
1.0
1.0
1.0
0.9999999
1.0
1.0
1.0
1.0
1.0
1.0
1.0
1.0
1.0
1.0
1.0
1.0
1.0
1.0
1.0
0.9999994
1.0
0.9999945
1.0
1.0
1.0
1.0
1.0
0.9999999
1.0
1.0
1.0
0.9999945
1.0
1.0
1.0
1.0
1.0
0.9999999
0.9999999
0.99998426
1.0
0.99999964
0.9999999
1.0
1.0
1.0
1.0
0.9999422
0.9999999
0.99999917
1.0
0.9999939
1.0
1.0
1.0
1.0
1.0
1.0
0.9999989
1.0
1.0
1.0
1.0
1.0
1.0
1.0
1.0
1.0
1.0
1.0
1.0
1.0
1.0
1.0
1.0
1.0
1.0
1.0
0.99998593
1.0
1.0
0.9999989
1.0
0.999998
1.0
0.99985874
0.9999981
1.0
0.9999745
1.0
0.9999975
1.0
0.99998915
1.0
1.0
0.9999999
1.0
1.0
1.0
1.0
1.0
1.0
1.0
1.0
1.0
0.9999999
1.0
1.0
1.0
1.0
1.0
1.0
1.0
0.99792
1.0
1.0
1.0
1.0
1.0
1.0
1.0
1.0
1.0
1.0
1.0
1.0
1.0
0.9999999
1.0
0.99999976
1.0
1.0
1.0
1.0
1.0
1.0
1.0
1.0
1.0
1.0
1.0
1.0
1.0
1.0
1.0
1.0
1.0
1.0
1.0
0.9999988
1.0
1.0
1.0
1.0
1.0
1.0
1.0
1.0
1.0
1.0
1.0
1.0
1.0
1.0
0.9999982
1.0
1.0
1.0
1.0
1.0
1.0
1.0
1.0
1.0
1.0
0.9983798
1.0
1.0
1.0
0.99999475
1.0
1.0
1.0
1.0
1.0
1.0
0.9999999
1.0
1.0
1.0
0.9999994
1.0
1.0
1.0
1.0
1.0
1.0
1.0
1.0
1.0
1.0
1.0
1.0
1.0
1.0
0.9999999
1.0
1.0
0.99999607
1.0
1.0
1.0
1.0
1.0
1.0
0.9999155
1.0
1.0
0.9999993
1.0
1.0
1.0
1.0
1.0
1.0
0.99999976
1.0
1.0
1.0
1.0
1.0
0.99999964
1.0
1.0
1.0
1.0
1.0
1.0
1.0
1.0
1.0
1.0
1.0
1.0
1.0
1.0
0.99999607
1.0
1.0
1.0
1.0
1.0
1.0
1.0
0.9953101
0.9999342
0.99999535
1.0
0.99999464
0.9999993
1.0
1.0
1.0
1.0
1.0
1.0
1.0
1.0
1.0
1.0
1.0
1.0
1.0
1.0
1.0
0.99999976
1.0
1.0
1.0
0.9999231
1.0
0.9999989
1.0
1.0
1.0
1.0
1.0
1.0
1.0
0.99999905
1.0
1.0
1.0
1.0
1.0
1.0
0.9999727
1.0
1.0
0.9999999
0.99999976
1.0
1.0
1.0
1.0
1.0
1.0
1.0
1.0
1.0
0.9999999
0.9999949
1.0
1.0
1.0
1.0
1.0
1.0
1.0
1.0
1.0
0.9999999
1.0
0.9999976
0.99999654
0.99999785
1.0
0.9999999
0.9999995
1.0
0.9999989
1.0
1.0
0.9998474
1.0
0.9999962
1.0
1.0
0.99963534
1.0
0.9999999
0.9999999
1.0
1.0
1.0
0.9999995
1.0
1.0
0.9999999
1.0
0.99992
1.0
1.0
1.0
1.0
0.99999976
1.0
1.0
1.0
1.0
0.9999988
1.0
1.0
0.9223084
1.0
0.99999976
1.0
0.99997807
0.9999999
0.9999994
1.0
0.9999931
0.99997973
0.9999937
1.0
1.0
1.0
0.9999987
1.0
0.99998164
1.0
1.0
1.0
1.0
1.0
1.0
0.9999949
0.9999993
1.0
1.0
1.0
1.0
0.99999976
0.99993384
1.0
0.99998283
1.0
1.0
1.0
1.0
1.0
1.0
1.0
1.0
0.99998105
1.0
1.0
1.0
1.0
0.9999782
1.0
1.0
1.0
0.99999905
1.0
1.0
1.0
1.0
1.0
1.0
0.9399308
1.0
1.0
1.0
1.0
1.0
1.0
0.9999999
0.9999999
0.99999857
1.0
1.0
1.0
1.0
1.0
1.0
0.9999999
1.0
1.0
1.0
0.9996841
0.9999999
1.0
0.9999939
1.0
0.9999864
0.99999917
1.0
0.9999999
1.0
0.9999634
0.9999958
1.0
0.90960586
1.0
0.99999917
0.9999926
1.0
0.99998903
1.0
0.91577643
0.9999995
1.0
1.0
1.0
0.99999964
0.9999976
0.64536804
1.0
0.99239033
0.99986017
0.8889734
0.9999994
0.9999999
1.0
0.81907195
0.9999939
0.9999988
0.999985
0.99999964
1.0
1.0
1.0
0.9999956
1.0
0.99912685
0.9999962
1.0
1.0
1.0
1.0
0.9999827
1.0
1.0
0.9999933
1.0
0.9999995
0.97673607
0.9999958
0.99999976
1.0
1.0
0.99931073
1.0
1.0
0.99944955
1.0
1.0
1.0
0.9999839
0.99999654
0.9999924
0.6641212
1.0
1.0
1.0
0.99998856
0.99999964
1.0
0.9999943
0.9987637
1.0
1.0
0.99999976
0.9999747
0.9580605
0.99979967
0.9999889
1.0
0.99999905
0.9999999
0.56975394
0.9999999
0.99998033
0.9999989
1.0
0.99999225
1.0
1.0
1.0
1.0
1.0
0.99999964
1.0
0.9999993
0.9999987
0.99999547
0.998314
1.0
0.99846137
1.0
1.0
1.0
0.999997
0.9999994
1.0
0.9999981
0.9999999
1.0
0.999984
1.0
1.0
0.9999969
0.9998617
0.9999883
1.0
0.99975926
1.0
0.9999325
0.9999485
1.0
1.0
1.0
0.9995889
0.99998224
1.0
0.99999964
1.0
0.99999833
0.99999213
1.0
1.0
0.9990777
0.99999976
0.9975781
0.9997068
1.0
0.99997663
0.9927227
0.99999857
1.0
0.99999964
1.0
1.0
0.9999993
0.99897265
1.0
0.9999987
0.99999964
1.0
0.99998987
0.8626584
0.9999995
0.865165
0.9999994
1.0
0.9999964
1.0
1.0
0.9999999
0.99998724
0.99999976
0.99882466
1.0
0.9997683
0.9999082
1.0
1.0
1.0
0.99999917
1.0
0.9999968
1.0
1.0
1.0
0.56292045
0.999959
0.9999999
1.0
1.0
1.0
0.99999917
1.0
0.99997187
1.0
1.0
0.9999989
1.0
1.0
1.0
1.0
0.9999964
0.99999774
1.0
0.9647325
1.0
1.0
1.0
0.9999995
0.9999956
1.0
1.0
1.0
0.99999976
1.0
1.0
1.0
1.0
1.0
1.0
1.0
0.9999926
0.9999831
1.0
0.99994516
0.99996114
1.0
1.0
1.0
1.0
0.9999999
1.0
0.9926887
0.99869776
0.99999964
1.0
0.99999976
1.0
1.0
1.0
0.9708991
1.0
0.9999975
0.9596397
1.0
1.0
1.0
1.0
0.9994093
0.99999607
0.9999999
0.99984527
0.9999999
1.0
1.0
0.99998844
1.0
0.9999994
1.0
1.0
0.9998281
1.0
1.0
0.9999999
1.0
1.0
1.0
0.9932509
1.0
1.0
1.0
1.0
0.9994161
0.9999993
1.0
1.0
0.9998579
0.9976948
1.0
0.99999964
1.0
0.9965939
1.0
0.9999856
0.99621445
0.9999982
0.99867046
0.9999993
1.0
1.0
1.0
1.0
0.9999999
1.0
1.0
0.9999981
1.0
0.9999168
0.9639716
0.9997545
1.0
1.0
0.99999964
1.0
1.0
1.0
0.9999939
1.0
1.0
0.9999827
1.0
0.99997807
0.99999917
1.0
1.0
0.99977666
1.0
0.99992657
0.99999344
1.0
1.0
1.0
1.0
1.0
1.0
1.0
1.0
1.0
0.999985
1.0
0.99999976
1.0
0.99999976
0.9999858
0.9999982
1.0
0.99999976
0.9999999
0.9999957
1.0
1.0
1.0
1.0
1.0
0.99999976
1.0
0.9999993
0.9999945
1.0
1.0
1.0
1.0
1.0
1.0
1.0
0.99999976
1.0
0.99999917
0.99999976
1.0
1.0
1.0
1.0
0.999998
0.9999994
0.9999999
0.99999666
1.0
0.9999628
0.99999857
1.0
1.0
1.0
0.9999981
0.9999852
0.94461846
1.0
1.0
0.99999845
1.0
1.0
1.0
1.0
0.9999999
1.0
0.9999988
1.0
1.0
1.0
1.0
1.0
1.0
1.0
