1.0
1.0
1.0
1.0
1.0
1.0
0.999972
1.0
0.99991655
1.0
1.0
1.0
0.9999999
1.0
1.0
1.0
1.0
1.0
0.9999343
1.0
0.9999999
0.9999969
1.0
1.0
0.99999976
1.0
1.0
1.0
0.99999976
1.0
1.0
0.99997544
1.0
0.9999498
1.0
1.0
1.0
1.0
1.0
1.0
1.0
0.9999995
0.9999999
0.99999976
0.9999571
1.0
0.9999844
1.0
0.9999999
1.0
1.0
1.0
1.0
1.0
1.0
1.0
1.0
1.0
1.0
0.9999999
0.9999993
1.0
0.9999409
0.99999964
1.0
0.9999999
0.99999964
0.99999917
1.0
1.0
1.0
1.0
1.0
0.9997458
1.0
1.0
1.0
1.0
0.9999993
0.9999999
0.9999994
1.0
1.0
1.0
1.0
1.0
0.9999999
0.9999982
1.0
0.9999999
1.0
1.0
0.95729846
0.9999368
1.0
0.9996681
0.9987949
0.99999917
1.0
1.0
1.0
1.0
1.0
1.0
0.9999994
1.0
1.0
0.99999976
1.0
1.0
1.0
0.99999774
1.0
1.0
1.0
0.6034542
0.9999999
1.0
0.9999999
0.99994564
1.0
0.99996746
1.0
1.0
0.99999833
0.9999937
0.9999995
1.0
1.0
1.0
1.0
1.0
1.0
1.0
1.0
1.0
1.0
1.0
1.0
0.99997544
1.0
1.0
1.0
1.0
1.0
0.99999964
1.0
1.0
1.0
0.9613148
1.0
0.99547726
1.0
1.0
0.99999964
1.0
1.0
1.0
0.99997365
1.0
0.9999989
1.0
1.0
1.0
1.0
1.0
1.0
0.9999329
1.0
1.0
1.0
0.9994087
1.0
1.0
1.0
0.99860877
1.0
1.0
1.0
1.0
0.9999999
1.0
1.0
1.0
0.9999473
1.0
1.0
1.0
1.0
0.9999498
0.9999969
0.9999449
1.0
0.9971072
1.0
0.9996666
1.0
1.0
0.99999905
0.9999939
1.0
1.0
1.0
0.99999964
0.9999999
1.0
0.99999976
1.0
1.0
0.9997149
1.0
0.99926907
1.0
1.0
1.0
1.0
1.0
0.9998797
1.0
1.0
0.9999999
0.99999547
1.0
1.0
0.999998
1.0
1.0
1.0
1.0
0.9999999
0.9999999
1.0
1.0
1.0
0.9999995
1.0
1.0
1.0
1.0
0.9999999
1.0
0.9999994
0.9999999
0.9999993
0.99999964
0.99999976
1.0
0.99667275
0.9999999
1.0
0.9999999
0.99981683
1.0
1.0
1.0
0.99999917
1.0
0.9999999
0.9999999
0.7950808
1.0
0.9999999
1.0
1.0
0.99996424
1.0
0.99999857
1.0
0.9999999
1.0
0.9999993
1.0
0.9999999
1.0
1.0
1.0
1.0
1.0
1.0
1.0
1.0
1.0
0.99987495
1.0
1.0
1.0
0.9999484
0.9997811
1.0
1.0
0.99992096
1.0
0.9999932
1.0
1.0
1.0
1.0
0.9999999
1.0
1.0
1.0
0.99999964
1.0
1.0
1.0
1.0
1.0
1.0
0.9999999
1.0
1.0
1.0
1.0
0.99999976
1.0
1.0
0.9999999
0.9999993
0.9999974
1.0
0.9941339
0.7565368
1.0
1.0
0.999997
0.9999999
0.999905
1.0
1.0
1.0
1.0
1.0
1.0
0.9999994
1.0
1.0
0.99997985
0.9999933
1.0
0.9997892
0.89359415
0.99999845
1.0
1.0
1.0
1.0
1.0
1.0
1.0
1.0
0.9999738
1.0
1.0
1.0
0.99999654
1.0
1.0
0.999982
0.99970967
0.9745063
0.9999981
1.0
0.99999774
1.0
1.0
1.0
0.999997
1.0
0.9999503
1.0
1.0
1.0
1.0
1.0
1.0
1.0
1.0
0.99999976
1.0
1.0
1.0
0.98315376
1.0
1.0
1.0
1.0
0.9999993
1.0
0.99999964
0.9999999
1.0
0.999998
1.0
0.9999999
0.99999964
1.0
1.0
0.99999976
1.0
1.0
0.9999995
1.0
1.0
0.99999976
1.0
1.0
0.9999999
1.0
1.0
0.9999995
1.0
0.99999666
0.9999697
1.0
1.0
0.9999931
1.0
0.999406
1.0
0.9999999
0.99999964
1.0
0.9999999
1.0
1.0
1.0
1.0
1.0
1.0
1.0
1.0
1.0
1.0
1.0
1.0
0.9999926
1.0
1.0
1.0
0.9999995
1.0
1.0
1.0
1.0
0.999696
0.9756221
0.99999356
0.9566824
0.99999344
0.9271841
0.99786633
1.0
1.0
1.0
1.0
1.0
1.0
0.9999894
1.0
1.0
0.9999827
1.0
0.9999994
1.0
0.9999685
1.0
1.0
1.0
0.9999778
0.9999993
1.0
1.0
1.0
1.0
1.0
1.0
1.0
1.0
0.9999982
0.99999106
1.0
1.0
0.9999999
1.0
1.0
1.0
1.0
1.0
0.9999999
1.0
0.9999943
0.9999999
0.99999917
1.0
1.0
0.9546058
1.0
0.9997372
1.0
0.99999774
1.0
1.0
1.0
1.0
0.99999785
1.0
1.0
0.99999917
0.99993885
1.0
1.0
0.9999976
1.0
1.0
1.0
1.0
1.0
1.0
1.0
1.0
1.0
1.0
1.0
0.99991655
1.0
1.0
1.0
1.0
0.99999976
1.0
0.9999999
0.9999999
1.0
1.0
0.9999988
1.0
1.0
1.0
1.0
1.0
1.0
1.0
0.9997602
0.9992169
1.0
1.0
1.0
0.99999607
1.0
1.0
0.99999905
0.9952409
0.9999974
1.0
1.0
1.0
1.0
0.99998045
1.0
0.99998784
1.0
0.99999976
1.0
1.0
1.0
1.0
1.0
1.0
0.9999999
1.0
1.0
0.99959916
1.0
1.0
1.0
1.0
1.0
1.0
1.0
1.0
1.0
0.9999999
0.89828044
0.94674397
0.9999939
1.0
1.0
0.9999999
1.0
1.0
1.0
0.99990106
1.0
0.99999654
0.9999999
1.0
1.0
0.9999939
1.0
1.0
1.0
1.0
1.0
1.0
1.0
0.9999999
1.0
1.0
1.0
1.0
1.0
1.0
1.0
0.9997665
1.0
0.99999714
0.9999999
1.0
0.9999995
0.9706556
1.0
1.0
1.0
0.9999999
0.9999995
0.9856046
1.0
1.0
1.0
0.99999297
1.0
1.0
1.0
1.0
1.0
0.9999999
1.0
1.0
1.0
1.0
0.9999964
1.0
0.99999607
1.0
1.0
0.99995446
0.9942275
0.9999999
1.0
0.9999999
0.99999654
1.0
1.0
1.0
1.0
1.0
1.0
1.0
0.9999778
0.5249564
1.0
1.0
1.0
1.0
1.0
1.0
1.0
0.9999957
1.0
1.0
1.0
0.99999964
1.0
1.0
0.99554515
1.0
0.9999999
1.0
1.0
0.9999999
1.0
1.0
0.99999964
1.0
0.90948516
0.99999976
1.0
1.0
0.99999845
0.9917316
1.0
0.9999999
1.0
1.0
1.0
0.9999999
0.9999999
1.0
0.99998987
0.99999714
0.9999821
1.0
1.0
1.0
1.0
1.0
1.0
1.0
1.0
1.0
1.0
1.0
1.0
1.0
1.0
1.0
0.5835174
0.96440405
1.0
0.9999999
0.9997515
1.0
1.0
0.9999896
1.0
1.0
0.9769663
1.0
0.9999981
1.0
0.9999989
1.0
1.0
1.0
0.9999999
1.0
0.9999963
0.99999416
0.9998883
1.0
0.9958561
0.99999917
1.0
0.9999999
1.0
1.0
0.99999857
1.0
0.99999976
1.0
1.0
1.0
1.0
1.0
1.0
0.99999976
1.0
1.0
1.0
1.0
0.9999856
0.9999974
0.99998474
0.99999976
1.0
1.0
1.0
0.9999982
1.0
0.9999999
1.0
0.9999995
1.0
1.0
0.9999999
1.0
1.0
1.0
1.0
1.0
0.9999913
0.9999995
1.0
1.0
0.9999999
0.99999964
0.99081635
1.0
1.0
0.9996338
0.9999999
0.99999785
1.0
1.0
1.0
0.9999995
1.0
0.99999595
0.99999917
1.0
0.9999951
1.0
1.0
1.0
0.99999976
1.0
1.0
1.0
1.0
1.0
0.99999785
1.0
1.0
0.9988563
1.0
1.0
1.0
1.0
1.0
1.0
1.0
1.0
1.0
1.0
1.0
1.0
1.0
0.9999999
0.9999999
0.999806
1.0
0.99999964
1.0
0.9999995
0.9999994
1.0
1.0
1.0
1.0
0.99999976
1.0
1.0
0.99999964
1.0
0.8886094
1.0
0.94738287
1.0
1.0
1.0
1.0
1.0
1.0
1.0
1.0
1.0
1.0
0.9999999
1.0
1.0
1.0
1.0
1.0
1.0
1.0
1.0
0.9999994
1.0
1.0
1.0
0.99937755
1.0
1.0
1.0
0.9999975
1.0
1.0
0.99999976
0.9999999
1.0
0.9999999
0.9995561
0.78825575
0.52776295
1.0
0.999979
1.0
1.0
0.9999994
1.0
0.99999774
1.0
1.0
1.0
1.0
0.9923138
0.99999905
1.0
0.9999993
1.0
0.9999758
0.9999995
0.9997657
0.9998834
1.0
1.0
1.0
0.9999993
1.0
0.99999857
1.0
1.0
1.0
1.0
1.0
1.0
0.99987006
1.0
0.9999913
1.0
1.0
1.0
1.0
1.0
0.9992656
1.0
0.99999976
1.0
1.0
1.0
0.9999993
1.0
0.99999964
1.0
1.0
1.0
0.9999206
1.0
0.57695466
0.9998332
0.99990857
1.0
0.9999999
1.0
0.99999976
1.0
0.9999994
0.99615604
0.9999999
0.99999714
0.99997807
0.99999976
0.9999995
1.0
1.0
0.9999943
0.99447423
1.0
0.9991211
1.0
1.0
1.0
0.99999976
0.9999993
0.9999243
0.92341495
0.9999999
1.0
1.0
0.99892944
1.0
1.0
1.0
1.0
1.0
1.0
0.9999999
1.0
1.0
0.99999976
1.0
1.0
0.99998975
1.0
0.9999999
1.0
1.0
1.0
0.9999999
1.0
1.0
1.0
0.9999999
1.0
0.9999902
0.9999999
1.0
1.0
1.0
1.0
1.0
1.0
1.0
1.0
0.9999877
1.0
0.999969
1.0
0.99999976
1.0
0.99999917
1.0
0.9999999
1.0
1.0
1.0
1.0
0.9999863
1.0
0.99999905
1.0
0.9999871
0.99999475
1.0
1.0
1.0
0.99999917
1.0
1.0
1.0
1.0
1.0
0.99999523
0.9987118
1.0
1.0
1.0
1.0
1.0
0.36643204
1.0
1.0
0.9999988
0.9999999
0.99943584
0.9973014
1.0
1.0
1.0
1.0
0.999966
0.99997663
1.0
1.0
1.0
0.9999999
0.9999999
1.0
1.0
0.9999999
1.0
0.99999976
0.9999367
1.0
1.0
1.0
1.0
1.0
1.0
1.0
1.0
1.0
0.9973423
1.0
1.0
0.9999999
1.0
0.9999999
1.0
1.0
1.0
0.9999894
0.99999976
1.0
1.0
1.0
1.0
1.0
1.0
1.0
0.99999857
1.0
1.0
1.0
1.0
1.0
1.0
1.0
1.0
1.0
1.0
0.9999684
1.0
1.0
1.0
1.0
1.0
0.99999475
0.99999905
1.0
1.0
1.0
0.8646943
1.0
0.95008034
1.0
1.0
1.0
0.9999999
0.99989593
1.0
0.9999268
0.9999894
1.0
1.0
1.0
1.0
1.0
0.9999031
1.0
0.99999833
1.0
1.0
0.9999999
1.0
1.0
0.9999999
1.0
0.9999958
1.0
1.0
1.0
1.0
0.99997973
1.0
0.99999785
0.99999964
0.9998591
1.0
1.0
1.0
0.9999994
1.0
0.99998426
1.0
1.0
0.99999917
1.0
1.0
1.0
1.0
0.9999976
1.0
1.0
0.99999595
1.0
0.99999726
1.0
1.0
0.9999865
1.0
1.0
1.0
0.99999857
1.0
1.0
1.0
1.0
0.9999585
1.0
0.9999999
0.9945404
0.66390485
1.0
1.0
1.0
1.0
1.0
1.0
1.0
1.0
0.9995797
0.99982125
1.0
0.9999994
1.0
1.0
1.0
1.0
0.9999987
1.0
1.0
0.9999864
1.0
0.99998295
1.0
0.9992299
1.0
1.0
0.9999925
1.0
0.99999833
0.9999974
1.0
1.0
1.0
0.9999298
0.99999976
1.0
1.0
1.0
1.0
1.0
0.9999999
0.99987197
1.0
0.9222716
1.0
0.99999297
1.0
1.0
1.0
0.9946051
0.9999999
1.0
1.0
0.9999999
1.0
1.0
0.9999924
1.0
0.9999999
0.93048364
1.0
0.999997
1.0
1.0
0.79991335
0.9999517
1.0
0.99999976
0.9999995
0.99999785
1.0
1.0
1.0
0.9999715
1.0
1.0
0.99999976
0.69887906
1.0
0.99999976
0.9820502
0.9999902
1.0
0.9999993
1.0
1.0
1.0
0.9999999
1.0
0.9999999
0.9999889
0.9999814
1.0
1.0
1.0
1.0
0.9999095
1.0
1.0
0.9999995
1.0
1.0
1.0
1.0
1.0
1.0
0.999997
0.9930823
1.0
0.9999852
1.0
1.0
1.0
0.9994649
1.0
1.0
0.99949443
1.0
0.99999404
0.9999932
1.0
1.0
1.0
1.0
0.99999964
1.0
1.0
0.99999976
1.0
1.0
1.0
1.0
0.9999981
1.0
1.0
0.99999964
0.97219443
1.0
1.0
1.0
1.0
1.0
1.0
0.9819754
1.0
0.99984086
1.0
0.99999857
0.9999114
1.0
1.0
0.9999994
1.0
1.0
0.99875045
1.0
0.9999956
1.0
1.0
1.0
1.0
0.9999864
1.0
1.0
0.9999993
0.9999993
1.0
1.0
1.0
1.0
1.0
0.9999999
0.99999976
0.9999801
0.99999905
1.0
1.0
0.9999999
1.0
1.0
1.0
0.9935009
1.0
1.0
1.0
1.0
1.0
1.0
1.0
1.0
1.0
1.0
1.0
1.0
0.9999474
0.9999956
1.0
1.0
1.0
1.0
1.0
1.0
0.99985564
1.0
1.0
1.0
1.0
1.0
0.99973196
0.9999995
0.9610399
0.99811447
0.9999988
1.0
0.99988365
0.9999999
1.0
0.99999905
1.0
0.99999774
0.99762315
1.0
1.0
1.0
1.0
0.9999994
1.0
1.0
0.9999999
1.0
1.0
0.3754027
0.9991104
1.0
1.0
1.0
0.99999976
1.0
1.0
0.9999976
0.99999845
1.0
0.9999974
1.0
0.9999765
1.0
0.999997
1.0
0.9999999
1.0
0.9999989
1.0
0.99999714
0.99990535
0.9999989
0.99968565
0.9999974
0.99905545
0.9999628
1.0
1.0
0.99926776
1.0
1.0
1.0
1.0
1.0
1.0
1.0
1.0
0.99988556
0.9999999
1.0
1.0
1.0
0.99999976
0.9791236
1.0
1.0
1.0
0.9999999
0.99996614
0.99999654
0.9999987
1.0
1.0
0.9999918
1.0
1.0
0.9999999
1.0
1.0
0.9999995
1.0
1.0
1.0
1.0
1.0
1.0
0.9996737
1.0
1.0
1.0
1.0
1.0
1.0
1.0
1.0
1.0
0.99985826
1.0
0.9999974
1.0
0.99999917
1.0
1.0
1.0
0.9940269
1.0
0.9999999
1.0
1.0
1.0
1.0
1.0
0.99999857
0.99962413
0.9999994
0.9999995
1.0
1.0
0.9999999
1.0
0.99998975
1.0
1.0
1.0
0.9963618
1.0
0.95788175
0.99999905
1.0
1.0
1.0
0.90173274
1.0
1.0
0.99853706
0.99995685
1.0
1.0
1.0
1.0
0.9999987
1.0
1.0
1.0
1.0
1.0
1.0
0.99999404
1.0
1.0
1.0
0.9999987
0.99999976
0.9997036
1.0
0.9998895
0.99999976
0.99598867
0.99929893
1.0
1.0
1.0
0.9999995
0.985913
1.0
0.9999999
0.9999999
1.0
1.0
1.0
0.99999845
1.0
1.0
0.99835014
0.9999641
1.0
1.0
1.0
1.0
1.0
0.99999917
1.0
1.0
0.99999535
1.0
0.9991849
1.0
0.9999995
0.99999976
1.0
1.0
0.9999701
1.0
1.0
1.0
1.0
1.0
0.9999994
1.0
0.99997723
1.0
0.9999999
1.0
1.0
0.99596345
1.0
1.0
0.99999976
1.0
1.0
1.0
0.99921465
1.0
0.9999895
1.0
0.9950104
1.0
1.0
0.9999999
1.0
1.0
1.0
0.99999976
1.0
0.9999999
0.87837946
1.0
1.0
1.0
1.0
0.9999893
0.99999976
1.0
1.0
1.0
1.0
1.0
1.0
0.9999851
1.0
1.0
0.9999982
1.0
1.0
1.0
0.9884587
1.0
1.0
1.0
1.0
1.0
1.0
0.99999976
0.99999976
1.0
1.0
1.0
1.0
0.9885252
1.0
1.0
1.0
1.0
1.0
0.9999863
1.0
1.0
1.0
1.0
1.0
1.0
0.9999976
1.0
1.0
0.99998975
0.9991322
1.0
0.99505675
1.0
1.0
0.9983057
1.0
0.9954336
1.0
1.0
0.87140644
0.99996626
1.0
1.0
1.0
0.98279715
1.0
0.99999976
0.99999976
1.0
0.99996364
1.0
1.0
1.0
0.9999999
1.0
1.0
1.0
1.0
1.0
0.99976283
1.0
0.9999999
1.0
1.0
0.99999964
0.9999292
1.0
0.783134
1.0
1.0
0.9999999
1.0
1.0
1.0
0.9999349
0.9722001
0.96657974
1.0
1.0
0.999985
0.98324364
1.0
1.0
0.99974054
1.0
1.0
0.99999964
0.99999976
0.9999939
1.0
1.0
1.0
1.0
1.0
0.9999999
0.98418486
1.0
1.0
1.0
1.0
1.0
0.9999999
1.0
1.0
1.0
1.0
0.999856
1.0
1.0
0.9999106
1.0
1.0
0.99722797
0.9999999
1.0
1.0
1.0
0.99999976
0.9999988
1.0
0.9999987
0.9999999
1.0
1.0
1.0
1.0
1.0
0.9999999
1.0
1.0
0.99911267
0.99989533
0.999998
1.0
1.0
1.0
1.0
1.0
1.0
0.99999905
0.99999106
1.0
1.0
0.99987376
1.0
1.0
1.0
0.9999999
0.8387619
1.0
1.0
1.0
1.0
1.0
1.0
1.0
0.9999999
1.0
0.9997142
0.9999999
1.0
1.0
1.0
1.0
1.0
1.0
0.9985164
0.99983895
1.0
0.9999994
1.0
0.99999976
1.0
1.0
1.0
1.0
1.0
0.9999995
1.0
1.0
0.9903115
1.0
1.0
1.0
1.0
1.0
0.9992224
0.9999993
1.0
0.99999774
1.0
1.0
1.0
1.0
0.9999988
1.0
0.9998956
0.99999785
1.0
1.0
1.0
0.99998736
0.999992
1.0
1.0
0.99998736
1.0
0.9999999
0.99999976
0.99999964
0.99999964
0.9999995
1.0
1.0
1.0
0.9999907
1.0
1.0
1.0
0.9999999
1.0
1.0
1.0
0.9999069
1.0
1.0
0.98871976
0.99999976
1.0
0.999995
1.0
1.0
1.0
1.0
1.0
1.0
0.9678619
1.0
0.9995695
1.0
1.0
0.90437275
1.0
1.0
1.0
1.0
0.9999974
1.0
1.0
1.0
1.0
1.0
0.9999999
0.999998
1.0
1.0
0.9999968
0.99999475
0.9998517
0.9934783
1.0
0.5831159
1.0
1.0
1.0
1.0
1.0
0.9979527
0.99999964
0.9999894
1.0
1.0
1.0
1.0
1.0
1.0
1.0
1.0
1.0
1.0
1.0
1.0
0.9980696
1.0
0.99999976
1.0
1.0
0.9999999
1.0
1.0
1.0
1.0
1.0
1.0
1.0
0.99999523
0.9999478
0.99999976
1.0
0.99988747
1.0
0.9999989
0.9999764
1.0
1.0
0.9999808
1.0
0.9999491
1.0
1.0
0.9999993
1.0
0.99999964
0.99975973
0.9999443
1.0
1.0
1.0
1.0
1.0
1.0
0.99996877
1.0
0.99999917
1.0
1.0
0.9999995
0.9999565
1.0
0.9999999
1.0
1.0
1.0
1.0
0.9999999
1.0
1.0
1.0
1.0
0.9999987
0.98603594
1.0
0.9999987
1.0
1.0
0.99854314
0.99998224
0.99999964
0.99998605
1.0
0.9999999
0.9997243
0.99999857
1.0
0.9999987
1.0
0.99999833
0.9999994
0.9999993
1.0
1.0
1.0
1.0
1.0
1.0
1.0
1.0
0.99999976
0.9999907
1.0
1.0
0.99999654
1.0
1.0
0.99504733
1.0
0.5789174
1.0
1.0
1.0
1.0
0.9999988
0.9942517
0.9999945
1.0
0.9999995
0.9999956
1.0
1.0
1.0
1.0
1.0
1.0
0.99739814
1.0
1.0
1.0
1.0
0.99932766
0.9999999
1.0
0.8087529
0.99997985
0.9999993
1.0
0.9999982
0.9999826
1.0
1.0
1.0
1.0
0.8311677
1.0
1.0
1.0
1.0
0.99999475
1.0
1.0
1.0
1.0
0.99998116
1.0
1.0
1.0
1.0
0.9999999
1.0
0.5743397
0.99996984
1.0
1.0
0.9999976
1.0
1.0
1.0
1.0
0.9999999
1.0
1.0
1.0
1.0
0.99816895
1.0
1.0
1.0
1.0
1.0
0.99998796
0.9999968
1.0
0.9933554
1.0
0.9999999
1.0
1.0
0.7849717
0.9999993
1.0
1.0
1.0
1.0
0.99999976
0.99999964
1.0
0.9979802
1.0
0.9658552
1.0
1.0
1.0
0.9999968
1.0
0.9999999
0.9999919
1.0
0.9918417
1.0
1.0
1.0
0.99999905
1.0
1.0
0.9999808
1.0
1.0
1.0
0.6031849
0.999998
0.9992638
1.0
1.0
1.0
0.64002365
0.99999154
1.0
0.99999917
1.0
1.0
1.0
1.0
1.0
1.0
1.0
1.0
0.9999999
0.99983954
1.0
0.9999994
1.0
1.0
0.9999999
1.0
0.9999999
1.0
1.0
0.999998
1.0
0.9999999
0.9999999
0.99999964
1.0
1.0
1.0
0.99960643
1.0
0.99999964
0.9999938
1.0
0.99999964
1.0
1.0
0.9998907
0.99999833
1.0
1.0
1.0
0.9999999
1.0
1.0
0.68823016
1.0
1.0
0.9995253
0.991277
1.0
0.99999976
0.91387105
1.0
1.0
1.0
0.99998355
0.99999785
0.9993932
1.0
1.0
0.99996936
1.0
0.9999999
1.0
1.0
1.0
1.0
1.0
1.0
1.0
1.0
1.0
1.0
1.0
0.99999964
1.0
1.0
0.9831597
1.0
1.0
0.9999999
1.0
1.0
0.99999523
0.9999999
1.0
0.9999931
0.9998147
1.0
1.0
0.9999999
1.0
1.0
1.0
0.9999999
1.0
0.99999976
0.999997
1.0
0.99972504
1.0
1.0
1.0
1.0
1.0
1.0
1.0
0.9999521
1.0
1.0
1.0
1.0
1.0
0.9999999
1.0
0.9999999
1.0
1.0
1.0
1.0
0.99998784
1.0
1.0
1.0
1.0
1.0
1.0
1.0
0.9923326
1.0
0.99999774
1.0
1.0
1.0
0.99999285
0.99999547
1.0
1.0
0.9999665
0.9999994
1.0
0.99999976
0.99555355
1.0
1.0
1.0
1.0
1.0
0.9999999
1.0
0.9999999
1.0
1.0
1.0
0.99999976
0.9523834
1.0
1.0
1.0
1.0
0.99998975
0.9999689
0.9999999
1.0
0.9999864
1.0
1.0
1.0
1.0
1.0
0.9980731
1.0
1.0
1.0
1.0
1.0
0.9999734
1.0
1.0
1.0
0.9999981
1.0
0.99999905
1.0
1.0
1.0
0.9999999
1.0
0.99998045
0.99999905
1.0
0.9993973
1.0
1.0
1.0
1.0
1.0
1.0
1.0
1.0
0.9999684
0.9999999
1.0
1.0
1.0
0.9784263
1.0
1.0
1.0
1.0
1.0
1.0
1.0
0.99999964
1.0
1.0
1.0
0.9999999
1.0
1.0
0.99999976
1.0
1.0
1.0
1.0
1.0
1.0
1.0
0.9999993
1.0
1.0
0.56717867
0.99999976
0.99999726
1.0
1.0
1.0
0.9999987
1.0
0.9999968
0.99999774
1.0
0.9977738
1.0
0.9999387
1.0
1.0
1.0
0.9999994
0.9950347
0.9999999
1.0
1.0
1.0
1.0
0.99999356
0.9999989
0.9999993
1.0
0.99999976
0.9999883
1.0
1.0
1.0
1.0
1.0
1.0
0.9999999
0.8556945
1.0
0.9999999
0.9999989
1.0
1.0
1.0
1.0
0.80309695
0.9999999
1.0
0.99999774
1.0
0.9999989
1.0
0.99999917
0.97753793
1.0
1.0
0.99999964
0.9999949
1.0
0.9999999
1.0
1.0
1.0
1.0
0.999708
0.99999774
1.0
1.0
0.99997365
0.9999999
1.0
1.0
0.9998847
1.0
1.0
0.99999905
1.0
1.0
0.9982135
0.9999957
0.99999976
0.99999404
1.0
1.0
1.0
0.85082823
0.99992657
1.0
0.9999751
1.0
0.9999988
0.9999988
1.0
0.9989292
1.0
0.9999994
1.0
1.0
1.0
1.0
1.0
1.0
1.0
0.9999999
0.9999999
0.9999999
1.0
0.9999999
1.0
0.9999999
1.0
0.99992573
0.9999999
1.0
1.0
1.0
1.0
1.0
1.0
0.78760004
0.99999976
0.99999964
1.0
1.0
1.0
1.0
1.0
0.99996626
1.0
1.0
1.0
1.0
1.0
1.0
1.0
0.9999145
1.0
1.0
0.99999523
0.99999666
1.0
0.9999999
1.0
0.99999714
1.0
0.9946042
1.0
0.9999814
1.0
1.0
0.9999994
1.0
0.99999785
1.0
0.9999889
0.9999995
0.99999464
0.9999877
1.0
0.9999969
1.0
0.9999999
1.0
0.9890708
0.99996936
0.9664705
1.0
1.0
1.0
1.0
1.0
1.0
1.0
0.9999999
1.0
1.0
1.0
1.0
1.0
0.99998
1.0
1.0
0.9999987
1.0
1.0
1.0
1.0
0.99999857
1.0
1.0
0.9999999
0.99998915
1.0
1.0
1.0
1.0
1.0
1.0
1.0
1.0
0.9999944
0.99999976
1.0
1.0
0.99996614
1.0
1.0
0.99999785
1.0
0.9991208
1.0
0.9999999
1.0
0.9965784
1.0
1.0
1.0
1.0
1.0
1.0
1.0
1.0
1.0
1.0
1.0
1.0
1.0
0.99999857
0.9977849
1.0
0.9999999
1.0
1.0
1.0
0.9999999
1.0
1.0
1.0
0.9980172
1.0
0.9999999
0.99995434
1.0
0.99997795
1.0
1.0
1.0
1.0
0.9999902
0.99985313
1.0
0.9999926
1.0
1.0
0.99999666
0.99999964
1.0
1.0
1.0
0.9999999
1.0
0.9987514
0.9982457
1.0
1.0
1.0
0.99975187
1.0
1.0
1.0
1.0
1.0
0.99999976
1.0
1.0
1.0
0.9999956
1.0
1.0
0.9999591
1.0
1.0
0.99999917
1.0
0.9999999
0.9997143
1.0
1.0
1.0
1.0
0.99902797
1.0
1.0
1.0
1.0
1.0
1.0
1.0
1.0
0.99957293
1.0
0.9999988
0.9999894
0.99999976
1.0
0.9999994
1.0
0.9999968
1.0
0.99882346
1.0
1.0
1.0
1.0
0.9999893
1.0
0.9999999
1.0
1.0
1.0
0.9999776
1.0
1.0
1.0
1.0
1.0
0.99980015
1.0
1.0
1.0
1.0
1.0
1.0
1.0
1.0
0.9999994
0.99999213
1.0
1.0
1.0
1.0
1.0
1.0
1.0
0.9998658
1.0
1.0
1.0
1.0
0.99996686
1.0
0.99450475
0.9999913
1.0
1.0
1.0
1.0
1.0
1.0
1.0
1.0
0.9999559
1.0
0.99998796
1.0
0.9999987
0.9999981
0.99998415
1.0
1.0
1.0
0.99999964
1.0
0.9639106
0.999967
1.0
1.0
1.0
1.0
1.0
0.99999857
0.99999666
1.0
1.0
0.9999263
0.9998598
1.0
0.99999905
1.0
0.9980509
1.0
0.9982822
0.99999976
1.0
1.0
1.0
1.0
1.0
1.0
1.0
0.9999994
0.998514
0.9063343
1.0
1.0
1.0
1.0
1.0
1.0
0.99790937
1.0
0.99987686
0.99999976
0.99999547
1.0
1.0
1.0
1.0
1.0
1.0
0.9999995
1.0
0.9999999
1.0
0.9999924
1.0
1.0
0.99999976
1.0
1.0
1.0
1.0
0.99999976
1.0
0.99997425
1.0
1.0
1.0
1.0
1.0
1.0
0.9999759
0.9999995
1.0
1.0
0.99999595
0.9999995
1.0
1.0
0.99987507
1.0
0.9999999
1.0
0.9999994
0.9999813
1.0
0.9999833
1.0
0.999985
0.9999999
0.99999976
0.99999833
0.99999964
1.0
1.0
1.0
1.0
0.98879707
1.0
1.0
1.0
1.0
1.0
1.0
0.9998542
1.0
0.99999976
0.9999999
0.9999999
1.0
1.0
0.99999785
0.97472554
1.0
1.0
0.9999995
1.0
1.0
1.0
0.9999994
1.0
0.92716604
1.0
1.0
0.999992
1.0
1.0
1.0
0.99999917
1.0
1.0
1.0
1.0
1.0
1.0
1.0
0.9999999
0.9999896
1.0
1.0
1.0
1.0
1.0
0.9999993
1.0
1.0
0.9999956
1.0
1.0
0.9999999
1.0
1.0
0.9999994
1.0
1.0
0.99998
1.0
0.99997735
1.0
1.0
1.0
1.0
1.0
0.9999707
1.0
1.0
1.0
0.9999999
0.9999994
1.0
1.0
0.9999765
1.0
0.9999999
0.9999999
1.0
0.99995196
0.9999969
0.99999976
1.0
0.9999999
0.9999999
0.9857131
1.0
1.0
1.0
0.9999473
1.0
0.5201918
1.0
1.0
0.99964666
1.0
1.0
0.99999976
1.0
1.0
0.99999976
1.0
0.9992507
0.97165155
0.99999964
1.0
1.0
0.9999993
0.9999981
0.99997854
0.99989223
1.0
1.0
1.0
1.0
1.0
0.9875566
0.55195063
1.0
1.0
0.99999726
1.0
1.0
0.999941
1.0
0.9999393
1.0
1.0
1.0
1.0
0.99999547
1.0
0.9999999
1.0
0.9985429
1.0
0.99998
1.0
1.0
1.0
0.9999242
1.0
1.0
0.9998658
1.0
1.0
1.0
1.0
1.0
1.0
0.99999976
1.0
1.0
1.0
0.99991536
0.99999785
1.0
0.9999968
1.0
0.8455963
1.0
1.0
1.0
1.0
0.9999552
0.9999999
1.0
0.9999989
0.9999902
0.9995608
1.0
0.9999999
1.0
1.0
1.0
1.0
0.9999999
1.0
1.0
1.0
1.0
1.0
1.0
0.99999607
1.0
0.9999995
1.0
0.9999707
1.0
1.0
0.9999747
1.0
1.0
0.99999976
0.9971353
1.0
1.0
0.99999976
1.0
1.0
1.0
1.0
1.0
0.9999988
0.99999976
1.0
1.0
1.0
1.0
1.0
1.0
1.0
1.0
1.0
1.0
1.0
1.0
1.0
1.0
1.0
1.0
1.0
1.0
0.9999682
0.98161924
1.0
0.9977875
1.0
1.0
1.0
1.0
1.0
1.0
0.999923
0.9999969
1.0
1.0
0.8154691
1.0
1.0
1.0
1.0
0.99998534
1.0
1.0
1.0
1.0
1.0
1.0
1.0
0.99999976
1.0
0.9999999
1.0
1.0
0.9999994
0.9999988
1.0
1.0
1.0
1.0
0.99999976
1.0
0.99999976
0.9999224
1.0
0.99999845
0.999997
1.0
1.0
1.0
1.0
0.990549
0.9973763
1.0
1.0
0.99999905
1.0
0.99985313
1.0
1.0
0.9999819
1.0
1.0
1.0
0.9999995
0.9999999
1.0
0.99999833
1.0
1.0
1.0
1.0
0.9911951
0.99972767
1.0
0.99998593
0.9999045
0.9999906
0.9999999
1.0
1.0
1.0
1.0
1.0
1.0
1.0
0.99999905
1.0
1.0
1.0
1.0
0.9999999
1.0
1.0
1.0
0.99999845
1.0
1.0
1.0
1.0
0.9996136
1.0
1.0
0.9999999
1.0
1.0
1.0
1.0
1.0
0.9999887
1.0
1.0
1.0
1.0
0.99999976
0.9989685
0.99999535
1.0
0.99999726
0.99998605
1.0
1.0
1.0
1.0
0.9999994
1.0
1.0
0.99999976
1.0
0.9999994
1.0
1.0
0.9990252
1.0
1.0
1.0
1.0
1.0
1.0
0.9960394
1.0
1.0
1.0
1.0
1.0
1.0
1.0
1.0
0.9999995
0.99985576
1.0
1.0
0.99999976
1.0
0.9999993
1.0
0.9998758
0.99999964
1.0
1.0
1.0
0.9990415
1.0
1.0
1.0
0.99996877
1.0
1.0
0.5948505
1.0
1.0
1.0
0.99999976
1.0
1.0
1.0
1.0
1.0
0.9999924
0.99989676
0.9999987
0.9999964
1.0
0.9999999
1.0
0.9999999
1.0
1.0
1.0
1.0
1.0
1.0
1.0
0.99884254
0.99335194
0.99999964
1.0
0.99999297
1.0
1.0
1.0
1.0
1.0
0.9999924
1.0
0.999997
0.99991286
1.0
1.0
0.9999993
0.99999404
1.0
0.999959
1.0
1.0
1.0
0.99999857
1.0
1.0
1.0
1.0
1.0
1.0
0.9999664
1.0
1.0
1.0
1.0
1.0
1.0
0.9999999
0.99440295
0.9227576
1.0
0.9999999
0.9999999
1.0
1.0
1.0
1.0
1.0
1.0
1.0
1.0
1.0
0.99999905
0.9999993
0.9999999
1.0
1.0
1.0
1.0
1.0
1.0
1.0
1.0
1.0
1.0
1.0
0.9998683
1.0
1.0
1.0
1.0
1.0
1.0
1.0
1.0
1.0
0.9999521
1.0
0.9999999
0.9999095
0.9974311
0.99999976
1.0
0.99999785
1.0
1.0
0.9997552
0.9997671
1.0
1.0
1.0
1.0
0.99859685
1.0
0.9999658
0.99999833
1.0
0.9999999
1.0
1.0
1.0
0.99999833
0.99999976
0.9999982
1.0
1.0
0.99999976
1.0
0.9999968
1.0
1.0
0.9999993
1.0
1.0
1.0
0.99999964
1.0
1.0
1.0
0.999979
1.0
1.0
1.0
0.99999905
1.0
0.9999999
0.99999964
0.9999851
1.0
1.0
1.0
1.0
1.0
0.99999964
0.90700734
1.0
1.0
1.0
0.9999974
1.0
1.0
0.99999964
0.9999999
1.0
0.99999475
1.0
1.0
1.0
1.0
1.0
1.0
1.0
0.999992
0.9999995
1.0
1.0
1.0
1.0
1.0
1.0
0.9999907
0.99999976
0.99999905
1.0
1.0
1.0
0.99999976
1.0
0.9999999
1.0
0.9999987
1.0
0.97532314
0.9999999
1.0
0.9999987
1.0
0.99999857
1.0
0.99999976
0.99999344
1.0
1.0
1.0
1.0
1.0
1.0
1.0
1.0
1.0
1.0
0.9971879
0.9999994
1.0
1.0
1.0
1.0
0.99986887
0.9998747
1.0
0.99999475
0.9992816
1.0
0.9999999
1.0
1.0
1.0
0.9999982
1.0
1.0
0.9999999
0.99999976
1.0
1.0
0.99994123
0.9999999
1.0
1.0
1.0
1.0
1.0
0.99999976
1.0
1.0
0.9997048
0.99953806
1.0
1.0
1.0
1.0
1.0
1.0
1.0
1.0
1.0
1.0
1.0
1.0
0.9999988
0.9999999
0.99999857
0.9999999
1.0
1.0
0.9999995
1.0
1.0
1.0
0.9999857
1.0
1.0
1.0
1.0
0.8704651
1.0
1.0
0.99999976
1.0
1.0
0.9999999
1.0
0.99917704
1.0
1.0
1.0
1.0
0.9999999
1.0
0.99994063
1.0
0.9999136
1.0
0.99999964
1.0
1.0
0.9959759
1.0
1.0
1.0
0.9999982
0.9999999
1.0
1.0
0.9999242
0.9079848
1.0
1.0
1.0
1.0
0.9999995
0.99999976
0.9999989
1.0
1.0
1.0
1.0
1.0
1.0
1.0
0.9999999
0.9983335
1.0
1.0
1.0
1.0
0.9999999
1.0
0.9999951
0.8255746
0.99721235
1.0
0.9999999
1.0
1.0
0.99999976
0.9999999
1.0
1.0
1.0
1.0
1.0
0.99965644
1.0
0.99999964
0.9999701
0.9999989
0.99999976
1.0
1.0
1.0
0.99997747
1.0
0.99998355
0.9999993
1.0
0.99997914
1.0
1.0
1.0
0.9999938
1.0
0.9999987
1.0
1.0
1.0
1.0
0.99999833
0.9998543
0.99972254
0.76371944
0.9999999
0.999863
1.0
1.0
1.0
1.0
0.9999999
0.9999999
1.0
1.0
1.0
1.0
1.0
0.9999999
1.0
0.99998534
1.0
1.0
0.99943966
1.0
1.0
1.0
1.0
1.0
1.0
1.0
0.9998863
1.0
1.0
0.99999976
1.0
1.0
1.0
1.0
1.0
0.99999845
0.9999995
1.0
1.0
0.9999993
0.99999976
0.99999976
1.0
1.0
1.0
1.0
0.9999999
1.0
1.0
1.0
1.0
1.0
1.0
0.99997675
0.999998
1.0
1.0
1.0
0.9999943
1.0
1.0
1.0
0.99999666
1.0
0.9999976
1.0
1.0
0.99999964
1.0
0.99998903
1.0
1.0
0.99999213
1.0
1.0
1.0
1.0
1.0
1.0
1.0
1.0
0.6652339
1.0
1.0
1.0
1.0
1.0
1.0
0.9999565
1.0
0.9999825
1.0
1.0
1.0
0.99999166
1.0
1.0
1.0
1.0
1.0
1.0
1.0
0.9978027
1.0
1.0
1.0
0.9999999
1.0
1.0
1.0
0.99999344
1.0
1.0
1.0
0.9999999
1.0
1.0
1.0
0.9314631
1.0
1.0
0.99999964
1.0
0.9999999
1.0
0.99999964
0.99387336
0.9963086
1.0
0.9999889
0.99903023
1.0
1.0
0.9999999
1.0
1.0
0.9999999
1.0
1.0
0.999967
1.0
1.0
0.9954461
1.0
0.9999999
0.9999999
1.0
0.99999905
0.99999964
0.998195
1.0
0.9984425
1.0
1.0
0.99999917
0.99999857
0.99999964
0.9999969
1.0
1.0
1.0
0.9999999
0.9939698
1.0
1.0
0.99999964
0.999258
0.7941391
1.0
1.0
1.0
1.0
0.9999995
1.0
1.0
1.0
0.99999344
1.0
0.97693187
1.0
0.9993814
1.0
0.99999976
1.0
0.9999999
1.0
0.9999993
0.9999981
1.0
0.9999993
0.9999999
0.99999976
1.0
1.0
0.9990011
1.0
0.99928516
1.0
1.0
0.99999523
1.0
0.9999957
1.0
1.0
1.0
1.0
0.9996594
1.0
0.99861133
1.0
0.9999999
0.9996575
1.0
1.0
1.0
1.0
1.0
0.9999999
0.99989545
1.0
1.0
0.9999813
1.0
1.0
1.0
1.0
1.0
1.0
1.0
1.0
1.0
0.99993944
1.0
0.9999999
1.0
1.0
0.9999969
1.0
0.99979895
1.0
0.99999905
1.0
1.0
1.0
1.0
1.0
0.9999993
1.0
1.0
1.0
0.6286763
0.9999999
0.9999895
0.982777
0.9999999
0.9999999
0.9999975
1.0
0.9999994
0.9999919
1.0
1.0
0.9999654
1.0
1.0
1.0
0.99999976
0.99999964
1.0
0.9999819
1.0
0.9999995
1.0
1.0
1.0
0.99999976
0.99999905
1.0
1.0
1.0
1.0
1.0
1.0
1.0
1.0
1.0
1.0
1.0
1.0
1.0
1.0
1.0
1.0
0.8693734
0.99999845
1.0
1.0
0.9999999
1.0
1.0
0.99999523
1.0
0.9998467
1.0
1.0
1.0
0.98666835
1.0
1.0
0.99999845
1.0
1.0
1.0
1.0
1.0
1.0
1.0
1.0
1.0
1.0
1.0
1.0
1.0
1.0
0.99999976
0.99999535
0.99997354
1.0
1.0
1.0
1.0
1.0
1.0
1.0
1.0
1.0
1.0
1.0
1.0
0.9976553
0.9999999
0.8654366
0.9999999
0.9981511
1.0
1.0
0.9999895
1.0
0.9999999
1.0
0.99999976
0.9977457
1.0
1.0
1.0
1.0
1.0
1.0
1.0
1.0
1.0
0.9999999
0.9999964
1.0
1.0
1.0
1.0
1.0
0.9881094
0.99999785
0.9999999
0.999962
1.0
1.0
0.9999999
1.0
0.99983025
1.0
0.9999999
1.0
1.0
1.0
1.0
0.9999795
0.99999964
0.9998704
1.0
0.9999982
1.0
1.0
1.0
0.9999999
1.0
1.0
0.9999999
0.9997682
0.9999999
0.9999887
1.0
1.0
0.9999995
0.9999999
0.9999995
1.0
1.0
0.99999964
1.0
0.84824234
1.0
1.0
1.0
1.0
0.99998844
1.0
1.0
0.9999485
1.0
0.99651575
0.9993999
1.0
1.0
1.0
0.99999535
1.0
1.0
1.0
1.0
0.9835418
1.0
0.99999976
0.9999931
0.9999999
1.0
1.0
1.0
1.0
1.0
0.99999046
1.0
1.0
1.0
1.0
1.0
1.0
0.9999999
1.0
1.0
0.9999993
1.0
1.0
0.9999995
1.0
0.9999757
0.99997365
1.0
1.0
1.0
1.0
1.0
0.9999999
0.9999999
0.9999999
1.0
0.9945939
1.0
0.9219501
1.0
1.0
1.0
1.0
1.0
0.999992
1.0
1.0
0.99999464
0.9964426
1.0
0.9999981
0.4937332
1.0
1.0
1.0
1.0
1.0
1.0
1.0
0.9999974
1.0
1.0
1.0
1.0
0.9999999
1.0
0.9999758
1.0
1.0
1.0
1.0
1.0
0.99994695
0.999977
1.0
0.9998859
1.0
1.0
1.0
1.0
1.0
1.0
1.0
0.99999475
0.9999993
1.0
0.99999964
1.0
1.0
0.99999976
0.99999547
1.0
1.0
1.0
1.0
1.0
1.0
0.9999999
0.99999464
0.99994445
1.0
1.0
1.0
1.0
0.9999918
1.0
1.0
0.9999999
1.0
1.0
1.0
0.9999999
0.99999976
0.9999982
1.0
0.9999721
1.0
1.0
1.0
0.9999999
0.99999464
0.9999999
0.9999964
1.0
0.9999995
0.99999726
1.0
0.9998555
1.0
0.9999943
1.0
0.9999993
0.99999976
1.0
1.0
1.0
0.9999857
1.0
1.0
1.0
0.9999999
1.0
1.0
0.99998176
0.99998057
1.0
1.0
0.99999976
1.0
0.545099
0.99999917
0.9999486
0.9999999
0.99999964
1.0
0.99999976
1.0
1.0
0.9998006
1.0
1.0
1.0
1.0
1.0
1.0
0.9999974
0.99999535
0.9999999
0.99999976
0.9999994
0.9999999
1.0
0.996967
1.0
0.95436394
1.0
1.0
1.0
0.5036553
1.0
1.0
1.0
1.0
1.0
0.9991934
0.9999924
1.0
1.0
1.0
0.9996797
1.0
1.0
1.0
1.0
0.9999956
1.0
0.9999958
0.9988871
1.0
1.0
1.0
1.0
1.0
1.0
1.0
1.0
1.0
1.0
1.0
1.0
1.0
0.7822896
0.99998164
1.0
1.0
1.0
0.9999969
0.9999994
1.0
1.0
1.0
0.93540937
1.0
1.0
1.0
1.0
1.0
1.0
0.9997758
0.9956968
1.0
1.0
0.9999999
0.99999225
1.0
1.0
1.0
1.0
0.99909616
0.9999939
1.0
0.9999989
0.99967504
1.0
0.9930218
1.0
0.99999976
1.0
1.0
1.0
0.9999995
1.0
1.0
1.0
0.9999995
1.0
1.0
0.9451315
0.9999995
1.0
0.99999976
1.0
0.9244842
1.0
0.99999964
1.0
0.9999975
1.0
1.0
1.0
0.99974996
1.0
1.0
0.9999882
0.9999999
0.9999999
1.0
1.0
1.0
0.999795
1.0
0.99997556
1.0
1.0
0.9999999
1.0
0.99999917
0.9999976
0.99985194
1.0
0.99999833
0.9999999
1.0
1.0
1.0
1.0
0.9999999
1.0
0.9999999
1.0
0.9999999
1.0
0.99999404
0.99999905
0.9999993
1.0
0.9999999
1.0
1.0
1.0
1.0
1.0
0.99999976
1.0
0.9999988
1.0
1.0
0.99937123
1.0
1.0
1.0
1.0
0.9999865
0.9957604
1.0
1.0
1.0
1.0
0.9999999
1.0
0.9999995
0.9999999
0.9999634
0.9990214
1.0
1.0
0.99999595
1.0
1.0
1.0
1.0
1.0
0.9839293
1.0
1.0
1.0
1.0
0.9999994
1.0
1.0
0.99999976
1.0
1.0
0.9999039
1.0
0.9847637
1.0
0.9999802
1.0
0.99999976
1.0
1.0
1.0
1.0
0.9999789
1.0
0.9999809
1.0
1.0
1.0
1.0
1.0
1.0
0.9986613
0.99999356
1.0
0.9995505
1.0
0.99806005
1.0
1.0
1.0
1.0
1.0
1.0
1.0
0.99999976
1.0
1.0
1.0
1.0
1.0
0.9999988
1.0
0.99999404
1.0
1.0
0.9999999
0.99742293
1.0
0.9999994
1.0
0.99995375
1.0
1.0
1.0
0.99995697
0.9999999
0.9999466
1.0
0.9998975
0.99999154
0.99999714
1.0
1.0
1.0
0.92657167
1.0
0.9999999
1.0
1.0
1.0
0.99999774
1.0
0.99996877
1.0
1.0
0.9988726
0.99999964
1.0
1.0
0.9999999
1.0
0.99999964
1.0
1.0
0.99999857
1.0
1.0
1.0
1.0
1.0
0.9999993
1.0
1.0
1.0
1.0
1.0
1.0
1.0
0.96270895
1.0
0.9999999
1.0
1.0
0.99999976
0.9999999
1.0
1.0
1.0
0.9978083
0.9999224
0.9999999
1.0
0.9999982
1.0
1.0
0.9994942
1.0
1.0
0.804894
0.9995994
1.0
0.9997348
1.0
1.0
0.99999976
0.99776626
0.99989676
1.0
0.68308145
1.0
0.99999976
1.0
0.9999496
1.0
0.9999999
1.0
1.0
1.0
1.0
1.0
0.9999856
1.0
0.9999999
1.0
1.0
1.0
1.0
1.0
1.0
0.999959
1.0
1.0
1.0
1.0
1.0
0.99999917
1.0
0.57556856
1.0
0.99999547
1.0
0.9999951
1.0
1.0
0.99999857
1.0
1.0
1.0
0.9971156
0.9999999
1.0
1.0
0.99997914
1.0
1.0
0.99999666
1.0
1.0
1.0
0.99999833
1.0
1.0
1.0
1.0
0.9995455
1.0
0.99999905
0.9999993
0.9999981
0.99999964
0.99999964
0.9999999
0.9589953
1.0
1.0
1.0
0.97921205
1.0
1.0
0.99881196
0.99659204
0.99999976
1.0
1.0
1.0
1.0
1.0
1.0
1.0
0.9999999
0.99999464
1.0
1.0
0.9999999
0.9999993
0.99999917
1.0
1.0
0.99999976
0.99999964
1.0
1.0
0.99636155
1.0
1.0
0.9999151
1.0
0.9999999
0.9999999
1.0
1.0
1.0
1.0
1.0
1.0
0.99999905
0.99582076
1.0
0.99999976
1.0
0.99988127
0.9950754
1.0
1.0
1.0
1.0
1.0
1.0
1.0
1.0
1.0
0.99999976
1.0
1.0
1.0
1.0
0.9997203
1.0
1.0
1.0
0.6199606
0.9999999
0.99999964
1.0
0.9999856
1.0
1.0
0.9999999
0.9999999
1.0
1.0
1.0
1.0
1.0
1.0
1.0
0.9999988
0.99975044
0.9999974
0.99999964
0.9999999
0.99999976
1.0
0.9998147
1.0
1.0
1.0
1.0
1.0
1.0
1.0
1.0
0.99999607
1.0
1.0
0.9999963
1.0
0.9999999
1.0
1.0
0.9999988
1.0
0.99999833
1.0
1.0
1.0
1.0
1.0
1.0
1.0
1.0
0.9995202
1.0
0.9999995
0.9999993
1.0
0.9999988
0.99999833
1.0
0.99999964
0.5736139
1.0
1.0
0.9999945
1.0
0.9999999
1.0
1.0
1.0
1.0
1.0
1.0
1.0
0.99996066
0.9999994
1.0
1.0
1.0
1.0
1.0
0.9999993
0.999997
0.99999964
1.0
0.9999521
0.9999994
0.99999964
1.0
1.0
1.0
0.99999785
0.9999999
0.99979633
1.0
0.9999999
1.0
0.9999999
0.99999714
1.0
0.9998939
0.999943
0.9990577
1.0
1.0
0.99949527
1.0
1.0
1.0
1.0
1.0
1.0
1.0
0.9999964
1.0
1.0
1.0
0.9999951
1.0
1.0
1.0
0.9970572
1.0
0.99330986
1.0
0.99999475
1.0
1.0
1.0
1.0
1.0
1.0
1.0
0.99999976
1.0
1.0
1.0
1.0
0.99999964
1.0
0.9999999
1.0
1.0
1.0
1.0
0.8806539
1.0
1.0
1.0
1.0
1.0
1.0
0.9999975
1.0
1.0
1.0
1.0
1.0
1.0
1.0
0.9998472
1.0
1.0
1.0
1.0
1.0
1.0
1.0
1.0
0.96129245
0.9999169
1.0
1.0
1.0
1.0
0.9999999
0.67661023
0.9999993
0.99948573
1.0
1.0
0.9999994
1.0
1.0
1.0
0.99904484
1.0
1.0
0.99996424
1.0
0.9999993
1.0
1.0
0.99999976
1.0
1.0
0.9999995
1.0
0.99999905
0.9885605
0.9979227
0.9999999
1.0
0.9999999
0.99999964
1.0
1.0
0.9999999
1.0
0.9999924
1.0
1.0
1.0
1.0
1.0
1.0
0.99999905
1.0
0.9999987
0.9999987
1.0
1.0
0.70685244
0.9999919
1.0
1.0
1.0
1.0
0.99999964
1.0
1.0
1.0
1.0
0.99999917
0.9999999
1.0
0.92528296
1.0
0.99997103
0.9999994
1.0
0.99990535
0.9999968
0.9999999
0.9999223
1.0
0.9999995
1.0
0.99316144
1.0
0.9999981
1.0
0.9999987
1.0
1.0
0.99999917
0.99999547
1.0
1.0
0.99999964
0.9999995
1.0
0.9999999
1.0
1.0
0.9999999
1.0
1.0
1.0
0.9999919
1.0
0.9999367
1.0
0.9990701
1.0
1.0
1.0
0.9999887
1.0
1.0
0.99999964
1.0
1.0
0.9999815
1.0
0.9999994
0.9998142
1.0
1.0
1.0
1.0
0.9997464
0.9999999
1.0
1.0
1.0
0.99999976
1.0
0.99999976
1.0
1.0
0.9998054
1.0
1.0
0.99996674
0.99996734
0.99999976
1.0
1.0
1.0
1.0
1.0
0.99999917
0.9991842
0.9998666
0.9999999
1.0
0.9999999
0.8132465
1.0
1.0
1.0
1.0
1.0
1.0
1.0
0.99999976
1.0
0.99990296
0.9999999
1.0
1.0
1.0
0.99999964
0.9999993
1.0
1.0
1.0
1.0
1.0
0.9980465
1.0
1.0
1.0
1.0
1.0
0.99995863
0.9999993
1.0
1.0
1.0
0.9999999
0.9985171
1.0
1.0
1.0
0.9999999
0.9999224
1.0
0.99977607
1.0
1.0
1.0
1.0
1.0
1.0
1.0
1.0
0.99999976
1.0
0.9999989
0.9999999
1.0
1.0
1.0
1.0
1.0
1.0
1.0
1.0
1.0
1.0
1.0
1.0
1.0
1.0
1.0
1.0
1.0
1.0
1.0
0.99999976
1.0
1.0
1.0
1.0
1.0
0.99999976
1.0
1.0
1.0
1.0
0.99999976
1.0
1.0
1.0
1.0
1.0
0.99999905
1.0
0.9999999
1.0
1.0
0.99999964
1.0
1.0
1.0
1.0
1.0
1.0
1.0
1.0
1.0
1.0
0.99999595
1.0
1.0
1.0
1.0
0.9999957
0.9999938
1.0
1.0
1.0
1.0
1.0
0.9999999
1.0
1.0
1.0
1.0
1.0
1.0
1.0
1.0
1.0
1.0
1.0
0.9999994
1.0
0.99999833
1.0
1.0
0.9999999
0.9999995
0.9999999
1.0
1.0
1.0
0.9999999
1.0
1.0
1.0
1.0
1.0
1.0
1.0
0.9999995
1.0
1.0
1.0
1.0
1.0
1.0
1.0
1.0
0.9999999
1.0
1.0
1.0
1.0
1.0
0.9999999
1.0
1.0
1.0
1.0
1.0
1.0
0.99720544
1.0
1.0
1.0
1.0
1.0
1.0
1.0
0.9999999
1.0
1.0
1.0
1.0
0.9997156
1.0
1.0
1.0
1.0
1.0
0.9999995
1.0
1.0
1.0
1.0
1.0
0.9999999
1.0
1.0
0.9999993
1.0
1.0
1.0
0.9864218
1.0
1.0
0.99999917
1.0
1.0
0.994696
1.0
0.9999995
1.0
1.0
1.0
1.0
0.99999976
1.0
1.0
1.0
1.0
0.99999976
1.0
1.0
1.0
1.0
1.0
1.0
1.0
1.0
1.0
1.0
1.0
1.0
1.0
1.0
1.0
1.0
0.9999995
1.0
1.0
1.0
1.0
0.99843675
1.0
0.9970149
1.0
0.99973744
1.0
1.0
1.0
1.0
1.0
1.0
1.0
1.0
1.0
0.9999999
1.0
1.0
1.0
0.9999995
0.99999976
0.9999999
1.0
0.9999896
1.0
1.0
1.0
1.0
1.0
1.0
0.9990023
1.0
1.0
1.0
1.0
1.0
1.0
1.0
1.0
1.0
1.0
1.0
1.0
1.0
0.99999976
0.9999999
0.9999995
1.0
0.66638947
0.9999999
1.0
1.0
0.9999993
1.0
0.9999999
1.0
1.0
0.99999964
1.0
1.0
1.0
1.0
0.9999999
0.9998211
0.9999999
1.0
1.0
0.99966645
1.0
1.0
0.99856323
0.9999881
1.0
1.0
1.0
1.0
1.0
1.0
1.0
1.0
0.9994136
1.0
1.0
1.0
1.0
1.0
1.0
1.0
1.0
1.0
0.9999951
1.0
1.0
1.0
1.0
1.0
1.0
1.0
1.0
1.0
0.9999999
1.0
1.0
1.0
1.0
1.0
1.0
1.0
1.0
1.0
1.0
1.0
1.0
1.0
1.0
1.0
1.0
1.0
1.0
1.0
1.0
1.0
1.0
1.0
1.0
0.9999999
1.0
1.0
1.0
1.0
1.0
1.0
1.0
0.8910096
1.0
1.0
1.0
0.9999999
1.0
1.0
1.0
1.0
1.0
1.0
1.0
1.0
1.0
1.0
1.0
1.0
1.0
1.0
1.0
1.0
1.0
1.0
1.0
1.0
1.0
1.0
1.0
1.0
0.9999999
1.0
1.0
1.0
1.0
1.0
1.0
1.0
1.0
1.0
1.0
1.0
1.0
1.0
1.0
1.0
1.0
1.0
1.0
1.0
0.99999976
1.0
1.0
1.0
1.0
1.0
1.0
1.0
1.0
1.0
1.0
1.0
1.0
1.0
1.0
1.0
1.0
1.0
1.0
1.0
1.0
1.0
1.0
1.0
1.0
1.0
0.9999994
0.99995255
1.0
1.0
1.0
1.0
1.0
1.0
1.0
1.0
0.9999969
0.9999864
1.0
1.0
1.0
1.0
1.0
1.0
1.0
1.0
1.0
0.99999976
1.0
1.0
1.0
1.0
1.0
1.0
1.0
1.0
1.0
1.0
1.0
1.0
1.0
1.0
1.0
1.0
1.0
1.0
1.0
1.0
1.0
0.9993505
0.9994879
1.0
1.0
1.0
1.0
1.0
1.0
0.99999654
1.0
1.0
1.0
1.0
1.0
1.0
1.0
1.0
1.0
1.0
1.0
1.0
0.99999976
1.0
1.0
1.0
1.0
1.0
1.0
1.0
1.0
1.0
1.0
1.0
1.0
1.0
1.0
1.0
1.0
1.0
1.0
1.0
1.0
1.0
1.0
1.0
1.0
1.0
1.0
1.0
1.0
0.9999989
1.0
1.0
0.99998057
1.0
1.0
1.0
1.0
1.0
1.0
1.0
1.0
1.0
1.0
1.0
1.0
1.0
1.0
1.0
1.0
0.99999917
1.0
1.0
0.99999404
1.0
1.0
1.0
1.0
0.9999999
1.0
1.0
1.0
1.0
1.0
1.0
1.0
1.0
1.0
1.0
1.0
1.0
1.0
1.0
1.0
1.0
1.0
1.0
0.99999905
0.9999957
1.0
1.0
1.0
1.0
1.0
1.0
1.0
1.0
1.0
1.0
1.0
0.9999989
1.0
0.9999995
1.0
1.0
0.9998004
1.0
1.0
1.0
1.0
0.99999857
1.0
1.0
1.0
0.9999862
1.0
1.0
1.0
1.0
1.0
1.0
0.9999999
1.0
1.0
0.99999356
1.0
1.0
0.997299
1.0
1.0
1.0
1.0
1.0
1.0
1.0
0.99999595
0.99999917
1.0
1.0
1.0
1.0
0.9999815
1.0
1.0
0.99999976
1.0
1.0
1.0
0.9999999
1.0
1.0
1.0
1.0
1.0
0.9999995
0.99999905
1.0
1.0
1.0
1.0
0.99999976
0.99999976
1.0
1.0
0.9982638
1.0
1.0
0.9999976
0.9999999
1.0
1.0
0.9999987
0.99999905
1.0
1.0
0.995099
1.0
0.99993706
0.99999976
1.0
0.9999658
1.0
0.9999963
0.99992573
0.99998903
1.0
1.0
1.0
1.0
0.9999287
0.9999565
1.0
1.0
1.0
0.99999976
0.9987185
0.9999974
1.0
1.0
1.0
1.0
1.0
1.0
1.0
1.0
1.0
1.0
1.0
0.9999975
1.0
1.0
1.0
1.0
1.0
1.0
1.0
1.0
0.9993475
0.99953175
0.99997413
1.0
1.0
1.0
1.0
0.99999964
1.0
1.0
1.0
1.0
0.9999999
1.0
1.0
0.99999917
1.0
1.0
1.0
1.0
0.99999976
1.0
1.0
0.9999999
1.0
1.0
1.0
0.99999404
1.0
1.0
1.0
1.0
0.99999046
0.9999995
1.0
1.0
1.0
1.0
0.9999988
1.0
1.0
0.99999976
1.0
1.0
0.9998153
1.0
1.0
1.0
1.0
1.0
0.9999981
1.0
1.0
1.0
1.0
1.0
0.9999881
1.0
0.64224535
0.9998623
0.9448824
1.0
1.0
1.0
0.9999999
1.0
0.9999989
0.9999989
1.0
0.9999994
1.0
1.0
1.0
0.7895003
1.0
1.0
0.99995804
1.0
1.0
1.0
1.0
1.0
1.0
0.9999989
1.0
1.0
1.0
1.0
1.0
1.0
1.0
1.0
0.99999976
0.9999994
1.0
1.0
0.99999917
0.9999989
1.0
1.0
1.0
1.0
1.0
1.0
1.0
1.0
1.0
1.0
0.9999999
1.0
1.0
1.0
1.0
1.0
1.0
1.0
1.0
1.0
1.0
1.0
1.0
1.0
1.0
1.0
1.0
0.9999974
0.999853
1.0
1.0
1.0
0.9999995
0.99999976
1.0
1.0
1.0
1.0
1.0
1.0
1.0
1.0
1.0
1.0
1.0
1.0
1.0
0.9999999
1.0
0.9999999
1.0
1.0
1.0
0.99999785
0.99961495
1.0
0.9999995
1.0
1.0
1.0
1.0
0.999998
1.0
1.0
1.0
1.0
1.0
1.0
0.99999976
1.0
1.0
1.0
1.0
1.0
1.0
1.0
1.0
1.0
1.0
1.0
1.0
1.0
1.0
1.0
1.0
1.0
1.0
1.0
1.0
1.0
1.0
1.0
1.0
1.0
1.0
1.0
1.0
1.0
1.0
1.0
1.0
1.0
1.0
0.9943615
1.0
1.0
1.0
1.0
1.0
1.0
1.0
0.9999994
1.0
0.99718565
0.9985098
1.0
0.99999976
0.9999999
1.0
1.0
1.0
1.0
1.0
1.0
1.0
1.0
1.0
1.0
1.0
1.0
1.0
1.0
0.99999595
1.0
1.0
1.0
1.0
1.0
0.9999988
1.0
1.0
1.0
0.99999833
1.0
1.0
1.0
1.0
1.0
0.9999999
1.0
0.9999999
1.0
0.99999785
1.0
1.0
1.0
1.0
1.0
1.0
0.9999999
0.9999945
0.99987555
0.9587251
0.98887783
0.9999931
0.99957615
1.0
1.0
1.0
0.99999917
1.0
1.0
1.0
1.0
1.0
0.99991727
0.9999999
0.99999976
1.0
0.99999917
1.0
0.98843956
0.9999999
1.0
1.0
0.99995494
1.0
0.9999918
1.0
0.9997029
1.0
1.0
1.0
1.0
1.0
1.0
0.99999416
1.0
0.99993837
0.99998474
1.0
0.99999905
1.0
0.9999999
0.9999975
0.9999995
1.0
0.9966191
0.98394436
0.99999857
0.99999774
0.99999166
0.9999993
0.9999981
0.99999964
0.9999739
1.0
0.9999993
0.9999795
1.0
1.0
1.0
0.99999976
0.9989504
0.9995919
0.9999999
0.9999999
1.0
0.9999995
1.0
0.99995375
0.9999089
0.99988663
0.99999297
0.9999927
0.99999654
0.99999833
0.9999925
0.9999995
1.0
1.0
1.0
1.0
1.0
1.0
0.99999976
0.99994123
1.0
1.0
0.9999486
1.0
0.99999976
0.99487054
0.9999999
0.99999774
0.9999989
1.0
0.9999988
1.0
0.9999999
1.0
0.97897905
1.0
0.9999229
0.9999989
1.0
1.0
1.0
0.99998486
1.0
0.9999999
0.9999975
1.0
0.9999999
0.9999963
1.0
0.999997
1.0
1.0
0.9999982
0.999985
1.0
1.0
1.0
1.0
0.9999987
1.0
1.0
1.0
0.9999999
1.0
0.9999399
1.0
1.0
1.0
1.0
0.99999976
0.9997837
0.9999988
0.99999964
1.0
0.9999999
1.0
1.0
1.0
1.0
1.0
0.9942351
0.9999999
1.0
1.0
1.0
1.0
1.0
1.0
1.0
1.0
0.96307945
1.0
0.99998856
1.0
1.0
0.9999999
1.0
1.0
1.0
1.0
0.99999857
1.0
1.0
1.0
1.0
1.0
0.9999999
1.0
0.9999999
1.0
1.0
0.9987393
1.0
1.0
0.9999995
1.0
1.0
1.0
1.0
1.0
1.0
1.0
1.0
0.99999535
1.0
0.9999994
1.0
1.0
1.0
1.0
1.0
1.0
1.0
1.0
1.0
1.0
1.0
1.0
1.0
1.0
1.0
1.0
1.0
1.0
1.0
1.0
1.0
1.0
1.0
1.0
1.0
1.0
1.0
1.0
1.0
1.0
0.9998031
1.0
1.0
1.0
0.9999697
1.0
1.0
1.0
1.0
0.6863544
1.0
0.99947435
1.0
1.0
1.0
0.97702503
0.9512464
0.99999523
1.0
1.0
0.9999999
1.0
0.9999999
1.0
1.0
1.0
1.0
1.0
1.0
1.0
1.0
0.99999964
1.0
1.0
1.0
1.0
1.0
1.0
1.0
1.0
1.0
1.0
1.0
1.0
1.0
1.0
1.0
1.0
1.0
1.0
1.0
1.0
1.0
1.0
1.0
1.0
1.0
1.0
1.0
1.0
1.0
1.0
1.0
1.0
1.0
1.0
1.0
1.0
1.0
1.0
1.0
1.0
1.0
1.0
1.0
1.0
1.0
1.0
1.0
1.0
1.0
1.0
1.0
1.0
1.0
1.0
0.99997747
1.0
1.0
1.0
1.0
1.0
1.0
1.0
1.0
1.0
1.0
1.0
1.0
1.0
1.0
1.0
1.0
1.0
1.0
1.0
1.0
1.0
1.0
1.0
1.0
1.0
1.0
1.0
1.0
1.0
1.0
1.0
1.0
1.0
1.0
1.0
1.0
1.0
1.0
1.0
1.0
1.0
1.0
1.0
1.0
1.0
1.0
1.0
1.0
1.0
1.0
1.0
1.0
1.0
1.0
1.0
1.0
1.0
1.0
1.0
1.0
1.0
0.9999999
1.0
1.0
0.9999999
1.0
0.9999999
1.0
1.0
1.0
1.0
1.0
1.0
1.0
1.0
1.0
1.0
1.0
1.0
1.0
1.0
1.0
1.0
1.0
1.0
1.0
1.0
1.0
1.0
1.0
1.0
1.0
1.0
1.0
0.99999964
1.0
1.0
1.0
1.0
1.0
1.0
1.0
1.0
1.0
1.0
1.0
1.0
1.0
1.0
1.0
1.0
1.0
0.9999999
1.0
1.0
1.0
1.0
1.0
1.0
1.0
1.0
1.0
1.0
1.0
1.0
1.0
1.0
1.0
1.0
1.0
1.0
1.0
1.0
1.0
1.0
1.0
1.0
1.0
1.0
1.0
1.0
1.0
1.0
1.0
1.0
1.0
1.0
0.99999714
0.99993634
0.9999951
1.0
1.0
1.0
1.0
1.0
1.0
0.9999931
1.0
1.0
1.0
1.0
1.0
1.0
1.0
0.99999964
1.0
1.0
0.9999871
1.0
1.0
1.0
1.0
1.0
1.0
0.99999905
1.0
0.99999964
1.0
1.0
1.0
1.0
1.0
0.999171
1.0
0.9999988
1.0
1.0
1.0
1.0
1.0
1.0
1.0
1.0
1.0
1.0
1.0
1.0
1.0
1.0
0.9999999
1.0
1.0
1.0
1.0
1.0
1.0
1.0
1.0
0.99999964
1.0
1.0
1.0
1.0
1.0
1.0
1.0
1.0
1.0
1.0
1.0
1.0
1.0
1.0
1.0
1.0
1.0
1.0
0.9999995
1.0
1.0
1.0
1.0
1.0
1.0
1.0
1.0
0.9999838
1.0
1.0
1.0
1.0
1.0
1.0
1.0
1.0
1.0
1.0
1.0
1.0
1.0
1.0
0.99995065
1.0
1.0
1.0
1.0
1.0
1.0
1.0
1.0
1.0
0.93705183
0.99999964
1.0
1.0
1.0
1.0
1.0
0.9999999
1.0
1.0
1.0
1.0
0.99999905
1.0
1.0
1.0
1.0
1.0
0.9999999
1.0
1.0
1.0
1.0
0.99999654
1.0
1.0
1.0
0.99870586
1.0
1.0
1.0
0.9999999
1.0
0.9992318
0.9999999
0.99999297
1.0
1.0
0.9999999
0.99999917
1.0
0.99999714
1.0
1.0
0.9999844
1.0
1.0
1.0
0.99970216
0.99585706
0.5656474
0.99999964
0.9974801
0.97317106
0.99999785
0.9176608
0.9688497
0.99999094
1.0
1.0
0.9999999
1.0
0.99999845
0.99994946
0.9996989
0.99999845
0.75826097
0.9632438
0.9999796
0.99975425
0.9999999
0.7186609
0.99999964
0.9980531
0.99999464
0.9999993
1.0
1.0
1.0
0.9999963
1.0
0.9999999
1.0
1.0
1.0
0.9999993
0.9999999
0.99983644
1.0
0.9999995
1.0
0.99931633
0.9494027
0.9984642
0.983163
1.0
1.0
0.9999993
0.9998091
1.0
0.9983354
1.0
1.0
0.9997677
0.99999845
0.99999976
1.0
1.0
0.99997306
0.9999181
0.9997178
1.0
0.99997866
0.9996176
0.9999993
1.0
0.9999964
0.9998534
0.99997807
0.9999999
0.62349653
1.0
0.99999964
0.99999976
1.0
1.0
0.99932957
0.9985897
1.0
1.0
1.0
1.0
1.0
1.0
1.0
1.0
1.0
1.0
1.0
0.9999988
0.99999666
1.0
1.0
1.0
1.0
1.0
0.4599612
0.99999833
1.0
1.0
1.0
1.0
1.0
1.0
1.0
1.0
0.99999404
0.99998736
1.0
1.0
1.0
1.0
0.9999999
1.0
1.0
0.99999964
1.0
0.9999968
0.99999964
1.0
1.0
1.0
0.99999416
1.0
1.0
0.99999976
1.0
1.0
1.0
1.0
1.0
1.0
1.0
0.99995685
1.0
1.0
0.99999547
0.99999976
1.0
0.999966
1.0
1.0
1.0
1.0
1.0
1.0
1.0
1.0
1.0
1.0
1.0
0.9999976
1.0
0.99999905
1.0
0.99999964
1.0
1.0
1.0
1.0
1.0
1.0
0.9999995
0.99999917
1.0
1.0
0.9999845
0.9999975
1.0
0.9999993
0.99999976
1.0
1.0
1.0
1.0
0.9999989
1.0
0.9999993
0.9999999
1.0
1.0
1.0
1.0
1.0
1.0
0.97943085
0.9997774
1.0
0.9999956
0.98620415
0.9999107
1.0
0.9999254
1.0
0.99999285
0.99999976
0.99999976
1.0
1.0
1.0
0.9991248
0.9995931
1.0
0.99999964
0.99999905
1.0
1.0
0.9999387
1.0
0.9999976
1.0
1.0
1.0
0.99990165
0.9999242
1.0
1.0
1.0
1.0
0.9999999
1.0
1.0
1.0
1.0
1.0
0.9999517
1.0
0.9999999
0.91835415
0.99999654
0.99999964
1.0
0.9999999
1.0
1.0
1.0
0.9999968
1.0
0.9999999
1.0
1.0
0.9995049
1.0
1.0
1.0
1.0
1.0
1.0
1.0
1.0
1.0
0.9999999
0.99999964
1.0
0.9999999
1.0
0.9999981
1.0
0.99999964
1.0
1.0
1.0
0.99999964
0.99999964
1.0
1.0
1.0
1.0
1.0
1.0
1.0
1.0
0.9999981
1.0
1.0
1.0
1.0
1.0
1.0
1.0
1.0
1.0
1.0
1.0
1.0
1.0
0.9999995
1.0
1.0
1.0
1.0
1.0
0.9831539
1.0
1.0
1.0
1.0
0.99999785
1.0
1.0
1.0
1.0
1.0
1.0
1.0
1.0
1.0
1.0
1.0
1.0
1.0
1.0
1.0
1.0
1.0
1.0
1.0
1.0
1.0
1.0
1.0
1.0
1.0
0.9999939
1.0
1.0
1.0
1.0
0.9999641
1.0
0.9999999
1.0
1.0
1.0
1.0
1.0
0.9999995
1.0
1.0
0.9999949
0.9999758
1.0
1.0
1.0
0.99999726
1.0
1.0
0.9999995
1.0
1.0
1.0
0.99999416
1.0
1.0
1.0
0.9999982
1.0
0.9999993
1.0
1.0
1.0
1.0
1.0
1.0
0.9999994
1.0
1.0
1.0
1.0
1.0
1.0
0.99999416
1.0
1.0
1.0
1.0
1.0
1.0
1.0
1.0
1.0
1.0
1.0
1.0
1.0
0.9999956
1.0
1.0
1.0
1.0
0.9999862
1.0
1.0
1.0
1.0
1.0
1.0
1.0
1.0
0.9999887
1.0
1.0
1.0
1.0
1.0
1.0
1.0
0.9999999
1.0
0.9999999
1.0
1.0
1.0
1.0
1.0
1.0
0.9999999
1.0
1.0
1.0
1.0
1.0
1.0
1.0
1.0
1.0
0.9999994
1.0
1.0
1.0
1.0
1.0
1.0
1.0
1.0
1.0
1.0
1.0
1.0
1.0
1.0
1.0
1.0
0.99999905
1.0
1.0
1.0
1.0
1.0
1.0
1.0
1.0
1.0
1.0
1.0
1.0
1.0
1.0
1.0
1.0
1.0
1.0
1.0
1.0
1.0
1.0
0.9999989
1.0
0.99999976
1.0
1.0
1.0
1.0
0.99999964
1.0
0.99999785
0.99999964
1.0
1.0
1.0
1.0
1.0
1.0
1.0
1.0
1.0
1.0
1.0
0.99999964
0.9999999
1.0
1.0
1.0
1.0
0.99994504
1.0
1.0
1.0
1.0
0.9998161
1.0
1.0
1.0
0.9999999
1.0
1.0
0.9999999
1.0
1.0
0.99999774
1.0
1.0
1.0
1.0
1.0
1.0
0.9999999
1.0
1.0
0.99999964
1.0
1.0
1.0
1.0
0.99999976
1.0
0.99999774
1.0
1.0
1.0
1.0
1.0
1.0
1.0
0.99999976
1.0
1.0
1.0
0.99999166
0.99998426
0.9999994
1.0
1.0
0.99999976
1.0
0.9999994
1.0
1.0
1.0
1.0
1.0
0.9999999
0.9999987
1.0
1.0
1.0
1.0
1.0
1.0
1.0
0.99999356
1.0
1.0
1.0
1.0
1.0
0.99725693
1.0
1.0
1.0
1.0
1.0
1.0
1.0
1.0
1.0
1.0
0.9999994
1.0
1.0
0.99973017
1.0
1.0
0.9999999
1.0
1.0
1.0
1.0
1.0
1.0
1.0
1.0
1.0
0.99999905
0.9999994
1.0
1.0
1.0
1.0
0.9988018
1.0
0.9999981
1.0
1.0
1.0
1.0
1.0
1.0
1.0
1.0
1.0
1.0
1.0
1.0
1.0
1.0
1.0
1.0
1.0
0.99999976
1.0
1.0
1.0
1.0
0.9999924
1.0
1.0
1.0
1.0
1.0
1.0
1.0
1.0
1.0
1.0
1.0
0.9999964
1.0
1.0
1.0
0.9999999
0.9999999
1.0
0.99942005
1.0
1.0
1.0
1.0
1.0
0.9999937
0.9999999
1.0
1.0
0.99995625
0.9999956
0.99999046
1.0
0.99819595
1.0
1.0
1.0
0.9613466
0.99999344
1.0
1.0
0.9999926
1.0
1.0
0.99999714
1.0
1.0
0.99999034
1.0
0.99999976
0.99999976
1.0
1.0
0.99999774
0.9999989
1.0
0.9940661
1.0
0.9999999
1.0
1.0
0.9999844
0.99999964
1.0
1.0
1.0
0.9999995
1.0
0.99998724
1.0
0.9999459
1.0
1.0
1.0
0.9999993
1.0
1.0
1.0
1.0
0.99998105
0.999995
0.9999989
1.0
0.99998474
1.0
1.0
0.99999917
1.0
0.99986935
0.9999988
1.0
1.0
0.99999976
1.0
1.0
1.0
1.0
1.0
1.0
0.9999994
1.0
1.0
1.0
1.0
1.0
1.0
1.0
1.0
1.0
1.0
1.0
1.0
0.99999976
1.0
1.0
1.0
1.0
1.0
1.0
1.0
1.0
1.0
1.0
1.0
1.0
0.9999999
1.0
1.0
1.0
1.0
0.9999826
1.0
1.0
1.0
1.0
1.0
1.0
1.0
1.0
1.0
1.0
1.0
1.0
1.0
1.0
1.0
1.0
1.0
1.0
1.0
1.0
1.0
1.0
1.0
1.0
0.9999999
1.0
1.0
1.0
1.0
1.0
1.0
1.0
1.0
1.0
0.99999964
1.0
1.0
1.0
0.9999989
0.99999547
1.0
1.0
1.0
1.0
0.9999323
1.0
0.99999976
1.0
1.0
1.0
1.0
1.0
1.0
1.0
1.0
1.0
1.0
1.0
1.0
1.0
1.0
1.0
1.0
1.0
1.0
0.99999976
1.0
1.0
1.0
1.0
1.0
1.0
1.0
1.0
1.0
1.0
1.0
1.0
1.0
1.0
0.99999833
1.0
0.9999999
1.0
1.0
1.0
1.0
1.0
1.0
1.0
1.0
1.0
1.0
0.9999999
0.9999999
1.0
1.0
1.0
1.0
1.0
0.9999999
1.0
1.0
0.9999937
1.0
0.9999988
0.9999994
1.0
1.0
1.0
1.0
1.0
0.99999917
0.999998
1.0
1.0
1.0
0.99999917
1.0
1.0
1.0
1.0
0.9996351
1.0
0.9979206
1.0
1.0
1.0
1.0
1.0
1.0
0.9998853
1.0
1.0
1.0
0.99999976
1.0
0.9997938
1.0
1.0
1.0
0.9954749
1.0
1.0
1.0
1.0
0.99999976
0.99999356
1.0
1.0
1.0
0.9994203
1.0
0.99999404
1.0
1.0
1.0
1.0
0.9999888
1.0
1.0
0.9999989
0.99967027
0.99999416
1.0
1.0
0.999998
1.0
1.0
1.0
1.0
1.0
1.0
0.9999821
1.0
1.0
1.0
1.0
1.0
1.0
0.9999994
0.9999937
0.999998
1.0
1.0
1.0
1.0
1.0
0.99997735
1.0
1.0
1.0
1.0
0.9999976
0.9999993
0.9999976
1.0
1.0
1.0
1.0
1.0
0.99999726
1.0
1.0
0.9999999
1.0
1.0
1.0
1.0
1.0
1.0
1.0
1.0
0.9999999
0.99999976
1.0
1.0
1.0
1.0
0.9999999
1.0
1.0
1.0
1.0
1.0
1.0
1.0
1.0
0.9999999
1.0
1.0
1.0
1.0
1.0
1.0
0.9999999
1.0
1.0
1.0
1.0
1.0
1.0
0.9999999
1.0
1.0
1.0
0.99999964
1.0
0.9999999
1.0
1.0
1.0
1.0
1.0
1.0
0.99998724
1.0
1.0
1.0
0.99999976
1.0
1.0
1.0
0.9999999
0.99999785
1.0
1.0
1.0
1.0
1.0
0.99999535
0.9999999
1.0
1.0
1.0
1.0
1.0
1.0
1.0
1.0
1.0
1.0
1.0
1.0
1.0
1.0
1.0
1.0
1.0
1.0
1.0
1.0
1.0
1.0
1.0
1.0
0.9999974
1.0
0.9999999
1.0
1.0
1.0
1.0
1.0
1.0
1.0
1.0
1.0
1.0
0.99999654
1.0
1.0
1.0
1.0
1.0
1.0
1.0
0.99999976
1.0
1.0
1.0
1.0
1.0
1.0
1.0
1.0
0.9999999
0.9999993
0.99998367
1.0
1.0
1.0
1.0
1.0
1.0
1.0
1.0
1.0
1.0
1.0
1.0
0.9999999
1.0
1.0
1.0
1.0
0.9999994
0.9999999
1.0
1.0
1.0
1.0
1.0
1.0
1.0
1.0
1.0
1.0
1.0
1.0
1.0
1.0
0.99999774
0.9999999
1.0
1.0
1.0
1.0
1.0
0.9999995
1.0
1.0
1.0
0.9999999
1.0
1.0
1.0
1.0
1.0
1.0
1.0
1.0
0.99998987
1.0
1.0
1.0
1.0
1.0
1.0
1.0
1.0
1.0
1.0
1.0
1.0
1.0
1.0
1.0
1.0
1.0
1.0
0.99999976
1.0
1.0
1.0
1.0
1.0
1.0
1.0
1.0
0.9999976
1.0
1.0
1.0
0.99999976
1.0
1.0
1.0
0.9999999
0.9999982
1.0
1.0
0.99999774
1.0
0.9999999
0.99991214
0.99997723
1.0
0.9999999
0.9999999
1.0
1.0
1.0
1.0
1.0
1.0
0.9999999
0.9999999
0.9999999
0.9999994
1.0
1.0
1.0
1.0
1.0
1.0
1.0
1.0
1.0
1.0
0.9999999
1.0
1.0
1.0
1.0
1.0
1.0
1.0
1.0
1.0
1.0
1.0
0.99998784
0.9999989
1.0
1.0
1.0
1.0
1.0
1.0
1.0
0.9999981
1.0
1.0
0.9999987
1.0
1.0
1.0
1.0
1.0
1.0
1.0
1.0
1.0
1.0
1.0
1.0
0.99998343
1.0
1.0
0.99998987
0.9999999
0.9999995
1.0
1.0
1.0
1.0
1.0
1.0
1.0
1.0
1.0
0.99999607
0.9999924
1.0
0.99999964
1.0
1.0
1.0
1.0
0.99999976
0.99999833
0.9999999
1.0
1.0
1.0
0.99999976
1.0
1.0
1.0
1.0
1.0
1.0
1.0
1.0
1.0
1.0
1.0
1.0
0.9999882
0.9999951
0.9998215
0.9999132
1.0
0.9999995
0.99928206
1.0
0.9993855
1.0
0.9255541
0.99999475
0.9999163
0.99999976
0.9995389
1.0
1.0
0.9970156
0.9999925
0.99999964
0.99999976
0.99998116
1.0
1.0
1.0
1.0
0.9999999
1.0
1.0
1.0
0.99999976
1.0
1.0
1.0
1.0
0.99999917
0.99999976
0.9999999
1.0
1.0
1.0
1.0
1.0
1.0
1.0
1.0
1.0
0.9999896
0.9999995
1.0
1.0
1.0
0.9999994
1.0
1.0
0.9999999
1.0
0.9999989
0.9999995
0.99999976
0.9995235
0.999997
1.0
0.99755955
0.99999547
1.0
0.9999981
1.0
1.0
1.0
1.0
1.0
0.99999917
0.9999993
1.0
0.99999356
0.99852496
0.99999344
0.99999917
0.9999789
1.0
0.99999785
0.9999713
1.0
1.0
0.9999995
0.9983405
1.0
0.99969923
0.99810225
1.0
1.0
1.0
1.0
1.0
1.0
1.0
1.0
1.0
1.0
1.0
1.0
1.0
1.0
1.0
1.0
0.99999976
1.0
1.0
1.0
1.0
1.0
1.0
1.0
1.0
1.0
1.0
1.0
1.0
1.0
1.0
1.0
1.0
1.0
1.0
0.9999999
1.0
1.0
1.0
1.0
1.0
1.0
0.9999751
1.0
1.0
1.0
1.0
1.0
1.0
0.99997103
1.0
1.0
1.0
1.0
1.0
1.0
0.9999753
0.99999964
1.0
1.0
1.0
0.9999925
0.99996626
1.0
1.0
1.0
1.0
1.0
1.0
0.9999988
1.0
1.0
1.0
1.0
0.99999964
1.0
1.0
1.0
1.0
0.99989796
1.0
1.0
1.0
1.0
1.0
1.0
1.0
0.99997175
1.0
1.0
1.0
0.99999917
1.0
1.0
1.0
1.0
1.0
1.0
1.0
1.0
1.0
0.9999969
1.0
1.0
1.0
1.0
1.0
1.0
1.0
1.0
1.0
1.0
1.0
1.0
0.99999475
1.0
1.0
1.0
0.9999999
1.0
1.0
1.0
1.0
1.0
1.0
1.0
1.0
1.0
1.0
1.0
0.83805233
1.0
0.99617
1.0
0.99998605
0.9999306
0.99817586
1.0
1.0
0.9999999
0.99998057
1.0
0.99996614
1.0
1.0
1.0
0.9999988
1.0
1.0
0.9999943
0.9999821
1.0
0.9999974
1.0
1.0
1.0
1.0
0.9999994
1.0
1.0
1.0
1.0
0.99989116
0.99972385
0.9999894
0.6953056
0.99867684
1.0
1.0
1.0
1.0
1.0
1.0
0.99988675
0.99994993
0.9997782
0.9999385
0.9999454
0.9999889
1.0
1.0
0.99998426
1.0
0.9999999
0.9999999
1.0
0.9999479
1.0
1.0
1.0
1.0
1.0
1.0
1.0
0.99999976
1.0
1.0
1.0
1.0
0.9996301
1.0
1.0
1.0
1.0
1.0
1.0
1.0
1.0
1.0
1.0
0.9999999
1.0
1.0
1.0
0.99999905
1.0
1.0
1.0
1.0
1.0
1.0
1.0
0.99998665
1.0
0.99999976
1.0
1.0
0.9999999
1.0
1.0
1.0
1.0
1.0
1.0
1.0
0.99999905
0.99999666
1.0
1.0
1.0
1.0
1.0
1.0
0.9999999
1.0
1.0
1.0
1.0
1.0
1.0
1.0
1.0
0.9997969
0.99881977
0.99999297
0.9999964
1.0
1.0
0.9999999
1.0
1.0
1.0
1.0
1.0
1.0
1.0
1.0
0.99995375
0.99999964
0.99999976
1.0
1.0
1.0
1.0
0.99999964
1.0
1.0
1.0
1.0
1.0
1.0
1.0
1.0
1.0
1.0
1.0
1.0
1.0
0.9999999
1.0
1.0
1.0
1.0
1.0
1.0
1.0
1.0
1.0
0.9999999
0.99999285
0.9999988
1.0
0.99999964
1.0
1.0
1.0
1.0
1.0
1.0
1.0
1.0
1.0
1.0
1.0
0.99998605
0.9999964
0.99999654
0.9966505
1.0
1.0
1.0
0.99999976
1.0
0.9999999
0.99999964
0.99999535
0.999997
0.9999968
1.0
1.0
0.99999404
1.0
1.0
0.99999726
1.0
1.0
0.99999976
1.0
1.0
0.9999987
1.0
1.0
1.0
0.99999845
0.9660334
0.9999995
0.99999976
1.0
0.9999896
0.99997437
0.9999858
1.0
0.9999995
0.99999964
0.9999995
0.9999999
1.0
0.99998105
0.9999951
0.99999857
0.9999999
1.0
1.0
1.0
1.0
1.0
1.0
1.0
1.0
0.9999999
1.0
1.0
1.0
1.0
0.9999999
1.0
0.99999917
1.0
1.0
1.0
1.0
1.0
0.9952872
1.0
0.9999999
1.0
0.99998593
0.9882356
1.0
1.0
0.9999993
0.9998503
0.9999988
0.99999726
0.9999939
0.9999988
0.9383721
0.9859577
1.0
1.0
1.0
1.0
1.0
0.9998097
1.0
0.99999917
0.99999976
1.0
1.0
1.0
0.9999968
1.0
1.0
1.0
1.0
1.0
1.0
1.0
1.0
1.0
0.9999995
1.0
0.9999999
1.0
1.0
1.0
1.0
1.0
1.0
1.0
1.0
1.0
1.0
0.9999999
1.0
1.0
1.0
1.0
1.0
1.0
1.0
1.0
1.0
0.99999976
1.0
0.99999976
0.9999956
0.99487513
1.0
1.0
1.0
1.0
1.0
0.8411791
0.99999917
1.0
1.0
1.0
1.0
0.99999964
0.9999999
1.0
0.9999995
1.0
1.0
1.0
1.0
1.0
0.9999988
1.0
1.0
1.0
1.0
1.0
1.0
1.0
1.0
0.9966601
1.0
0.67072225
1.0
1.0
1.0
1.0
1.0
1.0
1.0
1.0
1.0
1.0
1.0
1.0
1.0
0.9999993
1.0
1.0
0.9999999
0.9999925
1.0
1.0
1.0
1.0
0.9999999
1.0
1.0
1.0
1.0
1.0
1.0
1.0
1.0
1.0
1.0
1.0
1.0
1.0
1.0
1.0
1.0
1.0
1.0
1.0
1.0
1.0
1.0
1.0
1.0
1.0
1.0
1.0
0.9999951
1.0
1.0
1.0
1.0
1.0
1.0
1.0
1.0
1.0
0.9999665
1.0
1.0
1.0
1.0
1.0
1.0
0.9999995
1.0
1.0
1.0
1.0
1.0
1.0
1.0
1.0
1.0
0.99999964
1.0
1.0
1.0
0.99999976
0.99999845
1.0
1.0
1.0
0.9999758
0.99999976
0.9999994
0.9999999
1.0
1.0
1.0
0.99980265
0.99999976
0.99999833
1.0
1.0
1.0
0.99998343
0.9994485
0.9999999
1.0
1.0
1.0
1.0
0.9999901
1.0
1.0
1.0
0.99999833
0.99238366
0.99999917
0.9999995
0.99998903
0.9999999
0.9999999
0.9999999
0.7114827
1.0
0.99999917
1.0
1.0
1.0
1.0
1.0
1.0
0.9999994
1.0
0.9999994
0.9999993
0.9999944
0.99999976
0.9999999
0.99999964
1.0
0.99999034
1.0
1.0
1.0
1.0
1.0
1.0
1.0
1.0
1.0
1.0
1.0
1.0
1.0
1.0
1.0
1.0
1.0
1.0
1.0
1.0
1.0
1.0
1.0
1.0
1.0
1.0
1.0
1.0
1.0
1.0
1.0
1.0
1.0
1.0
1.0
1.0
1.0
1.0
0.9999213
1.0
1.0
1.0
1.0
1.0
1.0
1.0
1.0
0.9999993
1.0
1.0
1.0
1.0
1.0
1.0
1.0
1.0
0.9999999
1.0
1.0
1.0
1.0
0.9999989
1.0
1.0
1.0
1.0
1.0
1.0
1.0
0.9999999
1.0
1.0
1.0
1.0
1.0
1.0
1.0
1.0
1.0
1.0
1.0
1.0
1.0
1.0
1.0
1.0
1.0
1.0
1.0
1.0
1.0
0.9999989
1.0
1.0
1.0
1.0
1.0
1.0
1.0
1.0
1.0
1.0
1.0
1.0
1.0
1.0
1.0
0.9999994
1.0
1.0
1.0
1.0
1.0
1.0
1.0
1.0
1.0
1.0
1.0
1.0
0.9999999
1.0
1.0
1.0
1.0
1.0
1.0
1.0
1.0
1.0
1.0
1.0
1.0
1.0
1.0
1.0
1.0
1.0
1.0
1.0
1.0
1.0
1.0
1.0
1.0
1.0
1.0
1.0
1.0
1.0
1.0
1.0
1.0
1.0
1.0
1.0
1.0
1.0
1.0
1.0
1.0
1.0
1.0
1.0
1.0
1.0
1.0
1.0
1.0
1.0
1.0
1.0
1.0
1.0
1.0
1.0
1.0
1.0
1.0
1.0
1.0
1.0
1.0
1.0
1.0
1.0
1.0
1.0
1.0
1.0
1.0
1.0
0.9999747
1.0
1.0
1.0
0.9999995
1.0
1.0
1.0
1.0
1.0
1.0
1.0
1.0
1.0
1.0
1.0
1.0
1.0
1.0
1.0
1.0
1.0
1.0
1.0
1.0
1.0
1.0
1.0
1.0
1.0
1.0
1.0
1.0
1.0
1.0
1.0
1.0
1.0
1.0
1.0
1.0
1.0
1.0
0.9999999
1.0
1.0
1.0
1.0
1.0
1.0
1.0
1.0
1.0
1.0
1.0
1.0
1.0
1.0
1.0
1.0
1.0
1.0
1.0
1.0
1.0
1.0
1.0
1.0
0.99999976
1.0
1.0
1.0
1.0
1.0
1.0
1.0
1.0
1.0
1.0
1.0
1.0
0.9999957
1.0
1.0
1.0
1.0
1.0
1.0
1.0
1.0
1.0
1.0
1.0
1.0
1.0
1.0
1.0
1.0
1.0
1.0
1.0
1.0
1.0
1.0
1.0
1.0
1.0
1.0
1.0
1.0
1.0
1.0
1.0
1.0
1.0
1.0
1.0
1.0
1.0
1.0
1.0
1.0
1.0
1.0
1.0
1.0
1.0
1.0
1.0
1.0
1.0
1.0
1.0
1.0
1.0
1.0
1.0
1.0
1.0
1.0
1.0
1.0
1.0
1.0
0.99999976
1.0
1.0
1.0
1.0
0.99999106
1.0
0.99999774
1.0
1.0
1.0
1.0
1.0
1.0
1.0
0.9999999
1.0
1.0
0.9999999
1.0
1.0
1.0
1.0
1.0
0.99999785
1.0
1.0
1.0
1.0
1.0
1.0
0.9999999
1.0
1.0
1.0
1.0
1.0
1.0
1.0
1.0
1.0
1.0
1.0
1.0
1.0
1.0
1.0
1.0
0.9999999
0.99999905
1.0
1.0
1.0
1.0
1.0
1.0
1.0
1.0
1.0
1.0
1.0
1.0
0.9999995
1.0
1.0
1.0
1.0
1.0
1.0
1.0
0.9999571
1.0
1.0
1.0
1.0
1.0
1.0
1.0
1.0
1.0
1.0
0.9999999
1.0
1.0
1.0
0.99999976
1.0
1.0
1.0
0.9999999
1.0
1.0
0.9999995
1.0
0.9999999
1.0
1.0
0.9999958
0.99999666
1.0
1.0
1.0
1.0
1.0
0.999998
1.0
1.0
1.0
1.0
1.0
1.0
1.0
1.0
0.999998
1.0
1.0
0.99999905
1.0
1.0
1.0
0.9999995
0.9999993
0.9999999
0.99999285
1.0
1.0
1.0
0.99938154
0.99999774
1.0
0.9998572
1.0
0.99996734
0.99997354
0.99988425
0.9998938
1.0
0.9827602
1.0
1.0
1.0
1.0
0.99266136
0.99948275
0.99999976
1.0
1.0
1.0
1.0
0.9999988
1.0
1.0
1.0
1.0
0.9999677
0.9999999
0.9999994
0.9999988
1.0
1.0
1.0
0.99999964
0.9999864
0.999926
1.0
1.0
1.0
0.99999714
0.9999999
0.9999995
1.0
0.9999999
1.0
1.0
1.0
0.9999906
0.9999999
1.0
1.0
0.9999994
0.9999999
1.0
1.0
1.0
1.0
1.0
1.0
0.99986756
1.0
0.9978752
1.0
1.0
1.0
1.0
1.0
1.0
1.0
0.9999999
1.0
1.0
1.0
1.0
1.0
1.0
1.0
1.0
1.0
0.9999999
1.0
1.0
1.0
1.0
1.0
1.0
1.0
1.0
1.0
1.0
1.0
1.0
1.0
1.0
1.0
1.0
1.0
1.0
1.0
1.0
0.999992
1.0
0.99999964
1.0
1.0
1.0
1.0
1.0
1.0
1.0
1.0
1.0
1.0
0.99995136
1.0
1.0
1.0
0.9999889
1.0
1.0
1.0
1.0
1.0
1.0
1.0
1.0
1.0
1.0
1.0
1.0
1.0
0.9999999
1.0
1.0
1.0
1.0
0.9999999
1.0
1.0
1.0
1.0
1.0
1.0
1.0
1.0
1.0
1.0
1.0
0.99959546
1.0
1.0
1.0
1.0
0.9999995
1.0
1.0
1.0
1.0
1.0
1.0
0.99999976
1.0
1.0
1.0
1.0
1.0
1.0
1.0
1.0
1.0
0.99999976
1.0
1.0
1.0
1.0
1.0
1.0
1.0
0.99999857
1.0
0.9999999
1.0
1.0
1.0
1.0
1.0
1.0
1.0
1.0
1.0
0.99999905
1.0
1.0
1.0
1.0
1.0
1.0
1.0
1.0
1.0
1.0
1.0
1.0
1.0
0.99999857
0.9999999
0.9999999
1.0
0.99999976
1.0
1.0
1.0
0.9999988
1.0
1.0
0.99999964
1.0
1.0
1.0
1.0
1.0
1.0
1.0
0.99999976
1.0
1.0
1.0
1.0
1.0
1.0
1.0
0.9999987
1.0
1.0
1.0
1.0
1.0
1.0
1.0
0.9999999
1.0
1.0
0.99999344
0.99999213
1.0
0.9999999
1.0
1.0
0.9999999
0.99999976
1.0
1.0
1.0
1.0
1.0
0.99999976
1.0
0.9999999
1.0
1.0
1.0
1.0
1.0
1.0
1.0
1.0
1.0
1.0
1.0
1.0
0.99991965
1.0
1.0
1.0
1.0
1.0
1.0
1.0
1.0
1.0
1.0
1.0
1.0
1.0
1.0
1.0
0.99999976
1.0
1.0
1.0
1.0
1.0
1.0
1.0
1.0
1.0
1.0
1.0
1.0
1.0
1.0
1.0
1.0
1.0
1.0
1.0
1.0
1.0
1.0
1.0
1.0
1.0
1.0
1.0
1.0
1.0
1.0
1.0
1.0
1.0
1.0
0.9999999
1.0
1.0
1.0
1.0
1.0
1.0
1.0
1.0
1.0
1.0
0.9997789
1.0
1.0
1.0
0.9999994
1.0
1.0
1.0
0.9999999
1.0
1.0
0.9999999
1.0
1.0
1.0
1.0
1.0
1.0
1.0
1.0
1.0
1.0
1.0
1.0
1.0
1.0
1.0
1.0
1.0
1.0
1.0
1.0
1.0
0.99999964
1.0
0.99999976
1.0
1.0
1.0
1.0
0.9999316
1.0
1.0
0.9999995
1.0
1.0
0.99999917
1.0
1.0
1.0
0.999982
1.0
1.0
1.0
1.0
1.0
0.99999976
1.0
1.0
1.0
1.0
1.0
1.0
1.0
1.0
1.0
1.0
1.0
1.0
0.99999905
1.0
1.0
1.0
1.0
1.0
1.0
1.0
1.0
1.0
0.9978155
0.9999827
0.9999999
1.0
0.9999403
0.99998534
1.0
1.0
1.0
1.0
1.0
1.0
1.0
1.0
1.0
1.0
1.0
1.0
1.0
1.0
1.0
1.0
1.0
1.0
1.0
0.9991084
1.0
1.0
1.0
1.0
1.0
1.0
1.0
1.0
1.0
0.9999958
1.0
1.0
1.0
1.0
1.0
1.0
0.99999976
1.0
1.0
1.0
1.0
1.0
1.0
1.0
1.0
1.0
1.0
1.0
1.0
1.0
1.0
1.0
1.0
1.0
1.0
1.0
1.0
1.0
1.0
1.0
1.0
1.0
1.0
1.0
0.9999888
0.99921024
1.0
0.99999785
0.99999964
1.0
0.9999999
1.0
1.0
0.9999609
0.99999976
0.9999999
1.0
1.0
0.9995685
1.0
1.0
0.99999106
1.0
1.0
1.0
0.9999788
1.0
1.0
1.0
1.0
0.9999721
1.0
1.0
1.0
1.0
0.9999987
1.0
1.0
1.0
1.0
0.9999962
1.0
1.0
0.9940639
1.0
1.0
1.0
0.99999845
0.99999964
0.9999974
1.0
0.99996114
0.99999976
0.99575496
1.0
1.0
1.0
1.0
1.0
0.9999957
1.0
1.0
0.9999999
1.0
1.0
1.0
1.0
1.0
1.0
0.9999999
1.0
1.0
1.0
0.99999976
1.0
0.99999976
1.0
1.0
1.0
1.0
1.0
1.0
0.9999999
1.0
0.99999535
1.0
1.0
1.0
1.0
0.9999993
1.0
1.0
1.0
0.99999976
1.0
1.0
1.0
1.0
1.0
1.0
0.99714524
1.0
1.0
1.0
0.9999999
1.0
1.0
0.9999999
1.0
0.9999999
1.0
1.0
0.9999994
1.0
1.0
1.0
1.0
1.0
1.0
1.0
0.99995303
1.0
1.0
0.9999976
1.0
0.99699783
0.9999933
1.0
1.0
1.0
0.9999771
0.9999994
1.0
0.99196506
1.0
0.99996257
0.99999964
1.0
0.9999802
1.0
0.9790492
0.9999999
1.0
1.0
1.0
0.99999976
1.0
0.9779349
1.0
0.99946827
0.9999995
0.65316623
1.0
1.0
0.99998164
0.8918478
0.9980427
0.9999999
0.9994473
1.0
1.0
1.0
0.9999882
0.9999999
1.0
0.9999628
0.99941576
1.0
0.9999995
1.0
0.99998367
0.99999917
1.0
1.0
0.999892
1.0
0.9999957
0.9733349
0.99999857
0.99999976
1.0
1.0
0.99899954
1.0
1.0
0.9999987
1.0
0.9999999
1.0
0.9999982
0.99997854
0.9999976
0.5079694
1.0
1.0
1.0
0.99999976
1.0
1.0
0.9999999
0.9998355
1.0
0.9999999
1.0
0.9999999
0.7990047
0.998692
0.9997062
1.0
1.0
1.0
0.73950326
0.999946
0.9999896
0.99999833
1.0
0.9999999
1.0
1.0
1.0
1.0
1.0
1.0
0.9999999
1.0
0.9999999
0.9999999
0.99995923
1.0
0.99988794
1.0
1.0
0.9999999
0.9999995
1.0
1.0
0.9999999
1.0
0.9999993
0.99999857
1.0
1.0
0.9999974
0.99997735
0.99999905
1.0
0.9999757
1.0
0.99999964
0.99999774
0.9999999
1.0
1.0
0.9999912
0.9999988
1.0
1.0
1.0
0.9999999
1.0
1.0
1.0
0.9999956
0.99999356
0.9998803
0.999998
0.99999964
0.999997
0.9998815
0.9999999
1.0
1.0
1.0
0.999998
1.0
0.99995434
1.0
1.0
1.0
1.0
0.99999964
0.9887322
1.0
0.99901474
1.0
1.0
1.0
0.99999964
1.0
0.9999999
0.9999993
0.99999976
0.99986315
1.0
0.9999982
0.99356645
1.0
1.0
1.0
1.0
1.0
1.0
1.0
1.0
1.0
0.53447604
0.9996908
1.0
0.99997795
0.9999995
1.0
1.0
0.99999833
0.9999591
1.0
1.0
1.0
1.0
1.0
1.0
1.0
0.99999464
1.0
1.0
0.98665214
1.0
1.0
1.0
0.9999999
0.99999857
1.0
1.0
0.9999995
0.9999999
1.0
1.0
1.0
1.0
1.0
0.99999976
1.0
0.9997813
0.9999999
1.0
0.9999964
1.0
1.0
1.0
1.0
1.0
0.99999976
0.9999999
0.8897227
0.99998844
0.99999976
1.0
1.0
1.0
1.0
0.99999964
0.99933213
0.9999999
0.9999999
0.9637854
1.0
1.0
1.0
1.0
0.9999918
0.99993443
1.0
0.99994075
1.0
1.0
1.0
0.99999595
1.0
1.0
1.0
1.0
0.99995637
1.0
1.0
1.0
1.0
1.0
1.0
0.99990666
1.0
1.0
1.0
1.0
0.98914856
1.0
1.0
1.0
0.99994767
0.9999994
1.0
0.9999807
1.0
0.9971928
1.0
0.99998057
0.9995327
1.0
0.99997926
0.9999999
1.0
1.0
1.0
1.0
1.0
1.0
1.0
0.9999988
0.99999535
0.99809676
0.9985176
0.99996746
1.0
1.0
1.0
1.0
1.0
0.9999951
0.9999949
1.0
1.0
0.9999994
1.0
1.0
1.0
1.0
1.0
0.99991703
0.9999999
1.0
0.99999976
1.0
1.0
1.0
1.0
1.0
1.0
1.0
1.0
1.0
0.9999999
1.0
0.99999785
1.0
0.99999976
0.99999857
0.9999969
1.0
1.0
1.0
1.0
1.0
1.0
1.0
1.0
0.9999999
1.0
1.0
1.0
0.99999976
0.99999976
0.9999999
1.0
1.0
1.0
1.0
1.0
1.0
1.0
1.0
0.9999994
1.0
1.0
1.0
1.0
0.99999785
1.0
1.0
1.0
1.0
0.9999937
0.9999943
1.0
0.9999963
1.0
0.9999944
0.9999999
0.68338305
1.0
0.9999994
0.99999654
1.0
1.0
1.0
1.0
1.0
1.0
1.0
0.99999964
1.0
1.0
1.0
1.0
1.0
1.0
