1.0
0.9999994
1.0
0.99999976
1.0
0.999998
0.99997747
0.9999993
0.9997702
1.0
1.0
1.0
0.9999995
1.0
1.0
1.0
0.9999999
0.9999999
0.99246055
1.0
0.9999988
0.99999905
1.0
1.0
1.0
1.0
1.0
1.0
0.999987
0.9999994
1.0
0.9999757
0.99999976
0.9999999
0.99999917
1.0
0.9999893
0.99999964
0.9999993
0.99999976
1.0
0.9999913
0.9999993
0.9999989
0.999912
1.0
0.9999225
1.0
0.99999475
1.0
0.9999994
1.0
1.0
1.0
1.0
0.9999993
1.0
1.0
1.0
1.0
0.9999999
1.0
0.9936447
0.99998045
1.0
0.9999994
0.99999976
0.99999917
1.0
1.0
0.9999999
1.0
1.0
0.99923015
0.99999785
1.0
1.0
1.0
0.99999297
0.9999833
0.9999722
1.0
1.0
1.0
1.0
1.0
0.9999993
0.99999523
1.0
0.9999863
1.0
1.0
0.853291
0.9999113
0.99999976
0.9997228
0.995551
0.99999845
1.0
1.0
1.0
1.0
1.0
1.0
0.9999976
1.0
1.0
0.99998724
0.9999999
1.0
1.0
0.99997985
0.9999999
1.0
1.0
0.99590826
1.0
1.0
0.99999964
0.99847096
1.0
0.9999896
1.0
1.0
0.99973947
0.99995184
0.99999976
1.0
1.0
1.0
1.0
0.9999989
1.0
0.9999987
1.0
1.0
0.9999974
0.999998
1.0
0.99997437
1.0
1.0
1.0
1.0
1.0
0.99999964
1.0
1.0
1.0
0.97222036
1.0
0.97569466
1.0
1.0
0.9999988
1.0
1.0
1.0
0.99998
1.0
0.9999523
1.0
1.0
1.0
1.0
1.0
1.0
0.9999895
0.9999999
1.0
1.0
0.996819
1.0
0.9999999
1.0
0.99922836
0.9999999
1.0
1.0
1.0
0.99999964
1.0
1.0
1.0
0.9998628
0.9999993
1.0
1.0
1.0
0.9999802
0.9993831
0.9998035
0.9999999
0.9996891
1.0
0.99992037
1.0
0.99999714
0.9999999
0.99957484
0.9999999
1.0
0.99999917
0.99999714
0.9999999
1.0
0.99999917
0.99999976
1.0
0.9925855
1.0
0.9997055
1.0
1.0
0.9999697
0.9999988
1.0
0.9989047
1.0
1.0
0.99999845
0.9997328
0.99999976
0.99999976
0.99999964
1.0
0.99999845
1.0
0.99999964
0.99999964
0.9999995
1.0
0.9999999
1.0
0.9999995
1.0
1.0
1.0
1.0
0.99999964
1.0
0.9999534
0.9999962
0.9999808
0.9999999
0.9998091
1.0
0.99971575
0.99999523
1.0
0.9999999
0.99999046
1.0
1.0
1.0
0.9996406
0.9999999
0.99999225
0.9999801
0.9205757
1.0
1.0
1.0
1.0
0.9997737
1.0
0.99600804
1.0
0.9999995
1.0
0.9999994
0.99999964
0.99999833
0.9999943
0.99999964
0.9999999
1.0
1.0
1.0
0.9999999
0.99999976
1.0
0.9978916
1.0
1.0
1.0
0.9999931
0.9999964
0.99999833
0.9999999
0.9994824
0.99999714
0.9999745
1.0
1.0
1.0
1.0
0.9999988
0.9999999
1.0
1.0
0.9999995
1.0
1.0
1.0
1.0
1.0
1.0
0.9999968
1.0
1.0
0.99999964
0.9999995
0.99999857
1.0
1.0
0.9999994
0.9999999
0.9999932
1.0
0.9929951
0.8194543
0.99999976
1.0
0.99988806
0.9999987
0.9994816
1.0
0.99999857
1.0
1.0
1.0
1.0
0.99999976
1.0
1.0
0.9999101
0.9992218
1.0
0.99999666
0.726599
0.9999994
1.0
0.99999964
1.0
1.0
0.99999917
1.0
0.9999999
1.0
0.99998045
1.0
1.0
0.9999981
0.99999475
1.0
1.0
0.9999962
0.9952982
0.82665485
0.9999999
1.0
0.9999918
1.0
1.0
1.0
0.9998766
1.0
0.99998736
1.0
1.0
1.0
0.99999976
1.0
1.0
1.0
0.9999995
0.9999987
1.0
1.0
0.99999964
0.9998392
1.0
1.0
1.0
1.0
0.9999882
1.0
0.99998784
0.999995
0.99999976
0.99996614
1.0
0.99999833
0.9999988
1.0
1.0
1.0
1.0
0.99999547
0.9999703
1.0
1.0
1.0
0.999997
1.0
0.9999999
1.0
0.9999999
0.99999726
1.0
0.9999677
0.99999654
0.99999976
0.9999989
0.99755293
1.0
0.998104
1.0
0.9999995
1.0
0.9999999
0.9999999
1.0
1.0
1.0
1.0
0.99999976
1.0
1.0
1.0
1.0
1.0
1.0
1.0
0.99994147
1.0
0.9999999
0.9999931
0.99999833
1.0
0.99999857
0.9999969
0.999997
0.9986738
0.71399283
0.9999802
0.97550577
0.9997812
0.9672098
0.9937126
1.0
1.0
1.0
1.0
0.9999999
0.9999999
0.99996483
1.0
0.9999999
0.99999726
0.9999999
0.99978524
1.0
0.99980754
0.9999999
1.0
1.0
0.99998987
0.9999999
1.0
1.0
1.0
0.9999999
1.0
0.99999964
1.0
1.0
0.9999043
0.9999094
1.0
1.0
1.0
1.0
1.0
1.0
1.0
1.0
0.9999956
1.0
0.9999881
0.99999857
0.99999654
1.0
1.0
0.96837336
1.0
0.9986237
0.9999635
0.9999999
1.0
1.0
1.0
1.0
0.9999912
1.0
0.9999999
0.99972945
0.999432
1.0
0.99999917
0.99999976
1.0
1.0
0.99999976
1.0
1.0
1.0
1.0
0.99999976
1.0
0.99999964
1.0
0.9999212
1.0
1.0
0.9999995
1.0
0.9999901
1.0
0.9999994
0.9999988
0.99997413
1.0
0.9999976
1.0
0.99999964
1.0
1.0
0.9999993
1.0
1.0
0.99998116
0.9999294
1.0
0.99999857
1.0
0.9999838
0.9999989
0.9999999
1.0
0.9844728
0.99971074
1.0
1.0
1.0
0.9999999
0.9993919
1.0
0.9999418
1.0
0.99999976
1.0
1.0
1.0
1.0
1.0
1.0
0.9999999
0.99999857
1.0
0.9999932
1.0
0.9999999
1.0
1.0
0.9999994
1.0
1.0
1.0
0.9999981
1.0
0.982029
0.9846992
0.99999607
1.0
1.0
0.99999523
1.0
1.0
1.0
0.9972007
1.0
0.99997675
0.9999951
1.0
1.0
0.9999906
1.0
1.0
1.0
0.9999993
1.0
1.0
1.0
0.9999677
1.0
1.0
1.0
1.0
1.0
0.9999987
1.0
0.9999019
1.0
0.99995434
1.0
0.9999999
0.99998045
0.9906551
0.9999999
1.0
1.0
0.99999857
0.99999726
0.99126434
1.0
1.0
0.9999999
0.99999845
1.0
1.0
1.0
1.0
1.0
0.99998796
1.0
0.99999833
1.0
0.9999943
0.99998224
1.0
0.9999838
1.0
1.0
0.99975735
0.9997291
0.9999995
1.0
0.99999917
0.9999974
0.99999976
1.0
1.0
1.0
0.99999976
1.0
0.9999999
0.99938047
0.6481218
1.0
0.9999571
1.0
1.0
1.0
1.0
0.9999999
0.99996996
1.0
0.9999999
1.0
1.0
1.0
0.99999905
0.98893213
0.9999999
0.9999386
0.9999995
0.99999774
0.99999046
0.9999999
1.0
0.9999995
0.99999857
0.91677654
0.99999964
1.0
1.0
0.99991095
0.97518516
0.99999976
0.9999654
1.0
0.9999999
0.9999994
0.9999989
0.9999958
1.0
0.9999994
0.9999956
0.99990714
1.0
0.9999994
1.0
1.0
0.9999999
1.0
1.0
1.0
1.0
1.0
1.0
0.99999976
1.0
1.0
0.9999988
0.5997514
0.9574324
1.0
1.0
0.9915615
1.0
1.0
0.99475384
1.0
1.0
0.96916234
1.0
0.99998796
0.99999976
0.99999595
1.0
1.0
1.0
0.9999999
1.0
0.9999924
0.99999964
0.9714494
0.99999964
0.9990115
0.9999927
1.0
0.9999964
1.0
0.9999939
0.9997999
1.0
1.0
1.0
1.0
1.0
1.0
1.0
0.9999995
0.9999993
0.99999905
1.0
1.0
1.0
0.99982834
0.9996087
0.99998367
1.0
1.0
1.0
1.0
0.99997854
1.0
0.9999987
1.0
0.9999864
0.9999958
1.0
1.0
1.0
1.0
1.0
1.0
1.0
0.9996395
0.9999814
0.9999994
0.99999976
0.99999964
0.99999726
0.9980008
1.0
1.0
0.99925584
0.99997544
0.99999785
1.0
1.0
1.0
0.9999987
1.0
0.99999547
0.9999989
1.0
0.9999869
1.0
1.0
1.0
0.9999982
1.0
1.0
1.0
1.0
0.9999999
0.99995255
1.0
1.0
0.99495184
0.9999999
1.0
0.99997866
0.99999917
1.0
1.0
0.9999999
1.0
0.99999976
0.99999845
1.0
1.0
0.9999999
1.0
0.9999999
0.99999964
1.0
0.99999666
1.0
0.99998486
0.99999917
0.9999999
0.9999999
1.0
1.0
0.9999509
0.9999198
1.0
0.99999976
1.0
0.9998363
0.99999964
0.78689414
1.0
1.0
1.0
1.0
1.0
1.0
0.9999994
0.99999976
1.0
1.0
0.9999937
1.0
0.99999464
1.0
1.0
1.0
1.0
1.0
1.0
0.99999905
1.0
1.0
1.0
0.9990902
1.0
0.99999857
1.0
0.9999974
0.99999833
1.0
0.9999995
0.99999774
1.0
0.99999976
0.99948967
0.8411957
0.84058166
1.0
0.99993277
0.9999999
1.0
0.99997425
0.9999999
0.9999995
1.0
1.0
1.0
1.0
0.94264394
0.9999907
1.0
0.9999908
1.0
0.999964
0.99999976
0.9998087
0.9994789
1.0
0.99999976
1.0
0.9999999
1.0
0.9999752
1.0
1.0
1.0
1.0
1.0
1.0
0.9999763
1.0
0.9999784
1.0
1.0
1.0
1.0
1.0
0.97405165
1.0
0.9999316
1.0
0.9999999
1.0
0.9999987
1.0
1.0
1.0
1.0
1.0
0.9985261
1.0
0.77252173
0.995434
0.99923563
1.0
0.9999999
0.99999976
0.9999995
1.0
0.99999607
0.9837352
0.99999976
0.99998164
0.99987304
0.99999976
0.99999
1.0
1.0
0.9999968
0.99169606
0.99999976
0.999471
1.0
0.9999881
1.0
0.9999958
0.99999917
0.9999987
0.6487536
0.99999964
0.9999999
1.0
0.99999416
1.0
1.0
1.0
1.0
1.0
1.0
1.0
0.9998994
1.0
0.999998
1.0
0.99999964
0.99999547
1.0
0.999998
0.9999995
0.9999993
1.0
0.9999994
1.0
1.0
0.9999999
0.99999905
0.9999999
0.9999882
0.99998987
1.0
1.0
1.0
0.99999964
1.0
0.99999857
0.99995506
1.0
0.9999702
1.0
0.9998041
0.99999976
0.99999535
1.0
0.9999988
0.9999999
0.99998856
1.0
0.99999845
0.9999999
1.0
0.9999969
1.0
0.9999715
1.0
0.99987495
0.99998295
1.0
0.99999034
1.0
0.999998
1.0
0.9999989
1.0
0.99999964
0.9999994
0.99999464
0.9781065
1.0
0.9999974
1.0
0.9999995
1.0
0.517252
0.99999976
1.0
0.99999046
1.0
0.99997413
0.96626955
1.0
1.0
1.0
1.0
0.99999666
0.99999964
1.0
0.9999999
0.9999981
0.9999031
0.9999989
1.0
0.99999964
0.9999665
1.0
0.9999976
0.9997551
1.0
1.0
0.9999999
1.0
1.0
0.9999989
0.99999607
1.0
0.9999999
0.99713147
1.0
1.0
0.99999964
1.0
1.0
0.9999999
1.0
1.0
0.99997807
0.99999833
0.9999999
1.0
1.0
1.0
1.0
1.0
0.9999926
0.9999808
1.0
1.0
1.0
0.99999905
0.9999988
0.9999999
1.0
1.0
1.0
0.9999993
0.9999858
1.0
1.0
1.0
1.0
1.0
0.99814785
0.9999994
1.0
1.0
1.0
0.9260917
1.0
0.9977635
1.0
1.0
0.999998
0.9999999
0.9999918
1.0
0.997684
0.999997
1.0
0.99999964
1.0
0.99999833
1.0
0.9975974
0.9999987
0.9999976
1.0
1.0
0.9999895
0.9999999
1.0
0.99999857
0.9999999
0.99999666
1.0
1.0
0.99999917
0.9999999
0.9999937
1.0
0.9999945
1.0
0.99996996
0.9999982
0.9999999
0.9999993
0.9999999
1.0
0.9996817
0.9999981
1.0
0.9999913
1.0
1.0
1.0
1.0
0.9999938
1.0
1.0
0.999102
1.0
0.9998574
1.0
1.0
0.99997747
1.0
0.9999999
1.0
0.99735236
1.0
1.0
0.9999999
1.0
0.99999857
0.9999999
0.9999993
0.9994087
0.9641717
1.0
1.0
1.0
1.0
0.99999976
1.0
0.9999999
1.0
0.9998591
0.9996655
1.0
0.99999154
0.9999976
0.9999995
0.9999995
1.0
0.999992
0.99999976
0.9999999
0.99972314
1.0
0.9999473
1.0
0.9857159
1.0
0.9999999
0.99996376
1.0
0.99989116
0.9999908
1.0
0.99997807
0.99999964
0.999005
0.99999166
1.0
1.0
1.0
1.0
1.0
0.9999987
0.99838674
1.0
0.98637146
1.0
0.99991405
1.0
0.99999976
0.9999938
0.98241454
0.9999995
1.0
1.0
0.99999976
1.0
1.0
0.9999889
0.99999404
0.99999964
0.79417163
0.99999976
0.9999784
1.0
0.9999788
0.8178611
0.9996232
1.0
0.9999994
0.9999995
0.99999976
1.0
0.99999976
1.0
0.9999627
1.0
0.99999976
1.0
0.886177
1.0
0.9999999
0.99990225
0.9999994
1.0
0.9999682
1.0
1.0
1.0
0.99999917
1.0
1.0
0.9998776
0.99981755
1.0
0.9999999
1.0
1.0
0.999987
1.0
0.9999999
0.99968565
1.0
1.0
1.0
1.0
0.9999995
0.999998
0.99998236
0.99906915
1.0
0.9998264
1.0
1.0
0.9999999
0.99957675
1.0
1.0
0.9998323
1.0
0.9999956
0.99998
0.99999964
1.0
1.0
1.0
0.99999964
1.0
1.0
0.99999714
1.0
1.0
1.0
1.0
0.999936
1.0
1.0
0.99996114
0.89636046
1.0
1.0
1.0
1.0
1.0
1.0
0.91010314
1.0
0.99556535
1.0
0.99999535
0.99999976
1.0
1.0
0.9999999
0.9999999
1.0
0.99507684
0.99999976
0.9999949
1.0
1.0
1.0
1.0
0.9999758
0.9999999
1.0
0.9999343
0.99995637
0.9999999
1.0
0.9999995
0.9999949
1.0
1.0
0.9999951
0.9999988
0.9999993
1.0
1.0
0.99999964
1.0
0.99999964
1.0
0.99334466
0.9999981
0.9999933
1.0
1.0
0.9999999
1.0
1.0
1.0
1.0
1.0
1.0
1.0
0.9993044
0.9999995
1.0
1.0
1.0
1.0
0.9999987
1.0
0.9996525
0.99999833
1.0
0.9999989
1.0
1.0
0.99988246
0.9999989
0.9352429
0.99934727
0.999995
1.0
0.99969506
1.0
1.0
0.99995196
0.9999987
0.999995
0.9786742
0.9999914
1.0
1.0
0.9999999
0.9999993
0.9999999
1.0
0.9984762
1.0
0.9999999
0.47246253
0.9996131
1.0
0.99999905
1.0
0.9999999
1.0
1.0
0.99999905
0.9999907
0.99999905
0.9999715
1.0
0.99998236
0.99999774
0.9999682
0.99999976
1.0
1.0
0.99989843
0.99999964
0.99996066
0.9984906
0.99999714
0.97041917
0.99999297
0.99999285
0.99998057
1.0
1.0
0.9995358
0.9999999
0.9999993
1.0
0.99999833
1.0
0.99999976
1.0
1.0
0.99997187
0.9999963
1.0
0.9999987
1.0
0.9999969
0.9445227
1.0
1.0
0.99999976
0.9999784
0.9999999
0.9999999
0.9999999
1.0
1.0
0.99999344
1.0
1.0
0.9999994
1.0
1.0
0.9999889
1.0
0.9999995
1.0
1.0
1.0
1.0
0.999894
0.99999976
1.0
1.0
1.0
1.0
0.9999999
1.0
0.9999995
1.0
0.9998721
1.0
0.99992347
1.0
0.99995995
0.99999547
0.9999999
0.9999999
0.99588436
0.9999995
0.9999951
1.0
0.9999993
0.9999937
1.0
0.9999994
0.9999373
0.99991775
0.9999999
0.9999999
1.0
1.0
0.9999641
0.9999964
0.9997477
1.0
1.0
1.0
0.9918864
1.0
0.85329187
0.99995124
1.0
1.0
0.9999002
0.7565121
1.0
1.0
0.7124933
0.99999714
1.0
0.99999905
0.9999999
0.9999974
1.0
0.99999917
1.0
1.0
1.0
1.0
1.0
0.9996393
1.0
1.0
0.99999917
0.9999901
0.99999785
0.9994717
1.0
0.9984731
1.0
0.9536848
0.99809843
0.9999999
1.0
1.0
0.998889
0.99946123
1.0
1.0
0.9999956
1.0
1.0
1.0
0.9999876
1.0
1.0
0.9848357
0.9992507
1.0
1.0
1.0
1.0
1.0
0.9998702
1.0
1.0
0.99997723
1.0
0.99873084
1.0
0.9999999
1.0
0.9999999
1.0
0.99951077
1.0
1.0
0.99998915
1.0
0.9999999
0.9999999
0.99999964
0.99974316
1.0
1.0
1.0
1.0
0.959782
1.0
0.9999999
0.99999976
0.9999999
1.0
0.9999993
0.99916995
1.0
0.99990165
1.0
0.9016029
0.99999976
0.99999964
0.99999607
1.0
0.99999774
1.0
0.9999999
1.0
0.9999678
0.7242796
1.0
1.0
0.999998
1.0
0.9999181
0.99997544
1.0
1.0
1.0
0.999998
0.99999905
1.0
0.9999796
1.0
1.0
0.9999728
0.99999917
1.0
0.9999999
0.9927642
1.0
1.0
1.0
1.0
0.9999994
1.0
1.0
0.999979
0.9999999
1.0
1.0
1.0
0.9980234
1.0
1.0
1.0
1.0
0.99999845
0.99999845
1.0
1.0
1.0
1.0
1.0
1.0
0.99994326
1.0
1.0
0.99999964
0.9998807
1.0
0.9987795
0.99999964
1.0
0.9999199
1.0
0.98941773
1.0
1.0
0.95631266
0.99999344
1.0
1.0
1.0
0.97887677
0.9999896
0.9999982
0.9999857
1.0
0.99997115
1.0
1.0
0.9999993
0.9999999
0.9999994
1.0
1.0
1.0
1.0
0.99999344
0.9999951
1.0
1.0
1.0
0.9999999
0.9995117
1.0
0.8283394
0.99999714
0.9999988
0.9999999
1.0
1.0
1.0
0.9999982
0.98672694
0.99980503
1.0
1.0
0.99064165
0.9954391
1.0
1.0
0.9999968
1.0
0.99999976
0.9999993
0.9998784
0.9998745
1.0
0.99999976
1.0
1.0
1.0
0.99999976
0.997721
1.0
0.9999995
1.0
1.0
1.0
1.0
1.0
1.0
0.99999964
1.0
0.99916124
1.0
1.0
0.9999466
1.0
0.9999999
0.9837167
0.99999666
1.0
0.99999774
1.0
0.9999999
0.9999232
0.9999999
0.99999774
0.99999917
0.9999993
1.0
0.99999976
1.0
1.0
0.9999999
1.0
0.9999988
0.99848866
0.99967563
0.99999976
1.0
0.99999976
1.0
0.9999999
1.0
1.0
0.99999905
0.99999523
0.9999995
1.0
0.9997008
1.0
1.0
1.0
0.99999833
0.9081047
1.0
1.0
0.9999999
1.0
1.0
1.0
0.9999993
0.99999785
1.0
0.99834704
0.99999785
0.9999989
0.9999993
1.0
1.0
0.99999785
1.0
0.99420327
0.9957111
1.0
0.9998822
1.0
0.9999999
0.9999999
1.0
0.9999999
1.0
0.9999989
0.99995995
0.99999976
1.0
0.9961851
0.9999994
1.0
0.9999964
1.0
1.0
0.9995029
0.999997
1.0
0.99996924
0.99999976
1.0
0.9999734
1.0
0.99998987
0.9999999
0.9971794
0.9999889
1.0
0.9999999
1.0
0.9995833
0.9999242
1.0
1.0
0.9999504
1.0
1.0
0.9999999
0.99999976
0.9999976
0.99998903
1.0
1.0
1.0
0.9999199
1.0
1.0
1.0
0.9999927
1.0
1.0
1.0
0.999974
1.0
0.9999993
0.9924725
0.99999964
1.0
0.99820423
1.0
1.0
1.0
1.0
0.9999999
1.0
0.5543349
1.0
0.9922064
1.0
1.0
0.9966877
0.999992
0.99999297
1.0
1.0
0.9999987
0.9999999
1.0
1.0
1.0
1.0
0.9999962
0.99999905
1.0
1.0
0.999966
0.99990606
0.98680174
0.99920815
1.0
0.8726084
0.9999999
1.0
1.0
1.0
1.0
0.9924568
0.9999999
0.9999943
1.0
0.999962
1.0
1.0
0.9999994
1.0
0.9999801
1.0
1.0
1.0
1.0
1.0
0.9999988
1.0
0.99999964
1.0
1.0
0.99998975
1.0
1.0
1.0
1.0
1.0
1.0
1.0
0.99999654
0.99996006
0.99999034
0.9999999
0.9999386
1.0
0.99999964
0.9999814
0.99996924
1.0
0.99997187
1.0
0.99743193
1.0
0.9999999
0.9999969
0.99999905
0.9999937
0.9959882
0.99973017
0.99999976
1.0
0.9999995
1.0
1.0
1.0
0.99999857
1.0
0.9999999
1.0
1.0
0.9999976
0.9999919
1.0
0.99999905
0.9999999
0.99999976
1.0
1.0
0.99990904
1.0
0.9999999
1.0
1.0
0.9999999
0.6232756
1.0
0.9999747
1.0
0.9999995
0.9995353
0.9994691
0.9999733
0.9999945
1.0
0.9999957
0.99901175
0.9999552
0.9999995
0.9999976
1.0
0.9999987
0.99999344
0.9999999
0.9999999
1.0
1.0
1.0
1.0
0.9999926
1.0
0.9999994
0.99999785
0.9999968
1.0
1.0
0.9999989
0.9999999
0.9999999
0.9861093
0.9999999
0.53121513
1.0
1.0
1.0
1.0
0.9999989
0.98217404
0.9994764
1.0
0.99999905
0.9999906
0.9999999
1.0
1.0
1.0
0.9999994
1.0
0.7093942
0.9999975
0.9999987
1.0
0.99999964
0.9986247
0.9999975
0.9999999
0.76984113
0.9999347
0.99999905
1.0
0.9999753
0.99848014
0.9999999
0.99999666
0.99999976
1.0
0.6754071
1.0
1.0
1.0
0.99999654
0.99969256
1.0
0.9999993
0.99999464
1.0
0.9998691
1.0
0.99999905
0.9999999
0.9999999
0.9999981
1.0
0.5132717
0.9999161
1.0
1.0
0.9999989
1.0
1.0
1.0
1.0
1.0
1.0
1.0
1.0
1.0
0.9998977
1.0
1.0
1.0
1.0
0.99999714
0.9999815
1.0
1.0
0.9358034
0.9999989
0.99999964
1.0
1.0
0.6642718
1.0
1.0
0.99999833
1.0
1.0
0.99999833
0.9998628
0.99999976
0.9995871
1.0
0.48796624
0.99999905
1.0
1.0
0.99999595
1.0
0.99999964
0.9992224
1.0
0.97534966
1.0
1.0
1.0
0.9999999
0.9999999
1.0
0.9999989
1.0
1.0
1.0
0.68235826
0.9993937
0.99967396
1.0
0.99999726
1.0
0.56158257
0.99997854
1.0
0.9999633
1.0
0.99999976
1.0
1.0
0.9999964
0.99999976
1.0
1.0
0.99999595
0.9999863
0.99999845
0.99999774
1.0
1.0
0.99999845
1.0
1.0
0.9999999
0.99999976
0.99999785
1.0
0.99999964
0.99998426
0.9999999
1.0
0.9999999
1.0
0.99930775
1.0
0.9999989
0.9999869
1.0
0.99999964
1.0
1.0
0.9997106
0.99999547
1.0
1.0
1.0
0.99999976
1.0
0.9999999
0.8464294
1.0
1.0
0.97335976
0.9699285
1.0
0.99991095
0.9878819
1.0
1.0
1.0
0.99999094
0.99999976
0.9918407
1.0
0.9999988
0.9997441
0.9999999
0.99999225
1.0
1.0
1.0
0.9999989
0.9999999
1.0
1.0
0.99999964
0.9999994
1.0
1.0
0.9999988
1.0
1.0
0.9914937
0.9999999
1.0
0.9999999
1.0
0.9999995
0.999951
0.99999726
1.0
0.9999989
0.9998293
1.0
1.0
0.9999995
1.0
1.0
1.0
0.9999989
1.0
0.999928
0.99997187
1.0
0.9998741
1.0
0.99999964
1.0
1.0
0.9999962
0.9999999
0.99999845
0.9999938
1.0
1.0
0.99999976
1.0
0.9999999
1.0
1.0
0.9999999
1.0
0.99999976
1.0
0.9999999
0.9989562
0.9999999
1.0
0.9999957
1.0
1.0
1.0
1.0
0.98773164
1.0
0.9990814
1.0
1.0
1.0
0.999683
0.9999994
1.0
1.0
0.99773633
0.9999995
1.0
0.99999917
0.9911533
1.0
1.0
1.0
1.0
1.0
0.99998546
1.0
0.9999989
1.0
1.0
1.0
0.9999603
0.8491242
1.0
1.0
0.99999595
1.0
0.99998784
0.99998426
0.9999907
1.0
0.99995005
0.9999999
1.0
1.0
1.0
0.9999999
0.95735985
1.0
1.0
1.0
1.0
1.0
0.99835545
1.0
0.99999964
0.9999999
0.9998771
1.0
0.999992
1.0
1.0
1.0
0.99999905
1.0
0.9999502
0.99998415
1.0
0.9889192
1.0
0.99999774
0.99999964
0.9999994
0.99999976
1.0
1.0
1.0
0.99999845
0.99999595
1.0
1.0
1.0
0.9705545
0.9999999
1.0
1.0
1.0
1.0
1.0
1.0
0.9999852
1.0
1.0
1.0
0.999969
0.99999976
1.0
0.9998653
0.9999995
1.0
1.0
1.0
0.99999905
0.99999917
1.0
0.9999968
0.99999964
1.0
0.9955037
0.99998367
0.9999788
0.9999981
1.0
1.0
1.0
1.0
0.99983275
0.9999702
1.0
0.9881771
1.0
0.9999999
1.0
0.99999964
1.0
0.9999895
0.99561334
0.9999994
1.0
1.0
1.0
0.9999925
0.99998224
1.0
0.99999917
0.99999726
0.99999857
0.99992526
1.0
1.0
1.0
1.0
0.9999999
0.9999924
0.99999964
0.9523606
1.0
0.9999883
0.9999765
0.9999999
1.0
1.0
1.0
0.84902346
0.9999902
0.99999976
0.9999547
1.0
1.0
1.0
0.99999833
0.99946684
1.0
1.0
0.99999964
0.99999535
1.0
1.0
1.0
1.0
0.99999976
1.0
0.9996964
0.9999968
1.0
1.0
0.9997961
0.9999999
1.0
1.0
0.99997795
0.9999994
1.0
0.9999887
1.0
1.0
0.9690466
0.999027
0.99991274
0.99999
1.0
1.0
1.0
0.7796678
0.99993336
1.0
0.9999788
1.0
0.9999982
0.9999994
0.9999988
0.8228767
1.0
0.9999987
1.0
1.0
1.0
1.0
0.99999964
1.0
1.0
0.9999976
0.9999993
0.9999902
1.0
0.99999964
0.99999917
0.9999989
1.0
0.99997985
0.9999784
0.99999905
1.0
0.99998295
1.0
1.0
1.0
0.7207537
0.99999964
0.99999976
1.0
0.9999999
1.0
1.0
1.0
0.99998987
0.9999993
1.0
1.0
1.0
1.0
1.0
1.0
0.99999
1.0
0.9999994
0.99999726
0.9999982
1.0
0.99999964
1.0
0.9999889
0.99999857
0.99495333
0.99999976
0.9989071
0.99999964
1.0
0.9999989
1.0
0.9981633
0.9999981
0.9966106
0.9999995
0.9999809
0.99998355
0.99999285
0.9999676
0.99999976
0.9999999
1.0
0.99980444
0.9999635
0.9614849
0.9999932
1.0
1.0
1.0
1.0
1.0
0.9999999
1.0
0.9999999
0.9999999
1.0
1.0
1.0
0.9966059
1.0
1.0
0.99998534
0.9999999
0.9999999
1.0
1.0
0.9999969
0.99999976
1.0
0.9999995
0.99518764
1.0
0.99999976
1.0
0.9999999
1.0
1.0
0.99999917
1.0
0.99999905
0.99995553
0.99976975
1.0
0.9998499
0.9999999
1.0
0.9999988
0.99998915
0.9922431
1.0
0.99999964
1.0
0.99894303
1.0
1.0
1.0
1.0
1.0
1.0
0.9999995
0.99999726
1.0
0.99999976
0.9999987
0.99999857
1.0
0.9999881
0.9993494
1.0
0.9999902
1.0
1.0
1.0
0.9999995
1.0
1.0
1.0
0.9933294
1.0
0.9999417
0.99937063
1.0
0.99995756
1.0
1.0
1.0
1.0
0.9999827
0.9999424
0.99999976
0.9999021
1.0
1.0
0.9999808
0.99999356
0.99999964
0.9999999
1.0
0.99999976
0.99999905
0.99959785
0.9727328
1.0
1.0
1.0
0.99922836
1.0
1.0
0.9999999
1.0
1.0
0.9999993
0.99998426
1.0
1.0
0.99999964
1.0
1.0
0.99935156
0.99999964
1.0
0.99989486
1.0
1.0
0.99936813
0.9999999
1.0
1.0
1.0
0.99054635
1.0
1.0
1.0
1.0
1.0
0.9999999
1.0
1.0
0.99916756
1.0
0.99998784
0.99992704
0.9999987
0.99999964
0.99999857
1.0
0.9999999
1.0
0.9909643
1.0
0.99999976
1.0
1.0
0.9999976
0.9999987
0.9999987
0.99999917
1.0
1.0
0.99998367
1.0
1.0
1.0
0.99999976
1.0
0.9994717
1.0
1.0
1.0
0.9999994
0.9999999
1.0
1.0
0.9999999
0.9999815
0.99995637
0.9999999
1.0
1.0
1.0
0.99999976
1.0
1.0
0.99302316
1.0
0.9999999
1.0
0.9999999
0.9992207
0.9999995
0.52460307
0.99999917
0.9999999
1.0
1.0
0.9999999
1.0
1.0
1.0
1.0
0.9945333
0.99999475
0.99999976
1.0
0.9998672
0.99999726
0.9999738
1.0
0.9999987
0.9999988
0.99995506
1.0
0.38887784
0.9999976
1.0
1.0
0.9999999
1.0
1.0
0.999998
0.99991226
0.9999944
1.0
0.9967033
0.99971443
0.9999999
0.99995816
1.0
0.99668247
1.0
0.9994615
0.999863
1.0
1.0
0.9999944
0.9999999
1.0
1.0
1.0
0.99958473
0.95450956
0.8250241
1.0
1.0
1.0
1.0
1.0
0.9999993
0.9141834
1.0
0.9987452
0.99999976
0.9999355
1.0
0.99999976
0.9999999
1.0
0.99999917
1.0
0.99999285
1.0
0.99999917
1.0
0.99999726
0.99999964
1.0
0.9999999
1.0
1.0
0.9999999
1.0
0.99999547
0.9999999
0.9990338
1.0
1.0
1.0
1.0
0.9999995
1.0
0.9997881
0.9999989
0.99999857
1.0
0.99996793
0.9999981
0.9999999
0.9999993
0.99999607
1.0
1.0
0.9999981
0.99999857
0.9992949
0.9999906
0.9999293
1.0
0.99996686
0.9999814
0.99999976
0.9999585
0.9999863
0.99999964
0.9999999
0.9999999
1.0
0.997867
1.0
0.9999999
1.0
1.0
1.0
1.0
0.99790454
1.0
0.9999993
0.9999999
0.99999917
0.9999999
1.0
0.9999976
0.9919761
1.0
0.9999993
0.99996793
1.0
1.0
1.0
0.99999595
1.0
0.70219785
1.0
0.9999995
0.9991379
0.99999964
1.0
0.9999999
0.99999976
1.0
1.0
1.0
1.0
0.99999785
1.0
1.0
0.9999999
0.9999709
1.0
0.99999964
1.0
0.99999857
1.0
0.99999964
0.99999976
1.0
0.99999857
1.0
1.0
0.9999994
1.0
1.0
0.99995077
1.0
0.9999999
0.9994955
1.0
0.8323291
1.0
0.99999976
0.9999999
1.0
1.0
0.99992645
1.0
1.0
0.9999999
0.9999709
1.0
1.0
1.0
0.9999957
1.0
0.9999999
1.0
0.9999999
0.9994499
0.99990916
0.9999999
1.0
1.0
1.0
0.70100814
1.0
0.9999995
0.9999994
0.9999734
0.9999995
0.7710838
0.9999999
0.9999943
0.99953127
0.9999999
1.0
0.9999999
1.0
1.0
0.9999976
0.99999714
0.9963314
0.95851797
0.9999213
1.0
1.0
0.9999887
0.99999905
0.999295
0.999861
1.0
1.0
1.0
0.9999999
1.0
0.9840804
0.9444385
0.9999999
1.0
0.9999951
1.0
1.0
0.99997234
0.9999988
0.99998033
0.9999999
1.0
0.9999999
1.0
0.9999862
1.0
0.9999993
1.0
0.985097
1.0
0.9996246
1.0
1.0
1.0
0.999848
0.99999356
0.9999999
0.9997185
1.0
0.99999726
1.0
1.0
0.99999976
0.9999999
0.999997
1.0
1.0
1.0
0.9999783
0.9999809
0.99999976
0.99968493
1.0
0.7865125
1.0
0.9999999
0.9999999
1.0
0.99998486
0.99999964
1.0
0.9999987
0.99999166
0.9930809
1.0
0.9999994
1.0
1.0
1.0
0.9999995
0.99939895
1.0
1.0
1.0
1.0
1.0
1.0
0.9999995
1.0
0.99994516
1.0
0.9993892
1.0
1.0
0.99967253
0.9999999
1.0
0.9999999
0.7138178
1.0
0.99999964
0.9998971
0.99999905
1.0
1.0
1.0
0.99997234
0.9999944
0.9999995
1.0
1.0
1.0
0.99999976
1.0
1.0
0.9999999
1.0
0.9999999
1.0
1.0
1.0
1.0
0.9999988
1.0
1.0
1.0
0.9999988
0.9958799
0.8662659
0.9999999
0.99740076
0.9999999
1.0
1.0
1.0
1.0
1.0
0.99999917
0.9999865
1.0
1.0
0.58189166
1.0
1.0
1.0
1.0
0.99999356
1.0
1.0
1.0
1.0
1.0
0.99999976
1.0
1.0
0.99999976
0.99999905
1.0
0.99999654
0.9999974
0.99999535
1.0
1.0
1.0
1.0
0.9999949
0.99997985
0.9999938
0.99996424
0.9999969
0.9999405
0.9999964
0.9999995
1.0
0.9999311
0.9999969
0.9977324
0.99912566
0.99999774
0.9999994
0.99999714
1.0
0.99841094
0.99999905
1.0
0.9997769
0.99999785
1.0
0.9999999
0.99979097
0.99999857
1.0
0.99999726
1.0
1.0
1.0
1.0
0.9995315
0.99807334
1.0
0.9999082
0.99993885
0.99994886
1.0
0.99999976
1.0
0.9999813
1.0
0.9999999
1.0
0.9999994
0.99999726
1.0
1.0
0.99999297
1.0
0.9999974
1.0
1.0
0.99999964
0.9999962
1.0
1.0
1.0
1.0
0.9999262
1.0
1.0
0.9999995
0.9999969
1.0
1.0
0.99999917
1.0
0.99990416
1.0
1.0
1.0
1.0
1.0
0.99754924
0.9999975
1.0
0.9999951
0.9999895
1.0
0.99999833
1.0
0.9999993
0.99999964
1.0
1.0
0.9999994
0.99998736
1.0
1.0
1.0
0.9993788
0.9999994
1.0
0.9999999
1.0
1.0
1.0
0.999196
1.0
1.0
1.0
1.0
1.0
0.9999964
1.0
1.0
0.99999833
0.9999907
1.0
1.0
0.9999963
1.0
0.99994624
1.0
0.9999721
0.9999926
1.0
1.0
1.0
0.99895144
0.9999845
1.0
1.0
0.99999857
1.0
1.0
0.9674174
1.0
1.0
0.99999845
0.99999654
1.0
1.0
1.0
1.0
1.0
0.9999665
0.99727005
0.99999285
0.9999969
0.9999995
0.99999595
1.0
0.99999964
1.0
0.9999999
1.0
1.0
1.0
1.0
1.0
0.99047536
0.9994931
0.9999913
1.0
0.9997533
0.99999774
0.9999995
1.0
1.0
0.9999982
0.9998963
0.9999696
0.9999999
0.9994615
1.0
1.0
0.9999434
0.99999905
1.0
0.99970263
1.0
1.0
0.99999654
0.99998033
1.0
1.0
1.0
0.99999976
1.0
1.0
0.9999912
0.9999994
1.0
0.9999989
0.9999994
1.0
1.0
0.9999994
0.9978241
0.98494947
1.0
0.9999087
0.99999726
1.0
0.99999976
1.0
0.999995
1.0
1.0
1.0
0.9999999
1.0
1.0
0.9999362
0.9999999
0.9999974
0.9999993
1.0
0.9999995
1.0
1.0
1.0
1.0
1.0
0.9999988
1.0
0.9998876
0.9999944
0.9999982
0.9999993
0.9999999
0.99999976
0.9999999
0.9999974
1.0
1.0
0.99996626
1.0
0.9999994
0.99994385
0.8128973
0.9999814
1.0
0.99998105
1.0
1.0
0.9999683
0.999446
1.0
1.0
1.0
1.0
0.9952467
0.99999917
0.9998605
0.9999999
1.0
0.99999666
1.0
0.9999999
0.999998
0.99999857
0.99999964
0.9999963
1.0
1.0
1.0
1.0
0.9999919
0.99999917
0.9999995
0.9999981
1.0
1.0
1.0
0.99999666
1.0
0.99998987
1.0
0.9995154
1.0
1.0
1.0
0.9999999
0.9999999
1.0
0.9999428
0.999995
1.0
1.0
0.9999999
1.0
1.0
0.99999726
0.9955936
1.0
1.0
1.0
0.9999715
1.0
0.9999981
0.9999105
0.99999833
1.0
0.9999999
1.0
1.0
1.0
0.9999987
0.9999999
1.0
1.0
0.99986076
0.99995804
0.9999999
1.0
1.0
0.999997
1.0
1.0
0.9999758
0.9999932
0.9999993
1.0
1.0
0.9999999
1.0
1.0
0.99999166
0.9999999
0.99999857
1.0
0.9854645
0.99999964
0.9999982
0.9999889
0.99999976
0.99999857
1.0
0.99999964
0.9999826
1.0
0.9999987
0.9999995
1.0
1.0
1.0
1.0
1.0
0.9999999
1.0
0.9991647
0.9999982
1.0
1.0
1.0
1.0
0.9998642
0.99925786
1.0
0.9999987
0.99139696
0.99999666
0.9999982
1.0
0.9999999
1.0
0.9763777
1.0
1.0
0.9999994
1.0
1.0
1.0
0.999461
1.0
1.0
1.0
1.0
1.0
1.0
0.9999776
1.0
1.0
0.9999893
0.99994946
1.0
0.9999999
1.0
1.0
1.0
1.0
1.0
1.0
1.0
1.0
1.0
1.0
0.9998913
0.9999944
0.99999976
0.9999999
0.9999944
1.0
0.9999031
0.9999999
0.9999995
1.0
0.9999721
1.0
1.0
1.0
1.0
0.9830633
0.9999958
1.0
0.99999857
1.0
1.0
0.99999356
1.0
0.99756396
0.99999917
1.0
0.9999999
1.0
0.9999999
1.0
0.9999993
1.0
0.9999889
1.0
0.99999535
0.9999999
0.999992
0.9995078
1.0
0.9999999
1.0
0.9999223
0.9999931
1.0
0.99999976
0.99996233
0.67712533
0.99999964
0.99998736
0.9999995
1.0
0.99999917
0.99999726
0.9999708
1.0
1.0
1.0
1.0
1.0
0.99999917
1.0
1.0
0.99609035
1.0
1.0
1.0
1.0
0.99979275
1.0
0.99995947
0.9142912
0.9991314
1.0
1.0
1.0
0.9999999
0.9999994
0.9999999
0.9999999
0.99999976
1.0
1.0
1.0
0.9999826
1.0
0.9999975
0.99948007
0.9999795
0.9999999
1.0
1.0
0.99999964
0.9998511
0.99999785
0.9999918
1.0
1.0
0.99999547
1.0
1.0
1.0
0.9999727
1.0
0.999998
0.99999964
0.9999968
0.9999995
1.0
0.9999999
0.99896777
0.9998845
0.98591715
0.9999894
0.999833
1.0
1.0
0.9999994
0.99999976
0.9999999
0.99999976
1.0
1.0
1.0
0.9999999
1.0
0.9999989
1.0
0.9999999
1.0
1.0
0.9995704
1.0
0.9999993
1.0
1.0
1.0
0.9999982
1.0
0.9999951
1.0
0.9999999
0.9999939
1.0
1.0
0.9999987
1.0
1.0
0.9999801
1.0
1.0
0.9999999
0.99998426
0.9999995
0.9999994
1.0
1.0
1.0
1.0
0.99973077
0.99999976
1.0
0.9999999
0.99999976
0.99999976
1.0
0.99998474
1.0
1.0
1.0
0.99999976
0.99873
1.0
1.0
1.0
0.99990356
1.0
0.9999994
0.99999964
1.0
0.9999846
1.0
0.99956375
1.0
1.0
0.99999964
0.99999976
1.0
1.0
1.0
1.0
1.0
0.9999994
0.9999999
0.90099186
1.0
0.9999989
1.0
1.0
0.99999976
1.0
0.9999062
1.0
0.9999926
1.0
1.0
1.0
0.9999907
0.999998
1.0
1.0
1.0
0.9999988
1.0
1.0
0.9963805
1.0
1.0
1.0
0.99998367
1.0
1.0
1.0
0.99999464
0.99999976
1.0
1.0
0.9999994
1.0
0.99999905
1.0
0.98080486
0.9999999
0.9999999
0.9997969
1.0
0.99999774
0.9997526
1.0
0.99978274
0.9384179
0.9999999
0.99978656
0.82572126
0.9999995
1.0
0.9999964
1.0
1.0
0.9999995
1.0
0.99999833
0.99998045
0.99999976
1.0
0.99780923
0.99999976
0.9999988
0.99999976
1.0
0.9999939
0.99999523
0.9998996
1.0
0.9084432
1.0
1.0
0.9999989
0.99981135
0.99999785
0.9999989
1.0
1.0
1.0
0.9999999
0.9822322
1.0
1.0
0.99999654
0.9951851
0.65000445
0.9999999
1.0
1.0
1.0
0.99999285
1.0
1.0
1.0
0.99999905
1.0
0.97065836
1.0
0.9999584
1.0
0.99999976
1.0
0.9999999
0.99999905
0.99999356
0.99998605
1.0
0.99999905
0.9999995
0.9999994
1.0
1.0
0.99840194
1.0
0.9988587
1.0
1.0
0.9999856
1.0
0.9997502
1.0
1.0
0.9999994
1.0
0.9984126
1.0
0.9956638
1.0
0.9999994
0.99568343
0.99999964
1.0
1.0
0.9999999
1.0
0.9999987
0.9995714
1.0
1.0
0.9993443
1.0
1.0
1.0
0.99999976
1.0
1.0
1.0
1.0
1.0
0.9941506
1.0
0.9999969
1.0
0.9999999
0.9998512
1.0
0.9881954
0.99999976
0.99999607
1.0
1.0
1.0
1.0
1.0
0.9999651
1.0
0.99999976
1.0
0.95235896
1.0
0.9999981
0.9578751
0.9999999
1.0
0.99999595
1.0
1.0
0.999972
1.0
0.9999968
0.99999344
1.0
0.99999976
1.0
0.99999976
0.9999957
0.9999999
0.99789375
1.0
0.9999999
1.0
1.0
1.0
1.0
0.99994946
1.0
0.9999895
0.99999964
1.0
1.0
1.0
1.0
0.9999999
0.9999993
1.0
1.0
1.0
1.0
1.0
1.0
1.0
0.85310084
0.99998283
1.0
1.0
0.99999785
1.0
1.0
0.99990726
1.0
0.999925
1.0
0.99999976
1.0
0.6466404
1.0
0.9999975
0.9999943
1.0
0.99999964
1.0
0.9999995
1.0
1.0
0.99999964
1.0
1.0
1.0
1.0
0.9999999
0.9999994
0.99999976
0.99999917
0.99996364
0.99995327
1.0
1.0
1.0
1.0
0.99999976
1.0
1.0
1.0
0.9999999
1.0
0.9999999
0.99999964
0.99923635
0.99999774
0.99861264
0.9999995
0.9975255
1.0
1.0
0.9999906
1.0
1.0
1.0
0.9999963
0.9922389
0.99999976
0.9999999
0.99999976
1.0
1.0
1.0
1.0
1.0
1.0
0.9999924
0.99998987
1.0
1.0
1.0
1.0
0.99999976
0.9911539
0.9996729
0.9999932
0.99998784
0.99999976
1.0
0.99999976
0.9999975
0.9952703
0.99999905
0.9999982
1.0
1.0
1.0
0.9999999
0.9999652
0.99983954
0.984929
0.999997
0.9999938
0.99999976
0.9999999
0.9999999
1.0
1.0
0.9999988
0.9999993
0.9975241
0.9999995
0.99941075
1.0
1.0
0.9999856
0.9999999
0.9999956
1.0
1.0
0.9999645
0.9999995
0.8077753
1.0
0.9999999
1.0
1.0
0.9999975
0.99999964
0.9999999
0.9995908
1.0
0.9919958
0.99910754
0.9999999
1.0
1.0
0.999723
1.0
1.0
0.9999999
1.0
0.7334753
0.99999976
0.99999964
0.9996846
1.0
0.9999988
1.0
0.9999999
1.0
1.0
0.9999734
1.0
0.9999999
1.0
1.0
1.0
1.0
0.9999982
1.0
1.0
0.9999896
1.0
1.0
0.99999857
0.99999964
0.9998878
0.99909616
1.0
0.9999999
1.0
1.0
1.0
1.0
1.0
0.9999988
0.99999964
0.9856932
1.0
0.963813
0.99999976
1.0
1.0
1.0
1.0
0.99993455
1.0
1.0
0.9999945
0.99221474
1.0
0.9999926
0.5771195
1.0
0.99999976
0.99999905
1.0
1.0
1.0
1.0
0.99995244
1.0
0.99998903
0.9999999
0.9999999
0.99999225
0.99998426
0.9984724
1.0
1.0
1.0
1.0
0.9999968
0.9999163
0.99998367
1.0
0.9997036
1.0
0.99999976
0.9999993
1.0
0.9999989
1.0
1.0
0.9999999
0.99999106
0.9999999
0.9999962
1.0
1.0
1.0
0.99990547
1.0
0.99999976
0.99999976
1.0
1.0
0.99999964
0.9999989
0.9995782
0.9996501
1.0
1.0
1.0
1.0
0.99999034
1.0
1.0
0.9999999
1.0
1.0
0.99999595
0.99999905
0.99996924
0.9999999
0.99999964
0.99996126
0.99999774
1.0
0.9999989
0.9999126
0.9999989
0.99993443
0.99992573
1.0
0.9999918
0.99999964
1.0
0.996363
1.0
0.9999442
0.9999999
0.99996316
0.9999982
0.9999994
1.0
1.0
0.99934775
1.0
0.9999993
0.9999924
0.9999995
0.99999976
1.0
0.99999726
0.9994155
1.0
1.0
0.99993205
1.0
0.49150166
0.9999902
0.9999987
0.9999999
0.9997085
1.0
0.99999654
0.9999999
0.99999905
0.9997557
1.0
1.0
1.0
1.0
0.99999976
1.0
0.99999666
0.99989426
0.99999964
0.99999964
0.9999994
0.9999999
0.99999917
0.9921807
1.0
0.998588
1.0
0.99999857
0.9999976
0.9499752
1.0
0.9999988
1.0
0.9999999
1.0
0.999074
0.9997367
0.9999999
0.9999995
1.0
0.99994266
1.0
1.0
1.0
0.9999999
0.9999795
1.0
0.9999987
0.9999716
1.0
1.0
1.0
0.99999976
1.0
1.0
1.0
0.9999999
1.0
1.0
1.0
1.0
0.9999995
0.9916318
0.99971575
1.0
1.0
1.0
0.9999871
0.9999194
1.0
1.0
1.0
0.9914785
0.99999976
1.0
1.0
1.0
1.0
1.0
0.9996573
0.99041885
1.0
1.0
0.99973315
0.99997425
1.0
0.99999774
1.0
1.0
0.95927954
0.9999931
1.0
1.0
0.99997544
1.0
0.999469
0.9999999
0.9999982
0.9999999
1.0
1.0
0.9999932
1.0
0.9999995
1.0
0.999877
0.9999999
1.0
0.89052004
0.99990606
0.99999976
0.99999297
1.0
0.97960424
1.0
0.99999976
1.0
0.9999994
0.9999995
0.9999999
0.99999976
0.9996475
1.0
0.9999789
0.999966
0.99999976
1.0
0.9999999
0.9999999
0.99999976
0.995776
1.0
0.99999464
0.9999999
1.0
0.99999976
1.0
0.99999726
0.99950945
0.9998503
1.0
0.99959344
1.0
0.9999999
1.0
0.99998605
0.99999964
1.0
1.0
0.99995375
0.99999976
1.0
0.9999989
0.9999956
0.999997
0.99999774
1.0
0.99999523
1.0
1.0
1.0
1.0
0.9999999
0.99999845
1.0
0.99999535
1.0
0.9999994
0.9715236
1.0
1.0
1.0
1.0
0.9991579
0.9952388
1.0
1.0
0.9999988
0.9999999
1.0
1.0
0.9999993
0.9999962
0.99976164
0.99921715
0.99999976
1.0
0.99992776
1.0
0.9999993
1.0
0.99999976
1.0
0.90218365
1.0
1.0
1.0
1.0
0.99999905
1.0
1.0
0.9999976
1.0
1.0
0.99999523
1.0
0.99977237
0.99999
0.99990916
0.9999988
0.99998033
1.0
0.99999976
1.0
0.99998057
0.99985766
1.0
0.9999726
1.0
0.9999933
1.0
0.9999999
1.0
0.9999957
0.9792814
0.9999473
1.0
0.9943381
1.0
0.9989625
1.0
1.0
0.9999999
1.0
1.0
1.0
1.0
0.9998305
1.0
0.9999871
1.0
1.0
1.0
0.9999958
1.0
0.99995863
1.0
1.0
0.9999993
0.98881185
1.0
0.99999857
1.0
0.99932647
1.0
1.0
1.0
0.9996959
0.9999999
0.9992637
1.0
0.9999901
0.99999976
0.99997973
1.0
0.9999975
0.99999964
0.9101415
1.0
1.0
1.0
0.99999845
1.0
1.0
0.99999976
0.999987
1.0
1.0
0.99853396
0.9999937
1.0
1.0
0.99999976
0.99999726
0.9999906
1.0
1.0
0.9999969
1.0
1.0
1.0
1.0
1.0
0.99997556
0.9999982
1.0
1.0
0.99999964
1.0
1.0
1.0
0.9220603
1.0
0.9999907
0.99999976
1.0
0.99998534
1.0
0.9999995
0.99999774
1.0
0.99927753
0.99999475
0.9999976
1.0
0.99999034
1.0
1.0
0.99485564
0.99999964
1.0
0.98787874
0.9999101
1.0
0.9902154
0.9999994
1.0
0.9999988
0.9988458
0.9775994
0.99999714
0.8709952
1.0
1.0
1.0
0.9999989
1.0
0.999974
0.9999995
0.99999106
0.9999999
1.0
1.0
0.99998796
1.0
0.9999999
0.9999999
1.0
0.9999975
1.0
1.0
1.0
0.9986463
1.0
0.9999999
1.0
1.0
1.0
0.99999213
1.0
0.99439716
1.0
0.9999802
1.0
0.99952006
1.0
1.0
0.9999994
1.0
1.0
1.0
0.99827766
0.99999964
1.0
0.9999995
0.975301
0.9999826
1.0
0.9999474
0.9999958
1.0
1.0
0.99997187
1.0
1.0
0.9999993
0.9999994
0.99962115
0.99999857
0.9999999
0.99999607
0.9999989
0.9999995
0.9999994
0.9999994
0.78598344
0.99999976
1.0
1.0
0.9825441
1.0
1.0
0.9965681
0.99989915
0.99999714
1.0
1.0
1.0
1.0
0.9999987
1.0
1.0
0.9999995
0.9999727
1.0
0.9999993
0.99999714
0.99999917
0.9999958
0.9999999
1.0
0.9999995
0.9999994
1.0
1.0
0.9949787
0.9999999
0.9999999
0.9999162
0.9999999
0.9999994
0.9999939
1.0
1.0
1.0
1.0
1.0
1.0
0.9999863
0.7740939
1.0
0.99999976
1.0
0.997543
0.9705113
1.0
1.0
1.0
1.0
0.9999999
1.0
0.99999964
1.0
1.0
0.9999993
1.0
0.99999845
0.99999976
1.0
0.998563
1.0
1.0
1.0
0.8161625
0.99999416
0.9999975
1.0
0.99992406
1.0
1.0
0.99999976
0.9999994
1.0
1.0
1.0
0.9999989
1.0
0.9999989
1.0
0.99999857
0.99753016
0.9999999
0.9999999
0.99999964
0.9999919
1.0
0.9963875
0.99999976
1.0
0.9999995
1.0
1.0
0.9999999
1.0
1.0
0.9999244
0.9999994
0.9999988
0.9989858
1.0
0.9999999
0.99999976
1.0
0.9999312
1.0
0.99994206
1.0
1.0
1.0
0.9999999
1.0
0.99999976
1.0
1.0
0.9980732
0.99999976
0.9999994
0.99999833
1.0
0.9999913
0.99998784
1.0
0.99994946
0.66834426
1.0
1.0
0.9999795
0.9999994
0.99999917
1.0
0.9999999
1.0
0.9999994
1.0
0.9999982
1.0
0.9964833
0.99998665
1.0
0.99999976
0.9999993
0.9999982
1.0
0.99999976
0.9997557
1.0
1.0
0.9999831
0.9995184
0.9999999
1.0
0.99999964
1.0
0.99994445
1.0
0.99976164
0.99999976
0.99999845
1.0
0.99999726
0.999997
1.0
0.99995005
0.99997616
0.9988059
0.99999905
1.0
0.9994727
0.9999987
1.0
0.99998367
1.0
1.0
1.0
1.0
0.99964476
1.0
1.0
0.9999999
0.9999831
1.0
1.0
1.0
0.9992335
0.99999964
0.9996531
1.0
0.9999517
0.9999989
1.0
1.0
0.99999964
1.0
1.0
1.0
0.9999999
1.0
1.0
0.9999999
1.0
0.9999995
0.99999976
0.9999993
1.0
1.0
1.0
1.0
0.93870544
1.0
1.0
1.0
0.9999999
0.99997556
0.9999994
0.9999999
0.99999917
1.0
1.0
0.99996424
1.0
1.0
1.0
0.9998288
1.0
0.9999999
1.0
1.0
1.0
0.99999833
1.0
1.0
0.73832166
0.9987031
1.0
1.0
1.0
0.9999974
1.0
0.9740297
0.9994128
0.9998073
1.0
1.0
0.99998295
1.0
1.0
1.0
0.9983797
1.0
1.0
0.99999666
1.0
1.0
0.9999999
1.0
0.99999845
1.0
1.0
0.99999976
1.0
0.9999995
0.99067944
0.98863345
0.9999132
1.0
0.9999993
0.9999999
1.0
1.0
1.0
0.99999905
0.99999964
0.9999999
1.0
1.0
1.0
1.0
0.9999994
0.99999785
0.99999976
0.9999999
0.9999901
0.9999989
0.99999976
0.5606522
0.9992274
1.0
0.99999404
1.0
1.0
0.99999976
0.99999976
0.99999976
0.9999988
1.0
0.9999999
0.99999964
0.99999976
0.9922029
0.99999976
0.99979883
0.99998343
1.0
0.99294704
0.99680185
0.999998
0.99915004
1.0
0.99997926
1.0
0.9985594
0.9999956
0.99999726
1.0
0.9999989
1.0
1.0
1.0
0.99981314
1.0
1.0
0.9999881
0.99997854
1.0
0.99999964
1.0
0.9999993
0.9999999
1.0
1.0
1.0
0.9999839
1.0
0.9997539
0.9999995
0.9940655
0.99999964
1.0
0.9999999
0.99999774
1.0
1.0
0.9999963
1.0
1.0
0.9999124
0.9999999
1.0
0.9987024
0.99999976
1.0
0.9999999
1.0
0.9999962
0.99999964
1.0
1.0
1.0
0.99919945
1.0
0.9999989
1.0
0.99999976
0.99990916
1.0
0.999985
0.9999641
0.9998764
0.99996805
1.0
1.0
1.0
1.0
1.0
0.99913836
0.99884003
0.9994299
0.9999995
0.99999976
1.0
0.51545846
1.0
1.0
0.99995744
1.0
1.0
1.0
1.0
0.99999905
1.0
0.9992785
1.0
0.99999976
1.0
0.99999964
0.99999964
0.99999726
1.0
1.0
1.0
1.0
0.9999999
0.9889015
1.0
1.0
0.9999993
0.999998
1.0
0.99994874
0.9999968
1.0
1.0
1.0
0.9999685
0.9938444
1.0
1.0
0.99999964
0.9999987
0.99989486
1.0
0.9975472
1.0
1.0
1.0
0.99999905
1.0
1.0
1.0
0.9999962
0.9999976
1.0
0.999997
0.99999917
0.99999976
1.0
1.0
1.0
0.99999976
0.9999995
1.0
1.0
1.0
1.0
1.0
0.9999994
1.0
1.0
0.9999995
0.9999995
1.0
1.0
1.0
0.99999976
1.0
0.99999964
1.0
0.99999833
1.0
0.9999858
0.99999905
1.0
0.99999416
1.0
0.99999964
1.0
1.0
1.0
0.99999964
1.0
0.9994898
1.0
0.9999976
1.0
1.0
0.9999851
0.9999999
1.0
0.9999976
1.0
1.0
1.0
1.0
1.0
0.9999999
1.0
0.99995816
1.0
1.0
1.0
1.0
0.9999509
0.99999523
1.0
0.9999999
0.9999999
0.99999833
1.0
0.99994636
1.0
1.0
0.9999999
0.9999908
0.9999999
1.0
0.99999917
1.0
1.0
1.0
0.9999851
0.99998796
1.0
0.99998415
1.0
0.9999621
0.99998665
0.99995565
0.9999914
0.9999994
1.0
1.0
0.999951
1.0
0.99999785
0.99999976
1.0
1.0
1.0
1.0
0.99999845
0.99999976
1.0
0.9999995
1.0
0.9999999
1.0
1.0
0.99999905
0.9999789
1.0
1.0
1.0
1.0
0.99999964
0.9999883
0.99999833
0.9999999
1.0
1.0
0.9999999
1.0
0.98741305
1.0
1.0
1.0
0.99999964
0.99999905
1.0
1.0
0.99999976
0.99999976
1.0
1.0
1.0
0.9972741
0.99999845
1.0
0.99998724
1.0
0.9999999
0.9999968
1.0
1.0
1.0
1.0
1.0
1.0
1.0
0.99999964
0.9999994
0.9999999
1.0
1.0
0.9924078
1.0
0.9999999
0.9999858
1.0
1.0
0.9779378
0.9999883
0.9999907
1.0
1.0
1.0
0.9999999
0.99999917
1.0
1.0
1.0
0.9996623
0.9998074
1.0
1.0
0.9999981
1.0
0.9999999
0.9999937
1.0
1.0
1.0
1.0
1.0
1.0
0.99999976
1.0
1.0
1.0
0.999984
1.0
1.0
1.0
1.0
0.9940269
1.0
0.9969283
1.0
0.9994523
1.0
0.99999964
1.0
0.9999999
0.9999999
1.0
0.9999999
0.9999999
1.0
0.99999976
0.9999999
1.0
1.0
0.99999225
0.9999993
0.9999951
1.0
0.9999808
1.0
1.0
1.0
1.0
1.0
0.9999993
0.9991646
0.9999999
1.0
1.0
1.0
1.0
0.9999989
0.99999964
1.0
1.0
1.0
1.0
0.9999995
1.0
0.9999995
0.9999999
0.9999993
1.0
0.8078569
0.99999976
1.0
1.0
0.99999964
1.0
0.9999852
1.0
0.9999987
0.9999987
1.0
1.0
0.99999905
1.0
1.0
0.9997948
0.99999964
0.9999999
1.0
0.99880993
1.0
1.0
0.99919754
0.999964
0.9999858
0.9999989
1.0
0.99999905
1.0
1.0
1.0
1.0
0.992728
1.0
0.9999999
0.9999995
1.0
0.9999999
1.0
1.0
0.9999999
1.0
0.9997925
1.0
1.0
0.99999714
0.9999994
0.9999999
1.0
1.0
1.0
1.0
0.9999982
1.0
1.0
0.99999726
1.0
0.9999999
1.0
1.0
1.0
0.99999917
1.0
0.9999933
0.99999976
0.9999999
1.0
1.0
0.99999976
1.0
0.99999774
0.99999964
0.9999999
1.0
0.9999981
0.99999976
1.0
0.99999654
0.9999937
1.0
1.0
0.9999974
1.0
0.9999993
1.0
0.89728814
1.0
1.0
0.99999964
0.9999993
0.99999976
1.0
1.0
1.0
1.0
1.0
1.0
0.99998
1.0
0.9999999
1.0
1.0
1.0
1.0
0.9999999
1.0
1.0
1.0
1.0
1.0
1.0
0.9999999
0.9999994
0.99999976
0.9999981
0.9999999
1.0
0.9999968
1.0
0.99999976
1.0
0.9999993
1.0
1.0
1.0
0.9999933
0.99999964
1.0
1.0
1.0
1.0
1.0
1.0
0.9999999
0.999998
1.0
0.99999726
1.0
1.0
1.0
1.0
1.0
1.0
1.0
1.0
1.0
1.0
1.0
0.9999993
1.0
1.0
1.0
0.9999999
1.0
1.0
0.9999932
1.0
1.0
1.0
0.9999906
0.9999988
0.999962
0.9999999
0.9999995
1.0
1.0
1.0
1.0
1.0
1.0
0.99983275
0.9999969
1.0
1.0
1.0
1.0
1.0
1.0
0.9999993
1.0
1.0
0.9999993
1.0
1.0
1.0
0.9999987
1.0
1.0
1.0
0.9999999
1.0
0.9999989
1.0
1.0
1.0
1.0
0.9999999
1.0
1.0
1.0
0.9999999
1.0
1.0
0.99898976
0.99990225
1.0
1.0
0.9999993
1.0
1.0
1.0
0.9919783
1.0
0.99999964
0.9999981
1.0
1.0
1.0
1.0
1.0
0.9999999
1.0
1.0
1.0
0.9999989
1.0
1.0
1.0
1.0
1.0
1.0
0.9999999
1.0
1.0
1.0
1.0
1.0
1.0
1.0
1.0
0.9999993
1.0
1.0
1.0
0.9999987
0.9999999
1.0
1.0
1.0
1.0
1.0
1.0
1.0
0.9999746
1.0
1.0
0.9999664
1.0
0.99999976
0.9999999
0.9999999
0.99999964
0.9999999
1.0
1.0
1.0
0.9999995
1.0
0.9999999
1.0
0.99999976
1.0
1.0
0.99976426
1.0
0.9999999
0.99998057
0.99999905
0.99999964
0.9999999
0.9999893
0.9999999
1.0
1.0
0.9999999
1.0
0.99999917
0.9999999
1.0
0.9999999
0.99999547
0.9999999
1.0
0.99999905
1.0
0.99999964
1.0
1.0
1.0
1.0
0.99999547
0.9999639
0.99999964
1.0
1.0
0.9999999
0.9999999
1.0
0.9999999
1.0
0.99999416
1.0
1.0
0.9999994
0.999995
0.9999908
0.99999917
1.0
0.9999833
1.0
0.9999994
1.0
1.0
0.9999951
1.0
1.0
1.0
0.9998254
1.0
1.0
1.0
0.99999976
0.99999285
1.0
0.99999833
0.9999999
0.99999964
0.99944144
1.0
1.0
0.99997365
1.0
0.9999994
1.0
0.99999976
1.0
0.99999976
0.9999988
0.9999769
0.9999999
1.0
1.0
1.0
1.0
0.99081355
0.99999845
1.0
1.0
1.0
0.99999917
0.9999989
1.0
1.0
1.0
0.99999857
1.0
1.0
0.9999995
0.999995
1.0
1.0
1.0
1.0
0.9999974
0.9999162
1.0
1.0
0.9964748
1.0
1.0
0.99995553
0.99999976
1.0
1.0
0.9999932
0.9999993
1.0
1.0
0.9722889
1.0
0.99996257
0.99999523
0.99999595
0.999992
0.9999993
0.999985
0.99078476
0.99978024
1.0
1.0
0.9999999
0.9999969
0.99981517
0.9979838
1.0
1.0
0.9999999
0.9999682
0.8277153
0.99933845
1.0
0.9999999
1.0
1.0
1.0
0.9999976
0.9999982
0.9999982
1.0
1.0
0.99999976
0.9999939
1.0
1.0
0.999997
1.0
1.0
1.0
0.9999304
1.0
0.99995244
0.99999475
0.9999943
0.99999535
1.0
1.0
1.0
0.9999994
1.0
1.0
1.0
1.0
0.99993646
1.0
0.9999999
0.9999999
1.0
1.0
1.0
1.0
1.0
1.0
1.0
0.9999993
1.0
1.0
1.0
0.99965394
1.0
1.0
1.0
1.0
0.99956053
0.99999285
1.0
1.0
1.0
1.0
0.99995244
1.0
1.0
0.9999968
0.9999999
0.9999919
0.9999852
1.0
1.0
1.0
1.0
1.0
0.9999999
0.99999785
0.99999964
1.0
1.0
0.9999981
0.9999349
1.0
0.9870459
0.9999459
0.8491943
1.0
0.9999988
1.0
0.99999344
1.0
0.99999905
0.99994373
1.0
0.9999318
0.9999527
1.0
1.0
0.9158204
1.0
1.0
0.999582
0.9999999
0.99999976
1.0
0.9999833
0.99999964
1.0
0.99995434
1.0
1.0
0.99999917
0.9999982
1.0
1.0
1.0
1.0
0.9999933
0.9999999
0.99999833
1.0
1.0
0.9999944
1.0
1.0
0.9999999
1.0
0.9999968
1.0
1.0
1.0
1.0
1.0
0.99999857
1.0
1.0
0.9999999
1.0
1.0
1.0
0.99999976
1.0
1.0
1.0
1.0
1.0
1.0
1.0
1.0
0.99999964
0.99998474
0.99987054
1.0
1.0
1.0
0.99998415
0.9999995
1.0
0.99999976
1.0
0.9999999
0.9999999
1.0
0.9999995
1.0
1.0
1.0
1.0
1.0
0.9999994
0.9999993
1.0
0.9999987
0.9999999
1.0
0.9999994
0.9985991
0.99959534
1.0
0.9999999
0.9999999
1.0
0.99999976
1.0
0.99854505
1.0
1.0
1.0
0.99999714
1.0
0.9999999
1.0
1.0
1.0
0.9999993
1.0
1.0
0.9999995
1.0
1.0
0.9999999
1.0
0.9999999
1.0
1.0
1.0
1.0
1.0
1.0
0.9999999
0.99999917
1.0
1.0
1.0
1.0
0.9999999
1.0
1.0
1.0
0.99999976
0.99999964
1.0
1.0
1.0
1.0
1.0
0.95307827
0.9999995
0.99999976
0.9999999
1.0
1.0
1.0
1.0
0.9999999
1.0
0.9807004
0.96385586
0.99999976
0.9993826
0.99999964
1.0
0.9999999
1.0
0.99999905
1.0
1.0
1.0
0.9999988
1.0
1.0
1.0
0.9999629
1.0
1.0
0.9983506
0.99999976
1.0
1.0
1.0
1.0
0.9998535
1.0
0.99999607
1.0
0.9999993
0.9999999
0.9997384
1.0
1.0
0.99999535
0.9999995
1.0
0.99999285
1.0
0.9999738
1.0
1.0
0.9999999
1.0
1.0
1.0
0.9999994
0.99995136
0.9969542
0.99637324
0.85697836
0.9997929
0.99910563
1.0
1.0
0.9999993
0.99999833
0.9999999
0.9999995
1.0
1.0
0.99999547
0.99985445
0.999985
0.9999994
1.0
0.9999937
0.9999994
0.8722129
1.0
1.0
0.99999607
0.99942917
0.99999917
0.99998796
1.0
0.99864215
1.0
0.99999964
0.99999964
1.0
1.0
0.9999999
0.9999974
0.9999999
0.99999976
0.9998654
0.9999987
0.9999999
0.99999917
0.99999845
0.9999883
1.0
0.999995
0.9997211
0.99669623
0.99999416
0.99996054
0.9999995
1.0
0.9999721
0.9999889
0.9998976
0.9999999
0.999998
0.9999839
1.0
1.0
1.0
0.99998367
0.9992085
0.999905
0.99999535
0.999997
0.9999993
0.99998105
0.99998474
0.998669
0.99999
0.9996928
0.9999883
0.99990296
0.9998946
0.99999917
0.99500024
0.9999988
1.0
1.0
1.0
1.0
1.0
1.0
1.0
0.99985313
1.0
0.999998
0.9961428
0.9999994
1.0
0.99822205
0.99999714
0.99998
0.9999974
1.0
0.9999889
1.0
0.99999964
1.0
0.9981741
1.0
0.9999989
0.9999969
1.0
0.9999989
1.0
0.9999964
1.0
0.9999995
0.9999902
1.0
1.0
0.99998724
0.99999917
0.99999714
0.99999964
1.0
0.9999999
0.9999144
1.0
0.99999964
1.0
0.9999999
0.99968684
0.9999994
1.0
0.9999999
0.9999926
1.0
0.9996246
1.0
1.0
1.0
1.0
0.9999963
0.9986191
0.9999939
0.9998375
1.0
0.9999864
1.0
1.0
1.0
0.9999999
0.99999964
0.979792
0.9999976
0.99999905
0.9999999
0.99999905
1.0
1.0
1.0
1.0
1.0
0.8038908
1.0
0.99989545
1.0
1.0
0.9999927
1.0
1.0
1.0
1.0
0.9997452
1.0
0.9999999
1.0
0.9999999
1.0
0.9999863
0.9999968
0.9999933
0.99998987
1.0
0.99628997
1.0
1.0
0.9998491
0.9999738
0.9999999
1.0
1.0
1.0
0.99999285
1.0
1.0
0.99999356
1.0
0.9999759
1.0
1.0
1.0
1.0
1.0
1.0
1.0
0.99999905
0.9999999
1.0
0.9999993
1.0
1.0
1.0
0.9999993
1.0
1.0
1.0
1.0
1.0
0.9999995
1.0
0.99999976
1.0
0.9999827
1.0
1.0
1.0
1.0
1.0
0.99851054
0.99999976
0.9999999
0.9999999
0.9999887
1.0
0.9999999
1.0
1.0
0.61294276
1.0
0.9977431
1.0
0.9999926
0.9999999
0.9967398
0.9877532
0.9998951
1.0
1.0
0.9999988
0.99999726
0.99997044
0.9999993
0.9999944
0.9999993
1.0
1.0
1.0
1.0
1.0
0.9999999
1.0
1.0
1.0
1.0
1.0
0.99999917
1.0
1.0
1.0
1.0
1.0
1.0
1.0
1.0
1.0
0.99999976
1.0
1.0
1.0
1.0
1.0
1.0
1.0
1.0
0.9999993
1.0
1.0
1.0
1.0
1.0
1.0
1.0
1.0
1.0
0.9999994
0.9999999
1.0
0.99999917
1.0
0.9999999
1.0
0.9999999
1.0
0.9999999
0.99999905
0.99999833
1.0
1.0
1.0
1.0
0.9999995
1.0
0.99999976
0.9999777
0.99696535
1.0
1.0
1.0
1.0
1.0
1.0
0.99997795
1.0
1.0
1.0
0.9999999
0.9999999
1.0
1.0
1.0
1.0
0.99999976
1.0
1.0
0.99999976
1.0
1.0
0.99999905
1.0
1.0
0.9999989
1.0
1.0
0.9999999
1.0
1.0
1.0
0.9999999
1.0
0.99999917
1.0
1.0
1.0
1.0
1.0
1.0
0.9999995
1.0
1.0
1.0
0.9999999
0.99999976
1.0
1.0
1.0
1.0
1.0
1.0
1.0
0.99999917
0.99999976
1.0
1.0
1.0
0.9999995
1.0
0.9999943
0.99999726
1.0
0.99999166
1.0
0.99999547
1.0
1.0
1.0
1.0
1.0
1.0
1.0
1.0
1.0
1.0
1.0
1.0
1.0
1.0
1.0
1.0
1.0
1.0
1.0
1.0
1.0
1.0
1.0
1.0
0.9999999
1.0
1.0
0.9999949
1.0
1.0
1.0
1.0
1.0
0.99999654
1.0
0.9999999
0.99999976
1.0
1.0
1.0
0.99999976
0.9999999
1.0
1.0
1.0
0.9999815
1.0
1.0
1.0
1.0
1.0
1.0
1.0
0.9999999
1.0
0.99999964
1.0
1.0
1.0
1.0
1.0
1.0
1.0
1.0
1.0
0.9999989
1.0
1.0
1.0
0.9999999
1.0
1.0
0.9999999
0.9999999
1.0
1.0
1.0
0.99999964
0.99999964
1.0
0.9999243
0.99999845
0.999949
1.0
1.0
1.0
0.9999999
0.9997278
1.0
0.9995395
0.99999917
0.99999595
1.0
1.0
1.0
1.0
0.9999981
0.99999857
0.9999999
0.9999682
0.9999927
0.99999964
1.0
1.0
1.0
1.0
1.0
0.999997
0.9999999
0.9999969
0.9999999
1.0
1.0
0.9999994
0.99999714
0.99448156
1.0
0.99984956
1.0
0.9999999
1.0
0.99999976
1.0
0.999997
1.0
1.0
1.0
0.9999962
1.0
0.99999976
0.9999175
1.0
0.9999993
0.99999857
0.99999833
0.99999917
1.0
1.0
0.9999988
1.0
1.0
0.99989676
0.99999213
0.9999999
0.9999869
0.99999976
1.0
0.99997926
1.0
1.0
1.0
1.0
1.0
1.0
0.9999999
1.0
1.0
0.99998724
1.0
0.99999964
0.9999695
0.9999993
0.9999994
1.0
1.0
1.0
0.9999862
1.0
1.0
0.9999471
0.99997497
0.9999999
1.0
1.0
1.0
1.0
0.99999976
1.0
1.0
0.9999995
1.0
1.0
1.0
0.99999964
0.99997604
0.9999999
1.0
1.0
0.9999989
1.0
0.9999968
0.9999994
0.999982
1.0
0.99471647
0.9999889
1.0
1.0
1.0
1.0
0.99999845
0.99999917
1.0
1.0
0.9999999
1.0
0.99998176
1.0
1.0
1.0
0.99999976
1.0
0.9999994
1.0
1.0
1.0
0.9999974
0.9999994
0.9999999
1.0
1.0
0.9966468
0.99999976
0.9999995
1.0
1.0
1.0
0.99924326
0.9999857
0.99995303
1.0
0.99999964
1.0
0.99999344
0.9999995
0.99999833
1.0
0.9999994
0.99987614
1.0
1.0
0.9999999
0.9999981
0.9982169
0.9503213
0.9999932
0.99998116
0.9911753
0.9999994
0.9100427
0.99683243
0.9999987
1.0
0.99999964
0.9999974
0.99999976
0.9999988
0.99995136
0.99938416
0.9999654
0.7072481
0.9847221
0.99999976
0.9979887
0.99998987
0.63175833
0.999959
0.9918725
0.99999964
0.9999988
0.99999917
1.0
1.0
0.9999981
1.0
0.99999714
1.0
0.9999888
0.9999838
0.9999895
1.0
0.99913764
1.0
0.9999995
1.0
0.99998057
0.56098086
0.9977859
0.9888235
1.0
0.9999994
0.9999908
0.9992347
1.0
0.99981576
0.9999994
0.99999976
0.9955106
0.9999999
0.99999976
1.0
1.0
0.9999639
0.999984
0.9997564
1.0
0.99998677
0.99983215
0.99999845
1.0
0.99999034
0.99961543
0.9999814
0.999979
0.62643933
1.0
0.9999982
0.9999944
1.0
1.0
0.99962926
0.99966526
1.0
1.0
0.9999962
0.9999796
0.9999999
1.0
1.0
1.0
1.0
1.0
1.0
0.99999833
0.99999917
1.0
1.0
1.0
1.0
0.9999999
0.7395144
0.9999962
1.0
1.0
1.0
1.0
1.0
1.0
1.0
1.0
0.99986744
0.9999486
1.0
1.0
1.0
0.99999976
0.99999654
0.9999994
1.0
0.9999684
1.0
0.99999547
0.99999654
0.9999994
0.9999999
1.0
0.9999987
0.9999995
1.0
0.99999607
0.99999964
1.0
0.9999995
0.9999995
1.0
1.0
1.0
0.99994755
1.0
1.0
0.99997914
1.0
1.0
0.9999944
1.0
1.0
1.0
1.0
1.0
1.0
1.0
1.0
0.99999976
1.0
1.0
0.99998593
0.999995
0.9999943
0.9999093
0.9999919
1.0
0.9999993
1.0
1.0
1.0
1.0
0.99996483
0.9999826
1.0
0.99998677
0.9998541
0.99996865
0.99999976
0.99998915
0.99999976
0.99999917
1.0
1.0
0.9999999
0.99998903
0.99999917
0.9999918
0.999997
0.9999999
1.0
1.0
1.0
1.0
1.0
0.9865487
0.9994765
1.0
0.99995863
0.97436225
0.9998845
1.0
0.99951744
0.99999964
0.9989889
0.9999995
0.99997723
1.0
1.0
0.9999988
0.99699116
0.99591416
0.99999964
0.99999356
0.9999999
0.9999975
1.0
0.9995413
0.9999995
0.9997538
1.0
1.0
1.0
0.9997677
0.9999937
1.0
0.99999905
1.0
0.9999999
0.99997485
1.0
1.0
1.0
1.0
0.9999999
0.9999888
1.0
0.9999356
0.50059146
0.9999018
0.99999785
1.0
0.9999994
1.0
1.0
1.0
0.99993706
1.0
0.9999988
0.9999999
1.0
0.9985739
0.9999999
1.0
1.0
0.9999999
0.99999917
1.0
1.0
1.0
0.9999995
0.99999774
0.9999814
1.0
0.9999994
1.0
0.99998844
1.0
0.9999988
1.0
1.0
1.0
0.9999653
0.9999801
0.9999999
1.0
0.9999995
1.0
1.0
1.0
0.9999999
1.0
0.99999964
1.0
0.9999995
1.0
1.0
1.0
0.99999964
1.0
0.9999993
1.0
0.9999993
1.0
0.9999999
0.9999975
0.9998161
1.0
1.0
1.0
0.9999918
1.0
0.9007196
0.9999999
1.0
1.0
1.0
0.9999523
1.0
1.0
1.0
1.0
0.9999999
0.99999976
1.0
1.0
1.0
1.0
0.9999999
1.0
1.0
1.0
1.0
1.0
0.9999999
0.9999999
1.0
0.99999964
1.0
1.0
1.0
0.99999976
1.0
0.9998728
1.0
1.0
1.0
1.0
0.99550277
1.0
0.99999034
0.9999995
1.0
1.0
1.0
1.0
0.9999994
1.0
1.0
0.999288
0.9985644
0.9999999
1.0
1.0
0.9999994
1.0
1.0
0.9999981
1.0
1.0
0.9999999
0.99997973
1.0
1.0
1.0
0.9999753
1.0
0.999998
1.0
0.9999982
1.0
1.0
1.0
0.9999999
0.99991953
1.0
1.0
1.0
0.9999987
1.0
0.9999932
0.9999993
0.9999999
1.0
0.99999845
1.0
1.0
1.0
1.0
1.0
1.0
1.0
0.99999785
0.9999993
1.0
0.9999459
1.0
1.0
0.9999993
0.99999404
0.9999703
1.0
1.0
1.0
1.0
0.99999964
1.0
1.0
0.9999999
0.99816304
1.0
1.0
1.0
1.0
0.99999905
1.0
0.9999995
0.99995816
1.0
0.99999964
1.0
1.0
0.9999999
0.9999993
0.9999999
1.0
0.99999213
1.0
0.9999999
1.0
0.9999995
1.0
1.0
1.0
0.99999964
0.99999976
0.9999951
1.0
1.0
1.0
1.0
0.9999963
1.0
1.0
1.0
1.0
0.99999976
0.99999964
1.0
0.99999
1.0
1.0
0.99999917
0.99999404
1.0
1.0
1.0
0.9999999
1.0
1.0
1.0
1.0
1.0
0.9999999
1.0
1.0
1.0
1.0
1.0
0.9999999
0.9999995
1.0
1.0
1.0
0.9999999
0.9999968
0.99999046
1.0
0.99999964
1.0
0.99999964
1.0
1.0
0.9999888
1.0
0.99989295
0.99999833
0.9999994
1.0
1.0
0.9999994
1.0
0.9999999
1.0
1.0
0.9999999
0.99999917
1.0
0.9999999
0.9999999
1.0
1.0
1.0
0.9999999
0.9877759
0.99999785
0.9999968
1.0
0.99999857
0.9940767
1.0
1.0
1.0
0.99999976
1.0
1.0
0.99999964
1.0
0.9999988
0.9999795
1.0
1.0
1.0
0.9999876
0.99999726
1.0
0.9999939
1.0
0.9999999
0.9999894
1.0
1.0
1.0
1.0
0.9999887
1.0
0.99999654
1.0
1.0
0.99998856
1.0
0.9999999
0.9999999
0.9999999
0.99999213
1.0
0.9999995
1.0
0.99991584
0.9999795
0.9999815
1.0
1.0
0.99996245
1.0
0.99999666
1.0
1.0
0.9999999
1.0
1.0
0.99999917
0.99998665
1.0
1.0
1.0
1.0
1.0
0.9999999
1.0
0.9998927
1.0
1.0
1.0
1.0
0.99999976
0.99837613
1.0
0.9999999
1.0
1.0
1.0
1.0
0.9999993
1.0
1.0
1.0
0.99991655
1.0
0.99999964
0.99975497
1.0
1.0
0.99999595
1.0
1.0
1.0
0.9999999
1.0
1.0
1.0
1.0
1.0
0.9999893
0.999998
0.9999999
0.9999995
1.0
1.0
0.99956495
1.0
0.99997354
1.0
0.9999993
1.0
1.0
1.0
0.9999994
0.99999964
1.0
0.99999976
0.9999999
0.9999999
0.9999995
1.0
1.0
0.99999964
1.0
0.99999785
0.9999999
1.0
1.0
1.0
1.0
0.99997365
1.0
1.0
1.0
1.0
1.0
1.0
1.0
1.0
1.0
1.0
1.0
0.99996686
1.0
1.0
1.0
1.0
0.9999999
1.0
0.99890804
1.0
1.0
1.0
1.0
1.0
0.999826
0.9999988
1.0
1.0
0.9999207
0.9999989
0.99994266
1.0
0.9988763
1.0
1.0
0.9999999
0.9020154
0.99983704
1.0
0.99999976
0.9999989
0.99999964
1.0
0.9999969
1.0
1.0
0.9999795
1.0
0.9999988
0.99995315
1.0
0.99999905
0.99999964
0.9780376
1.0
0.9995472
1.0
0.9999999
0.9999995
0.9999999
0.99998224
0.9999999
0.99999964
1.0
1.0
0.9999999
1.0
0.9999769
0.9999999
0.99996006
1.0
1.0
1.0
0.9999802
1.0
0.99997926
1.0
1.0
0.9999689
0.9998048
0.99993896
0.9999974
0.99998033
1.0
1.0
0.99999905
0.99999976
0.9998876
0.99996233
1.0
1.0
0.9999914
0.99999976
1.0
1.0
1.0
0.9999987
1.0
0.9999989
0.9999999
1.0
1.0
1.0
1.0
1.0
1.0
1.0
0.9999999
0.9999995
1.0
0.9999995
0.9997342
1.0
1.0
0.9999945
1.0
0.9999999
1.0
0.9999999
0.99999964
0.9999999
1.0
1.0
0.9999999
0.99999607
0.9999995
1.0
1.0
0.99999917
0.9995017
0.9999994
1.0
1.0
1.0
1.0
1.0
1.0
1.0
1.0
1.0
0.9999969
1.0
1.0
1.0
1.0
0.9999995
1.0
0.99999964
0.99999976
1.0
1.0
1.0
1.0
0.9999999
0.9998747
0.9999938
0.9999999
0.9999975
0.9999975
1.0
1.0
1.0
0.9999999
0.99999774
0.99999845
0.9999994
1.0
1.0
0.9999932
0.99998355
0.99999964
0.9999999
0.9999993
1.0
0.9992224
1.0
0.9999764
1.0
0.99999976
0.9999999
1.0
1.0
0.9999999
1.0
0.9999999
1.0
1.0
1.0
1.0
1.0
0.99999976
1.0
0.9999999
0.99999785
1.0
0.99997425
1.0
1.0
0.99999976
0.9999995
0.9999995
0.9999995
1.0
1.0
0.9999988
0.99999976
0.9999851
0.9999994
1.0
0.9999993
0.9999156
1.0
0.99999535
1.0
1.0
0.9999987
1.0
1.0
1.0
0.99999404
0.9999994
0.99999917
1.0
0.99999774
0.99995506
0.9999833
1.0
1.0
1.0
1.0
0.99999833
0.9999987
1.0
0.9999987
1.0
0.9999949
0.99994326
1.0
0.9999995
0.9999939
1.0
1.0
0.9999726
0.9999999
0.99999917
1.0
0.99999976
0.99998474
1.0
1.0
0.9999988
0.9999949
0.9995908
0.9999999
0.9995436
1.0
1.0
1.0
0.9999999
0.9999958
1.0
0.9940836
0.99999654
0.99999225
1.0
0.99999917
0.9999988
0.9997905
1.0
0.9999999
1.0
0.99988854
1.0
0.99999964
1.0
1.0
1.0
0.99999654
1.0
1.0
0.99999976
0.9999584
1.0
0.9998903
1.0
0.9999988
0.9999821
1.0
0.9999629
1.0
1.0
1.0
0.9998247
0.99999774
1.0
1.0
0.9999728
0.9999541
1.0
1.0
0.9999995
1.0
0.9999932
0.9992824
1.0
1.0
0.99999976
1.0
1.0
1.0
0.999997
0.9999479
0.99997044
1.0
1.0
1.0
1.0
1.0
0.9997851
1.0
1.0
1.0
1.0
0.99996245
0.9999989
0.99977976
1.0
0.9999957
0.9999999
1.0
1.0
0.9999933
1.0
1.0
0.99984956
0.9999999
1.0
0.99999857
1.0
1.0
1.0
1.0
1.0
0.9999906
0.9999825
1.0
1.0
0.9999999
1.0
0.9999999
1.0
1.0
1.0
1.0
0.9999995
1.0
0.99999905
1.0
0.9999995
0.99999785
1.0
1.0
1.0
1.0
0.999997
0.9999963
1.0
1.0
1.0
1.0
1.0
0.9999994
0.9999976
0.9999999
1.0
0.9999876
0.9997849
1.0
0.99999547
1.0
0.9999999
0.9999969
1.0
0.9999995
1.0
0.9996383
0.999998
0.9999976
1.0
0.9999652
1.0
0.99999964
1.0
0.99999475
0.99999976
1.0
1.0
1.0
1.0
1.0
0.999995
0.9999925
0.99999523
1.0
0.99999857
1.0
0.9999969
0.99999976
1.0
1.0
1.0
0.9999999
1.0
1.0
0.9999999
1.0
1.0
1.0
1.0
1.0
0.9999968
1.0
1.0
0.9999999
1.0
0.99999106
0.9999819
1.0
0.99999976
1.0
0.9999893
1.0
1.0
1.0
1.0
1.0
1.0
1.0
1.0
0.9999542
0.9999995
1.0
1.0
1.0
1.0
1.0
1.0
0.99998844
1.0
1.0
1.0
1.0
1.0
1.0
0.99999976
0.99999976
0.99999666
0.9999932
0.99997544
0.999997
1.0
0.9999994
1.0
1.0
0.99998975
0.9999888
1.0
1.0
1.0
1.0
1.0
0.99999404
0.9999999
1.0
1.0
1.0
0.99999523
0.9999988
1.0
1.0
1.0
0.9999999
1.0
1.0
1.0
0.9999974
1.0
1.0
0.99999785
1.0
1.0
0.9999982
0.9999995
1.0
1.0
1.0
1.0
1.0
1.0
0.9999999
0.99999976
1.0
1.0
0.99998176
1.0
1.0
1.0
0.99999917
1.0
0.99999976
1.0
1.0
0.99998367
1.0
1.0
1.0
1.0
0.99999976
1.0
1.0
1.0
0.9999999
0.99999976
1.0
1.0
1.0
1.0
1.0
0.9999994
1.0
1.0
0.9999993
1.0
1.0
1.0
1.0
1.0
1.0
1.0
1.0
0.9999968
1.0
1.0
1.0
0.99999917
0.9999999
1.0
1.0
0.9998838
0.99995184
0.9999999
1.0
0.9999918
0.99999404
0.9999225
0.99507684
0.9988366
1.0
0.999949
0.99995863
1.0
1.0
1.0
0.9999634
0.99999905
1.0
0.9999988
0.9999982
0.9999913
0.9997992
1.0
1.0
1.0
1.0
0.9999994
0.99999976
0.99999833
0.9999999
0.9999999
1.0
0.99999833
1.0
1.0
0.99999964
0.9999999
1.0
0.99997795
1.0
0.99999964
1.0
1.0
1.0
0.999977
0.9999908
1.0
1.0
1.0
0.99999917
1.0
0.9999994
1.0
0.9999286
1.0
0.9998714
0.9999604
1.0
0.9999999
1.0
1.0
0.99999976
0.99993
0.9999994
1.0
1.0
0.9999994
0.9999962
0.999995
0.9999956
1.0
0.99999964
0.9999628
0.99999833
0.99973685
1.0
1.0
1.0
0.9999771
0.9999999
1.0
1.0
0.99999976
0.99993753
0.99964666
0.99955827
1.0
0.9999887
1.0
0.99999917
1.0
1.0
0.99999714
0.99997973
0.9999708
0.9999981
0.99999917
0.99999833
0.99999976
1.0
0.9999999
1.0
0.9999999
0.9999999
0.99999845
1.0
1.0
1.0
1.0
0.99999964
1.0
0.99436873
0.99999225
0.9996878
0.9995091
1.0
0.9999968
0.9739237
1.0
0.9961482
0.9999994
0.58451474
0.9999988
0.9990079
0.99999654
0.990502
0.99999976
0.9999999
0.9872542
0.99999845
0.99999666
0.9999994
0.9990357
0.99999166
0.999998
0.99999547
0.99999976
0.9999994
0.9999993
1.0
0.99999905
0.9999819
1.0
0.9999999
1.0
1.0
0.9999949
0.9999616
0.99999964
0.9999844
1.0
1.0
0.9999956
0.9999982
0.9999999
1.0
1.0
1.0
0.99999166
0.99998784
1.0
1.0
0.9999944
0.99996495
0.9999999
0.9999912
0.9999987
1.0
0.9999229
0.99993896
0.99986005
0.99233586
0.9992568
1.0
0.94147086
0.99783176
0.99999845
0.99999964
0.99999547
0.99999976
0.99999905
0.99999964
1.0
0.999793
0.9998336
1.0
0.9995784
0.9869435
0.99986744
0.99999785
0.99996126
0.9999999
0.99991083
0.9959324
0.99999976
0.9999851
0.9998988
0.98903847
0.9999995
0.9911761
0.978217
0.99999833
0.9999999
1.0
0.9999999
1.0
0.9999484
0.99999917
0.9999999
1.0
1.0
1.0
0.9999994
0.99999976
1.0
0.99999917
0.9999999
0.9999647
0.99999857
1.0
1.0
1.0
0.9999995
0.9999969
0.99999356
1.0
0.9999802
1.0
1.0
1.0
1.0
1.0
0.9999987
1.0
1.0
1.0
0.9999962
1.0
0.99999547
1.0
1.0
0.99999976
1.0
0.9939015
1.0
0.9999999
1.0
0.99999976
1.0
1.0
0.99896276
1.0
0.9999995
1.0
1.0
1.0
1.0
0.9967109
0.9998388
1.0
1.0
1.0
0.99953854
0.9994574
1.0
0.9999999
0.9999987
1.0
1.0
1.0
0.9999317
0.9999939
0.9999871
1.0
1.0
0.99986017
0.99999857
1.0
1.0
1.0
0.999508
1.0
1.0
1.0
0.99999917
1.0
0.99999964
1.0
0.99993026
1.0
1.0
0.99999225
0.9997899
1.0
0.99997973
1.0
0.9999999
1.0
1.0
1.0
0.9999994
0.9999995
0.9998975
0.99999726
0.9999999
1.0
1.0
1.0
1.0
0.99999833
1.0
1.0
1.0
1.0
1.0
0.99965024
0.9999932
0.99999285
1.0
0.99999523
1.0
1.0
1.0
1.0
0.99999857
1.0
1.0
0.99999726
1.0
1.0
0.99999976
0.9071423
0.9999999
0.7334614
0.9999999
0.99579406
0.99801636
0.9860664
0.9999733
1.0
0.9999982
0.99929
1.0
0.99998856
1.0
0.99999964
0.99998295
0.99843806
1.0
0.99999964
0.99981505
0.99990296
1.0
0.99995387
1.0
1.0
0.9999939
1.0
0.99998105
1.0
0.9999988
1.0
0.99999976
0.9999776
0.9918012
0.99502474
0.95944005
0.9950389
0.9999937
0.9998754
0.9999995
0.99999833
1.0
0.9999976
0.99894637
0.9997609
0.98358303
0.96518445
0.99987245
0.99914336
1.0
0.9999963
0.9993748
1.0
0.99998915
0.9999956
0.9999999
0.9989152
0.9999982
1.0
0.9999993
1.0
1.0
1.0
1.0
1.0
0.99999726
1.0
0.99998736
1.0
0.8184664
1.0
1.0
1.0
1.0
0.9999999
0.9999999
1.0
0.99999964
0.9999999
0.9999999
0.9999943
1.0
1.0
1.0
0.9999988
0.9999989
1.0
1.0
1.0
1.0
1.0
1.0
0.9999808
1.0
0.9999994
0.99999964
1.0
0.99997103
1.0
1.0
0.99999344
1.0
1.0
1.0
1.0
0.9999682
0.9999982
0.9999999
1.0
0.9999999
1.0
1.0
0.99999726
0.9999999
1.0
1.0
0.9999999
1.0
1.0
1.0
1.0
1.0
0.9999646
0.9994867
1.0
0.99999595
0.99999964
1.0
0.9999937
0.99999976
1.0
0.99999964
1.0
1.0
1.0
0.9999999
1.0
0.99996173
0.9999969
0.9999999
1.0
0.99999964
1.0
0.9999999
0.99993384
1.0
1.0
1.0
0.9999999
0.9999993
1.0
0.99999976
1.0
1.0
0.9999999
1.0
0.9999968
1.0
0.9999988
0.99999845
1.0
1.0
1.0
1.0
1.0
1.0
0.99999964
1.0
0.9999994
0.9999924
0.9999778
1.0
0.9999918
1.0
0.99999547
0.9999999
1.0
1.0
1.0
1.0
0.99999845
0.99999964
1.0
1.0
0.99968886
0.99990666
0.99999344
0.68085307
1.0
1.0
1.0
0.9999999
0.99999976
0.9999943
0.99999976
0.99985754
0.9999994
0.9999515
0.9999987
1.0
0.9995944
1.0
0.99999905
0.9999975
1.0
1.0
0.99999785
1.0
0.9999995
0.9999877
1.0
1.0
1.0
0.9999441
0.99481696
0.99998784
0.99999964
1.0
0.9982589
0.99981815
0.9999999
1.0
0.9999957
0.99999106
0.9999976
0.9999982
0.99999917
0.99984086
0.9999249
0.9999919
0.99998665
1.0
1.0
1.0
1.0
1.0
0.99997807
1.0
1.0
1.0
0.99999845
1.0
1.0
1.0
0.9999958
0.99999964
0.9999975
0.99999714
1.0
0.9999777
1.0
0.99999905
0.98265636
1.0
0.99999905
1.0
0.9992454
0.9106145
1.0
1.0
0.99999917
0.99909544
0.99999547
0.9999677
0.99998116
0.99999404
0.931458
0.96832585
1.0
1.0
1.0
1.0
1.0
0.99904877
0.99999976
0.9999726
1.0
0.9999999
0.99999666
1.0
1.0
0.9999999
1.0
1.0
0.9999995
0.99999976
1.0
0.99999607
1.0
1.0
0.9999957
1.0
0.99999976
0.9999769
1.0
0.9999931
1.0
0.9999999
1.0
0.9999999
1.0
0.99995327
1.0
0.9999945
1.0
0.9999999
1.0
1.0
0.9999999
0.9999999
1.0
1.0
1.0
0.99999785
1.0
0.9993548
0.999819
0.9910788
0.99998975
0.9999999
0.9999989
1.0
0.99999976
0.9737762
0.9999993
1.0
1.0
1.0
0.9999975
0.9999988
0.9999548
0.9999999
0.9999801
1.0
0.99999774
1.0
1.0
0.99999774
0.9999969
0.9999999
1.0
1.0
1.0
0.9999976
0.9999995
1.0
1.0
0.99893004
0.99999976
0.7764936
1.0
0.9999888
0.99999917
1.0
1.0
0.99999917
1.0
1.0
1.0
0.99999833
1.0
1.0
0.9999999
1.0
0.9999856
1.0
0.99999833
0.9997837
0.99999976
0.99999976
1.0
0.9999999
0.99999475
0.9999999
1.0
1.0
0.99999297
1.0
1.0
1.0
0.99999976
1.0
0.99999964
0.9999962
1.0
1.0
1.0
1.0
1.0
1.0
0.9999982
1.0
1.0
1.0
1.0
1.0
1.0
1.0
1.0
1.0
0.99946684
1.0
1.0
1.0
1.0
1.0
1.0
1.0
1.0
1.0
0.99991345
1.0
1.0
1.0
1.0
0.99999964
0.9999999
0.99999917
1.0
1.0
1.0
1.0
0.9999999
1.0
0.9999999
1.0
0.99999905
0.9999851
1.0
0.9999993
0.9999963
0.9999993
0.99981886
0.9999987
0.9999989
0.9999963
0.99991095
0.99999833
0.9999951
0.99999833
1.0
1.0
0.9999931
0.9999814
0.99998677
0.99992
1.0
0.9999995
1.0
0.9993086
0.999393
0.99991465
0.9999999
1.0
0.9999974
1.0
0.9999602
1.0
1.0
0.9999999
0.9999796
0.9832428
0.99999654
0.9999596
0.9992743
0.9999949
0.99998426
0.99999845
0.6142506
1.0
0.99999964
0.9999976
0.99999976
0.9999994
1.0
0.9999995
1.0
0.9999964
1.0
0.99999964
0.99999905
0.99997866
0.9999945
0.99999726
0.99999785
0.99999905
0.99998367
0.99999976
1.0
1.0
1.0
1.0
1.0
1.0
1.0
1.0
1.0
1.0
1.0
1.0
1.0
1.0
1.0
1.0
1.0
1.0
0.9999994
1.0
1.0
1.0
1.0
1.0
1.0
1.0
1.0
1.0
0.9999999
1.0
1.0
1.0
0.9999999
1.0
1.0
1.0
1.0
0.99993503
1.0
1.0
1.0
1.0
1.0
1.0
1.0
1.0
0.99999905
1.0
1.0
1.0
0.9999987
1.0
1.0
0.9999999
1.0
0.99999964
0.99999905
1.0
1.0
0.9999999
0.99995506
0.99999964
1.0
1.0
1.0
1.0
1.0
1.0
0.99999225
1.0
0.99999976
1.0
1.0
1.0
1.0
1.0
0.9999999
0.9999999
1.0
1.0
1.0
1.0
1.0
1.0
0.99999964
1.0
1.0
1.0
1.0
1.0
0.9999665
1.0
0.9999999
1.0
1.0
1.0
1.0
1.0
1.0
1.0
1.0
1.0
1.0
0.9999995
1.0
1.0
0.9999995
1.0
1.0
1.0
1.0
0.9999999
1.0
1.0
1.0
1.0
1.0
1.0
1.0
0.99999607
1.0
1.0
1.0
1.0
1.0
1.0
0.9999999
0.99999976
1.0
1.0
0.9999999
1.0
0.9999994
1.0
0.99999464
0.9999999
1.0
0.99999976
1.0
1.0
1.0
0.99999964
1.0
1.0
0.9999924
0.9999999
1.0
1.0
1.0
1.0
1.0
1.0
1.0
0.9999995
1.0
1.0
1.0
1.0
0.9999999
1.0
1.0
0.9999999
1.0
1.0
1.0
1.0
0.99998
1.0
0.9999964
0.9999999
0.9999999
0.99999964
1.0
1.0
1.0
1.0
1.0
1.0
1.0
1.0
0.99999976
1.0
0.99999976
1.0
1.0
0.9999999
1.0
1.0
0.999998
0.99999475
1.0
0.9911101
0.9999994
1.0
0.9999999
0.99986327
1.0
0.99999547
1.0
1.0
1.0
0.9999999
1.0
1.0
1.0
1.0
1.0
1.0
1.0
0.9999994
1.0
0.99999976
0.9999995
1.0
1.0
1.0
1.0
1.0
0.9999981
0.9999999
0.99999964
0.99999976
0.99999964
1.0
1.0
1.0
1.0
1.0
1.0
0.99999905
1.0
1.0
0.9999999
1.0
0.9999944
0.9999995
1.0
1.0
0.99999785
0.99999964
0.9999999
0.99999845
1.0
1.0
0.99999976
1.0
0.9999999
1.0
0.99999845
1.0
1.0
1.0
1.0
1.0
1.0
1.0
1.0
1.0
1.0
0.9999994
0.9999958
0.99999976
0.9999926
1.0
1.0
1.0
1.0
1.0
0.9999999
1.0
1.0
1.0
0.99992824
0.9999999
0.9999999
1.0
1.0
1.0
1.0
0.99999905
1.0
1.0
1.0
1.0
1.0
1.0
0.9999999
1.0
1.0
1.0
0.9999995
1.0
1.0
1.0
1.0
0.99999976
1.0
1.0
1.0
0.99999774
0.99999857
0.9999908
1.0
1.0
1.0
1.0
1.0
1.0
1.0
1.0
1.0
1.0
0.99999666
1.0
1.0
0.9999994
1.0
1.0
0.9999994
0.9999999
0.99999976
1.0
1.0
1.0
0.99999976
1.0
0.9999989
1.0
0.9999999
0.99999964
1.0
1.0
1.0
1.0
1.0
0.99992883
1.0
1.0
0.9999989
1.0
0.99990416
1.0
0.99999416
1.0
1.0
0.999998
1.0
1.0
0.99999976
1.0
0.9999999
1.0
1.0
0.9999995
0.99999976
1.0
1.0
0.9999974
0.9999987
0.99993837
1.0
1.0
1.0
1.0
1.0
1.0
0.99996865
1.0
1.0
1.0
1.0
0.99999976
1.0
1.0
0.9999993
0.99999964
0.99999964
1.0
1.0
0.9999999
1.0
1.0
1.0
0.9999958
0.99998724
1.0
1.0
1.0
1.0
1.0
1.0
0.9999945
1.0
1.0
1.0
0.99999964
1.0
0.99999475
1.0
1.0
1.0
1.0
1.0
1.0
1.0
0.99990916
1.0
1.0
1.0
0.9999974
0.99999905
1.0
0.9999999
1.0
1.0
1.0
0.9999982
1.0
1.0
1.0
0.999997
1.0
1.0
1.0
0.99999344
1.0
1.0
0.9999844
1.0
0.99999475
1.0
1.0
0.999982
0.9999552
1.0
1.0
1.0
0.99999976
1.0
0.99997175
1.0
0.999984
1.0
1.0
1.0
1.0
1.0
1.0
0.9999467
1.0
1.0
0.9999975
1.0
1.0
1.0
0.99999785
0.9999993
0.9999962
0.9998293
0.99999976
1.0
1.0
0.9990231
0.9999893
1.0
0.99998593
1.0
0.9994808
0.9993973
0.99992526
0.999302
0.99999976
0.97582346
1.0
0.9999999
1.0
0.9999999
0.9798335
0.99676716
0.99999213
1.0
0.9999994
0.99999857
0.9999893
0.9999994
0.99999905
1.0
1.0
1.0
0.9996779
0.99999857
0.9999937
0.9997019
0.9999989
1.0
1.0
0.99999964
0.9999621
0.99999285
0.9999987
1.0
1.0
0.9999385
0.99999845
0.99996173
1.0
0.9999968
1.0
1.0
1.0
0.99994266
0.99997985
0.99999976
1.0
0.99999905
0.99999654
1.0
1.0
1.0
1.0
0.9999999
0.9999913
0.9997099
0.9999999
0.98127776
1.0
0.9999999
1.0
1.0
1.0
1.0
1.0
0.9999914
1.0
0.9999989
0.9999999
1.0
1.0
1.0
1.0
1.0
1.0
0.9999999
1.0
1.0
0.9999999
0.99999297
0.9999943
1.0
0.9999999
1.0
1.0
1.0
1.0
1.0
1.0
1.0
1.0
0.99999905
1.0
1.0
1.0
1.0
0.999793
1.0
0.999966
0.99999976
1.0
1.0
1.0
1.0
0.99999964
1.0
1.0
0.9999999
1.0
0.99996996
1.0
1.0
1.0
0.9999839
1.0
1.0
1.0
1.0
1.0
1.0
1.0
1.0
1.0
1.0
1.0
1.0
0.9999999
0.99999166
0.9999999
1.0
0.99999976
1.0
0.99999833
1.0
0.9999989
0.9999994
1.0
0.9999999
1.0
0.9999989
1.0
0.9999993
1.0
1.0
0.9999542
1.0
1.0
1.0
0.99999964
0.99999857
1.0
0.99999833
1.0
1.0
0.99999094
0.9999999
0.9999877
1.0
0.99999976
1.0
1.0
1.0
1.0
1.0
1.0
0.9999999
0.99997425
1.0
1.0
1.0
1.0
1.0
0.9999993
1.0
0.9999975
1.0
0.9999949
0.9999999
1.0
1.0
1.0
1.0
1.0
1.0
1.0
0.99999976
0.99999523
1.0
0.9999999
1.0
0.99999666
1.0
1.0
1.0
1.0
1.0
0.9999994
1.0
0.99999964
1.0
0.9999995
1.0
0.9999999
1.0
0.9999999
1.0
1.0
0.9999993
0.9999707
0.9999989
1.0
0.9999759
1.0
0.99999976
1.0
1.0
1.0
1.0
1.0
0.99998605
1.0
1.0
0.9999982
1.0
1.0
1.0
1.0
0.9999865
0.99999976
1.0
0.9999994
0.9999913
1.0
1.0
0.99999607
0.99999666
1.0
1.0
0.9999759
0.99999976
1.0
0.99999964
1.0
0.99999976
0.9999931
0.99999917
1.0
1.0
0.999998
1.0
1.0
0.99999976
1.0
1.0
1.0
1.0
1.0
1.0
1.0
1.0
1.0
1.0
1.0
1.0
1.0
1.0
0.9998715
1.0
1.0
1.0
1.0
1.0
1.0
1.0
1.0
1.0
1.0
0.99999976
1.0
0.9999999
0.9999999
1.0
0.9999981
1.0
1.0
1.0
1.0
1.0
1.0
1.0
1.0
1.0
1.0
1.0
1.0
1.0
1.0
1.0
1.0
1.0
1.0
1.0
0.9999989
1.0
1.0
1.0
1.0
1.0
1.0
1.0
1.0
1.0
1.0
1.0
1.0
1.0
1.0
0.9999994
1.0
1.0
1.0
0.99999976
0.99999964
1.0
1.0
1.0
1.0
1.0
0.99990344
1.0
1.0
1.0
0.9999825
1.0
1.0
1.0
0.9999999
1.0
1.0
1.0
1.0
1.0
0.9999999
0.99999964
1.0
1.0
0.99999976
1.0
1.0
1.0
1.0
1.0
0.99999976
1.0
0.9999999
0.99999595
1.0
1.0
1.0
1.0
0.9999994
0.9996326
1.0
0.9999995
1.0
1.0
1.0
1.0
0.9996823
0.99999976
0.9999999
0.9999732
1.0
1.0
0.99998665
1.0
1.0
1.0
0.9999614
0.99999976
1.0
0.99999976
1.0
1.0
0.99999976
1.0
1.0
0.9999999
1.0
1.0
1.0
1.0
0.9999999
0.9999988
1.0
1.0
1.0
0.9999994
1.0
0.99999595
1.0
0.9999995
0.9999999
1.0
1.0
0.99999976
1.0
0.9968906
0.99997294
0.9999827
1.0
0.99997544
0.9998975
1.0
1.0
1.0
1.0
1.0
1.0
0.99999976
1.0
0.9999999
0.99999964
0.99999964
1.0
1.0
1.0
1.0
0.9999995
0.9999999
0.9999999
1.0
0.9999801
1.0
0.9999999
1.0
1.0
1.0
1.0
1.0
0.9999788
1.0
0.99997604
1.0
0.9999889
1.0
1.0
1.0
1.0
0.9994789
0.9999982
1.0
0.9999999
1.0
1.0
0.99999785
1.0
1.0
0.9999999
1.0
1.0
1.0
1.0
0.99999845
1.0
1.0
1.0
1.0
1.0
1.0
1.0
0.9999924
0.99999774
0.99999976
0.9999999
1.0
0.9999969
0.9999089
0.99998116
1.0
0.99999034
0.99995923
1.0
0.9999989
1.0
0.9999982
0.9999783
0.9999995
0.99999976
1.0
0.99999976
0.99844664
1.0
1.0
0.9999521
0.9999988
0.9999995
0.99999976
0.9999976
1.0
0.99999785
0.9999993
1.0
0.9847579
1.0
1.0
0.9999999
1.0
0.99994993
0.99999976
0.9999999
1.0
0.99999905
0.9998394
1.0
1.0
0.9581468
0.9999993
0.999998
1.0
0.99936897
0.9999993
0.99999774
1.0
0.99979883
0.99997926
0.8994067
0.99999964
0.9999995
1.0
0.9999995
1.0
0.9997409
1.0
1.0
0.99999785
0.99999905
1.0
0.99999976
0.9999999
0.99999833
1.0
0.99999154
1.0
1.0
1.0
0.99999595
1.0
0.99999356
1.0
1.0
1.0
0.9999993
0.99999833
0.9999999
0.99999976
1.0
0.9998517
1.0
1.0
1.0
1.0
0.99992275
1.0
1.0
1.0
0.9999988
1.0
1.0
0.9999994
1.0
0.9999988
0.99999964
0.99580234
0.9999999
0.9999968
1.0
0.9999944
1.0
0.99999917
0.9993394
0.99999976
0.9996995
1.0
1.0
0.999539
1.0
1.0
0.9999995
1.0
1.0
1.0
1.0
0.9997081
0.9999989
1.0
1.0
1.0
0.9966737
0.9999976
0.9999969
0.99999845
1.0
0.99886143
0.99998987
1.0
0.6593956
0.99999976
0.99480903
0.99999917
0.9999982
0.99998796
0.9999999
0.99251294
0.9999988
1.0
1.0
1.0
0.99999976
0.99999917
0.9785942
1.0
0.9677989
0.999734
0.99845934
1.0
1.0
0.99964404
0.82032925
0.99705887
0.99999964
0.99820495
1.0
1.0
1.0
0.99980277
0.9999999
0.9999999
0.99983037
0.9974753
1.0
0.99999833
1.0
0.9999831
0.99947566
1.0
0.99999976
0.9893958
1.0
0.99999905
0.9857678
0.99990904
0.99999905
1.0
1.0
0.9994092
1.0
1.0
0.99999905
1.0
0.9999969
1.0
0.9999999
0.99999475
0.9999678
0.8668191
1.0
1.0
0.99999917
0.99999726
0.99999285
1.0
0.9999951
0.99940383
0.99999976
0.99999034
0.99999404
0.99999976
0.5191019
0.99954
0.99993265
1.0
0.99999976
1.0
0.97088844
0.99960166
0.99987066
0.999998
1.0
0.9999995
0.99999964
1.0
0.99999964
1.0
1.0
1.0
0.9999994
1.0
0.9999975
0.9999999
0.9993362
0.9999999
0.99885213
1.0
1.0
1.0
0.99999917
0.99999833
1.0
0.99999976
0.99999976
0.99999523
0.99995816
1.0
1.0
0.99999833
0.9999629
0.9998523
1.0
0.9994848
0.9999993
0.99999154
0.9999994
0.99999964
1.0
0.9999958
0.9999728
0.9999895
0.9999999
1.0
1.0
0.99999964
0.9999993
0.99999964
1.0
0.9999901
0.99987376
0.91428304
0.99963427
0.9999951
0.99997973
0.9999999
0.9999968
0.99999917
0.99997866
1.0
0.9999988
0.99999976
0.9990221
1.0
1.0
0.9999989
1.0
0.9999907
0.954015
1.0
0.9211246
0.9999974
0.99999416
0.9999958
0.9999951
1.0
1.0
0.9999995
0.9999989
0.999361
1.0
0.99996173
0.99993324
1.0
1.0
1.0
1.0
1.0
0.99999857
1.0
1.0
0.99999976
0.7032726
0.9981036
1.0
0.9999722
0.9999932
0.9999995
1.0
0.99999106
0.99992335
1.0
0.999998
0.9999993
1.0
1.0
0.99999964
1.0
0.9999963
0.9999993
0.99999964
0.9867504
1.0
1.0
1.0
0.99999547
0.9999796
1.0
0.9999994
0.9999684
0.99998915
1.0
1.0
1.0
1.0
1.0
0.9999995
1.0
0.99951446
0.9999988
1.0
0.99998546
0.99993587
0.99999833
0.99999976
1.0
0.99999917
0.9999982
0.9999962
0.9185814
0.99749255
0.9999975
1.0
1.0
0.9999989
0.9999939
0.9999938
0.9998902
0.9999875
0.99999964
0.96176
1.0
1.0
1.0
1.0
0.9999784
0.99979526
1.0
0.9992186
0.9999999
0.99999857
1.0
0.9999666
1.0
0.99999976
0.9999994
1.0
0.99998784
1.0
1.0
0.99999976
1.0
1.0
1.0
0.9999796
1.0
0.9999919
1.0
0.99999833
0.9906226
0.9999945
1.0
0.9999995
0.99950755
0.99999404
0.9999938
0.9999988
1.0
0.9646894
1.0
0.99999857
0.99986684
0.99999976
0.99971145
0.9999999
1.0
0.9999995
1.0
1.0
0.99999964
1.0
1.0
0.99995995
0.99949825
0.99926275
0.9994295
0.99955434
1.0
1.0
0.99999964
1.0
1.0
0.9999989
0.99991167
0.9999999
1.0
0.99994004
1.0
1.0
0.99999976
1.0
1.0
0.9999747
0.9999875
1.0
0.9999999
1.0
1.0
1.0
0.9999999
1.0
0.99999964
1.0
1.0
1.0
0.9999809
1.0
0.99999976
1.0
0.9999944
0.99999607
0.99993837
1.0
0.99999976
1.0
1.0
0.9999969
0.9999993
0.9999999
1.0
0.99999774
0.9999999
1.0
1.0
0.99999785
0.99999833
0.99998426
1.0
1.0
1.0
1.0
1.0
0.9999999
0.99999976
1.0
0.9999933
1.0
1.0
1.0
0.99999213
0.9999963
0.9999993
1.0
1.0
1.0
0.9999999
0.999998
1.0
0.9999715
0.99999976
0.999933
0.9999975
0.8166674
1.0
0.9999958
0.9999957
0.9999999
1.0
1.0
1.0
1.0
1.0
0.99999964
0.99994874
1.0
1.0
0.9999999
1.0
0.9999994
1.0
