1.0
1.0
1.0
1.0
1.0
1.0
0.99998283
1.0
0.9977329
0.9999993
1.0
1.0
0.9999988
1.0
1.0
0.9999999
0.99999964
1.0
0.88697857
1.0
0.99999404
0.9999982
1.0
1.0
1.0
1.0
0.9999999
1.0
1.0
1.0
1.0
0.9999994
0.99999857
0.99991786
1.0
1.0
0.9999939
1.0
0.9999635
1.0
1.0
0.99999344
0.99999976
1.0
0.9999579
1.0
0.9999974
1.0
0.9999999
1.0
1.0
1.0
1.0
1.0
1.0
1.0
1.0
1.0
0.9999995
0.9999995
0.99999976
1.0
0.9977635
0.9999862
1.0
0.9999999
0.9999994
0.9999926
1.0
1.0
1.0
1.0
1.0
0.9974617
1.0
1.0
1.0
1.0
0.9971512
1.0
1.0
1.0
1.0
1.0
1.0
1.0
1.0
0.9999969
1.0
1.0
1.0
1.0
0.99293196
0.99999475
1.0
0.9999857
0.9979342
0.9999999
1.0
1.0
1.0
1.0
0.9999999
1.0
0.9999851
1.0
1.0
0.99997723
0.9999994
1.0
1.0
0.9999429
0.9999981
1.0
1.0
0.99716055
1.0
1.0
0.99999857
0.99995244
0.99999976
0.9999609
1.0
1.0
0.99932444
0.9999199
0.9999932
1.0
1.0
1.0
1.0
1.0
1.0
1.0
1.0
1.0
1.0
1.0
1.0
0.99997926
1.0
1.0
0.9999989
1.0
0.9999999
1.0
1.0
1.0
1.0
0.9071603
0.9999995
0.97387743
1.0
1.0
1.0
1.0
1.0
1.0
0.99996054
1.0
0.99996674
1.0
1.0
1.0
1.0
1.0
1.0
0.9999467
1.0
1.0
1.0
0.99998415
0.99999964
0.99999607
1.0
0.998689
1.0
1.0
1.0
1.0
1.0
1.0
0.9999993
1.0
0.99993455
0.9999976
1.0
1.0
1.0
0.9999989
0.99999726
0.99997175
0.9999999
0.977445
0.9999999
0.999587
1.0
1.0
0.9999999
0.99916196
1.0
1.0
1.0
0.99999976
1.0
0.9999999
0.9999975
0.9999994
1.0
0.99745363
1.0
0.9929744
1.0
1.0
0.99999964
1.0
1.0
0.9999765
1.0
1.0
1.0
0.9999893
1.0
1.0
0.9999999
0.99999976
1.0
1.0
1.0
0.99999976
0.99999964
1.0
1.0
1.0
0.99999845
0.9999994
1.0
1.0
1.0
1.0
0.9999995
0.999835
1.0
0.99999964
0.99999964
0.99998164
1.0
0.83187973
1.0
0.9999999
1.0
0.99999666
1.0
1.0
1.0
0.99998903
0.9999999
1.0
0.9999999
0.58988035
1.0
0.9999994
1.0
1.0
0.9994492
1.0
0.999948
1.0
1.0
0.99999964
0.99999964
1.0
0.99999905
0.99999475
1.0
1.0
1.0
1.0
1.0
1.0
1.0
1.0
0.9994686
1.0
0.99999964
1.0
0.9999918
0.99999785
1.0
0.9999987
0.9999782
0.99998546
0.99993443
1.0
1.0
1.0
1.0
0.99999034
0.99999595
1.0
1.0
0.9999999
1.0
0.9999999
1.0
1.0
1.0
1.0
1.0
1.0
1.0
1.0
1.0
0.9999869
1.0
1.0
1.0
0.99995375
0.99999774
1.0
0.88354176
0.76709324
0.99999416
1.0
0.99984443
0.9999994
0.99798006
1.0
1.0
1.0
1.0
1.0
1.0
0.99999905
1.0
1.0
0.9995666
0.9999844
1.0
0.9999932
0.83686256
0.9999999
1.0
0.99999964
1.0
1.0
1.0
1.0
1.0
1.0
0.99999845
1.0
0.9999939
1.0
0.9999982
1.0
1.0
0.9999865
0.9950942
0.9585864
0.99999845
1.0
0.9990934
0.99999523
1.0
1.0
0.99993646
1.0
0.99996805
1.0
1.0
1.0
1.0
1.0
1.0
1.0
1.0
1.0
1.0
1.0
0.99999976
0.99937767
1.0
1.0
1.0
1.0
0.9999913
0.9999999
0.99999833
0.99998343
1.0
0.9999999
1.0
1.0
0.9999939
0.9999993
1.0
0.9999925
0.9999999
1.0
0.9999918
1.0
1.0
0.9999999
0.999966
1.0
1.0
1.0
1.0
0.9999993
1.0
0.99976677
0.99999845
1.0
0.9999995
0.9999994
1.0
0.99373627
1.0
1.0
0.9999976
0.99999976
0.9999982
1.0
1.0
1.0
1.0
1.0
1.0
1.0
1.0
1.0
0.9999988
1.0
1.0
0.99999714
1.0
1.0
0.99999976
0.99999905
1.0
1.0
0.99999857
0.99999976
0.9978502
0.9221151
0.9999988
0.96429926
0.999912
0.7749036
0.99658895
1.0
0.9999908
1.0
0.99999845
1.0
0.9999591
0.9999951
1.0
1.0
0.9994362
1.0
0.9999994
1.0
0.9997056
1.0
1.0
1.0
0.9999896
0.99999034
1.0
0.99999976
1.0
0.9999999
1.0
1.0
1.0
1.0
0.99998665
0.9989491
1.0
1.0
0.9999999
1.0
1.0
1.0
1.0
0.99999976
0.9999869
1.0
0.9999119
0.9999945
0.9999989
1.0
1.0
0.9463408
1.0
0.9999993
0.99999976
0.99999917
1.0
1.0
1.0
1.0
0.9999987
1.0
0.9999999
0.9999629
0.99999654
0.9999999
1.0
0.9999987
1.0
1.0
1.0
0.99999845
1.0
1.0
1.0
1.0
1.0
0.9999993
0.9999999
0.99977034
1.0
1.0
0.9999999
1.0
0.9999417
1.0
0.99999595
0.99999535
1.0
1.0
0.99999976
1.0
0.99999917
1.0
1.0
1.0
0.99999845
1.0
0.99999905
0.9988832
1.0
1.0
1.0
0.9999846
0.9999993
1.0
1.0
0.9946359
0.99999833
1.0
1.0
1.0
1.0
0.99999833
1.0
0.9999697
1.0
0.99998534
1.0
1.0
1.0
1.0
1.0
1.0
0.9999994
0.9999914
1.0
0.99360716
1.0
0.9999999
1.0
0.9999999
1.0
1.0
1.0
1.0
1.0
0.99999976
0.82374895
0.9797064
0.9999999
1.0
1.0
0.9999999
0.99999917
1.0
1.0
0.99982446
1.0
0.9999839
1.0
1.0
1.0
0.9999505
0.99999964
0.9999999
1.0
1.0
1.0
0.99999976
1.0
0.9999995
1.0
1.0
1.0
1.0
0.9999999
1.0
1.0
0.99949515
1.0
0.99999976
0.99999976
1.0
0.9999882
0.9980586
0.99999976
1.0
1.0
1.0
0.9999609
0.9685025
1.0
0.9999999
1.0
0.9999857
1.0
1.0
1.0
1.0
0.9999999
0.99979883
1.0
1.0
0.9999999
0.9999993
0.99999964
1.0
0.99989235
1.0
1.0
0.9999459
0.9885175
1.0
1.0
0.9999995
0.99999905
1.0
1.0
1.0
1.0
1.0
1.0
1.0
0.9996898
0.55219567
1.0
0.9999999
1.0
1.0
1.0
1.0
0.99999857
0.9999707
1.0
0.99999976
1.0
0.99997425
1.0
0.99999905
0.95521384
0.9999999
0.9999999
1.0
0.9999989
0.99999833
1.0
0.9999999
1.0
0.9999995
0.97357416
0.99999607
1.0
1.0
0.99999976
0.9981591
1.0
0.9999951
0.9999999
1.0
1.0
1.0
0.9999994
1.0
0.99996305
0.9999988
0.99999964
1.0
1.0
1.0
0.9999999
1.0
1.0
1.0
0.9999999
1.0
1.0
1.0
0.9999994
1.0
1.0
0.99999607
0.95307386
0.9001769
1.0
1.0
0.998401
1.0
1.0
0.9998462
1.0
1.0
0.9748775
1.0
0.99999154
1.0
0.999987
1.0
1.0
1.0
0.9999999
1.0
0.9999999
0.99998486
0.9997266
0.99999964
0.98972833
0.9999721
1.0
0.9999999
1.0
1.0
0.99999595
1.0
0.9999999
1.0
1.0
1.0
1.0
1.0
1.0
0.99999964
1.0
1.0
1.0
0.9999982
0.99998105
0.9999585
0.9999964
0.9999999
1.0
1.0
1.0
0.9999958
1.0
0.9999994
1.0
1.0
1.0
1.0
0.9999995
1.0
1.0
1.0
1.0
1.0
0.99999356
0.99999964
1.0
1.0
1.0
0.9999958
0.9994898
1.0
1.0
0.9999788
1.0
0.9998869
1.0
1.0
1.0
0.99999964
1.0
0.99998057
1.0
1.0
0.9999914
1.0
1.0
1.0
0.9999857
1.0
1.0
0.9999999
1.0
1.0
0.9999987
1.0
1.0
0.63041955
1.0
1.0
0.99999964
0.9999993
1.0
1.0
1.0
1.0
0.9999999
0.9999932
1.0
1.0
0.9999999
0.9999882
0.99999976
0.99953306
1.0
1.0
1.0
0.9999527
0.99999964
1.0
1.0
0.9999999
1.0
0.9999914
1.0
1.0
0.9999987
1.0
0.99528545
1.0
0.9993567
1.0
1.0
1.0
1.0
1.0
1.0
1.0
1.0
1.0
0.9999976
0.9999994
1.0
0.99999964
1.0
1.0
1.0
1.0
1.0
1.0
0.999998
1.0
1.0
1.0
0.99995387
1.0
0.99999964
1.0
0.99999404
0.99999845
1.0
0.9999738
1.0
1.0
1.0
0.99982053
0.67574084
0.977949
1.0
0.99994266
1.0
1.0
0.99999976
1.0
0.9999995
1.0
1.0
1.0
1.0
0.9981188
0.99995315
1.0
0.9999939
1.0
0.9998958
1.0
0.9999763
0.9999988
1.0
1.0
0.99999976
0.99999976
1.0
0.9999832
1.0
1.0
1.0
0.99999976
1.0
1.0
0.9999981
1.0
0.99999547
1.0
1.0
1.0
0.99999976
1.0
0.50377727
1.0
1.0
1.0
0.9999989
1.0
1.0
1.0
1.0
1.0
1.0
0.9999975
0.999984
1.0
0.9142977
0.9979803
0.99998474
1.0
0.99999976
0.99999976
0.9999989
1.0
0.99999964
0.9874555
0.9999999
0.99999917
0.9999958
0.9999943
0.9999974
1.0
1.0
0.9999969
0.9992072
0.99999964
0.9999404
1.0
0.9999999
1.0
0.9999249
0.9999989
0.9999993
0.97094226
0.99999666
1.0
1.0
0.9996099
0.99999964
1.0
1.0
1.0
1.0
1.0
0.99999857
0.9999999
1.0
0.9999999
1.0
1.0
0.99999654
1.0
0.9999994
0.99999976
1.0
1.0
1.0
1.0
1.0
1.0
0.9999269
0.9999999
0.9999987
0.99999976
1.0
1.0
1.0
0.99999964
0.99999964
1.0
0.9999994
1.0
0.99999285
1.0
0.9999968
1.0
1.0
1.0
1.0
1.0
0.9999988
0.9999999
0.99999833
1.0
1.0
0.9999999
1.0
0.9999956
1.0
0.999995
0.9999294
1.0
0.9999914
1.0
0.99999976
1.0
0.9999995
1.0
1.0
0.99999964
0.9998913
0.99908423
0.9999999
0.9999958
1.0
1.0
1.0
0.5843186
1.0
1.0
0.9999989
1.0
0.9999616
0.99741286
1.0
1.0
0.9999995
1.0
0.99996126
0.99999225
1.0
1.0
1.0
0.9999999
0.999931
0.9999999
0.9999995
1.0
1.0
0.9999987
0.99988973
0.9999999
0.9999999
1.0
1.0
1.0
0.99999917
0.9999994
1.0
1.0
0.99997604
1.0
1.0
0.99999976
1.0
1.0
1.0
1.0
1.0
0.99994695
0.99999976
1.0
1.0
1.0
0.99999845
1.0
1.0
0.99999833
0.9999417
1.0
0.9999999
1.0
1.0
0.9999993
1.0
1.0
0.99999964
1.0
1.0
0.9999958
1.0
0.9999988
1.0
1.0
1.0
0.99884135
0.9999989
1.0
1.0
1.0
0.9160317
1.0
0.9994661
1.0
1.0
0.99999535
1.0
1.0
1.0
0.9997148
0.9999975
1.0
1.0
1.0
1.0
1.0
0.9991755
1.0
0.99998355
1.0
1.0
0.9999994
1.0
1.0
1.0
1.0
0.99999726
1.0
1.0
0.9999999
1.0
1.0
1.0
1.0
0.99999917
0.9999838
1.0
1.0
0.9999994
0.99999976
0.9999989
0.9999821
1.0
1.0
0.9999995
1.0
1.0
1.0
1.0
1.0
1.0
1.0
1.0
0.9999994
0.9998369
1.0
1.0
0.9999262
1.0
1.0
1.0
0.9999957
1.0
1.0
1.0
0.99999976
0.9999969
1.0
0.9999999
0.99888414
0.83483124
1.0
0.99999976
1.0
0.9999999
0.9999993
1.0
1.0
1.0
0.9991623
0.9800474
1.0
1.0
0.99999976
1.0
1.0
1.0
0.99999726
1.0
1.0
0.99194264
1.0
0.99987864
1.0
0.99977165
1.0
0.9999987
0.9999788
1.0
1.0
0.9999187
1.0
1.0
0.99999285
0.9999876
0.99999726
1.0
1.0
1.0
0.9999974
1.0
1.0
0.9993285
1.0
0.81562567
1.0
0.99999547
1.0
1.0
0.9999999
0.9905877
0.9999999
1.0
0.9999999
1.0
0.99999905
1.0
0.9999951
1.0
0.9999976
0.9969789
0.9999994
0.99999154
1.0
0.9999999
0.86144274
0.9999745
1.0
1.0
0.9999038
0.99999714
1.0
0.9999999
0.9999999
0.9984617
1.0
1.0
1.0
0.9568005
1.0
1.0
0.99868804
0.99999964
1.0
0.9999982
1.0
1.0
1.0
1.0
1.0
0.9998673
0.99999845
0.99998534
1.0
1.0
1.0
1.0
0.99884665
1.0
0.9999547
0.99992824
0.9999994
1.0
1.0
1.0
1.0
0.99999976
0.9997571
0.99886274
1.0
0.999995
1.0
1.0
1.0
0.9997849
1.0
0.99999976
0.9051326
1.0
0.99999607
0.9999993
1.0
1.0
1.0
1.0
0.99999976
0.9999999
1.0
0.9999958
0.99999976
1.0
1.0
1.0
0.9998915
1.0
1.0
1.0
0.9809856
1.0
1.0
1.0
1.0
1.0
0.9999999
0.97366005
1.0
0.9999403
1.0
1.0
0.9999933
1.0
1.0
0.9999987
0.99999905
0.9999999
0.91319275
1.0
0.9999589
1.0
1.0
1.0
0.9999999
0.9999969
0.99999976
1.0
0.99999917
0.99999905
0.9999993
1.0
1.0
0.99999976
1.0
1.0
0.9999999
0.9999932
1.0
1.0
1.0
1.0
1.0
1.0
1.0
0.969849
0.9999963
0.99999976
1.0
1.0
1.0
1.0
1.0
0.99999976
1.0
1.0
0.9999982
1.0
0.999985
0.99998283
1.0
1.0
1.0
1.0
0.9999976
0.9999988
0.9998173
1.0
1.0
1.0
1.0
1.0
0.9999964
0.99999976
0.7067129
0.99704427
0.99999976
1.0
0.99998856
0.9999993
1.0
1.0
1.0
0.99993
0.8936083
0.9999999
1.0
1.0
1.0
0.99999917
0.99999964
1.0
0.99999535
1.0
1.0
0.77314466
0.9155089
1.0
1.0
0.9999999
1.0
1.0
1.0
1.0
0.9999423
1.0
0.9998374
1.0
0.9999999
0.99999774
0.9997013
1.0
0.99999964
1.0
1.0
1.0
0.999964
0.9997458
1.0
0.9994678
0.99999225
0.9938917
0.9999865
1.0
1.0
0.99799395
1.0
1.0
0.9999982
1.0
1.0
0.9999999
1.0
1.0
0.99997723
0.9999994
1.0
1.0
1.0
0.99999976
0.95091057
1.0
1.0
1.0
1.0
0.9999999
0.99999905
0.99999976
0.9999894
0.99999964
0.999821
1.0
1.0
0.9999989
1.0
1.0
0.9999989
0.99999964
1.0
1.0
1.0
1.0
1.0
0.99998343
0.9999999
1.0
1.0
1.0
1.0
0.99999976
1.0
0.9999994
1.0
0.9998627
1.0
0.9999968
0.9999995
0.9999975
1.0
1.0
1.0
0.995974
0.99999976
1.0
1.0
1.0
0.99999917
1.0
0.99999964
0.9999784
0.99999726
0.9999999
0.9999993
1.0
1.0
0.99999917
1.0
0.9999969
1.0
1.0
1.0
0.9995515
1.0
0.9907951
0.99999917
1.0
1.0
1.0
0.90969914
1.0
1.0
0.99906784
0.99997413
0.9999999
1.0
1.0
1.0
1.0
1.0
1.0
1.0
1.0
1.0
1.0
0.99999976
1.0
0.9999999
1.0
0.99999964
1.0
0.9941788
1.0
0.99956673
1.0
0.96473986
0.9985667
1.0
1.0
0.9999999
0.99999917
0.9776909
1.0
1.0
1.0
1.0
1.0
1.0
0.99999964
1.0
1.0
0.96060586
0.9998355
1.0
1.0
1.0
1.0
1.0
0.99999845
1.0
1.0
0.99998355
1.0
0.9998524
1.0
1.0
1.0
1.0
1.0
0.999997
1.0
0.9999999
1.0
1.0
1.0
0.9999999
0.999998
0.9999896
1.0
0.99999917
1.0
1.0
0.99966085
0.99999976
1.0
1.0
1.0
1.0
1.0
0.999778
1.0
0.9997106
1.0
0.98083925
0.9999994
1.0
1.0
1.0
1.0
1.0
0.9999896
1.0
0.9999999
0.9620557
1.0
1.0
1.0
1.0
0.99998176
0.9999999
0.99999964
1.0
1.0
0.9999989
1.0
1.0
0.9999887
1.0
1.0
0.9999939
1.0
1.0
0.999998
0.98600835
1.0
1.0
1.0
1.0
1.0
1.0
0.9999995
0.9999999
0.9999999
1.0
1.0
1.0
0.9876391
1.0
1.0
1.0
1.0
0.9999999
0.9999989
1.0
1.0
1.0
1.0
1.0
1.0
0.9999993
1.0
1.0
0.99995947
0.9997125
1.0
0.9999764
1.0
1.0
0.9998274
1.0
0.95878255
1.0
0.9999999
0.72320396
0.9999716
1.0
1.0
1.0
0.99985135
1.0
1.0
0.9999963
0.9999988
0.99999964
1.0
1.0
1.0
0.9999962
0.9999993
0.9999944
1.0
1.0
1.0
0.99998343
0.9999999
1.0
1.0
1.0
0.99999976
0.9999939
1.0
0.727569
0.9999995
0.9999995
0.99999964
1.0
1.0
1.0
0.9999026
0.98349345
0.9999025
1.0
1.0
0.99999213
0.99189043
1.0
1.0
0.9999838
1.0
1.0
0.9999999
0.9999999
0.999897
1.0
0.99999475
1.0
1.0
1.0
0.9999999
0.9859498
1.0
0.9999999
1.0
1.0
1.0
1.0
1.0
1.0
0.99999785
0.9999993
0.9999205
0.9999989
1.0
0.9999434
1.0
1.0
0.9984843
0.9999989
1.0
0.9999999
1.0
0.99999905
1.0
0.9999999
0.9999976
0.99999976
1.0
0.9999995
1.0
1.0
1.0
0.99999976
1.0
0.9999999
0.9985819
0.99964654
0.99999976
1.0
0.9999999
1.0
1.0
1.0
1.0
0.9999995
0.9999994
0.9999999
1.0
0.99999464
1.0
1.0
1.0
0.99999976
0.7064054
1.0
1.0
0.9999999
0.99999964
1.0
1.0
1.0
0.9999975
1.0
0.8870646
0.9999987
1.0
0.99999976
1.0
1.0
1.0
1.0
0.9979031
0.9930871
0.9999994
0.9999981
1.0
0.99999976
0.99999976
1.0
0.99999964
1.0
1.0
0.9999958
1.0
1.0
0.99968684
0.9999999
1.0
1.0
1.0
1.0
0.99912053
0.99999917
1.0
0.99999905
1.0
0.9999907
1.0
1.0
0.99999976
0.9999975
0.9999951
0.9999776
1.0
1.0
0.99999976
0.99999523
0.9999994
1.0
0.9999999
0.99735117
1.0
0.9999999
1.0
0.9999964
0.9999999
0.99999905
1.0
1.0
0.9999949
0.99999666
1.0
1.0
1.0
0.9999999
1.0
1.0
1.0
0.99999475
1.0
1.0
0.9975083
0.99999726
1.0
0.9991059
1.0
1.0
0.9999994
1.0
1.0
1.0
0.71655715
0.99999964
0.99962854
1.0
0.9999999
0.99992406
1.0
0.9999987
1.0
1.0
0.9998739
0.9999999
1.0
1.0
1.0
1.0
1.0
0.9999994
0.9999995
1.0
0.9999962
0.9999988
0.999798
0.99903154
1.0
0.5282719
1.0
1.0
1.0
1.0
1.0
0.99999595
0.9999957
0.9997323
1.0
0.99999976
1.0
1.0
1.0
1.0
0.9999999
1.0
1.0
1.0
1.0
1.0
0.99999344
1.0
0.99999964
1.0
1.0
0.9999893
0.9999999
0.99999976
0.9999995
1.0
1.0
1.0
1.0
1.0
0.9999628
0.9999995
0.99999225
0.9999943
1.0
0.99999714
0.9999862
1.0
1.0
0.9999597
0.9999999
0.99994206
1.0
0.9999999
0.99995494
1.0
0.9999814
0.9999989
0.99949515
1.0
1.0
0.9999999
1.0
1.0
1.0
0.9999614
1.0
0.9999976
1.0
1.0
0.99999976
0.9999919
1.0
1.0
1.0
0.9999999
1.0
1.0
0.99999654
1.0
0.9999999
1.0
1.0
0.99999976
0.9966377
1.0
0.9999856
1.0
1.0
0.99818665
0.9999958
0.999998
0.99999547
1.0
0.99999714
0.9999896
0.9999994
0.9999999
0.9999987
0.9999999
0.9999826
0.999969
0.99999523
0.9999994
1.0
1.0
1.0
1.0
1.0
1.0
0.99999976
0.9999213
1.0
1.0
1.0
1.0
0.9999999
1.0
0.9998758
1.0
0.97706485
0.9999999
1.0
0.9999999
1.0
0.99999654
0.9995993
0.9995222
1.0
0.99999857
0.99999547
0.99999225
1.0
1.0
1.0
0.9999995
1.0
0.9832238
1.0
0.9999975
1.0
1.0
0.663086
1.0
1.0
0.52772254
0.9988808
0.99999404
1.0
0.99999666
0.99999774
0.99999905
1.0
1.0
0.9999999
0.74642766
0.9999993
0.99999833
1.0
0.9999995
0.99985564
1.0
1.0
1.0
1.0
0.99930954
1.0
1.0
0.9999999
1.0
0.9999969
1.0
0.7825904
0.9999963
1.0
1.0
0.9999647
1.0
1.0
1.0
1.0
1.0
1.0
1.0
1.0
1.0
0.9966396
1.0
1.0
1.0
1.0
0.99999154
0.999966
0.9999999
1.0
0.9993967
1.0
1.0
1.0
1.0
0.96307504
0.99999976
1.0
1.0
1.0
1.0
0.99999917
0.99997854
1.0
0.99981946
1.0
0.59988725
0.9999999
1.0
1.0
0.9998373
1.0
1.0
0.999987
1.0
0.76736003
1.0
1.0
1.0
0.9999999
0.999998
1.0
0.99996424
1.0
1.0
1.0
0.7814824
0.9975121
0.99982697
1.0
0.9999999
0.9999999
0.8047382
0.99999976
1.0
0.9999653
1.0
1.0
1.0
1.0
0.99999976
1.0
1.0
1.0
0.9999999
0.9995896
1.0
0.9999982
0.9999999
1.0
0.99999976
1.0
0.9999993
1.0
1.0
0.99999785
1.0
0.99999917
0.9999287
0.99999964
1.0
0.9999999
1.0
0.9999453
1.0
0.99999964
0.99999654
1.0
1.0
1.0
1.0
0.9999596
0.99999976
1.0
1.0
1.0
1.0
0.9999999
0.9999999
0.74495196
0.9999999
1.0
0.99720436
0.96990436
1.0
0.9999989
0.86999315
1.0
1.0
1.0
0.99999964
0.9999999
0.999966
1.0
0.9999999
0.9999758
1.0
0.99954945
1.0
1.0
1.0
1.0
1.0
1.0
1.0
1.0
1.0
1.0
1.0
0.9999995
1.0
0.9999999
0.99930537
1.0
1.0
1.0
1.0
1.0
0.9999887
0.9999927
1.0
0.99999416
0.99996984
1.0
1.0
0.99999976
1.0
1.0
1.0
0.99999905
1.0
0.9999999
0.9999863
1.0
0.9999745
1.0
1.0
1.0
1.0
0.9999914
1.0
0.9999999
0.9999989
1.0
1.0
1.0
1.0
0.9999999
1.0
1.0
0.99999976
1.0
0.9999999
1.0
1.0
0.99999404
0.99999714
1.0
1.0
1.0
1.0
1.0
1.0
0.9962196
0.99999964
0.99993753
0.9999987
1.0
1.0
0.9999614
0.99999964
1.0
1.0
0.9999968
0.9999993
0.9999999
0.9999875
0.9893399
1.0
1.0
1.0
0.9999995
1.0
0.99999976
1.0
0.9999919
1.0
1.0
0.9999995
0.9999782
0.9330685
1.0
1.0
0.9999839
1.0
1.0
0.9996119
0.99999845
1.0
0.9999999
1.0
1.0
1.0
1.0
1.0
0.9861837
1.0
1.0
1.0
1.0
1.0
0.9996871
1.0
1.0
0.9999999
0.99999857
1.0
0.9999701
1.0
1.0
1.0
0.9999999
1.0
0.9999745
0.99996996
1.0
0.98600024
1.0
1.0
1.0
1.0
1.0
1.0
1.0
1.0
0.9999938
0.99999845
1.0
0.99999845
0.99999976
0.998005
1.0
1.0
1.0
1.0
0.9999994
1.0
1.0
0.99999714
1.0
1.0
1.0
1.0
1.0
1.0
0.9999939
1.0
1.0
1.0
1.0
1.0
0.9999999
0.9999999
1.0
1.0
1.0
0.9241342
0.99999857
0.9999833
1.0
1.0
0.9999999
1.0
1.0
0.9999931
0.9996295
1.0
0.97405905
1.0
0.99999845
1.0
1.0
1.0
1.0
0.9851264
0.9999995
1.0
1.0
1.0
0.999933
0.99999905
0.99999976
0.9999826
0.9999987
0.9999981
0.9999918
1.0
0.99999106
1.0
1.0
1.0
0.9999994
1.0
0.78029615
1.0
0.9999852
0.9999993
1.0
1.0
0.9999993
1.0
0.60829383
0.99999976
1.0
0.9999101
0.9999999
0.99999976
1.0
0.99999976
0.97514796
1.0
1.0
0.9999999
0.9999403
0.9999999
1.0
0.9999999
1.0
1.0
1.0
0.9976579
0.9999999
1.0
1.0
0.9990964
0.99999976
1.0
1.0
0.9999696
1.0
1.0
0.99999785
1.0
1.0
0.84412366
0.9999486
0.9999989
0.99999666
1.0
1.0
1.0
0.7682018
0.999438
1.0
0.99999964
1.0
0.99999714
0.9999924
1.0
0.99980253
1.0
1.0
1.0
1.0
1.0
1.0
1.0
1.0
1.0
0.99999976
1.0
1.0
1.0
0.9999856
0.99999976
0.9999869
1.0
0.9999852
0.9999995
1.0
1.0
0.9999995
1.0
1.0
1.0
0.5881332
1.0
0.99999845
1.0
1.0
1.0
0.9999999
1.0
0.9997619
0.9999999
0.9999999
1.0
0.9999999
1.0
1.0
1.0
0.99999976
1.0
1.0
0.9999895
0.99999654
1.0
0.9999993
0.9999995
1.0
1.0
0.99774605
1.0
0.9999552
1.0
1.0
1.0
1.0
0.99999726
0.99999976
0.9997137
0.9999999
0.9999249
0.99999726
0.9999999
0.999992
1.0
0.9999999
1.0
0.9847194
0.9999255
0.99563193
1.0
1.0
1.0
1.0
1.0
0.9999862
1.0
0.99999917
1.0
1.0
1.0
1.0
1.0
0.9987753
1.0
1.0
0.99999917
1.0
1.0
1.0
1.0
0.99995816
1.0
1.0
0.9998423
0.9990495
1.0
1.0
1.0
0.9999969
1.0
1.0
1.0
1.0
0.99999094
0.9999993
0.999992
1.0
0.99940217
1.0
1.0
1.0
0.9999975
0.9841345
1.0
0.99999976
1.0
0.98626536
1.0
1.0
0.9999995
1.0
1.0
1.0
0.9999981
1.0
1.0
1.0
1.0
0.99999976
1.0
0.99999297
0.99991655
0.9999999
1.0
1.0
1.0
0.9999987
0.99999976
0.99999833
1.0
1.0
0.9935968
1.0
0.99999976
0.9998385
0.9999962
0.9999999
1.0
1.0
1.0
1.0
0.9999995
0.9999641
1.0
0.99999964
1.0
1.0
0.99990153
0.99999666
0.9999999
1.0
1.0
1.0
0.99999964
0.9999969
0.99986887
1.0
1.0
1.0
0.99119496
1.0
0.9999995
0.99999535
1.0
1.0
0.9999974
0.99999976
0.99999976
1.0
0.9999987
1.0
0.9999999
0.9958533
1.0
1.0
0.99999666
0.9999999
1.0
0.9998211
1.0
1.0
1.0
1.0
0.99165034
1.0
1.0
1.0
1.0
0.9999999
0.9999999
1.0
1.0
0.99793375
1.0
0.99891675
0.99997413
0.9999927
0.999998
0.9999999
1.0
1.0
1.0
0.9994048
1.0
0.9999988
1.0
1.0
0.9999844
0.9999999
0.99999917
0.99792165
1.0
1.0
0.99355
1.0
1.0
1.0
1.0
1.0
0.99717027
1.0
1.0
0.99999523
0.9999995
0.9999994
1.0
1.0
0.9999969
0.99999845
0.9999862
1.0
1.0
0.99999964
1.0
1.0
1.0
1.0
0.9996014
1.0
1.0
1.0
1.0
0.9999951
0.9999999
0.51478153
1.0
1.0
1.0
0.9999999
1.0
1.0
1.0
1.0
1.0
0.9987627
0.99999547
0.99995613
1.0
0.9999976
0.99999654
0.9999919
1.0
1.0
1.0
0.9999969
1.0
0.38472962
0.99929714
1.0
1.0
0.9999999
1.0
1.0
0.9999987
0.9999919
0.9999989
1.0
0.99962986
0.99984837
1.0
0.99992776
1.0
0.9999969
1.0
0.99844813
0.9999945
1.0
1.0
1.0
1.0
1.0
1.0
1.0
0.9999863
0.9963074
0.97189415
1.0
1.0
1.0
0.99999976
1.0
0.9999944
0.9464346
1.0
0.9993175
0.9999938
0.9999993
1.0
1.0
1.0
1.0
1.0
1.0
0.99999976
1.0
1.0
1.0
0.99999845
1.0
1.0
1.0
1.0
1.0
0.9999993
1.0
0.9999999
1.0
0.9998056
1.0
0.99999976
1.0
1.0
1.0
1.0
0.99997413
0.9999771
0.99999905
0.9999999
0.99890316
1.0
1.0
1.0
0.9999697
1.0
1.0
0.9999981
0.9999995
0.9981546
1.0
0.99995136
1.0
0.9999968
0.99999976
0.9999653
0.9999999
0.99999964
0.9999999
1.0
1.0
1.0
0.99737513
1.0
0.9999999
1.0
1.0
1.0
1.0
0.9999927
1.0
0.99999964
1.0
0.9999995
1.0
1.0
0.9997849
0.9981067
1.0
1.0
0.9999949
1.0
1.0
1.0
0.99999
1.0
0.99987245
1.0
1.0
0.9990502
0.99999976
1.0
1.0
0.9999999
1.0
1.0
1.0
1.0
1.0
1.0
1.0
0.9999987
0.9999896
0.9999989
1.0
1.0
1.0
1.0
0.9999999
0.9999999
1.0
0.99999976
1.0
1.0
0.99999976
1.0
1.0
0.9999994
1.0
1.0
0.9913651
1.0
0.9975255
1.0
1.0
1.0
0.9999999
1.0
0.99999964
1.0
1.0
1.0
0.99999774
0.9999945
1.0
1.0
0.9999794
1.0
1.0
0.9999912
0.9999995
0.99999166
0.9999374
1.0
1.0
0.9999963
0.9999962
0.99097353
1.0
0.99999976
0.9999938
0.99940777
0.9999993
0.92008024
1.0
0.9999857
0.99862194
1.0
0.9999999
1.0
1.0
1.0
1.0
1.0
0.97971135
0.71532357
0.9999695
0.99999976
1.0
0.9999895
0.999998
0.9999516
0.999966
1.0
1.0
1.0
1.0
1.0
0.99284726
0.8550332
0.99999917
1.0
0.9999925
1.0
1.0
0.9991702
1.0
0.999995
1.0
1.0
0.9999999
1.0
0.99999547
1.0
1.0
1.0
0.9992374
1.0
0.9998541
1.0
1.0
1.0
0.99994814
0.9999995
1.0
0.9987445
1.0
0.9999999
1.0
1.0
1.0
0.9999999
0.9999912
1.0
1.0
1.0
0.9997925
0.9999273
1.0
0.9999993
1.0
0.96016616
1.0
1.0
1.0
1.0
0.9999944
0.9999989
1.0
0.9999999
0.99999607
0.833146
1.0
0.9999989
1.0
1.0
1.0
1.0
0.99961215
1.0
1.0
1.0
1.0
1.0
1.0
0.9999982
1.0
0.99993765
0.99999976
0.9999994
1.0
1.0
0.99998915
1.0
1.0
0.9999956
0.79644513
1.0
1.0
0.99999976
1.0
1.0
1.0
1.0
0.9999999
0.9999995
0.999998
1.0
1.0
1.0
1.0
1.0
1.0
0.9999999
1.0
1.0
1.0
1.0
1.0
1.0
1.0
1.0
0.999997
1.0
1.0
0.99874085
0.963398
1.0
0.99973494
1.0
1.0
1.0
1.0
1.0
1.0
0.9999901
0.999995
1.0
1.0
0.9650315
1.0
1.0
1.0
0.99999976
0.9999248
1.0
1.0
1.0
1.0
1.0
1.0
1.0
1.0
1.0
0.9999999
0.9999999
1.0
0.9999999
0.9999999
1.0
1.0
1.0
1.0
0.9999995
1.0
0.9999951
0.9999788
1.0
0.99870574
0.9999875
0.99999905
1.0
0.9999871
1.0
0.96482766
0.99966943
0.9999976
0.99999666
1.0
1.0
0.99981385
0.99999845
1.0
0.9997975
1.0
1.0
1.0
0.9999989
0.99999857
1.0
1.0
1.0
1.0
0.999998
0.9999999
0.99813324
0.99971443
0.99999976
0.9999635
0.99990594
0.99999404
1.0
0.9999982
1.0
0.99999917
1.0
1.0
1.0
0.9999999
1.0
1.0
0.999995
0.9999963
1.0
1.0
1.0
1.0
0.99999976
0.99999976
1.0
1.0
1.0
1.0
0.99834967
1.0
1.0
0.99999857
0.9999999
1.0
1.0
0.9999999
0.99999976
0.9999379
1.0
1.0
1.0
1.0
1.0
0.9998927
0.99999666
1.0
1.0
0.99995434
1.0
1.0
1.0
1.0
1.0
1.0
1.0
0.9999995
0.9999994
1.0
1.0
1.0
0.997877
0.99999976
1.0
1.0
0.99999964
1.0
1.0
0.9996952
1.0
1.0
1.0
1.0
1.0
0.9999995
1.0
1.0
0.9999999
0.99998486
0.9999999
1.0
0.9999999
0.99999976
0.9999995
0.99999976
0.99988675
0.99999726
1.0
1.0
1.0
0.9998574
0.9999969
1.0
1.0
0.99994206
1.0
1.0
0.58932036
1.0
1.0
1.0
0.9999994
1.0
1.0
1.0
1.0
1.0
0.9999858
0.9990293
0.99999976
0.99997246
0.99999607
0.9999969
1.0
0.9999999
1.0
1.0
1.0
1.0
1.0
1.0
1.0
0.99159944
0.9988996
0.99999714
1.0
0.99999714
1.0
1.0
1.0
1.0
0.99999964
0.9999856
0.9999999
0.9999989
0.99995875
1.0
1.0
0.9999982
0.99999964
1.0
0.9999974
1.0
1.0
1.0
0.9999963
1.0
1.0
1.0
0.99999905
1.0
1.0
0.99995947
1.0
1.0
0.9999962
1.0
1.0
1.0
0.99999976
0.9999008
0.9918417
1.0
1.0
1.0
1.0
1.0
0.9999999
1.0
1.0
1.0
1.0
1.0
1.0
0.9999995
1.0
0.99999976
0.9999999
1.0
1.0
1.0
1.0
1.0
1.0
0.9999981
1.0
1.0
1.0
0.99980336
0.9999994
0.99999905
0.9999994
0.99999976
0.9999994
1.0
1.0
1.0
1.0
0.99994063
1.0
1.0
0.9999956
0.95974237
0.99999964
1.0
0.99999976
0.9999999
1.0
0.99885917
0.992904
0.9999999
1.0
1.0
1.0
0.9999695
1.0
0.99963284
0.999995
1.0
0.9999869
1.0
1.0
0.9999995
0.99999714
1.0
0.99999976
1.0
1.0
1.0
1.0
0.9999993
1.0
1.0
0.99998605
1.0
1.0
1.0
0.999995
1.0
1.0
1.0
0.9994966
1.0
1.0
1.0
0.9999893
1.0
0.9999994
0.99998844
0.9999901
1.0
1.0
1.0
1.0
1.0
0.9999999
0.9395414
1.0
1.0
0.9999999
0.999895
1.0
0.9999994
0.9999999
0.9999999
1.0
0.99990153
1.0
0.9999999
1.0
0.99999976
1.0
1.0
1.0
1.0
0.9999999
0.9999993
0.9999999
1.0
1.0
1.0
1.0
0.9999931
0.9998516
0.99999964
1.0
0.9999999
1.0
0.9999994
1.0
0.99999833
1.0
0.99999976
1.0
0.9370369
0.9999994
1.0
0.9999956
0.99999833
0.9999987
1.0
1.0
0.9999993
1.0
0.99999964
1.0
1.0
1.0
0.9999999
1.0
1.0
1.0
1.0
0.9999726
1.0
1.0
1.0
1.0
1.0
0.9999956
0.9997806
1.0
0.9999964
0.9997497
1.0
0.9999776
1.0
1.0
1.0
0.9999738
1.0
0.99999976
0.99999213
1.0
1.0
1.0
0.9999968
1.0
1.0
1.0
0.9999974
1.0
1.0
1.0
1.0
1.0
0.999795
0.9989286
0.9999989
0.9999995
1.0
1.0
1.0
1.0
1.0
0.9999989
1.0
1.0
1.0
1.0
0.99999976
0.9999627
0.99999917
0.9999945
0.9999999
1.0
0.9999876
1.0
1.0
0.9999999
0.999998
1.0
1.0
1.0
1.0
0.9767259
0.99999917
1.0
0.99999976
1.0
1.0
0.99999976
1.0
0.99616736
1.0
1.0
1.0
1.0
1.0
1.0
0.9999933
1.0
0.9998109
1.0
0.9999566
1.0
0.9999999
0.9999894
1.0
0.9999999
1.0
0.99997246
0.9999999
0.99999964
1.0
0.9999404
0.9767744
1.0
0.99995804
0.9999999
1.0
0.99999857
0.99999833
0.99999917
1.0
1.0
1.0
1.0
1.0
0.99999976
1.0
0.99999917
0.9961443
1.0
0.99999976
1.0
1.0
0.99999225
1.0
0.9999932
0.3451054
0.9986695
1.0
1.0
1.0
1.0
0.99999976
0.999997
1.0
0.9999945
1.0
1.0
1.0
0.999549
1.0
0.99999905
0.9997037
0.99999
1.0
0.9999995
1.0
1.0
0.999936
1.0
0.99999785
1.0
1.0
0.9999993
1.0
0.9999999
1.0
0.99999225
1.0
0.9998708
0.9999989
1.0
1.0
1.0
0.9999914
0.9978934
0.9999013
0.8958157
0.9999989
0.9988446
1.0
1.0
0.9999989
1.0
1.0
1.0
1.0
1.0
1.0
0.9999999
1.0
0.99999833
0.9999999
0.99999964
1.0
1.0
0.99664307
1.0
0.9999999
1.0
1.0
1.0
1.0
1.0
0.9613569
1.0
1.0
0.9999949
1.0
1.0
1.0
1.0
0.9999999
1.0
0.9999951
1.0
1.0
0.99999976
1.0
1.0
1.0
1.0
1.0
1.0
0.9999862
1.0
1.0
1.0
1.0
1.0
1.0
0.99993646
0.9999976
1.0
1.0
1.0
0.9999558
1.0
1.0
1.0
0.99988973
1.0
0.999984
0.99999964
0.9999999
1.0
1.0
0.99997234
1.0
1.0
0.9999981
1.0
1.0
1.0
1.0
1.0
1.0
1.0
0.9999993
0.8360369
1.0
1.0
1.0
1.0
1.0
1.0
0.99968123
1.0
0.99998
1.0
1.0
1.0
0.9999695
0.99999976
1.0
1.0
1.0
1.0
1.0
1.0
0.99429697
0.9999999
1.0
1.0
0.99999976
1.0
1.0
0.9999995
0.9999311
0.9999988
1.0
1.0
0.9999999
1.0
0.9999982
1.0
0.9848328
1.0
1.0
0.9999831
1.0
0.9999999
0.9999943
1.0
0.9969453
0.9923874
1.0
0.9999801
0.9999225
1.0
1.0
0.9999993
1.0
1.0
0.99999976
1.0
0.9999994
0.9995927
0.9999995
1.0
0.99763
1.0
0.9999999
1.0
0.9999999
1.0
0.9999939
0.9998184
1.0
0.9908745
1.0
1.0
0.9999728
0.99993575
1.0
0.9999876
1.0
1.0
1.0
1.0
0.9631918
0.99999094
1.0
0.9999974
0.9982797
0.92202973
1.0
1.0
1.0
1.0
0.9999989
1.0
1.0
1.0
0.99937266
1.0
0.4004713
1.0
0.99906224
1.0
0.9999993
1.0
1.0
0.99997735
1.0
1.0
1.0
1.0
0.99999607
0.9999975
1.0
1.0
0.9999448
1.0
0.9972228
1.0
0.9999999
0.9999994
0.9999999
0.99998784
1.0
1.0
0.99999976
1.0
0.88091874
1.0
0.99693227
0.9999999
0.9999987
0.9989072
0.9999995
1.0
1.0
1.0
1.0
0.9999652
0.99884534
1.0
0.9999994
0.9933564
1.0
1.0
1.0
0.9999999
1.0
1.0
1.0
1.0
1.0
0.99695456
1.0
1.0
1.0
1.0
0.9997218
1.0
0.9780125
0.9999995
0.99999714
1.0
1.0
1.0
1.0
1.0
0.99999964
1.0
0.9999999
1.0
0.57211816
1.0
0.9999995
0.7219258
1.0
0.99999905
0.9999982
0.99999976
0.9999999
0.99994135
1.0
0.99999535
0.9998951
1.0
0.9999993
1.0
0.9999999
0.99999964
1.0
0.99858946
1.0
0.9999331
1.0
1.0
0.9999999
1.0
0.9999354
1.0
0.99999464
0.9999999
1.0
0.99999976
1.0
1.0
0.9999999
0.99999666
1.0
1.0
1.0
1.0
1.0
1.0
1.0
0.75333023
0.99999964
1.0
1.0
0.9999995
0.99999857
1.0
1.0
1.0
0.9991647
1.0
1.0
1.0
0.56703466
1.0
1.0
0.99999964
1.0
0.99999964
1.0
1.0
1.0
1.0
1.0
1.0
1.0
1.0
1.0
1.0
1.0
0.99999654
0.99999404
0.99999917
0.9992494
1.0
1.0
0.9999999
1.0
1.0
1.0
1.0
1.0
1.0
1.0
0.9999999
1.0
0.9997975
0.99999464
0.9625138
0.99999976
0.9736399
1.0
1.0
0.9995623
1.0
1.0
1.0
0.99999857
0.99972004
1.0
0.9999999
1.0
1.0
1.0
0.99999976
1.0
1.0
1.0
1.0
0.99997437
1.0
1.0
0.99999976
0.99999905
0.9999995
0.92156935
0.99999404
0.9999981
0.9999337
0.99999905
1.0
1.0
1.0
0.9933595
0.9999962
0.99999964
1.0
1.0
1.0
1.0
0.9999831
0.9997992
0.99633515
0.9999995
1.0
1.0
1.0
1.0
1.0
1.0
1.0
0.9999993
0.99969363
0.9999999
0.9998883
1.0
1.0
0.99986565
1.0
0.9999999
1.0
1.0
0.9999989
1.0
0.91973233
1.0
1.0
1.0
1.0
0.9999987
1.0
1.0
0.99964225
1.0
0.9973345
0.9999374
0.9999999
1.0
1.0
0.99999833
1.0
1.0
1.0
1.0
0.9430954
1.0
0.9999995
0.9998847
1.0
1.0
1.0
1.0
1.0
1.0
0.9999906
0.9999982
1.0
1.0
1.0
1.0
1.0
0.9999964
1.0
1.0
0.9999728
1.0
1.0
0.9999999
1.0
0.9999871
0.99992096
1.0
1.0
0.9999999
1.0
1.0
0.9999404
1.0
1.0
1.0
0.9965114
1.0
0.9560134
0.9999999
1.0
1.0
1.0
1.0
0.9999659
1.0
1.0
0.9999939
0.9976623
1.0
0.9999995
0.78347063
1.0
0.9999999
1.0
1.0
1.0
0.9999999
1.0
0.9999999
1.0
0.9999831
1.0
0.9999999
0.99999964
1.0
0.9997874
1.0
0.99999857
1.0
1.0
0.99999976
0.99999964
0.9999751
0.9999999
0.9999926
1.0
1.0
1.0
1.0
1.0
1.0
1.0
0.99999976
0.9998977
1.0
1.0
0.9999964
1.0
0.99999714
0.99999964
1.0
1.0
0.99999785
1.0
1.0
1.0
1.0
0.9998727
0.9999752
1.0
0.99999964
1.0
1.0
0.9999682
1.0
1.0
0.99999964
1.0
1.0
1.0
1.0
0.999995
0.9999974
1.0
0.99999976
0.9999999
1.0
1.0
0.99999595
1.0
0.9999993
0.999997
1.0
0.9999999
0.9999969
1.0
0.9997937
1.0
0.9999093
1.0
0.9999994
1.0
1.0
1.0
1.0
0.9933918
1.0
1.0
1.0
0.9999994
1.0
1.0
0.9999999
0.99999213
1.0
1.0
0.9999049
1.0
0.69721216
0.9999981
0.9999211
1.0
0.99999666
1.0
0.99999285
0.99999714
0.9999989
0.99988997
1.0
1.0
1.0
1.0
1.0
1.0
0.99999547
0.9999969
0.9999962
1.0
0.99990964
1.0
0.9999989
0.99997425
1.0
0.9663508
1.0
1.0
0.9999995
0.70911974
1.0
1.0
0.9999999
1.0
1.0
0.9996253
0.999752
1.0
1.0
1.0
0.99999833
1.0
1.0
1.0
1.0
0.9999999
1.0
0.9999982
0.9889655
1.0
1.0
1.0
1.0
1.0
1.0
1.0
1.0
1.0
1.0
1.0
1.0
0.9999999
0.77399534
0.9999982
1.0
1.0
1.0
0.99999917
0.9997919
0.9999999
1.0
1.0
0.8120091
1.0
1.0
1.0
1.0
1.0
1.0
0.99995995
0.75831544
0.9999999
1.0
0.99970347
0.9999987
0.99999547
1.0
1.0
1.0
0.9998043
0.99999976
1.0
0.99999976
0.99942577
1.0
0.9996056
0.9999999
0.99999905
1.0
1.0
1.0
0.9999989
1.0
0.9999994
0.99999976
0.9999994
1.0
1.0
0.8779368
1.0
1.0
0.9999337
1.0
0.6873718
1.0
0.99999905
1.0
0.99999094
0.99999845
1.0
1.0
0.99908996
0.9999919
0.99999654
0.99938977
0.99999917
0.9999988
0.99999976
1.0
1.0
0.99435437
1.0
0.99995065
0.99999905
1.0
0.99999726
1.0
0.999982
0.99995625
0.99991024
1.0
0.9999957
1.0
1.0
1.0
0.99999905
1.0
0.9999993
1.0
0.99999905
1.0
0.99999905
1.0
0.9999943
0.99998224
0.9999995
1.0
0.9999993
1.0
1.0
1.0
1.0
1.0
0.9999994
1.0
0.99999964
1.0
1.0
0.9750177
1.0
1.0
1.0
1.0
0.99999344
0.9844505
1.0
1.0
1.0
0.99999976
0.99999976
1.0
0.99999917
0.9999974
0.99962676
0.9979381
1.0
1.0
0.99997056
1.0
1.0
1.0
0.9999999
0.9999968
0.9592363
1.0
1.0
1.0
1.0
0.9997383
1.0
1.0
0.99999917
1.0
1.0
0.99998105
1.0
0.9985898
0.99999976
0.9998287
0.99999964
0.99999964
0.99999833
0.99999964
1.0
1.0
0.99999654
1.0
0.9999479
1.0
1.0
0.99999976
0.9999995
1.0
0.9999989
0.9874648
0.999995
1.0
0.9989478
1.0
0.98436004
1.0
1.0
0.99998915
1.0
1.0
1.0
1.0
0.99999905
1.0
0.99999964
1.0
1.0
1.0
0.9999794
1.0
0.9999994
0.99999845
0.9999999
0.99999666
0.5973627
1.0
0.9999964
1.0
0.99999964
1.0
1.0
0.9999988
0.999859
0.99999976
0.9997526
1.0
0.9999659
0.99999905
0.99996054
0.9999993
0.9999999
1.0
0.9673951
1.0
1.0
1.0
1.0
1.0
0.99999344
1.0
0.9999808
1.0
0.99999964
0.84165055
1.0
1.0
1.0
1.0
1.0
0.99999344
1.0
1.0
0.9998659
1.0
1.0
1.0
1.0
1.0
0.99999714
1.0
1.0
1.0
1.0
1.0
0.9999999
1.0
0.9752203
1.0
0.9999933
1.0
1.0
0.9999957
1.0
0.9999999
1.0
1.0
0.99973816
0.9999938
0.99998796
1.0
1.0
0.9999999
1.0
0.99846834
1.0
1.0
0.9687377
0.9992593
1.0
0.9900358
0.99999905
1.0
0.9999918
0.950147
0.9945133
0.9999999
0.819948
1.0
0.99999905
1.0
0.99833137
1.0
0.9999995
1.0
1.0
1.0
1.0
1.0
0.9999995
0.9999999
0.9984092
1.0
1.0
1.0
1.0
1.0
1.0
0.99994504
1.0
1.0
1.0
1.0
1.0
0.999403
1.0
0.681322
1.0
0.9999999
1.0
0.9999753
1.0
1.0
0.9999995
1.0
1.0
1.0
0.9942638
0.9999758
1.0
1.0
0.9999809
0.9999976
1.0
0.99999475
0.9999937
0.99999976
1.0
0.9999987
1.0
0.99999475
1.0
1.0
0.9997881
1.0
0.9999995
0.9999999
0.9999819
0.9999999
0.999961
0.9999982
0.61440384
1.0
1.0
1.0
0.96830744
1.0
1.0
0.9963755
0.9999577
1.0
1.0
1.0
1.0
0.9999999
0.99999905
1.0
1.0
1.0
0.9999964
1.0
1.0
1.0
0.9999999
0.9993654
1.0
1.0
0.9999999
1.0
1.0
1.0
0.90876144
1.0
1.0
0.9999672
1.0
0.9999999
0.99999976
1.0
1.0
1.0
1.0
1.0
1.0
0.9999981
0.8817289
1.0
0.9999865
0.99999547
0.9999182
0.9993849
1.0
1.0
1.0
1.0
0.9999994
1.0
1.0
1.0
1.0
0.9999933
1.0
0.9999999
0.99999964
1.0
0.99993336
1.0
1.0
0.9999999
0.51219594
0.99999964
1.0
1.0
0.99999845
1.0
1.0
1.0
0.9999989
1.0
1.0
1.0
0.99999976
1.0
1.0
0.9999999
0.9999975
0.99806994
0.9999999
1.0
0.9999989
0.9999999
1.0
0.99711096
0.99999964
1.0
0.9999993
1.0
1.0
0.9999989
1.0
1.0
0.99999774
0.9999999
0.9999987
0.99993706
1.0
1.0
1.0
1.0
0.9999943
1.0
0.99997413
0.99999976
1.0
1.0
1.0
1.0
1.0
1.0
1.0
0.99990284
1.0
0.9999945
0.9999999
1.0
0.9999734
0.9998964
1.0
0.9999995
0.8976227
1.0
0.9999999
0.99997544
0.99999976
1.0
1.0
1.0
1.0
1.0
1.0
0.99999964
0.9999999
0.99996495
0.9999292
0.99999976
0.9999999
0.9999999
0.9999999
1.0
0.9999999
0.9999999
1.0
1.0
0.999845
0.99999607
0.9999976
1.0
0.9999999
1.0
0.9999981
1.0
0.9998857
1.0
0.99999964
1.0
0.9999964
0.9999999
1.0
0.9999914
0.999871
0.98337114
1.0
1.0
0.99939835
1.0
1.0
1.0
1.0
1.0
1.0
1.0
0.9996768
1.0
1.0
1.0
0.9998204
1.0
1.0
1.0
0.994829
0.99999833
0.9992619
1.0
0.9998634
0.99999976
1.0
1.0
1.0
1.0
0.9999999
1.0
0.9999999
1.0
1.0
1.0
1.0
0.99999976
1.0
1.0
1.0
1.0
1.0
1.0
0.99618334
1.0
1.0
1.0
1.0
0.9999999
1.0
0.9999995
1.0
1.0
1.0
0.9999999
1.0
1.0
1.0
0.9999721
1.0
1.0
1.0
0.9999999
1.0
0.9999999
1.0
1.0
0.99341726
0.9997038
1.0
1.0
1.0
0.9999988
0.99999547
0.9974974
0.99999964
0.990087
1.0
1.0
0.99999523
1.0
1.0
1.0
0.94009364
1.0
1.0
0.99999905
1.0
0.99999964
1.0
1.0
1.0
1.0
1.0
0.9999937
1.0
0.99999833
0.99307936
0.9939155
0.99999964
0.9999995
1.0
0.9999999
1.0
1.0
1.0
0.99999905
1.0
0.9999999
1.0
1.0
0.9999999
0.9999999
1.0
0.99999774
1.0
0.99999833
0.9999614
1.0
1.0
0.9658067
0.99999034
1.0
1.0
1.0
1.0
1.0
0.9999989
1.0
1.0
1.0
1.0
0.999998
0.999997
0.8901337
1.0
0.9998783
0.99999845
1.0
0.99996686
0.9997522
0.99999976
0.99999094
1.0
0.99999714
1.0
0.8429961
0.9999995
0.999928
1.0
0.9999747
1.0
1.0
0.9999993
0.9999987
1.0
0.99999976
0.99999714
0.99999964
1.0
0.9999993
1.0
0.99999404
1.0
1.0
1.0
1.0
0.999982
1.0
0.9999994
0.9999995
0.9998827
1.0
1.0
1.0
0.99994075
1.0
1.0
0.9999913
1.0
1.0
0.9999654
1.0
0.9999999
0.99999917
0.9999999
1.0
1.0
1.0
0.99911433
1.0
1.0
1.0
1.0
0.99999905
1.0
1.0
0.9999999
1.0
0.9997588
1.0
0.99999905
0.99975866
0.99870574
0.99999213
1.0
1.0
1.0
1.0
1.0
0.99946636
0.9998623
0.99994445
1.0
0.9999999
1.0
0.61593634
1.0
1.0
0.9999999
1.0
1.0
1.0
1.0
0.9999999
1.0
0.9975465
0.9999881
0.999997
0.9999999
0.9999999
0.9999999
0.99999964
1.0
1.0
1.0
0.9999999
1.0
0.99873334
0.9999864
1.0
0.9999999
1.0
1.0
0.999997
0.9999497
1.0
1.0
1.0
0.9999409
0.99921834
1.0
1.0
0.9999995
1.0
0.9993604
1.0
0.9998965
1.0
1.0
0.9999994
0.9999999
1.0
1.0
1.0
1.0
0.9999944
1.0
0.99999905
0.99999857
1.0
1.0
1.0
1.0
1.0
0.9999981
1.0
1.0
1.0
1.0
1.0
0.99999976
1.0
1.0
0.9999999
1.0
1.0
1.0
1.0
0.99999964
1.0
1.0
1.0
1.0
1.0
0.9999987
1.0
1.0
1.0
1.0
0.99999964
1.0
1.0
1.0
1.0
1.0
0.99989164
1.0
0.9999974
1.0
1.0
0.9999976
1.0
0.9999999
1.0
1.0
1.0
1.0
1.0
1.0
0.9999999
1.0
0.99999404
1.0
1.0
1.0
1.0
0.9942801
0.9998888
1.0
0.9999999
1.0
1.0
1.0
0.9999671
1.0
1.0
0.99999976
0.99999833
1.0
1.0
1.0
1.0
0.99999976
1.0
1.0
0.99999297
1.0
0.9999993
1.0
1.0
0.9999995
1.0
1.0
0.9999999
1.0
1.0
0.99999475
1.0
0.9999995
0.9999988
1.0
1.0
1.0
1.0
0.99999976
0.99999964
1.0
0.99999905
1.0
1.0
1.0
1.0
1.0
0.9999943
1.0
1.0
1.0
1.0
0.99999905
1.0
0.9999931
1.0
1.0
1.0
1.0
1.0
0.9833772
1.0
1.0
1.0
1.0
1.0
1.0
1.0
0.9999968
1.0
1.0
1.0
1.0
0.99767905
0.9999999
1.0
0.99999964
1.0
0.9999993
0.9999945
1.0
1.0
1.0
1.0
1.0
0.9999974
1.0
1.0
0.9999988
1.0
1.0
1.0
0.96496534
0.9999999
1.0
0.99999917
1.0
0.99999845
0.8793413
0.9999975
0.9999515
1.0
1.0
1.0
0.9999995
0.9999999
1.0
1.0
1.0
1.0
0.99999726
1.0
1.0
1.0
1.0
0.9999987
0.9999999
1.0
1.0
1.0
0.9999999
1.0
1.0
1.0
1.0
1.0
1.0
0.99980336
1.0
1.0
1.0
1.0
0.9770686
1.0
0.99997294
1.0
0.9999528
1.0
0.9999989
0.99999905
0.99997604
1.0
1.0
0.99999964
1.0
1.0
0.9999994
1.0
0.99999964
1.0
0.99999845
0.9999968
0.99999964
0.9999999
0.99988294
1.0
1.0
1.0
1.0
1.0
1.0
0.9923267
1.0
1.0
1.0
1.0
1.0
1.0
0.9999975
1.0
1.0
0.99999976
1.0
1.0
1.0
0.9999926
0.9999999
0.99998343
1.0
0.9717884
0.9999981
1.0
1.0
0.9999442
1.0
0.9999988
0.9999999
1.0
0.99999976
1.0
1.0
1.0
1.0
0.9999964
0.99955565
0.9999919
0.9999999
1.0
0.9838614
0.9999999
1.0
0.9933217
0.999584
1.0
1.0
1.0
1.0
1.0
1.0
1.0
1.0
0.9999875
1.0
1.0
1.0
1.0
0.9999999
1.0
1.0
1.0
1.0
0.9999865
1.0
1.0
1.0
1.0
1.0
1.0
1.0
1.0
1.0
1.0
1.0
1.0
1.0
1.0
1.0
1.0
1.0
1.0
1.0
1.0
0.9999999
1.0
0.9999988
1.0
1.0
1.0
1.0
1.0
1.0
1.0
1.0
1.0
1.0
1.0
1.0
1.0
1.0
1.0
1.0
1.0
1.0
1.0
0.92008233
1.0
1.0
1.0
0.9999995
1.0
1.0
1.0
1.0
1.0
1.0
1.0
1.0
1.0
1.0
1.0
1.0
1.0
1.0
1.0
1.0
1.0
1.0
1.0
1.0
1.0
1.0
1.0
1.0
1.0
1.0
1.0
0.9999999
1.0
1.0
1.0
1.0
1.0
1.0
1.0
0.99999976
1.0
1.0
1.0
1.0
1.0
1.0
1.0
1.0
1.0
1.0
0.99999964
1.0
1.0
1.0
1.0
1.0
1.0
1.0
1.0
1.0
1.0
1.0
1.0
1.0
1.0
0.9999989
1.0
1.0
1.0
0.9999999
1.0
1.0
1.0
0.9999999
0.9999995
0.9999044
1.0
1.0
0.9999999
1.0
1.0
1.0
1.0
1.0
0.9999963
0.99999726
1.0
1.0
0.99999976
0.99999845
1.0
1.0
0.9999969
1.0
1.0
0.99999964
1.0
1.0
1.0
1.0
1.0
1.0
1.0
1.0
1.0
1.0
1.0
1.0
1.0
1.0
1.0
1.0
1.0
1.0
1.0
1.0
1.0
0.9998267
0.99940133
1.0
1.0
1.0
1.0
1.0
1.0
0.9996797
1.0
0.9999989
1.0
1.0
1.0
1.0
1.0
1.0
1.0
1.0
1.0
0.9999999
1.0
1.0
1.0
1.0
1.0
1.0
1.0
1.0
1.0
1.0
1.0
1.0
1.0
1.0
1.0
1.0
1.0
1.0
1.0
1.0
1.0
0.9999999
1.0
1.0
1.0
1.0
1.0
1.0
1.0
0.99999964
1.0
1.0
0.99998856
1.0
0.9999976
1.0
1.0
0.9999999
0.9999999
1.0
1.0
1.0
1.0
1.0
1.0
1.0
1.0
1.0
1.0
0.9999994
1.0
1.0
0.999987
0.99999976
1.0
0.99999905
1.0
0.9999963
0.99999976
1.0
1.0
1.0
1.0
1.0
1.0
1.0
0.99998796
0.99999976
1.0
1.0
1.0
1.0
1.0
1.0
1.0
1.0
0.99999964
0.99990594
1.0
1.0
1.0
1.0
1.0
1.0
1.0
1.0
1.0
1.0
1.0
1.0
1.0
0.9999999
0.9999999
1.0
0.99998283
1.0
1.0
1.0
1.0
0.99999595
1.0
1.0
1.0
0.9999919
0.9999999
1.0
1.0
1.0
1.0
1.0
0.99999964
1.0
0.99999964
0.9999982
1.0
1.0
0.9999635
1.0
1.0
1.0
1.0
1.0
1.0
0.99999917
0.9999994
0.9999962
1.0
0.99999964
1.0
1.0
0.9999548
1.0
1.0
0.99999964
1.0
1.0
1.0
0.9999987
1.0
1.0
1.0
1.0
1.0
0.99999547
0.9999999
1.0
1.0
1.0
1.0
1.0
0.99999833
1.0
1.0
0.9997147
1.0
1.0
0.99997616
0.9999999
1.0
1.0
0.99999976
0.99999917
1.0
1.0
0.98936474
1.0
0.99979216
0.9999999
0.99999917
0.99994767
1.0
0.99999595
0.9983839
0.9999739
1.0
1.0
1.0
0.9999999
0.99999607
0.9999683
1.0
1.0
1.0
0.9999995
0.9985921
0.99999666
1.0
1.0
1.0
1.0
1.0
1.0
0.99999964
1.0
1.0
1.0
1.0
0.9999976
1.0
1.0
1.0
1.0
1.0
1.0
1.0
1.0
0.9961605
0.99999654
0.99999964
0.9999999
1.0
1.0
1.0
0.9999987
1.0
1.0
1.0
1.0
0.99999976
1.0
1.0
0.9999995
1.0
1.0
1.0
1.0
0.9999999
1.0
0.9999999
0.9999993
1.0
1.0
1.0
0.9999933
0.99999917
0.9999999
1.0
1.0
0.99999106
0.9999993
1.0
1.0
1.0
1.0
0.99999976
1.0
1.0
0.9999999
1.0
0.9999993
0.999998
1.0
1.0
1.0
1.0
1.0
0.99999225
0.99999976
0.99999833
1.0
1.0
0.9999887
0.99999964
1.0
0.9262711
0.99621457
0.5928078
1.0
1.0
1.0
0.9999443
1.0
0.99998534
0.99999976
1.0
0.9999312
0.9999995
1.0
1.0
0.9065719
1.0
1.0
0.999859
0.9999999
0.99999964
1.0
0.9999968
1.0
1.0
0.9999981
1.0
1.0
1.0
1.0
1.0
1.0
1.0
1.0
0.9999883
0.99996984
0.99999976
1.0
0.999998
0.99999964
1.0
1.0
1.0
1.0
0.99999344
1.0
1.0
0.9999999
1.0
1.0
1.0
1.0
1.0
0.9999988
1.0
1.0
1.0
1.0
1.0
1.0
1.0
1.0
1.0
1.0
1.0
1.0
0.9999995
0.99998415
0.99989426
1.0
1.0
1.0
0.9999999
0.99997914
1.0
1.0
1.0
1.0
1.0
1.0
0.99999917
1.0
1.0
1.0
1.0
1.0
0.9999974
0.9999845
1.0
0.9999895
0.9999976
1.0
0.99999905
0.99971324
0.9997534
1.0
0.9999999
0.9999999
1.0
0.99999976
1.0
0.9999505
1.0
1.0
1.0
1.0
0.99999976
1.0
0.99999964
1.0
1.0
1.0
1.0
1.0
1.0
1.0
1.0
1.0
1.0
1.0
1.0
1.0
1.0
1.0
1.0
1.0
1.0
1.0
1.0
1.0
1.0
1.0
1.0
1.0
1.0
1.0
1.0
0.9999999
1.0
1.0
0.9999999
1.0
1.0
0.99928015
1.0
1.0
1.0
1.0
1.0
1.0
1.0
0.9998578
1.0
0.99512804
0.97109896
1.0
0.99999714
0.9999994
1.0
0.9999999
1.0
0.9999931
1.0
0.9999863
1.0
1.0
1.0
1.0
1.0
1.0
1.0
1.0
0.99999905
0.9999987
1.0
1.0
1.0
1.0
0.99978393
1.0
1.0
1.0
0.999997
1.0
0.99999976
1.0
1.0
0.9999654
0.99999297
0.9999999
0.99999213
1.0
0.99997056
1.0
1.0
1.0
1.0
1.0
1.0
1.0
0.99999404
0.9999126
0.99325776
0.8877801
0.9999945
0.99998915
1.0
1.0
1.0
0.99999976
1.0
0.9999999
1.0
1.0
1.0
0.9999988
0.9999999
0.99999464
1.0
1.0
1.0
0.90897024
1.0
1.0
1.0
0.9999871
1.0
0.99981946
1.0
0.9999939
1.0
1.0
1.0
1.0
1.0
1.0
0.9999999
0.9999999
0.99999976
0.99989736
1.0
0.99999356
1.0
0.9999944
0.9999999
1.0
0.9999999
0.9982773
0.9923499
0.99999964
0.9999994
0.9999995
1.0
0.99999857
0.99999976
0.999998
1.0
1.0
0.9999987
1.0
1.0
1.0
0.9999999
0.99535584
0.99995327
0.99999833
0.99998605
1.0
0.99999785
1.0
0.9999945
0.99999
0.9999814
0.9999994
0.9999988
0.9998902
0.99999964
0.9999356
1.0
1.0
1.0
0.9999999
1.0
1.0
1.0
0.99999976
0.999977
1.0
0.9999999
0.99904627
1.0
1.0
0.99847156
0.99999905
0.9999391
0.99999964
1.0
1.0
1.0
1.0
1.0
0.9979327
1.0
0.999964
0.99999976
0.9999999
1.0
1.0
0.99997425
1.0
1.0
0.9999895
1.0
0.99999976
0.9999901
1.0
0.9999987
1.0
1.0
0.9999982
0.99999905
1.0
1.0
1.0
1.0
0.9996308
0.9999999
1.0
1.0
1.0
1.0
0.9991903
1.0
1.0
1.0
1.0
1.0
0.9998167
0.99999726
0.9999999
1.0
0.9999999
1.0
1.0
1.0
1.0
0.9999999
0.94637686
0.9999999
1.0
0.99999785
1.0
1.0
1.0
1.0
1.0
1.0
0.60137755
1.0
0.999974
1.0
1.0
1.0
1.0
1.0
1.0
1.0
0.99999654
1.0
1.0
1.0
1.0
1.0
0.99999964
1.0
0.9999944
0.9999999
1.0
0.91991496
1.0
1.0
1.0
1.0
1.0
1.0
1.0
1.0
0.9999999
1.0
1.0
0.999998
1.0
0.99999833
1.0
1.0
1.0
1.0
1.0
1.0
1.0
1.0
1.0
1.0
1.0
1.0
1.0
1.0
1.0
1.0
1.0
1.0
1.0
1.0
1.0
1.0
1.0
1.0
0.99999964
1.0
1.0
1.0
1.0
1.0
0.9980862
1.0
1.0
1.0
0.9999727
1.0
1.0
1.0
1.0
0.65647626
1.0
0.99905294
1.0
1.0
1.0
0.95201427
0.9317917
0.9999343
1.0
1.0
1.0
1.0
1.0
0.9999999
1.0
1.0
1.0
1.0
1.0
1.0
1.0
1.0
1.0
1.0
1.0
1.0
1.0
1.0
1.0
1.0
1.0
1.0
1.0
1.0
1.0
1.0
1.0
1.0
1.0
1.0
1.0
1.0
1.0
1.0
1.0
1.0
0.9999999
1.0
1.0
1.0
1.0
1.0
1.0
1.0
1.0
1.0
1.0
1.0
1.0
1.0
1.0
1.0
1.0
0.99999976
1.0
1.0
1.0
1.0
1.0
1.0
1.0
1.0
1.0
1.0
1.0
0.99999976
0.999718
1.0
1.0
1.0
1.0
1.0
1.0
1.0
1.0
1.0
1.0
1.0
1.0
1.0
1.0
1.0
1.0
1.0
1.0
1.0
1.0
1.0
1.0
0.9999999
1.0
1.0
1.0
1.0
1.0
1.0
1.0
1.0
1.0
1.0
1.0
1.0
1.0
1.0
1.0
1.0
1.0
1.0
1.0
1.0
1.0
1.0
1.0
1.0
1.0
1.0
1.0
1.0
1.0
1.0
1.0
0.99999964
1.0
1.0
1.0
1.0
0.99999976
1.0
0.9999981
1.0
1.0
1.0
1.0
1.0
1.0
1.0
1.0
1.0
1.0
1.0
1.0
1.0
1.0
1.0
1.0
1.0
1.0
1.0
1.0
1.0
1.0
1.0
1.0
1.0
1.0
1.0
1.0
1.0
1.0
1.0
1.0
0.99999976
1.0
1.0
1.0
1.0
1.0
0.99999917
1.0
1.0
1.0
1.0
1.0
1.0
1.0
1.0
1.0
1.0
1.0
1.0
1.0
1.0
1.0
1.0
1.0
1.0
1.0
1.0
1.0
0.9999999
1.0
1.0
1.0
1.0
1.0
1.0
1.0
1.0
1.0
0.9999976
1.0
1.0
1.0
1.0
1.0
1.0
1.0
1.0
1.0
1.0
1.0
0.99999726
1.0
1.0
0.99999976
0.999992
0.9999515
1.0
1.0
1.0
1.0
0.99999976
1.0
0.99999774
0.9999988
0.9999999
1.0
1.0
1.0
1.0
1.0
0.9999988
0.99999976
1.0
0.99999034
1.0
1.0
1.0
1.0
1.0
1.0
0.9999695
1.0
0.9999945
1.0
0.99999976
1.0
1.0
1.0
0.9987387
1.0
0.99999905
1.0
1.0
1.0
1.0
1.0
0.99999976
1.0
1.0
1.0
1.0
1.0
1.0
0.9999988
1.0
0.99999964
0.9999999
1.0
0.9999981
1.0
1.0
1.0
1.0
1.0
0.9999951
1.0
1.0
0.9999981
0.9999999
1.0
0.9999974
1.0
1.0
1.0
1.0
1.0
1.0
1.0
1.0
1.0
1.0
1.0
1.0
0.9999634
1.0
1.0
1.0
1.0
1.0
1.0
1.0
1.0
0.99996936
0.9999994
1.0
1.0
1.0
1.0
1.0
1.0
1.0
1.0
1.0
1.0
1.0
1.0
1.0
0.99996746
0.9999999
1.0
1.0
1.0
1.0
1.0
1.0
1.0
1.0
0.9942953
0.99999976
1.0
1.0
1.0
1.0
0.99999845
0.9999999
1.0
1.0
1.0
1.0
0.9999988
0.9999982
1.0
1.0
1.0
1.0
0.9999999
1.0
1.0
1.0
1.0
0.9999994
1.0
0.99999654
0.9999988
0.99447966
0.99999976
0.9999988
1.0
1.0
0.9999987
0.9473514
0.99999726
0.99998987
1.0
0.99998236
0.9999988
0.9999869
1.0
0.99998164
1.0
0.99997437
0.99979943
1.0
1.0
0.9999975
0.99989283
0.9869637
0.8674965
0.9999963
0.9983596
0.5761767
0.99999905
0.5714487
0.9703964
0.9999993
1.0
0.9999976
0.9999832
1.0
0.9999989
0.9846897
0.99936146
0.9999839
0.6819684
0.9977196
0.99998236
0.99776447
0.9999646
0.9827963
0.9986375
0.99361527
0.99999166
0.99997294
0.99999964
1.0
1.0
0.9999919
1.0
0.9999999
1.0
1.0
1.0
0.9999999
0.9999993
0.98065156
1.0
0.99999845
1.0
0.9997156
0.82128906
0.9043054
0.8981684
0.9999672
1.0
0.9999975
0.9937597
1.0
0.9778479
0.99999976
1.0
0.99763584
0.999984
0.9999951
1.0
1.0
0.999912
0.999736
0.9992736
1.0
0.99999535
0.99941754
1.0
1.0
0.9999807
0.99996674
0.9999994
0.9999639
0.4006251
1.0
0.9999982
0.99999964
1.0
1.0
0.99999404
0.99773115
1.0
1.0
0.9999999
0.9997296
1.0
1.0
1.0
1.0
1.0
0.99999976
0.9999993
0.99999905
0.99999774
1.0
1.0
1.0
1.0
0.9999969
0.5027394
0.9999958
1.0
1.0
1.0
0.99999905
1.0
1.0
1.0
1.0
0.99999857
0.99991584
1.0
1.0
1.0
0.99999976
0.9999988
0.9999957
0.9999999
0.99999714
1.0
0.9999747
0.9999988
0.9999999
0.99999976
1.0
0.9999685
1.0
1.0
0.9999987
0.99999774
1.0
1.0
0.99999964
1.0
1.0
1.0
0.99999595
1.0
1.0
0.9999726
0.9999962
1.0
0.9999813
1.0
1.0
1.0
1.0
1.0
0.99998355
1.0
1.0
1.0
1.0
1.0
0.9999659
1.0
1.0
0.9999999
0.9999988
1.0
1.0
1.0
1.0
0.99999964
1.0
0.9999999
0.99997234
1.0
0.9999999
0.99655545
0.99999785
0.9999999
1.0
0.99999964
1.0
1.0
1.0
1.0
0.99999976
0.99999976
0.9999571
1.0
1.0
1.0
1.0
1.0
1.0
1.0
0.9997851
0.9999974
1.0
0.9999999
0.9344048
0.9999231
0.9999989
0.999689
1.0
0.9999962
1.0
0.9999999
1.0
1.0
0.99999976
0.99855214
0.9989581
1.0
1.0
0.99994564
1.0
1.0
0.9999995
1.0
0.9999989
1.0
1.0
1.0
0.9999944
0.99974626
1.0
1.0
1.0
1.0
1.0
1.0
1.0
1.0
1.0
1.0
0.9999865
1.0
0.9999993
0.9258414
0.9999852
0.99999523
1.0
0.9999982
0.9999993
1.0
1.0
0.99999917
1.0
0.99999917
1.0
1.0
0.9934576
1.0
1.0
1.0
0.9999999
1.0
1.0
1.0
1.0
1.0
1.0
0.99989986
1.0
1.0
1.0
0.9999918
1.0
0.9999957
1.0
1.0
1.0
0.99997187
0.9999999
1.0
1.0
0.9999995
1.0
1.0
1.0
1.0
1.0
0.9999962
1.0
1.0
1.0
1.0
0.9999988
1.0
1.0
1.0
1.0
1.0
1.0
1.0
0.9999995
0.9999988
1.0
1.0
0.9999999
1.0
1.0
0.96056616
1.0
1.0
1.0
1.0
0.9999999
1.0
1.0
1.0
1.0
0.9999999
1.0
1.0
1.0
1.0
1.0
1.0
1.0
1.0
1.0
1.0
1.0
1.0
1.0
1.0
1.0
1.0
1.0
1.0
1.0
1.0
0.99986804
1.0
0.9999999
1.0
1.0
0.9973066
1.0
0.99999726
0.99998665
0.9999999
1.0
1.0
1.0
0.9999999
1.0
1.0
0.9999999
0.99957377
1.0
1.0
1.0
0.9999881
1.0
1.0
1.0
1.0
1.0
1.0
0.9999912
1.0
1.0
0.99999964
0.9996691
1.0
0.99998236
1.0
0.99999845
1.0
1.0
1.0
0.99999976
0.9999993
0.99999976
1.0
1.0
1.0
1.0
0.9999999
0.99997663
1.0
1.0
0.9999989
1.0
1.0
1.0
1.0
1.0
1.0
1.0
1.0
1.0
1.0
0.999984
1.0
1.0
0.9999999
0.9999994
0.9999993
1.0
1.0
1.0
1.0
0.99999976
1.0
1.0
1.0
0.99999356
1.0
1.0
1.0
1.0
1.0
1.0
1.0
0.99999833
1.0
0.9999999
1.0
1.0
1.0
1.0
1.0
1.0
1.0
1.0
1.0
1.0
1.0
1.0
1.0
1.0
1.0
0.99999917
0.99999833
1.0
1.0
1.0
1.0
0.9999995
1.0
1.0
1.0
1.0
1.0
1.0
1.0
1.0
1.0
1.0
1.0
0.99999714
1.0
0.9999999
1.0
1.0
1.0
1.0
1.0
1.0
1.0
0.9999999
1.0
1.0
1.0
1.0
1.0
1.0
1.0
1.0
1.0
1.0
1.0
1.0
0.99999976
1.0
1.0
1.0
1.0
1.0
1.0
0.99999857
1.0
0.99988425
0.99997973
1.0
1.0
1.0
1.0
1.0
1.0
1.0
1.0
1.0
1.0
1.0
1.0
0.9999999
1.0
1.0
0.9999999
1.0
0.9997087
1.0
1.0
1.0
1.0
0.99943966
1.0
1.0
1.0
0.9999999
1.0
1.0
1.0
1.0
1.0
0.99995184
1.0
1.0
1.0
1.0
1.0
1.0
0.9999919
1.0
1.0
0.9999981
1.0
1.0
1.0
1.0
1.0
1.0
0.9999788
1.0
1.0
1.0
1.0
1.0
1.0
1.0
0.99998236
1.0
1.0
1.0
0.9998473
0.99999845
0.99998474
1.0
1.0
1.0
1.0
0.9996675
1.0
1.0
1.0
1.0
1.0
0.9999969
0.99992096
0.9999989
1.0
1.0
1.0
1.0
1.0
1.0
0.9999912
1.0
1.0
0.99999976
1.0
1.0
0.9999963
1.0
1.0
1.0
1.0
1.0
1.0
0.9999999
1.0
1.0
1.0
0.99999225
1.0
0.99999976
0.99961215
0.9999999
1.0
0.9999999
1.0
1.0
1.0
1.0
1.0
1.0
1.0
1.0
1.0
0.99997973
1.0
1.0
0.9999999
1.0
1.0
0.9416057
1.0
0.9999943
1.0
1.0
1.0
1.0
1.0
1.0
1.0
1.0
1.0
1.0
1.0
1.0
1.0
1.0
1.0
1.0
1.0
0.9999995
1.0
1.0
1.0
1.0
0.99998534
1.0
1.0
0.9999999
1.0
1.0
1.0
1.0
1.0
1.0
1.0
1.0
0.9999902
0.99999976
1.0
1.0
0.9999993
0.99999976
0.9999999
0.99982834
1.0
1.0
1.0
1.0
1.0
0.9999981
0.99999964
1.0
1.0
0.9998078
0.999997
0.99997675
1.0
0.98626596
0.9999999
1.0
1.0
0.9481743
0.9999752
1.0
1.0
0.99999905
0.99999976
1.0
0.99999416
1.0
1.0
0.999961
1.0
0.9999999
0.9999387
1.0
0.99999917
1.0
0.99983907
1.0
0.9147148
1.0
0.99999785
0.99999976
1.0
0.9990559
0.9999913
0.9999999
1.0
1.0
0.99999225
1.0
0.9999726
1.0
0.9989273
1.0
1.0
1.0
0.9999999
1.0
0.99999976
1.0
1.0
0.999998
0.99999976
0.99999976
0.9999987
0.9999999
1.0
1.0
1.0
1.0
0.9999888
0.99999726
1.0
1.0
0.99999857
1.0
1.0
1.0
1.0
1.0
1.0
0.9999585
1.0
1.0
1.0
1.0
1.0
1.0
1.0
1.0
1.0
0.9999994
1.0
1.0
0.99999917
1.0
1.0
1.0
1.0
1.0
1.0
0.9999999
1.0
1.0
1.0
1.0
1.0
1.0
1.0
1.0
1.0
1.0
0.99999285
1.0
1.0
1.0
1.0
1.0
1.0
1.0
1.0
1.0
1.0
1.0
1.0
1.0
1.0
1.0
1.0
1.0
1.0
1.0
1.0
1.0
1.0
1.0
1.0
0.99999964
0.99999976
1.0
0.9999993
1.0
1.0
1.0
1.0
1.0
1.0
1.0
1.0
1.0
1.0
0.99999857
0.999985
1.0
1.0
0.9999999
1.0
0.9999505
1.0
1.0
1.0
1.0
1.0
1.0
1.0
1.0
1.0
1.0
1.0
1.0
1.0
1.0
1.0
1.0
1.0
1.0
1.0
1.0
0.99999976
1.0
0.9999994
1.0
1.0
1.0
1.0
1.0
1.0
0.99998724
1.0
0.9999999
1.0
1.0
0.9999999
0.9999987
1.0
1.0
1.0
1.0
1.0
1.0
1.0
1.0
1.0
0.9999995
1.0
1.0
0.99999714
0.999998
0.99999976
0.9999999
0.9999999
0.9999995
1.0
0.9999982
0.9999999
1.0
0.99928254
1.0
0.9999932
0.99999356
1.0
0.99999976
0.9999987
0.99999905
0.99999964
0.9999994
0.9999758
0.99999905
0.9999975
0.99999464
0.9999956
1.0
1.0
0.9999913
0.9999856
0.999629
0.9999999
0.93389344
1.0
1.0
0.9999993
0.9999999
0.99999976
1.0
0.99914587
1.0
0.99998915
1.0
0.9999707
0.99999976
0.99956495
1.0
1.0
1.0
0.99591607
0.9999999
0.99999976
1.0
1.0
0.99997675
0.9999893
1.0
0.9999999
1.0
0.9993063
0.9999981
0.9999974
1.0
0.9999958
0.9999993
1.0
0.99999714
1.0
1.0
0.9999963
0.99583495
0.99995923
1.0
1.0
0.9999988
0.9999995
1.0
0.9999989
1.0
1.0
0.99999976
0.99988174
1.0
1.0
0.9999993
0.99999905
0.9999995
1.0
0.99998903
0.99981934
0.99979824
0.9999995
1.0
1.0
1.0
0.9999999
0.99976724
1.0
1.0
0.9999999
1.0
0.999995
0.99999917
0.9999887
1.0
1.0
1.0
1.0
1.0
0.99999785
1.0
1.0
0.9999851
0.9999995
1.0
1.0
1.0
1.0
1.0
1.0
1.0
0.9999989
0.99999774
1.0
1.0
1.0
1.0
1.0
0.99999905
1.0
1.0
1.0
0.9999999
0.9999999
1.0
1.0
0.99999774
0.9999981
1.0
1.0
1.0
1.0
1.0
0.9999734
1.0
1.0
1.0
1.0
1.0
1.0
0.9999999
1.0
1.0
0.9999995
1.0
0.9999999
0.9999999
1.0
1.0
1.0
1.0
1.0
1.0
0.99998355
1.0
1.0
1.0
0.9999993
1.0
1.0
0.9999993
0.9999999
0.9991997
0.9999999
1.0
1.0
1.0
0.9999999
0.9999906
1.0
0.9999999
1.0
0.99999976
1.0
0.9999989
0.99999976
1.0
1.0
1.0
1.0
1.0
1.0
0.9999993
1.0
1.0
1.0
1.0
1.0
1.0
1.0
1.0
0.9999993
1.0
1.0
0.9999757
1.0
1.0
1.0
0.9999981
1.0
1.0
1.0
1.0
1.0
1.0
1.0
1.0
0.9999945
0.9999999
1.0
1.0
1.0
1.0
1.0
1.0
0.99999785
1.0
1.0
1.0
1.0
1.0
1.0
0.9999999
1.0
0.9999994
0.99999857
0.9999987
0.99999166
0.9999994
0.9999542
1.0
1.0
0.99997973
0.9999999
1.0
1.0
1.0
0.9999995
1.0
0.9999876
1.0
1.0
1.0
1.0
0.999995
1.0
1.0
0.99999964
1.0
1.0
1.0
1.0
1.0
1.0
1.0
1.0
1.0
1.0
1.0
0.99999785
0.9999987
0.99999905
1.0
0.9999999
0.9999999
1.0
1.0
0.9999995
0.9999999
1.0
1.0
0.9999987
1.0
1.0
1.0
0.9999999
1.0
1.0
1.0
1.0
0.9999536
1.0
1.0
0.9999999
1.0
1.0
0.9999995
1.0
1.0
1.0
1.0
1.0
1.0
1.0
1.0
1.0
1.0
1.0
1.0
0.9999975
1.0
1.0
0.9999999
1.0
1.0
1.0
1.0
1.0
0.9999989
1.0
1.0
1.0
0.99999785
1.0
1.0
1.0
1.0
0.99999857
1.0
1.0
0.9999894
1.0
0.9999999
0.99995196
0.99840564
1.0
0.99999976
1.0
1.0
1.0
1.0
0.99999976
1.0
1.0
0.99999976
1.0
1.0
0.99999857
1.0
1.0
1.0
1.0
1.0
1.0
0.9999993
1.0
1.0
1.0
1.0
1.0
1.0
1.0
1.0
1.0
1.0
1.0
1.0
1.0
1.0
1.0
0.9999999
0.9999999
1.0
1.0
1.0
0.99999976
1.0
0.99999976
1.0
0.99999607
1.0
0.9999999
1.0
1.0
1.0
1.0
1.0
1.0
0.99999976
1.0
1.0
1.0
1.0
1.0
1.0
0.99999416
1.0
0.9999995
0.9997559
1.0
0.9999993
1.0
1.0
1.0
1.0
0.9999999
1.0
1.0
1.0
1.0
0.99999917
0.9930676
1.0
1.0
1.0
1.0
1.0
1.0
0.9999989
0.9998673
0.99999964
1.0
1.0
1.0
0.9999747
1.0
1.0
1.0
1.0
1.0
1.0
1.0
1.0
1.0
1.0
0.9999975
1.0
0.9998272
0.9999968
0.9999944
0.9993519
1.0
1.0
0.9992173
1.0
0.99992585
0.99999964
0.7064777
0.9999968
0.99979967
1.0
0.9986092
1.0
1.0
0.9998005
0.9999863
0.9999981
0.99999726
0.99946564
1.0
1.0
0.9999999
1.0
1.0
1.0
1.0
1.0
1.0
0.9999993
1.0
1.0
1.0
0.99999976
0.99999976
0.999997
1.0
1.0
1.0
1.0
1.0
1.0
1.0
1.0
1.0
0.9999677
0.9999994
0.9999999
1.0
1.0
0.9999995
1.0
0.9999993
0.99999356
1.0
0.9999989
1.0
0.99999356
0.99994314
0.99999535
1.0
0.9996687
0.99999905
1.0
0.9999999
1.0
1.0
1.0
1.0
1.0
0.9999989
1.0
1.0
0.9999989
0.9999589
0.99999475
0.99999464
0.9999596
1.0
0.99999714
0.99996483
1.0
1.0
1.0
0.9996661
1.0
0.99999726
0.999653
1.0
1.0
1.0
1.0
1.0
0.99999976
1.0
1.0
1.0
1.0
1.0
1.0
1.0
1.0
1.0
1.0
0.99999976
1.0
1.0
1.0
1.0
1.0
1.0
0.99999845
1.0
1.0
1.0
1.0
1.0
1.0
1.0
1.0
1.0
1.0
1.0
0.9999951
1.0
1.0
1.0
1.0
1.0
1.0
0.99999034
1.0
1.0
1.0
1.0
1.0
1.0
0.99999857
1.0
1.0
1.0
1.0
1.0
1.0
0.9999918
0.9999999
1.0
1.0
1.0
0.9999821
0.99192965
1.0
1.0
0.9999994
1.0
1.0
1.0
0.99999964
0.9999999
1.0
1.0
1.0
0.9999994
0.9999999
1.0
1.0
1.0
0.99999654
1.0
1.0
1.0
1.0
1.0
1.0
1.0
0.9999995
1.0
1.0
1.0
0.9999758
1.0
0.99999905
1.0
1.0
1.0
1.0
1.0
1.0
1.0
0.99999976
0.9999994
1.0
1.0
1.0
1.0
1.0
1.0
1.0
1.0
1.0
1.0
1.0
0.99999917
0.99999595
1.0
1.0
0.9999993
1.0
1.0
1.0
1.0
1.0
1.0
1.0
1.0
1.0
1.0
1.0
0.88180286
1.0
0.9994572
0.9999989
0.9999902
0.99999213
0.99991596
0.9999995
1.0
1.0
0.99499434
1.0
0.99997103
1.0
1.0
1.0
0.99999845
1.0
1.0
1.0
0.99986887
1.0
0.99997985
1.0
1.0
0.9999982
1.0
1.0
1.0
1.0
1.0
1.0
0.99978024
0.99890625
0.99992085
0.80002457
0.9990374
1.0
1.0
1.0
1.0
1.0
1.0
0.99946505
0.9999988
0.9997974
0.99990094
0.99997044
0.99998236
1.0
1.0
0.9999379
1.0
0.9999994
1.0
1.0
0.9991425
1.0
1.0
1.0
1.0
1.0
1.0
1.0
0.99999845
1.0
1.0
0.9999949
1.0
0.99969816
1.0
1.0
1.0
1.0
1.0
1.0
1.0
0.9999994
1.0
1.0
0.9999969
1.0
1.0
1.0
0.9999994
1.0
1.0
1.0
1.0
1.0
0.9999988
0.99999976
0.9999602
1.0
0.99996114
1.0
1.0
0.9999969
1.0
1.0
0.9999999
1.0
1.0
1.0
1.0
0.9999999
0.99988496
1.0
1.0
1.0
1.0
1.0
0.9999982
1.0
1.0
0.99999976
1.0
1.0
1.0
1.0
1.0
0.99999964
0.9990538
0.99296933
0.99999857
0.9999939
0.9999999
1.0
1.0
1.0
1.0
0.9999999
1.0
0.99999976
1.0
0.9999993
1.0
0.99935883
0.9999999
0.9999845
0.99999976
0.9999999
1.0
0.99999976
0.9999993
1.0
1.0
1.0
0.9999999
0.99999845
1.0
0.9999999
1.0
1.0
0.99999976
1.0
1.0
1.0
0.9999949
0.9999999
1.0
1.0
1.0
1.0
1.0
1.0
0.9999989
1.0
0.99999917
0.9999882
0.99998593
0.99999964
0.9999987
1.0
1.0
1.0
1.0
1.0
1.0
1.0
1.0
1.0
1.0
1.0
0.992415
0.9999999
0.99990165
0.95279735
1.0
1.0
1.0
0.9999937
1.0
1.0
0.9999956
0.99998665
0.9999862
0.9999993
1.0
1.0
0.99996793
0.9999994
1.0
0.999982
1.0
1.0
0.9999999
1.0
0.9999795
0.99999976
1.0
1.0
1.0
0.9999975
0.9917961
0.9998235
0.99999607
1.0
0.9999907
0.9991991
1.0
1.0
0.9999968
0.9999987
0.9999994
0.9999989
1.0
0.9999809
0.9999887
0.99998546
0.9999994
1.0
1.0
0.9999982
1.0
1.0
0.99999976
1.0
1.0
0.99999964
0.9999962
1.0
1.0
1.0
1.0
1.0
1.0
1.0
1.0
0.9999969
1.0
0.9999945
0.9520406
1.0
0.9999999
1.0
0.99962914
0.9948907
0.9999999
1.0
0.9999987
0.9998412
0.99999833
0.9999845
0.9999492
0.9999999
0.9967938
0.99738485
0.99999964
1.0
1.0
1.0
1.0
0.9984376
0.9999981
0.9999931
0.9999999
0.99999917
0.9999999
1.0
0.99999976
1.0
1.0
0.9999999
1.0
1.0
1.0
1.0
1.0
1.0
0.9999695
1.0
0.9999994
1.0
0.9999988
0.9999994
1.0
1.0
1.0
0.9999956
0.99999607
1.0
0.9999995
0.9999995
1.0
1.0
1.0
1.0
1.0
1.0
1.0
1.0
1.0
0.9999999
0.99999964
0.9998466
0.99999785
0.99848443
1.0
1.0
1.0
1.0
0.9999713
0.9955238
0.99992967
1.0
1.0
1.0
0.9999993
0.99998176
0.99999297
0.9999999
0.99999785
1.0
0.9999999
1.0
1.0
1.0
0.99997747
1.0
1.0
1.0
1.0
1.0
1.0
1.0
1.0
0.99997044
1.0
0.6751942
1.0
0.99999964
1.0
1.0
1.0
0.9999999
1.0
0.9999999
1.0
1.0
1.0
1.0
1.0
0.9999999
0.99999976
1.0
0.9999591
0.9999225
1.0
1.0
1.0
1.0
0.9999424
1.0
1.0
1.0
1.0
0.9999999
1.0
1.0
1.0
1.0
0.99999976
1.0
1.0
1.0
1.0
1.0
1.0
1.0
1.0
1.0
1.0
1.0
1.0
1.0
1.0
1.0
1.0
1.0
0.9999999
1.0
1.0
1.0
1.0
1.0
1.0
1.0
1.0
1.0
0.99999857
1.0
1.0
1.0
1.0
1.0
1.0
1.0
1.0
1.0
1.0
1.0
1.0
1.0
1.0
1.0
0.9999999
0.9999995
1.0
1.0
1.0
0.9999999
0.9999999
0.9999949
1.0
1.0
0.99994004
1.0
0.99999976
0.99999905
1.0
1.0
1.0
0.9999579
0.9999988
0.9999974
1.0
0.9999968
1.0
0.9997929
0.99994254
0.99999976
1.0
1.0
0.9999975
1.0
0.9999999
1.0
1.0
1.0
0.9999993
0.9991091
0.9999976
0.99999976
0.99998677
1.0
1.0
1.0
0.9599224
1.0
1.0
1.0
1.0
1.0
1.0
1.0
1.0
1.0
1.0
1.0
0.999998
0.9999999
0.99999976
1.0
1.0
0.9999999
1.0
1.0
1.0
1.0
1.0
1.0
1.0
1.0
1.0
1.0
1.0
1.0
0.9999999
1.0
1.0
1.0
1.0
1.0
1.0
1.0
0.99999976
1.0
1.0
1.0
1.0
1.0
1.0
1.0
1.0
1.0
1.0
1.0
1.0
1.0
1.0
1.0
1.0
1.0
1.0
0.99978036
1.0
1.0
1.0
1.0
1.0
1.0
1.0
1.0
0.9999976
1.0
1.0
1.0
1.0
1.0
1.0
1.0
1.0
1.0
1.0
1.0
1.0
1.0
0.9999585
0.9999999
1.0
1.0
1.0
1.0
1.0
1.0
0.9999994
1.0
1.0
1.0
1.0
1.0
1.0
1.0
0.9999993
0.99999976
1.0
1.0
1.0
1.0
1.0
1.0
0.9999999
0.99999833
1.0
1.0
1.0
1.0
0.99999857
1.0
1.0
0.99999976
1.0
1.0
1.0
1.0
1.0
1.0
1.0
1.0
1.0
1.0
1.0
1.0
0.99999857
1.0
1.0
0.99999917
1.0
1.0
1.0
1.0
1.0
1.0
1.0
1.0
0.99999964
1.0
1.0
1.0
1.0
1.0
1.0
1.0
1.0
1.0
1.0
1.0
1.0
1.0
1.0
0.9999999
1.0
1.0
1.0
1.0
1.0
1.0
1.0
1.0
1.0
1.0
1.0
1.0
1.0
1.0
1.0
1.0
1.0
1.0
1.0
0.9999999
1.0
1.0
1.0
1.0
0.99999976
1.0
1.0
1.0
1.0
1.0
1.0
1.0
0.99999976
1.0
1.0
1.0
0.9999999
1.0
1.0
1.0
1.0
1.0
1.0
1.0
1.0
1.0
1.0
1.0
1.0
1.0
1.0
1.0
1.0
1.0
1.0
1.0
1.0
0.99999774
1.0
1.0
1.0
0.99999964
1.0
1.0
1.0
1.0
1.0
1.0
1.0
1.0
1.0
1.0
1.0
1.0
1.0
1.0
1.0
1.0
1.0
1.0
1.0
1.0
1.0
1.0
1.0
1.0
1.0
1.0
0.99999964
1.0
1.0
1.0
1.0
1.0
1.0
1.0
1.0
1.0
1.0
1.0
0.99999976
0.99999976
1.0
1.0
0.9999999
1.0
1.0
1.0
1.0
1.0
1.0
1.0
1.0
1.0
1.0
1.0
1.0
1.0
1.0
1.0
1.0
1.0
1.0
1.0
1.0
1.0
0.99999976
0.9999999
0.9999995
1.0
1.0
1.0
1.0
1.0
1.0
1.0
1.0
1.0
0.99999535
1.0
1.0
1.0
1.0
1.0
1.0
1.0
1.0
1.0
1.0
1.0
1.0
1.0
1.0
1.0
1.0
1.0
1.0
1.0
0.99999976
1.0
1.0
1.0
1.0
1.0
1.0
0.99999964
0.9999993
1.0
1.0
1.0
1.0
1.0
1.0
1.0
1.0
1.0
1.0
1.0
1.0
1.0
1.0
1.0
1.0
1.0
1.0
1.0
1.0
1.0
1.0
1.0
1.0
1.0
1.0
1.0
1.0
1.0
1.0
1.0
1.0
1.0
1.0
0.999987
1.0
1.0
1.0
1.0
0.9999914
1.0
0.9999697
1.0
1.0
1.0
1.0
1.0
1.0
1.0
1.0
1.0
1.0
0.9999999
1.0
1.0
1.0
1.0
1.0
0.9999945
1.0
1.0
1.0
1.0
1.0
1.0
0.9999981
1.0
1.0
1.0
1.0
1.0
1.0
1.0
1.0
1.0
0.9999999
1.0
1.0
1.0
1.0
1.0
1.0
0.9999999
0.99999845
1.0
0.99999917
1.0
1.0
1.0
1.0
0.9999993
1.0
1.0
1.0
1.0
1.0
0.99999905
1.0
1.0
1.0
1.0
1.0
1.0
1.0
0.99999
1.0
1.0
1.0
1.0
0.99999833
1.0
1.0
1.0
1.0
0.9999999
0.9999999
1.0
1.0
1.0
1.0
1.0
1.0
1.0
0.9999994
1.0
1.0
0.9999963
1.0
0.99999976
0.9999999
1.0
0.9999989
0.9999957
0.99999905
1.0
1.0
1.0
1.0
0.99999404
1.0
0.9999999
1.0
1.0
1.0
1.0
1.0
0.9999999
0.99999225
1.0
1.0
0.9999963
1.0
1.0
0.9999999
0.9999999
0.9999994
0.99999976
0.99999917
1.0
1.0
1.0
0.9981482
0.9999739
1.0
0.9977825
0.99999976
0.9999927
0.9984126
0.99880195
0.99998415
0.99999845
0.8885592
1.0
0.99999976
1.0
0.9999999
0.9888897
0.9993856
0.99999833
1.0
0.99993694
1.0
0.9999995
1.0
0.99999535
1.0
1.0
1.0
0.9999428
1.0
0.9999988
0.99999976
0.9999999
1.0
1.0
0.9999962
0.99999416
0.9999964
0.99999726
1.0
1.0
0.9999999
0.9999982
0.9999993
1.0
1.0
0.9999999
1.0
1.0
0.99973196
0.99999964
0.9999999
1.0
1.0
0.99999964
1.0
1.0
1.0
1.0
1.0
1.0
0.9959312
1.0
0.9992976
1.0
1.0
1.0
1.0
1.0
1.0
1.0
0.9999969
1.0
1.0
1.0
1.0
1.0
1.0
1.0
1.0
1.0
1.0
1.0
1.0
1.0
0.99999964
0.9999999
1.0
1.0
1.0
1.0
1.0
1.0
1.0
1.0
1.0
1.0
1.0
1.0
1.0
1.0
1.0
0.99999
1.0
0.9999999
1.0
1.0
1.0
1.0
0.99999785
1.0
1.0
1.0
1.0
1.0
0.99999094
1.0
1.0
1.0
0.99999917
1.0
1.0
1.0
1.0
1.0
1.0
1.0
1.0
1.0
1.0
1.0
1.0
1.0
0.9999976
1.0
1.0
1.0
1.0
0.9999999
1.0
1.0
1.0
1.0
1.0
1.0
0.99999964
1.0
1.0
1.0
1.0
0.9999032
1.0
1.0
1.0
1.0
1.0
1.0
1.0
1.0
1.0
0.999997
1.0
0.9999999
1.0
1.0
1.0
1.0
1.0
1.0
1.0
1.0
1.0
1.0
1.0
1.0
1.0
1.0
1.0
0.9999999
1.0
0.99999917
1.0
1.0
1.0
1.0
1.0
1.0
1.0
1.0
1.0
0.9999987
1.0
1.0
1.0
1.0
1.0
0.9999999
1.0
0.9999962
1.0
1.0
1.0
1.0
1.0
1.0
1.0
0.99998665
0.9999999
0.9999964
1.0
0.9999995
1.0
1.0
1.0
0.9999987
0.9999999
1.0
0.99999607
1.0
1.0
1.0
1.0
1.0
1.0
1.0
1.0
1.0
1.0
1.0
1.0
1.0
1.0
1.0
0.9999999
1.0
1.0
0.9999999
0.99999833
1.0
1.0
1.0
0.9999999
1.0
1.0
0.9998541
0.99999976
1.0
0.99999917
1.0
0.9999999
1.0
0.9999981
0.9999981
1.0
1.0
1.0
1.0
1.0
1.0
1.0
0.99999976
1.0
1.0
1.0
0.99999976
1.0
1.0
0.9999999
1.0
1.0
1.0
1.0
0.99995685
1.0
1.0
1.0
1.0
1.0
1.0
1.0
1.0
1.0
0.99999976
1.0
1.0
0.9999999
1.0
1.0
0.9999851
0.99999976
1.0
1.0
1.0
1.0
0.99999976
1.0
1.0
1.0
1.0
1.0
0.9999999
1.0
1.0
1.0
1.0
1.0
1.0
1.0
1.0
1.0
1.0
1.0
1.0
1.0
1.0
1.0
1.0
1.0
1.0
1.0
1.0
1.0
1.0
0.999992
1.0
1.0
1.0
1.0
1.0
0.9999999
1.0
1.0
1.0
1.0
0.99950945
1.0
1.0
1.0
0.9999989
1.0
1.0
1.0
1.0
1.0
1.0
1.0
1.0
1.0
1.0
0.9999999
1.0
1.0
1.0
1.0
1.0
1.0
1.0
1.0
0.9999999
1.0
0.9999999
0.9999999
1.0
1.0
1.0
1.0
1.0
0.9999999
0.99999976
0.9999852
1.0
1.0
1.0
1.0
0.999899
1.0
1.0
0.9999999
1.0
0.99999976
0.9999993
1.0
1.0
1.0
0.99939585
1.0
1.0
0.9999999
1.0
1.0
0.9999993
1.0
0.99999964
1.0
1.0
1.0
1.0
1.0
1.0
0.9999999
0.99999976
1.0
1.0
1.0
1.0
0.9999931
1.0
1.0
0.99999917
1.0
1.0
1.0
1.0
0.99424356
0.99982774
0.99991584
1.0
0.99987113
0.9999615
1.0
1.0
1.0
1.0
1.0
1.0
1.0
1.0
0.9999999
0.99999976
0.99999964
1.0
1.0
1.0
1.0
0.99999666
1.0
1.0
1.0
0.99963844
1.0
1.0
1.0
1.0
1.0
1.0
1.0
0.99999964
1.0
0.99999833
1.0
1.0
1.0
1.0
1.0
1.0
0.9999995
1.0
1.0
0.9999993
0.99999976
1.0
1.0
1.0
1.0
1.0
1.0
1.0
1.0
1.0
0.99999976
0.99999976
1.0
1.0
1.0
1.0
0.9999999
1.0
0.99999976
1.0
1.0
0.9999951
1.0
0.9999863
0.99990034
0.9999993
1.0
0.9999943
0.99999964
1.0
0.99999535
1.0
1.0
0.99961424
0.99999976
0.9999999
0.9999994
1.0
0.99999046
1.0
1.0
0.99999845
1.0
1.0
1.0
0.9999993
0.9999989
1.0
1.0
1.0
0.999887
1.0
1.0
1.0
1.0
0.99999905
0.99999964
1.0
1.0
1.0
0.9999968
1.0
1.0
0.6448851
0.99999964
0.99999857
1.0
0.99999845
0.99999976
0.9999968
1.0
0.99996877
0.9993051
0.9985806
1.0
1.0
1.0
0.9999999
1.0
0.9999956
1.0
1.0
1.0
1.0
1.0
1.0
0.99999976
0.9999918
1.0
1.0
1.0
1.0
0.9999995
0.9999995
1.0
0.9999753
1.0
1.0
1.0
1.0
1.0
1.0
1.0
1.0
0.99997747
1.0
1.0
1.0
1.0
0.9999999
1.0
1.0
1.0
0.99999857
1.0
1.0
0.99999774
1.0
0.9999993
1.0
0.93161136
0.999997
1.0
1.0
1.0
1.0
1.0
0.9992335
0.9999938
0.99999475
1.0
1.0
0.99999917
0.9999993
1.0
1.0
1.0
1.0
1.0
1.0
0.9998423
0.9999999
1.0
0.9999956
1.0
0.99985206
0.9999889
0.99999976
1.0
1.0
0.9999851
0.99999464
1.0
0.8641269
1.0
0.99997497
0.99992526
1.0
0.99996066
0.99999857
0.99135053
0.99999857
1.0
1.0
1.0
0.9999957
1.0
0.7350185
1.0
0.9692392
0.99998796
0.96006703
0.9999937
0.99999976
0.99993575
0.85332084
0.9997099
0.9999999
0.99992347
1.0
1.0
1.0
0.99999964
0.9999994
0.99999297
0.9999001
0.9997621
1.0
0.99998474
1.0
1.0
0.99999154
1.0
1.0
0.9996989
1.0
0.9999993
0.9990421
0.99998903
0.9999964
1.0
1.0
0.9764678
1.0
1.0
0.9999056
1.0
1.0
1.0
0.999998
0.99835014
0.9999926
0.36842456
1.0
1.0
1.0
0.9999999
1.0
1.0
0.9998745
0.9991709
0.9999999
0.9999999
0.9999999
0.9999989
0.97316056
0.99778277
0.99850804
1.0
0.9999994
1.0
0.94835824
0.9999999
0.9998963
0.99999964
1.0
0.9999746
1.0
1.0
1.0
1.0
1.0
0.99999857
1.0
1.0
0.9999999
0.9999987
0.9997898
0.9999995
0.9983177
1.0
1.0
0.9999989
0.9999969
1.0
1.0
0.9999964
0.99999857
0.99999833
0.99983966
1.0
1.0
0.9999968
0.9999974
0.9999989
0.99999976
0.99870694
1.0
0.99998987
0.99999
0.99999964
1.0
0.9999988
0.99986875
0.9999758
0.99999976
1.0
1.0
0.9999974
1.0
0.99999857
1.0
0.99741083
0.9999554
0.9999231
0.9999336
0.99999964
0.9999677
0.9999809
0.99999917
1.0
0.9999763
1.0
0.9999976
0.99999475
0.99973875
0.9999989
0.99999976
0.99999976
1.0
0.99999714
0.9823393
0.9999999
0.9927955
0.9999999
0.9999999
0.99999976
0.999998
0.9999999
0.99999976
0.9999404
0.9999995
0.99880743
1.0
0.9999131
0.9999211
1.0
1.0
1.0
1.0
1.0
0.99999774
0.9999999
1.0
1.0
0.6091171
0.9999132
0.9999999
0.99987555
0.99999714
1.0
0.9999999
0.99999964
0.99966455
1.0
1.0
0.9999995
1.0
1.0
1.0
1.0
0.9999789
0.9999999
1.0
0.9871029
1.0
1.0
1.0
0.9999995
0.9999956
1.0
1.0
1.0
0.9999995
1.0
1.0
1.0
1.0
1.0
1.0
1.0
0.9999331
0.9999912
1.0
0.99998486
0.9999931
1.0
1.0
1.0
1.0
0.9999999
1.0
0.844193
0.99998856
0.9999994
1.0
0.9999999
0.9999994
0.9999999
0.9999999
0.9324889
1.0
0.9999969
0.83690923
1.0
1.0
1.0
1.0
0.99917287
0.99979776
1.0
0.99979526
1.0
0.99999976
1.0
0.99999166
1.0
0.99999857
1.0
1.0
0.9994886
0.9999995
1.0
0.99999344
1.0
1.0
1.0
0.999553
1.0
1.0
1.0
0.9999995
0.995352
0.9999975
1.0
0.9999999
0.99958533
0.999899
1.0
0.99999845
1.0
0.9910595
1.0
0.9999448
0.9994405
0.99999964
0.99813336
0.9999944
1.0
0.9999999
1.0
1.0
1.0
1.0
1.0
0.9999807
0.9999894
0.9940544
0.99080795
0.99992526
1.0
1.0
0.9999999
1.0
1.0
0.999998
0.9999815
1.0
1.0
0.99999046
1.0
0.9999999
1.0
1.0
1.0
0.9975616
0.99999976
0.9999994
0.9999993
1.0
1.0
1.0
1.0
1.0
0.9999999
1.0
1.0
1.0
0.9999963
1.0
0.9999988
1.0
0.9999995
0.9999857
0.9993073
1.0
1.0
1.0
1.0
0.9999995
1.0
0.9999943
1.0
0.9999994
0.999998
1.0
0.9999999
0.9999939
0.9999987
0.9999993
1.0
0.9999999
0.9999999
1.0
1.0
0.9999987
1.0
0.9999999
0.9999987
1.0
1.0
1.0
0.9999939
0.9999447
0.9999993
1.0
0.99999845
1.0
0.99999905
0.9999976
1.0
0.99999833
1.0
0.99990916
0.99988496
0.58040595
1.0
1.0
0.99999905
1.0
1.0
1.0
1.0
1.0
1.0
0.9999999
0.9999982
1.0
1.0
1.0
1.0
1.0
1.0
