1.0
1.0
1.0
1.0
1.0
1.0
0.99999833
1.0
0.9945576
1.0
1.0
1.0
0.9999999
1.0
1.0
1.0
1.0
1.0
0.99999166
1.0
1.0
0.9999999
1.0
1.0
1.0
1.0
1.0
1.0
1.0
1.0
1.0
0.9999995
1.0
0.999998
1.0
1.0
0.99999976
1.0
1.0
1.0
1.0
0.9999999
0.9999999
1.0
0.9999999
1.0
0.9999999
1.0
1.0
1.0
1.0
1.0
1.0
1.0
1.0
1.0
1.0
1.0
1.0
1.0
1.0
1.0
0.99817955
1.0
1.0
1.0
0.9999999
1.0
1.0
1.0
1.0
1.0
1.0
0.99999976
1.0
1.0
1.0
1.0
0.999998
1.0
1.0
1.0
1.0
1.0
1.0
1.0
1.0
0.9999999
1.0
1.0
1.0
1.0
0.99976295
1.0
1.0
0.99999976
0.9999541
0.9999999
1.0
1.0
1.0
1.0
1.0
1.0
0.9999914
1.0
1.0
1.0
1.0
1.0
1.0
0.99999785
1.0
1.0
1.0
0.98624927
1.0
1.0
1.0
0.9999995
1.0
0.99998903
1.0
1.0
0.9999994
0.99998033
0.9999974
1.0
1.0
1.0
1.0
1.0
1.0
1.0
1.0
1.0
1.0
1.0
1.0
0.9999851
1.0
1.0
1.0
1.0
1.0
1.0
1.0
1.0
1.0
0.9999397
1.0
0.9984522
1.0
1.0
0.9999999
1.0
1.0
1.0
0.9999975
1.0
0.9998611
1.0
1.0
1.0
1.0
1.0
1.0
0.9999974
1.0
1.0
1.0
0.99998903
1.0
1.0
1.0
0.99973327
1.0
1.0
1.0
1.0
1.0
1.0
1.0
1.0
0.99880135
1.0
1.0
1.0
1.0
0.9999989
0.9999999
0.99999464
1.0
0.99874085
1.0
0.99997413
1.0
1.0
1.0
0.99998975
1.0
1.0
1.0
0.9999989
1.0
1.0
0.99999964
0.9999995
1.0
0.99999774
1.0
0.9999957
1.0
1.0
0.99999917
1.0
1.0
0.9998901
1.0
1.0
1.0
0.99944705
1.0
1.0
1.0
1.0
1.0
1.0
1.0
1.0
1.0
1.0
1.0
1.0
1.0
1.0
1.0
1.0
1.0
1.0
1.0
0.99974257
0.9999999
0.9999995
1.0
0.9999993
1.0
0.94325393
1.0
1.0
1.0
0.99999917
1.0
1.0
1.0
0.9999975
1.0
0.9999976
1.0
0.5649048
1.0
1.0
1.0
1.0
0.99994004
1.0
0.9999182
1.0
1.0
1.0
1.0
1.0
0.9999999
0.9999999
1.0
1.0
1.0
1.0
1.0
1.0
1.0
1.0
0.9991441
1.0
1.0
1.0
0.99999964
0.99999964
1.0
0.99999976
0.99995196
1.0
0.9999888
1.0
1.0
1.0
1.0
0.9999994
1.0
1.0
1.0
1.0
1.0
1.0
1.0
1.0
1.0
1.0
0.9999999
1.0
1.0
1.0
1.0
0.99999976
1.0
1.0
1.0
1.0
0.99999774
1.0
0.99789524
0.9887334
1.0
1.0
0.9999825
1.0
0.9999902
1.0
1.0
1.0
1.0
1.0
1.0
0.9999999
1.0
1.0
0.9999938
1.0
1.0
0.999997
0.6946588
0.99999547
1.0
1.0
1.0
1.0
1.0
1.0
1.0
1.0
1.0
1.0
1.0
1.0
1.0
1.0
1.0
0.9999999
0.99919134
0.97469985
1.0
1.0
0.9999995
1.0
1.0
1.0
0.999845
1.0
0.9999968
1.0
1.0
1.0
1.0
1.0
1.0
1.0
1.0
1.0
1.0
1.0
0.99999976
0.99957186
1.0
1.0
1.0
1.0
0.99999917
1.0
1.0
1.0
1.0
0.9999994
1.0
1.0
1.0
1.0
1.0
1.0
1.0
1.0
1.0
1.0
1.0
0.9999999
1.0
1.0
1.0
1.0
1.0
1.0
1.0
0.99999964
0.9999708
1.0
0.9999999
0.9999999
1.0
0.99963796
1.0
0.9999999
0.99999964
1.0
1.0
1.0
1.0
1.0
1.0
1.0
1.0
1.0
1.0
0.9999999
0.9999999
1.0
1.0
0.99999726
1.0
1.0
1.0
0.99999964
1.0
1.0
1.0
0.9999995
0.999969
0.9781569
0.99999785
0.5767037
0.9998877
0.5686349
0.9999999
1.0
1.0
1.0
0.99999964
1.0
1.0
0.99999964
1.0
1.0
0.99999917
1.0
1.0
1.0
0.9999995
1.0
1.0
1.0
0.9999999
0.9999999
1.0
1.0
1.0
1.0
1.0
1.0
1.0
1.0
0.99997854
0.99988735
1.0
1.0
1.0
1.0
1.0
1.0
1.0
1.0
1.0
1.0
0.9999999
1.0
0.99999964
1.0
1.0
0.99184483
1.0
0.99952257
0.999998
0.99999976
1.0
1.0
1.0
1.0
1.0
1.0
1.0
1.0
0.9999969
1.0
1.0
0.99999666
1.0
1.0
1.0
1.0
1.0
1.0
1.0
1.0
1.0
1.0
1.0
0.9999974
1.0
1.0
1.0
1.0
1.0
1.0
0.9999993
1.0
1.0
1.0
1.0
1.0
1.0
1.0
1.0
1.0
1.0
1.0
0.99922466
0.9939805
1.0
1.0
1.0
0.99999905
1.0
1.0
1.0
0.9478654
0.99999964
1.0
1.0
1.0
1.0
0.9999995
0.9999999
1.0
1.0
0.99999976
1.0
1.0
1.0
1.0
1.0
1.0
1.0
1.0
1.0
0.99843544
1.0
1.0
1.0
1.0
1.0
1.0
1.0
1.0
1.0
1.0
0.8198746
0.98536783
1.0
1.0
1.0
1.0
1.0
1.0
1.0
0.9935609
1.0
0.99999964
1.0
1.0
1.0
0.9999999
1.0
1.0
1.0
1.0
1.0
1.0
1.0
1.0
1.0
1.0
1.0
1.0
1.0
1.0
1.0
0.9999876
1.0
0.99999976
1.0
1.0
0.99999976
0.9841166
1.0
1.0
1.0
1.0
0.99999976
0.99820185
1.0
1.0
1.0
0.9999982
1.0
1.0
1.0
1.0
1.0
1.0
1.0
1.0
1.0
1.0
1.0
1.0
0.99999976
1.0
1.0
0.99998975
0.99962735
1.0
1.0
1.0
0.99999905
1.0
1.0
1.0
1.0
1.0
1.0
1.0
0.9999989
0.952674
1.0
0.9999999
1.0
1.0
1.0
1.0
1.0
0.99999106
1.0
1.0
1.0
0.99999905
1.0
1.0
0.8427019
1.0
1.0
1.0
0.99999976
1.0
1.0
1.0
1.0
1.0
0.9297844
0.9999993
1.0
1.0
0.9999995
0.99958676
1.0
0.9999943
1.0
1.0
1.0
1.0
0.9999994
1.0
0.99999857
1.0
0.9999988
1.0
1.0
1.0
1.0
1.0
1.0
1.0
1.0
1.0
1.0
1.0
1.0
1.0
1.0
1.0
0.55423474
0.4958558
1.0
1.0
0.9983506
1.0
1.0
0.99998987
1.0
1.0
0.995086
1.0
0.9999999
1.0
1.0
1.0
1.0
1.0
1.0
1.0
1.0
1.0
0.999944
1.0
0.9935963
1.0
1.0
0.9999999
1.0
1.0
0.9999994
1.0
1.0
1.0
1.0
1.0
1.0
1.0
1.0
0.9999999
1.0
1.0
1.0
1.0
0.9998454
0.9999982
1.0
1.0
1.0
1.0
1.0
1.0
1.0
0.9999999
1.0
1.0
1.0
1.0
1.0
1.0
1.0
1.0
1.0
1.0
0.9999962
0.99999976
1.0
1.0
1.0
0.9999881
0.9992261
1.0
1.0
0.99991465
1.0
1.0
1.0
1.0
1.0
1.0
1.0
0.9999976
1.0
1.0
0.9999974
1.0
1.0
1.0
1.0
1.0
1.0
1.0
1.0
1.0
1.0
1.0
1.0
0.9758839
1.0
1.0
1.0
1.0
1.0
1.0
1.0
1.0
1.0
1.0
1.0
1.0
1.0
1.0
1.0
0.99999917
1.0
1.0
1.0
0.9999999
1.0
1.0
1.0
1.0
1.0
0.9999956
1.0
1.0
1.0
1.0
0.993262
1.0
0.9999064
1.0
1.0
1.0
1.0
1.0
1.0
1.0
1.0
1.0
1.0
1.0
1.0
0.99999976
1.0
1.0
1.0
1.0
1.0
1.0
0.9999995
1.0
1.0
1.0
0.9999918
1.0
1.0
1.0
1.0
1.0
1.0
0.9999976
0.99999976
1.0
1.0
0.99948657
0.54192656
0.6798812
1.0
0.99999964
1.0
1.0
1.0
1.0
1.0
1.0
1.0
1.0
1.0
0.9999621
0.9999999
1.0
0.99999344
1.0
0.9997186
1.0
0.99970406
0.99999964
1.0
1.0
1.0
1.0
1.0
0.9999968
1.0
1.0
1.0
1.0
1.0
1.0
0.99999964
1.0
0.99999607
1.0
1.0
1.0
1.0
1.0
0.9994361
1.0
0.9999988
1.0
0.9999999
1.0
1.0
1.0
1.0
1.0
1.0
1.0
0.99999905
1.0
0.9212456
0.9998847
0.9999664
1.0
1.0
1.0
1.0
1.0
0.99999964
0.97991073
1.0
0.9999995
0.9999614
1.0
0.9999999
1.0
1.0
1.0
0.99738246
1.0
0.999997
1.0
1.0
1.0
0.99999976
1.0
1.0
0.9834598
1.0
1.0
1.0
0.99993587
1.0
1.0
1.0
1.0
1.0
1.0
1.0
1.0
1.0
1.0
1.0
1.0
1.0
1.0
0.9999999
1.0
1.0
1.0
1.0
1.0
1.0
1.0
0.9999982
1.0
1.0
1.0
1.0
1.0
1.0
0.9999994
1.0
1.0
1.0
1.0
0.99999905
1.0
0.99999833
1.0
0.9999999
1.0
1.0
1.0
0.9999994
0.9999999
1.0
1.0
1.0
0.9999999
1.0
1.0
1.0
0.9999993
0.99994004
1.0
1.0
1.0
0.99999976
1.0
1.0
1.0
1.0
1.0
0.9999914
0.9997358
1.0
1.0
1.0
1.0
1.0
0.6243107
1.0
1.0
1.0
1.0
0.99983764
0.9993956
1.0
1.0
1.0
1.0
1.0
1.0
1.0
1.0
1.0
0.9999999
0.99999964
1.0
1.0
1.0
1.0
0.99999976
0.99999833
1.0
1.0
1.0
1.0
1.0
0.9999988
1.0
1.0
1.0
0.9999863
1.0
1.0
1.0
1.0
1.0
1.0
1.0
1.0
0.9999864
1.0
1.0
1.0
1.0
1.0
1.0
1.0
1.0
0.9999958
1.0
1.0
1.0
1.0
1.0
1.0
1.0
1.0
1.0
1.0
0.99999666
1.0
1.0
1.0
1.0
1.0
0.99848664
0.9999993
1.0
1.0
1.0
0.5551503
1.0
0.9999975
1.0
1.0
1.0
1.0
0.9999999
1.0
0.9999999
1.0
1.0
1.0
1.0
1.0
1.0
0.99999595
1.0
1.0
1.0
1.0
1.0
1.0
1.0
1.0
1.0
0.9999999
1.0
1.0
1.0
1.0
1.0
1.0
0.99999905
1.0
0.99998665
1.0
1.0
1.0
1.0
1.0
0.99999034
1.0
1.0
0.99999905
1.0
1.0
1.0
1.0
0.9999994
1.0
1.0
0.99999857
1.0
0.9999968
1.0
1.0
0.9999982
1.0
1.0
1.0
0.9999995
1.0
1.0
1.0
1.0
0.9999969
1.0
1.0
0.9999697
0.7138548
1.0
1.0
1.0
1.0
1.0
1.0
1.0
1.0
0.99995565
0.99992764
1.0
1.0
1.0
1.0
1.0
1.0
0.9999999
0.99999976
1.0
0.9999658
1.0
0.9999999
1.0
0.99955446
1.0
1.0
0.99999857
1.0
1.0
0.999997
1.0
1.0
1.0
0.9999987
1.0
1.0
1.0
1.0
1.0
1.0
1.0
0.9999989
1.0
0.9980387
1.0
0.9999993
1.0
1.0
1.0
0.9998443
1.0
1.0
1.0
1.0
1.0
1.0
1.0
1.0
1.0
0.8889678
0.9999988
0.99999976
1.0
1.0
0.6801808
0.9998834
1.0
0.9999999
1.0
0.9999993
1.0
1.0
1.0
0.99997854
1.0
1.0
0.9999999
0.5804324
1.0
1.0
0.9990196
1.0
1.0
0.9999999
1.0
1.0
1.0
1.0
1.0
1.0
1.0
0.99999845
1.0
1.0
1.0
1.0
0.9997851
1.0
0.9999999
0.99994814
1.0
1.0
1.0
1.0
1.0
1.0
0.99979776
0.9999945
1.0
0.9999975
1.0
1.0
1.0
0.99999475
1.0
1.0
0.9074145
1.0
0.99999964
1.0
1.0
1.0
1.0
1.0
1.0
0.9999999
1.0
1.0
1.0
1.0
1.0
1.0
1.0
1.0
1.0
1.0
0.9884255
1.0
1.0
1.0
1.0
1.0
1.0
0.99669015
1.0
0.99991536
1.0
0.9999877
0.9999882
1.0
1.0
0.9999982
1.0
1.0
0.9999627
1.0
0.99990654
1.0
1.0
1.0
1.0
0.99999976
1.0
1.0
0.9999999
1.0
1.0
1.0
1.0
1.0
1.0
1.0
0.99999964
1.0
1.0
1.0
1.0
1.0
1.0
1.0
1.0
0.83704615
1.0
1.0
1.0
1.0
1.0
1.0
1.0
1.0
1.0
1.0
1.0
1.0
0.999998
0.9999987
1.0
1.0
1.0
1.0
1.0
1.0
0.9998585
1.0
1.0
1.0
1.0
1.0
0.9999887
0.9999999
0.81840646
0.8088132
1.0
1.0
0.99999654
0.9999989
1.0
1.0
1.0
0.9999999
0.999997
1.0
1.0
1.0
1.0
1.0
1.0
1.0
0.99999905
1.0
1.0
0.5482833
0.999335
1.0
1.0
1.0
1.0
1.0
1.0
1.0
0.9999994
1.0
0.9999534
1.0
0.9999951
1.0
0.9999678
1.0
1.0
1.0
0.9999974
1.0
0.99996114
0.99996567
0.9999995
0.9999957
0.9999999
0.99908626
0.99995947
1.0
1.0
0.99990726
1.0
1.0
1.0
1.0
1.0
1.0
1.0
1.0
0.99999607
0.9999999
1.0
1.0
1.0
1.0
0.99708825
1.0
1.0
1.0
1.0
0.9999964
1.0
0.9999999
1.0
1.0
0.99999976
1.0
1.0
1.0
1.0
1.0
0.99999976
1.0
1.0
1.0
1.0
1.0
1.0
0.9999858
1.0
1.0
1.0
1.0
1.0
1.0
1.0
1.0
1.0
0.99999547
1.0
0.9999969
1.0
0.999997
1.0
1.0
1.0
0.85562587
0.9999999
0.9999999
1.0
0.9999999
1.0
1.0
1.0
0.9999994
0.999995
1.0
1.0
1.0
1.0
0.9999999
1.0
0.9999995
1.0
1.0
1.0
0.99997985
1.0
0.96441
0.9999989
1.0
1.0
1.0
0.98717797
1.0
1.0
0.98303246
0.9999995
1.0
1.0
1.0
1.0
1.0
1.0
1.0
1.0
1.0
1.0
1.0
0.99999595
1.0
1.0
1.0
0.99999964
1.0
0.99888784
1.0
0.9998307
1.0
0.90699124
0.9991984
1.0
1.0
1.0
0.9999974
0.9989311
1.0
1.0
0.9999999
1.0
1.0
1.0
0.9999999
1.0
1.0
0.99997926
0.99999654
1.0
1.0
1.0
1.0
1.0
0.9999999
1.0
1.0
0.9999995
1.0
0.9996051
1.0
0.99999976
1.0
1.0
1.0
0.9999981
1.0
1.0
0.9999999
1.0
1.0
1.0
1.0
0.9999999
1.0
1.0
1.0
1.0
0.9999105
1.0
1.0
1.0
1.0
1.0
1.0
0.99999404
1.0
0.9999993
1.0
0.9994561
1.0
1.0
1.0
1.0
1.0
1.0
1.0
1.0
1.0
0.85654294
1.0
1.0
1.0
1.0
0.9999995
1.0
1.0
1.0
1.0
1.0
1.0
1.0
0.99937445
1.0
1.0
0.99999905
1.0
1.0
0.9999999
0.9997694
1.0
1.0
1.0
1.0
1.0
1.0
1.0
0.9999999
1.0
1.0
1.0
1.0
0.99986696
1.0
1.0
1.0
1.0
1.0
0.9999999
1.0
1.0
1.0
1.0
1.0
1.0
0.99999857
1.0
1.0
1.0
0.9999963
1.0
0.9997069
0.9999999
1.0
0.9999901
1.0
0.9991007
1.0
1.0
0.7186219
0.99998975
1.0
1.0
1.0
0.9984465
1.0
1.0
0.99999857
1.0
0.9999999
1.0
1.0
0.99999857
0.9999999
1.0
1.0
1.0
1.0
1.0
0.9999987
0.99999976
1.0
1.0
1.0
1.0
0.99999774
1.0
0.53055674
1.0
1.0
1.0
1.0
1.0
1.0
0.99999547
0.9888524
0.99982315
1.0
1.0
0.999966
0.9996093
1.0
1.0
0.99999833
1.0
1.0
1.0
1.0
0.99999905
1.0
0.9999994
1.0
1.0
1.0
0.9999999
0.94143134
1.0
1.0
1.0
1.0
1.0
1.0
1.0
1.0
1.0
1.0
0.99999654
1.0
1.0
0.99999774
1.0
1.0
0.7609487
1.0
1.0
1.0
1.0
0.9999999
1.0
1.0
0.99999213
1.0
1.0
1.0
1.0
1.0
1.0
1.0
1.0
1.0
0.99997735
0.9999609
0.9999999
1.0
1.0
1.0
1.0
1.0
1.0
1.0
0.99999964
1.0
1.0
0.9999999
1.0
1.0
1.0
1.0
0.8587589
1.0
1.0
1.0
1.0
1.0
1.0
1.0
1.0
1.0
0.99998415
1.0
1.0
1.0
1.0
1.0
1.0
1.0
0.9986039
0.9998054
1.0
0.99999714
1.0
0.9999999
1.0
1.0
1.0
1.0
1.0
0.9999989
1.0
1.0
0.99972314
1.0
1.0
1.0
1.0
1.0
0.9999763
1.0
1.0
0.99999917
1.0
1.0
1.0
1.0
1.0
1.0
0.9999951
0.99999833
1.0
1.0
1.0
0.999997
0.99999976
1.0
1.0
0.99999464
1.0
1.0
1.0
0.99999905
1.0
1.0
1.0
0.99999905
1.0
0.9999999
1.0
1.0
1.0
1.0
1.0
1.0
1.0
0.9999993
1.0
1.0
0.9998659
1.0
1.0
0.99993217
1.0
1.0
1.0
1.0
1.0
1.0
0.9983552
1.0
0.9994455
1.0
0.99999964
0.99992037
1.0
1.0
1.0
1.0
0.9999964
1.0
1.0
1.0
1.0
1.0
0.9999995
1.0
1.0
1.0
0.9999943
0.999995
0.9999846
0.99814045
1.0
0.6200563
0.99999976
1.0
1.0
1.0
1.0
0.99815553
1.0
1.0
1.0
1.0
1.0
1.0
1.0
1.0
1.0
1.0
1.0
1.0
1.0
1.0
0.9999976
1.0
1.0
1.0
1.0
0.9999989
1.0
1.0
1.0
1.0
1.0
1.0
1.0
1.0
0.99997437
0.9999999
1.0
0.9999999
1.0
0.9999999
0.9999988
1.0
1.0
1.0
1.0
0.9999975
1.0
1.0
0.9999852
1.0
0.99999595
0.9990747
0.99987686
1.0
1.0
1.0
1.0
1.0
1.0
0.9999999
1.0
1.0
1.0
1.0
0.9999999
0.9991756
1.0
1.0
1.0
1.0
1.0
1.0
1.0
1.0
1.0
1.0
1.0
1.0
0.99120855
1.0
1.0
1.0
1.0
0.9999976
0.9999969
0.9999987
1.0
1.0
0.9999999
0.99992144
0.9999999
1.0
0.9999999
1.0
0.9999999
0.99994385
0.9999999
1.0
1.0
1.0
1.0
1.0
1.0
1.0
1.0
0.9999995
0.99999976
1.0
1.0
1.0
1.0
1.0
0.9993493
1.0
0.88865006
1.0
1.0
1.0
1.0
0.99999785
0.9995146
0.99999976
1.0
1.0
1.0
1.0
1.0
1.0
1.0
1.0
1.0
0.993778
1.0
0.99999964
1.0
1.0
0.9941142
1.0
1.0
0.8778076
0.9999951
1.0
1.0
0.99999964
0.99999964
0.99999976
1.0
1.0
1.0
0.91352004
1.0
1.0
1.0
1.0
0.99999976
1.0
1.0
1.0
1.0
0.9999994
1.0
1.0
0.9999999
1.0
0.99999917
1.0
0.9857832
0.99999917
1.0
1.0
0.99999785
1.0
1.0
1.0
1.0
1.0
1.0
1.0
1.0
1.0
0.99996746
1.0
1.0
1.0
1.0
0.9999987
0.99999857
1.0
1.0
0.99755305
0.99999976
1.0
1.0
1.0
0.9965431
1.0
1.0
1.0
1.0
1.0
1.0
1.0
1.0
0.9977908
1.0
0.98032206
1.0
1.0
1.0
0.9999583
1.0
1.0
0.9999876
1.0
0.93422467
1.0
1.0
1.0
1.0
1.0
1.0
0.9999995
1.0
1.0
1.0
0.6150713
0.9999989
0.99939024
1.0
1.0
1.0
0.91631657
1.0
1.0
0.9999989
1.0
1.0
1.0
1.0
1.0
1.0
1.0
1.0
0.9999995
0.9999938
1.0
1.0
1.0
1.0
1.0
1.0
1.0
1.0
1.0
1.0
1.0
1.0
1.0
0.9999999
1.0
1.0
1.0
0.99999857
1.0
0.99999785
0.9999993
1.0
1.0
1.0
1.0
0.99999774
1.0
1.0
1.0
1.0
0.9999993
1.0
1.0
0.55450225
1.0
1.0
0.98419386
0.98541427
1.0
0.99998987
0.9961392
1.0
1.0
1.0
1.0
0.9999999
0.99999285
1.0
0.99999964
0.9999994
1.0
0.99999976
1.0
1.0
1.0
1.0
1.0
1.0
1.0
1.0
1.0
1.0
1.0
0.9999995
1.0
1.0
0.9919458
1.0
1.0
1.0
1.0
1.0
1.0
0.99999964
1.0
0.99933344
0.99961567
1.0
1.0
1.0
1.0
1.0
1.0
0.9999999
1.0
1.0
1.0
1.0
0.9999951
1.0
1.0
1.0
1.0
0.99999964
1.0
1.0
0.9999999
1.0
1.0
1.0
1.0
1.0
1.0
1.0
1.0
1.0
1.0
1.0
1.0
0.9999995
1.0
1.0
1.0
1.0
1.0
1.0
1.0
0.9971361
1.0
1.0
1.0
1.0
1.0
0.9999931
0.9999999
1.0
1.0
0.99994385
1.0
1.0
0.9999974
0.9978162
1.0
1.0
1.0
1.0
1.0
1.0
1.0
1.0
1.0
1.0
0.99999964
0.99999964
0.99627304
1.0
1.0
1.0
1.0
1.0
0.99999917
1.0
1.0
0.9999999
1.0
1.0
1.0
1.0
1.0
0.99833494
1.0
1.0
1.0
1.0
1.0
0.9999918
1.0
1.0
1.0
0.99999964
1.0
0.9999976
1.0
1.0
1.0
1.0
1.0
0.9999708
0.9999999
1.0
0.76119226
1.0
1.0
1.0
1.0
1.0
1.0
1.0
1.0
0.99999976
1.0
1.0
1.0
1.0
0.9877604
1.0
1.0
1.0
1.0
1.0
1.0
1.0
1.0
1.0
1.0
1.0
1.0
1.0
1.0
0.99999905
1.0
1.0
1.0
1.0
0.9999999
1.0
1.0
1.0
1.0
1.0
0.86075073
0.9999999
0.9999826
1.0
1.0
1.0
1.0
1.0
0.9999999
0.9999696
1.0
0.9293186
1.0
1.0
1.0
1.0
1.0
0.9999989
0.9794924
0.9999999
1.0
1.0
1.0
1.0
0.9999491
0.99999964
0.99999976
1.0
1.0
1.0
1.0
0.99999964
1.0
1.0
1.0
0.99999976
1.0
0.995804
1.0
0.9999999
0.9999999
1.0
1.0
1.0
1.0
0.84319955
1.0
1.0
0.9999994
1.0
1.0
1.0
0.9999999
0.99980646
1.0
1.0
0.99998593
0.9999982
1.0
1.0
1.0
1.0
1.0
1.0
0.99999464
1.0
1.0
1.0
0.9999571
1.0
1.0
1.0
0.99999964
1.0
1.0
0.99999905
1.0
1.0
0.987921
0.9999913
0.99999857
1.0
1.0
1.0
1.0
0.9181315
0.9999707
1.0
0.9999814
1.0
0.9999999
1.0
1.0
0.6620958
1.0
1.0
1.0
1.0
1.0
1.0
1.0
1.0
1.0
1.0
1.0
1.0
1.0
0.9999999
1.0
1.0
1.0
0.9999988
1.0
1.0
1.0
1.0
1.0
1.0
1.0
0.92933667
1.0
1.0
1.0
1.0
1.0
1.0
1.0
0.9999906
1.0
1.0
1.0
1.0
1.0
1.0
1.0
0.99999964
1.0
1.0
0.9999994
0.99999964
1.0
1.0
1.0
0.9999999
1.0
0.99993336
1.0
0.99945956
1.0
1.0
1.0
1.0
0.99999976
1.0
0.9999919
1.0
0.99999976
0.99952674
1.0
0.9999951
1.0
1.0
1.0
0.99974936
0.9999994
0.9990588
0.9999999
1.0
1.0
1.0
1.0
0.9999999
1.0
1.0
0.9999989
1.0
1.0
1.0
1.0
0.99999976
1.0
1.0
0.99999917
1.0
1.0
1.0
1.0
0.99999225
1.0
1.0
0.9999995
0.9999987
1.0
1.0
1.0
1.0
1.0
1.0
1.0
1.0
0.99999964
0.9999981
0.9999988
1.0
0.99984753
1.0
1.0
0.9999999
1.0
0.99663866
1.0
1.0
1.0
0.9934727
1.0
1.0
1.0
1.0
1.0
1.0
1.0
1.0
1.0
1.0
1.0
1.0
1.0
1.0
0.99999785
0.9999999
1.0
1.0
1.0
1.0
0.9999999
1.0
1.0
1.0
0.99934965
1.0
1.0
0.999982
1.0
1.0
1.0
1.0
1.0
1.0
0.99999905
0.99999774
1.0
1.0
1.0
1.0
1.0
1.0
1.0
1.0
1.0
1.0
1.0
0.9999753
0.9998393
1.0
1.0
1.0
0.9999901
1.0
1.0
1.0
1.0
1.0
0.9999999
1.0
1.0
1.0
0.99999964
1.0
1.0
0.99035066
1.0
1.0
0.99999917
1.0
1.0
0.99978536
1.0
1.0
1.0
1.0
0.99369615
1.0
1.0
1.0
1.0
1.0
1.0
1.0
1.0
0.99998677
1.0
0.9999999
0.99999845
1.0
1.0
1.0
1.0
0.9999999
1.0
0.9994281
1.0
1.0
1.0
1.0
0.9999995
1.0
1.0
0.99999976
1.0
1.0
0.9999541
1.0
1.0
1.0
1.0
1.0
0.9999168
1.0
1.0
1.0
1.0
0.9999999
1.0
1.0
0.9999999
0.99999964
1.0
1.0
1.0
1.0
1.0
1.0
1.0
1.0
0.9999585
1.0
0.9999999
1.0
1.0
1.0
1.0
0.98239464
0.99999917
1.0
1.0
1.0
1.0
1.0
1.0
1.0
1.0
0.99998844
1.0
0.99999976
1.0
0.9999999
0.99998164
0.99999976
1.0
1.0
1.0
1.0
1.0
0.360017
0.99999976
1.0
1.0
1.0
1.0
1.0
1.0
0.99999464
0.99999976
1.0
1.0
0.9999925
1.0
0.9999999
1.0
0.99998116
1.0
0.99985003
1.0
1.0
1.0
1.0
1.0
1.0
1.0
1.0
0.9999974
0.9985207
0.84781045
1.0
1.0
1.0
1.0
1.0
0.9999999
0.9896067
1.0
0.99861336
0.9999999
0.99999917
1.0
1.0
1.0
1.0
1.0
1.0
1.0
1.0
0.9999999
1.0
0.99999774
1.0
1.0
1.0
1.0
1.0
1.0
1.0
1.0
1.0
0.99999154
1.0
1.0
1.0
1.0
1.0
1.0
0.9999423
1.0
0.9999999
1.0
0.9999989
1.0
1.0
1.0
0.9999894
1.0
1.0
1.0
1.0
0.9999776
0.99999964
0.9999994
1.0
0.9999981
1.0
0.9999999
1.0
0.99999976
1.0
1.0
1.0
1.0
0.698868
1.0
1.0
1.0
1.0
1.0
1.0
0.9999745
1.0
1.0
1.0
0.9999999
1.0
1.0
0.9999994
0.99975604
1.0
1.0
1.0
1.0
1.0
1.0
0.99999976
1.0
0.99974614
1.0
1.0
0.99969673
1.0
1.0
1.0
1.0
1.0
1.0
1.0
1.0
1.0
1.0
1.0
1.0
0.9999976
0.99999976
1.0
1.0
1.0
1.0
1.0
1.0
1.0
1.0
1.0
1.0
1.0
1.0
1.0
1.0
1.0
1.0
0.99995863
1.0
0.99500763
1.0
1.0
1.0
1.0
1.0
0.99999976
1.0
1.0
1.0
1.0
1.0
1.0
1.0
1.0
1.0
1.0
1.0
1.0
0.9997367
1.0
1.0
1.0
1.0
1.0
0.99952996
1.0
1.0
1.0
0.99999845
1.0
0.7314937
1.0
0.9999999
0.9983052
1.0
1.0
1.0
1.0
1.0
1.0
1.0
0.9996112
0.8378884
1.0
1.0
1.0
0.9999999
0.99999976
0.99999976
0.9999993
1.0
1.0
1.0
1.0
1.0
0.99996877
0.8796166
1.0
1.0
0.99997914
1.0
1.0
0.99998856
1.0
0.9999645
1.0
1.0
0.9999999
1.0
0.99999535
1.0
1.0
1.0
0.99670714
1.0
0.99999845
1.0
1.0
1.0
0.99998057
0.99999976
1.0
0.99794894
1.0
1.0
1.0
1.0
1.0
1.0
0.99999964
1.0
1.0
1.0
0.99999845
1.0
1.0
0.99999964
1.0
0.7798648
1.0
1.0
1.0
1.0
0.9999999
0.9999999
1.0
1.0
1.0
0.99826497
1.0
1.0
1.0
1.0
1.0
1.0
0.9999994
1.0
1.0
1.0
1.0
1.0
1.0
1.0
1.0
0.99999964
1.0
0.999998
1.0
1.0
0.9999994
1.0
1.0
1.0
0.99217236
1.0
1.0
0.9999989
1.0
1.0
1.0
1.0
1.0
0.99999976
1.0
1.0
1.0
1.0
1.0
1.0
1.0
1.0
1.0
1.0
1.0
1.0
1.0
1.0
1.0
1.0
1.0
1.0
1.0
0.99995863
0.9945081
1.0
0.9936619
1.0
1.0
0.99999964
1.0
1.0
1.0
0.9999995
0.99999917
1.0
1.0
0.8336625
1.0
1.0
1.0
1.0
0.9999995
1.0
1.0
1.0
1.0
1.0
1.0
1.0
1.0
1.0
0.9999994
1.0
1.0
1.0
1.0
1.0
1.0
1.0
1.0
1.0
1.0
1.0
0.99893767
1.0
0.9999975
1.0
1.0
1.0
1.0
1.0
0.9999814
0.9999733
1.0
1.0
1.0
1.0
0.99975973
1.0
1.0
0.99928385
1.0
1.0
1.0
1.0
0.99999654
1.0
1.0
1.0
1.0
1.0
1.0
0.9999876
0.9997173
1.0
0.9990119
0.9999958
0.9999995
1.0
1.0
1.0
0.99999964
1.0
1.0
1.0
1.0
1.0
1.0
1.0
1.0
1.0
1.0
1.0
1.0
1.0
0.9999999
1.0
1.0
1.0
1.0
0.999969
1.0
1.0
1.0
1.0
1.0
1.0
1.0
1.0
0.9999968
1.0
1.0
1.0
1.0
1.0
0.9998908
0.99999964
1.0
1.0
0.9999999
1.0
1.0
1.0
1.0
1.0
1.0
1.0
0.9999962
0.9999999
1.0
1.0
1.0
0.99988437
1.0
1.0
1.0
1.0
1.0
1.0
0.99998534
1.0
1.0
1.0
1.0
1.0
1.0
1.0
1.0
0.9999999
0.969775
1.0
1.0
0.9999999
1.0
1.0
1.0
0.99997663
1.0
1.0
1.0
1.0
0.99997497
0.99999964
1.0
1.0
0.99999166
1.0
1.0
0.7105379
1.0
1.0
1.0
1.0
1.0
1.0
1.0
1.0
1.0
0.99999464
0.9997106
0.99999976
0.9999988
1.0
0.9999968
1.0
1.0
1.0
1.0
1.0
0.9999999
1.0
1.0
1.0
0.99958867
0.99996674
0.99999964
1.0
0.99999666
1.0
1.0
1.0
1.0
1.0
0.9999995
1.0
1.0
0.99998975
1.0
1.0
0.9999999
1.0
1.0
0.99999225
1.0
1.0
1.0
0.9999999
1.0
1.0
1.0
1.0
1.0
1.0
0.9999995
1.0
1.0
1.0
0.9999999
1.0
1.0
0.9999999
0.9998698
0.99778384
1.0
1.0
1.0
1.0
1.0
1.0
1.0
1.0
1.0
1.0
1.0
1.0
0.99999917
0.9999988
1.0
1.0
1.0
1.0
1.0
1.0
1.0
1.0
0.99999976
1.0
1.0
1.0
0.9999751
0.9999999
1.0
1.0
1.0
1.0
1.0
1.0
1.0
1.0
0.9999994
1.0
1.0
0.99993575
0.8893203
1.0
1.0
0.99998856
1.0
1.0
0.99999905
0.99997723
1.0
1.0
1.0
1.0
0.99982554
0.99999976
0.9999715
0.9999999
1.0
0.99999785
1.0
1.0
1.0
1.0
1.0
1.0
1.0
1.0
1.0
1.0
0.9999993
1.0
1.0
0.99999964
1.0
1.0
1.0
1.0
1.0
1.0
1.0
0.9999726
1.0
1.0
1.0
1.0
1.0
1.0
0.9999999
0.99999726
1.0
1.0
1.0
1.0
1.0
0.9999999
0.99982136
1.0
1.0
1.0
0.9999993
1.0
1.0
1.0
0.999998
1.0
0.99784636
1.0
1.0
1.0
1.0
1.0
1.0
1.0
1.0
1.0
0.9999999
1.0
1.0
1.0
1.0
1.0
0.9999999
1.0
0.99999833
1.0
1.0
0.9999999
1.0
1.0
1.0
1.0
0.9999999
1.0
0.9998559
1.0
1.0
1.0
1.0
0.9999999
1.0
0.99999964
0.99999976
1.0
1.0
1.0
1.0
1.0
1.0
1.0
1.0
1.0
1.0
0.9999906
1.0
1.0
1.0
1.0
1.0
0.9999999
0.999796
1.0
0.9999999
0.9938332
1.0
0.9999999
1.0
1.0
1.0
0.9999975
1.0
1.0
0.99999976
1.0
1.0
1.0
0.99999964
1.0
1.0
1.0
1.0
1.0
1.0
1.0
1.0
1.0
0.9999827
0.99997354
1.0
1.0
1.0
1.0
1.0
1.0
1.0
1.0
1.0
1.0
1.0
1.0
1.0
1.0
0.9999982
0.9999999
0.9999999
1.0
1.0
1.0
1.0
1.0
1.0
1.0
1.0
1.0
1.0
0.9831178
0.9999999
1.0
0.9999999
1.0
1.0
1.0
1.0
0.9996389
1.0
1.0
1.0
1.0
0.9999999
1.0
0.9999994
1.0
0.9999572
1.0
1.0
1.0
1.0
0.9999466
1.0
1.0
1.0
0.99999654
0.9999999
1.0
1.0
0.9999877
0.92106855
1.0
0.99999976
1.0
1.0
0.99999964
1.0
0.99999976
1.0
0.9999982
1.0
1.0
1.0
1.0
1.0
1.0
0.9930184
1.0
1.0
1.0
1.0
0.9999968
1.0
0.999995
0.55341995
0.9677337
1.0
1.0
1.0
1.0
1.0
0.9999994
1.0
0.9999999
1.0
1.0
1.0
0.9999945
1.0
1.0
0.9992029
1.0
1.0
1.0
1.0
1.0
0.9999995
1.0
0.99999976
1.0
1.0
1.0
1.0
1.0
1.0
0.99999964
1.0
0.99999666
0.99999905
1.0
1.0
1.0
0.9999999
0.9759169
0.99999404
0.9962509
0.9999999
0.99978024
1.0
1.0
1.0
1.0
1.0
1.0
1.0
1.0
1.0
1.0
1.0
1.0
1.0
1.0
1.0
1.0
0.9999994
1.0
1.0
1.0
1.0
1.0
1.0
1.0
0.89553213
1.0
1.0
0.99999964
1.0
1.0
1.0
1.0
1.0
1.0
1.0
1.0
1.0
1.0
1.0
1.0
1.0
1.0
1.0
1.0
0.9999999
1.0
1.0
1.0
1.0
1.0
1.0
1.0
1.0
1.0
1.0
1.0
0.99999976
1.0
1.0
1.0
0.999998
1.0
0.99999964
1.0
1.0
1.0
1.0
0.99998724
1.0
1.0
0.9999999
1.0
1.0
1.0
1.0
1.0
1.0
1.0
1.0
0.7008621
1.0
1.0
1.0
1.0
1.0
1.0
0.9999926
1.0
0.99999833
1.0
1.0
1.0
0.99999356
1.0
1.0
1.0
1.0
1.0
1.0
1.0
0.8414344
1.0
1.0
1.0
0.9999999
1.0
1.0
0.9999999
0.9999995
1.0
1.0
1.0
1.0
1.0
0.99999964
1.0
0.9983015
1.0
1.0
0.99999857
1.0
0.99999976
0.9999999
0.99999964
0.99328846
0.9996413
1.0
0.99999774
0.99973696
1.0
1.0
1.0
1.0
1.0
1.0
1.0
1.0
0.99999976
1.0
1.0
0.9999658
1.0
1.0
1.0
1.0
1.0
1.0
0.9997323
1.0
0.95697606
1.0
1.0
1.0
0.9999219
1.0
0.9999722
1.0
1.0
1.0
1.0
0.99741673
1.0
0.9999999
0.9999999
0.99999833
0.83687156
1.0
1.0
1.0
1.0
1.0
1.0
1.0
1.0
1.0
1.0
0.89715
1.0
0.9983473
1.0
0.99999845
1.0
1.0
1.0
1.0
1.0
1.0
1.0
1.0
0.999992
1.0
1.0
0.8625355
1.0
0.9999614
1.0
1.0
1.0
1.0
0.9999999
1.0
1.0
1.0
1.0
0.99986994
1.0
0.97382927
1.0
0.99999905
0.9977285
1.0
1.0
1.0
1.0
1.0
1.0
0.9999914
1.0
0.9999999
0.9993568
1.0
1.0
1.0
1.0
1.0
1.0
1.0
1.0
1.0
0.9999937
1.0
0.9999995
1.0
1.0
0.99999976
1.0
0.9999448
1.0
0.99999976
1.0
1.0
1.0
1.0
1.0
0.99999785
1.0
1.0
1.0
0.86629194
1.0
1.0
0.374899
1.0
1.0
0.9999993
1.0
1.0
0.9999976
1.0
1.0
0.9999995
1.0
1.0
1.0
1.0
0.9999999
1.0
0.9999771
1.0
0.99999976
1.0
1.0
1.0
1.0
0.9999989
1.0
1.0
1.0
1.0
1.0
1.0
1.0
1.0
1.0
1.0
1.0
1.0
1.0
1.0
1.0
1.0
0.99716765
1.0
1.0
1.0
1.0
1.0
1.0
0.9999999
1.0
0.9999502
1.0
1.0
1.0
0.97835857
1.0
1.0
1.0
1.0
1.0
1.0
1.0
1.0
1.0
1.0
1.0
1.0
1.0
1.0
1.0
1.0
1.0
0.9999987
1.0
0.99987686
1.0
1.0
1.0
1.0
1.0
1.0
1.0
1.0
1.0
1.0
1.0
1.0
0.9998971
0.9999999
0.91261464
1.0
0.9999205
1.0
1.0
0.99999464
1.0
1.0
1.0
0.99999857
0.99998
1.0
1.0
1.0
1.0
1.0
1.0
1.0
1.0
1.0
1.0
0.9999999
1.0
1.0
1.0
1.0
0.9999995
0.760933
0.9999962
1.0
0.99999475
1.0
1.0
1.0
1.0
0.99972767
1.0
0.99999964
1.0
1.0
1.0
1.0
0.9999999
0.99999976
0.9995276
1.0
0.9999999
0.9999989
1.0
1.0
1.0
1.0
1.0
1.0
0.9999889
1.0
0.9999944
1.0
1.0
0.99997556
0.9999969
1.0
1.0
1.0
1.0
1.0
0.99712104
1.0
1.0
1.0
1.0
0.9999999
1.0
1.0
0.9998266
1.0
0.99234605
0.99999857
0.9999999
1.0
1.0
0.99999917
1.0
1.0
1.0
1.0
0.98689646
1.0
0.9999999
0.99999654
0.99999726
1.0
1.0
1.0
1.0
1.0
0.9999999
1.0
1.0
1.0
1.0
1.0
1.0
1.0
1.0
1.0
0.99999845
1.0
1.0
0.9999999
1.0
0.99998784
0.9999994
1.0
1.0
1.0
1.0
1.0
1.0
1.0
1.0
1.0
0.99362046
1.0
0.99505025
1.0
1.0
1.0
1.0
1.0
0.99999654
1.0
1.0
0.99999917
0.99962413
1.0
0.9999999
0.760628
1.0
1.0
1.0
1.0
1.0
1.0
1.0
1.0
1.0
0.9999999
1.0
1.0
1.0
1.0
0.99999976
1.0
1.0
1.0
1.0
1.0
0.9999951
0.99999964
1.0
0.99999964
1.0
1.0
1.0
1.0
1.0
1.0
1.0
1.0
0.9999962
1.0
1.0
1.0
1.0
0.9999999
0.9999999
1.0
1.0
1.0
1.0
1.0
0.9999999
0.9999989
0.9999974
0.9997938
1.0
1.0
1.0
1.0
1.0
1.0
1.0
0.9999999
1.0
1.0
1.0
1.0
1.0
0.9998629
1.0
1.0
1.0
1.0
1.0
0.99999857
1.0
0.99999607
1.0
1.0
1.0
0.9999999
1.0
0.99999964
1.0
0.99999654
1.0
0.9999999
0.9999999
1.0
1.0
1.0
0.9986325
1.0
1.0
1.0
1.0
1.0
1.0
0.9999999
0.9999999
1.0
1.0
0.9999994
1.0
0.9758202
1.0
0.9999999
1.0
0.9999964
1.0
0.9999999
1.0
1.0
0.9999963
1.0
1.0
1.0
1.0
1.0
1.0
0.9999994
0.9999975
1.0
1.0
0.9999999
1.0
1.0
0.99999666
1.0
0.99995935
1.0
1.0
1.0
0.99912983
1.0
0.9999325
1.0
1.0
1.0
0.999938
0.99999034
1.0
1.0
1.0
0.99999726
1.0
1.0
1.0
1.0
0.9999999
1.0
1.0
0.97829914
1.0
1.0
1.0
1.0
1.0
1.0
1.0
1.0
1.0
1.0
1.0
1.0
1.0
0.6510277
0.9999993
1.0
1.0
1.0
0.99999976
0.9999993
1.0
1.0
1.0
0.9956767
1.0
1.0
1.0
1.0
1.0
1.0
0.9990387
0.9997023
1.0
1.0
0.99971396
1.0
1.0
1.0
1.0
1.0
0.96462893
0.9999999
1.0
1.0
0.9999958
1.0
0.9954129
1.0
1.0
1.0
1.0
1.0
1.0
1.0
1.0
1.0
1.0
1.0
1.0
0.91765004
1.0
0.9999987
0.9999573
1.0
0.9234963
1.0
0.99999964
1.0
0.9999988
1.0
1.0
1.0
0.999997
1.0
0.9999993
0.9999982
1.0
1.0
1.0
1.0
1.0
0.99988556
1.0
0.99999833
1.0
1.0
1.0
1.0
0.99993694
0.9999994
0.9999738
1.0
1.0
1.0
1.0
1.0
1.0
1.0
1.0
1.0
1.0
1.0
0.99999976
1.0
0.99999714
0.99999917
0.9999999
1.0
0.9999999
1.0
1.0
1.0
1.0
1.0
1.0
1.0
1.0
1.0
1.0
0.99858415
1.0
1.0
1.0
1.0
0.99999917
0.99955004
1.0
1.0
1.0
1.0
0.9999981
1.0
1.0
1.0
0.9994473
0.99060047
1.0
1.0
0.99994826
1.0
1.0
1.0
1.0
0.99999976
0.97705543
1.0
1.0
1.0
1.0
0.99999714
1.0
1.0
0.9999995
1.0
1.0
0.99998474
1.0
0.9996257
1.0
0.9999995
1.0
0.99999976
1.0
1.0
1.0
1.0
0.9999989
1.0
0.9999999
1.0
1.0
1.0
1.0
1.0
0.99999964
0.9992999
0.9999987
1.0
0.9999368
1.0
0.9999765
1.0
1.0
0.9999981
1.0
1.0
1.0
1.0
0.9999999
1.0
1.0
1.0
1.0
1.0
0.9999963
1.0
0.9999975
1.0
1.0
0.99999976
0.9766092
1.0
1.0
1.0
0.9999995
1.0
1.0
0.9999999
0.9999225
0.99999976
0.9999999
1.0
0.99999964
1.0
0.99996305
1.0
1.0
1.0
0.99246514
1.0
1.0
1.0
1.0
1.0
0.9999883
1.0
0.9999988
1.0
1.0
0.9985316
1.0
1.0
1.0
1.0
1.0
0.9999999
1.0
1.0
0.99999714
1.0
1.0
1.0
1.0
1.0
1.0
1.0
1.0
1.0
1.0
1.0
1.0
1.0
0.9981603
1.0
0.9999999
1.0
1.0
0.9999993
1.0
1.0
1.0
1.0
0.9999988
0.9999999
0.99999833
1.0
0.99999964
1.0
1.0
0.9999993
1.0
1.0
0.9740349
0.9999913
1.0
0.84642357
1.0
1.0
1.0
0.9999287
0.9999453
1.0
0.83103204
1.0
1.0
1.0
0.9999815
1.0
1.0
1.0
1.0
1.0
1.0
1.0
0.9999957
1.0
1.0
1.0
1.0
1.0
1.0
1.0
1.0
0.9999999
1.0
1.0
1.0
1.0
1.0
0.9999994
1.0
0.91843474
1.0
1.0
1.0
0.9999956
1.0
1.0
0.99999475
1.0
1.0
1.0
0.9985739
0.99999917
1.0
1.0
0.99999
1.0
1.0
0.9999999
1.0
1.0
1.0
1.0
1.0
1.0
1.0
1.0
0.9999981
1.0
1.0
0.9999989
0.9999995
1.0
0.9999995
1.0
0.99163646
1.0
1.0
1.0
0.6008235
1.0
1.0
0.99905187
0.9999857
1.0
1.0
1.0
1.0
1.0
1.0
1.0
1.0
1.0
0.9999999
1.0
1.0
1.0
1.0
1.0
1.0
1.0
1.0
1.0
1.0
1.0
0.99951005
1.0
1.0
0.9999999
1.0
1.0
1.0
1.0
1.0
1.0
1.0
1.0
1.0
1.0
0.9723346
1.0
1.0
1.0
0.9999925
0.7402197
1.0
1.0
1.0
1.0
1.0
1.0
1.0
1.0
1.0
1.0
1.0
1.0
1.0
1.0
0.99999535
1.0
1.0
1.0
0.83162856
0.9999999
1.0
1.0
0.9999999
1.0
1.0
1.0
1.0
1.0
1.0
1.0
1.0
1.0
1.0
1.0
0.99999976
0.99999523
1.0
1.0
1.0
0.9999988
1.0
0.99998534
1.0
1.0
1.0
1.0
1.0
1.0
1.0
1.0
0.99999416
1.0
1.0
0.99999726
1.0
1.0
1.0
1.0
1.0
1.0
0.99998975
1.0
1.0
1.0
1.0
1.0
1.0
1.0
1.0
0.99857223
1.0
0.99999905
1.0
1.0
0.9999999
0.9999906
1.0
1.0
0.9614223
1.0
1.0
0.99999976
1.0
1.0
1.0
1.0
1.0
1.0
1.0
1.0
1.0
0.99999833
1.0
1.0
1.0
1.0
1.0
1.0
1.0
0.999972
1.0
1.0
1.0
0.99995995
1.0
1.0
1.0
1.0
0.9999994
1.0
0.9999919
1.0
1.0
1.0
1.0
1.0
1.0
1.0
0.9999981
0.9853338
0.9999999
1.0
0.99998426
1.0
1.0
1.0
1.0
1.0
1.0
1.0
0.999979
1.0
1.0
1.0
1.0
1.0
1.0
1.0
0.9997377
1.0
0.99784815
1.0
0.9999988
1.0
1.0
1.0
1.0
1.0
1.0
1.0
1.0
1.0
1.0
1.0
1.0
1.0
1.0
1.0
1.0
1.0
1.0
1.0
0.9991345
1.0
1.0
1.0
1.0
0.9999999
0.9999993
1.0
1.0
1.0
1.0
1.0
1.0
1.0
1.0
0.9999846
1.0
1.0
1.0
1.0
1.0
1.0
1.0
1.0
0.9948782
0.9999982
1.0
1.0
1.0
1.0
1.0
0.9727121
0.9999999
0.99999416
1.0
1.0
0.9999995
1.0
1.0
1.0
0.9916187
1.0
1.0
0.99999845
1.0
0.99999976
1.0
1.0
1.0
1.0
1.0
0.9999999
1.0
1.0
0.9984164
0.9664974
1.0
1.0
1.0
1.0
1.0
1.0
0.9999999
0.9999999
1.0
1.0
1.0
1.0
1.0
1.0
1.0
1.0
1.0
1.0
0.99999297
1.0
1.0
0.88673425
0.99963343
1.0
0.9999988
1.0
1.0
1.0
1.0
1.0
1.0
1.0
1.0
1.0
1.0
0.998609
1.0
0.99999976
0.99999905
1.0
0.99857116
0.99997747
1.0
0.999995
1.0
1.0
1.0
0.9960109
0.999998
0.9999995
1.0
0.99999976
1.0
1.0
1.0
1.0
1.0
1.0
0.9999999
0.99999976
1.0
1.0
1.0
0.9999995
1.0
1.0
1.0
1.0
1.0
1.0
0.99999654
1.0
0.999143
1.0
1.0
1.0
0.99999654
1.0
1.0
0.99999785
1.0
1.0
0.99999905
1.0
1.0
0.99999845
1.0
1.0
1.0
1.0
0.9999993
1.0
1.0
1.0
1.0
0.9999989
1.0
1.0
1.0
1.0
0.9999918
1.0
1.0
0.9998311
0.9997794
1.0
1.0
1.0
1.0
1.0
1.0
0.9999205
0.9999089
0.9999362
1.0
1.0
1.0
0.55236214
1.0
1.0
0.99999976
1.0
1.0
1.0
1.0
1.0
1.0
0.9997794
1.0
0.9999993
1.0
1.0
0.9999999
1.0
1.0
1.0
1.0
1.0
1.0
0.99986136
1.0
1.0
1.0
1.0
1.0
0.9999989
1.0
1.0
1.0
1.0
0.99999857
0.9993981
1.0
1.0
1.0
1.0
0.99999976
1.0
0.9999045
1.0
1.0
1.0
1.0
1.0
1.0
1.0
1.0
0.9999999
1.0
0.99999976
1.0
1.0
1.0
1.0
1.0
1.0
1.0
1.0
1.0
1.0
1.0
1.0
1.0
1.0
1.0
1.0
1.0
1.0
1.0
1.0
1.0
1.0
1.0
1.0
1.0
1.0
1.0
1.0
1.0
1.0
1.0
1.0
1.0
1.0
1.0
1.0
1.0
0.9999995
1.0
1.0
1.0
1.0
0.9999999
1.0
1.0
1.0
1.0
1.0
1.0
1.0
1.0
1.0
1.0
1.0
1.0
1.0
1.0
1.0
0.9999999
0.9999937
1.0
1.0
1.0
1.0
1.0
0.99999976
1.0
1.0
1.0
1.0
1.0
1.0
1.0
1.0
1.0
1.0
0.99999976
1.0
1.0
1.0
1.0
1.0
1.0
1.0
1.0
1.0
1.0
1.0
1.0
1.0
1.0
1.0
1.0
1.0
1.0
1.0
1.0
1.0
1.0
1.0
1.0
1.0
1.0
1.0
1.0
0.99999976
1.0
1.0
1.0
1.0
1.0
1.0
1.0
1.0
1.0
1.0
1.0
1.0
0.99990046
1.0
1.0
1.0
1.0
1.0
1.0
1.0
1.0
1.0
1.0
1.0
1.0
0.99992263
1.0
1.0
1.0
1.0
1.0
1.0
1.0
1.0
1.0
1.0
1.0
1.0
1.0
1.0
1.0
1.0
1.0
1.0
0.8436893
1.0
1.0
1.0
1.0
1.0
0.9960167
1.0
1.0
1.0
1.0
1.0
1.0
1.0
1.0
1.0
1.0
0.99999857
1.0
1.0
1.0
1.0
1.0
1.0
0.99999833
1.0
1.0
1.0
1.0
1.0
1.0
1.0
1.0
1.0
1.0
0.99999833
1.0
1.0
1.0
1.0
0.99909234
1.0
0.99603575
1.0
0.9999949
1.0
1.0
1.0
1.0
1.0
1.0
1.0
1.0
1.0
1.0
1.0
1.0
1.0
1.0
1.0
1.0
1.0
0.9999962
1.0
1.0
1.0
1.0
1.0
1.0
0.9961994
1.0
1.0
1.0
1.0
1.0
1.0
1.0
1.0
1.0
1.0
1.0
1.0
1.0
0.9999994
1.0
1.0
1.0
0.898229
1.0
1.0
1.0
1.0
1.0
1.0
1.0
1.0
1.0
1.0
1.0
1.0
1.0
1.0
0.9998443
1.0
1.0
1.0
0.9999877
1.0
1.0
0.99995553
1.0
1.0
1.0
1.0
1.0
1.0
1.0
1.0
1.0
0.9997253
1.0
1.0
1.0
1.0
1.0
1.0
1.0
1.0
1.0
0.9998398
1.0
1.0
1.0
1.0
1.0
1.0
1.0
1.0
1.0
0.9999999
1.0
1.0
1.0
1.0
1.0
1.0
1.0
1.0
1.0
1.0
1.0
1.0
1.0
1.0
1.0
1.0
1.0
1.0
1.0
1.0
1.0
1.0
1.0
1.0
1.0
1.0
1.0
1.0
1.0
1.0
1.0
1.0
0.9030721
1.0
1.0
1.0
1.0
1.0
1.0
1.0
1.0
1.0
1.0
1.0
1.0
1.0
1.0
1.0
1.0
1.0
1.0
1.0
1.0
1.0
1.0
1.0
1.0
1.0
1.0
1.0
1.0
1.0
1.0
1.0
1.0
1.0
1.0
1.0
1.0
1.0
1.0
1.0
1.0
1.0
1.0
1.0
1.0
1.0
1.0
1.0
1.0
1.0
1.0
1.0
1.0
1.0
1.0
1.0
1.0
1.0
1.0
1.0
1.0
1.0
1.0
0.9999999
1.0
1.0
1.0
1.0
1.0
1.0
1.0
1.0
1.0
1.0
1.0
1.0
1.0
1.0
0.9999995
1.0
1.0
1.0
1.0
1.0
1.0
0.99999905
1.0
1.0
1.0
1.0
1.0
1.0
1.0
1.0
1.0
1.0
1.0
1.0
1.0
1.0
1.0
1.0
1.0
1.0
1.0
1.0
1.0
1.0
1.0
1.0
1.0
1.0
1.0
1.0
1.0
1.0
1.0
1.0
0.9999888
0.99994016
1.0
1.0
1.0
1.0
1.0
1.0
0.9999387
1.0
1.0
1.0
1.0
1.0
1.0
1.0
1.0
1.0
1.0
1.0
1.0
1.0
1.0
1.0
1.0
1.0
1.0
1.0
1.0
1.0
1.0
1.0
1.0
1.0
1.0
1.0
1.0
1.0
1.0
1.0
1.0
1.0
1.0
1.0
1.0
1.0
1.0
1.0
1.0
1.0
1.0
1.0
1.0
1.0
1.0
1.0
1.0
1.0
1.0
1.0
1.0
1.0
1.0
1.0
1.0
1.0
1.0
1.0
1.0
1.0
0.99999857
1.0
1.0
0.9999968
1.0
1.0
1.0
1.0
1.0
1.0
1.0
1.0
1.0
1.0
1.0
1.0
1.0
0.9999999
1.0
1.0
1.0
1.0
1.0
1.0
1.0
1.0
1.0
0.9999999
0.9999994
1.0
1.0
1.0
1.0
1.0
1.0
1.0
1.0
0.9999994
1.0
1.0
1.0
1.0
0.99999297
1.0
1.0
0.9999745
1.0
1.0
1.0
1.0
1.0
1.0
1.0
1.0
0.9999999
1.0
1.0
1.0
1.0
0.9999999
1.0
0.9999999
1.0
1.0
0.99999857
1.0
1.0
0.9999404
1.0
1.0
1.0
1.0
1.0
1.0
1.0
0.9999999
1.0
1.0
1.0
1.0
1.0
0.99980766
0.9999999
1.0
1.0
1.0
1.0
1.0
0.99999964
1.0
1.0
1.0
1.0
1.0
1.0
1.0
1.0
1.0
1.0
1.0
1.0
1.0
1.0
1.0
0.9999974
1.0
1.0
0.9999999
1.0
1.0
1.0
1.0
1.0
1.0
1.0
0.9913769
1.0
0.9999994
0.99999976
1.0
0.99999917
1.0
1.0
0.99900913
1.0
1.0
1.0
1.0
1.0
1.0
0.9999987
1.0
1.0
1.0
0.9999999
0.9978613
0.99999654
1.0
1.0
1.0
1.0
1.0
1.0
1.0
1.0
0.99999964
1.0
1.0
1.0
1.0
1.0
1.0
1.0
1.0
1.0
1.0
1.0
0.9961748
0.9999993
0.9999943
1.0
1.0
1.0
1.0
0.99999976
1.0
1.0
1.0
1.0
1.0
1.0
1.0
1.0
1.0
1.0
1.0
1.0
1.0
1.0
1.0
1.0
1.0
1.0
1.0
0.9999999
1.0
1.0
1.0
1.0
1.0
0.9999976
1.0
1.0
1.0
1.0
0.9999999
1.0
1.0
1.0
1.0
0.9999993
0.99996674
1.0
1.0
1.0
1.0
1.0
1.0
1.0
1.0
1.0
1.0
0.9999995
0.99999976
1.0
0.99627954
0.99960536
0.99139225
1.0
1.0
1.0
1.0
1.0
1.0
0.99999964
1.0
0.99999785
1.0
1.0
1.0
0.99360716
1.0
1.0
0.9999064
1.0
1.0
1.0
1.0
1.0
1.0
1.0
1.0
1.0
1.0
1.0
1.0
1.0
1.0
1.0
1.0
0.9999999
1.0
1.0
1.0
1.0
1.0
1.0
1.0
1.0
0.99999976
1.0
1.0
1.0
1.0
1.0
1.0
1.0
1.0
1.0
1.0
1.0
1.0
1.0
1.0
1.0
1.0
1.0
1.0
1.0
1.0
1.0
1.0
0.9996043
0.9999964
1.0
1.0
1.0
1.0
0.99999976
1.0
1.0
1.0
1.0
1.0
1.0
1.0
1.0
1.0
1.0
1.0
1.0
1.0
1.0
1.0
1.0
1.0
1.0
1.0
0.9999945
0.99984133
1.0
1.0
1.0
1.0
0.9999999
1.0
0.99999654
1.0
1.0
1.0
1.0
1.0
1.0
0.9999999
1.0
1.0
1.0
1.0
1.0
1.0
1.0
1.0
1.0
1.0
1.0
1.0
1.0
1.0
1.0
1.0
1.0
1.0
1.0
1.0
1.0
1.0
1.0
1.0
1.0
1.0
1.0
1.0
1.0
1.0
1.0
1.0
1.0
1.0
0.9926242
1.0
1.0
1.0
1.0
1.0
1.0
1.0
0.99999976
1.0
0.9995383
0.98044544
1.0
0.99999976
1.0
1.0
1.0
1.0
1.0
1.0
1.0
1.0
1.0
1.0
1.0
1.0
1.0
1.0
1.0
0.999998
1.0
1.0
1.0
1.0
1.0
0.99999905
1.0
1.0
1.0
0.9999999
1.0
1.0
1.0
1.0
1.0
0.9999994
1.0
1.0
1.0
0.99997663
1.0
1.0
1.0
1.0
1.0
1.0
1.0
1.0
0.9999999
0.9771286
0.9993212
1.0
0.99997807
1.0
1.0
1.0
1.0
1.0
1.0
1.0
1.0
1.0
0.99999964
0.9999999
0.99999964
1.0
1.0
1.0
0.97869587
1.0
1.0
1.0
0.99997616
1.0
0.9999995
1.0
0.9999999
1.0
1.0
1.0
1.0
1.0
1.0
1.0
1.0
0.9999994
0.99999917
1.0
1.0
1.0
1.0
1.0
1.0
1.0
0.9886059
0.97033405
1.0
0.99999976
0.9999902
1.0
0.99999976
1.0
1.0
1.0
1.0
0.9999999
1.0
1.0
1.0
1.0
0.99892515
0.9999993
1.0
0.9999976
1.0
0.9999999
1.0
0.99999654
0.9999993
0.9999846
0.9999999
0.99999976
0.9999999
1.0
1.0
1.0
1.0
1.0
1.0
1.0
1.0
1.0
1.0
0.9999981
1.0
1.0
0.9999943
1.0
1.0
0.9998031
1.0
0.9999894
1.0
1.0
1.0
1.0
1.0
1.0
0.9995728
1.0
0.99999595
1.0
1.0
1.0
1.0
0.9999565
1.0
1.0
1.0
1.0
1.0
0.99999917
1.0
0.99999964
1.0
1.0
0.999998
0.9999999
1.0
1.0
1.0
1.0
0.9999994
1.0
1.0
1.0
1.0
1.0
0.99999833
1.0
1.0
1.0
1.0
1.0
0.9303237
1.0
1.0
1.0
1.0
1.0
1.0
1.0
1.0
1.0
0.9558373
1.0
1.0
1.0
1.0
1.0
1.0
1.0
1.0
1.0
0.515688
1.0
0.9999994
1.0
1.0
1.0
1.0
1.0
1.0
1.0
0.9999989
1.0
1.0
1.0
1.0
1.0
1.0
1.0
1.0
1.0
1.0
0.9990301
1.0
1.0
0.9999999
1.0
1.0
1.0
1.0
1.0
1.0
1.0
1.0
0.9999993
1.0
0.9999999
1.0
1.0
1.0
1.0
1.0
1.0
1.0
1.0
1.0
1.0
1.0
1.0
1.0
1.0
1.0
1.0
1.0
1.0
1.0
1.0
1.0
1.0
1.0
1.0
1.0
1.0
1.0
1.0
1.0
1.0
0.995492
1.0
1.0
1.0
0.9999845
1.0
1.0
1.0
1.0
0.98771983
1.0
0.99899286
1.0
1.0
1.0
0.91142815
0.80838305
1.0
1.0
1.0
1.0
1.0
1.0
1.0
1.0
1.0
1.0
1.0
1.0
1.0
1.0
1.0
1.0
1.0
1.0
1.0
1.0
1.0
1.0
1.0
1.0
1.0
1.0
1.0
1.0
1.0
1.0
1.0
1.0
1.0
1.0
1.0
1.0
1.0
1.0
1.0
1.0
1.0
1.0
1.0
1.0
1.0
1.0
1.0
1.0
1.0
1.0
1.0
1.0
1.0
1.0
1.0
1.0
1.0
1.0
1.0
1.0
1.0
1.0
1.0
1.0
1.0
1.0
1.0
1.0
1.0
1.0
1.0
1.0
1.0
1.0
1.0
1.0
1.0
1.0
1.0
1.0
1.0
1.0
1.0
1.0
1.0
1.0
1.0
1.0
1.0
1.0
1.0
1.0
1.0
1.0
1.0
1.0
1.0
1.0
1.0
1.0
1.0
1.0
1.0
1.0
1.0
1.0
1.0
1.0
1.0
1.0
1.0
1.0
1.0
1.0
1.0
1.0
1.0
1.0
1.0
1.0
1.0
1.0
1.0
1.0
1.0
1.0
1.0
1.0
1.0
1.0
1.0
1.0
1.0
1.0
1.0
1.0
1.0
1.0
1.0
1.0
1.0
1.0
1.0
1.0
1.0
1.0
1.0
1.0
1.0
1.0
1.0
1.0
1.0
1.0
1.0
1.0
1.0
1.0
1.0
1.0
1.0
1.0
1.0
1.0
1.0
1.0
1.0
1.0
1.0
1.0
1.0
1.0
1.0
0.9999999
1.0
1.0
1.0
1.0
1.0
1.0
1.0
1.0
1.0
1.0
1.0
1.0
1.0
1.0
1.0
1.0
1.0
1.0
1.0
1.0
1.0
1.0
1.0
1.0
1.0
1.0
1.0
1.0
0.99999976
1.0
1.0
1.0
1.0
1.0
1.0
1.0
1.0
1.0
1.0
1.0
1.0
1.0
1.0
1.0
1.0
0.9999957
1.0
1.0
1.0
1.0
1.0
1.0
0.9999995
0.9999999
1.0
1.0
1.0
1.0
1.0
1.0
0.99999976
1.0
0.9999999
0.99999905
1.0
1.0
1.0
1.0
1.0
1.0
1.0
1.0
0.9999994
1.0
1.0
1.0
1.0
1.0
0.9999472
1.0
0.9999999
1.0
1.0
1.0
1.0
1.0
1.0
1.0
1.0
1.0
1.0
1.0
1.0
1.0
1.0
1.0
1.0
1.0
1.0
1.0
1.0
1.0
1.0
1.0
1.0
1.0
1.0
1.0
1.0
1.0
1.0
1.0
1.0
1.0
1.0
1.0
1.0
1.0
1.0
1.0
1.0
1.0
1.0
0.99999976
1.0
1.0
1.0
1.0
1.0
1.0
1.0
1.0
0.99999785
1.0
1.0
1.0
1.0
1.0
1.0
1.0
1.0
1.0
1.0
1.0
1.0
1.0
1.0
0.9999994
1.0
1.0
1.0
1.0
1.0
1.0
1.0
1.0
1.0
0.98819494
1.0
1.0
1.0
1.0
1.0
1.0
1.0
1.0
1.0
1.0
1.0
1.0
1.0
1.0
1.0
1.0
1.0
1.0
1.0
1.0
1.0
1.0
1.0
1.0
1.0
1.0
0.99255776
1.0
1.0
1.0
1.0
1.0
0.99998367
1.0
0.9999995
1.0
1.0
1.0
0.9999981
1.0
0.9999995
1.0
1.0
1.0
1.0
1.0
1.0
0.9999999
0.9998826
0.55692625
1.0
0.99995625
0.99704957
0.99999833
0.9223149
0.99945337
1.0
1.0
1.0
0.99999964
1.0
1.0
0.99994254
0.999838
0.9999995
0.9409918
0.9999206
0.99999976
0.99998903
0.9999993
0.7665763
1.0
0.99886537
1.0
0.9999968
1.0
1.0
1.0
1.0
1.0
1.0
1.0
1.0
1.0
0.9999877
1.0
0.99874556
1.0
1.0
1.0
0.9999987
0.998252
0.9991524
0.99973005
1.0
1.0
0.9999999
0.9997898
1.0
0.9997706
1.0
1.0
0.9966878
1.0
0.9999994
1.0
1.0
0.9999846
0.9999994
0.99999917
1.0
0.9999964
0.99999976
1.0
1.0
0.99997604
0.99999774
0.99999964
1.0
0.9295805
1.0
0.9999995
0.9999995
1.0
1.0
0.9997991
0.9950563
1.0
1.0
1.0
1.0
1.0
1.0
1.0
1.0
1.0
1.0
1.0
1.0
0.9999999
1.0
1.0
1.0
1.0
1.0
0.9628593
1.0
1.0
1.0
1.0
1.0
1.0
1.0
1.0
1.0
0.9999988
0.9999999
1.0
1.0
1.0
1.0
1.0
1.0
1.0
1.0
1.0
0.9999988
1.0
1.0
1.0
1.0
1.0
1.0
1.0
1.0
1.0
1.0
1.0
1.0
1.0
1.0
1.0
0.9999989
1.0
1.0
0.9999993
1.0
1.0
0.99999964
1.0
1.0
1.0
1.0
1.0
1.0
1.0
1.0
1.0
1.0
1.0
0.9999933
1.0
1.0
1.0
1.0
1.0
1.0
1.0
1.0
1.0
1.0
1.0
1.0
1.0
1.0
0.9999896
1.0
1.0
1.0
0.9999999
1.0
1.0
1.0
1.0
1.0
1.0
1.0
1.0
1.0
1.0
1.0
1.0
1.0
1.0
0.99021846
0.9999988
1.0
1.0
0.9997677
1.0
1.0
0.99999845
1.0
0.9999999
1.0
1.0
1.0
1.0
1.0
0.9999045
0.99948394
1.0
1.0
1.0
1.0
1.0
1.0
1.0
1.0
1.0
1.0
1.0
0.99999666
0.99999833
1.0
1.0
1.0
1.0
1.0
1.0
1.0
1.0
1.0
1.0
0.99998736
1.0
0.9999999
0.53976357
0.9999999
1.0
1.0
1.0
1.0
1.0
1.0
1.0
1.0
1.0
1.0
1.0
0.9999962
1.0
1.0
1.0
1.0
1.0
1.0
1.0
1.0
1.0
0.99999964
0.99998987
1.0
1.0
1.0
0.9999999
1.0
1.0
1.0
1.0
1.0
0.9999975
0.99999976
1.0
1.0
1.0
1.0
1.0
1.0
1.0
1.0
1.0
1.0
1.0
1.0
1.0
1.0
1.0
1.0
1.0
1.0
1.0
1.0
1.0
1.0
0.9999995
1.0
1.0
1.0
1.0
1.0
0.999559
1.0
1.0
1.0
1.0
0.99999976
1.0
1.0
1.0
1.0
1.0
1.0
1.0
1.0
1.0
1.0
1.0
1.0
1.0
1.0
1.0
1.0
1.0
1.0
1.0
0.99999976
1.0
1.0
1.0
1.0
1.0
1.0
1.0
1.0
1.0
1.0
0.999548
1.0
1.0
1.0
1.0
1.0
1.0
1.0
1.0
1.0
1.0
0.9999981
0.99998546
1.0
1.0
1.0
1.0
1.0
1.0
1.0
1.0
1.0
1.0
0.9999993
1.0
1.0
1.0
0.99998593
1.0
1.0
1.0
1.0
1.0
1.0
1.0
1.0
0.99999917
1.0
1.0
1.0
1.0
1.0
0.99999964
0.9999995
1.0
1.0
1.0
1.0
1.0
1.0
1.0
1.0
1.0
1.0
1.0
1.0
1.0
1.0
1.0
1.0
1.0
1.0
0.99993527
1.0
1.0
1.0
1.0
1.0
1.0
1.0
1.0
0.9999846
1.0
1.0
1.0
1.0
1.0
1.0
1.0
1.0
1.0
0.9999999
1.0
1.0
1.0
1.0
1.0
1.0
0.9999999
1.0
1.0
1.0
1.0
1.0
1.0
1.0
1.0
1.0
0.99999976
1.0
1.0
1.0
1.0
1.0
1.0
1.0
1.0
1.0
1.0
1.0
1.0
1.0
1.0
1.0
1.0
1.0
1.0
1.0
1.0
1.0
1.0
1.0
1.0
1.0
1.0
1.0
1.0
1.0
1.0
1.0
1.0
1.0
1.0
1.0
1.0
1.0
1.0
1.0
1.0
1.0
1.0
1.0
1.0
1.0
1.0
1.0
1.0
0.99999976
1.0
1.0
1.0
1.0
1.0
1.0
1.0
1.0
1.0
1.0
1.0
1.0
1.0
1.0
1.0
1.0
1.0
1.0
0.99968064
1.0
1.0
1.0
1.0
0.9999758
1.0
1.0
1.0
1.0
1.0
1.0
1.0
1.0
1.0
0.99999845
1.0
1.0
1.0
1.0
1.0
1.0
0.99999964
1.0
1.0
1.0
1.0
1.0
1.0
1.0
1.0
1.0
1.0
1.0
1.0
1.0
1.0
1.0
1.0
1.0
1.0
1.0
1.0
1.0
1.0
0.9999924
1.0
1.0
1.0
1.0
1.0
1.0
1.0
1.0
1.0
1.0
1.0
1.0
1.0
1.0
1.0
1.0
1.0
1.0
1.0
1.0
0.9999989
1.0
1.0
1.0
1.0
1.0
0.9996258
1.0
1.0
1.0
1.0
1.0
1.0
1.0
1.0
1.0
1.0
1.0
1.0
1.0
0.9999933
1.0
1.0
1.0
1.0
1.0
1.0
1.0
1.0
1.0
1.0
1.0
1.0
1.0
1.0
1.0
1.0
1.0
1.0
0.9999871
1.0
1.0
1.0
1.0
1.0
1.0
1.0
1.0
1.0
1.0
1.0
1.0
1.0
1.0
1.0
1.0
1.0
1.0
1.0
1.0
1.0
1.0
1.0
1.0
0.9999989
1.0
1.0
1.0
1.0
1.0
1.0
1.0
1.0
1.0
1.0
1.0
1.0
1.0
1.0
1.0
1.0
1.0
1.0
0.9992673
1.0
1.0
1.0
1.0
1.0
1.0
1.0
1.0
1.0
0.999951
1.0
0.9999987
1.0
0.9999993
1.0
1.0
1.0
0.9919803
0.9999999
1.0
1.0
0.99999034
1.0
1.0
1.0
1.0
1.0
1.0
1.0
1.0
1.0
1.0
1.0
1.0
0.9999999
1.0
0.99971014
1.0
1.0
1.0
1.0
0.9999987
1.0
1.0
1.0
1.0
1.0
1.0
1.0
1.0
0.9999958
1.0
1.0
1.0
1.0
1.0
1.0
1.0
1.0
0.99999833
0.99999976
1.0
1.0
1.0
1.0
1.0
1.0
1.0
0.9999999
0.99999964
1.0
1.0
1.0
1.0
1.0
1.0
1.0
1.0
1.0
0.99999964
1.0
1.0
1.0
1.0
1.0
1.0
1.0
1.0
1.0
1.0
1.0
1.0
1.0
1.0
1.0
1.0
1.0
1.0
1.0
1.0
1.0
1.0
1.0
1.0
1.0
0.9999999
1.0
1.0
1.0
1.0
0.9999999
1.0
1.0
1.0
1.0
1.0
1.0
1.0
1.0
1.0
1.0
1.0
1.0
1.0
1.0
1.0
1.0
1.0
1.0
1.0
1.0
1.0
1.0
1.0
1.0
1.0
1.0
1.0
1.0
1.0
1.0
1.0
1.0
1.0
1.0
1.0
1.0
1.0
1.0
1.0
0.99999976
1.0
1.0
1.0
1.0
0.9999999
1.0
1.0
1.0
1.0
1.0
1.0
1.0
1.0
1.0
1.0
1.0
1.0
1.0
1.0
1.0
1.0
1.0
1.0
1.0
1.0
1.0
1.0
1.0
1.0
1.0
1.0
1.0
1.0
1.0
0.99999833
1.0
1.0
1.0
1.0
1.0
1.0
1.0
1.0
1.0
1.0
1.0
1.0
1.0
1.0
1.0
1.0
1.0
1.0
0.9999999
0.99999785
1.0
1.0
1.0
1.0
1.0
1.0
1.0
1.0
0.9999981
1.0
1.0
1.0
1.0
1.0
1.0
1.0
1.0
1.0
1.0
1.0
1.0
1.0
0.99999845
1.0
1.0
1.0
0.9999999
0.9999192
0.9999999
0.9992342
1.0
1.0
1.0
1.0
1.0
1.0
0.99839586
1.0
1.0
1.0
1.0
1.0
1.0
1.0
1.0
1.0
0.9997838
1.0
1.0
1.0
1.0
1.0
0.9999987
1.0
1.0
1.0
0.9999901
1.0
1.0
1.0
1.0
1.0
1.0
1.0
1.0
1.0
1.0
0.9998808
0.99998033
1.0
1.0
0.9999939
1.0
1.0
1.0
1.0
1.0
0.99999976
0.99999976
1.0
1.0
1.0
1.0
1.0
1.0
0.9999999
0.99999857
0.9999716
1.0
1.0
1.0
1.0
1.0
0.99997795
1.0
1.0
1.0
1.0
0.99999905
1.0
0.9999988
1.0
1.0
1.0
1.0
1.0
0.99999976
1.0
1.0
0.99999964
1.0
1.0
1.0
1.0
1.0
1.0
1.0
1.0
1.0
1.0
1.0
1.0
1.0
1.0
1.0
1.0
1.0
1.0
1.0
1.0
1.0
1.0
1.0
1.0
1.0
1.0
1.0
1.0
1.0
1.0
1.0
1.0
1.0
1.0
1.0
1.0
1.0
1.0
1.0
1.0
1.0
1.0
1.0
1.0
1.0
1.0
1.0
1.0
1.0
1.0
0.9999999
1.0
1.0
1.0
0.99999976
1.0
1.0
1.0
0.99999964
0.9999162
1.0
1.0
1.0
1.0
1.0
0.9999999
1.0
1.0
1.0
1.0
1.0
1.0
1.0
1.0
1.0
1.0
1.0
1.0
1.0
1.0
1.0
1.0
1.0
1.0
1.0
1.0
1.0
1.0
1.0
1.0
1.0
0.9999994
1.0
1.0
1.0
1.0
1.0
1.0
1.0
1.0
1.0
1.0
1.0
1.0
0.99993
1.0
1.0
1.0
1.0
1.0
1.0
1.0
0.9999982
1.0
1.0
1.0
1.0
1.0
1.0
1.0
1.0
1.0
1.0
0.9999989
1.0
1.0
0.99999976
1.0
1.0
1.0
1.0
1.0
1.0
1.0
1.0
1.0
0.99999154
1.0
1.0
1.0
1.0
1.0
1.0
1.0
1.0
1.0
1.0
1.0
1.0
1.0
1.0
1.0
1.0
1.0
1.0
1.0
0.9999994
0.99997604
1.0
1.0
1.0
1.0
1.0
1.0
0.9999999
0.9999999
1.0
1.0
0.9999995
1.0
1.0
1.0
1.0
1.0
1.0
1.0
1.0
1.0
1.0
1.0
1.0
1.0
0.99999976
1.0
1.0
1.0
1.0
1.0
1.0
1.0
1.0
1.0
1.0
1.0
1.0
1.0
1.0
1.0
1.0
1.0
1.0
1.0
1.0
1.0
1.0
0.99999964
1.0
1.0
1.0
1.0
1.0
1.0
1.0
0.9999999
1.0
1.0
1.0
0.9999993
1.0
1.0
0.99999547
1.0
1.0
1.0
1.0
1.0
1.0
1.0
1.0
1.0
1.0
1.0
1.0
1.0
1.0
1.0
1.0
1.0
1.0
1.0
1.0
1.0
1.0
1.0
1.0
1.0
1.0
1.0
1.0
1.0
1.0
1.0
1.0
1.0
1.0
1.0
1.0
1.0
1.0
1.0
1.0
1.0
1.0
1.0
1.0
1.0
1.0
1.0
1.0
1.0
1.0
1.0
1.0
1.0
1.0
1.0
1.0
1.0
1.0
1.0
1.0
1.0
0.9999999
1.0
1.0
0.9999951
1.0
1.0
1.0
1.0
1.0
1.0
1.0
1.0
1.0
1.0
1.0
0.99999034
0.99999976
1.0
1.0
1.0
1.0
1.0
1.0
1.0
0.9999994
1.0
1.0
1.0
1.0
1.0
1.0
1.0
1.0
1.0
1.0
1.0
1.0
1.0
1.0
1.0
1.0
1.0
0.99999154
1.0
1.0
0.99999976
1.0
1.0
0.9999999
1.0
0.9999994
1.0
0.9998179
1.0
0.9999771
1.0
1.0
1.0
1.0
0.99998665
1.0
1.0
0.9999999
0.99998415
1.0
1.0
1.0
1.0
1.0
1.0
1.0
1.0
1.0
1.0
1.0
1.0
1.0
1.0
1.0
1.0
1.0
1.0
1.0
1.0
1.0
1.0
1.0
1.0
1.0
1.0
1.0
1.0
1.0
1.0
1.0
1.0
1.0
1.0
1.0
1.0
1.0
1.0
0.999995
1.0
1.0
0.9999182
1.0
1.0
1.0
1.0
1.0
1.0
1.0
1.0
1.0
1.0
1.0
1.0
0.99999726
1.0
1.0
0.99999976
1.0
1.0
0.99989176
1.0
1.0
1.0
1.0
1.0
0.99999595
0.9999894
1.0
1.0
1.0
1.0
1.0
0.9999999
1.0
1.0
1.0
1.0
1.0
1.0
1.0
1.0
1.0
1.0
1.0
1.0
1.0
1.0
1.0
1.0
1.0
1.0
1.0
1.0
1.0
1.0
1.0
1.0
1.0
1.0
1.0
1.0
1.0
0.99999976
1.0
1.0
1.0
1.0
1.0
1.0
0.9998223
1.0
1.0
1.0
1.0
1.0
1.0
0.9999993
1.0
1.0
1.0
1.0
1.0
1.0
0.99999917
0.9999999
1.0
1.0
1.0
0.9999925
0.9999894
1.0
1.0
1.0
1.0
1.0
1.0
1.0
0.99999964
0.99999976
1.0
1.0
1.0
1.0
1.0
1.0
1.0
0.9999999
1.0
1.0
1.0
1.0
1.0
1.0
1.0
1.0
1.0
1.0
1.0
0.99999905
1.0
1.0
1.0
1.0
1.0
1.0
1.0
1.0
1.0
1.0
1.0
1.0
1.0
1.0
1.0
1.0
1.0
1.0
1.0
1.0
1.0
1.0
1.0
1.0
1.0
1.0
0.99999976
1.0
1.0
1.0
1.0
1.0
1.0
1.0
1.0
1.0
1.0
1.0
0.9962698
1.0
0.990384
1.0
1.0
0.99999666
0.99999964
1.0
1.0
1.0
0.99996257
1.0
0.99994755
1.0
1.0
1.0
0.9999994
1.0
1.0
0.99999964
0.99999976
1.0
0.9997944
1.0
1.0
0.9999999
1.0
1.0
1.0
1.0
1.0
1.0
0.99999964
0.99757355
0.99999976
0.9759769
0.9994393
1.0
1.0
1.0
1.0
1.0
1.0
0.99999666
1.0
0.9999989
0.9999957
0.99999034
0.9999999
1.0
1.0
0.9999813
1.0
1.0
1.0
1.0
1.0
1.0
1.0
1.0
1.0
1.0
1.0
1.0
1.0
1.0
1.0
1.0
1.0
0.999853
1.0
1.0
1.0
1.0
1.0
1.0
1.0
1.0
1.0
1.0
1.0
1.0
1.0
1.0
1.0
1.0
1.0
1.0
1.0
1.0
1.0
1.0
0.99999964
1.0
1.0
1.0
1.0
1.0
1.0
1.0
1.0
1.0
1.0
1.0
1.0
1.0
0.9999999
1.0
1.0
1.0
1.0
1.0
1.0
1.0
1.0
1.0
1.0
1.0
1.0
1.0
1.0
1.0
0.9999926
0.9999919
0.99999976
0.99999595
1.0
1.0
1.0
1.0
1.0
1.0
1.0
1.0
1.0
1.0
1.0
0.99999356
1.0
1.0
1.0
1.0
1.0
1.0
0.9999999
1.0
1.0
1.0
1.0
1.0
1.0
1.0
1.0
1.0
1.0
1.0
1.0
1.0
1.0
1.0
1.0
1.0
1.0
1.0
1.0
1.0
1.0
1.0
1.0
0.9999999
1.0
1.0
1.0
1.0
1.0
1.0
1.0
1.0
1.0
1.0
1.0
1.0
1.0
1.0
0.99999976
0.99999964
1.0
0.9938964
1.0
1.0
1.0
1.0
1.0
1.0
1.0
0.99999964
0.9999994
0.99999976
1.0
1.0
0.9999423
1.0
1.0
0.9999999
1.0
1.0
1.0
1.0
1.0
1.0
1.0
1.0
1.0
1.0
0.996856
1.0
1.0
1.0
0.99999964
0.99999726
0.99999094
1.0
1.0
0.9999999
1.0
1.0
1.0
0.99999845
0.99910295
0.9999993
1.0
1.0
1.0
1.0
1.0
1.0
1.0
1.0
1.0
1.0
1.0
1.0
1.0
1.0
1.0
1.0
1.0
1.0
1.0
1.0
1.0
1.0
0.9976209
1.0
1.0
1.0
0.9999999
0.52728826
0.9999999
1.0
0.9999999
0.9999914
1.0
0.9999963
0.9999994
1.0
0.9983987
0.9948703
1.0
1.0
1.0
1.0
1.0
0.999912
1.0
0.9999989
1.0
1.0
1.0
1.0
0.9999999
1.0
1.0
1.0
1.0
1.0
1.0
1.0
1.0
1.0
1.0
1.0
1.0
1.0
1.0
1.0
1.0
1.0
1.0
1.0
1.0
1.0
1.0
1.0
1.0
1.0
1.0
1.0
1.0
1.0
1.0
1.0
1.0
1.0
1.0
0.99999917
0.9999995
0.99999046
1.0
1.0
1.0
1.0
1.0
0.9980877
0.9999995
1.0
1.0
1.0
1.0
0.9999999
0.9999994
1.0
1.0
1.0
1.0
1.0
1.0
1.0
1.0
1.0
1.0
1.0
1.0
1.0
1.0
1.0
1.0
0.99964154
1.0
0.5472189
1.0
0.9999999
1.0
1.0
1.0
1.0
1.0
1.0
1.0
1.0
1.0
1.0
1.0
1.0
1.0
1.0
1.0
0.9999995
1.0
1.0
1.0
1.0
1.0
1.0
1.0
1.0
1.0
1.0
1.0
1.0
1.0
1.0
1.0
0.9999999
1.0
1.0
1.0
1.0
1.0
1.0
1.0
1.0
1.0
1.0
1.0
1.0
1.0
1.0
1.0
1.0
0.99999976
1.0
1.0
1.0
1.0
1.0
1.0
1.0
1.0
1.0
1.0
1.0
1.0
1.0
1.0
1.0
1.0
1.0
1.0
1.0
1.0
1.0
1.0
1.0
1.0
1.0
1.0
1.0
1.0
1.0
1.0
1.0
1.0
1.0
1.0
1.0
1.0
1.0
0.99999964
1.0
1.0
1.0
1.0
0.9999939
1.0
0.9999989
1.0
1.0
1.0
0.9999702
0.9999925
0.9999999
1.0
1.0
1.0
1.0
1.0
1.0
1.0
1.0
0.99504673
0.9760291
1.0
1.0
0.99993145
0.9999999
1.0
1.0
0.59502816
1.0
1.0
0.9999999
1.0
1.0
1.0
1.0
1.0
1.0
1.0
1.0
0.99999976
1.0
1.0
1.0
1.0
1.0
1.0
1.0
1.0
1.0
1.0
1.0
1.0
1.0
1.0
1.0
1.0
1.0
1.0
1.0
1.0
1.0
1.0
1.0
1.0
1.0
1.0
1.0
1.0
1.0
1.0
1.0
1.0
1.0
1.0
1.0
1.0
1.0
1.0
1.0
1.0
1.0
1.0
1.0
1.0
0.99978095
1.0
1.0
1.0
1.0
1.0
1.0
1.0
1.0
1.0
1.0
1.0
1.0
1.0
1.0
1.0
1.0
1.0
1.0
1.0
1.0
1.0
1.0
0.9999999
1.0
1.0
1.0
1.0
1.0
1.0
1.0
1.0
1.0
1.0
1.0
1.0
1.0
1.0
1.0
0.9999999
1.0
1.0
1.0
1.0
1.0
1.0
1.0
1.0
1.0
1.0
1.0
1.0
1.0
0.9999999
1.0
1.0
1.0
1.0
1.0
1.0
1.0
1.0
1.0
1.0
1.0
1.0
1.0
1.0
1.0
1.0
1.0
1.0
1.0
1.0
1.0
1.0
1.0
1.0
1.0
1.0
1.0
1.0
1.0
1.0
1.0
1.0
1.0
1.0
1.0
1.0
1.0
1.0
1.0
1.0
1.0
1.0
1.0
1.0
1.0
1.0
1.0
1.0
1.0
1.0
1.0
1.0
1.0
1.0
1.0
1.0
1.0
1.0
1.0
1.0
1.0
1.0
1.0
1.0
1.0
1.0
1.0
1.0
1.0
1.0
1.0
1.0
1.0
1.0
1.0
1.0
1.0
1.0
1.0
1.0
1.0
1.0
1.0
1.0
1.0
1.0
1.0
1.0
1.0
1.0
1.0
1.0
1.0
1.0
1.0
1.0
1.0
1.0
1.0
1.0
0.9999875
1.0
1.0
1.0
0.9999999
1.0
1.0
1.0
1.0
1.0
1.0
1.0
1.0
1.0
1.0
1.0
1.0
1.0
1.0
1.0
1.0
1.0
1.0
1.0
1.0
1.0
1.0
1.0
1.0
1.0
1.0
1.0
1.0
1.0
1.0
1.0
1.0
1.0
1.0
1.0
1.0
1.0
1.0
1.0
1.0
1.0
1.0
1.0
1.0
1.0
1.0
1.0
1.0
1.0
1.0
1.0
1.0
1.0
1.0
1.0
1.0
1.0
1.0
1.0
1.0
1.0
1.0
1.0
0.9999993
1.0
1.0
1.0
1.0
1.0
1.0
1.0
1.0
1.0
1.0
1.0
1.0
1.0
1.0
1.0
1.0
1.0
1.0
1.0
1.0
1.0
1.0
1.0
1.0
1.0
1.0
1.0
1.0
1.0
1.0
1.0
1.0
1.0
1.0
1.0
1.0
1.0
1.0
1.0
1.0
1.0
1.0
1.0
1.0
1.0
1.0
1.0
1.0
1.0
1.0
1.0
1.0
1.0
1.0
1.0
1.0
1.0
1.0
1.0
1.0
1.0
1.0
1.0
1.0
1.0
1.0
1.0
1.0
1.0
1.0
1.0
1.0
1.0
1.0
1.0
0.9999603
1.0
1.0
1.0
1.0
0.9999999
1.0
1.0
1.0
1.0
1.0
1.0
1.0
1.0
1.0
1.0
1.0
1.0
1.0
1.0
1.0
1.0
1.0
1.0
1.0
1.0
1.0
1.0
1.0
1.0
1.0
0.9999988
1.0
1.0
1.0
1.0
1.0
1.0
1.0
1.0
1.0
1.0
1.0
1.0
1.0
1.0
1.0
1.0
1.0
1.0
1.0
1.0
1.0
1.0
1.0
1.0
1.0
1.0
1.0
1.0
1.0
1.0
0.9999999
1.0
1.0
1.0
1.0
1.0
1.0
1.0
1.0
1.0
1.0
1.0
1.0
1.0
1.0
1.0
1.0
1.0
1.0
1.0
1.0
1.0
1.0
1.0
1.0
1.0
1.0
1.0
1.0
1.0
1.0
1.0
1.0
1.0
1.0
1.0
1.0
1.0
1.0
1.0
1.0
1.0
1.0
1.0
1.0
1.0
1.0
1.0
1.0
1.0
1.0
1.0
1.0
1.0
0.9999999
1.0
1.0
1.0
1.0
1.0
1.0
0.9999999
1.0
1.0
1.0
0.99997854
0.99999905
1.0
0.9999758
1.0
0.9999999
0.999223
0.99998164
0.99999857
1.0
0.9893846
1.0
1.0
1.0
1.0
0.9998387
0.99999976
1.0
1.0
0.9999999
1.0
1.0
1.0
1.0
1.0
1.0
1.0
0.9999907
1.0
1.0
0.9999999
1.0
1.0
1.0
0.9999999
0.99999976
0.9999994
1.0
1.0
1.0
1.0
1.0
0.99999404
1.0
1.0
1.0
1.0
1.0
0.99955887
1.0
1.0
1.0
1.0
1.0
1.0
1.0
1.0
1.0
1.0
1.0
0.9999696
1.0
0.9992667
1.0
1.0
1.0
1.0
1.0
1.0
1.0
1.0
1.0
1.0
1.0
1.0
1.0
1.0
1.0
1.0
1.0
1.0
1.0
1.0
1.0
1.0
1.0
1.0
1.0
1.0
1.0
1.0
1.0
1.0
1.0
1.0
1.0
1.0
1.0
1.0
1.0
1.0
0.99999845
1.0
1.0
1.0
1.0
1.0
1.0
1.0
1.0
1.0
1.0
1.0
1.0
0.9999994
1.0
1.0
1.0
1.0
1.0
1.0
1.0
1.0
1.0
1.0
1.0
1.0
1.0
1.0
1.0
1.0
1.0
1.0
1.0
1.0
1.0
1.0
1.0
1.0
1.0
1.0
1.0
1.0
1.0
1.0
1.0
1.0
1.0
1.0
0.99998677
1.0
1.0
1.0
1.0
1.0
1.0
0.9999999
1.0
1.0
1.0
1.0
0.9999943
1.0
1.0
1.0
1.0
1.0
1.0
1.0
1.0
1.0
1.0
1.0
1.0
1.0
1.0
1.0
1.0
1.0
1.0
1.0
1.0
1.0
1.0
1.0
1.0
1.0
1.0
1.0
1.0
1.0
1.0
1.0
1.0
1.0
1.0
1.0
1.0
1.0
1.0
1.0
0.9999995
1.0
1.0
1.0
1.0
1.0
1.0
1.0
1.0
1.0
1.0
1.0
1.0
1.0
1.0
0.99999464
1.0
1.0
1.0
1.0
1.0
1.0
1.0
1.0
1.0
1.0
1.0
1.0
1.0
1.0
1.0
1.0
1.0
1.0
1.0
1.0
1.0
1.0
1.0
1.0
1.0
1.0
0.99999964
1.0
1.0
1.0
1.0
1.0
1.0
0.99999976
1.0
1.0
1.0
1.0
1.0
1.0
1.0
1.0
1.0
1.0
1.0
1.0
1.0
1.0
1.0
1.0
1.0
1.0
1.0
1.0
0.9991399
1.0
1.0
1.0
1.0
1.0
1.0
1.0
1.0
1.0
1.0
1.0
1.0
1.0
1.0
1.0
1.0
1.0
1.0
1.0
1.0
1.0
1.0
1.0
1.0
1.0
1.0
1.0
1.0
1.0
1.0
1.0
1.0
1.0
1.0
1.0
0.99999964
1.0
1.0
1.0
1.0
1.0
1.0
1.0
1.0
1.0
1.0
1.0
1.0
1.0
1.0
1.0
1.0
1.0
1.0
1.0
1.0
1.0
1.0
1.0
1.0
1.0
0.9999373
1.0
1.0
1.0
0.9999999
1.0
1.0
1.0
1.0
1.0
1.0
1.0
1.0
1.0
1.0
1.0
1.0
1.0
1.0
1.0
1.0
1.0
1.0
1.0
1.0
1.0
1.0
1.0
1.0
1.0
0.9999999
1.0
1.0
1.0
1.0
1.0
1.0
1.0
1.0
1.0
0.99971133
1.0
1.0
0.9999999
1.0
1.0
1.0
1.0
1.0
1.0
0.9999999
1.0
1.0
1.0
1.0
1.0
1.0
1.0
1.0
1.0
1.0
1.0
1.0
1.0
1.0
0.99999976
1.0
1.0
1.0
0.9999962
1.0
1.0
1.0
1.0
1.0
1.0
1.0
1.0
1.0
0.9999999
0.9999647
0.99999857
1.0
0.9999678
1.0
1.0
1.0
1.0
1.0
1.0
1.0
1.0
1.0
1.0
1.0
1.0
1.0
1.0
1.0
1.0
1.0
1.0
1.0
1.0
0.9999981
1.0
1.0
1.0
1.0
1.0
1.0
1.0
1.0
1.0
0.9999994
1.0
1.0
1.0
1.0
1.0
1.0
0.99999976
1.0
1.0
1.0
1.0
1.0
1.0
1.0
1.0
1.0
1.0
1.0
1.0
1.0
1.0
1.0
1.0
1.0
1.0
1.0
1.0
1.0
1.0
1.0
1.0
1.0
1.0
1.0
0.9999987
0.99997616
1.0
1.0
1.0
1.0
0.9999993
1.0
1.0
0.9999962
1.0
1.0
1.0
1.0
0.9996131
1.0
1.0
0.99999976
1.0
1.0
1.0
0.9999982
1.0
1.0
1.0
1.0
0.9999988
1.0
1.0
1.0
1.0
1.0
1.0
1.0
1.0
1.0
0.99999976
1.0
1.0
0.8682573
1.0
1.0
1.0
0.9999999
1.0
1.0
1.0
0.9996043
0.99999905
0.99971586
1.0
1.0
1.0
1.0
1.0
1.0
1.0
1.0
1.0
0.9999995
1.0
1.0
1.0
1.0
1.0
1.0
1.0
1.0
1.0
1.0
1.0
1.0
1.0
1.0
1.0
1.0
1.0
1.0
1.0
1.0
0.99999034
1.0
1.0
1.0
1.0
1.0
1.0
1.0
1.0
1.0
1.0
1.0
1.0
1.0
1.0
1.0
0.99501425
1.0
1.0
1.0
1.0
1.0
1.0
0.9999995
1.0
0.999998
1.0
1.0
0.9999999
1.0
1.0
1.0
1.0
1.0
1.0
1.0
0.99996936
1.0
1.0
1.0
1.0
0.9999713
0.99998915
1.0
1.0
1.0
1.0
1.0
1.0
0.8686435
0.9999999
0.9999944
1.0
1.0
0.999962
1.0
0.9979132
1.0
1.0
1.0
1.0
1.0
1.0
0.98340076
1.0
0.99948126
0.99999905
0.6863275
1.0
1.0
0.9999993
0.98369205
0.9999124
1.0
0.99998665
1.0
1.0
1.0
0.9999993
1.0
1.0
0.99997544
0.99996924
1.0
1.0
1.0
1.0
0.9999999
1.0
1.0
0.99999917
1.0
0.99999714
0.996962
0.9999999
0.99999976
1.0
1.0
0.9134809
1.0
1.0
0.9996886
1.0
1.0
1.0
0.99992216
0.99999857
1.0
0.5010742
1.0
1.0
1.0
1.0
1.0
1.0
0.9999999
0.9999962
1.0
1.0
1.0
0.9999995
0.97644955
0.99980694
0.9990483
1.0
1.0
1.0
0.92113775
0.9999999
0.9999993
0.9999999
1.0
1.0
1.0
1.0
1.0
1.0
1.0
1.0
1.0
1.0
1.0
0.9999999
0.9996865
1.0
0.9999988
1.0
1.0
1.0
0.9999999
1.0
1.0
1.0
1.0
1.0
0.9999968
1.0
1.0
0.9999988
0.9999999
0.9999999
0.9999999
0.99974185
1.0
0.9999964
0.99999833
1.0
1.0
1.0
0.9999957
0.99973017
1.0
1.0
1.0
0.9999995
1.0
1.0
1.0
1.0
1.0
0.9764025
0.9999893
1.0
0.99999964
0.9852233
1.0
1.0
1.0
1.0
1.0
1.0
0.99998736
1.0
1.0
1.0
1.0
1.0
0.9962537
1.0
0.99852717
1.0
1.0
1.0
1.0
1.0
1.0
0.9999993
1.0
0.9999882
0.9999999
0.99999976
0.9995977
1.0
1.0
1.0
1.0
1.0
1.0
1.0
1.0
1.0
0.81532484
0.9999318
1.0
0.9999999
1.0
1.0
1.0
1.0
0.9998926
1.0
1.0
1.0
1.0
1.0
1.0
1.0
0.99999905
1.0
1.0
0.98977274
1.0
1.0
1.0
1.0
1.0
1.0
1.0
1.0
1.0
1.0
1.0
1.0
1.0
1.0
1.0
1.0
0.9999994
1.0
1.0
1.0
1.0
1.0
1.0
1.0
1.0
1.0
1.0
0.99801093
0.99999547
1.0
1.0
1.0
1.0
1.0
1.0
0.9999528
1.0
1.0
0.98280096
1.0
1.0
1.0
1.0
0.99999857
0.9985368
1.0
0.99998784
1.0
1.0
1.0
0.9999976
1.0
1.0
1.0
1.0
0.99999225
1.0
1.0
1.0
1.0
1.0
1.0
0.999987
1.0
1.0
1.0
1.0
0.99576676
1.0
1.0
1.0
0.9999068
1.0
1.0
1.0
1.0
0.99859315
1.0
0.99999833
0.9993932
1.0
0.99998677
1.0
1.0
1.0
1.0
1.0
1.0
1.0
1.0
0.99999964
1.0
0.99923086
0.99812156
0.9991229
1.0
1.0
1.0
1.0
1.0
1.0
0.99999976
1.0
1.0
0.99999976
1.0
1.0
1.0
1.0
1.0
0.999851
1.0
1.0
1.0
1.0
1.0
1.0
1.0
1.0
1.0
1.0
1.0
1.0
1.0
1.0
1.0
1.0
1.0
1.0
0.9999949
1.0
1.0
1.0
1.0
1.0
1.0
1.0
1.0
1.0
1.0
1.0
1.0
0.9999999
1.0
1.0
1.0
1.0
1.0
1.0
1.0
1.0
1.0
1.0
0.9999999
1.0
1.0
1.0
1.0
0.99999905
1.0
1.0
1.0
1.0
1.0
0.99999976
1.0
1.0
1.0
0.9999933
1.0
0.90042114
1.0
1.0
1.0
1.0
1.0
1.0
1.0
1.0
1.0
1.0
0.9999993
1.0
1.0
1.0
1.0
1.0
1.0
