1.0
0.9999999
1.0
0.9999995
1.0
1.0
0.9999981
1.0
0.9992742
0.99999654
1.0
1.0
0.9999993
1.0
1.0
1.0
0.99999607
1.0
0.9995987
1.0
0.99999964
0.99999976
1.0
1.0
1.0
0.9999999
1.0
1.0
0.99999857
1.0
1.0
1.0
1.0
0.9999999
0.9999995
1.0
0.99999964
1.0
0.99995923
1.0
1.0
0.9999963
0.9999999
0.99996245
0.9999745
1.0
0.9999995
1.0
0.99999964
1.0
0.99999857
1.0
1.0
1.0
1.0
0.99999976
1.0
1.0
0.9999993
1.0
1.0
1.0
0.9998851
0.9999964
1.0
1.0
0.99999774
0.99999833
1.0
1.0
1.0
1.0
1.0
0.9996313
1.0
1.0
1.0
1.0
0.9999956
0.99999833
1.0
1.0
1.0
1.0
1.0
1.0
0.9999999
0.9999975
1.0
1.0
1.0
1.0
0.98850715
0.9999925
1.0
0.9997509
0.9999441
0.9999999
1.0
1.0
1.0
1.0
1.0
1.0
0.9998411
0.9999993
1.0
0.99999976
0.99999976
1.0
1.0
0.9999776
1.0
1.0
1.0
0.90535164
1.0
1.0
0.9999993
0.9990004
0.9999999
0.99967015
0.9999999
1.0
0.9999113
0.9998324
0.9999999
1.0
1.0
1.0
1.0
1.0
1.0
1.0
1.0
1.0
1.0
1.0
1.0
0.9998771
1.0
1.0
1.0
1.0
1.0
1.0
1.0
1.0
1.0
0.98700714
0.9999999
0.95817375
1.0
1.0
1.0
1.0
1.0
1.0
0.9999893
1.0
0.99997437
1.0
1.0
1.0
1.0
1.0
1.0
0.999998
1.0
1.0
1.0
0.99993634
1.0
0.99999976
1.0
0.99948066
1.0
1.0
1.0
1.0
1.0
1.0
0.99999976
1.0
0.9995591
0.9999851
0.9999999
1.0
1.0
1.0
0.9999995
0.99999964
0.99999964
0.9991941
0.99999976
0.9999939
1.0
1.0
0.99999964
0.9991602
1.0
1.0
1.0
1.0
1.0
1.0
0.99999595
0.9999988
1.0
0.99237144
1.0
0.9998098
1.0
1.0
0.9999958
0.9999999
1.0
0.9973067
1.0
1.0
0.9999999
0.99999535
1.0
1.0
1.0
1.0
0.9999994
1.0
1.0
0.99999905
0.9999999
1.0
1.0
1.0
0.9999995
1.0
1.0
1.0
1.0
1.0
1.0
0.9999813
0.9999428
0.9999994
0.99999964
0.9999976
1.0
0.9983335
0.99999976
0.99999976
1.0
1.0
1.0
1.0
1.0
0.99998605
0.99999607
0.9999999
0.99999976
0.86249435
1.0
1.0
1.0
0.9999999
0.99894387
1.0
0.99873453
1.0
0.99999523
1.0
0.9999993
1.0
1.0
0.99999976
1.0
1.0
1.0
1.0
1.0
1.0
0.9999994
1.0
0.997615
1.0
1.0
1.0
0.99999714
0.9999999
1.0
0.9999993
0.9998721
0.999987
0.9999962
1.0
0.9999994
1.0
1.0
0.999998
0.99999833
1.0
1.0
1.0
1.0
1.0
1.0
1.0
1.0
1.0
1.0
1.0
1.0
0.99999964
1.0
0.9999913
1.0
1.0
0.99999857
0.9999999
0.9999993
1.0
0.9973943
0.8996735
0.99999976
1.0
0.99983
0.9999999
0.9912759
1.0
0.9999999
1.0
1.0
1.0
1.0
1.0
1.0
1.0
0.99992037
0.9999336
1.0
0.9999864
0.91691715
1.0
1.0
1.0
0.9999999
1.0
0.99999917
1.0
1.0
0.9999993
0.99999976
1.0
0.99999905
0.9999999
1.0
0.99999964
1.0
1.0
0.9962799
0.58861333
1.0
1.0
0.99980813
0.99999785
1.0
1.0
0.99983215
1.0
0.9999863
1.0
1.0
1.0
0.9999999
1.0
1.0
1.0
1.0
1.0
1.0
1.0
1.0
0.99873906
1.0
1.0
1.0
1.0
0.9999975
1.0
1.0
0.9999833
1.0
0.9999999
1.0
1.0
0.9999989
0.9999999
1.0
0.99999964
1.0
1.0
0.9999925
1.0
1.0
0.99998915
0.99984264
1.0
0.9999999
1.0
1.0
1.0
1.0
0.9997166
0.9998276
1.0
0.99998033
0.9999924
1.0
0.98822814
1.0
1.0
0.9999995
1.0
0.9999516
1.0
1.0
1.0
1.0
1.0
1.0
1.0
1.0
1.0
1.0
1.0
1.0
0.99994683
1.0
0.9999999
0.9999988
0.99999905
1.0
0.99999976
0.99999845
1.0
0.9920466
0.72138286
0.99999905
0.9597497
0.9999845
0.93642724
0.93505806
1.0
0.99998903
1.0
0.99999976
1.0
0.99992
0.99995756
1.0
1.0
0.9990994
1.0
1.0
1.0
0.9997503
0.9999999
1.0
1.0
0.9999895
0.99999845
1.0
1.0
1.0
1.0
1.0
1.0
1.0
1.0
0.9999902
0.99996984
1.0
1.0
1.0
1.0
1.0
1.0
1.0
0.99999976
0.9999981
1.0
0.9999994
0.9999969
0.99998915
1.0
1.0
0.6556664
1.0
0.99995005
0.99999833
1.0
1.0
0.9999999
1.0
1.0
1.0
1.0
1.0
0.9999789
0.99998283
1.0
1.0
0.9999956
1.0
1.0
1.0
0.9999999
1.0
1.0
1.0
1.0
1.0
0.99999917
1.0
0.99999857
1.0
1.0
0.9999999
1.0
0.99999976
1.0
0.9999714
0.9999995
0.9999995
1.0
0.9999999
1.0
0.99999857
1.0
1.0
1.0
1.0
1.0
0.9999945
0.9893134
1.0
0.99999976
1.0
0.99999905
0.99999857
1.0
1.0
0.9808898
0.99985373
0.9999999
1.0
1.0
1.0
0.9999976
0.99999607
0.9999956
1.0
0.9999982
1.0
0.9999999
1.0
1.0
0.99999976
1.0
1.0
1.0
1.0
0.99936897
0.9999995
1.0
1.0
0.9999994
1.0
1.0
1.0
1.0
1.0
0.9999994
0.9821499
0.7688894
1.0
1.0
1.0
1.0
0.9999999
1.0
1.0
0.9970745
1.0
0.9999871
0.9999999
0.9999999
1.0
0.9999864
0.99999154
1.0
1.0
1.0
1.0
0.9999875
1.0
1.0
1.0
1.0
1.0
1.0
1.0
0.9999999
1.0
0.9999118
0.9999999
0.99999964
0.99999976
1.0
0.9999186
0.99839896
0.99999905
1.0
1.0
0.9999999
0.9998216
0.9936109
1.0
0.9999994
1.0
0.9999565
1.0
1.0
1.0
1.0
0.9999999
0.99982315
1.0
1.0
1.0
0.9999927
1.0
0.99999714
0.99987197
1.0
1.0
0.9993924
0.9910981
1.0
1.0
0.9999995
0.9999974
1.0
1.0
1.0
1.0
1.0
1.0
1.0
0.9968935
0.8011432
1.0
0.99999774
1.0
1.0
1.0
1.0
0.99999833
0.99999106
1.0
1.0
1.0
0.9999534
1.0
0.9999931
0.9608827
1.0
0.99999917
1.0
0.99999845
0.9999993
1.0
0.9999999
1.0
0.9999999
0.8895479
1.0
1.0
1.0
0.99999905
0.9923562
0.9999993
0.9999889
1.0
0.999997
1.0
1.0
1.0
1.0
0.9999999
0.9999927
1.0
1.0
1.0
1.0
1.0
1.0
0.99999976
1.0
1.0
1.0
1.0
1.0
0.99999976
1.0
1.0
0.99998474
0.98796356
0.722849
1.0
1.0
0.99995947
1.0
1.0
0.99932015
1.0
1.0
0.9857755
1.0
0.99999833
0.99999976
0.9999993
1.0
1.0
1.0
1.0
1.0
0.99999976
0.99999976
0.99897456
0.99999976
0.99696964
0.999997
1.0
0.999995
1.0
1.0
0.99999
1.0
1.0
1.0
1.0
1.0
1.0
1.0
1.0
1.0
1.0
1.0
0.9999993
1.0
0.99998665
0.9993923
0.9999989
1.0
1.0
1.0
1.0
1.0
1.0
0.9999988
1.0
0.9999974
1.0
0.9999999
1.0
1.0
1.0
1.0
1.0
1.0
0.9999962
0.99992335
1.0
1.0
1.0
0.99999726
0.9999546
1.0
1.0
0.99999595
0.9999999
0.9999701
1.0
1.0
1.0
1.0
1.0
0.999995
1.0
1.0
0.99999595
1.0
1.0
1.0
0.9999982
1.0
1.0
1.0
1.0
1.0
1.0
1.0
1.0
0.9995938
0.9999999
1.0
0.99999726
0.9999999
1.0
1.0
1.0
1.0
1.0
0.99997747
1.0
1.0
1.0
1.0
1.0
0.99997413
1.0
1.0
1.0
0.9999136
0.9999987
1.0
1.0
0.99999976
1.0
0.999765
0.9999999
1.0
0.9999981
1.0
0.9077607
0.99999976
0.95677215
1.0
1.0
1.0
1.0
1.0
1.0
0.99999976
1.0
1.0
1.0
0.9999994
1.0
0.9999993
1.0
1.0
1.0
1.0
1.0
1.0
0.9999933
1.0
1.0
1.0
0.9999697
1.0
0.9999989
1.0
0.999858
0.9999994
1.0
1.0
0.9999999
1.0
1.0
0.9998766
0.9635677
0.97449964
1.0
0.99999714
1.0
1.0
0.9999871
1.0
0.9999999
1.0
1.0
1.0
1.0
0.9985714
0.9999707
1.0
0.99999595
1.0
0.9999957
1.0
0.9999654
0.99998486
1.0
1.0
0.9999975
1.0
1.0
0.9999999
1.0
1.0
1.0
0.9999999
1.0
1.0
0.9999999
1.0
1.0
1.0
1.0
1.0
0.99999964
1.0
0.6781577
1.0
0.9998808
1.0
0.9999976
1.0
0.99999917
1.0
1.0
1.0
1.0
1.0
0.9996816
1.0
0.85370165
0.9967721
0.9999982
1.0
1.0
0.9999976
0.9999976
1.0
0.9999962
0.97785574
1.0
1.0
0.99999726
0.99999714
1.0
1.0
1.0
0.99999845
0.99935156
0.9999995
0.99965775
1.0
0.9999999
1.0
0.999998
1.0
1.0
0.9975241
0.9999988
1.0
1.0
0.99999225
0.99999857
1.0
1.0
1.0
1.0
0.9999999
1.0
1.0
1.0
1.0
1.0
0.9999999
0.9999982
1.0
1.0
1.0
0.9999999
1.0
1.0
1.0
1.0
0.9999999
0.9999778
0.99999774
0.99999976
0.9999995
1.0
1.0
0.99999976
0.9999815
0.99999905
1.0
0.99999774
1.0
1.0
1.0
0.9999676
1.0
1.0
1.0
0.99999976
1.0
0.9999981
0.9999995
0.99999404
1.0
1.0
1.0
1.0
1.0
1.0
0.9999819
0.99941635
1.0
0.99999976
1.0
0.99918133
1.0
1.0
1.0
1.0
0.99999905
0.9999752
0.93737924
1.0
1.0
1.0
1.0
1.0
0.552294
1.0
1.0
0.99999774
1.0
0.99997973
0.99340713
1.0
1.0
0.9999999
1.0
0.99999666
0.9999974
1.0
1.0
1.0
0.99996626
0.9999968
1.0
0.99999905
0.99999547
1.0
0.99999416
0.99727124
0.9999994
1.0
1.0
1.0
1.0
0.99996805
0.9999999
1.0
1.0
0.9975504
1.0
1.0
1.0
1.0
1.0
1.0
1.0
1.0
0.99995637
0.99999964
1.0
1.0
1.0
0.9999999
1.0
0.99999535
0.9999999
0.9999931
1.0
0.9999993
1.0
0.9999999
1.0
0.9999999
1.0
0.9999982
0.99999905
0.99999976
0.9999999
1.0
1.0
1.0
0.9999994
1.0
0.9915699
0.99999917
1.0
1.0
1.0
0.6507295
1.0
0.8455149
1.0
1.0
0.9999999
0.9999999
0.9999989
1.0
0.9986786
0.9999987
1.0
1.0
1.0
1.0
1.0
0.9998976
1.0
0.9999994
1.0
1.0
0.9999958
1.0
1.0
1.0
1.0
0.9999651
1.0
1.0
0.99999964
1.0
1.0
1.0
1.0
0.9999999
0.99999833
0.99999964
1.0
1.0
0.99999964
1.0
0.99998665
1.0
1.0
0.9999975
1.0
1.0
1.0
1.0
1.0
1.0
1.0
0.99999404
0.99999976
0.99983966
1.0
1.0
0.99993014
1.0
0.9999999
1.0
0.9998696
1.0
1.0
0.999998
1.0
0.99999857
1.0
1.0
0.99892753
0.8436593
1.0
0.9999968
0.9999999
1.0
0.9999795
1.0
1.0
1.0
0.99966514
0.99568766
1.0
0.99999964
0.9999999
1.0
0.9999993
1.0
1.0
1.0
1.0
0.99387854
1.0
0.9998946
1.0
0.99884546
1.0
0.9999995
0.9997695
1.0
0.9999999
0.9999838
1.0
1.0
0.9999993
0.99965847
0.9999958
1.0
1.0
1.0
0.99999535
1.0
1.0
0.9996917
1.0
0.9180424
1.0
0.9999713
1.0
1.0
0.99999714
0.97519016
0.99999976
1.0
0.9999999
1.0
0.9999987
1.0
0.99998856
0.9999999
0.999997
0.9637584
0.99999976
0.999995
1.0
1.0
0.68026567
0.9998975
1.0
0.99999964
0.9999796
0.9999999
1.0
1.0
0.9999993
0.9997726
1.0
1.0
1.0
0.9939482
1.0
1.0
0.9999783
0.9999999
1.0
0.99999857
1.0
1.0
1.0
0.9999999
1.0
0.99999774
0.9994018
0.9999993
1.0
1.0
0.9999981
1.0
0.99974746
1.0
0.99999475
0.9997626
0.9999993
1.0
1.0
0.9999999
0.99999976
0.9999685
0.999121
0.9993388
1.0
0.9999896
1.0
1.0
1.0
0.99992657
1.0
1.0
0.5514564
1.0
0.99999595
1.0
0.9999999
1.0
1.0
1.0
1.0
1.0
1.0
0.99999666
0.99999976
0.9999993
1.0
1.0
0.99994946
1.0
1.0
1.0
0.6754686
1.0
0.9999999
1.0
1.0
1.0
0.9999541
0.97096586
1.0
0.99663925
1.0
0.99999976
0.9999994
1.0
1.0
0.99999845
0.99999774
0.9999995
0.7144136
1.0
0.9999205
1.0
1.0
1.0
0.99999857
0.99999726
0.9999999
1.0
0.9997737
0.9999839
0.9999993
1.0
1.0
1.0
1.0
1.0
0.99998534
0.9999994
1.0
1.0
1.0
1.0
1.0
1.0
1.0
0.9998429
0.99999833
0.9999982
1.0
1.0
1.0
1.0
1.0
0.99999976
1.0
1.0
0.99999976
1.0
0.9999908
0.9999994
1.0
1.0
1.0
1.0
0.99999976
1.0
0.99993694
0.9999999
1.0
1.0
1.0
1.0
0.99999774
1.0
0.6578275
0.99721473
0.9999981
1.0
0.9999994
1.0
1.0
0.99999964
0.99999964
0.9993272
0.9999174
0.9999578
1.0
1.0
1.0
0.9999924
1.0
1.0
0.999987
1.0
0.99999976
0.52478635
0.9991504
1.0
0.9999995
0.9999999
1.0
1.0
1.0
0.9999999
0.999967
1.0
0.9830015
1.0
0.99999917
0.9999944
0.99924856
1.0
1.0
1.0
0.9999994
1.0
0.9999839
0.9999745
1.0
0.9998049
0.9998759
0.998901
0.99995065
1.0
1.0
0.9999585
1.0
0.9999999
1.0
1.0
1.0
1.0
1.0
1.0
0.9999924
0.99999356
0.99999976
1.0
1.0
0.9999995
0.6871164
1.0
1.0
0.99999917
0.9999999
0.9999995
1.0
0.99999964
0.99999785
1.0
0.99996567
1.0
1.0
1.0
1.0
1.0
0.99999845
1.0
1.0
1.0
1.0
1.0
1.0
0.9999982
1.0
1.0
1.0
1.0
1.0
1.0
1.0
1.0
1.0
0.99998474
1.0
0.9999225
1.0
0.9999931
1.0
1.0
0.9999999
0.93062025
0.9999994
0.99999976
1.0
0.9999999
0.99999094
1.0
0.99999607
0.9990243
0.99999535
0.99999917
1.0
1.0
1.0
0.99991417
1.0
0.99999976
1.0
0.9999995
1.0
0.9986701
1.0
0.981382
0.99997425
1.0
1.0
1.0
0.5012876
1.0
1.0
0.7288133
0.9999826
0.9999989
0.99999774
0.99999976
0.9999999
1.0
0.9999995
1.0
1.0
1.0
1.0
1.0
0.9999801
1.0
1.0
1.0
0.99999547
1.0
0.99959606
1.0
0.9991008
1.0
0.71275026
0.9957048
1.0
1.0
1.0
0.99999654
0.99650526
1.0
1.0
0.9999976
1.0
1.0
1.0
0.99999785
1.0
1.0
0.99906176
0.9977118
1.0
1.0
0.99999976
1.0
1.0
0.9999999
1.0
1.0
0.99999845
1.0
0.99993634
1.0
0.9999969
0.99999106
1.0
1.0
0.99999404
1.0
1.0
0.9999993
1.0
0.99999833
1.0
0.9999995
0.9999949
1.0
0.99997807
1.0
1.0
0.9991757
1.0
1.0
1.0
1.0
1.0
0.99999964
0.99990094
1.0
0.9994861
1.0
0.93702483
1.0
1.0
0.9999882
1.0
1.0
1.0
0.9999974
1.0
0.99998796
0.6186107
1.0
1.0
0.9999994
1.0
0.99998355
0.9999975
1.0
1.0
1.0
0.99999666
1.0
1.0
0.99988854
1.0
1.0
0.9999957
0.99999523
1.0
0.9999988
0.97520876
1.0
1.0
0.99999964
1.0
1.0
1.0
0.9999993
1.0
0.99999964
1.0
1.0
1.0
0.99945
0.9999999
1.0
1.0
1.0
1.0
0.9999968
1.0
1.0
1.0
1.0
1.0
1.0
0.9999999
1.0
1.0
0.99999976
0.9999833
1.0
0.9999963
1.0
1.0
0.9998859
1.0
0.98931175
1.0
1.0
0.9882025
0.99979526
1.0
1.0
1.0
0.9909362
0.9999994
0.9999995
0.99998426
0.9999999
0.9999989
1.0
1.0
0.9999995
0.99999833
0.9999995
0.9999788
1.0
1.0
1.0
0.99999845
0.9999994
1.0
1.0
1.0
1.0
0.99999905
1.0
0.58588177
0.99999976
0.99999976
1.0
1.0
0.9999999
1.0
0.9995757
0.68548024
0.9999337
1.0
1.0
0.99993956
0.9894071
1.0
1.0
0.99999547
1.0
1.0
1.0
0.9999999
0.9999956
1.0
0.9999862
1.0
1.0
1.0
1.0
0.7939165
1.0
0.9999999
0.9999995
0.99999666
1.0
0.9999995
1.0
0.9999999
0.9999999
1.0
0.9996525
1.0
1.0
0.9999989
1.0
1.0
0.98924714
0.99999714
1.0
0.9999999
1.0
0.99998796
1.0
0.999998
1.0
0.9999999
0.99999976
1.0
1.0
1.0
1.0
1.0
1.0
0.99999964
0.9998853
0.9999926
0.9999684
1.0
0.9999995
1.0
1.0
1.0
1.0
0.9999988
0.99998784
0.9999999
1.0
0.99997926
1.0
1.0
0.99999917
1.0
0.9180723
1.0
1.0
1.0
0.9999999
1.0
1.0
1.0
0.9999999
1.0
0.9720702
0.9999969
0.9999993
0.9999999
1.0
1.0
0.99999976
1.0
0.9801763
0.9980671
1.0
0.99999905
1.0
0.99999094
0.99999857
1.0
0.9999999
1.0
1.0
0.99999166
1.0
1.0
0.99998605
1.0
1.0
0.99999976
1.0
1.0
0.9988667
1.0
1.0
1.0
1.0
0.99999547
1.0
1.0
1.0
1.0
0.99999666
0.99998355
1.0
1.0
0.9999994
0.99986553
1.0
1.0
1.0
0.99187356
1.0
1.0
1.0
0.99997497
0.9999995
0.9999962
1.0
1.0
1.0
0.99999714
1.0
1.0
1.0
1.0
1.0
1.0
1.0
0.9999839
1.0
1.0
0.99643266
0.99999905
1.0
0.99856395
1.0
1.0
1.0
1.0
1.0
1.0
0.99391246
0.9999994
0.99998593
0.9999968
1.0
0.99970764
1.0
0.9999999
0.99999905
1.0
0.9999893
1.0
1.0
1.0
1.0
1.0
0.9999974
0.99999976
0.9999999
1.0
0.9999771
0.99930274
0.9999094
0.9998909
1.0
0.6801552
0.99999964
1.0
1.0
0.9999999
0.9999999
0.9998987
0.9999999
1.0
1.0
1.0
1.0
1.0
0.9999999
1.0
0.9999989
1.0
1.0
1.0
1.0
1.0
1.0
1.0
0.9999989
0.99999964
1.0
0.99999857
0.99999976
1.0
1.0
1.0
1.0
0.99999964
1.0
0.9999999
0.99999905
1.0
1.0
0.9999932
1.0
0.999985
0.9999913
1.0
1.0
0.99999297
0.9999999
0.99994576
1.0
0.99999976
0.999995
0.9999995
0.9999715
0.99991524
0.99803585
1.0
1.0
1.0
1.0
1.0
1.0
0.99989617
0.9999999
1.0
1.0
1.0
0.9999422
0.99978536
0.9999999
0.99999964
1.0
0.9999994
1.0
1.0
0.9999703
1.0
1.0
1.0
1.0
0.99999917
0.9139555
1.0
0.9999957
1.0
1.0
0.9990194
0.9999999
0.9999989
0.99999833
1.0
0.9999994
0.9999975
1.0
1.0
0.9999999
1.0
0.99999166
0.99991286
0.9999999
0.99999976
1.0
1.0
1.0
1.0
0.9999999
1.0
0.99999976
0.999966
1.0
1.0
1.0
1.0
1.0
1.0
0.998125
1.0
0.9955052
1.0
1.0
1.0
1.0
0.99999964
0.9207036
0.99998295
1.0
1.0
0.9999733
0.9999999
0.9999999
1.0
1.0
0.99999905
1.0
0.5494644
0.99999905
0.9999994
1.0
1.0
0.99453616
1.0
1.0
0.8125166
0.999813
0.9999999
1.0
0.9999924
0.9999949
0.9999995
1.0
1.0
0.99946314
0.7684394
1.0
0.99999976
1.0
1.0
0.99986315
1.0
0.9999939
0.9999999
1.0
0.9997973
1.0
0.9999999
0.99999976
0.99999964
0.9999989
1.0
0.620807
1.0
1.0
1.0
0.999998
1.0
1.0
1.0
1.0
0.99999964
1.0
1.0
1.0
1.0
0.9999901
1.0
1.0
0.99999917
1.0
0.99999905
0.9999875
1.0
1.0
0.7442762
0.9999999
0.9999999
1.0
1.0
0.7967548
0.9999981
1.0
0.9999995
1.0
1.0
0.99999976
0.99999547
0.9999999
0.99428916
1.0
0.76614326
1.0
1.0
1.0
0.99999726
1.0
0.9999999
0.9999639
1.0
0.5723817
1.0
1.0
0.99999976
1.0
0.99999917
1.0
0.9999975
1.0
1.0
1.0
0.5299012
0.9991239
0.9999703
1.0
1.0
1.0
0.9890843
0.99999976
1.0
0.99994755
1.0
1.0
1.0
1.0
0.9999999
1.0
1.0
1.0
0.9999982
0.9999989
1.0
0.9999999
1.0
1.0
0.9999932
1.0
1.0
0.9999994
0.99999976
0.99999964
1.0
0.99999964
0.9998105
0.9999964
1.0
1.0
1.0
0.9999906
1.0
0.99999964
1.0
1.0
1.0
1.0
1.0
0.9999101
1.0
1.0
1.0
1.0
1.0
1.0
1.0
0.97319716
0.9999999
1.0
0.9918464
0.8773596
1.0
0.9999974
0.9960162
1.0
1.0
1.0
0.9999995
0.99999964
0.99983764
1.0
1.0
0.9994869
0.99999976
0.99912983
1.0
1.0
1.0
0.99999976
1.0
1.0
1.0
1.0
0.9999988
1.0
1.0
0.9999943
1.0
1.0
0.9999126
0.9999999
1.0
1.0
1.0
1.0
0.9999999
0.99999547
1.0
0.99998736
0.98630387
1.0
1.0
1.0
1.0
1.0
1.0
0.9999832
1.0
0.9999999
0.9999999
1.0
0.9999763
1.0
1.0
1.0
1.0
0.9999918
1.0
0.9999988
1.0
1.0
1.0
1.0
1.0
0.9999999
1.0
1.0
1.0
0.999992
1.0
1.0
1.0
0.9999993
0.9999995
1.0
1.0
1.0
1.0
1.0
1.0
0.97945124
1.0
0.99993515
1.0
1.0
1.0
0.99969125
1.0
1.0
1.0
0.99999976
1.0
0.9999982
0.99999857
0.9838501
1.0
1.0
1.0
1.0
1.0
0.9999999
1.0
0.99999964
1.0
1.0
0.99999976
0.99999905
0.9519782
1.0
1.0
0.99996686
1.0
0.9998596
0.99982446
0.9999999
1.0
1.0
1.0
0.9999999
1.0
1.0
1.0
0.9900581
0.99982315
1.0
1.0
0.99999976
0.9999999
0.999086
1.0
1.0
1.0
0.9999857
1.0
0.99996173
1.0
1.0
1.0
1.0
1.0
0.99998283
0.9999932
1.0
0.98941225
1.0
1.0
1.0
1.0
0.99999917
1.0
1.0
1.0
0.9999999
0.9999975
1.0
1.0
0.9999999
0.9999691
1.0
0.99999774
1.0
1.0
1.0
1.0
1.0
0.9999975
1.0
1.0
1.0
1.0
1.0
1.0
0.99996936
1.0
1.0
1.0
1.0
1.0
1.0
1.0
1.0
0.99999976
1.0
0.95839906
0.9999995
0.9999646
0.9999994
1.0
1.0
1.0
1.0
0.99968326
0.9999993
1.0
0.98862946
1.0
0.9999974
1.0
1.0
1.0
1.0
0.99885833
0.99999654
1.0
1.0
1.0
0.99999917
0.9999925
1.0
0.99991
0.9999969
0.9999994
0.99999976
1.0
0.9999999
1.0
1.0
1.0
0.9999999
0.99999976
0.7787808
1.0
0.99999833
1.0
1.0
1.0
0.9999993
1.0
0.91114205
0.99999726
1.0
0.99979264
1.0
0.9999999
0.9999999
1.0
0.99928856
1.0
0.9999999
0.9999976
0.9998541
1.0
1.0
0.999998
1.0
1.0
1.0
0.996878
1.0
1.0
1.0
0.9995535
0.99999857
1.0
1.0
0.999982
1.0
0.9999999
1.0
1.0
1.0
0.9813812
0.9999367
0.99999917
0.99999845
1.0
1.0
1.0
0.96008927
0.9988857
1.0
0.9999795
1.0
0.9999968
0.9999989
1.0
0.99944586
0.99999833
1.0
1.0
1.0
1.0
1.0
1.0
1.0
1.0
0.9999988
1.0
0.9999999
1.0
0.9999995
0.9999993
0.9999969
1.0
0.99996006
0.9999969
0.9999994
1.0
0.9999956
1.0
1.0
1.0
0.5248886
1.0
0.9999782
1.0
1.0
1.0
1.0
1.0
0.9998789
1.0
1.0
1.0
1.0
1.0
1.0
1.0
1.0
1.0
0.9999999
0.99999726
0.99999964
1.0
1.0
1.0
0.999997
0.9999999
0.9825203
0.9999999
0.9997892
0.99999774
1.0
1.0
1.0
0.99981683
0.99999964
0.99978787
1.0
0.9999846
0.99999964
1.0
0.9996662
1.0
1.0
1.0
0.999423
0.9999336
0.999521
0.9999999
1.0
1.0
1.0
1.0
0.99999976
1.0
0.99999976
0.99999976
0.9999993
1.0
1.0
1.0
0.9988551
1.0
1.0
0.99999845
1.0
1.0
1.0
1.0
0.9999516
0.9999993
1.0
0.9999995
0.99988663
1.0
0.9999999
1.0
0.99999833
1.0
1.0
0.99999976
1.0
0.99998474
0.9999964
0.9999856
1.0
0.998973
1.0
1.0
1.0
0.9999999
0.9769621
1.0
0.9999999
1.0
0.9986368
1.0
1.0
0.99999964
0.9999989
1.0
1.0
0.99998903
1.0
1.0
1.0
1.0
0.9999999
1.0
0.9999875
0.9998116
0.9999993
1.0
1.0
1.0
0.99999905
0.99999094
1.0
1.0
1.0
0.9962697
1.0
1.0
0.9988877
0.99999976
1.0
1.0
1.0
1.0
1.0
0.99998534
0.99998856
1.0
0.9999833
1.0
1.0
0.9999969
1.0
0.99999905
1.0
1.0
0.9999999
0.9999999
0.99999404
0.97092986
1.0
1.0
1.0
0.99721056
0.9999995
0.9999999
0.99999917
1.0
1.0
0.99999595
0.9999671
0.9999999
1.0
1.0
1.0
1.0
0.98987925
0.9999999
1.0
0.9999461
0.9999999
1.0
0.99986887
1.0
1.0
1.0
1.0
0.99759406
1.0
1.0
1.0
1.0
0.9999999
0.9999999
1.0
1.0
0.9992306
1.0
0.9997216
0.99996257
0.99999976
0.9999927
1.0
1.0
1.0
1.0
0.9998023
1.0
1.0
1.0
1.0
0.9999989
0.99999964
0.9999994
0.999926
1.0
1.0
0.9999999
1.0
1.0
1.0
1.0
1.0
0.9996233
1.0
1.0
1.0
0.99999976
0.9999999
1.0
1.0
0.99999917
1.0
0.9999974
1.0
1.0
1.0
1.0
1.0
1.0
1.0
0.9984761
1.0
1.0
1.0
1.0
0.99999833
1.0
0.7202997
1.0
1.0
1.0
0.9999993
1.0
1.0
1.0
1.0
1.0
0.9867972
0.9999999
0.9999919
1.0
0.9999987
0.99999917
0.99997807
1.0
1.0
0.9999999
0.99998987
1.0
0.7616122
0.9999988
1.0
1.0
1.0
1.0
1.0
0.99999976
0.99999654
0.99999833
1.0
0.9999949
0.9999945
0.9999962
0.9999987
1.0
0.9983827
1.0
0.9745996
0.99999094
1.0
1.0
0.9999999
1.0
1.0
1.0
1.0
0.99998486
0.97367156
0.99431866
1.0
1.0
1.0
0.9999999
1.0
0.99999917
0.9995974
1.0
0.9998204
0.99999964
0.9999999
1.0
1.0
1.0
1.0
1.0
1.0
1.0
1.0
1.0
1.0
0.9999995
1.0
1.0
0.99999964
1.0
1.0
0.9999988
1.0
1.0
1.0
0.99999774
1.0
1.0
1.0
1.0
0.99999917
1.0
0.99988306
0.9999981
0.9999969
1.0
0.999987
1.0
1.0
0.9999981
0.99953127
1.0
1.0
0.9999989
0.9999999
0.9968045
0.99999964
0.99999845
1.0
1.0
0.9999988
0.9999956
0.9999999
1.0
1.0
1.0
0.9999999
1.0
0.8060286
1.0
0.99999964
1.0
1.0
1.0
1.0
0.99996877
1.0
0.9999938
1.0
0.9999999
0.9999999
1.0
0.9999852
0.9975224
1.0
1.0
0.99999917
1.0
1.0
1.0
0.99998856
1.0
0.99961686
1.0
0.9999988
0.9973459
0.9999999
1.0
1.0
1.0
1.0
1.0
1.0
1.0
1.0
1.0
1.0
0.9999877
0.9999993
1.0
1.0
1.0
1.0
1.0
1.0
0.99999785
1.0
1.0
1.0
1.0
0.99999964
1.0
1.0
0.9999691
1.0
1.0
0.99975246
1.0
0.99994326
1.0
1.0
1.0
0.99999976
1.0
0.999998
1.0
1.0
1.0
0.99999857
0.9999988
1.0
0.9999995
0.99992514
1.0
1.0
0.9999951
0.9999999
0.9999616
0.9999615
1.0
1.0
0.9999981
0.99999976
0.9986002
1.0
0.9999988
0.9999988
0.99998367
0.9999937
0.8167993
1.0
0.9999989
0.9591263
0.9999999
1.0
0.99999976
0.9999999
1.0
1.0
0.99999654
0.9879838
0.9532194
0.99996185
0.9999995
1.0
1.0
0.9999969
0.99910647
0.9999858
1.0
1.0
1.0
1.0
0.9999999
0.9962192
0.6195604
0.99999845
1.0
0.9999993
1.0
1.0
0.99122274
1.0
0.9999864
1.0
1.0
0.9999999
1.0
0.999887
1.0
0.9999999
1.0
0.9995827
1.0
0.99089044
1.0
1.0
1.0
0.9999974
0.9999982
0.9999999
0.9989262
1.0
0.9999994
1.0
1.0
1.0
1.0
0.9999976
1.0
1.0
1.0
0.99985015
0.9999994
1.0
0.9999902
1.0
0.938514
1.0
1.0
1.0
1.0
0.99999106
1.0
1.0
1.0
0.99999964
0.9870346
1.0
0.9999999
1.0
1.0
1.0
1.0
0.9763471
1.0
1.0
1.0
1.0
1.0
1.0
1.0
1.0
0.99998856
1.0
0.9999949
1.0
1.0
0.9999999
1.0
1.0
0.99999857
0.7221776
1.0
1.0
0.99999964
1.0
1.0
1.0
1.0
1.0
1.0
0.9999981
1.0
1.0
1.0
1.0
1.0
1.0
0.9999989
1.0
1.0
1.0
1.0
1.0
1.0
1.0
1.0
0.9999666
1.0
1.0
0.99898595
0.9822624
1.0
0.9869533
1.0
1.0
1.0
1.0
1.0
1.0
0.99999833
1.0
1.0
1.0
0.99306524
1.0
1.0
1.0
1.0
0.99999833
1.0
1.0
1.0
1.0
1.0
0.9999995
1.0
1.0
1.0
1.0
0.9999999
1.0
1.0
1.0
1.0
1.0
1.0
1.0
1.0
0.99996567
1.0
0.99993014
0.9999987
0.9999924
0.9999981
0.99999964
1.0
0.9999974
1.0
0.99826425
0.9998988
0.9999999
0.9999907
1.0
1.0
0.9985238
0.99999976
1.0
0.99749845
1.0
1.0
1.0
0.9999995
0.99999464
1.0
1.0
1.0
1.0
0.9999999
0.99999964
0.9990947
0.9999262
1.0
0.999778
0.9997217
0.99999905
1.0
0.9999994
1.0
0.9999994
1.0
0.9999999
0.99999964
0.99999917
1.0
1.0
0.99999964
0.9999995
0.9999999
1.0
0.99999547
1.0
0.9999995
1.0
1.0
1.0
1.0
1.0
0.9997547
1.0
1.0
0.9999881
0.99999964
1.0
1.0
1.0
0.99999976
0.99991345
1.0
0.9999999
1.0
1.0
1.0
0.999762
0.99999714
1.0
1.0
0.999997
1.0
1.0
1.0
1.0
0.9999999
1.0
1.0
0.99999976
0.99999917
1.0
1.0
1.0
0.9998481
0.9999995
1.0
1.0
1.0
1.0
1.0
0.99999774
1.0
1.0
1.0
1.0
1.0
0.9999995
1.0
1.0
0.9999981
0.9998067
0.9999995
1.0
0.9999999
0.9999895
1.0
1.0
0.9998696
1.0
1.0
1.0
1.0
0.9956713
0.9999999
1.0
1.0
0.9999989
1.0
0.99999964
0.8575806
1.0
1.0
1.0
0.9999931
1.0
1.0
1.0
1.0
1.0
0.9999999
0.9997048
1.0
0.99999857
0.99974865
0.99999976
1.0
1.0
1.0
1.0
1.0
1.0
1.0
1.0
1.0
0.98420435
0.9984976
0.99995446
1.0
0.9999938
1.0
0.9999999
1.0
1.0
1.0
0.9999685
0.9999659
0.9999993
0.9999949
1.0
1.0
0.9999778
0.99999976
1.0
0.99999845
1.0
1.0
1.0
0.99999976
1.0
1.0
1.0
0.9999913
1.0
0.9999999
0.9999143
1.0
1.0
0.99999976
0.9999993
1.0
1.0
0.9999981
0.9989427
0.8665479
1.0
0.99999976
0.9999994
1.0
1.0
1.0
1.0
1.0
1.0
1.0
1.0
1.0
0.9999999
0.9999975
0.99999845
1.0
1.0
1.0
0.9999999
1.0
1.0
1.0
0.9999995
1.0
1.0
1.0
0.9999306
0.99999857
0.99999785
0.9999988
1.0
0.9999995
1.0
0.9999999
1.0
1.0
0.9994355
1.0
0.99999976
0.99997556
0.8643284
0.9999999
1.0
0.99999976
0.9999999
1.0
0.99978584
0.9992267
0.99999845
0.99999964
1.0
1.0
0.99988854
0.99999833
0.9997255
0.9999995
1.0
0.99999964
1.0
1.0
1.0
1.0
0.9999999
1.0
1.0
1.0
1.0
1.0
0.9999485
1.0
0.9999999
0.9999418
1.0
1.0
1.0
0.9999995
1.0
0.9999536
1.0
0.99994576
1.0
1.0
1.0
0.99999976
1.0
0.9999993
0.99999726
0.99999213
1.0
1.0
1.0
1.0
1.0
0.99999857
0.9644447
0.9999999
1.0
0.99999964
0.99992096
1.0
0.9999999
0.9999993
0.9999988
1.0
0.9999993
1.0
1.0
1.0
0.99999785
1.0
1.0
1.0
0.9999968
0.9999999
0.99999964
0.9999999
1.0
0.99999976
1.0
1.0
1.0
0.9999833
1.0
1.0
0.9999999
0.9999994
0.9999999
1.0
0.9999987
1.0
1.0
1.0
0.5271873
0.9999783
0.9999995
0.9999994
0.9999944
0.9999987
1.0
0.99998295
1.0
1.0
0.9999989
1.0
1.0
1.0
1.0
1.0
1.0
1.0
1.0
0.9997452
0.9999974
1.0
1.0
1.0
1.0
0.99998856
0.99793124
1.0
0.99996173
0.99975866
1.0
0.9999459
1.0
1.0
1.0
0.9999974
1.0
0.9999999
0.99999094
0.99999964
1.0
1.0
0.9999999
1.0
1.0
1.0
1.0
1.0
1.0
1.0
1.0
0.9999999
0.99931633
0.85060906
1.0
0.99999976
1.0
1.0
1.0
1.0
0.9999999
0.9999995
1.0
0.9999999
1.0
1.0
0.99999976
0.9999914
1.0
0.99999666
0.99999726
1.0
0.9999951
1.0
1.0
1.0
0.9999999
1.0
1.0
0.9999999
1.0
0.8792503
0.9999999
1.0
0.9999999
1.0
1.0
0.9999999
1.0
0.997626
0.99999964
1.0
1.0
1.0
0.9999995
1.0
0.9999958
0.9999999
0.9999639
0.9999999
0.9999957
0.99999976
1.0
0.99986327
1.0
1.0
1.0
0.9999629
0.9999993
0.9999999
1.0
0.9999913
0.60213923
1.0
0.99999976
1.0
1.0
1.0
0.9999987
1.0
1.0
0.9999999
1.0
1.0
1.0
0.99999964
1.0
0.9999858
0.99963593
1.0
1.0
0.9999999
1.0
0.98759776
1.0
0.9999547
0.8791151
0.99170905
1.0
1.0
1.0
0.9999999
0.99999976
0.9999999
0.9999999
0.9999995
1.0
1.0
1.0
0.99999404
1.0
0.9999993
0.99976355
0.99999833
0.9999999
1.0
1.0
1.0
0.9998853
0.9999999
1.0
0.9999988
1.0
0.9999988
1.0
0.9999969
1.0
0.9999727
1.0
0.9999963
1.0
1.0
1.0
1.0
1.0
0.9999192
0.9999758
0.7892649
0.99995863
0.9999628
1.0
1.0
0.99999964
1.0
1.0
1.0
1.0
1.0
1.0
1.0
1.0
0.99998844
1.0
0.99999976
0.9999995
1.0
0.999164
1.0
1.0
1.0
1.0
1.0
0.99999964
1.0
0.99047285
1.0
1.0
0.9997255
1.0
1.0
0.9999995
1.0
0.9999982
0.99999845
0.9999995
1.0
1.0
1.0
1.0
1.0
1.0
1.0
1.0
1.0
0.9998996
1.0
1.0
1.0
0.9999994
1.0
1.0
0.99999714
0.9999999
0.9999999
1.0
1.0
0.99886477
1.0
1.0
1.0
0.9948296
1.0
0.9998734
1.0
1.0
0.9999995
1.0
0.9999999
1.0
1.0
0.99999595
1.0
1.0
1.0
1.0
1.0
1.0
1.0
0.9999995
0.95781946
1.0
1.0
1.0
1.0
1.0
0.99999905
0.9999881
1.0
0.9999945
1.0
1.0
0.99999976
0.9998652
0.9999933
0.9999999
1.0
1.0
1.0
1.0
1.0
0.99109143
0.9999994
1.0
1.0
0.99992955
1.0
1.0
0.99999666
0.9999993
0.99999917
1.0
1.0
0.9999999
1.0
0.99999857
1.0
0.9730152
0.9999999
0.9999999
0.9999306
1.0
0.99999785
0.9999689
1.0
0.99931216
0.987508
0.9999999
0.99923253
0.9902688
1.0
1.0
1.0
1.0
1.0
0.9999937
1.0
0.99999976
0.999801
1.0
1.0
0.98479337
1.0
0.9999982
1.0
1.0
1.0
0.9999734
0.9999908
1.0
0.99450654
1.0
1.0
0.99998057
0.9999224
0.9999951
0.999998
1.0
1.0
0.9999999
1.0
0.9994351
0.99999976
1.0
1.0
0.99998856
0.97958034
1.0
1.0
1.0
0.999998
0.99999464
1.0
1.0
1.0
0.99999857
1.0
0.82048744
1.0
0.9999238
1.0
0.9999964
0.99999976
1.0
0.99986994
1.0
0.9999999
1.0
0.9999999
0.99999964
0.9999994
1.0
1.0
0.99408984
1.0
0.9990621
1.0
0.99999833
0.99999964
0.9999995
0.99999905
1.0
1.0
0.9999999
1.0
0.9999862
1.0
0.5027167
1.0
0.99999297
0.93834674
1.0
1.0
1.0
1.0
1.0
0.99998546
0.9997216
1.0
1.0
0.92305547
1.0
0.9999999
1.0
1.0
1.0
1.0
1.0
1.0
1.0
0.99945694
1.0
0.9999795
1.0
1.0
0.9999914
1.0
0.9991185
0.99999976
0.9999963
1.0
1.0
1.0
1.0
1.0
0.9999988
1.0
0.9999999
1.0
0.637261
1.0
1.0
0.72997785
1.0
0.9999994
0.9999325
0.99998844
1.0
0.99992716
1.0
0.99999976
0.99998593
1.0
1.0
1.0
1.0
0.99999976
0.9999999
0.9917828
1.0
0.9999727
1.0
1.0
1.0
1.0
0.9999931
1.0
0.99999666
0.99999905
1.0
0.9999999
1.0
1.0
1.0
0.9999994
1.0
1.0
1.0
0.9999995
1.0
1.0
1.0
0.9093791
1.0
1.0
1.0
1.0
1.0
1.0
1.0
1.0
0.9999137
1.0
1.0
1.0
0.5653137
1.0
0.99999964
1.0
1.0
0.99999976
1.0
0.9999995
1.0
1.0
1.0
1.0
1.0
1.0
1.0
0.9999999
1.0
1.0
0.99999666
0.9999999
0.9999547
0.9999999
1.0
0.9999999
1.0
0.9999994
1.0
1.0
1.0
1.0
1.0
1.0
1.0
0.99993885
0.99999857
0.99968183
0.9999999
0.99902654
1.0
1.0
0.99963665
1.0
1.0
1.0
0.9999906
0.9999161
1.0
1.0
0.99999416
1.0
1.0
1.0
1.0
1.0
1.0
0.9999999
0.9999957
1.0
0.99999774
1.0
1.0
0.9999999
0.98457885
0.99999106
0.99999106
0.9998454
0.99999917
1.0
1.0
1.0
0.97535026
0.9999989
0.99999905
1.0
1.0
0.9999993
1.0
1.0
0.9999589
0.9790111
0.9996805
0.9999995
0.9997801
0.999995
1.0
1.0
1.0
1.0
1.0
0.99969375
1.0
0.99992895
1.0
1.0
0.99999976
0.99999666
0.99999547
1.0
1.0
1.0
1.0
0.72241396
1.0
0.9999988
1.0
1.0
1.0
1.0
1.0
0.99991596
1.0
0.99123365
0.99997294
0.9999994
1.0
1.0
0.99999535
1.0
1.0
1.0
1.0
0.77820545
0.9999999
1.0
0.999858
1.0
1.0
1.0
1.0
1.0
1.0
0.9998691
0.99999976
1.0
0.99999976
1.0
1.0
1.0
0.99999845
1.0
1.0
0.99999464
1.0
1.0
1.0
1.0
0.9999871
0.99994767
1.0
0.99999964
0.9999993
1.0
0.9999999
0.9999999
1.0
0.9999987
1.0
0.96794176
1.0
0.9923199
1.0
0.9999999
0.9999999
1.0
1.0
0.9995086
1.0
1.0
1.0
0.99217516
1.0
1.0
0.5289651
1.0
1.0
0.99999964
1.0
1.0
1.0
1.0
0.9999999
1.0
0.9999062
1.0
1.0
0.9999999
0.99999356
0.9998204
1.0
0.99999905
1.0
1.0
1.0
0.9999995
0.99987674
0.99999917
0.99999905
1.0
1.0
1.0
1.0
0.9999999
1.0
1.0
1.0
0.99998736
0.9999999
0.99999964
0.99998784
1.0
0.99999976
0.9999976
1.0
0.9999995
0.9999999
1.0
1.0
1.0
0.9999969
0.9999858
0.9985795
1.0
0.999997
1.0
1.0
0.99998784
1.0
1.0
0.99999833
1.0
1.0
0.99999905
1.0
0.9999993
0.99999964
0.99999976
0.99998784
0.9999975
1.0
1.0
0.9999778
1.0
0.99999976
0.9999739
1.0
0.99999976
0.99995816
1.0
0.99882823
1.0
0.99989724
0.99999905
0.999997
0.99999905
1.0
1.0
1.0
0.9990067
1.0
1.0
1.0
1.0
1.0
1.0
1.0
0.9999913
1.0
1.0
0.99993587
1.0
0.5059044
0.9999982
0.99999976
1.0
0.9999064
1.0
0.99999094
0.9999969
0.99999785
0.999998
1.0
1.0
1.0
1.0
1.0
1.0
0.99999976
0.9999943
1.0
1.0
0.9998915
1.0
0.99999845
0.9984914
1.0
0.9860225
1.0
1.0
1.0
0.88011366
1.0
0.9999999
1.0
1.0
1.0
0.9989279
0.9998437
1.0
1.0
1.0
0.9999999
1.0
1.0
1.0
1.0
1.0
1.0
1.0
0.9918024
1.0
1.0
1.0
0.9999999
1.0
1.0
1.0
1.0
1.0
1.0
1.0
1.0
1.0
0.99906737
0.9999906
1.0
1.0
1.0
0.9999958
0.99992657
0.9999993
1.0
0.9999988
0.8135872
1.0
0.9999999
1.0
1.0
1.0
1.0
0.999956
0.9918441
0.9999999
1.0
0.9999474
0.9999999
0.9999999
1.0
0.9999999
1.0
0.9857766
0.9999999
1.0
1.0
0.9998832
1.0
0.9978344
1.0
1.0
1.0
1.0
1.0
0.99999964
1.0
0.99999976
0.99999595
0.9999529
1.0
0.9999999
0.9902063
0.9999989
1.0
0.9999927
1.0
0.57331145
1.0
1.0
1.0
0.99999774
0.99995255
0.9999994
1.0
0.9986424
0.99999833
0.9999572
0.9945169
0.9999976
1.0
1.0
1.0
1.0
0.9993648
1.0
0.9999994
0.9999994
1.0
0.9999993
1.0
0.9998591
0.9999963
0.9998884
1.0
0.99998283
1.0
0.9999999
1.0
0.9999883
1.0
1.0
1.0
0.99999547
1.0
1.0
1.0
0.9999995
0.9999993
1.0
1.0
0.9999993
1.0
0.9999802
1.0
1.0
1.0
0.9999999
1.0
0.99999976
1.0
1.0
0.99903417
1.0
1.0
1.0
1.0
0.9999944
0.9984157
1.0
1.0
1.0
0.9999999
0.9999994
1.0
1.0
0.9999999
0.9994803
0.9986419
0.99999976
1.0
0.9983424
1.0
1.0
1.0
0.9999995
0.9999999
0.54928744
1.0
1.0
1.0
1.0
0.9999505
1.0
1.0
0.9999999
1.0
1.0
0.9998394
1.0
0.9257676
1.0
0.9953408
0.9999989
1.0
0.9999821
1.0
1.0
0.999998
0.9999999
1.0
0.99999774
1.0
1.0
0.9999999
0.99999917
1.0
0.99994636
0.9909071
0.99985766
0.9999999
0.9998646
1.0
0.9930952
1.0
1.0
0.99999726
1.0
1.0
1.0
1.0
0.9999943
1.0
0.99999726
1.0
1.0
1.0
0.9998056
0.99999976
0.99999964
0.9999968
1.0
0.99998844
0.62709224
1.0
0.999997
1.0
0.9999862
1.0
1.0
0.9999999
0.99999094
1.0
0.9996935
0.99999976
0.9999989
0.99999976
0.9999993
0.9999981
1.0
0.99999964
0.88530785
1.0
1.0
1.0
0.99999976
1.0
0.99999726
1.0
0.9998549
1.0
0.9999999
0.9957872
0.9999914
1.0
1.0
1.0
1.0
0.9999964
1.0
1.0
0.9999958
1.0
1.0
1.0
0.9999999
1.0
1.0
1.0
1.0
1.0
0.9999999
1.0
1.0
0.9999999
0.96684474
1.0
0.9999956
0.9999993
1.0
0.9999999
1.0
0.9999999
0.9999999
1.0
0.9999485
1.0
0.9999565
1.0
1.0
1.0
1.0
0.993722
1.0
1.0
0.578846
0.99982387
1.0
0.9707781
1.0
1.0
0.99999976
0.93932605
0.99851745
0.9999994
0.9985599
1.0
0.9999999
1.0
0.9999652
1.0
0.9999918
1.0
1.0
1.0
1.0
1.0
0.99999595
1.0
0.9999088
1.0
0.9999999
1.0
1.0
1.0
1.0
0.9999964
1.0
1.0
1.0
1.0
1.0
0.9999211
1.0
0.9647374
1.0
1.0
1.0
0.9999914
1.0
1.0
0.9999825
1.0
1.0
1.0
0.9999826
0.99999964
1.0
0.9999995
0.9991208
0.99999976
1.0
1.0
0.9999974
1.0
1.0
0.9999958
1.0
0.9999969
0.99999964
1.0
0.99999964
1.0
0.9999994
0.99999964
0.9999906
0.9999999
1.0
0.99993014
0.78883135
1.0
1.0
1.0
0.99002445
1.0
1.0
0.9944845
0.99984753
1.0
1.0
1.0
1.0
0.9999956
0.99999595
1.0
1.0
1.0
0.9999999
1.0
0.9999999
0.9999969
0.99999976
0.9999528
1.0
1.0
1.0
0.9999999
1.0
1.0
0.5028977
1.0
1.0
0.99983156
1.0
1.0
0.99999964
1.0
1.0
0.9999988
1.0
1.0
1.0
0.9999999
0.88662744
1.0
0.99999976
1.0
0.999731
0.94106215
1.0
1.0
1.0
1.0
0.9999999
0.9999999
1.0
1.0
1.0
0.9999994
1.0
0.99999607
0.99999976
1.0
0.9999534
1.0
1.0
1.0
0.60928684
0.99999607
1.0
1.0
0.9999974
0.99999964
1.0
1.0
0.9999999
1.0
1.0
1.0
1.0
1.0
1.0
1.0
1.0
0.99650866
0.99999976
0.9999988
0.9999999
0.9999709
1.0
0.9995419
0.99999213
0.9999999
0.9999989
1.0
1.0
0.9999999
1.0
1.0
0.9999999
0.9999944
0.9999989
0.9999938
1.0
1.0
1.0
1.0
0.99994266
1.0
0.9999937
0.9999999
1.0
0.9999999
1.0
1.0
1.0
1.0
1.0
0.9990086
1.0
0.99998796
0.9999999
1.0
0.99999845
0.99999094
1.0
0.9999999
0.899704
0.99999976
0.9999999
1.0
1.0
0.9999995
1.0
0.9999981
0.99999976
1.0
1.0
0.9999993
1.0
0.9999101
0.9999496
1.0
1.0
0.9999999
1.0
1.0
1.0
0.9999981
1.0
1.0
0.9999831
0.9999565
0.9999995
1.0
1.0
1.0
1.0
1.0
0.99927527
1.0
0.9999999
1.0
0.9999999
0.9999993
1.0
0.9999598
0.99801207
0.9948295
1.0
1.0
0.9999161
0.9999949
1.0
0.99999964
1.0
1.0
1.0
1.0
0.99989426
0.9999999
1.0
1.0
0.9999815
1.0
1.0
1.0
0.999997
0.9999995
0.9459767
1.0
0.9999975
1.0
1.0
1.0
1.0
1.0
0.99999976
1.0
1.0
1.0
1.0
1.0
1.0
0.999998
0.99999833
1.0
1.0
1.0
1.0
1.0
0.9872635
1.0
1.0
0.99999976
1.0
0.9999987
1.0
0.9999976
1.0
1.0
1.0
0.9999994
0.9999999
1.0
1.0
0.9999908
1.0
1.0
0.99999845
1.0
1.0
0.9999896
1.0
1.0
0.8954784
0.9999782
1.0
1.0
1.0
0.9999944
0.99999774
0.9975262
0.9997347
0.99951947
1.0
1.0
0.9999491
1.0
1.0
1.0
0.97091305
0.9999999
0.9999999
0.99999976
1.0
0.9999999
1.0
1.0
1.0
1.0
1.0
0.9999993
0.9999999
0.9999994
0.99590755
0.9330183
0.9999962
0.99999964
1.0
1.0
1.0
1.0
1.0
0.99998164
1.0
1.0
1.0
1.0
0.99999857
0.99999845
1.0
0.9999995
0.9999999
0.99999213
0.99998486
1.0
1.0
0.88009804
0.999006
1.0
0.99999976
1.0
1.0
1.0
1.0
0.99999976
1.0
1.0
1.0
1.0
1.0
0.97905934
1.0
0.99743736
1.0
1.0
0.99408925
0.9999957
0.9999999
0.9999988
1.0
0.99984336
0.9999999
0.9885435
0.99999976
0.9999589
1.0
0.99999726
1.0
1.0
1.0
1.0
1.0
0.99999976
0.9999981
0.9999732
1.0
0.9999479
0.99999976
0.99999666
1.0
1.0
1.0
1.0
0.99999475
1.0
0.9999994
0.9999989
0.99912673
1.0
1.0
1.0
0.9999738
1.0
1.0
0.99997663
1.0
1.0
0.99999034
1.0
0.99999976
1.0
1.0
1.0
1.0
1.0
0.99999666
1.0
1.0
1.0
1.0
0.99999857
1.0
1.0
1.0
1.0
0.9988883
1.0
0.9999629
0.9998271
0.9985501
0.9999994
1.0
1.0
0.9999999
1.0
1.0
0.9996841
0.99999857
0.99998724
1.0
1.0
1.0
0.9796522
1.0
1.0
0.99999964
0.99999976
1.0
1.0
0.9999999
1.0
1.0
0.9999014
0.9999963
1.0
1.0
0.9999999
0.99999976
1.0
1.0
1.0
0.9999999
1.0
1.0
0.9937157
0.9999993
1.0
0.9999999
1.0
1.0
0.9999999
0.9999833
1.0
1.0
1.0
0.9999567
0.9983563
1.0
1.0
1.0
1.0
0.99968374
1.0
0.99913377
1.0
1.0
0.9999994
0.9999999
0.9999999
1.0
1.0
1.0
0.99999714
1.0
0.99995136
0.99999833
1.0
1.0
1.0
1.0
1.0
0.9999999
1.0
0.99999964
1.0
1.0
1.0
1.0
0.99999964
1.0
0.9999933
1.0
1.0
1.0
1.0
0.9999931
1.0
1.0
1.0
0.99999857
1.0
0.99994874
1.0
1.0
1.0
1.0
0.9999827
1.0
1.0
1.0
1.0
1.0
0.9998578
1.0
0.99998033
0.9999999
1.0
0.9999963
1.0
0.9999999
1.0
1.0
1.0
0.9999999
0.99999964
1.0
0.9999999
1.0
0.9999865
1.0
1.0
1.0
1.0
0.9999931
1.0
0.99999976
0.99999964
1.0
1.0
1.0
0.9999914
1.0
1.0
0.9999995
0.9999969
1.0
1.0
1.0
1.0
1.0
0.9999999
0.9999999
0.999997
1.0
0.9999987
1.0
0.9999999
0.99999964
1.0
1.0
0.9999995
1.0
1.0
0.9999672
1.0
0.9999995
0.99999905
1.0
1.0
1.0
1.0
0.9999989
0.99999654
0.9999999
0.9999993
1.0
0.99999976
1.0
1.0
1.0
0.99999535
1.0
1.0
1.0
1.0
0.9999999
0.9999938
0.9999795
1.0
1.0
1.0
0.99999964
1.0
0.92600185
1.0
1.0
1.0
0.9999999
1.0
1.0
1.0
0.99999607
0.99999976
1.0
0.9999963
1.0
0.85043573
0.99999535
1.0
0.9999999
0.9999999
0.99999535
0.999982
1.0
1.0
1.0
1.0
1.0
0.9999994
1.0
0.99999976
0.999998
1.0
1.0
1.0
0.99613464
1.0
1.0
0.9999875
1.0
0.99999905
0.9580732
1.0
0.99998593
1.0
1.0
1.0
1.0
0.99999976
1.0
1.0
1.0
0.99888223
0.99990356
1.0
1.0
0.99999976
1.0
0.9999994
0.9994369
1.0
1.0
1.0
0.9999999
1.0
1.0
0.99999774
1.0
1.0
1.0
0.9999136
1.0
1.0
1.0
1.0
0.999845
1.0
0.999987
1.0
0.99999905
1.0
0.9999993
0.99999976
0.9999696
1.0
0.9999999
0.9999945
1.0
1.0
1.0
1.0
1.0
1.0
0.9999999
1.0
0.99999976
0.99999475
0.99999523
1.0
1.0
1.0
1.0
1.0
1.0
0.9998733
1.0
1.0
1.0
1.0
0.9999999
1.0
1.0
1.0
1.0
0.99999976
1.0
0.9999994
1.0
0.9999995
0.9999969
0.9999993
1.0
0.76128674
0.99998856
1.0
1.0
0.9999243
0.9999999
1.0
0.99999976
1.0
0.99999857
1.0
1.0
1.0
1.0
1.0
0.99995196
0.99998236
1.0
1.0
0.9999995
0.9999987
1.0
0.9984297
0.9999988
0.99999833
1.0
1.0
1.0
1.0
1.0
1.0
1.0
0.9989084
1.0
1.0
1.0
1.0
1.0
1.0
1.0
1.0
1.0
0.99951756
1.0
1.0
1.0
1.0
1.0
1.0
1.0
1.0
1.0
0.9999876
0.9999999
1.0
0.99999976
1.0
1.0
1.0
1.0
1.0
1.0
1.0
1.0
1.0
0.99999976
1.0
1.0
1.0
0.99999917
1.0
1.0
1.0
1.0
1.0
0.9999999
1.0
1.0
0.99999976
1.0
1.0
1.0
1.0
1.0
1.0
0.7752428
1.0
1.0
1.0
0.99999917
1.0
1.0
1.0
1.0
1.0
1.0
1.0
0.99998915
1.0
1.0
1.0
1.0
1.0
1.0
1.0
1.0
1.0
1.0
1.0
0.9999999
1.0
1.0
0.9999994
1.0
0.99996626
1.0
1.0
0.9999958
1.0
1.0
1.0
1.0
1.0
1.0
1.0
0.99999714
0.99999976
1.0
1.0
0.9999995
1.0
1.0
1.0
0.99998856
0.9999927
1.0
1.0
1.0
1.0
1.0
1.0
1.0
0.99999976
1.0
1.0
1.0
1.0
1.0
0.99994946
1.0
1.0
0.9999999
1.0
1.0
1.0
0.9999976
1.0
0.9999999
1.0
0.99999774
1.0
0.9998665
0.99999976
0.99999845
1.0
1.0
1.0
1.0
1.0
1.0
0.9999999
0.9999988
1.0
1.0
1.0
0.99999976
1.0
1.0
0.99999154
1.0
1.0
0.9999974
1.0
0.9999999
1.0
1.0
1.0
1.0
1.0
1.0
1.0
1.0
1.0
1.0
1.0
1.0
1.0
1.0
1.0
1.0
1.0
0.9999995
1.0
0.99986327
0.999938
1.0
0.9999999
1.0
1.0
1.0
0.9999987
0.99692494
1.0
0.9999995
1.0
1.0
1.0
1.0
1.0
1.0
1.0
1.0
1.0
1.0
0.9999995
1.0
1.0
1.0
1.0
1.0
1.0
1.0
1.0
1.0
1.0
1.0
1.0
0.99999964
1.0
1.0
1.0
1.0
1.0
1.0
1.0
0.9999976
1.0
1.0
1.0
1.0
0.9999999
1.0
1.0
1.0
1.0
1.0
0.9999987
1.0
0.9999993
1.0
1.0
0.9999999
1.0
1.0
0.9999999
1.0
0.9999999
1.0
1.0
1.0
1.0
1.0
1.0
0.9999739
1.0
1.0
0.9999778
0.9999999
1.0
0.9999995
0.99999726
0.99999964
0.9999999
1.0
1.0
1.0
0.99999964
1.0
1.0
1.0
0.99999547
0.99999964
1.0
1.0
1.0
0.9999999
1.0
1.0
1.0
1.0
0.999998
0.9999962
1.0
1.0
1.0
1.0
1.0
1.0
1.0
1.0
0.9999994
1.0
1.0
0.9999993
1.0
0.99999475
0.9999994
1.0
0.9998455
0.9999999
1.0
1.0
1.0
0.9999958
1.0
1.0
1.0
0.9999461
1.0
1.0
1.0
0.9999999
0.9999994
1.0
0.9999957
1.0
0.99999964
0.9999969
1.0
1.0
0.9985629
1.0
1.0
1.0
1.0
1.0
1.0
1.0
0.99999976
0.99999464
1.0
1.0
1.0
1.0
0.9984925
0.9999958
0.99999845
0.99999964
1.0
1.0
1.0
1.0
1.0
1.0
0.9999999
1.0
0.9999994
0.99999523
1.0
0.9999999
1.0
1.0
1.0
1.0
0.9999939
1.0
1.0
0.99893624
1.0
1.0
0.9999702
0.99999917
1.0
1.0
1.0
1.0
1.0
1.0
0.9659981
1.0
0.99991477
1.0
1.0
0.99996936
0.99999964
0.9999974
0.99579877
0.99999547
1.0
1.0
1.0
0.9999697
0.9993777
0.99867237
1.0
1.0
1.0
0.9999994
0.9985719
0.9999931
1.0
0.9999987
1.0
1.0
1.0
1.0
1.0
0.9999994
1.0
1.0
1.0
0.9999995
1.0
1.0
0.9999995
1.0
0.99999976
1.0
1.0
1.0
0.9999976
0.9999969
0.999982
1.0
0.9999999
1.0
1.0
0.999997
1.0
1.0
1.0
1.0
0.9999893
1.0
1.0
1.0
1.0
1.0
1.0
1.0
0.9999999
1.0
1.0
1.0
1.0
1.0
1.0
0.9999958
0.9999995
1.0
1.0
1.0
0.9999993
0.99998987
1.0
1.0
1.0
1.0
0.9999932
1.0
1.0
0.9999982
1.0
0.99999845
0.99999857
1.0
1.0
1.0
1.0
1.0
0.9999993
0.99999976
0.99997973
1.0
1.0
0.9999995
0.9999999
1.0
0.9947226
0.9998604
0.9452062
1.0
1.0
1.0
0.9999999
1.0
0.9999999
0.999967
1.0
0.9997218
1.0
1.0
1.0
0.8532453
1.0
1.0
0.9999572
1.0
0.99999976
1.0
0.9999901
0.99999976
1.0
1.0
1.0
1.0
1.0
0.99999964
1.0
1.0
1.0
1.0
1.0
0.99999976
1.0
1.0
0.9999995
0.99999774
1.0
1.0
1.0
1.0
0.99998784
1.0
1.0
1.0
1.0
1.0
0.99999976
1.0
1.0
0.99998033
1.0
1.0
0.9999994
1.0
1.0
1.0
1.0
1.0
1.0
1.0
1.0
1.0
0.99999976
0.99947995
0.9999863
0.9999999
1.0
1.0
0.9999995
0.99998987
1.0
1.0
1.0
1.0
0.99999976
1.0
0.99999976
1.0
1.0
1.0
1.0
1.0
0.99999964
0.9999999
1.0
0.99999714
1.0
1.0
1.0
0.9986846
0.9999536
1.0
1.0
1.0
1.0
1.0
1.0
0.99987996
1.0
0.99999857
1.0
1.0
0.9999993
0.99999785
0.99999964
1.0
1.0
0.9999999
1.0
1.0
1.0
0.99999976
1.0
1.0
1.0
1.0
1.0
1.0
1.0
1.0
1.0
1.0
1.0
1.0
1.0
1.0
1.0
1.0
1.0
1.0
1.0
1.0
1.0
0.99999976
1.0
1.0
1.0
1.0
1.0
0.9973139
1.0
1.0
1.0
1.0
1.0
1.0
1.0
0.99999964
1.0
0.9835649
0.98843133
1.0
0.9999994
1.0
1.0
1.0
1.0
0.99999964
1.0
0.9999999
1.0
0.9999999
1.0
1.0
1.0
0.9999982
1.0
1.0
0.9999193
0.99999845
1.0
0.9999999
1.0
1.0
0.99999094
1.0
0.9999988
1.0
0.9999999
1.0
0.999998
1.0
1.0
0.99998605
0.99999964
1.0
0.9999956
1.0
0.9999863
1.0
1.0
1.0
1.0
1.0
1.0
1.0
1.0
0.99998355
0.9877406
0.87780553
0.99999964
0.9999758
1.0
1.0
0.9999999
0.9999999
1.0
1.0
1.0
1.0
1.0
0.9999994
1.0
0.99999976
1.0
1.0
1.0
0.9989504
1.0
1.0
1.0
0.99997485
1.0
0.99999917
1.0
0.99978954
1.0
0.99999976
1.0
1.0
1.0
1.0
1.0
0.9999999
0.9999968
0.9997174
0.99999976
1.0
1.0
0.9999951
1.0
1.0
0.99998844
0.99608
0.99515766
0.9999999
1.0
0.9999995
1.0
0.99998045
1.0
0.9999931
1.0
1.0
0.9999999
1.0
1.0
1.0
0.9999994
0.9987287
0.9999976
1.0
0.99999833
0.9999999
0.9999937
1.0
0.9999815
1.0
0.99999213
0.9999995
1.0
0.9999968
0.99999976
0.9998797
1.0
1.0
1.0
1.0
1.0
1.0
1.0
1.0
0.9999981
1.0
0.9999999
0.9995913
1.0
1.0
0.9999236
1.0
0.9999933
0.9999993
1.0
0.99999714
1.0
0.99999964
1.0
0.9968646
1.0
0.9999999
1.0
1.0
0.9999999
1.0
0.99999833
1.0
1.0
0.99999774
1.0
1.0
0.9999994
1.0
0.99999964
1.0
1.0
0.99999917
0.99999917
1.0
1.0
1.0
1.0
0.9999659
1.0
1.0
1.0
0.9999999
1.0
0.99866116
1.0
1.0
1.0
1.0
0.9999999
0.9997383
0.9999684
0.9999995
1.0
0.99999785
1.0
1.0
1.0
0.9999995
0.9999995
0.9650723
0.99999964
1.0
0.99999964
1.0
1.0
1.0
1.0
1.0
1.0
0.6061725
1.0
0.99996483
1.0
1.0
1.0
1.0
1.0
1.0
1.0
0.9999994
1.0
1.0
1.0
1.0
1.0
0.9999975
1.0
0.99999905
1.0
1.0
0.99737215
1.0
1.0
1.0
0.99999976
1.0
1.0
1.0
1.0
0.99999154
1.0
1.0
0.9999988
1.0
0.9999995
1.0
1.0
1.0
1.0
1.0
1.0
1.0
1.0
1.0
1.0
0.9999993
1.0
1.0
0.99999976
1.0
1.0
1.0
1.0
1.0
1.0
1.0
1.0
1.0
1.0
0.99999964
1.0
1.0
1.0
1.0
1.0
0.99604285
0.9999999
1.0
1.0
0.9999198
1.0
0.9999988
1.0
1.0
0.83134025
1.0
0.9992204
1.0
0.9999989
1.0
0.99148095
0.95283914
0.99994516
1.0
1.0
1.0
1.0
0.9999999
1.0
1.0
1.0
1.0
1.0
1.0
1.0
1.0
0.9999988
1.0
1.0
1.0
1.0
1.0
1.0
1.0
1.0
1.0
1.0
1.0
1.0
1.0
1.0
1.0
1.0
1.0
1.0
1.0
1.0
1.0
1.0
1.0
1.0
1.0
0.99999857
1.0
1.0
1.0
1.0
1.0
1.0
1.0
1.0
0.99999905
1.0
0.9999999
1.0
0.9999999
0.99999964
1.0
0.9999988
1.0
1.0
1.0
0.9999999
0.9999995
1.0
1.0
1.0
1.0
1.0
0.9999995
0.9999938
0.99994206
1.0
1.0
1.0
1.0
1.0
1.0
0.99999976
1.0
1.0
1.0
1.0
1.0
1.0
1.0
1.0
1.0
1.0
1.0
1.0
1.0
1.0
1.0
0.99999964
1.0
1.0
1.0
1.0
1.0
1.0
1.0
1.0
1.0
1.0
1.0
1.0
1.0
1.0
1.0
1.0
1.0
1.0
1.0
1.0
1.0
1.0
1.0
1.0
1.0
1.0
1.0
1.0
1.0
1.0
1.0
0.99999976
1.0
1.0
1.0
1.0
0.9999993
1.0
0.9999893
0.9999981
1.0
1.0
1.0
1.0
1.0
1.0
1.0
1.0
1.0
1.0
1.0
1.0
1.0
1.0
1.0
1.0
1.0
1.0
1.0
1.0
1.0
1.0
1.0
1.0
1.0
1.0
1.0
1.0
1.0
1.0
1.0
1.0
1.0
1.0
1.0
1.0
1.0
0.999982
1.0
1.0
0.9999907
1.0
1.0
1.0
0.9999995
1.0
1.0
1.0
1.0
1.0
1.0
1.0
1.0
1.0
1.0
1.0
1.0
1.0
1.0
0.9999999
1.0
1.0
1.0
1.0
1.0
1.0
1.0
1.0
1.0
0.9999995
1.0
1.0
1.0
1.0
1.0
1.0
1.0
1.0
1.0
1.0
1.0
1.0
1.0
1.0
0.9992073
0.99999976
0.99994636
1.0
1.0
1.0
1.0
0.999984
1.0
0.9999832
0.99994016
1.0
1.0
1.0
1.0
1.0
1.0
1.0
0.9999995
0.99999964
0.99985826
1.0
1.0
1.0
1.0
0.9999999
1.0
0.9999852
1.0
0.99999917
1.0
0.99999976
1.0
0.99999976
1.0
0.99970275
1.0
0.99999
1.0
1.0
1.0
1.0
1.0
0.9999993
1.0
1.0
1.0
1.0
1.0
1.0
0.99998415
1.0
0.9999995
0.99999976
1.0
0.999998
1.0
1.0
0.9999999
1.0
1.0
0.99999726
0.9999994
0.99999964
0.99999833
1.0
1.0
0.99997425
1.0
1.0
1.0
1.0
1.0
1.0
1.0
1.0
1.0
1.0
1.0
0.99998236
0.9998473
1.0
0.9999914
1.0
1.0
1.0
0.9999994
1.0
1.0
0.9999573
0.99999976
1.0
1.0
1.0
1.0
1.0
0.9999999
1.0
1.0
1.0
1.0
0.9999999
1.0
1.0
0.99993026
0.99999964
1.0
1.0
0.9999999
1.0
0.99999976
1.0
0.99999964
1.0
0.9826439
1.0
1.0
1.0
1.0
1.0
0.9999999
0.99999833
1.0
1.0
1.0
1.0
0.99998856
1.0
1.0
0.9999995
0.9999999
1.0
0.9999964
1.0
1.0
1.0
1.0
0.99999833
1.0
1.0
1.0
0.9994593
1.0
0.9999995
1.0
1.0
0.99999964
0.94891137
0.9999939
1.0
1.0
0.99999833
1.0
0.9999964
1.0
0.999928
1.0
0.9999999
0.9999968
1.0
1.0
0.99999976
0.9999416
0.98897856
0.76287013
1.0
0.999853
0.98559815
1.0
0.8652098
0.9970197
0.99999666
1.0
0.99999964
0.99959236
1.0
0.99999595
0.99995995
0.99826956
0.99999607
0.94809574
0.99996185
0.99999595
0.9733227
0.9999865
0.9967514
0.9999734
0.9978631
1.0
0.9999974
0.99999917
1.0
1.0
0.99999917
1.0
0.9999993
1.0
0.9999888
0.9999999
0.9999988
1.0
0.99879277
1.0
0.99999917
1.0
0.9999939
0.772031
0.9965836
0.9960419
1.0
1.0
0.99997175
0.9999335
1.0
0.9980215
0.99999964
1.0
0.9993755
0.99999845
0.99999964
1.0
1.0
0.9999919
0.9999188
0.99970204
1.0
0.9999516
0.9999988
0.99999917
1.0
0.9999378
0.9999982
0.9999999
0.99999714
0.34482694
0.9999999
0.99998784
1.0
1.0
1.0
0.9997378
0.9997123
1.0
1.0
0.99999917
0.9998977
0.9999995
1.0
1.0
1.0
0.999997
0.99999845
0.9999825
1.0
0.9999982
1.0
1.0
1.0
1.0
0.9999987
0.9027552
1.0
1.0
1.0
1.0
0.9999938
1.0
1.0
1.0
1.0
0.99999976
0.99998856
1.0
1.0
1.0
0.9999999
0.99999666
0.99999106
0.9999988
1.0
1.0
0.9991103
1.0
1.0
0.9999999
1.0
0.999881
1.0
1.0
1.0
0.99996233
1.0
1.0
0.99999976
1.0
1.0
1.0
0.9999974
1.0
1.0
0.99997425
0.99999833
1.0
0.9999993
1.0
1.0
1.0
1.0
1.0
0.9999994
1.0
1.0
0.99999905
1.0
1.0
0.9998723
0.9999975
0.99999976
0.99999094
0.9999963
1.0
1.0
1.0
1.0
1.0
1.0
0.99999714
0.99981457
1.0
1.0
0.99859613
0.9999963
1.0
0.99999416
0.9960418
1.0
1.0
1.0
1.0
0.9999933
0.9999993
0.99984443
1.0
1.0
0.99999976
1.0
0.9999995
1.0
1.0
0.99461246
0.9999491
1.0
0.9999999
0.89908427
0.99999297
1.0
0.99875784
1.0
0.99999905
0.9999958
1.0
1.0
0.99999976
0.999987
0.98167187
0.99732363
1.0
1.0
0.9999813
0.9999993
0.9999999
0.9999956
1.0
0.9998456
0.99995995
0.9999999
1.0
0.9999877
0.99984777
1.0
1.0
1.0
1.0
0.9999974
1.0
1.0
1.0
0.99999976
0.99999917
0.9999573
1.0
0.9999964
0.57166284
0.9996898
0.9999999
1.0
0.9999958
1.0
1.0
1.0
0.9999919
1.0
0.99995494
1.0
1.0
0.9965139
0.9999999
1.0
1.0
1.0
1.0
1.0
1.0
1.0
1.0
0.99999976
0.9978967
1.0
1.0
1.0
0.9999989
1.0
0.9999988
1.0
1.0
1.0
0.9999478
0.99999905
1.0
1.0
1.0
1.0
1.0
1.0
1.0
1.0
0.99995613
1.0
1.0
1.0
1.0
1.0
1.0
1.0
1.0
1.0
1.0
1.0
1.0
0.9999999
0.9999999
1.0
1.0
1.0
0.99999964
1.0
0.9983388
1.0
1.0
1.0
1.0
0.9999968
1.0
1.0
1.0
1.0
1.0
1.0
1.0
1.0
1.0
1.0
1.0
1.0
1.0
1.0
1.0
1.0
1.0
1.0
1.0
1.0
1.0
1.0
1.0
1.0
1.0
0.9999919
1.0
1.0
1.0
1.0
0.99915564
1.0
0.9999993
0.99999976
0.9999999
1.0
1.0
1.0
1.0
1.0
1.0
0.99999845
0.99927956
1.0
1.0
1.0
0.9998971
1.0
1.0
1.0
0.9999995
1.0
0.99999976
0.99993527
1.0
1.0
0.99999857
0.9999924
1.0
0.9999951
1.0
0.99999857
1.0
1.0
1.0
1.0
0.99997187
0.99999917
1.0
1.0
0.99999964
1.0
0.99999905
0.9999999
1.0
1.0
0.99999833
1.0
1.0
1.0
1.0
1.0
1.0
1.0
0.9999995
1.0
1.0
0.999995
1.0
1.0
0.9999999
0.99999976
0.999853
1.0
1.0
1.0
1.0
0.99999976
1.0
1.0
1.0
0.9999609
1.0
1.0
1.0
1.0
0.9999999
1.0
1.0
0.99998474
1.0
1.0
1.0
1.0
0.9999994
0.9999963
1.0
1.0
0.9999851
1.0
1.0
1.0
0.9999999
1.0
1.0
1.0
1.0
0.9999994
0.99999785
1.0
1.0
1.0
1.0
0.99999857
1.0
1.0
1.0
1.0
1.0
1.0
1.0
1.0
1.0
1.0
0.9999999
0.99996626
1.0
1.0
1.0
0.9999999
1.0
1.0
1.0
1.0
1.0
1.0
1.0
1.0
1.0
1.0
1.0
1.0
1.0
1.0
1.0
1.0
1.0
1.0
0.9999995
1.0
1.0
1.0
0.9999999
1.0
1.0
0.9999987
1.0
0.9999889
0.99992
1.0
1.0
1.0
0.99999976
1.0
0.9999999
1.0
1.0
1.0
1.0
1.0
0.9999999
0.9999999
1.0
1.0
1.0
1.0
0.97679627
1.0
0.99999976
1.0
1.0
0.9998047
1.0
1.0
1.0
1.0
1.0
1.0
0.9999925
1.0
1.0
0.9998653
1.0
1.0
1.0
0.99999976
0.99999976
0.9999999
0.99998987
1.0
1.0
0.999997
1.0
1.0
1.0
1.0
0.99998856
1.0
0.9999827
1.0
1.0
0.99999905
1.0
1.0
1.0
1.0
0.9999962
1.0
1.0
1.0
0.99996066
0.9995555
0.9999186
1.0
1.0
0.99999845
0.99999976
0.9999821
1.0
1.0
1.0
1.0
1.0
0.9999976
0.9998392
1.0
1.0
0.9999999
0.9999999
1.0
1.0
1.0
0.999845
1.0
1.0
0.99999964
1.0
0.99999964
0.98288476
1.0
1.0
1.0
1.0
0.9999999
1.0
0.99999285
1.0
1.0
1.0
0.9999548
1.0
1.0
0.9992859
0.9999964
1.0
1.0
1.0
1.0
1.0
1.0
1.0
1.0
1.0
0.9999999
1.0
0.9999548
0.99999964
1.0
0.99999964
1.0
1.0
0.9972994
1.0
0.99997556
1.0
1.0
1.0
1.0
0.99999976
0.9999987
1.0
1.0
1.0
1.0
1.0
0.9999908
1.0
1.0
1.0
1.0
1.0
0.99999535
1.0
1.0
1.0
1.0
0.99992883
1.0
1.0
0.99999607
1.0
1.0
1.0
1.0
1.0
1.0
1.0
1.0
1.0
1.0
0.9999999
1.0
1.0
0.99999774
1.0
0.82444465
1.0
1.0
1.0
1.0
1.0
0.9999993
0.99999297
1.0
1.0
0.99994314
0.99999416
0.9999535
0.9999999
0.9754557
1.0
1.0
1.0
0.9072343
0.99999976
1.0
0.9999999
0.999962
0.9999993
1.0
1.0
0.99999917
0.9999999
1.0
1.0
1.0
0.999984
1.0
0.9999969
1.0
0.99938476
0.9999999
0.99442446
0.9999994
0.99999833
0.999997
0.9999999
0.9999994
1.0
0.9999993
1.0
1.0
0.99999833
1.0
0.9999999
1.0
0.99995744
1.0
1.0
1.0
1.0
1.0
0.9999019
0.9999999
1.0
0.99994946
0.9999987
0.99996424
0.99998677
1.0
0.9999994
1.0
0.9999875
0.999997
0.9999621
0.99837
1.0
1.0
0.99999905
0.9999999
1.0
1.0
1.0
1.0
1.0
0.99983025
0.9999999
1.0
1.0
1.0
1.0
1.0
1.0
1.0
0.99999845
0.99999726
1.0
1.0
0.9999795
1.0
1.0
1.0
1.0
1.0
1.0
0.9999994
1.0
1.0
1.0
1.0
1.0
0.9999999
1.0
1.0
0.99999976
0.9999999
0.9979765
0.9999999
1.0
1.0
1.0
1.0
0.9999999
1.0
0.99999917
0.99999964
1.0
1.0
1.0
1.0
1.0
0.9999999
1.0
1.0
0.9999999
1.0
1.0
1.0
1.0
1.0
1.0
0.9999999
0.9999987
0.9999999
0.99998593
1.0
1.0
1.0
1.0
0.9999999
0.99999964
1.0
0.99999535
1.0
0.9999994
0.99999964
0.9999784
1.0
1.0
0.99999976
1.0
0.976146
1.0
0.9999993
1.0
1.0
0.9999999
1.0
1.0
1.0
0.99999917
0.99999964
1.0
1.0
1.0
0.9999999
1.0
0.99999654
1.0
1.0
1.0
1.0
0.9999951
1.0
0.9999995
1.0
0.9999994
0.9999995
0.9999994
0.9999988
1.0
0.99970645
0.9999994
0.99999964
0.9999999
1.0
0.9999999
0.99998045
1.0
0.99999535
1.0
1.0
1.0
1.0
1.0
1.0
1.0
0.9999975
0.99999523
1.0
0.9999987
0.9999527
1.0
0.9999999
0.9999933
0.99999833
1.0
0.99999976
1.0
1.0
0.99892753
1.0
0.99999905
0.9999981
0.99999964
1.0
0.99999964
0.99999833
0.9999999
1.0
0.9999989
1.0
0.99999964
0.9999987
0.99999845
1.0
1.0
0.9999995
0.99996424
0.9997484
0.9999964
0.99836475
1.0
1.0
1.0
1.0
0.9999999
0.9999999
0.9990563
1.0
0.99999905
0.9999999
0.99999905
1.0
0.99999976
1.0
0.99999774
1.0
0.9999424
1.0
1.0
1.0
0.9999995
0.9999982
0.9981687
0.9999999
1.0
1.0
0.999997
0.99999833
1.0
1.0
0.9998703
0.9999939
1.0
0.9999999
1.0
1.0
0.9999999
0.9988656
0.9998159
1.0
1.0
0.9999747
0.9999999
1.0
0.99999774
1.0
1.0
0.99999905
0.9993412
1.0
1.0
0.99998224
0.99999964
0.9999999
1.0
0.99999845
0.99667346
0.9999608
0.9999993
1.0
1.0
1.0
0.9999999
0.99986494
1.0
1.0
1.0
1.0
0.9999994
0.99999976
0.991452
1.0
1.0
1.0
1.0
1.0
0.99999976
1.0
1.0
0.9993007
0.9999809
1.0
1.0
1.0
1.0
1.0
1.0
0.99999964
0.9999889
0.9999951
1.0
1.0
1.0
1.0
0.99999976
0.9999999
1.0
0.9999999
0.9999993
1.0
0.99999976
1.0
1.0
0.9999713
0.99999535
1.0
1.0
1.0
1.0
0.9999981
0.99773276
1.0
1.0
1.0
1.0
1.0
0.9999999
0.9999684
1.0
1.0
0.99999714
0.9999999
1.0
0.99983
1.0
0.99999964
1.0
0.9999999
1.0
1.0
0.99996936
0.9999825
1.0
1.0
0.9999703
1.0
0.99999976
0.9999883
0.9999987
0.9988533
0.99999976
0.9999999
1.0
1.0
0.9999995
0.99980575
1.0
1.0
1.0
0.9999994
1.0
0.99999774
0.99999976
1.0
1.0
1.0
1.0
0.9999999
1.0
0.99999976
1.0
1.0
1.0
1.0
0.9999974
1.0
1.0
1.0
0.99999917
1.0
0.99999595
0.9997563
1.0
1.0
1.0
1.0
1.0
1.0
1.0
1.0
1.0
0.9999999
1.0
1.0
0.99999046
0.9999999
1.0
1.0
1.0
1.0
1.0
1.0
0.99999535
1.0
1.0
1.0
0.9999999
1.0
1.0
0.99999976
1.0
1.0
0.99974054
1.0
0.9999999
0.9999969
0.99999905
1.0
1.0
0.9999999
0.9999999
1.0
1.0
1.0
1.0
1.0
0.999992
1.0
0.9999999
1.0
1.0
0.99999964
1.0
1.0
0.99999964
1.0
1.0
1.0
1.0
1.0
1.0
1.0
1.0
1.0
1.0
1.0
0.9999999
0.99999905
0.99999976
1.0
1.0
0.9999999
1.0
1.0
0.9999976
0.99999976
1.0
1.0
0.99999917
1.0
1.0
1.0
1.0
1.0
0.9999995
1.0
1.0
0.9999975
1.0
1.0
1.0
1.0
0.9999994
0.9999995
1.0
1.0
1.0
1.0
1.0
1.0
1.0
1.0
1.0
1.0
1.0
1.0
1.0
1.0
1.0
1.0
1.0
1.0
1.0
1.0
1.0
0.9999912
1.0
1.0
1.0
0.9999999
1.0
1.0
1.0
0.99999976
0.9999993
1.0
1.0
0.9999975
1.0
0.999992
0.99970764
0.9997677
1.0
0.9999999
0.9999995
1.0
1.0
1.0
0.9999999
1.0
1.0
0.9999987
0.9999987
1.0
0.9999919
1.0
1.0
1.0
1.0
0.99999964
1.0
0.99999976
1.0
1.0
1.0
0.9999981
1.0
1.0
1.0
1.0
1.0
0.99999976
1.0
1.0
0.9999999
1.0
1.0
0.99999607
0.9999989
1.0
1.0
1.0
1.0
1.0
0.9999995
1.0
0.9999901
0.99999976
0.99999964
1.0
1.0
0.99999774
1.0
1.0
0.9999999
0.9999995
0.9999999
1.0
1.0
0.9999999
0.9999999
0.9999994
0.9999982
1.0
0.99999464
0.9999969
0.9999989
0.99999976
1.0
1.0
1.0
1.0
0.9999999
1.0
1.0
0.9999999
1.0
0.999998
0.9999454
1.0
0.99999845
1.0
0.9999976
1.0
1.0
0.99999857
0.9999933
0.9999989
0.99999976
1.0
1.0
1.0
1.0
0.9999999
1.0
0.9999988
1.0
1.0
1.0
1.0
1.0
1.0
0.99999785
1.0
0.9998907
0.9999945
0.99999225
0.99997604
1.0
0.999998
0.9986314
1.0
0.9999181
0.99999964
0.79632026
0.99999976
0.99983895
0.99999106
0.99351466
0.9999995
1.0
0.99940836
0.9999963
0.9999999
0.9999999
0.99988794
0.9999968
1.0
0.9999994
0.9999999
0.99999905
0.99999964
1.0
1.0
0.99999976
0.99999964
1.0
1.0
1.0
0.99999726
0.9999887
0.99999535
0.99999845
1.0
1.0
0.9999999
1.0
1.0
1.0
1.0
1.0
0.9999726
0.9999777
1.0
0.9999999
1.0
0.999998
1.0
0.9999981
0.99998736
1.0
0.9999999
1.0
0.9999864
0.9994312
0.9999913
1.0
0.9981477
0.9998424
1.0
0.9999999
0.99999976
0.9999976
0.99999917
0.9999999
1.0
0.9999988
0.99998415
1.0
0.9999976
0.99905556
0.99996054
0.99986136
0.99999845
1.0
0.99999785
0.98803306
1.0
0.9999999
0.9999845
0.99995124
0.9999999
0.99995625
0.9987612
1.0
0.99999976
1.0
0.9999999
1.0
0.9999962
1.0
1.0
1.0
1.0
1.0
1.0
1.0
1.0
1.0
1.0
0.9999981
1.0
1.0
1.0
1.0
1.0
1.0
0.99999106
1.0
1.0
1.0
1.0
1.0
1.0
1.0
1.0
1.0
0.99999976
1.0
0.9999995
1.0
1.0
1.0
1.0
1.0
1.0
0.9992982
1.0
1.0
1.0
1.0
1.0
1.0
0.9999999
1.0
1.0
1.0
1.0
1.0
1.0
0.9999207
0.9999957
1.0
1.0
1.0
0.99999416
0.9998801
0.9999999
1.0
0.9999987
1.0
1.0
1.0
0.9999876
0.99999833
0.9999999
1.0
1.0
0.9999993
1.0
1.0
1.0
1.0
0.99999404
1.0
1.0
1.0
1.0
1.0
1.0
1.0
0.9997737
0.99999976
1.0
1.0
0.99999297
0.9999999
0.9999999
1.0
1.0
1.0
1.0
1.0
0.99999976
0.9999999
0.9999993
0.99999917
1.0
1.0
1.0
1.0
1.0
1.0
1.0
1.0
1.0
1.0
1.0
0.9999999
1.0
1.0
1.0
0.9999982
1.0
1.0
1.0
1.0
1.0
1.0
1.0
0.99999845
1.0
1.0
1.0
0.9090661
1.0
0.9689673
1.0
0.99960786
0.9999008
0.9998741
0.99999964
1.0
1.0
0.9798553
1.0
0.99993753
1.0
1.0
0.9999989
0.9992435
1.0
0.99999964
0.99999595
0.99950266
1.0
0.999998
1.0
1.0
0.9999788
1.0
1.0
1.0
1.0
1.0
1.0
0.9990337
0.99968255
0.99791616
0.95605564
0.99962723
1.0
0.9999993
0.9999995
1.0
1.0
0.9999999
0.9995832
0.9999802
0.9978967
0.99926466
0.99993694
0.9999715
1.0
0.99999726
0.99980813
1.0
0.9999975
1.0
0.9999999
0.9994722
1.0
1.0
1.0
0.99999976
1.0
1.0
1.0
0.99999785
0.9999999
1.0
0.9999927
1.0
0.99995327
1.0
1.0
1.0
1.0
1.0
1.0
1.0
0.99999416
1.0
1.0
0.99997294
1.0
1.0
1.0
0.99999666
1.0
1.0
1.0
1.0
1.0
1.0
0.9999988
0.9999795
1.0
0.99993384
1.0
1.0
0.99999785
1.0
1.0
1.0
1.0
1.0
1.0
1.0
1.0
0.9999981
1.0
1.0
0.9999999
1.0
1.0
0.99999523
0.9999995
0.9999999
1.0
1.0
1.0
1.0
1.0
1.0
0.9999999
0.99967444
0.9776765
0.9996031
0.9999883
0.99999964
1.0
1.0
0.9999999
1.0
1.0
1.0
1.0
1.0
0.99999905
1.0
0.9997341
0.99999857
0.9999995
0.99999917
0.9999999
1.0
0.9999994
0.99998593
1.0
1.0
1.0
0.9999995
0.9999994
1.0
0.99999964
1.0
1.0
0.99998915
1.0
1.0
1.0
0.99966717
0.9999999
1.0
1.0
1.0
1.0
1.0
1.0
0.999995
1.0
0.9999727
0.9980033
1.0
0.9998363
1.0
1.0
1.0
0.9999999
1.0
0.9999999
1.0
1.0
1.0
0.9999999
1.0
0.999997
0.9998988
0.9999995
0.99992824
0.9715756
1.0
1.0
1.0
0.9999969
1.0
1.0
0.9999993
0.999966
0.99999714
0.99999607
1.0
0.9999999
0.9989453
0.9999999
1.0
0.9999963
1.0
1.0
0.99999976
1.0
0.9999877
1.0
1.0
1.0
1.0
0.99999464
0.8539287
0.99994767
1.0
1.0
0.99617046
0.99901056
0.99965405
1.0
0.9999789
0.9999999
0.99999964
1.0
0.9999999
0.9999995
0.9999796
0.99992895
1.0
1.0
1.0
0.9999988
1.0
0.9999999
0.9999653
1.0
1.0
0.9999999
1.0
1.0
1.0
1.0
1.0
1.0
0.9999999
1.0
1.0
0.9999999
1.0
0.999997
0.98973536
1.0
1.0
1.0
0.9995548
0.99947935
0.9999995
0.9999999
0.999997
0.9991455
1.0
0.9996494
0.9999274
1.0
0.7968414
0.99580944
1.0
1.0
1.0
1.0
1.0
0.99755067
1.0
0.9998357
0.9999999
1.0
1.0
1.0
0.9999325
1.0
1.0
1.0
0.99999976
1.0
1.0
1.0
0.9999999
1.0
0.99999905
0.9999999
0.99999917
1.0
0.99999917
0.9999988
1.0
0.9999994
0.9999988
0.99999666
0.9999975
1.0
0.9999999
0.9999958
1.0
1.0
1.0
1.0
1.0
1.0
1.0
1.0
0.9999994
0.99999905
0.99999976
0.9999958
0.999744
0.9999763
0.9999994
1.0
1.0
1.0
0.99998605
0.99936825
0.9999976
1.0
1.0
1.0
0.99999046
0.9999198
0.9979685
1.0
0.99999833
1.0
0.99999917
1.0
1.0
1.0
0.99999964
1.0
1.0
1.0
1.0
1.0
1.0
1.0
1.0
0.9963714
1.0
0.7474646
1.0
0.9999877
1.0
1.0
1.0
0.99999833
1.0
1.0
1.0
1.0
1.0
1.0
1.0
0.9999864
0.99999917
1.0
0.99999785
0.99943906
1.0
0.9999999
1.0
1.0
0.999902
1.0
1.0
1.0
1.0
0.9999999
1.0
1.0
1.0
1.0
1.0
0.99999976
1.0
1.0
1.0
1.0
1.0
1.0
1.0
1.0
1.0
1.0
1.0
1.0
1.0
1.0
0.9999999
1.0
0.99999475
1.0
1.0
1.0
1.0
1.0
1.0
1.0
1.0
1.0
0.99999964
1.0
1.0
1.0
1.0
1.0
1.0
0.9999988
1.0
1.0
1.0
1.0
1.0
1.0
1.0
1.0
1.0
0.99998426
1.0
1.0
1.0
0.9999988
0.9999999
0.9999987
1.0
1.0
0.999561
1.0
0.99999774
0.99987745
1.0
1.0
1.0
0.9999901
0.9999907
0.9999604
1.0
0.9999969
1.0
0.99968684
0.99994457
0.9999993
1.0
1.0
1.0
1.0
0.9999999
1.0
1.0
1.0
0.9999771
0.9999262
0.9999993
0.9999896
0.99960905
0.99999964
0.99999917
1.0
0.7420558
1.0
1.0
0.99999905
1.0
1.0
1.0
0.9999999
1.0
1.0
1.0
1.0
0.9999263
1.0
0.99999976
0.9999999
1.0
0.9999999
0.9999999
1.0
1.0
1.0
1.0
1.0
1.0
1.0
1.0
1.0
1.0
1.0
0.9999994
1.0
1.0
1.0
1.0
1.0
1.0
1.0
0.9999999
1.0
1.0
1.0
1.0
1.0
1.0
1.0
1.0
1.0
1.0
1.0
1.0
1.0
1.0
1.0
1.0
1.0
1.0
0.9969171
1.0
1.0
1.0
1.0
1.0
0.9999995
0.9999999
1.0
0.99999845
1.0
1.0
1.0
0.9999999
1.0
1.0
1.0
1.0
0.9999999
1.0
1.0
1.0
0.99999917
0.99999547
0.9999999
1.0
1.0
1.0
1.0
1.0
1.0
0.9999989
1.0
0.9999989
1.0
1.0
1.0
1.0
1.0
0.9999944
1.0
1.0
1.0
1.0
1.0
1.0
1.0
1.0
0.9999999
1.0
1.0
1.0
1.0
0.9999999
1.0
1.0
0.9999999
1.0
1.0
1.0
1.0
1.0
1.0
1.0
1.0
1.0
1.0
1.0
1.0
0.99999964
0.9999999
1.0
1.0
1.0
1.0
1.0
1.0
0.99999976
1.0
1.0
1.0
1.0
1.0
1.0
1.0
1.0
1.0
1.0
1.0
1.0
1.0
1.0
1.0
1.0
1.0
0.99999976
0.9999999
0.99999774
1.0
1.0
1.0
1.0
1.0
1.0
1.0
1.0
0.9999999
1.0
1.0
1.0
1.0
1.0
1.0
1.0
1.0
1.0
0.9999988
1.0
1.0
1.0
1.0
0.99999905
1.0
1.0
1.0
1.0
1.0
1.0
1.0
1.0
1.0
1.0
1.0
0.99999905
1.0
1.0
1.0
1.0
1.0
1.0
1.0
1.0
1.0
1.0
1.0
1.0
1.0
1.0
1.0
1.0
1.0
0.99999964
0.9999945
1.0
0.9989512
1.0
1.0
1.0
0.9999981
1.0
1.0
1.0
1.0
1.0
0.9999994
0.99999964
1.0
1.0
1.0
1.0
1.0
1.0
1.0
1.0
1.0
1.0
1.0
1.0
1.0
1.0
1.0
0.9999999
1.0
1.0
1.0
1.0
1.0
1.0
1.0
1.0
1.0
1.0
1.0
1.0
1.0
1.0
1.0
0.99999976
0.99999964
1.0
1.0
0.9999994
1.0
1.0
1.0
1.0
1.0
1.0
1.0
1.0
1.0
0.9999994
1.0
1.0
1.0
1.0
1.0
1.0
1.0
1.0
1.0
1.0
0.99973816
0.9999994
0.9999999
1.0
1.0
1.0
1.0
1.0
1.0
1.0
0.9999944
1.0
1.0
1.0
1.0
1.0
1.0
1.0
1.0
1.0
0.99997306
0.99999976
1.0
1.0
1.0
1.0
1.0
0.99999976
1.0
1.0
1.0
1.0
1.0
0.9999999
1.0
1.0
1.0
0.9999999
1.0
1.0
0.9999981
1.0
1.0
1.0
1.0
0.99999964
1.0
1.0
1.0
1.0
1.0
1.0
1.0
0.9999697
1.0
1.0
1.0
1.0
1.0
1.0
1.0
1.0
1.0
1.0
1.0
1.0
1.0
1.0
1.0
1.0
1.0
1.0
1.0
1.0
1.0
1.0
0.998992
1.0
1.0
1.0
1.0
0.99999976
1.0
0.9997062
1.0
1.0
1.0
1.0
1.0
0.9999999
1.0
1.0
1.0
1.0
0.999995
1.0
1.0
1.0
0.9999993
1.0
0.9999676
1.0
0.99999964
1.0
1.0
1.0
0.9999994
0.9999685
1.0
1.0
1.0
1.0
1.0
1.0
0.99999964
0.9999924
1.0
0.9999999
1.0
1.0
0.9999995
1.0
1.0
1.0
1.0
0.99998534
1.0
0.9999882
1.0
1.0
1.0
1.0
1.0
1.0
1.0
1.0
0.9999949
1.0
0.99998915
1.0
1.0
1.0
1.0
0.9999999
1.0
0.9999995
0.99999416
0.9999999
1.0
0.9999999
0.99994004
1.0
1.0
1.0
1.0
1.0
0.9999943
0.9998393
1.0
1.0
1.0
0.9999995
1.0
1.0
1.0
1.0
1.0
1.0
0.9999982
1.0
1.0
0.9999989
1.0
1.0
0.99999976
0.9999994
1.0
0.9999988
0.9999999
1.0
1.0
1.0
1.0
1.0
1.0
1.0
1.0
1.0
0.9999989
1.0
1.0
1.0
0.99998474
1.0
1.0
1.0
1.0
1.0
0.9999865
0.99999964
0.99999976
1.0
1.0
0.99924743
0.9996648
1.0
0.9991109
1.0
0.999992
0.987832
0.99880886
0.99999774
0.9999976
0.994724
1.0
0.9999999
1.0
0.9999999
0.9989189
0.9999969
0.9997665
1.0
0.9999852
0.9999999
1.0
1.0
0.99999845
1.0
1.0
1.0
0.9998037
0.99999774
0.9999409
0.9999995
0.99999964
1.0
1.0
0.999998
0.9999981
0.9999913
0.9999329
1.0
1.0
1.0
0.99999714
0.99999964
0.99999976
0.9999999
1.0
1.0
1.0
0.9999683
0.99999726
1.0
1.0
1.0
0.99999833
1.0
1.0
1.0
1.0
1.0
0.9999999
0.99882215
1.0
0.99680746
1.0
1.0
1.0
1.0
1.0
1.0
1.0
0.99999356
1.0
1.0
1.0
1.0
1.0
1.0
1.0
1.0
1.0
0.99999833
1.0
1.0
1.0
0.9999995
0.99999774
1.0
1.0
1.0
1.0
1.0
1.0
1.0
1.0
1.0
1.0
0.99999964
1.0
1.0
1.0
1.0
0.999859
1.0
0.99999917
1.0
1.0
1.0
1.0
0.9999981
0.9999999
1.0
1.0
1.0
1.0
0.9999745
1.0
1.0
1.0
0.99999905
1.0
1.0
1.0
1.0
1.0
1.0
0.99999964
1.0
1.0
1.0
1.0
1.0
1.0
0.99999785
1.0
1.0
0.9999999
1.0
1.0
1.0
0.99999976
0.9999999
0.9999999
1.0
1.0
0.9999974
1.0
1.0
1.0
1.0
0.99710363
1.0
1.0
1.0
0.9999999
1.0
1.0
0.9999999
1.0
1.0
0.99999726
1.0
0.99999166
1.0
1.0
1.0
1.0
1.0
1.0
1.0
1.0
1.0
1.0
1.0
0.9999995
1.0
1.0
1.0
0.99999475
1.0
0.9999579
1.0
1.0
0.99999976
1.0
1.0
1.0
1.0
1.0
1.0
0.99999964
0.99999964
1.0
1.0
1.0
1.0
0.99999964
0.99999857
0.999995
1.0
0.9999994
1.0
1.0
1.0
0.9999988
1.0
0.9999311
0.99999774
0.99999654
1.0
0.99998045
1.0
1.0
0.9999999
1.0
0.9999988
1.0
0.9999629
1.0
1.0
1.0
1.0
1.0
1.0
1.0
0.9999999
1.0
1.0
1.0
1.0
1.0
1.0
1.0
1.0
1.0
1.0
0.9999988
0.9998783
1.0
1.0
0.9999993
1.0
1.0
1.0
0.99903417
0.9999987
0.99999964
0.99997663
1.0
0.999998
1.0
0.9999832
1.0
1.0
0.9999999
1.0
1.0
1.0
1.0
1.0
0.99999905
1.0
1.0
1.0
0.99999845
1.0
1.0
1.0
1.0
1.0
1.0
1.0
0.9999889
1.0
1.0
1.0
1.0
1.0
1.0
1.0
1.0
0.9999999
0.9999999
1.0
1.0
1.0
1.0
1.0
0.9999887
0.99999976
1.0
1.0
1.0
1.0
1.0
1.0
1.0
1.0
1.0
1.0
1.0
1.0
1.0
1.0
1.0
1.0
1.0
1.0
0.99999833
1.0
1.0
0.99999976
1.0
1.0
1.0
1.0
1.0
1.0
1.0
1.0
1.0
1.0
1.0
0.99998224
1.0
1.0
1.0
1.0
1.0
1.0
1.0
1.0
1.0
1.0
0.999635
1.0
1.0
1.0
0.9999801
1.0
1.0
1.0
1.0
1.0
1.0
1.0
1.0
1.0
1.0
0.9999994
1.0
1.0
1.0
1.0
1.0
1.0
1.0
1.0
1.0
1.0
1.0
0.999998
1.0
1.0
1.0
1.0
1.0
0.9999778
0.9999982
0.99999917
1.0
1.0
1.0
1.0
0.99954706
1.0
1.0
0.99999344
1.0
0.99999964
1.0
1.0
1.0
1.0
0.99999917
1.0
1.0
1.0
1.0
0.99999964
0.9999974
1.0
1.0
1.0
1.0
1.0
0.9999994
1.0
1.0
1.0
0.99999845
1.0
1.0
1.0
1.0
0.9999864
1.0
1.0
0.99999976
1.0
1.0
1.0
1.0
0.9992384
0.99999106
0.9999534
1.0
0.998602
0.9999429
1.0
1.0
1.0
1.0
1.0
1.0
1.0
1.0
1.0
0.9999999
1.0
1.0
1.0
0.9999999
0.99999976
1.0
1.0
1.0
1.0
0.9968328
1.0
0.99999976
1.0
1.0
1.0
1.0
1.0
1.0
1.0
0.99988174
1.0
0.9999999
1.0
1.0
1.0
1.0
0.9999907
1.0
1.0
0.99999976
0.99999976
1.0
1.0
1.0
1.0
1.0
1.0
1.0
1.0
1.0
0.9999981
0.9999999
1.0
1.0
1.0
1.0
1.0
1.0
1.0
1.0
1.0
0.9999993
1.0
0.9999993
0.9999882
0.9999999
1.0
1.0
0.99999976
1.0
0.9999821
1.0
1.0
0.99988806
0.99999154
1.0
1.0
1.0
0.9968541
1.0
1.0
0.9999758
1.0
0.99999964
0.9999999
0.9999999
1.0
1.0
1.0
1.0
0.9985549
1.0
1.0
1.0
1.0
0.9999908
0.9999999
1.0
1.0
1.0
0.999974
1.0
1.0
0.97090113
1.0
1.0
1.0
0.9995079
0.9999988
0.999943
1.0
0.9999951
0.99988484
0.9998115
1.0
0.9999995
1.0
0.99999607
1.0
0.9999056
1.0
1.0
1.0
0.99999905
1.0
0.99999774
0.99999714
0.9999982
1.0
1.0
1.0
0.99999976
0.9999999
0.9999893
1.0
0.999948
1.0
1.0
1.0
1.0
1.0
1.0
0.99999976
1.0
0.9997863
1.0
1.0
1.0
1.0
0.9999919
1.0
1.0
1.0
0.99999905
1.0
1.0
0.9999999
1.0
0.99999547
1.0
0.55099374
0.9999999
1.0
1.0
1.0
1.0
1.0
0.99999
0.99999976
0.9999784
1.0
1.0
0.999998
1.0
1.0
1.0
1.0
1.0
1.0
1.0
0.9980166
1.0
1.0
0.99999917
1.0
0.9999367
0.9996995
0.99999964
1.0
1.0
0.99966884
0.99999976
1.0
0.9387254
0.99999964
0.9999943
0.9999901
0.99999976
0.9999937
1.0
0.8000358
1.0
1.0
1.0
0.9999999
0.99999595
0.99998343
0.999265
1.0
0.99920756
0.9999914
0.6349945
1.0
1.0
0.99999976
0.80554396
0.9999926
1.0
0.9999993
1.0
1.0
1.0
0.9999995
0.99999607
1.0
0.99525553
0.99999213
1.0
0.9999995
1.0
1.0
0.9989153
0.9999925
0.9999999
0.9999455
1.0
0.9999447
0.99590766
0.99996567
0.999969
1.0
1.0
0.9992588
1.0
1.0
0.9999881
1.0
1.0
1.0
0.9999974
0.99479854
0.9999385
0.37866554
1.0
1.0
1.0
0.99999845
0.9999993
1.0
0.9999354
0.9874298
0.99999833
1.0
0.9999999
0.9999733
0.83924717
0.9989911
0.99926025
0.9999999
0.9999964
1.0
0.928752
0.9999995
0.9997141
0.9999989
1.0
0.9999386
1.0
1.0
1.0
1.0
1.0
1.0
0.9999999
0.9999982
0.99997556
0.9999981
0.99138606
1.0
0.99974436
1.0
1.0
0.9999958
0.9999982
0.9999994
1.0
0.9999882
0.9999974
1.0
0.9999392
1.0
1.0
0.99997044
0.99998546
0.997938
0.9999994
0.9999794
1.0
0.9999981
0.99998915
1.0
1.0
0.99993455
0.99996555
0.9998516
0.9999999
0.99999976
1.0
0.99999833
0.99999964
1.0
0.9999963
0.9999838
0.99993527
0.9965868
0.99974436
0.9999778
0.9999825
0.56041265
0.9999999
1.0
0.9999864
1.0
1.0
0.9999776
0.9780742
0.99999905
1.0
0.99999976
1.0
0.99997866
0.48952892
0.99999976
0.981341
0.9999896
1.0
0.9999988
1.0
1.0
0.9999999
0.9999987
0.99999964
0.88401365
0.99999845
0.9997211
0.9988374
1.0
0.9999999
1.0
1.0
1.0
0.99997056
0.9999999
0.99999976
0.99999666
0.6121326
0.9981273
0.9999999
0.99999976
1.0
0.99999964
0.99999857
1.0
0.99762267
1.0
1.0
0.9999993
1.0
1.0
1.0
1.0
0.99997807
0.99999464
1.0
0.9698234
1.0
1.0
1.0
0.99999547
0.99998724
1.0
0.99999785
1.0
0.9999989
1.0
1.0
1.0
1.0
1.0
0.99999905
1.0
0.9996904
0.9999808
0.99999976
0.9999738
0.9999198
0.9999974
1.0
1.0
1.0
1.0
1.0
0.9987847
0.9981877
0.9999958
1.0
0.99999976
1.0
1.0
1.0
0.830884
1.0
0.9999974
0.7020443
1.0
1.0
1.0
1.0
0.9990339
0.999944
1.0
0.9998715
1.0
0.9999999
1.0
0.999992
0.9999999
0.9999964
0.99999523
1.0
0.9996032
1.0
1.0
0.9999999
1.0
1.0
1.0
0.99684924
0.9999999
1.0
1.0
1.0
0.9697722
0.9999976
1.0
1.0
0.99997675
0.9996439
0.9999609
0.99997663
1.0
0.99283785
1.0
0.9999527
0.9966832
0.99999285
0.99750525
0.9999994
1.0
1.0
1.0
1.0
0.9999999
0.99999976
0.9999999
0.9993368
0.99999976
0.96526515
0.9807813
0.99987113
1.0
1.0
0.9999999
0.9999976
0.99999964
1.0
0.9999237
1.0
1.0
0.99994683
1.0
0.99999905
0.9999825
1.0
1.0
0.99896026
1.0
0.9999994
0.99999964
1.0
1.0
1.0
0.9999993
1.0
1.0
1.0
1.0
1.0
0.9999944
1.0
0.999995
1.0
0.999977
0.9999932
0.9999691
1.0
1.0
1.0
0.9999989
1.0
1.0
0.9999999
1.0
1.0
0.9999907
1.0
0.9999999
0.9999256
1.0
1.0
1.0
1.0
0.99999964
1.0
1.0
1.0
1.0
0.99999785
0.99999666
1.0
1.0
1.0
1.0
0.9999981
0.99999905
1.0
0.99999964
0.9999981
0.99999917
0.9999912
1.0
0.9999999
1.0
0.9999713
0.99950945
0.9797086
1.0
1.0
0.9999994
1.0
1.0
1.0
1.0
1.0
1.0
0.9999987
0.99999654
1.0
1.0
1.0
1.0
1.0
0.9999999
