1.0
1.0
0.9999999
1.0
1.0
1.0
0.99999166
0.9999888
0.9997452
0.9999975
1.0
0.9999999
0.9999964
1.0
1.0
0.9999999
0.99999976
0.9999999
0.9997845
1.0
0.9999945
0.99998224
1.0
1.0
0.99999964
0.9999999
0.9999989
1.0
0.9999995
1.0
1.0
0.99999213
1.0
0.9999393
0.99999964
1.0
0.99983287
1.0
0.99996996
1.0
1.0
0.99997747
0.9999969
0.99998546
0.9999548
1.0
0.9999747
1.0
0.9999999
1.0
0.9999995
1.0
1.0
1.0
1.0
1.0
1.0
0.9999999
0.99999905
0.99997807
1.0
1.0
0.8791981
0.9999982
1.0
0.9999881
0.99999976
0.99999964
1.0
1.0
0.9999993
1.0
0.99999976
0.9988776
1.0
1.0
1.0
1.0
0.99943286
0.99999976
0.9999995
1.0
1.0
1.0
1.0
1.0
0.9999995
0.99999213
1.0
0.9999999
1.0
1.0
0.98430216
0.99999976
1.0
0.99983335
0.9992982
0.9999988
1.0
1.0
1.0
1.0
1.0
1.0
0.9999392
0.9999999
1.0
0.99999285
0.9999982
1.0
1.0
0.999979
0.9999995
1.0
1.0
0.9913516
0.9999964
1.0
0.9999453
0.9997645
1.0
0.9982273
0.999998
1.0
0.99999857
0.9994804
0.9999876
1.0
1.0
1.0
1.0
1.0
0.9999994
1.0
1.0
1.0
0.9999987
1.0
1.0
0.9999629
0.9999995
1.0
1.0
1.0
1.0
0.9999994
1.0
1.0
1.0
0.9986082
1.0
0.91182417
1.0
1.0
0.99999964
1.0
1.0
1.0
0.99968874
1.0
0.9996855
1.0
1.0
1.0
1.0
1.0
1.0
0.99989736
1.0
1.0
1.0
0.9997359
1.0
0.999997
1.0
0.9964049
0.99999976
0.9999958
1.0
1.0
1.0
1.0
0.9999993
1.0
0.9994318
0.9999943
1.0
1.0
1.0
0.9997801
0.9999932
0.9997904
0.9999981
0.9614285
0.99999964
0.99962103
1.0
1.0
0.99999905
0.99990904
1.0
1.0
0.99999976
0.9999974
0.9999999
1.0
0.99996364
0.9999988
1.0
0.9988845
1.0
0.99779797
1.0
1.0
0.99999785
1.0
1.0
0.998212
1.0
1.0
1.0
0.9998423
1.0
1.0
0.99999726
0.9999995
0.9999999
1.0
0.9999999
0.99999034
1.0
1.0
0.9999999
0.9999989
0.9999968
0.9999901
1.0
1.0
1.0
0.9999999
1.0
0.99998486
0.9999639
0.99999595
0.9999976
0.99999666
1.0
0.91702116
1.0
0.9999999
1.0
0.9998542
1.0
1.0
0.9999999
0.9999968
1.0
0.9999981
1.0
0.5191574
1.0
1.0
1.0
1.0
0.9989215
1.0
0.9995474
1.0
0.99999785
0.9999999
0.9999999
1.0
0.99999976
0.99998355
0.99999857
0.99999976
1.0
0.9999999
1.0
0.9999999
0.9999982
1.0
0.9943355
1.0
0.99999404
1.0
0.99999964
0.9998988
0.9999999
0.99999356
0.99931
0.99999654
0.99972373
1.0
0.9999974
1.0
1.0
0.9999912
1.0
1.0
1.0
1.0
1.0
1.0
1.0
0.9999989
1.0
1.0
0.9999994
1.0
1.0
1.0
1.0
0.99998724
1.0
1.0
0.99998724
0.99999964
0.9999893
1.0
0.95426494
0.6653617
0.9999969
1.0
0.99924207
0.9999989
0.99529195
1.0
0.9999993
1.0
1.0
1.0
1.0
0.9999988
1.0
1.0
0.9999342
0.99795425
0.9999932
0.99982315
0.66551036
0.9999454
1.0
1.0
1.0
1.0
1.0
1.0
1.0
1.0
0.9999989
1.0
0.9999988
0.9999994
0.99999917
1.0
1.0
0.99999344
0.99959713
0.92741925
0.9999937
1.0
0.99997735
0.99999964
1.0
1.0
0.9997937
1.0
0.99981517
1.0
0.9999999
1.0
0.99999154
1.0
1.0
1.0
0.99999976
0.9999999
1.0
1.0
0.99998784
0.99919456
1.0
0.99999976
1.0
1.0
0.99996734
1.0
0.9999987
0.9999852
1.0
0.9999864
1.0
0.99999976
0.99999547
1.0
1.0
0.99999833
1.0
1.0
0.99999917
1.0
1.0
0.9999831
0.99999785
1.0
1.0
1.0
1.0
0.9999993
1.0
0.99996257
0.99976474
1.0
0.9999912
0.99997675
1.0
0.9925592
1.0
0.99999917
0.9998561
0.99999917
0.99999785
1.0
0.9999999
1.0
1.0
1.0
1.0
1.0
1.0
0.99998975
0.99999917
1.0
1.0
0.9999615
1.0
1.0
0.9999975
0.9999902
1.0
1.0
1.0
1.0
0.9928611
0.94987226
0.99999
0.49667987
0.9997851
0.61980176
0.99988127
1.0
0.9999999
1.0
0.99999654
1.0
0.99987817
0.99998724
1.0
0.99999976
0.999912
1.0
0.9999857
1.0
0.99998033
0.9999964
1.0
1.0
0.9999958
0.9999999
0.9999999
0.99999785
1.0
0.9999999
1.0
0.99999976
1.0
1.0
0.99995005
0.99971133
1.0
1.0
0.9999999
1.0
1.0
0.9999999
0.9999999
0.9999982
0.9999957
0.9999999
0.9999651
0.9999999
0.9999944
1.0
1.0
0.744621
1.0
0.9998889
0.9999975
0.9999995
1.0
1.0
0.99999905
1.0
0.9999988
1.0
0.99999976
0.9999974
0.9999813
1.0
0.99999475
0.9995003
1.0
1.0
1.0
0.9999989
1.0
1.0
1.0
1.0
0.99999964
0.999974
0.9999999
0.99950826
0.9999999
1.0
1.0
0.99999976
0.9999982
1.0
0.99923635
0.9999999
1.0
1.0
1.0
1.0
0.99999857
1.0
0.99999535
1.0
0.9999999
1.0
0.99969685
0.9317262
1.0
0.99999845
1.0
0.9999982
0.9999988
1.0
0.99999976
0.9874078
0.999835
0.99999976
1.0
1.0
1.0
0.999977
0.99999845
0.999998
1.0
0.99999416
1.0
0.9999988
1.0
1.0
1.0
1.0
0.99999976
0.99999833
1.0
0.99538296
0.99999976
1.0
1.0
1.0
1.0
1.0
1.0
1.0
1.0
0.99999857
0.8269532
0.6366841
0.9999993
1.0
1.0
0.99999964
0.9999999
1.0
1.0
0.9973037
1.0
0.99966204
1.0
1.0
1.0
0.9998472
0.9999995
0.9999999
1.0
1.0
1.0
0.99998677
1.0
0.9999999
1.0
1.0
0.9999999
1.0
0.99999964
0.9999975
1.0
0.9998273
1.0
0.9999658
0.9999887
1.0
0.99999464
0.9825373
0.99999917
1.0
1.0
1.0
0.9999664
0.9607948
1.0
0.9999994
1.0
0.99992466
0.99998164
0.9999999
1.0
1.0
1.0
0.99999714
1.0
0.9999999
1.0
0.99999
0.99999857
0.99999976
0.9999633
1.0
1.0
0.99980336
0.99921393
1.0
1.0
0.999987
0.9999764
1.0
1.0
0.9999999
1.0
0.9999982
1.0
1.0
0.999941
0.39720562
1.0
0.9999994
1.0
1.0
1.0
1.0
0.9999989
0.99933124
1.0
1.0
0.99999976
0.9999809
1.0
0.9999981
0.95526445
0.99999976
0.99999654
0.9999999
0.9999994
0.99999297
1.0
0.99999905
0.99999917
0.9999976
0.6364808
0.99996686
1.0
1.0
0.99999905
0.9802878
0.9999995
0.9997178
1.0
1.0
1.0
1.0
0.9999975
1.0
0.99997103
0.99999654
0.9999994
1.0
0.9999994
1.0
0.99999976
1.0
1.0
0.9999994
1.0
1.0
1.0
1.0
0.99999976
0.9999999
0.99999714
0.999992
0.5321649
0.46632865
1.0
1.0
0.9987249
0.99999785
1.0
0.9998604
1.0
1.0
0.9666367
1.0
0.9999988
0.99999964
0.9999993
1.0
1.0
0.9999999
1.0
1.0
0.99999964
0.999995
0.9994716
0.9999999
0.9837209
0.9999571
1.0
0.99999833
1.0
0.9999999
0.99998605
1.0
0.9999994
0.9999999
1.0
1.0
1.0
1.0
1.0
0.9999999
0.99999976
1.0
1.0
0.99999607
0.9994972
0.9998167
0.9999994
0.99999845
1.0
1.0
1.0
0.99999785
1.0
0.99999964
1.0
1.0
0.9999999
0.9999995
0.9999999
1.0
1.0
1.0
1.0
1.0
0.9997851
0.9978808
1.0
0.9999999
0.9999999
0.99999785
0.99684393
0.99999976
1.0
0.9999397
0.9999994
0.9998944
1.0
1.0
1.0
0.99999356
1.0
0.99962354
1.0
1.0
0.9999713
1.0
1.0
1.0
0.9999913
1.0
1.0
1.0
1.0
0.9999999
0.99993384
1.0
1.0
0.9990928
1.0
1.0
0.99999976
0.9999987
1.0
1.0
1.0
0.99999976
1.0
0.9999995
1.0
1.0
0.9999999
0.9999807
0.9999999
0.9929549
1.0
0.9999999
1.0
0.9999807
0.9999995
0.99999976
1.0
1.0
1.0
0.99945
0.9999995
1.0
0.9999677
1.0
0.55897343
0.99999607
0.99804085
1.0
1.0
1.0
1.0
1.0
0.9999999
0.9999999
0.9999988
1.0
1.0
0.99999714
1.0
0.99999726
1.0
0.9999999
1.0
0.99999774
1.0
1.0
0.9999994
1.0
1.0
1.0
0.9999293
1.0
0.9999982
1.0
0.9998342
0.9999877
1.0
0.99992824
1.0
1.0
0.9999958
0.99921334
0.80014557
0.8394017
0.99999976
0.9999951
1.0
1.0
0.9999975
1.0
0.99999917
1.0
1.0
0.99999976
1.0
0.9994143
0.99979323
1.0
0.99998415
0.9999999
0.9998845
0.9999999
0.999209
0.99998295
0.99999976
1.0
0.99999094
0.99999917
1.0
0.9999815
1.0
1.0
1.0
0.99999964
1.0
0.9999999
0.9998802
1.0
0.9999727
1.0
1.0
1.0
0.9999999
1.0
0.5922197
1.0
0.9999993
1.0
0.99999547
1.0
0.9999994
1.0
0.99999
1.0
1.0
1.0
0.99958175
1.0
0.63518226
0.99942565
0.99996006
1.0
0.9999995
0.9999428
0.99999845
1.0
0.99999
0.9278235
0.99999917
0.99999464
0.99985826
0.9999968
0.9999981
1.0
0.99999976
0.9999969
0.9998406
0.99999976
0.99831736
0.9999999
1.0
1.0
0.99924433
0.9999989
0.9998661
0.9174727
0.9999609
1.0
1.0
0.9985947
0.9999999
1.0
1.0
1.0
1.0
0.9999999
1.0
1.0
1.0
0.9999999
1.0
1.0
0.99990785
0.9999999
0.99999964
1.0
0.9999999
1.0
0.99999917
1.0
1.0
1.0
0.99999857
0.9999982
0.99999464
1.0
1.0
1.0
0.99999917
0.9999702
0.999998
0.9999999
0.9999943
1.0
0.9999902
1.0
0.9999715
0.99999964
0.9999999
1.0
0.9999999
1.0
0.99999905
0.99999964
0.99999917
0.9999999
1.0
0.9999926
1.0
0.99999726
1.0
0.99999475
0.9998404
1.0
0.9999957
1.0
0.9998721
1.0
1.0
1.0
1.0
0.9999999
0.99999833
0.98575705
0.9999963
1.0
1.0
1.0
1.0
0.6364703
1.0
1.0
1.0
1.0
0.9999716
0.9959637
0.99999976
0.99999845
0.9999995
1.0
0.9998061
0.9999951
0.99999976
1.0
1.0
0.999997
0.9999974
0.9999999
0.9999964
1.0
1.0
0.9999199
0.99825114
0.99999976
1.0
1.0
1.0
1.0
0.9999944
1.0
1.0
1.0
0.9997582
1.0
1.0
0.99999905
1.0
0.9999988
1.0
1.0
1.0
0.9997763
0.9999993
0.9999995
1.0
0.99999976
0.99999774
1.0
0.9999999
0.9999981
0.9998405
1.0
1.0
1.0
1.0
0.99999905
1.0
0.9999999
0.99999976
0.9999999
1.0
0.9993425
1.0
0.9999999
1.0
0.9999995
1.0
0.9994056
0.999987
1.0
1.0
1.0
0.7555903
1.0
0.9989987
1.0
1.0
0.99999905
0.999931
0.99975103
1.0
0.99997115
0.99995863
0.9999999
0.99999416
1.0
0.9999994
1.0
0.99975365
1.0
0.9999994
1.0
1.0
0.99999857
1.0
1.0
0.99999857
1.0
0.99996936
1.0
1.0
0.99999964
1.0
0.99999905
1.0
0.99998975
0.99999344
0.99851876
1.0
1.0
1.0
1.0
0.9999981
0.9998882
1.0
1.0
0.99999094
1.0
1.0
1.0
1.0
0.999998
1.0
1.0
0.99999857
1.0
0.99999106
0.99999964
1.0
0.99995804
1.0
1.0
1.0
0.99998915
1.0
1.0
1.0
1.0
0.99996185
0.9999999
1.0
0.995701
0.74505985
1.0
1.0
0.99998987
1.0
0.99999845
1.0
0.9999999
1.0
0.99926656
0.99645424
1.0
0.9999999
0.9999999
1.0
1.0
0.9999933
0.9999982
0.99999225
1.0
0.9905393
1.0
0.9997862
1.0
0.9968093
1.0
0.99999976
0.9999746
1.0
0.9999932
0.9998801
1.0
0.9999999
0.9999981
0.99808204
0.9999789
1.0
0.9999994
1.0
1.0
1.0
0.99999964
0.99974614
1.0
0.98809785
1.0
0.9991124
1.0
1.0
0.99999905
0.9980844
1.0
0.99999547
0.99999976
0.99999976
1.0
1.0
0.99999833
1.0
0.99999905
0.63821983
0.9999995
0.99999857
1.0
0.9999831
0.9107776
0.99967027
1.0
0.9999999
0.9999995
0.9999825
1.0
1.0
0.9999993
0.99928707
0.9999999
0.99999976
0.9999937
0.8579242
1.0
0.99999964
0.9978003
0.99999833
1.0
0.9999982
1.0
1.0
0.99999964
0.9999999
1.0
0.99999917
0.99999654
0.9990007
1.0
1.0
0.99999917
1.0
0.94569504
1.0
0.99999774
0.99976045
0.999998
1.0
1.0
0.99999976
0.99999905
0.99999976
0.99965084
0.9947332
1.0
0.9999646
1.0
1.0
0.9999999
0.99998176
1.0
1.0
0.99811053
1.0
0.9999987
0.9999994
1.0
1.0
1.0
1.0
0.9999999
0.9999993
1.0
0.9999691
0.99999607
0.9999981
0.9999999
1.0
0.9999877
1.0
1.0
0.9999995
0.95830643
1.0
1.0
1.0
1.0
1.0
0.9999988
0.938109
0.9999987
0.9970509
1.0
0.99999833
0.9999995
1.0
1.0
0.9999993
1.0
1.0
0.99787354
1.0
0.9998652
1.0
1.0
1.0
0.99999833
0.9999131
0.99999976
1.0
0.999997
1.0
0.99999976
1.0
1.0
1.0
1.0
1.0
0.9998393
0.99999845
0.9999993
1.0
1.0
0.99999964
1.0
1.0
1.0
0.88817877
0.99999595
0.99999976
1.0
0.9999999
1.0
1.0
1.0
0.9999999
1.0
1.0
0.9999999
1.0
0.9998511
0.9999993
1.0
1.0
1.0
1.0
0.9999999
0.9999999
0.9987841
0.9999995
1.0
1.0
1.0
1.0
0.99913055
0.9999987
0.67482513
0.9759137
0.9999857
1.0
0.9999778
0.9999255
1.0
1.0
0.9999994
0.9999939
0.99891376
0.9999981
1.0
0.9999994
1.0
0.99999976
0.9999974
1.0
0.99999034
1.0
0.9999995
0.49064848
0.9224078
1.0
1.0
0.9999999
0.9999999
1.0
1.0
1.0
0.9998779
0.9999999
0.99987173
1.0
0.99994755
0.99999976
0.99907637
0.9999999
1.0
1.0
0.9997516
0.9999999
0.99987876
0.99973947
0.9999889
0.9953265
0.99982446
0.99818146
0.9996685
1.0
1.0
0.99945265
0.9999999
1.0
0.9999999
0.9999999
1.0
1.0
1.0
1.0
0.9999689
0.99999464
0.999972
1.0
1.0
0.99998033
0.9613224
1.0
1.0
0.9999994
1.0
0.99970764
0.99998355
0.99998736
0.99998236
0.99999285
0.9999175
0.9999999
1.0
0.99999857
0.9999999
1.0
0.9999976
0.9999999
0.9999975
1.0
1.0
1.0
0.9999988
0.9990326
0.9999999
1.0
1.0
1.0
1.0
0.99999917
1.0
1.0
1.0
0.9986777
1.0
0.9992349
0.9999993
0.99999297
1.0
1.0
0.99999905
0.9977442
0.999998
0.9999951
1.0
0.999997
0.9999908
1.0
0.99999905
0.9997814
0.9999628
0.99999976
0.9999999
0.99999666
1.0
0.99999964
1.0
0.99990976
1.0
0.9999999
1.0
0.97859496
1.0
0.9802949
0.9998603
1.0
0.9999999
1.0
0.7713733
1.0
1.0
0.9190375
0.99999774
1.0
0.9999999
1.0
1.0
1.0
0.9999999
1.0
1.0
1.0
1.0
1.0
0.9999199
1.0
0.99999964
1.0
0.99999475
1.0
0.9390581
1.0
0.9995546
0.9999999
0.5733621
0.9094163
1.0
1.0
1.0
0.9999937
0.9757318
1.0
1.0
0.999985
1.0
1.0
1.0
0.9998323
1.0
1.0
0.9952662
0.99964607
1.0
1.0
0.99999964
1.0
1.0
0.9999889
1.0
1.0
0.9999552
1.0
0.9986613
1.0
0.99995065
0.99993575
1.0
1.0
0.9996045
1.0
1.0
1.0
1.0
0.99999726
0.99999607
0.9999993
0.9997054
1.0
0.9999913
1.0
1.0
0.9990427
0.99999964
1.0
1.0
1.0
1.0
1.0
0.99945587
1.0
0.99981374
1.0
0.99593556
1.0
0.99999964
0.99996626
1.0
0.9999987
1.0
0.9999999
0.9999999
0.99999964
0.66645765
1.0
1.0
0.9999974
1.0
0.9999293
0.99999964
0.9999999
1.0
1.0
0.9999888
1.0
1.0
0.99990153
1.0
1.0
0.9999652
0.99999976
1.0
0.99999464
0.9980934
1.0
1.0
1.0
1.0
1.0
1.0
0.99997747
0.99999964
0.9999993
1.0
0.99999976
1.0
0.9645685
1.0
1.0
1.0
1.0
0.99999976
0.99998736
1.0
1.0
1.0
1.0
1.0
0.9999999
0.99999976
1.0
0.9999994
0.9999764
0.99554706
1.0
0.99990356
1.0
1.0
0.99976355
1.0
0.99249786
1.0
1.0
0.71820223
0.9975775
1.0
1.0
1.0
0.98333675
0.9999988
0.9999999
0.99997747
0.99999976
0.9998424
1.0
1.0
0.9999889
0.9998499
0.9999933
0.99999726
1.0
1.0
1.0
0.99994445
0.99999976
0.9999999
1.0
1.0
0.9999989
0.9998331
1.0
0.45919886
0.9999994
0.9999988
0.99999344
0.9999999
0.9999987
1.0
0.9997744
0.8010541
0.9999505
1.0
1.0
0.9999924
0.98657715
1.0
1.0
0.9999883
1.0
1.0
0.99999905
0.9999999
0.9999993
1.0
0.9999573
1.0
1.0
1.0
0.9999995
0.86925995
1.0
0.99999976
0.9999987
0.99999976
1.0
0.99999547
1.0
1.0
1.0
1.0
0.9992367
0.99999976
0.9999999
0.99998546
1.0
1.0
0.7607321
0.9999976
1.0
0.9999999
0.99999964
0.9999113
1.0
1.0
0.99999344
0.9999999
1.0
1.0
1.0
0.9999999
1.0
1.0
1.0
0.99999976
0.9997807
0.9996013
0.9999473
0.9999907
0.99999535
1.0
0.9999987
1.0
1.0
0.9999944
0.99964213
0.99999964
1.0
0.9999894
1.0
1.0
0.9999968
0.99999857
0.5455315
1.0
0.9999999
0.99999964
0.9999987
1.0
1.0
1.0
0.9999995
1.0
0.99239385
0.9999994
1.0
1.0
1.0
1.0
0.9999988
0.9999999
0.998321
0.99285674
1.0
0.99999857
0.9999999
0.9994886
1.0
1.0
0.99999857
1.0
0.9999962
0.9999666
1.0
1.0
0.9991505
0.9999939
1.0
0.99999964
1.0
1.0
0.9998996
0.9999989
1.0
0.9999734
1.0
0.9999975
0.9999999
1.0
1.0
0.9999999
0.99986744
0.9999964
1.0
1.0
1.0
0.99998856
0.9999999
1.0
1.0
0.9998684
1.0
0.9998723
0.9999975
0.9999565
0.99999774
0.9999989
1.0
0.9999927
1.0
0.99999225
1.0
1.0
1.0
1.0
1.0
1.0
1.0
0.9998995
1.0
1.0
0.98567826
0.9999969
1.0
0.99992347
1.0
0.9999999
0.99999976
1.0
1.0
1.0
0.9862288
0.9999999
0.9990251
0.99999976
0.9999975
0.9989593
0.9999999
0.99998975
0.9999999
1.0
0.9999831
1.0
1.0
1.0
1.0
1.0
0.99999166
1.0
1.0
1.0
0.99657094
0.9998591
0.9998853
0.90352994
1.0
0.8620488
0.9999845
1.0
0.9999993
0.9999994
0.9999999
0.9999362
0.99999964
0.9999982
1.0
0.9999993
1.0
1.0
1.0
1.0
0.9999999
1.0
0.9999999
1.0
1.0
1.0
0.9998803
1.0
0.9999999
1.0
1.0
0.99999046
0.9999999
1.0
1.0
1.0
1.0
1.0
1.0
0.9999999
0.9999709
0.9999999
0.9999988
0.99951196
0.9999993
0.9999949
0.999846
0.9999988
1.0
0.9999981
0.99999964
0.9999343
1.0
1.0
0.9997321
1.0
0.9999795
0.997929
0.99867684
1.0
1.0
0.9999995
1.0
1.0
1.0
0.9999281
0.9999994
0.99999535
1.0
1.0
0.9999895
0.9998356
1.0
1.0
1.0
0.9999993
1.0
1.0
0.9999957
1.0
1.0
0.9999999
1.0
0.9999989
0.6030492
1.0
0.99999857
1.0
1.0
0.99885905
0.9999386
1.0
0.9999949
1.0
0.9999229
0.9997174
0.99999654
0.9999968
0.99999607
1.0
0.999954
0.9998938
0.9999918
1.0
1.0
1.0
0.9999932
0.99999964
0.99999976
1.0
0.9999999
0.99998367
0.99997747
1.0
1.0
0.9999956
0.99999976
1.0
0.9890805
1.0
0.9936265
0.9999994
1.0
1.0
1.0
0.99581224
0.9992611
0.9999819
1.0
0.99999964
0.9999958
0.9999999
1.0
1.0
1.0
0.99998224
0.99999976
0.9584277
1.0
0.9999994
1.0
0.99999917
0.9994041
0.9999999
1.0
0.87046975
0.99904925
1.0
1.0
0.9999733
0.99999404
0.99987066
0.999998
0.99999976
0.999969
0.9574303
0.99999917
0.9999987
0.9999995
0.9999999
0.9999726
0.9999988
1.0
0.99999976
1.0
0.99915123
1.0
0.9999999
0.999998
0.99999607
0.99996006
1.0
0.98141676
0.9999205
1.0
1.0
0.99990964
1.0
1.0
1.0
1.0
1.0
1.0
1.0
1.0
1.0
0.9996
1.0
1.0
1.0
0.9999995
0.9999634
0.9996038
0.99999976
1.0
0.9187851
0.99999976
0.99999714
1.0
0.99999976
0.95759785
0.9997156
1.0
0.9999999
1.0
1.0
0.9999989
0.9999995
0.99999976
0.98564005
1.0
0.9099863
1.0
0.9999999
1.0
0.9999857
1.0
1.0
0.99995553
1.0
0.5715725
1.0
1.0
0.99999976
0.9999995
0.9999987
1.0
0.9998821
1.0
1.0
1.0
0.52098024
0.99998367
0.99921215
1.0
1.0
1.0
0.69687015
0.9999993
1.0
0.9999933
1.0
1.0
1.0
0.9999999
0.9999925
1.0
1.0
1.0
0.99999964
0.9998258
0.9999999
0.9999982
1.0
1.0
0.99999964
1.0
0.9999999
0.9999999
0.9999999
0.9999994
1.0
0.99999976
0.99999034
0.99998987
1.0
1.0
1.0
0.99984634
1.0
0.9997906
0.99999964
1.0
0.99999917
1.0
1.0
0.9999279
0.9999958
1.0
0.9999999
1.0
0.9999831
1.0
0.9999999
0.9166859
0.9999999
1.0
0.9984048
0.9932209
1.0
0.99999917
0.7148444
1.0
1.0
1.0
0.9999672
1.0
0.9994289
0.99999964
0.9999993
0.99987686
0.9999994
0.9999764
1.0
1.0
1.0
0.99999964
1.0
1.0
1.0
0.9999999
0.99999976
1.0
1.0
0.9999566
1.0
1.0
0.9952466
0.9999988
1.0
0.9999999
1.0
1.0
0.99999833
0.9999716
1.0
0.99997544
0.92063856
0.99999976
0.99999964
0.99999714
1.0
1.0
1.0
0.99999297
0.9999999
0.99999726
0.9999988
1.0
0.99996996
1.0
0.9999999
1.0
1.0
0.9999969
0.9999994
0.9999994
0.99996936
1.0
1.0
0.9999999
1.0
0.99999917
1.0
1.0
1.0
1.0
1.0
1.0
0.9999999
0.9999906
0.9999981
1.0
1.0
1.0
1.0
1.0
1.0
0.9979487
1.0
0.9999951
0.99999845
1.0
0.9999999
0.99996555
0.9999993
1.0
1.0
0.99998164
0.9999943
0.9999989
0.99999356
0.5043518
1.0
1.0
1.0
1.0
1.0
0.99999976
1.0
0.99999547
1.0
1.0
0.9999993
0.9998197
0.60310596
0.99999416
1.0
0.99999964
1.0
0.99996006
0.9999833
1.0
1.0
0.999995
1.0
1.0
1.0
1.0
1.0
0.99984324
0.9999969
0.9999999
1.0
1.0
0.999997
0.9991757
1.0
1.0
1.0
0.9999294
1.0
0.999813
1.0
1.0
1.0
1.0
0.9999999
0.9994205
0.99999833
1.0
0.5895879
1.0
1.0
1.0
0.9999962
0.99999976
1.0
1.0
1.0
0.9999968
0.999997
1.0
0.9999999
0.99999964
0.9447575
1.0
0.99999464
1.0
1.0
1.0
1.0
1.0
0.9999969
1.0
1.0
1.0
0.9999995
1.0
1.0
0.9999999
0.9999999
1.0
0.99999964
1.0
0.99999964
0.9999999
1.0
1.0
1.0
1.0
0.70525557
0.99988997
0.9999541
0.9999995
1.0
0.99999976
0.9999999
1.0
0.99986124
0.9998078
1.0
0.9982963
1.0
0.99993753
1.0
0.999992
0.9999999
0.99999833
0.92729527
0.999998
1.0
1.0
1.0
0.9999999
0.9930519
0.99999714
0.9999387
0.9999999
0.99999976
0.9999963
1.0
0.99999714
1.0
1.0
0.9999999
0.99999976
0.9999994
0.8240191
1.0
0.999992
0.9999999
1.0
1.0
1.0
1.0
0.523556
1.0
0.99999917
0.9995702
0.99999964
0.9999994
0.9999995
0.9999995
0.99972326
0.9999994
1.0
0.9998579
0.9984875
1.0
1.0
0.99999845
0.9999999
1.0
1.0
0.99978834
0.99999905
1.0
1.0
0.9997004
0.99999845
1.0
1.0
0.99998283
1.0
0.99999976
0.99998677
1.0
1.0
0.9897211
0.99978524
0.9999975
0.9999976
1.0
1.0
1.0
0.990448
0.9970892
0.9999988
0.9999801
1.0
0.9999838
0.99999297
1.0
0.9977975
0.99999976
0.99999905
1.0
0.99999976
1.0
1.0
1.0
1.0
1.0
0.99996495
1.0
0.9999989
1.0
0.99999726
0.99999285
0.9999981
0.99999976
0.99923
0.9999995
0.99999964
1.0
0.9999912
0.9999999
1.0
1.0
0.8350317
0.99999845
0.9999956
1.0
1.0
0.9999999
0.99999833
1.0
0.9996848
0.99999976
1.0
1.0
0.99999964
1.0
1.0
1.0
0.9999205
1.0
1.0
0.99977225
0.9996661
0.9999999
0.99999607
1.0
0.9998715
0.9999995
0.99974567
1.0
0.99882096
0.99999976
1.0
0.99999785
1.0
0.9999924
1.0
0.9983658
0.9999999
0.9999962
0.9998423
0.9999993
0.9998048
1.0
1.0
1.0
0.99689627
0.99987745
0.9906759
1.0
1.0
1.0
1.0
1.0
0.9999993
1.0
0.99999154
0.99999905
0.9999877
1.0
1.0
1.0
0.9997745
1.0
1.0
0.9999989
0.9999993
1.0
1.0
1.0
0.9999962
1.0
1.0
0.999998
0.9998785
1.0
0.99999964
0.99999976
0.9999988
1.0
1.0
0.99999964
0.9999994
0.9999893
0.9999075
0.99980897
1.0
0.9990024
0.99999905
1.0
0.9999987
0.99999964
0.894091
1.0
0.99999905
1.0
0.91035616
1.0
1.0
0.9999995
0.99999976
1.0
1.0
0.9999728
1.0
1.0
1.0
0.99999917
1.0
1.0
0.999992
0.99985087
0.99999166
0.9999999
1.0
0.9999999
0.9999999
0.9999902
0.9999981
1.0
1.0
0.9464528
1.0
0.9998099
0.999972
0.99999976
0.99999857
1.0
1.0
1.0
1.0
0.99995136
0.999757
0.9999999
0.99999857
1.0
1.0
0.9999988
0.9999987
1.0
1.0
1.0
0.99999523
0.9999994
0.99904245
0.9311319
1.0
1.0
1.0
0.99933666
0.99997854
0.99999845
0.9999975
1.0
1.0
0.9999862
0.9999937
1.0
1.0
0.9999217
1.0
1.0
0.98460126
1.0
0.9999995
0.99994886
1.0
1.0
0.99832946
0.9999999
0.99999976
1.0
1.0
0.997687
0.99999845
1.0
1.0
1.0
1.0
0.9999993
1.0
0.99999964
0.9997737
1.0
0.9999645
0.9998078
0.99999297
0.99997926
0.9999988
1.0
0.99999344
1.0
0.86891013
1.0
1.0
1.0
1.0
0.99999464
0.99999976
0.9999989
0.9999989
1.0
1.0
0.999297
1.0
1.0
0.99999976
1.0
0.99999774
0.9999527
1.0
1.0
0.9999988
0.99999964
0.99999666
1.0
1.0
0.9999802
0.9999993
0.99999285
0.9999999
1.0
1.0
1.0
0.9999963
1.0
1.0
0.9999285
1.0
1.0
1.0
1.0
0.99999964
0.99999964
0.92434305
0.9999864
0.9999995
1.0
0.99999404
1.0
1.0
1.0
1.0
1.0
0.9993143
0.99999857
0.9999794
1.0
0.99998844
0.9999944
0.9997948
1.0
1.0
0.99999726
0.9999758
1.0
0.48205718
0.999694
1.0
1.0
1.0
1.0
1.0
1.0
0.99999464
0.9999974
1.0
0.99971753
0.9997366
0.9999995
0.99998677
1.0
0.9998109
1.0
0.99587387
0.9999831
0.9999976
1.0
1.0
1.0
1.0
1.0
1.0
0.9999833
0.99947923
0.94269997
1.0
1.0
1.0
0.9999994
1.0
0.9999964
0.99560356
1.0
0.9997093
0.9999993
0.999984
0.99999976
1.0
1.0
1.0
1.0
1.0
0.9999988
1.0
0.99999976
1.0
0.99989974
0.9999982
1.0
0.9999969
1.0
1.0
1.0
1.0
1.0
1.0
0.999977
1.0
1.0
1.0
1.0
0.99999917
1.0
0.999025
0.9999937
0.99998605
1.0
0.99999833
0.9999999
0.9999999
1.0
0.9974861
1.0
0.9999999
0.9999976
0.99999976
0.98190767
1.0
0.9999864
1.0
0.99997544
0.999985
0.9999951
0.99999535
0.99999857
0.9999993
1.0
0.9999993
1.0
0.9748907
1.0
1.0
1.0
1.0
0.9999999
1.0
0.9999505
1.0
0.99999607
1.0
0.9999987
1.0
1.0
0.99975294
0.99926275
1.0
1.0
0.99999094
1.0
1.0
1.0
0.99999714
1.0
0.8670894
1.0
1.0
0.9971673
0.9999989
1.0
0.99999976
0.9999974
0.9999999
1.0
1.0
1.0
0.99999976
0.9999999
1.0
0.9999964
0.9999912
0.99999774
1.0
1.0
0.9999999
1.0
0.9999995
0.99999976
1.0
0.99999833
1.0
1.0
0.9999994
1.0
1.0
0.9999888
1.0
1.0
0.9993759
1.0
0.9999815
1.0
1.0
1.0
0.9999995
0.9999994
0.9999906
1.0
1.0
0.9999999
1.0
0.99999845
1.0
0.9999999
0.9999919
0.99999976
1.0
0.99999917
1.0
0.9997968
0.9999474
0.99999976
1.0
0.99999845
0.9999988
0.9910211
1.0
0.99997616
0.9999995
0.99998426
0.9999844
0.733838
1.0
0.9999981
0.99661607
1.0
0.99999905
0.9999993
0.9999999
1.0
0.9999999
0.9999994
0.9989219
0.74009186
0.99999976
1.0
1.0
0.999997
0.9999621
0.9998841
0.9999614
1.0
1.0
1.0
1.0
1.0
0.9996081
0.9075594
0.9999939
1.0
0.99999416
1.0
1.0
0.9994931
1.0
0.99941754
1.0
1.0
0.9999763
1.0
0.9998149
1.0
0.99999225
1.0
0.9975413
1.0
0.9999268
0.9999999
1.0
0.9999913
0.9989042
0.9999999
1.0
0.9983791
1.0
0.9999994
1.0
0.99999964
1.0
0.9999999
0.99999785
1.0
0.9999999
0.99999976
0.9998369
0.9999994
1.0
0.9999567
1.0
0.8463662
1.0
1.0
0.9999999
1.0
0.9999908
0.99998105
1.0
1.0
1.0
0.9542602
1.0
1.0
1.0
0.9999999
1.0
1.0
0.9999337
1.0
1.0
1.0
1.0
1.0
1.0
0.99999416
1.0
0.99998295
1.0
0.99971765
1.0
1.0
0.99998295
0.9999999
1.0
0.9999999
0.8697301
1.0
1.0
0.99999917
0.9999982
1.0
1.0
1.0
0.9999999
0.9999881
0.9999989
1.0
1.0
0.9999995
0.9999999
1.0
1.0
1.0
1.0
1.0
1.0
0.99999964
1.0
1.0
0.99999976
0.9999999
0.99966824
1.0
0.99999964
0.9935866
0.39996266
0.99999964
0.9856178
0.9999993
1.0
0.99999976
1.0
0.99999964
0.9999999
0.99996245
0.99999154
1.0
1.0
0.89365405
1.0
1.0
1.0
0.99999356
0.9998354
1.0
1.0
1.0
1.0
1.0
0.9999999
1.0
0.9999995
1.0
0.999998
1.0
1.0
0.9999869
0.9999999
1.0
1.0
1.0
1.0
0.999998
0.9999994
0.9999994
0.99976736
0.9999999
0.9991216
0.99998
1.0
1.0
0.99999833
1.0
0.99986804
0.9878699
0.99999976
0.9999938
0.9999894
1.0
0.99990857
0.99999714
1.0
0.9996618
0.99999976
1.0
1.0
0.99999964
0.9999294
1.0
0.99999976
1.0
1.0
1.0
1.0
0.9997137
0.99846894
1.0
0.99988663
0.99963427
0.9999641
1.0
0.9999989
1.0
0.999998
1.0
1.0
0.9999999
0.99999964
0.99999976
1.0
0.9999982
0.99999595
0.9999994
0.9999994
0.9999988
1.0
0.999997
0.9999945
0.99999964
1.0
1.0
1.0
0.99982375
1.0
1.0
0.9999567
0.99999905
1.0
1.0
1.0
0.99999976
0.9991284
0.9999989
1.0
1.0
0.9999999
1.0
0.9999057
0.9999517
1.0
0.99999964
0.99998033
1.0
0.99999976
1.0
1.0
0.9999989
1.0
1.0
0.99997115
0.9999317
1.0
1.0
1.0
0.9987393
0.99999917
1.0
0.9999994
1.0
1.0
1.0
0.9990702
1.0
1.0
1.0
1.0
1.0
0.9999995
1.0
0.9999999
0.9999069
0.9992095
0.99999976
1.0
0.9999976
0.9999918
0.999997
1.0
0.99977404
0.9999993
1.0
1.0
1.0
0.9478622
0.999982
1.0
1.0
0.99999106
1.0
1.0
0.5854701
1.0
0.9999999
1.0
0.9999999
1.0
1.0
1.0
0.9999999
1.0
0.9997079
0.9982122
0.99999845
0.9997689
0.99999285
0.9999753
1.0
0.99999785
1.0
1.0
1.0
0.99999404
1.0
1.0
1.0
0.9995221
0.9991209
0.9999974
1.0
0.9998492
1.0
1.0
1.0
1.0
1.0
0.99997103
0.99999964
0.99999285
0.99998915
1.0
1.0
0.9999927
0.9999962
1.0
0.99989855
1.0
1.0
0.99999976
0.99998367
1.0
0.9999999
1.0
0.9999999
1.0
1.0
0.9999511
1.0
1.0
0.99999964
0.9999999
1.0
1.0
0.99999845
0.9997173
0.99262625
1.0
1.0
0.9999999
1.0
1.0
1.0
0.99999976
0.99999964
1.0
1.0
1.0
1.0
0.9999912
0.9999937
0.99999964
0.99998033
1.0
1.0
1.0
1.0
0.9999988
1.0
0.9999994
1.0
1.0
1.0
0.999445
0.9997004
0.99999976
0.9999989
0.9999999
1.0
0.99999976
0.9999949
0.9999987
1.0
0.99987876
1.0
0.99999964
0.99999523
0.93768126
0.99999976
1.0
0.99999774
1.0
1.0
0.9998816
0.9999565
0.9999999
0.99999905
1.0
0.99999976
0.9966949
0.99978274
0.9872012
0.99999774
1.0
0.99998474
1.0
1.0
0.99999976
0.9999964
0.99999976
1.0
1.0
1.0
0.99999976
1.0
0.9999753
1.0
0.9999999
0.9999907
1.0
1.0
0.99999654
0.99997556
1.0
0.99999976
1.0
0.9986203
1.0
1.0
1.0
0.9999696
0.9999995
1.0
0.99999905
0.99998856
1.0
1.0
1.0
1.0
1.0
0.9999994
0.9988871
1.0
0.9999987
0.99999976
0.9999863
0.9999999
0.9999999
0.9999999
0.99997973
1.0
0.99984264
1.0
1.0
1.0
0.9999999
1.0
1.0
0.99999917
0.9999999
1.0
0.99999964
0.99999964
1.0
1.0
1.0
1.0
0.99999905
0.9999924
0.99651814
1.0
0.99999917
0.999998
1.0
1.0
0.9999839
0.99999976
0.99999726
1.0
0.87230337
0.9999994
1.0
0.9995414
0.99999964
0.99994457
1.0
0.9999994
0.99999774
1.0
0.99999976
1.0
1.0
1.0
1.0
1.0
1.0
1.0
1.0
0.9995159
0.9999994
1.0
0.9999999
1.0
0.99999857
0.999998
0.99973935
1.0
0.99999726
0.9332352
0.9999999
0.99999547
1.0
1.0
1.0
0.9996081
0.99999905
0.99999845
0.99996126
1.0
1.0
1.0
0.99998724
0.9999999
1.0
1.0
1.0
1.0
1.0
0.99999976
1.0
0.9999976
0.999864
0.9995914
1.0
0.9999999
0.9999988
0.99999976
1.0
1.0
1.0
0.9999982
1.0
0.9999999
1.0
1.0
0.9999565
0.99999654
0.99999213
0.99995995
0.99987876
1.0
0.9999682
0.99999785
0.99999976
0.9999995
0.99998105
1.0
1.0
0.99999917
1.0
0.97929674
0.9999498
1.0
1.0
1.0
1.0
0.9999554
1.0
0.9981343
0.99999917
1.0
1.0
1.0
0.9999715
1.0
0.9999831
0.99999917
0.9995054
1.0
0.99999726
1.0
1.0
0.99977916
1.0
1.0
1.0
0.99952435
0.99999964
0.9999999
0.9999999
0.999506
0.6597771
1.0
0.99999917
1.0
1.0
0.9999932
0.9999949
0.99999416
1.0
1.0
0.99999917
1.0
1.0
0.9999988
1.0
0.9999993
0.9993375
1.0
1.0
0.99999976
1.0
0.9998627
1.0
0.99999356
0.44277164
0.9773316
1.0
0.9999995
1.0
0.9999999
0.999992
0.99999833
1.0
0.99998426
1.0
1.0
1.0
0.9999558
1.0
0.9999988
0.9942556
1.0
1.0
0.99999917
1.0
1.0
0.99867284
0.99999976
0.9999862
0.99999917
1.0
0.99999475
1.0
0.9999993
1.0
0.9999467
1.0
0.9999968
0.9999604
0.99999976
1.0
1.0
0.99999833
0.9793403
0.99988806
0.9961718
0.9999999
0.99405587
1.0
1.0
0.9999999
0.99999976
1.0
0.9999999
1.0
0.9999999
1.0
1.0
1.0
0.9999976
1.0
0.9999993
0.9999999
1.0
0.9990859
1.0
1.0
1.0
1.0
1.0
0.9999995
1.0
0.92051023
0.9999999
1.0
0.99999535
1.0
1.0
0.9999976
1.0
0.9999999
0.99999034
0.9999999
1.0
1.0
0.9999993
0.9999912
0.99999976
1.0
0.9999999
1.0
1.0
0.99997556
0.99999976
1.0
1.0
1.0
1.0
1.0
0.9999684
0.9999976
1.0
1.0
1.0
0.9999566
1.0
1.0
1.0
0.99907637
1.0
0.9998468
0.9999999
1.0
0.99999976
1.0
0.9999714
1.0
1.0
0.9999987
1.0
0.9999993
1.0
1.0
1.0
1.0
1.0
0.9999989
0.9936335
1.0
0.99999976
1.0
1.0
1.0
0.9999999
0.9997265
1.0
0.9996697
1.0
1.0
1.0
0.99998343
0.9999654
0.9999999
1.0
1.0
0.9999994
1.0
1.0
0.94804615
1.0
1.0
1.0
0.99999356
1.0
1.0
0.9999918
0.99991286
0.9999999
1.0
0.99999976
0.9999987
1.0
0.9999864
1.0
0.9912072
0.99999976
0.9999999
0.99998474
1.0
0.9999968
0.99988854
0.9999982
0.9967213
0.62766725
0.99999
0.9998385
0.99328303
1.0
1.0
0.99999976
1.0
1.0
0.9999751
1.0
0.9999995
0.99958867
0.9999999
1.0
0.99760216
1.0
0.99999976
1.0
0.9999999
0.9999988
0.99997187
0.9998845
1.0
0.8428411
1.0
1.0
0.99999154
0.99979764
0.9999995
0.9997944
1.0
1.0
1.0
0.9999988
0.9826649
0.99999976
0.9999962
0.9999995
0.99998605
0.82245386
1.0
1.0
1.0
0.99999094
0.99999666
0.9999999
0.99999666
1.0
0.99999607
1.0
0.8795105
1.0
0.9989581
1.0
0.99977297
1.0
1.0
0.99993896
0.9999999
1.0
1.0
0.9999993
0.9999964
0.999995
1.0
1.0
0.87990355
0.99999845
0.9998684
1.0
0.9999999
0.99998844
0.9999987
0.9999908
1.0
1.0
0.9999994
1.0
0.9999949
1.0
0.79510444
0.9999999
0.99999964
0.997445
1.0
1.0
1.0
1.0
1.0
0.9999999
0.9933955
1.0
0.99999
0.99992764
1.0
1.0
1.0
1.0
1.0
1.0
1.0
0.9999994
1.0
0.9965011
0.99999964
0.9999974
1.0
1.0
0.9999999
1.0
0.99535584
1.0
0.9999887
1.0
0.9999999
1.0
1.0
1.0
0.99999714
0.9999999
0.99999976
1.0
0.68174714
0.99999964
0.9999969
0.5936592
1.0
0.9999999
0.9999964
0.9999995
0.9999995
0.99843043
1.0
0.99999976
0.99995637
1.0
0.9999877
1.0
1.0
0.9999857
1.0
0.99892247
0.99999714
0.99831676
1.0
1.0
0.99999976
1.0
0.9999938
1.0
0.9999912
0.9999981
0.999998
1.0
1.0
1.0
0.99999845
0.9999987
1.0
0.9999999
1.0
0.9999999
1.0
0.9999999
1.0
0.9990644
0.9999994
1.0
1.0
0.9999995
0.9999999
1.0
0.9999993
1.0
0.99849975
1.0
0.9999999
1.0
0.9130122
1.0
1.0
1.0
1.0
0.9999913
1.0
1.0
1.0
1.0
1.0
1.0
1.0
1.0
1.0
1.0
0.9999994
0.99999976
0.99999225
0.99991214
0.99954045
0.9999999
1.0
1.0
1.0
1.0
1.0
1.0
1.0
1.0
0.9999999
0.9999999
1.0
0.99528426
0.99993896
0.85846204
0.9999465
0.9954261
1.0
1.0
0.99997914
1.0
0.9999981
1.0
0.99998045
0.9216283
0.9999999
1.0
0.99999356
1.0
1.0
1.0
1.0
1.0
1.0
0.9999943
0.9999875
1.0
0.9999995
1.0
1.0
0.9999782
0.8873665
0.9999914
0.99999714
0.999803
0.9999995
1.0
0.99999976
1.0
0.9814446
0.9999993
0.99999857
1.0
1.0
0.9999999
0.99999976
0.99997115
0.9998801
0.99465066
0.9999975
0.99999714
0.9999678
0.9999846
1.0
0.9999999
0.99999964
1.0
1.0
0.99976474
0.9999999
0.9990237
1.0
1.0
0.999997
0.99992
0.99999964
1.0
1.0
0.9999993
1.0
0.6470662
1.0
1.0
1.0
0.9999999
0.9999981
1.0
1.0
0.9495425
0.99999976
0.98028976
0.9999118
0.9999995
1.0
1.0
0.99999285
1.0
1.0
1.0
1.0
0.88595814
0.99999917
0.99996483
0.99953175
0.9999999
1.0
1.0
1.0
1.0
1.0
0.99998415
1.0
1.0
0.9999993
1.0
1.0
0.9999999
0.9999832
1.0
1.0
0.99967504
0.9999925
1.0
0.9999994
1.0
0.9996799
0.9995159
1.0
1.0
0.9999987
1.0
0.99999976
0.9999995
0.99999964
0.9999999
1.0
0.9885308
1.0
0.9858562
1.0
0.99999976
0.99999845
1.0
1.0
0.99943155
1.0
1.0
0.99999404
0.9721096
1.0
0.9999912
0.5598562
0.9999988
0.99999964
0.99999964
1.0
1.0
0.99999964
1.0
0.99998844
1.0
0.99999785
1.0
0.99999976
0.99999964
0.9999989
0.99897194
1.0
0.99999976
1.0
1.0
0.9999999
0.99999845
0.9999814
0.9999999
0.9999039
1.0
1.0
1.0
1.0
0.9999999
1.0
1.0
0.9999982
0.999928
0.99999976
0.9999999
0.99999475
1.0
0.99995303
0.9996604
1.0
0.99999964
0.9999994
1.0
1.0
0.9995746
0.9999882
0.9998642
0.9980818
1.0
0.9999995
1.0
1.0
0.99999785
1.0
1.0
0.9999907
1.0
0.9999993
0.9999958
1.0
0.9999924
0.99991095
0.9999999
0.9998282
0.99999976
1.0
0.9999994
0.9995844
0.9999995
0.9999825
0.9999944
1.0
0.99999964
0.9999579
1.0
0.9963182
1.0
0.99999917
1.0
0.9999907
0.99999595
0.9999994
1.0
1.0
0.9879358
1.0
0.9999994
1.0
0.999997
1.0
1.0
0.99998415
0.9999796
1.0
1.0
0.9999938
1.0
0.73063636
0.9999993
0.9999809
1.0
0.99995804
1.0
0.9999409
0.9999902
0.9999931
0.9991123
1.0
1.0
1.0
1.0
1.0
1.0
0.99999666
0.9999993
0.99998224
1.0
0.9999988
0.99999976
0.99999857
0.99922645
1.0
0.99866855
1.0
1.0
1.0
0.5813018
1.0
0.9999484
0.9999994
0.9999999
1.0
0.99948764
0.99997735
1.0
1.0
1.0
0.99999297
1.0
1.0
1.0
1.0
0.9999956
1.0
0.9999789
0.99619067
1.0
1.0
1.0
0.9999999
1.0
1.0
1.0
0.99999976
1.0
1.0
1.0
1.0
0.99999666
0.98531044
0.99997103
0.9999999
1.0
1.0
0.99999523
0.9999683
0.99999976
1.0
1.0
0.62860304
0.99999964
1.0
1.0
1.0
1.0
0.99999976
0.99935895
0.76556164
1.0
1.0
0.99896276
0.9999943
1.0
1.0
0.9999987
0.9999999
0.99642724
0.99999416
1.0
0.99999475
0.9999521
1.0
0.99680316
0.99999535
0.99999976
0.9999999
1.0
1.0
0.9999974
1.0
0.9999999
0.9999963
0.9999751
0.99999964
1.0
0.80434275
1.0
0.9999949
0.9999962
1.0
0.5723466
1.0
0.9999938
1.0
0.9999901
0.9991203
0.9999994
1.0
0.9994367
0.99999964
0.9999851
0.9999275
0.9999491
0.9999999
0.9999999
1.0
1.0
0.9995721
1.0
0.999959
0.9999993
1.0
0.9999999
1.0
0.9996568
0.99992704
0.99984884
0.99999046
0.9999933
0.9999994
0.99999774
1.0
0.9999993
1.0
0.99999475
1.0
0.99999344
1.0
0.9999616
1.0
0.9999317
0.99999726
0.9999964
1.0
0.9999844
1.0
1.0
1.0
1.0
1.0
0.9999999
1.0
0.9999989
0.99999964
0.9999999
0.83460695
1.0
1.0
1.0
1.0
0.9999962
0.9990245
0.9999995
1.0
0.99999976
1.0
0.99999475
1.0
0.9999999
0.9999976
0.9999167
0.984695
1.0
1.0
0.9988745
1.0
1.0
1.0
1.0
0.99999833
0.89581126
1.0
1.0
1.0
1.0
0.9999999
1.0
1.0
0.99999106
1.0
1.0
0.99130005
1.0
0.99847883
0.9999982
0.99959844
1.0
0.9999994
0.999997
0.9999999
1.0
0.99999857
0.9999999
1.0
0.9999962
1.0
1.0
1.0
0.9999999
1.0
0.9998449
0.99199533
0.9999902
1.0
0.99550533
1.0
0.9807522
1.0
1.0
0.99997926
1.0
0.99999976
1.0
1.0
0.99998426
1.0
0.99999976
1.0
1.0
1.0
0.999943
0.9999999
0.9999995
0.9999988
1.0
0.9999933
0.854057
0.9999999
0.99999976
1.0
0.9951321
1.0
0.9999999
0.9999949
0.9997707
0.99998665
0.999987
1.0
0.9999571
0.99999845
0.99999166
0.99999905
0.9999981
0.99999976
0.7113196
0.99999976
1.0
1.0
1.0
1.0
0.99999046
1.0
0.99984217
1.0
0.9999999
0.97278047
0.9999876
1.0
1.0
0.99999964
1.0
0.9999982
1.0
1.0
0.99999297
1.0
0.99999964
1.0
0.9999999
1.0
0.99999666
1.0
1.0
1.0
1.0
1.0
1.0
1.0
0.9801159
1.0
0.9999629
1.0
1.0
0.99999964
0.9999999
0.9999994
1.0
0.9999869
0.99951684
0.9996755
0.99994206
1.0
0.9999732
1.0
0.9999999
0.99922204
1.0
1.0
0.7808629
0.9996228
0.9999999
0.9787921
1.0
1.0
0.9999958
0.99844533
0.9985582
0.9999989
0.882293
1.0
0.9999999
1.0
0.9990715
1.0
0.999925
1.0
1.0
1.0
1.0
0.9999906
0.9999286
1.0
0.9999852
1.0
1.0
1.0
1.0
1.0
0.9999999
0.999995
1.0
1.0
1.0
1.0
1.0
0.99981433
1.0
0.9870428
1.0
0.9999994
1.0
0.99992585
1.0
1.0
0.99998236
1.0
1.0
1.0
0.99719536
0.9999993
1.0
0.99999976
0.9994011
1.0
1.0
0.9999937
0.99999726
0.9999958
1.0
0.99997604
1.0
0.99999416
0.9999993
1.0
0.99984443
0.9999999
0.9999993
0.9999963
0.9999999
0.99999213
0.9999881
0.99998224
0.60480976
0.99999964
0.9999999
1.0
0.9909117
1.0
1.0
0.99763596
0.9982905
1.0
1.0
1.0
1.0
0.99999344
0.99995124
1.0
1.0
0.99999917
0.99999857
1.0
0.9999999
0.99999917
0.99998534
0.9999701
1.0
1.0
0.9999994
1.0
1.0
1.0
0.9431937
1.0
0.9999999
0.9997545
1.0
0.9999982
1.0
1.0
0.99999857
0.9999999
1.0
1.0
1.0
0.9999987
0.9785605
1.0
0.99999976
0.9999993
0.9995472
0.6205739
1.0
1.0
1.0
1.0
0.99999976
0.9999995
1.0
1.0
1.0
0.99990594
1.0
0.99999964
0.999959
1.0
0.9999969
1.0
1.0
1.0
0.8390613
0.99999213
0.9999194
0.99999976
0.9999995
0.99999714
1.0
0.99999976
1.0
1.0
1.0
1.0
1.0
1.0
1.0
0.9999999
0.9999982
0.9998155
0.99999845
0.9999988
0.99993646
0.9999995
1.0
0.99952424
0.9999844
1.0
0.99981266
1.0
1.0
0.9999994
1.0
1.0
0.9985335
1.0
0.9999993
0.9999484
1.0
0.99999964
1.0
1.0
0.99983037
1.0
0.9999958
0.9999969
1.0
0.9999999
1.0
1.0
1.0
1.0
1.0
0.9961295
1.0
0.9999598
0.99999964
1.0
0.9999982
0.99989104
1.0
0.999997
0.813772
0.9999999
0.99999976
0.9999864
0.9999999
1.0
1.0
0.9999994
0.99999976
1.0
1.0
1.0
1.0
0.9999945
0.9999982
1.0
1.0
0.9999999
0.9999993
1.0
0.99999857
0.9998079
0.99999917
1.0
0.99975485
0.9997886
0.99999964
1.0
1.0
1.0
0.99999774
1.0
0.99963045
1.0
0.9999994
1.0
0.9999919
0.99999595
0.9999995
0.99994254
0.9984812
0.9860108
0.9999963
1.0
0.9994518
0.9999025
1.0
1.0
1.0
1.0
1.0
1.0
0.9999583
0.9999995
1.0
1.0
0.99997413
1.0
1.0
1.0
0.9984433
0.99999964
0.9858181
1.0
0.99999857
0.99999964
0.99999964
1.0
1.0
0.9999999
0.9999993
1.0
1.0
1.0
1.0
1.0
1.0
0.9999944
0.99999976
0.99999976
1.0
1.0
1.0
1.0
0.9863877
1.0
1.0
0.99999976
1.0
0.9998629
0.9999999
0.99999857
0.9999999
1.0
1.0
1.0
0.9999999
1.0
1.0
0.9999492
0.9999999
1.0
1.0
0.9999999
1.0
0.99999976
1.0
1.0
0.9521707
0.99992883
1.0
1.0
1.0
1.0
0.9999995
0.98415434
0.9999901
0.9996772
1.0
1.0
0.99999595
0.99999964
1.0
0.9999995
0.9706344
1.0
0.9999999
0.9999908
1.0
0.99999845
1.0
1.0
0.99997723
0.9999999
1.0
0.9999993
1.0
0.99999917
0.99688244
0.8971594
0.99999774
0.99999917
1.0
1.0
0.9999894
1.0
0.99999917
0.99999905
0.9999969
1.0
1.0
1.0
0.99999964
0.99999595
1.0
1.0
0.9999999
0.99994016
0.9996617
1.0
1.0
0.8238683
0.999091
1.0
0.99991906
1.0
1.0
1.0
1.0
0.9999875
1.0
1.0
0.9999995
0.9999987
1.0
0.5779874
1.0
0.9996264
0.99999666
1.0
0.98231345
0.9999682
0.99999976
0.9999454
0.9999999
0.99997914
1.0
0.9933209
0.99999475
0.9999974
1.0
0.99999154
1.0
1.0
0.99999607
1.0
1.0
1.0
0.9999846
0.9999981
1.0
0.9998547
0.9999995
0.99999654
1.0
1.0
1.0
1.0
0.99993205
1.0
0.99985695
0.9999976
0.999724
1.0
0.9999999
1.0
0.99999714
1.0
1.0
0.99989545
0.9999999
1.0
0.99970406
1.0
0.99999917
0.99996865
1.0
1.0
1.0
1.0
0.9995554
0.9999993
1.0
1.0
1.0
0.9999969
1.0
0.9999988
0.9999908
1.0
0.999961
1.0
0.9999999
0.9993494
0.99982834
0.99999905
1.0
1.0
1.0
1.0
1.0
0.9999249
0.9994199
0.99967206
1.0
1.0
1.0
0.5835158
1.0
1.0
0.99999976
0.9999827
1.0
1.0
0.9999994
0.9999993
1.0
0.9977451
0.99997365
0.9999974
1.0
0.99999964
0.9999994
0.9999964
1.0
1.0
1.0
0.9999995
1.0
0.9999323
0.99999905
1.0
1.0
0.9999988
1.0
0.9999751
0.99999976
0.99999523
1.0
1.0
0.9999889
0.9922639
1.0
1.0
0.99999976
0.9999999
0.9998808
1.0
0.99828523
1.0
1.0
0.9999999
1.0
1.0
1.0
1.0
0.99999976
0.99999654
1.0
0.9999933
0.9999981
1.0
1.0
1.0
1.0
1.0
0.9999994
1.0
0.9999999
1.0
1.0
1.0
0.9999995
0.99999976
1.0
1.0
0.9999999
1.0
1.0
1.0
0.9999999
1.0
0.99999976
1.0
0.99999976
1.0
0.9999963
1.0
1.0
1.0
1.0
0.99999845
1.0
1.0
0.9999999
1.0
1.0
0.99999774
1.0
0.9999387
0.99999976
1.0
0.9999976
1.0
1.0
1.0
1.0
1.0
1.0
0.9999964
1.0
0.9999999
1.0
0.9999999
1.0
1.0
0.99999976
1.0
0.9999467
0.99943334
0.99999964
0.99999976
1.0
1.0
1.0
0.9999995
1.0
1.0
0.99999976
0.99999833
1.0
1.0
0.9999999
1.0
1.0
0.9999999
0.99997973
0.9999943
1.0
0.99997437
1.0
0.99999976
0.99999976
1.0
0.9999999
0.9999999
1.0
1.0
0.99999774
1.0
0.9999982
0.9999995
1.0
1.0
1.0
1.0
0.9999999
0.9999999
0.9999993
0.99999964
1.0
0.9999999
1.0
1.0
1.0
0.9999536
1.0
1.0
1.0
1.0
0.99999976
0.9999999
0.99999905
0.99999976
1.0
1.0
1.0
1.0
0.98726326
1.0
1.0
1.0
0.99999964
1.0
1.0
1.0
0.99999976
0.9999993
1.0
1.0
1.0
0.9989718
0.999998
1.0
1.0
1.0
0.99999774
0.99999785
1.0
1.0
1.0
1.0
1.0
0.99999297
1.0
0.9999995
0.99999213
1.0
1.0
1.0
0.89728147
1.0
1.0
0.999959
0.9999999
0.9999964
0.9753988
0.9999999
0.9999994
1.0
1.0
1.0
1.0
0.99999785
0.99999845
1.0
1.0
0.9994105
0.9999989
1.0
1.0
0.99999845
1.0
0.9999993
0.99999666
1.0
1.0
1.0
1.0
1.0
1.0
0.99999666
1.0
1.0
0.9999999
0.9998561
1.0
1.0
1.0
1.0
0.99790215
0.9999999
0.9993641
1.0
0.99998987
1.0
0.9999957
0.99999917
0.99999607
1.0
0.99999976
0.9999763
1.0
1.0
0.9999999
1.0
1.0
1.0
0.99999774
0.9999999
0.9999919
0.99999785
0.9999511
1.0
1.0
1.0
1.0
1.0
1.0
0.99913764
0.99999976
1.0
1.0
1.0
0.9999999
0.99999905
1.0
1.0
1.0
0.99999845
1.0
0.9999963
0.9999999
0.9999771
0.99999595
0.9999844
1.0
0.96513337
0.99999976
1.0
0.9999995
0.99999976
0.99999666
0.99999845
0.9999999
1.0
1.0
1.0
1.0
0.9999999
1.0
0.9999995
0.9981806
0.99998116
0.99999976
1.0
0.9001538
1.0
1.0
0.99856985
0.9998023
0.9999999
1.0
1.0
1.0
1.0
1.0
1.0
1.0
0.99802893
0.9999999
1.0
1.0
1.0
1.0
1.0
1.0
1.0
1.0
0.99972516
1.0
1.0
1.0
1.0
1.0
1.0
1.0
1.0
1.0
0.9999845
0.9999999
1.0
1.0
1.0
1.0
1.0
1.0
1.0
1.0
1.0
1.0
1.0
0.99999845
1.0
1.0
1.0
0.9999999
1.0
0.9999999
1.0
1.0
1.0
1.0
1.0
0.9999999
0.99999917
1.0
1.0
1.0
1.0
1.0
1.0
0.8065357
1.0
1.0
1.0
0.9999989
1.0
1.0
1.0
1.0
1.0
1.0
1.0
0.9999987
1.0
1.0
1.0
1.0
1.0
1.0
1.0
1.0
1.0
1.0
1.0
1.0
1.0
1.0
1.0
1.0
0.99999
1.0
1.0
0.99999976
1.0
1.0
1.0
1.0
1.0
1.0
1.0
0.9999999
0.99999976
1.0
1.0
0.9999995
1.0
1.0
1.0
0.9999937
0.9999975
1.0
1.0
1.0
1.0
1.0
1.0
1.0
0.9999999
1.0
1.0
1.0
1.0
1.0
0.99999833
1.0
1.0
0.99999976
1.0
1.0
1.0
0.9999993
1.0
1.0
1.0
0.99999607
0.9999982
0.9999881
1.0
0.99999845
1.0
1.0
1.0
1.0
1.0
1.0
0.9999902
0.99999976
1.0
1.0
1.0
1.0
1.0
1.0
0.99997175
1.0
1.0
0.99999976
1.0
0.9999999
1.0
0.9999999
1.0
1.0
1.0
1.0
1.0
1.0
1.0
1.0
1.0
1.0
1.0
1.0
1.0
1.0
1.0
0.9999995
1.0
0.99252
0.9960373
1.0
1.0
1.0
1.0
1.0
0.9999994
0.99987745
1.0
0.9999999
0.9999999
1.0
1.0
1.0
1.0
1.0
1.0
1.0
1.0
1.0
0.9999999
1.0
1.0
1.0
1.0
1.0
1.0
1.0
1.0
1.0
1.0
1.0
1.0
0.99999964
1.0
1.0
1.0
1.0
1.0
1.0
0.9999999
0.99999976
1.0
1.0
1.0
1.0
1.0
1.0
1.0
0.99999845
1.0
1.0
0.9999988
1.0
0.9999999
1.0
1.0
1.0
1.0
1.0
1.0
1.0
1.0
1.0
1.0
1.0
1.0
1.0
1.0
0.9999573
1.0
1.0
0.999982
0.99999607
1.0
0.9999999
1.0
0.99996936
1.0
1.0
1.0
1.0
0.99999976
1.0
1.0
1.0
0.99999666
0.99999714
1.0
1.0
1.0
1.0
1.0
1.0
1.0
1.0
0.9999989
0.99988484
1.0
1.0
1.0
1.0
1.0
1.0
1.0
1.0
0.99999976
1.0
1.0
0.9999994
1.0
0.9999902
0.9999999
1.0
0.9976653
1.0
1.0
1.0
1.0
0.99998105
1.0
1.0
1.0
0.9999999
1.0
1.0
1.0
1.0
0.9999989
1.0
0.9999938
1.0
0.9999999
0.9999995
1.0
1.0
0.9994025
1.0
1.0
1.0
1.0
1.0
1.0
0.99999976
0.99999845
1.0
1.0
1.0
1.0
1.0
0.9998524
0.99999905
0.9999994
0.9999969
1.0
1.0
1.0
1.0
0.9999999
1.0
1.0
1.0
0.99999917
0.99999285
1.0
1.0
1.0
0.9999982
1.0
1.0
0.99999976
1.0
0.99999964
0.9999602
1.0
1.0
0.99999964
0.99999964
1.0
1.0
0.99999905
0.9999976
1.0
1.0
0.96145153
1.0
0.99998796
0.99999976
0.9999999
0.9997776
0.99999976
1.0
0.9499493
0.9999989
1.0
1.0
1.0
0.9999974
0.9999851
0.99988306
0.99999845
1.0
1.0
0.9999981
0.99870133
0.9999329
1.0
1.0
1.0
1.0
1.0
1.0
0.99999607
0.99999976
0.9999999
1.0
1.0
1.0
1.0
1.0
1.0
1.0
0.99999976
1.0
1.0
1.0
0.9914273
0.999762
0.9998173
1.0
1.0
1.0
1.0
0.9999763
1.0
1.0
1.0
1.0
0.9999995
1.0
1.0
0.9999746
1.0
1.0
1.0
1.0
0.9999949
1.0
1.0
1.0
1.0
1.0
1.0
0.99999976
0.99999976
0.99999976
1.0
0.9999999
0.99999976
0.9999734
1.0
1.0
1.0
1.0
0.9999926
1.0
1.0
0.99999976
1.0
0.99997306
0.9998555
1.0
1.0
1.0
1.0
1.0
0.9999999
0.9999999
0.99999964
1.0
1.0
0.99999404
0.9999989
1.0
0.9996697
0.9996551
0.95896524
0.9999987
1.0
1.0
0.99999774
1.0
0.9999982
0.999966
1.0
0.9999391
0.99999976
1.0
0.9999999
0.6700238
1.0
1.0
0.99948514
0.9999995
0.9999988
1.0
0.9999454
0.99999964
1.0
0.9999999
1.0
1.0
1.0
0.9999999
1.0
1.0
1.0
1.0
0.9999999
0.9999999
0.99999905
0.9999995
0.99999964
0.99999404
1.0
1.0
1.0
0.99999905
0.99999857
1.0
1.0
0.9999999
1.0
1.0
0.9999975
1.0
1.0
0.9999987
1.0
1.0
1.0
1.0
1.0
1.0
1.0
1.0
1.0
1.0
1.0
1.0
0.9999987
0.98869073
0.9999894
0.9999213
1.0
0.9999995
0.99999726
0.9999995
1.0
1.0
1.0
1.0
1.0
1.0
1.0
1.0
1.0
1.0
1.0
0.9999999
1.0
0.99998856
1.0
0.9999963
1.0
1.0
1.0
0.9999918
0.999764
1.0
0.99999917
0.9999999
1.0
1.0
1.0
0.99995697
1.0
0.9999999
1.0
1.0
1.0
0.9999994
0.99952984
1.0
1.0
1.0
1.0
1.0
1.0
1.0
1.0
1.0
0.9999999
1.0
1.0
1.0
1.0
0.9999995
1.0
1.0
1.0
0.9999993
1.0
1.0
1.0
1.0
1.0
1.0
1.0
0.9999999
1.0
0.99999976
1.0
1.0
1.0
1.0
1.0
0.9898407
0.9999999
1.0
1.0
1.0
1.0
1.0
1.0
0.9999987
1.0
0.98944515
0.9991641
1.0
0.9999809
0.99999774
1.0
0.9999999
1.0
0.9999999
1.0
0.9999994
1.0
0.9999999
1.0
1.0
1.0
0.99999833
1.0
1.0
0.9999858
0.9999993
1.0
1.0
1.0
1.0
0.99988997
1.0
0.9999963
1.0
0.9999994
1.0
1.0
1.0
1.0
0.9999982
0.9999939
1.0
0.99999964
1.0
0.9999434
1.0
1.0
1.0
1.0
1.0
1.0
1.0
0.9999907
0.99999404
0.9731463
0.9989109
0.9999937
0.9991498
1.0
1.0
0.99999917
1.0
1.0
1.0
1.0
1.0
1.0
0.9999906
0.99999905
0.9999888
1.0
0.99999976
1.0
0.86318636
1.0
1.0
1.0
0.9991303
0.9999999
0.9999143
1.0
0.9999609
1.0
0.9999999
1.0
0.9999882
0.9999999
1.0
0.9999962
0.9999968
0.99998295
0.99998164
1.0
0.99999094
0.99999344
0.9999957
0.9999975
0.9999999
1.0
0.9996518
0.9841616
0.9999999
0.99999416
0.99998975
0.99999905
0.9999882
0.99999344
0.99999094
1.0
0.99999964
0.9999925
1.0
1.0
1.0
0.99999356
0.99967384
0.99928635
0.9999995
0.99996984
0.99999976
0.9999826
0.9999999
0.9998128
0.99962425
0.99986076
0.999977
0.99999774
0.99999917
0.9999995
0.99999404
0.9999999
1.0
1.0
0.9999994
1.0
1.0
0.99999964
0.9999552
0.99973387
0.9999999
0.99998915
0.99989986
0.99999225
0.9999999
0.9937977
0.99999785
0.9999658
0.9999981
1.0
0.99999833
0.9999993
0.99999917
1.0
0.9990821
1.0
0.99996614
0.9999987
0.99999905
1.0
1.0
0.999995
1.0
0.9999999
0.9999969
1.0
0.99999857
0.9999112
0.9999976
0.99969923
1.0
1.0
0.99999785
0.999992
0.9999995
0.99999964
1.0
1.0
0.99999344
1.0
1.0
1.0
0.99999964
1.0
0.9999201
1.0
1.0
1.0
1.0
0.99999964
0.97290844
0.9999943
0.99999964
1.0
1.0
1.0
1.0
1.0
1.0
0.99999964
0.7263091
1.0
1.0
1.0
1.0
1.0
1.0
1.0
1.0
0.99999976
0.88378996
1.0
0.999997
1.0
1.0
1.0
1.0
1.0
1.0
1.0
0.99990356
1.0
1.0
1.0
1.0
1.0
1.0
0.99999976
0.9999999
1.0
1.0
0.864181
1.0
1.0
0.9999931
1.0
1.0
1.0
1.0
1.0
1.0
1.0
1.0
0.9999901
1.0
0.99997354
1.0
1.0
1.0
1.0
1.0
1.0
1.0
1.0
1.0
1.0
0.99999905
1.0
1.0
1.0
1.0
1.0
1.0
1.0
1.0
1.0
1.0
1.0
1.0
1.0
1.0
1.0
1.0
1.0
1.0
1.0
0.9913378
0.9999999
1.0
1.0
0.99944955
1.0
1.0
1.0
1.0
0.9221128
1.0
0.9680226
1.0
0.99999976
1.0
0.5622214
0.9460581
0.99999976
1.0
1.0
1.0
0.9999999
0.9999999
1.0
0.9999994
1.0
1.0
1.0
1.0
1.0
1.0
1.0
1.0
1.0
1.0
1.0
1.0
1.0
1.0
1.0
1.0
1.0
1.0
0.9999999
1.0
1.0
1.0
1.0
1.0
1.0
1.0
1.0
1.0
1.0
1.0
1.0
1.0
0.9999999
1.0
1.0
1.0
1.0
1.0
1.0
1.0
1.0
1.0
1.0
1.0
1.0
0.99999964
0.9999994
1.0
0.9999999
1.0
1.0
0.9999999
0.9999994
1.0
1.0
1.0
1.0
1.0
1.0
1.0
0.9999982
0.9999981
1.0
1.0
1.0
1.0
1.0
1.0
0.9999999
1.0
1.0
1.0
1.0
1.0
1.0
1.0
1.0
1.0
1.0
1.0
1.0
1.0
1.0
1.0
0.99999976
1.0
1.0
1.0
1.0
1.0
1.0
1.0
1.0
1.0
1.0
1.0
1.0
1.0
1.0
1.0
1.0
1.0
1.0
1.0
1.0
1.0
1.0
1.0
1.0
1.0
1.0
1.0
1.0
1.0
1.0
1.0
1.0
1.0
1.0
1.0
1.0
1.0
1.0
0.9999993
0.99999094
1.0
0.9999999
1.0
1.0
1.0
1.0
1.0
1.0
1.0
1.0
1.0
1.0
1.0
1.0
1.0
1.0
1.0
1.0
1.0
1.0
1.0
1.0
1.0
1.0
1.0
1.0
1.0
1.0
1.0
1.0
1.0
0.99999976
1.0
1.0
1.0
1.0
1.0
0.999992
1.0
1.0
0.9999993
1.0
1.0
1.0
0.9999999
1.0
1.0
1.0
1.0
1.0
1.0
1.0
0.9999988
1.0
1.0
1.0
1.0
1.0
1.0
1.0
1.0
1.0
1.0
1.0
1.0
1.0
1.0
1.0
1.0
0.9999951
0.9999999
1.0
1.0
1.0
1.0
1.0
1.0
1.0
1.0
1.0
1.0
0.99999905
1.0
1.0
0.99999774
1.0
0.998917
1.0
1.0
1.0
1.0
0.9999976
1.0
0.99995375
0.999992
1.0
0.9999999
1.0
1.0
1.0
1.0
0.9999993
0.9999777
0.999979
0.99993205
1.0
1.0
1.0
1.0
0.9999981
1.0
0.99997044
1.0
0.9999901
1.0
0.99999905
1.0
1.0
0.9999999
0.9993765
1.0
0.99994254
1.0
1.0
1.0
1.0
1.0
0.99999964
1.0
1.0
1.0
0.9999999
1.0
1.0
0.9999939
1.0
0.9999999
1.0
0.9999999
1.0
1.0
1.0
1.0
1.0
1.0
0.99999845
1.0
1.0
0.9999999
1.0
1.0
0.99999833
1.0
0.9999999
1.0
1.0
1.0
1.0
1.0
1.0
1.0
0.99999964
1.0
0.99999917
0.99999344
1.0
0.9999994
1.0
1.0
1.0
0.99999964
1.0
1.0
0.9999788
0.9999999
1.0
1.0
1.0
1.0
1.0
0.99999714
1.0
1.0
1.0
1.0
0.9999999
1.0
0.9999999
0.99798346
1.0
1.0
1.0
1.0
1.0
1.0
1.0
0.9999963
1.0
0.9823492
0.9999962
1.0
0.9999999
1.0
1.0
1.0
0.99999714
1.0
1.0
1.0
1.0
0.9999951
1.0
1.0
0.9999999
1.0
1.0
0.9999585
1.0
1.0
0.9999968
1.0
0.9999995
1.0
1.0
0.99999714
0.7875938
1.0
0.9999999
1.0
1.0
1.0
0.99289304
0.9999995
0.9999976
1.0
0.9999958
0.9999964
0.9999671
1.0
0.999653
1.0
0.9999987
0.99998415
1.0
1.0
0.9999988
0.99988437
0.96634245
0.50135785
0.99998975
0.9783916
0.88098335
0.99999905
0.6656328
0.82274073
0.99998534
1.0
0.9999875
0.9999819
1.0
0.99998915
0.98253375
0.9982223
0.99997807
0.41214523
0.93089104
0.9999895
0.9994293
0.99994504
0.66462016
0.9986475
0.9955023
0.99999964
0.99984765
1.0
1.0
1.0
0.9999956
1.0
0.9999995
1.0
0.99999976
0.99999785
0.99987864
0.9999999
0.9487097
1.0
0.99999964
1.0
0.9995253
0.9730575
0.9357654
0.9853813
1.0
1.0
0.9999062
0.9980332
1.0
0.967997
0.9999994
0.9999999
0.97264266
0.99998987
0.9999876
1.0
1.0
0.9996778
0.99999344
0.9951933
1.0
0.9984403
0.99983704
0.9999999
1.0
0.9978126
0.9997551
0.9999949
0.9999541
0.5299985
1.0
0.99995697
0.99999917
0.9999962
1.0
0.9921273
0.95918345
1.0
1.0
0.99999654
0.99999726
0.99999595
1.0
1.0
1.0
0.9999987
0.99999833
0.99998
0.9999993
0.9999945
1.0
1.0
0.99999976
1.0
0.99999905
0.7161621
0.99999475
1.0
1.0
0.99999964
0.9999988
1.0
1.0
1.0
1.0
0.999859
0.99876934
1.0
1.0
1.0
0.99999917
0.9999788
0.9999113
0.99997616
0.9999989
1.0
0.9989454
0.9999994
1.0
0.9999962
1.0
0.9999896
0.9999999
0.9999976
0.9999987
0.99999976
1.0
0.99999976
0.9999908
1.0
1.0
1.0
0.9997031
0.9999999
1.0
0.999826
0.99994934
1.0
0.99967813
0.99999976
1.0
1.0
1.0
1.0
0.9999491
1.0
1.0
1.0
1.0
1.0
0.9999757
1.0
0.9999924
0.99987626
0.9999895
1.0
1.0
1.0
1.0
0.9999993
1.0
0.99999976
0.9999013
1.0
0.99999976
0.99871457
1.0
0.9999999
0.9999976
0.9990532
1.0
1.0
1.0
1.0
0.9999974
0.99999547
0.99999833
1.0
0.99999976
0.9999994
1.0
0.99999774
1.0
1.0
0.99014974
0.9999807
1.0
0.99998295
0.9693429
0.99999726
0.9999999
0.9959
1.0
0.99998844
0.9999976
0.9999956
1.0
0.9999988
0.99999976
0.97069037
0.9646153
1.0
0.9999999
0.9999851
0.9999975
1.0
0.99998593
1.0
0.99999654
0.99999654
1.0
1.0
0.9983948
0.99931693
1.0
0.99999917
1.0
1.0
0.99999964
1.0
0.99999976
1.0
1.0
1.0
0.99784803
1.0
0.9999542
0.48495185
0.99995196
0.9999844
1.0
0.9999676
0.9999995
1.0
1.0
0.99996674
1.0
0.99991214
1.0
1.0
0.99962497
1.0
1.0
1.0
1.0
1.0
1.0
1.0
1.0
0.9999999
0.9999901
0.9999714
1.0
0.9999999
1.0
0.999992
1.0
0.9999993
1.0
1.0
1.0
0.99985564
0.99999964
1.0
1.0
1.0
1.0
1.0
1.0
1.0
1.0
0.99999225
1.0
1.0
1.0
1.0
1.0
1.0
1.0
0.9999982
1.0
1.0
1.0
0.9999957
0.9999999
0.9999969
1.0
1.0
1.0
0.99999905
1.0
0.9991825
1.0
1.0
1.0
1.0
0.99999154
1.0
1.0
1.0
0.9999999
1.0
1.0
1.0
1.0
1.0
1.0
1.0
0.9999999
1.0
1.0
1.0
1.0
1.0
0.9999999
1.0
1.0
1.0
1.0
1.0
1.0
1.0
0.9999982
1.0
1.0
1.0
1.0
0.9995448
1.0
1.0
0.9999938
0.9999999
0.9999995
1.0
1.0
0.9999994
1.0
0.9999999
0.9999938
0.99944407
1.0
0.99999917
1.0
0.9999989
1.0
1.0
0.99999964
0.99999976
1.0
0.99999654
0.99999714
1.0
1.0
0.99999976
0.99995697
1.0
0.9999976
1.0
0.99998295
1.0
0.99999917
1.0
1.0
0.9997061
1.0
1.0
0.9999999
0.9999999
1.0
0.9999988
0.99999964
1.0
1.0
0.99999905
1.0
1.0
1.0
1.0
1.0
1.0
0.99999976
0.9999999
1.0
1.0
0.9999964
1.0
1.0
1.0
0.99999976
0.9988728
1.0
1.0
1.0
1.0
1.0
1.0
1.0
1.0
0.99951744
1.0
1.0
1.0
1.0
1.0
1.0
1.0
0.9999999
1.0
0.99999976
1.0
1.0
0.99999917
1.0
1.0
1.0
0.99999034
1.0
1.0
1.0
1.0
1.0
1.0
1.0
1.0
0.99999976
0.9999995
1.0
1.0
1.0
1.0
0.99999106
1.0
1.0
1.0
1.0
1.0
1.0
1.0
0.9999999
1.0
0.9999999
1.0
0.99998844
1.0
0.9999999
1.0
1.0
1.0
1.0
1.0
1.0
1.0
0.99999976
1.0
1.0
1.0
1.0
1.0
1.0
0.9999999
1.0
1.0
1.0
1.0
1.0
0.9999995
1.0
1.0
1.0
1.0
1.0
1.0
0.99999845
1.0
0.999943
0.99989724
0.9999999
1.0
1.0
0.9999999
1.0
0.9999993
1.0
1.0
1.0
0.9999993
1.0
0.9999726
0.9999964
0.9999999
1.0
1.0
1.0
0.99989617
1.0
1.0
1.0
0.9999999
0.99870086
1.0
1.0
1.0
0.9999999
0.9999999
1.0
0.9999982
1.0
1.0
0.999992
1.0
1.0
1.0
0.99999785
0.99999964
0.99999976
0.99995875
0.99999917
1.0
0.99999976
1.0
1.0
1.0
1.0
0.99999154
1.0
0.99997044
1.0
1.0
0.99999976
1.0
1.0
1.0
1.0
0.9999546
1.0
1.0
1.0
0.9999932
0.99995124
0.99999714
1.0
1.0
0.9999988
1.0
1.0
1.0
1.0
1.0
1.0
1.0
0.999997
0.9999522
1.0
1.0
1.0
0.9999999
1.0
1.0
1.0
0.9999137
1.0
1.0
0.9999993
1.0
1.0
0.9997576
1.0
1.0
1.0
1.0
1.0
1.0
0.999998
1.0
1.0
1.0
0.99998987
1.0
1.0
0.9997564
0.99999833
1.0
0.99999976
1.0
1.0
1.0
1.0
1.0
1.0
1.0
1.0
1.0
0.99999285
0.9999969
1.0
0.9999999
1.0
1.0
0.9959572
1.0
0.99999785
1.0
1.0
1.0
1.0
1.0
0.9999987
1.0
1.0
1.0
1.0
1.0
1.0
1.0
1.0
1.0
1.0
0.9999999
0.9999988
1.0
1.0
0.9999999
1.0
0.9999747
1.0
1.0
0.9999988
1.0
1.0
1.0
1.0
1.0
1.0
1.0
1.0
0.99999845
1.0
1.0
1.0
0.99999964
0.99999726
1.0
0.99453473
1.0
0.9999976
1.0
0.9999995
1.0
0.9997708
0.99999964
1.0
1.0
0.9919565
0.99995196
0.99990046
1.0
0.99913377
1.0
1.0
1.0
0.9568202
0.99998987
1.0
1.0
0.99729854
0.99999785
1.0
0.9999949
0.9999999
0.99999917
0.9999944
1.0
0.9999999
0.999977
1.0
0.999997
0.99999857
0.99988747
0.9999999
0.98566216
0.99999976
0.99999976
0.9999994
0.9999999
0.9999536
0.99999535
0.9999999
0.99999976
1.0
0.999997
1.0
0.99998045
1.0
0.99961543
1.0
1.0
1.0
0.9999993
1.0
0.9999988
1.0
1.0
0.9999591
0.99916494
0.9999993
0.99999595
0.99999344
0.99999964
1.0
0.9999988
1.0
0.9999486
0.99992657
1.0
1.0
1.0
1.0
1.0
1.0
1.0
0.9999999
1.0
0.99999404
1.0
1.0
1.0
1.0
1.0
1.0
1.0
1.0
0.9999999
0.9999995
1.0
1.0
0.9999999
1.0
1.0
0.99999976
1.0
1.0
1.0
1.0
1.0
1.0
1.0
1.0
1.0
0.9999999
1.0
1.0
1.0
1.0
0.9991972
1.0
1.0
1.0
1.0
1.0
0.9999999
1.0
1.0
1.0
1.0
1.0
1.0
0.9999999
1.0
0.9999999
1.0
1.0
1.0
1.0
1.0
1.0
1.0
1.0
1.0
0.9999926
1.0
1.0
1.0
0.99999964
1.0
1.0
1.0
1.0
1.0
1.0
0.9999999
1.0
1.0
0.99999917
0.9999833
1.0
0.9999999
0.99999905
1.0
0.999997
1.0
0.9999976
1.0
1.0
1.0
1.0
1.0
1.0
1.0
0.99999976
1.0
1.0
1.0
1.0
1.0
0.9999902
0.99999976
1.0
1.0
1.0
0.9999771
1.0
1.0
1.0
0.9999999
0.99999964
1.0
0.9999999
1.0
0.9999596
1.0
1.0
1.0
0.99999964
1.0
0.9997925
1.0
0.99999976
1.0
1.0
1.0
1.0
1.0
1.0
1.0
0.99999964
0.99999976
0.9999969
0.9999956
0.999995
0.99999905
0.9999994
0.9999999
0.9999659
1.0
0.99999964
1.0
1.0
0.9544234
1.0
0.99999857
0.99997616
1.0
1.0
0.99999726
0.9999728
0.9999995
0.9999957
0.99999785
0.9999999
0.99999905
0.9999974
0.9999347
1.0
1.0
0.9999887
0.9999988
0.9699369
0.9998319
0.9824865
1.0
1.0
1.0
0.9999995
0.9999877
0.9999999
0.99988794
1.0
0.99999905
0.99999964
0.99986744
0.99999714
0.99955267
1.0
0.9999987
0.9999988
0.9892904
0.9999989
0.9999999
1.0
0.9999999
0.9999362
0.99970895
1.0
0.99999905
0.9999999
0.9996824
0.99999726
0.9999348
0.9999999
0.9999869
0.9999863
1.0
0.99966645
1.0
1.0
0.99970144
0.9997532
0.9981731
1.0
1.0
0.9999665
0.99999154
1.0
1.0
1.0
1.0
0.9999924
0.9999645
1.0
1.0
0.99998975
0.99999785
0.9999268
0.9999999
0.99944586
0.9988562
0.9996426
0.99999976
0.9999999
0.99999976
0.99999917
0.9999995
0.9998247
0.9999999
1.0
1.0
0.99999976
0.99999857
0.99997675
0.99978405
1.0
0.99999964
1.0
1.0
1.0
0.99999225
1.0
1.0
0.9998148
0.9999999
0.99999976
0.9999999
1.0
1.0
1.0
1.0
1.0
0.9999989
0.9998466
0.9999999
0.9999999
0.99999976
1.0
1.0
0.999995
1.0
1.0
0.9999999
0.9999988
1.0
1.0
1.0
0.9999964
0.9999939
1.0
1.0
1.0
1.0
0.99999857
0.99978703
1.0
1.0
1.0
1.0
1.0
0.9999999
0.99995494
0.9999999
1.0
0.9999989
0.9999999
1.0
0.9999987
1.0
0.9999914
1.0
0.99999976
0.9999999
1.0
0.99999845
1.0
0.9999999
1.0
0.99993014
0.9999999
0.99999774
0.9999994
0.99990463
0.99893886
1.0
1.0
1.0
1.0
0.9999957
0.9997861
0.99999964
0.99999964
1.0
0.99999976
1.0
0.99999905
0.99999976
0.9999999
1.0
1.0
1.0
0.99999857
1.0
0.9999956
1.0
1.0
0.9999995
1.0
1.0
0.9999999
1.0
1.0
0.9999708
1.0
0.99999976
0.9999454
1.0
1.0
1.0
0.99999917
1.0
0.9999999
0.9999999
1.0
1.0
0.9999987
1.0
1.0
0.9997844
1.0
1.0
1.0
1.0
1.0
1.0
1.0
0.99999654
1.0
1.0
1.0
0.9999981
1.0
1.0
0.9999937
1.0
0.9999999
0.99999535
0.99999726
0.9999993
0.999995
0.99998784
1.0
1.0
0.9999995
1.0
1.0
1.0
1.0
0.99999976
1.0
0.9995889
0.9999999
1.0
1.0
1.0
0.9999994
0.99999976
1.0
1.0
1.0
1.0
1.0
1.0
1.0
1.0
1.0
1.0
1.0
1.0
1.0
0.9999994
0.9999945
0.99999833
1.0
1.0
0.99999917
1.0
1.0
0.99999714
0.99999785
1.0
1.0
0.99999714
1.0
1.0
1.0
1.0
1.0
0.9999814
1.0
0.9999995
0.9999541
1.0
1.0
1.0
1.0
0.99999547
0.9999995
1.0
0.99999976
0.9999999
1.0
1.0
1.0
1.0
1.0
0.99999976
0.9999999
1.0
1.0
0.9999999
1.0
0.99999976
1.0
1.0
1.0
1.0
0.9999999
1.0
0.9997125
1.0
1.0
1.0
0.9999995
1.0
1.0
1.0
0.99999845
0.9999995
1.0
1.0
0.99999917
1.0
0.9999962
0.99964166
0.9999465
1.0
0.9999999
0.9999999
1.0
1.0
1.0
1.0
1.0
1.0
0.9999951
0.9999995
1.0
0.99999905
1.0
1.0
1.0
1.0
0.99999964
0.9999999
0.99999917
1.0
1.0
1.0
1.0
1.0
1.0
1.0
0.9999999
1.0
1.0
1.0
1.0
0.9999999
1.0
1.0
1.0
0.9999994
1.0
1.0
1.0
1.0
1.0
0.9999999
1.0
1.0
1.0
0.9999995
0.99999905
1.0
0.9999738
1.0
1.0
0.9999999
1.0
0.99999964
1.0
1.0
1.0
0.9999999
0.9999994
0.9999331
1.0
0.9999993
0.999998
0.99999976
0.9999982
1.0
1.0
1.0
1.0
0.99999964
1.0
1.0
1.0
0.9999999
0.99999464
0.9979242
1.0
0.99999976
1.0
1.0
1.0
1.0
0.9999976
0.99991584
0.99999976
0.9999912
1.0
1.0
0.9999994
1.0
1.0
1.0
0.99999976
1.0
1.0
1.0
1.0
1.0
1.0
0.9999938
1.0
0.9998355
0.99999976
0.99999344
0.9999876
1.0
1.0
0.9932192
1.0
0.9999653
1.0
0.9924218
0.9999988
0.9988697
0.99999976
0.98963696
1.0
1.0
0.999215
0.999964
0.9999999
0.9999925
0.9994168
0.9999999
0.9999995
0.9999994
1.0
1.0
1.0
1.0
1.0
0.99999964
1.0
1.0
1.0
1.0
0.9999665
0.9999995
0.99999976
0.99999726
1.0
1.0
1.0
0.9999999
1.0
1.0
1.0
1.0
0.99999595
0.9999981
1.0
1.0
0.9999999
0.99998915
1.0
1.0
0.999998
1.0
0.99999964
0.99999964
0.99999774
0.9997594
0.99999726
0.9999999
0.99819785
0.99999404
0.9999995
1.0
0.999998
1.0
0.9999999
1.0
1.0
0.999998
0.9999914
1.0
0.99997354
0.9997273
0.9999949
0.9999994
0.99998367
1.0
0.99999785
0.999003
1.0
0.99999917
0.99999976
0.99764544
0.99999654
0.9997484
0.9989385
0.99999917
1.0
1.0
1.0
0.9999995
0.9999962
1.0
1.0
1.0
1.0
1.0
1.0
1.0
1.0
0.9999999
1.0
0.9999982
1.0
1.0
1.0
1.0
1.0
1.0
0.9999927
1.0
0.9999999
1.0
1.0
1.0
1.0
1.0
0.99999976
1.0
1.0
1.0
0.9999181
1.0
1.0
1.0
1.0
1.0
1.0
0.99919087
1.0
1.0
1.0
1.0
1.0
1.0
0.999998
1.0
1.0
1.0
1.0
1.0
1.0
0.9999738
0.999997
1.0
1.0
0.99999964
0.9999794
0.9935627
1.0
1.0
0.9999999
1.0
1.0
1.0
0.99999976
0.99999535
0.99999976
1.0
1.0
0.9999863
1.0
1.0
1.0
1.0
0.99998343
1.0
1.0
0.9999999
0.9999999
1.0
1.0
1.0
0.9996681
1.0
1.0
1.0
0.99999845
0.99999976
0.99999964
1.0
1.0
1.0
1.0
1.0
0.999998
1.0
0.9999902
1.0
1.0
1.0
1.0
1.0
1.0
0.9999999
1.0
1.0
1.0
1.0
1.0
0.999998
0.9999974
1.0
1.0
0.99999654
1.0
1.0
1.0
1.0
1.0
1.0
1.0
1.0
1.0
1.0
1.0
0.78848267
1.0
0.9996259
0.9999999
0.99995446
0.99996674
0.9951911
0.99999833
1.0
1.0
0.99956495
1.0
0.999933
1.0
1.0
0.9999999
0.99959356
1.0
1.0
0.99999917
0.99993706
1.0
0.99999964
1.0
1.0
0.9999988
1.0
1.0
1.0
1.0
1.0
1.0
0.9984769
0.9989146
0.9995747
0.9686535
0.9894796
1.0
0.999959
0.9999999
1.0
1.0
0.99999964
0.9999168
0.99999917
0.9998197
0.9996141
0.99998915
0.9999107
1.0
0.9999999
0.99994516
1.0
1.0
1.0
1.0
0.9999931
1.0
1.0
1.0
1.0
1.0
1.0
1.0
0.9999974
1.0
1.0
0.99999607
1.0
0.99189794
1.0
1.0
1.0
1.0
1.0
1.0
1.0
0.99999726
0.99999964
1.0
0.9999995
1.0
1.0
1.0
0.9998765
0.99999785
1.0
0.9999999
1.0
1.0
1.0
0.99999976
0.9998542
1.0
1.0
1.0
1.0
1.0
1.0
1.0
0.99999976
0.9999999
1.0
1.0
1.0
0.99997807
0.9999559
1.0
1.0
0.9999999
1.0
1.0
0.9999999
0.99999976
1.0
1.0
1.0
1.0
1.0
1.0
1.0
1.0
0.99387
0.9994179
0.9992693
0.99997926
0.9999994
1.0
0.9999976
1.0
1.0
0.99999976
1.0
1.0
0.99999976
0.9999974
1.0
0.9989103
0.99999666
0.9999968
0.99999654
1.0
1.0
0.99999976
0.9999927
1.0
1.0
1.0
0.9999999
1.0
1.0
0.9999945
1.0
0.9999987
0.99997914
1.0
1.0
0.9999999
0.9998242
0.9999995
1.0
1.0
1.0
1.0
1.0
1.0
1.0
1.0
0.99999785
0.99995244
0.999992
0.9999964
0.9999982
1.0
0.9999989
0.9999999
1.0
1.0
1.0
1.0
0.9999999
0.9999999
1.0
0.99999905
0.99999714
0.99998975
0.9999912
0.67976207
0.99999917
1.0
1.0
0.9999982
0.9999987
0.9999995
0.9999993
0.9999995
0.99978834
0.99997354
0.99999774
0.99994254
0.99204844
0.99999964
0.9999999
0.99998057
1.0
0.9999999
0.99999
1.0
0.99999726
0.99991894
1.0
1.0
1.0
0.9999995
0.98846966
0.9999964
0.9999988
1.0
0.99998796
0.99221194
0.99764144
1.0
0.9999398
0.9999875
0.99997556
0.99999905
0.99999917
0.9998977
0.9987363
0.9999136
0.9999995
1.0
1.0
0.99999976
1.0
0.99999976
0.99999344
1.0
1.0
0.9999833
1.0
1.0
1.0
1.0
0.9999982
0.9999974
0.999992
0.99999976
1.0
1.0
1.0
1.0
0.99687356
1.0
0.9999993
1.0
0.9997311
0.9952064
0.9999976
0.99999845
0.99998736
0.99962604
0.99999297
0.9996438
0.99988544
0.99995244
0.8025518
0.8519347
0.9999999
1.0
0.99999976
0.9999902
1.0
0.9952474
0.9999999
0.99998355
0.99999905
0.99999774
1.0
1.0
0.99935657
1.0
1.0
1.0
0.9999999
1.0
1.0
1.0
1.0
1.0
0.9999988
1.0
0.99997425
0.99999917
0.9999999
1.0
1.0
0.9999999
0.9999999
0.9999993
0.9999957
0.9999988
1.0
0.99999964
1.0
1.0
1.0
1.0
1.0
1.0
1.0
1.0
1.0
0.99999917
0.99999976
0.99991155
0.999998
0.99939656
0.99999964
1.0
1.0
1.0
1.0
0.91530645
0.9996679
1.0
1.0
1.0
0.99999225
0.99994576
0.9999776
0.99999964
0.9999999
1.0
1.0
1.0
1.0
0.9999999
0.99998784
0.99999976
1.0
1.0
1.0
1.0
1.0
1.0
0.9999999
0.99955505
1.0
0.829528
1.0
0.9999924
1.0
1.0
0.99999976
0.9999999
1.0
1.0
1.0
1.0
1.0
1.0
1.0
0.9998766
0.99999917
1.0
0.9999312
0.9995431
0.9999999
1.0
1.0
1.0
0.9999933
1.0
1.0
1.0
1.0
1.0
1.0
1.0
1.0
1.0
1.0
1.0
1.0
1.0
1.0
1.0
1.0
1.0
1.0
1.0
1.0
1.0
1.0
1.0
1.0
1.0
1.0
1.0
0.9999982
1.0
1.0
1.0
1.0
1.0
1.0
1.0
1.0
1.0
0.99999833
1.0
1.0
1.0
1.0
1.0
1.0
0.99977976
1.0
1.0
1.0
1.0
1.0
1.0
1.0
1.0
1.0
0.99996865
1.0
1.0
1.0
0.9999988
0.99999857
1.0
0.9999999
1.0
0.9999993
0.9999995
0.9999957
0.9999987
1.0
1.0
1.0
0.9996973
0.9999974
0.99991536
1.0
0.99999976
1.0
0.99970275
0.99987805
0.9999944
1.0
1.0
0.99999976
1.0
0.9999999
1.0
1.0
1.0
0.9999776
0.9888687
0.9999999
0.9999311
0.99978083
0.9999993
0.9999988
1.0
0.6112625
1.0
0.9999999
0.99992406
0.9999999
1.0
1.0
0.99999917
1.0
0.9999999
1.0
1.0
0.99999976
0.99999976
0.9999999
1.0
0.9999999
1.0
0.99999964
1.0
0.9999999
1.0
1.0
1.0
1.0
1.0
0.9999999
1.0
1.0
1.0
1.0
1.0
1.0
1.0
1.0
1.0
1.0
1.0
0.9999976
1.0
1.0
1.0
1.0
1.0
1.0
1.0
1.0
1.0
1.0
1.0
1.0
1.0
1.0
1.0
1.0
1.0
1.0
0.9999906
1.0
1.0
1.0
0.9999999
1.0
0.9999999
1.0
1.0
0.99996793
1.0
1.0
0.9999999
1.0
1.0
1.0
1.0
1.0
0.99999976
1.0
1.0
1.0
1.0
0.9999958
0.9999999
1.0
1.0
1.0
1.0
1.0
1.0
0.99999976
1.0
0.99999976
1.0
1.0
1.0
1.0
1.0
0.9999958
1.0
1.0
1.0
1.0
1.0
1.0
1.0
0.99999964
0.99999976
1.0
1.0
1.0
1.0
0.99999154
1.0
1.0
0.9999975
1.0
1.0
1.0
1.0
1.0
1.0
1.0
1.0
1.0
0.9999999
1.0
1.0
0.999964
0.9999999
1.0
1.0
1.0
1.0
1.0
1.0
0.99999976
1.0
1.0
1.0
0.9999999
1.0
1.0
1.0
1.0
1.0
1.0
1.0
1.0
1.0
1.0
1.0
1.0
1.0
1.0
1.0
0.9999993
1.0
1.0
1.0
1.0
1.0
1.0
1.0
1.0
0.9999999
0.99999833
1.0
1.0
1.0
1.0
1.0
1.0
0.9999999
1.0
0.99999857
1.0
1.0
1.0
1.0
0.99999964
1.0
1.0
1.0
1.0
1.0
1.0
1.0
1.0
1.0
0.9999999
1.0
0.99999976
0.9999999
1.0
1.0
1.0
1.0
1.0
1.0
1.0
1.0
1.0
1.0
1.0
1.0
1.0
1.0
1.0
1.0
0.9999999
0.9999994
1.0
0.9999846
1.0
1.0
1.0
0.9999913
1.0
1.0
1.0
1.0
1.0
1.0
1.0
1.0
1.0
1.0
1.0
1.0
1.0
1.0
1.0
1.0
1.0
1.0
1.0
1.0
1.0
1.0
0.99999976
1.0
1.0
1.0
1.0
1.0
1.0
1.0
1.0
1.0
1.0
1.0
1.0
1.0
1.0
1.0
0.9999976
0.9999994
1.0
1.0
0.9999999
1.0
1.0
1.0
1.0
1.0
1.0
1.0
1.0
1.0
1.0
1.0
1.0
1.0
1.0
1.0
1.0
1.0
1.0
1.0
1.0
0.99997413
0.99999964
0.99999857
0.9999995
1.0
1.0
1.0
1.0
1.0
0.99999976
0.9999895
1.0
1.0
0.9999938
1.0
1.0
1.0
1.0
1.0
1.0
0.9999994
1.0
1.0
1.0
1.0
1.0
1.0
0.9999999
1.0
1.0
1.0
1.0
1.0
0.99999976
1.0
1.0
1.0
0.9999962
1.0
1.0
0.99999607
1.0
1.0
1.0
1.0
0.9999999
1.0
1.0
1.0
1.0
1.0
1.0
1.0
0.9999927
1.0
1.0
1.0
1.0
1.0
1.0
1.0
1.0
1.0
1.0
1.0
1.0
1.0
0.9999999
1.0
1.0
1.0
1.0
1.0
1.0
1.0
1.0
0.9997373
1.0
1.0
0.9999995
1.0
0.999977
1.0
0.999992
1.0
1.0
1.0
1.0
1.0
1.0
1.0
0.99999976
1.0
1.0
0.9999957
1.0
1.0
1.0
0.99999964
0.9999999
0.9999914
1.0
1.0
1.0
1.0
1.0
0.9999999
0.9999895
1.0
1.0
1.0
1.0
1.0
1.0
0.99999964
0.99999976
0.9999999
1.0
1.0
1.0
1.0
1.0
1.0
1.0
0.9999995
0.9999491
1.0
1.0
1.0
1.0
1.0
1.0
0.99999976
1.0
1.0
1.0
0.999995
1.0
0.99966633
1.0
1.0
1.0
1.0
1.0
1.0
1.0
0.9999989
1.0
1.0
0.99999976
0.9999399
1.0
1.0
1.0
1.0
1.0
0.9999969
0.99957985
1.0
1.0
1.0
1.0
1.0
1.0
1.0
0.9999962
1.0
1.0
0.9999893
1.0
0.9999994
0.9999989
0.99999964
0.9999827
0.99992657
1.0
1.0
0.9999993
0.99999976
1.0
0.9999981
1.0
0.9999995
1.0
1.0
1.0
1.0
1.0
0.9999943
0.99999356
1.0
0.99999976
0.9999652
1.0
0.9999999
1.0
0.9999976
0.9999949
0.9999615
0.9999696
0.99999714
1.0
1.0
0.99982953
0.9998128
1.0
0.99416226
1.0
0.99976414
0.9994356
0.99756384
0.99791497
0.9999999
0.75841403
1.0
1.0
1.0
0.9999949
0.87142634
0.99971586
0.999992
1.0
0.99996793
0.99999976
0.9999995
0.9999988
0.99999964
1.0
1.0
1.0
0.9978077
0.99999905
0.99999726
0.99999547
0.999997
0.99999976
1.0
0.99999976
0.9999778
0.9990958
0.9999796
1.0
1.0
0.9999949
0.99999654
0.99999964
1.0
1.0
0.9999999
1.0
1.0
0.9994912
0.99999964
1.0
1.0
0.99999917
0.99999964
1.0
1.0
1.0
1.0
1.0
0.9999989
0.9998975
0.9999999
0.9994734
1.0
1.0
1.0
1.0
1.0
1.0
1.0
0.99999845
1.0
0.9999999
1.0
1.0
1.0
1.0
1.0
1.0
1.0
0.9999994
1.0
1.0
1.0
0.9999907
0.9999988
1.0
1.0
1.0
1.0
1.0
1.0
1.0
1.0
1.0
1.0
0.9999999
1.0
1.0
1.0
1.0
0.99996436
1.0
0.9999993
1.0
1.0
1.0
1.0
0.9999999
1.0
1.0
1.0
1.0
1.0
0.9999995
1.0
1.0
1.0
0.9999999
1.0
1.0
0.9999999
1.0
1.0
1.0
1.0
1.0
0.9999962
1.0
1.0
0.9999999
1.0
1.0
1.0
1.0
0.99999917
1.0
0.9999982
1.0
1.0
1.0
0.9999999
1.0
1.0
0.9999945
1.0
1.0
1.0
1.0
0.9998343
1.0
1.0
1.0
1.0
1.0
1.0
0.99999857
1.0
1.0
1.0
1.0
0.9998902
1.0
1.0
1.0
1.0
1.0
1.0
1.0
1.0
1.0
0.99999857
1.0
1.0
1.0
1.0
1.0
0.9999995
1.0
0.99998486
1.0
0.99999976
0.9999999
1.0
1.0
1.0
1.0
0.99999654
1.0
0.9999994
0.9999995
0.99999905
1.0
1.0
1.0
0.9997571
0.9999852
0.99999666
1.0
1.0
1.0
0.99999833
0.9999999
0.99999964
1.0
0.99998033
1.0
0.9999989
1.0
0.999998
1.0
1.0
1.0
0.9999764
0.9999999
1.0
0.9999925
1.0
1.0
1.0
1.0
0.9999999
1.0
1.0
0.99999
1.0
1.0
0.9999999
1.0
1.0
1.0
1.0
0.9999572
1.0
1.0
1.0
0.99994695
1.0
1.0
0.99999607
0.99999905
0.9999958
1.0
0.9990563
0.99991226
0.9999989
0.99999404
1.0
0.99999976
0.99998724
0.99999976
1.0
1.0
0.9999976
1.0
1.0
1.0
1.0
0.9999999
1.0
1.0
1.0
1.0
0.99999905
1.0
1.0
0.9999999
1.0
1.0
1.0
1.0
0.994228
1.0
1.0
1.0
1.0
1.0
1.0
1.0
1.0
1.0
1.0
1.0
0.99999917
0.99999714
1.0
1.0
0.9999416
0.9999994
1.0
0.99999976
1.0
1.0
1.0
1.0
1.0
1.0
1.0
1.0
0.9999995
1.0
0.9999999
0.9999999
1.0
1.0
1.0
1.0
0.9999938
1.0
1.0
0.99999416
1.0
1.0
1.0
1.0
0.9999999
0.99999475
1.0
1.0
1.0
1.0
1.0
0.9999982
1.0
1.0
1.0
1.0
1.0
1.0
1.0
0.999998
1.0
1.0
0.9984805
1.0
1.0
1.0
0.99999666
1.0
1.0
1.0
0.9999995
1.0
1.0
0.9999999
1.0
1.0
1.0
0.9999906
1.0
1.0
1.0
1.0
1.0
1.0
1.0
1.0
1.0
1.0
1.0
0.99999833
1.0
1.0
0.99999976
1.0
1.0
0.9999068
1.0
1.0
1.0
1.0
1.0
1.0
0.99452716
1.0
1.0
0.99999774
0.9999999
0.9999994
0.9999999
1.0
1.0
0.9999999
0.9999989
1.0
1.0
1.0
1.0
0.99999976
0.99998784
1.0
0.9999995
1.0
1.0
1.0
0.99999976
1.0
1.0
0.9999989
0.99999964
1.0
1.0
0.9999999
1.0
0.99999964
1.0
1.0
0.9999932
1.0
1.0
1.0
1.0
0.99995816
0.9998006
0.99982303
1.0
0.9996817
0.99999905
1.0
1.0
1.0
1.0
1.0
1.0
0.9999888
1.0
0.9999999
0.99999917
0.99999976
1.0
1.0
1.0
0.9999999
0.9999999
1.0
1.0
1.0
0.99991155
1.0
0.99999964
1.0
1.0
1.0
1.0
1.0
1.0
1.0
0.9999912
0.99999976
1.0
1.0
1.0
1.0
1.0
0.999984
1.0
1.0
0.99999905
0.99999654
1.0
0.99999976
1.0
1.0
1.0
1.0
1.0
1.0
1.0
1.0
0.9999994
1.0
1.0
1.0
0.9999999
0.99999964
1.0
0.9999995
1.0
1.0
0.99999964
1.0
0.9999999
0.9999938
0.9999422
1.0
0.9999982
0.9999858
1.0
0.999866
1.0
1.0
0.99995244
0.99999976
0.9999999
1.0
1.0
0.9894188
1.0
1.0
0.9995134
1.0
1.0
1.0
0.99999547
1.0
1.0
0.99999917
1.0
0.99981683
1.0
1.0
1.0
1.0
0.99999964
1.0
1.0
1.0
0.9999882
0.99969506
1.0
1.0
0.92946434
1.0
0.9999999
1.0
0.9999944
0.9999982
0.9999999
1.0
0.9996208
0.9990502
0.99853814
1.0
1.0
1.0
0.99999905
1.0
0.9999684
1.0
1.0
0.9999995
0.99999905
1.0
1.0
0.99998987
0.9999951
1.0
0.9999993
1.0
1.0
1.0
0.99998856
1.0
0.99998724
1.0
0.9999999
1.0
1.0
0.9999999
1.0
0.99999964
1.0
0.9999906
1.0
1.0
1.0
1.0
0.9999839
1.0
1.0
1.0
0.9999957
1.0
1.0
1.0
1.0
1.0
1.0
0.8766876
1.0
1.0
1.0
0.99999976
1.0
1.0
0.9999075
1.0
0.99898964
1.0
1.0
0.99993765
1.0
1.0
1.0
1.0
1.0
0.9999994
1.0
0.991383
0.9999958
1.0
0.99994755
0.99999833
0.9987973
0.99999166
1.0
1.0
1.0
0.9999827
0.9999906
0.9999981
0.9149334
0.9999951
0.99975497
0.9999956
1.0
0.9999778
0.9999999
0.880842
0.99998033
0.9999924
0.9999999
0.9999999
0.99994695
0.99998915
0.67858297
1.0
0.9984641
0.99987257
0.63734823
0.9999969
0.99999964
0.9999881
0.48632455
0.9986486
0.9999865
0.99983716
1.0
1.0
1.0
0.99972314
0.9999976
0.9999989
0.97919637
0.9995776
1.0
0.99998724
1.0
0.9999995
0.9996339
0.9999099
0.9999962
0.9982691
1.0
0.9996151
0.98952055
0.99998844
0.9999659
1.0
1.0
0.9207471
1.0
1.0
0.99921346
1.0
0.9999999
1.0
0.9992729
0.9992717
0.99980325
0.2857017
1.0
0.9999999
1.0
0.99999905
0.99999964
1.0
0.99993455
0.9998115
0.99999857
0.99999845
0.9999989
0.99996567
0.98741454
0.9976234
0.95202583
0.99999416
1.0
1.0
0.44482058
0.9999931
0.9998179
0.9999721
1.0
0.99997556
1.0
1.0
1.0
1.0
1.0
0.9999993
0.9999999
0.99999976
0.99999285
0.9999248
0.99991214
0.9999999
0.9999851
1.0
1.0
0.99999774
0.99970585
0.9999989
1.0
0.9999963
0.9999975
0.9999989
0.9999964
1.0
1.0
0.9991748
0.99995923
0.9999746
0.99999726
0.9980405
1.0
0.99663216
0.9960205
1.0
1.0
0.99998236
0.9999212
0.9852277
1.0
1.0
0.9999999
0.99996865
0.9999914
0.9999999
1.0
0.99997544
0.99999917
0.9985359
0.99982685
0.99999213
0.99990654
0.97393894
0.9999771
1.0
0.9999995
1.0
0.99999964
0.99999547
0.99955136
0.9999962
0.99999833
0.99998736
1.0
0.99995077
0.98669297
0.99999976
0.9849496
0.9999988
0.99999976
0.999887
0.9999987
0.99999845
0.9999968
0.9999801
0.9999976
0.9996848
0.9999944
0.9999895
0.93851423
1.0
0.9999999
1.0
0.99999976
1.0
0.99995303
0.99999905
1.0
0.99999976
0.86323917
0.98546255
0.9999968
0.9998982
0.9999982
1.0
1.0
0.999943
0.9979481
1.0
0.99999976
0.9999994
1.0
1.0
1.0
1.0
0.9997782
0.99999464
1.0
0.99538654
1.0
1.0
1.0
0.9999944
0.99997604
1.0
0.99999976
0.99999964
0.9999989
1.0
1.0
1.0
1.0
0.99999976
0.99999976
1.0
0.99970406
0.9999484
0.9999994
0.9999882
0.99999785
0.99999654
0.99999917
1.0
1.0
0.99999774
1.0
0.50273556
0.99907637
0.9998449
1.0
0.9999989
0.9999994
0.99999964
0.99999964
0.99436074
0.99999976
0.99999034
0.99367404
1.0
0.99999964
1.0
1.0
0.9997073
0.9969842
0.9999894
0.9997446
1.0
0.9999999
1.0
0.9982326
0.99999976
0.9999994
0.9999956
1.0
0.99971217
0.99999976
1.0
0.9999982
1.0
1.0
1.0
0.994603
1.0
0.99999964
1.0
0.9999999
0.99466044
0.99999833
1.0
1.0
0.9989649
0.9999844
0.9999981
0.99999917
0.9999999
0.9661656
1.0
0.9998709
0.993236
0.99998736
0.9936877
0.99999726
1.0
1.0
1.0
1.0
1.0
1.0
0.99999964
0.9998815
0.9999534
0.9989858
0.96114826
0.99853146
1.0
1.0
1.0
1.0
0.9999993
0.9999238
0.99997044
1.0
1.0
0.9998951
0.9999999
0.9999989
0.9999994
1.0
1.0
0.9943116
0.9999989
0.9998729
0.9999999
1.0
1.0
1.0
0.99999845
1.0
0.9999999
0.99999976
1.0
1.0
0.99999917
1.0
0.9999999
1.0
0.9999982
0.9999285
0.9994435
1.0
0.9999999
0.9999999
0.99999475
0.9999995
1.0
0.9999999
1.0
0.9999999
0.9999962
1.0
0.9999995
0.9999825
0.9999956
0.99999523
0.9999994
1.0
0.99999595
1.0
1.0
0.9999765
0.99999976
0.9999987
0.99998474
0.99999964
1.0
1.0
0.9999989
0.99995613
0.9999981
1.0
1.0
1.0
0.99999917
0.9999409
1.0
0.9999734
0.99999964
0.9978053
0.99979645
0.96681714
1.0
1.0
0.99999964
1.0
1.0
1.0
1.0
1.0
1.0
0.9999883
0.9999993
1.0
1.0
1.0
1.0
1.0
0.99999964
