1.0
1.0
1.0
1.0
1.0
1.0
0.99999976
1.0
0.9998493
0.99999976
0.9999994
1.0
0.99997556
0.9999999
1.0
0.99999976
0.9999901
1.0
0.9989278
1.0
0.9999999
0.9999995
1.0
1.0
1.0
1.0
0.9999987
1.0
0.9999925
1.0
1.0
0.9999957
1.0
0.9999999
1.0
1.0
1.0
1.0
0.9999993
1.0
1.0
0.9999987
0.99999976
0.9999379
0.9999962
1.0
0.99994576
1.0
0.9999999
1.0
1.0
1.0
1.0
1.0
1.0
1.0
1.0
1.0
0.9999958
0.9999981
0.99999976
1.0
0.88702613
0.9999987
1.0
0.9999987
1.0
0.999997
1.0
0.99999976
0.99999976
1.0
0.9999999
0.9999901
1.0
1.0
1.0
1.0
0.9999989
1.0
0.9999964
1.0
1.0
1.0
1.0
1.0
1.0
0.9999989
1.0
1.0
1.0
1.0
0.9979513
0.9999976
1.0
0.9999838
0.9996444
0.99999917
1.0
1.0
1.0
1.0
1.0
1.0
0.9999833
0.9999999
1.0
0.99999666
0.99999964
1.0
1.0
0.9996643
1.0
1.0
1.0
0.85410714
0.99999976
1.0
0.999992
0.99999714
1.0
0.99999547
0.9999988
1.0
0.99999106
0.9998499
0.9999838
1.0
1.0
1.0
1.0
1.0
1.0
1.0
1.0
1.0
0.9999989
1.0
1.0
0.9999982
1.0
0.9999999
1.0
1.0
1.0
0.9999999
1.0
1.0
1.0
0.9814616
0.9999995
0.9723149
1.0
1.0
0.9999999
1.0
1.0
1.0
0.999985
1.0
0.9990441
1.0
1.0
1.0
1.0
1.0
1.0
0.99962485
1.0
1.0
1.0
0.99999774
1.0
1.0
1.0
0.9949109
1.0
1.0
1.0
1.0
0.9999999
1.0
1.0
1.0
0.99980456
0.9999982
1.0
1.0
1.0
0.9999975
1.0
0.9999641
1.0
0.99593484
0.99999976
0.9999113
1.0
1.0
0.99999976
0.9999995
1.0
1.0
1.0
0.99999976
1.0
1.0
0.9999974
0.9999995
1.0
0.9934989
1.0
0.99542314
1.0
1.0
0.99991274
1.0
1.0
0.99999034
1.0
1.0
1.0
0.99692553
1.0
1.0
0.9999999
0.9999999
1.0
1.0
1.0
0.9999969
0.9999999
1.0
0.9999999
0.9999994
0.9999999
0.9999975
1.0
1.0
1.0
1.0
1.0
0.9998807
0.99999845
0.99999166
1.0
0.9999304
0.99999905
0.9869251
1.0
1.0
0.9999982
0.99999654
1.0
1.0
1.0
0.9999751
1.0
0.999998
1.0
0.78060174
1.0
1.0
1.0
0.9999995
0.99750155
1.0
0.99849343
1.0
0.9999999
1.0
0.9999999
1.0
0.99999964
0.99999964
0.9999999
0.9999999
1.0
1.0
1.0
1.0
0.9999999
1.0
0.998197
1.0
0.9999932
1.0
0.9999999
0.99998105
1.0
0.9999995
0.99923086
0.9999993
0.997771
1.0
0.9999999
1.0
1.0
0.99999106
1.0
1.0
1.0
1.0
1.0
0.9999995
1.0
0.999995
1.0
1.0
1.0
1.0
1.0
1.0
1.0
0.9999995
1.0
1.0
1.0
0.99999774
0.9999646
1.0
0.97408354
0.9986803
0.99994946
1.0
0.9996884
1.0
0.99830925
1.0
0.9999999
1.0
1.0
1.0
1.0
1.0
1.0
1.0
0.96493393
0.99981374
0.9999995
0.99999
0.893977
0.99999833
1.0
1.0
1.0
1.0
1.0
1.0
1.0
1.0
0.9999958
1.0
1.0
1.0
1.0
0.9999993
1.0
0.9999994
0.9895521
0.9877153
0.99999976
1.0
0.9999895
1.0
1.0
1.0
0.99999213
1.0
0.99999154
1.0
1.0
1.0
0.99999774
1.0
1.0
1.0
0.99999964
1.0
1.0
1.0
0.99997795
0.99993634
1.0
1.0
1.0
1.0
0.99999964
1.0
1.0
0.99999535
1.0
0.99999833
1.0
1.0
0.9999999
1.0
1.0
0.99999976
1.0
1.0
0.9999994
1.0
1.0
1.0
0.9999993
1.0
1.0
1.0
1.0
0.9999993
1.0
0.9999182
0.99999034
1.0
0.99994147
0.999997
1.0
0.9601454
1.0
0.9999999
1.0
0.99999917
0.99999547
1.0
0.9999999
1.0
1.0
0.9999999
1.0
1.0
1.0
0.99999964
0.9999957
0.9999999
1.0
0.9999833
1.0
1.0
0.99999964
1.0
1.0
0.99999857
1.0
1.0
0.9998553
0.90693784
1.0
0.99143606
0.99998844
0.701124
0.9993693
1.0
0.99999976
1.0
0.9999894
1.0
0.9999144
0.99999917
1.0
0.99999917
0.9999995
1.0
1.0
1.0
0.9999999
1.0
1.0
1.0
1.0
0.9999999
1.0
0.99999857
1.0
1.0
1.0
1.0
1.0
1.0
0.9999256
0.9999697
1.0
1.0
0.99999976
1.0
1.0
1.0
1.0
0.9999989
0.9999895
1.0
0.9999523
1.0
0.99999976
1.0
1.0
0.9954335
1.0
0.99846435
0.99999964
1.0
1.0
1.0
1.0
1.0
0.9999999
1.0
1.0
0.99999917
0.9999999
1.0
1.0
0.99998415
1.0
1.0
1.0
1.0
1.0
1.0
1.0
1.0
1.0
0.99999523
1.0
0.9999993
1.0
0.9999995
0.99999976
1.0
0.9999999
1.0
0.99995625
0.9999995
1.0
1.0
1.0
1.0
0.99999976
1.0
1.0
1.0
1.0
1.0
0.9999243
0.99690646
1.0
0.9999999
1.0
0.9999982
0.9999999
1.0
0.99999976
0.9925889
0.99922335
1.0
1.0
1.0
1.0
0.9999391
0.99999976
0.9999999
1.0
0.9999621
1.0
1.0
0.9999999
1.0
1.0
1.0
0.99999976
0.9999993
1.0
0.9999119
1.0
1.0
1.0
0.9999993
1.0
1.0
1.0
1.0
1.0
0.999926
0.52140313
0.98019356
0.9999995
1.0
1.0
1.0
1.0
1.0
1.0
0.9985624
0.99999976
0.99995553
1.0
0.9999999
1.0
0.99997103
0.9999999
0.9999994
1.0
1.0
1.0
1.0
1.0
1.0
1.0
1.0
1.0
1.0
1.0
0.99999905
1.0
0.99942064
1.0
1.0
0.9999988
1.0
0.99999976
0.99811554
0.99999976
1.0
1.0
1.0
0.9999918
0.9991304
1.0
0.99999964
1.0
0.99999046
0.9999999
1.0
1.0
1.0
0.99999964
0.999998
1.0
1.0
1.0
0.9999832
0.9999988
1.0
0.9999237
1.0
1.0
0.99998903
0.98675215
1.0
1.0
0.9999999
1.0
1.0
1.0
1.0
1.0
1.0
1.0
1.0
0.9999788
0.915354
1.0
0.9999809
1.0
1.0
1.0
1.0
0.99999964
0.9998987
1.0
1.0
1.0
0.9999863
1.0
0.9999999
0.7188096
1.0
1.0
1.0
0.99991846
0.99999964
1.0
0.99999976
0.9999999
0.9999999
0.76338875
1.0
1.0
1.0
0.9999999
0.7992066
1.0
0.9917197
1.0
1.0
1.0
1.0
0.9999999
1.0
0.99999845
0.99999964
0.9999926
1.0
1.0
1.0
1.0
1.0
1.0
1.0
1.0
1.0
1.0
1.0
0.99999964
1.0
1.0
1.0
0.95727223
0.55320257
1.0
1.0
0.99872345
1.0
1.0
0.99824846
1.0
1.0
0.99152243
1.0
0.9999976
1.0
0.99999833
1.0
1.0
0.9999995
1.0
1.0
0.9999999
0.9999987
0.99908423
1.0
0.9837076
0.99999857
1.0
1.0
1.0
1.0
0.9999912
1.0
0.99999964
1.0
1.0
1.0
1.0
1.0
1.0
0.9999995
1.0
1.0
0.9999999
1.0
0.999902
0.9999902
0.9999989
0.99999976
1.0
1.0
1.0
1.0
1.0
1.0
1.0
1.0
0.99999964
0.9999999
0.9999993
1.0
1.0
1.0
1.0
1.0
0.9999331
0.9999
1.0
1.0
1.0
0.9999974
0.9992142
0.9999999
1.0
0.9999987
0.9999995
0.9999987
1.0
1.0
1.0
0.99999964
1.0
0.9999968
0.9999999
1.0
0.9999943
1.0
1.0
1.0
0.9997862
1.0
1.0
1.0
1.0
1.0
1.0
1.0
1.0
0.9922923
1.0
1.0
0.9999999
0.9999999
1.0
1.0
1.0
1.0
1.0
1.0
1.0
1.0
1.0
1.0
1.0
0.9999999
1.0
0.9999999
1.0
0.9998628
0.9999999
1.0
1.0
1.0
1.0
0.99973387
1.0
1.0
0.9999974
1.0
0.98719716
1.0
0.99824846
1.0
1.0
1.0
1.0
1.0
1.0
1.0
0.9999933
1.0
1.0
0.9999999
1.0
0.9999963
1.0
1.0
0.9999999
1.0
1.0
1.0
0.999998
1.0
1.0
1.0
0.99998975
1.0
0.99999964
1.0
0.9999945
1.0
1.0
0.9998876
0.9999988
1.0
1.0
0.99930847
0.8236005
0.7360379
0.9999999
0.9999989
1.0
1.0
1.0
1.0
0.9999999
1.0
1.0
0.9999999
1.0
0.96120685
0.99998045
1.0
0.99999857
1.0
0.9999201
0.99999976
0.9999716
0.9999627
0.99999976
1.0
0.9999993
1.0
1.0
0.9999827
1.0
1.0
1.0
0.9999989
1.0
0.9999999
0.9999893
1.0
0.99999917
1.0
1.0
1.0
1.0
1.0
0.9869032
1.0
0.99999833
1.0
0.9999858
1.0
0.9999999
1.0
0.9999907
1.0
1.0
1.0
0.99816626
1.0
0.9735075
0.99903154
0.99998736
1.0
0.9999999
1.0
0.99999976
1.0
0.999987
0.9978103
1.0
0.9999981
0.99999917
0.9999994
0.99999475
1.0
0.9999994
0.9999989
0.9976683
1.0
0.9999021
1.0
1.0
1.0
0.9999976
0.99999964
0.99999833
0.9685762
0.9999995
1.0
1.0
0.99993074
1.0
1.0
1.0
1.0
1.0
1.0
1.0
1.0
1.0
1.0
1.0
0.99999774
0.9999999
1.0
0.9999999
1.0
1.0
1.0
1.0
1.0
1.0
1.0
0.99994874
1.0
0.999995
0.99999976
1.0
1.0
0.9999999
0.99996305
0.99999976
0.99999976
1.0
1.0
0.99997795
1.0
0.99995613
0.9999999
0.99999976
1.0
1.0
1.0
0.9999999
0.99999976
0.9999981
1.0
1.0
0.99999976
1.0
0.9999999
1.0
0.9999926
0.9999604
1.0
0.9999999
1.0
0.99999475
1.0
1.0
1.0
1.0
1.0
0.99999344
0.9639254
1.0
1.0
1.0
1.0
1.0
0.4479829
1.0
1.0
0.9999999
1.0
0.99999344
0.9350537
1.0
0.9999999
1.0
1.0
0.9999943
0.9999988
0.99999964
1.0
1.0
0.9999999
0.99999976
1.0
0.9999993
1.0
1.0
0.9999927
0.9999602
1.0
1.0
1.0
1.0
1.0
0.99998415
1.0
1.0
1.0
0.9999888
1.0
1.0
1.0
1.0
0.99999976
1.0
1.0
1.0
0.9989794
0.99999976
1.0
1.0
1.0
0.99999857
1.0
0.99999964
0.9999999
0.99998665
1.0
1.0
1.0
0.99999964
1.0
1.0
1.0
1.0
1.0
1.0
0.9997695
1.0
0.9999999
1.0
1.0
1.0
0.9946385
0.99999976
1.0
1.0
1.0
0.99067515
1.0
0.99290246
1.0
1.0
1.0
0.9999943
0.99999976
1.0
0.9950393
0.99998343
1.0
1.0
1.0
1.0
1.0
0.9999993
1.0
0.99992
1.0
1.0
0.99999976
1.0
1.0
1.0
1.0
0.9997278
1.0
1.0
0.9999951
1.0
1.0
1.0
0.99999654
0.9999989
0.9994696
0.99999285
1.0
0.99999917
1.0
0.99999475
0.99999785
1.0
1.0
0.9999901
1.0
1.0
1.0
1.0
1.0
1.0
1.0
0.9999956
0.99999917
0.99999535
1.0
1.0
0.9999707
1.0
0.99999845
1.0
0.9999963
1.0
1.0
1.0
1.0
0.9999999
1.0
1.0
0.99918395
0.7853812
1.0
1.0
1.0
1.0
1.0
1.0
1.0
1.0
0.99957925
0.9920089
1.0
1.0
0.99999964
1.0
0.9999999
0.9999994
0.9999999
1.0
1.0
0.985285
1.0
0.99999917
1.0
0.9999082
1.0
1.0
0.99999833
1.0
1.0
1.0
1.0
1.0
1.0
0.99855465
0.99999905
1.0
1.0
0.9999999
1.0
1.0
0.99999833
0.9987544
1.0
0.98285043
1.0
0.9999987
1.0
0.9999999
0.999998
0.9889809
1.0
1.0
1.0
0.9999999
0.99999976
1.0
0.9999918
1.0
0.99999976
0.66885
1.0
0.99999714
1.0
0.9999989
0.8008942
0.9991399
1.0
1.0
0.99999917
0.9999988
1.0
0.9999999
1.0
0.99997425
1.0
1.0
0.999998
0.9794719
0.99999976
0.9999995
0.9997764
0.9999982
1.0
0.999998
1.0
1.0
1.0
0.9999999
0.9999995
1.0
0.99993515
0.99999225
1.0
1.0
1.0
1.0
0.9999633
1.0
0.9999999
0.9998667
0.99999905
1.0
1.0
0.99999976
1.0
0.9999989
0.9958954
0.9977336
1.0
0.99999416
1.0
0.9999999
1.0
0.9999819
0.99999964
1.0
0.9964413
1.0
0.9999324
0.9999988
1.0
1.0
1.0
1.0
0.99999905
0.99999976
1.0
0.9999858
1.0
1.0
1.0
1.0
0.9999969
1.0
1.0
1.0
0.6449955
1.0
1.0
1.0
1.0
1.0
0.99999964
0.9890125
1.0
0.9998503
1.0
0.99999726
0.99996734
1.0
0.9999999
1.0
1.0
1.0
0.91668445
0.9999999
0.9997999
1.0
1.0
1.0
0.9999982
0.99999917
1.0
1.0
0.9999981
1.0
1.0
1.0
1.0
1.0
1.0
1.0
0.9999492
0.99999917
0.99999964
1.0
1.0
1.0
1.0
1.0
1.0
0.978161
1.0
0.9999995
1.0
1.0
1.0
1.0
1.0
1.0
1.0
1.0
1.0
1.0
0.99999654
1.0
1.0
1.0
1.0
1.0
0.9999994
1.0
0.9984004
1.0
1.0
1.0
1.0
1.0
0.9999174
0.9999999
0.94372255
0.980342
0.9999993
1.0
0.99999475
0.9999995
0.9999999
1.0
1.0
0.99999964
0.9999919
1.0
1.0
1.0
1.0
1.0
0.99999964
1.0
0.9999993
1.0
1.0
0.39212674
0.9711927
1.0
0.99999917
1.0
1.0
1.0
1.0
1.0
0.99992585
1.0
0.9984243
1.0
0.99999344
0.9999931
0.99600667
1.0
0.9999999
1.0
0.9993098
1.0
0.9977914
0.99999046
0.9999962
0.9968104
0.9998814
0.9998354
0.9999726
1.0
1.0
0.999821
1.0
1.0
0.99999964
1.0
1.0
1.0
1.0
1.0
0.99989974
1.0
0.9999999
0.9999999
1.0
1.0
0.99960953
1.0
1.0
0.99999905
1.0
0.99997365
0.99999833
0.9999974
0.9999995
0.9999999
0.9999237
1.0
1.0
0.9999999
1.0
1.0
1.0
0.9999999
1.0
1.0
1.0
1.0
1.0
0.9999765
0.9999999
1.0
1.0
1.0
1.0
1.0
1.0
1.0
1.0
0.9999907
1.0
0.99995995
1.0
0.9999887
1.0
1.0
0.9999999
0.98470575
0.9999999
0.9999858
1.0
0.99999785
0.9999937
1.0
0.9999999
0.9999596
0.99998915
0.99999976
1.0
0.99999976
1.0
0.9999802
1.0
0.9999976
1.0
1.0
1.0
0.9964659
1.0
0.4046619
0.9999676
1.0
1.0
1.0
0.8436289
1.0
1.0
0.9813464
0.999982
1.0
1.0
1.0
0.99999523
1.0
1.0
1.0
1.0
1.0
1.0
1.0
0.99999607
1.0
0.9999999
1.0
0.9999995
1.0
0.975024
1.0
0.999997
1.0
0.7763766
0.98688877
1.0
1.0
1.0
0.99999464
0.94829094
1.0
1.0
0.99999535
1.0
1.0
1.0
0.9999721
1.0
1.0
0.9760317
0.9996377
1.0
1.0
1.0
1.0
1.0
0.9999962
1.0
1.0
0.9999999
1.0
0.9998914
1.0
1.0
1.0
1.0
1.0
0.9999994
1.0
0.9999995
1.0
1.0
0.99999976
1.0
0.9999982
0.99999094
1.0
1.0
1.0
1.0
0.9999795
1.0
1.0
1.0
1.0
1.0
1.0
0.9989874
1.0
0.99968123
1.0
0.66624427
1.0
1.0
0.9999995
1.0
1.0
1.0
0.9999981
0.9999999
1.0
0.7737904
1.0
1.0
0.9999976
1.0
0.99999714
1.0
1.0
1.0
1.0
0.9999976
1.0
1.0
0.9999875
1.0
1.0
0.9999925
1.0
1.0
0.99998534
0.99751186
1.0
1.0
1.0
0.9999999
1.0
1.0
0.9999994
0.99999976
0.99999964
1.0
1.0
1.0
0.9673478
0.99999976
1.0
1.0
1.0
1.0
0.9999988
1.0
1.0
1.0
1.0
1.0
1.0
0.9999999
1.0
1.0
0.9999962
0.99973184
1.0
0.9992593
1.0
1.0
0.9999969
1.0
0.8887257
1.0
1.0
0.6833199
0.9982267
1.0
1.0
1.0
0.74439424
0.9999999
1.0
0.9999974
1.0
0.9999989
0.9999994
1.0
0.9999999
0.9999975
0.99999976
0.99999976
1.0
1.0
1.0
0.9998789
0.9999907
0.99999976
1.0
1.0
0.99999976
0.9999887
0.9999999
0.7296109
0.9999994
1.0
0.99999976
1.0
1.0
1.0
0.99959356
0.96439695
0.9999758
1.0
1.0
0.9968099
0.9990392
1.0
1.0
1.0
0.9999999
1.0
0.9999999
1.0
0.99998546
1.0
0.9999995
1.0
1.0
1.0
1.0
0.5795952
1.0
0.9999987
1.0
0.9999987
1.0
0.9999964
1.0
1.0
1.0
1.0
0.999777
1.0
0.9999999
0.9999994
1.0
0.9999999
0.6943817
0.9999999
1.0
0.99997675
0.9999975
0.9999995
0.99999976
1.0
1.0
1.0
0.9999988
1.0
1.0
1.0
1.0
1.0
1.0
0.9999999
0.99694675
0.999992
0.9999982
0.9999999
1.0
1.0
1.0
1.0
1.0
0.9999993
0.99999213
0.9999999
1.0
0.9999397
1.0
0.9999999
0.99999917
0.9999993
0.99631625
1.0
1.0
0.9999995
0.9999999
1.0
1.0
0.9999999
0.99999976
1.0
0.9908036
0.9999987
1.0
1.0
1.0
1.0
0.99999976
1.0
0.9994228
0.97661793
1.0
0.99979323
1.0
0.9999938
1.0
1.0
0.9999995
1.0
1.0
0.9999999
1.0
1.0
0.99952316
0.9999999
1.0
0.99999
0.99999976
1.0
0.99978405
0.9999995
1.0
1.0
1.0
0.999997
0.9999999
1.0
0.9999999
1.0
0.99999964
0.99999046
1.0
1.0
1.0
0.9999895
0.9999938
1.0
1.0
0.99994373
1.0
0.9999999
0.9999993
0.9999242
1.0
0.9999536
1.0
0.99999976
1.0
0.99996305
1.0
1.0
1.0
0.9999999
1.0
1.0
1.0
0.99998486
1.0
1.0
0.99989104
0.9999976
1.0
0.9998871
1.0
1.0
1.0
1.0
1.0
1.0
0.97783375
1.0
0.9995003
1.0
0.9999776
0.9974896
1.0
1.0
1.0
1.0
0.9999987
1.0
1.0
1.0
1.0
1.0
0.9999982
1.0
1.0
1.0
0.9999144
0.99900454
0.9999893
0.96979654
1.0
0.93750364
0.99999714
1.0
1.0
1.0
1.0
0.9999554
0.99999976
0.9999877
1.0
1.0
1.0
1.0
1.0
1.0
0.99999976
1.0
1.0
1.0
1.0
1.0
0.9999758
1.0
0.9999999
1.0
1.0
0.9999975
0.99999976
0.9999999
1.0
1.0
1.0
1.0
1.0
1.0
0.99989974
0.9999931
0.99999964
0.99999857
1.0
1.0
0.9999815
1.0
1.0
0.9999995
0.99999976
0.99999595
1.0
1.0
0.9999931
1.0
0.99999523
0.99209154
0.9999962
1.0
1.0
0.99999845
1.0
1.0
1.0
0.9999405
0.9999988
0.99999297
1.0
1.0
0.9999658
0.99993575
0.9999999
1.0
1.0
0.9999999
1.0
1.0
0.99999964
1.0
1.0
1.0
1.0
0.9999999
0.9987668
1.0
0.99999845
1.0
1.0
0.99997103
0.9999994
0.99999976
1.0
1.0
0.9999968
1.0
0.9999937
0.99999976
0.9999999
1.0
0.99991333
0.9999974
0.9999999
1.0
1.0
1.0
1.0
1.0
1.0
1.0
1.0
0.9999999
0.9999999
1.0
1.0
0.99999964
0.9999927
1.0
0.9999559
1.0
0.9980604
1.0
1.0
1.0
1.0
0.99972767
0.98957634
0.99998736
1.0
1.0
0.9999969
1.0
1.0
1.0
1.0
0.99999774
1.0
0.717494
0.9999999
0.9999999
1.0
0.9999999
0.99360585
1.0
0.9999999
0.89366955
0.99998915
1.0
1.0
1.0
0.9999976
0.99999964
1.0
1.0
1.0
0.6785493
1.0
1.0
1.0
1.0
0.9999995
0.9999964
0.9999999
0.9999982
1.0
0.99830806
1.0
0.9999982
1.0
1.0
0.9993944
1.0
0.5432939
0.99999213
1.0
1.0
1.0
1.0
1.0
1.0
1.0
1.0
1.0
1.0
1.0
1.0
0.9997844
1.0
1.0
1.0
0.99999964
0.99992836
0.9999976
0.99999845
1.0
0.99804366
0.99999976
1.0
1.0
1.0
0.9472686
0.9999492
1.0
1.0
1.0
1.0
0.99999726
0.99999976
1.0
0.9994
1.0
0.99559575
1.0
1.0
1.0
0.9999993
1.0
1.0
0.9999995
1.0
0.9906634
1.0
1.0
0.9999993
1.0
1.0
1.0
0.99999845
1.0
1.0
1.0
0.99421483
0.99952924
0.99969506
1.0
1.0
1.0
0.93711823
0.9999969
1.0
0.99999905
1.0
1.0
1.0
0.9999994
1.0
1.0
1.0
1.0
0.9999938
0.9999875
0.99999976
0.9999999
1.0
1.0
1.0
1.0
0.99999917
1.0
1.0
0.9999999
1.0
0.9999999
0.98377347
1.0
1.0
1.0
1.0
0.99970406
1.0
0.99999774
0.9999987
1.0
0.9999999
1.0
1.0
0.9998765
0.9999999
1.0
1.0
1.0
0.9999962
1.0
0.9999937
0.8290048
1.0
1.0
0.99200505
0.9034672
1.0
0.9999975
0.98823625
1.0
1.0
1.0
1.0
1.0
0.9999926
0.9999999
1.0
0.9999715
1.0
0.99998677
1.0
1.0
1.0
1.0
1.0
1.0
1.0
0.9999993
1.0
1.0
1.0
0.9998541
1.0
1.0
0.9996506
0.99998164
1.0
0.99999976
1.0
1.0
0.9999999
1.0
1.0
0.99999416
0.99552286
0.9999999
1.0
1.0
1.0
1.0
1.0
0.9999639
1.0
1.0
0.9999999
1.0
0.99999666
1.0
1.0
1.0
1.0
1.0
0.99999964
0.99999774
0.9999987
1.0
1.0
1.0
1.0
1.0
1.0
1.0
1.0
1.0
1.0
1.0
0.99999964
0.9999999
0.9999882
1.0
1.0
1.0
1.0
1.0
1.0
0.9832428
1.0
0.99998236
0.99999976
1.0
1.0
0.999962
0.9999999
1.0
1.0
0.9999589
0.9999995
0.9999999
0.9999962
0.95433235
1.0
0.9999999
1.0
1.0
1.0
0.99999976
1.0
0.99999595
1.0
1.0
0.99999976
0.99999964
0.9829863
0.9999999
1.0
0.99999976
1.0
0.99995995
0.9999988
0.9999999
1.0
0.9999999
1.0
0.99999785
1.0
1.0
1.0
0.99112767
0.99999905
1.0
1.0
1.0
1.0
0.9999857
1.0
1.0
1.0
0.999987
1.0
0.9998179
1.0
1.0
1.0
1.0
1.0
0.99985516
0.99999833
1.0
0.9786106
1.0
1.0
1.0
0.9999999
1.0
1.0
1.0
1.0
0.99999297
1.0
1.0
0.9999968
0.99999976
0.99954695
0.99999976
0.9999993
1.0
1.0
1.0
1.0
1.0
1.0
1.0
1.0
1.0
1.0
1.0
1.0
1.0
1.0
1.0
1.0
1.0
1.0
0.9999995
1.0
1.0
1.0
1.0
0.8194578
0.9998913
0.9999944
1.0
1.0
1.0
1.0
1.0
0.99999976
0.99996877
1.0
0.92626554
1.0
0.9999988
1.0
1.0
1.0
0.99999976
0.9522049
0.9999999
1.0
1.0
1.0
0.99999976
0.9999771
0.99999976
0.99999976
1.0
0.9999999
0.999998
1.0
0.9999989
1.0
1.0
0.99999654
0.99999976
1.0
0.9265287
1.0
0.99997807
1.0
1.0
1.0
1.0
1.0
0.8093869
1.0
1.0
0.99969006
1.0
1.0
0.9999999
0.9999988
0.99668664
1.0
1.0
0.9999906
0.99016553
1.0
1.0
1.0
1.0
1.0
1.0
0.9993407
0.9999995
1.0
1.0
0.99995685
0.9999995
1.0
1.0
0.9999999
1.0
0.9999995
0.9999988
1.0
1.0
0.9872738
0.99978536
1.0
0.99999607
1.0
1.0
1.0
0.68592703
0.99977535
0.9999999
0.99999607
1.0
0.99999976
0.99999905
1.0
0.99998915
1.0
0.99999917
1.0
1.0
1.0
1.0
1.0
1.0
1.0
0.99999595
1.0
1.0
1.0
0.9999989
0.99999774
0.9999647
1.0
0.9999267
1.0
0.9999994
1.0
0.99999046
1.0
1.0
1.0
0.9747038
0.9999999
0.9999995
1.0
1.0
1.0
0.99999964
1.0
0.99999845
0.9999999
1.0
1.0
1.0
1.0
1.0
1.0
0.9999995
1.0
0.9999989
0.9999999
0.9999765
1.0
0.9999999
0.9999999
0.9999943
0.9999999
0.9984819
1.0
0.999814
1.0
1.0
1.0
1.0
1.0
1.0
0.99672985
1.0
0.99999356
0.9999765
0.99999905
0.9998864
1.0
1.0
1.0
0.9917115
0.99976116
0.9974644
1.0
1.0
1.0
1.0
1.0
0.9999999
1.0
0.99999964
1.0
0.9999976
1.0
1.0
1.0
0.9997788
1.0
1.0
0.9999989
1.0
1.0
1.0
1.0
0.99999547
0.99999976
1.0
0.99997604
0.9997452
1.0
1.0
1.0
0.9999999
1.0
1.0
0.9999999
0.99999714
0.99999344
0.99996746
0.99994695
1.0
0.99997926
1.0
1.0
1.0
0.99999523
0.9994166
1.0
1.0
1.0
0.9978884
1.0
1.0
0.99999976
1.0
1.0
1.0
0.99997866
1.0
1.0
1.0
0.9999988
0.9999999
1.0
0.9999982
0.9987895
0.9999999
1.0
1.0
1.0
0.9999994
0.99999857
0.99999845
0.99999964
1.0
0.9980665
1.0
0.9999999
0.999728
0.9999999
0.99999774
1.0
1.0
1.0
1.0
0.99999714
0.99979085
1.0
1.0
1.0
1.0
0.99999917
0.99999964
1.0
1.0
1.0
1.0
1.0
0.99993753
0.7966113
1.0
1.0
1.0
0.9997936
1.0
1.0
0.9999933
1.0
1.0
0.9999434
0.99999976
1.0
1.0
0.9999968
1.0
1.0
0.99984896
1.0
1.0
0.9999995
1.0
1.0
0.99985063
1.0
1.0
1.0
1.0
0.9991787
1.0
1.0
1.0
1.0
1.0
0.9999999
1.0
1.0
0.9995664
1.0
0.9999994
0.99999976
0.99999905
0.9999982
0.99999917
1.0
0.9999999
1.0
0.9880251
1.0
1.0
1.0
1.0
0.99999297
1.0
0.9999808
0.9999993
1.0
1.0
0.98906213
1.0
1.0
0.99999964
1.0
1.0
0.99995196
1.0
1.0
1.0
0.9999999
0.9999987
1.0
1.0
0.99999917
0.9999988
0.9999993
1.0
1.0
1.0
1.0
1.0
1.0
1.0
0.9997229
0.99999976
1.0
1.0
0.9999995
0.9999999
1.0
0.5965679
0.99999654
1.0
1.0
0.9999999
1.0
1.0
1.0
1.0
1.0
0.99863714
0.999998
0.99999917
1.0
1.0
0.99999666
0.9999908
1.0
1.0
1.0
0.99999726
1.0
0.45023948
0.99996674
1.0
1.0
1.0
1.0
1.0
0.9999999
1.0
1.0
1.0
0.9999999
0.99990535
0.9999969
0.99996305
1.0
0.99894947
1.0
0.9941565
0.9996848
1.0
0.9999995
0.99999976
0.9999999
1.0
1.0
1.0
0.9999509
0.99992275
0.9672184
1.0
1.0
1.0
1.0
1.0
0.999995
0.99951327
1.0
0.96066463
0.99997807
1.0
1.0
1.0
1.0
1.0
0.99999964
1.0
1.0
1.0
1.0
1.0
0.9999995
0.9999999
1.0
0.9999999
1.0
1.0
1.0
1.0
1.0
1.0
0.9999491
1.0
1.0
1.0
1.0
0.9999989
1.0
0.99998236
0.99999404
0.9999696
1.0
0.9999999
0.9999999
1.0
1.0
0.99999726
1.0
1.0
0.999985
0.9999999
0.9864783
0.9999988
0.9999889
1.0
0.9999949
1.0
0.9999839
0.9999999
1.0
0.9999919
1.0
0.9999999
1.0
0.9990128
1.0
1.0
1.0
1.0
1.0
1.0
1.0
1.0
0.999998
1.0
0.9999999
1.0
1.0
0.99994385
0.9946214
1.0
1.0
0.9999727
1.0
1.0
1.0
0.999954
1.0
0.9994672
1.0
1.0
0.9907658
1.0
1.0
1.0
1.0
1.0
1.0
1.0
1.0
0.99999976
0.9999999
1.0
0.9999888
0.9999994
0.9999999
1.0
1.0
1.0
1.0
0.9999995
0.9999999
1.0
0.9999999
1.0
1.0
0.99999976
1.0
1.0
0.99999917
1.0
1.0
0.9958477
1.0
0.99990654
1.0
1.0
0.99999964
1.0
1.0
0.99999285
1.0
1.0
1.0
0.9999994
0.9999981
1.0
1.0
0.9999976
1.0
1.0
1.0
1.0
0.9991258
0.9958475
1.0
1.0
1.0
0.9999988
0.9996524
1.0
0.99999857
1.0
0.9981178
0.9999949
0.9227055
1.0
0.99999964
0.963648
1.0
0.99999976
1.0
1.0
1.0
1.0
1.0
0.9999436
0.65111536
0.9999987
1.0
0.9999995
0.99999976
1.0
0.99999976
0.9999999
1.0
1.0
1.0
1.0
1.0
0.9906595
0.7414919
1.0
1.0
0.9999957
1.0
1.0
0.99999475
1.0
0.99999285
1.0
1.0
0.99999964
1.0
0.9996439
1.0
0.9999995
0.99999976
0.98750323
1.0
0.9998634
0.9999999
1.0
0.99999976
0.9999913
1.0
1.0
0.9992409
1.0
1.0
1.0
0.9999999
1.0
1.0
0.99999297
1.0
1.0
1.0
0.9999728
0.99999297
1.0
0.9999999
1.0
0.90463
1.0
1.0
0.9999999
0.9999994
0.99999416
0.9999995
1.0
0.9999999
1.0
0.9993637
1.0
0.9999994
1.0
1.0
1.0
1.0
0.99955446
1.0
1.0
1.0
1.0
1.0
1.0
0.9999995
1.0
0.9998807
1.0
0.99964523
1.0
1.0
0.99999976
1.0
1.0
0.99999964
0.75865585
1.0
1.0
0.9999969
0.9999999
1.0
1.0
1.0
0.99999785
1.0
1.0
0.9999999
1.0
0.99999964
1.0
1.0
1.0
1.0
1.0
1.0
1.0
1.0
1.0
1.0
1.0
1.0
1.0
1.0
0.9999999
0.99773264
0.5348431
1.0
0.93436587
1.0
1.0
1.0
1.0
1.0
1.0
0.99999595
0.999998
1.0
1.0
0.9015802
1.0
1.0
1.0
0.99999976
0.99999917
1.0
1.0
1.0
1.0
1.0
1.0
1.0
0.9999999
1.0
0.99999976
1.0
0.9999999
0.9999993
1.0
1.0
1.0
1.0
1.0
0.9999999
1.0
1.0
0.99983656
1.0
0.9999522
0.999967
0.9999999
1.0
0.99999976
1.0
0.99937147
0.98549634
1.0
0.9999999
0.99999905
1.0
0.99993944
0.9999989
1.0
0.9948549
1.0
1.0
1.0
0.99999857
0.99999774
1.0
0.99999964
1.0
1.0
1.0
0.9999999
0.9991929
0.99997675
1.0
0.99998343
0.9999987
0.99987984
1.0
0.9999863
1.0
0.99999845
1.0
1.0
1.0
1.0
0.99999917
1.0
0.9999995
0.9999999
1.0
1.0
1.0
1.0
0.99999976
0.9999993
1.0
1.0
1.0
1.0
0.9997991
1.0
1.0
0.9999932
1.0
1.0
1.0
1.0
0.9999989
0.9998616
1.0
1.0
1.0
0.99999297
0.9999999
0.99907327
0.99999475
1.0
0.99999964
0.99999523
1.0
0.9999882
1.0
1.0
0.9999995
1.0
1.0
0.9999981
0.99999654
0.9999999
1.0
1.0
0.9995041
0.99999297
1.0
0.9999999
1.0
1.0
1.0
0.9993729
1.0
1.0
1.0
1.0
1.0
0.99998784
1.0
1.0
0.9999707
0.9998522
1.0
1.0
1.0
1.0
1.0
1.0
0.99808794
1.0
1.0
1.0
1.0
0.9999629
0.9999939
1.0
1.0
0.9999963
1.0
1.0
0.78876776
0.9999995
1.0
1.0
1.0
1.0
1.0
1.0
0.9999999
1.0
0.99921584
0.98755103
0.9999995
0.99999774
0.99999917
0.9999815
1.0
0.9999987
1.0
1.0
1.0
1.0
1.0
1.0
1.0
0.9934556
0.9999325
0.9999999
1.0
0.99999857
1.0
1.0
1.0
1.0
0.9999989
0.9999378
1.0
0.9999925
0.99987507
1.0
1.0
0.9999709
0.99999964
1.0
0.9999995
1.0
1.0
1.0
0.9999999
1.0
0.9999999
1.0
0.9999987
1.0
1.0
0.9999875
1.0
1.0
1.0
1.0
1.0
1.0
0.999966
0.99979204
0.99463093
1.0
0.9999999
0.99999964
1.0
0.9999999
1.0
1.0
0.9999976
1.0
1.0
1.0
1.0
0.9999993
0.99999917
1.0
0.9999995
0.9999988
1.0
1.0
1.0
0.99999595
1.0
0.9999999
1.0
1.0
1.0
0.9985677
0.999936
1.0
0.99999857
1.0
1.0
1.0
1.0
1.0
1.0
0.99985826
1.0
0.99999833
0.99996066
0.9699655
1.0
1.0
0.9999976
1.0
1.0
0.99992764
0.9999573
0.99999785
0.99999976
1.0
1.0
0.99993706
0.99999976
0.99999654
0.9999995
1.0
0.999946
1.0
1.0
1.0
1.0
0.9999999
0.9999999
1.0
1.0
0.9999995
1.0
1.0
0.99999905
1.0
0.9999995
1.0
1.0
0.9999999
0.9999999
1.0
1.0
1.0
0.99933076
1.0
0.99999964
1.0
0.9999989
1.0
0.9999994
0.9988937
0.99994814
1.0
1.0
1.0
1.0
1.0
1.0
0.73916674
1.0
1.0
0.9999999
0.9999919
1.0
0.999998
1.0
0.9999987
1.0
0.9999714
1.0
1.0
1.0
1.0
1.0
1.0
0.9999995
1.0
1.0
1.0
1.0
1.0
1.0
1.0
1.0
0.99998426
0.99993217
0.99990463
1.0
1.0
0.999998
1.0
0.9999987
0.9999894
1.0
0.99999976
1.0
0.7074542
1.0
1.0
0.9999956
0.9999999
1.0
1.0
0.99999976
0.9999949
1.0
1.0
1.0
1.0
1.0
1.0
0.9999999
1.0
1.0
1.0
0.999984
1.0
1.0
1.0
1.0
0.9999994
0.99999976
0.9999541
1.0
0.9999988
0.9877586
1.0
0.99989545
1.0
1.0
1.0
0.9999758
0.9999995
0.99999917
0.9999999
1.0
1.0
1.0
0.9999968
0.9999995
1.0
1.0
1.0
1.0
1.0
1.0
1.0
1.0
0.9990256
0.99964833
1.0
1.0
0.99999595
1.0
1.0
1.0
1.0
0.99999166
1.0
0.99999976
1.0
1.0
1.0
0.9999958
0.9999926
0.9999975
0.9999995
1.0
0.99999964
0.9999993
0.9999999
1.0
0.99999094
1.0
1.0
1.0
1.0
0.81048214
0.9999989
0.9999994
1.0
1.0
1.0
1.0
1.0
0.9995901
0.9999988
1.0
1.0
1.0
1.0
1.0
1.0
1.0
0.9999763
1.0
0.99999976
1.0
1.0
0.99999964
0.99999976
1.0
1.0
0.99917185
0.9999999
1.0
1.0
0.9998939
0.9970176
1.0
0.99984264
1.0
1.0
0.99999726
0.99999976
0.9999989
1.0
1.0
1.0
1.0
1.0
0.9999994
1.0
1.0
0.9997558
1.0
0.9999999
0.9999999
1.0
0.99994254
1.0
0.9999975
0.62649375
0.9532235
1.0
1.0
1.0
1.0
1.0
0.99999726
1.0
0.9999999
1.0
1.0
1.0
0.99998283
1.0
0.9999999
0.9983027
0.9999999
1.0
1.0
1.0
1.0
0.9998938
0.9999989
0.9999933
1.0
1.0
0.99996054
1.0
0.9999999
1.0
0.9999511
1.0
0.9999999
0.9999995
1.0
0.9999999
1.0
0.9999988
0.99863416
0.99974614
0.9170413
0.9999994
0.9998258
1.0
1.0
0.9999995
1.0
1.0
0.9999999
1.0
1.0
1.0
1.0
1.0
0.99999905
1.0
0.9999993
0.9999906
1.0
0.9992669
1.0
1.0
1.0
1.0
1.0
1.0
1.0
0.9930488
1.0
1.0
0.9999999
1.0
1.0
0.9999999
1.0
1.0
0.9999976
1.0
1.0
1.0
0.99999857
0.9999999
1.0
1.0
1.0
1.0
1.0
0.99998415
0.9999995
1.0
1.0
1.0
1.0
1.0
0.99999785
0.9999999
1.0
1.0
1.0
0.9995616
1.0
1.0
1.0
0.9970913
1.0
0.99995244
1.0
1.0
1.0
1.0
0.99993813
1.0
1.0
0.99999857
1.0
0.9999999
1.0
1.0
1.0
1.0
1.0
0.99999964
0.9001576
1.0
1.0
1.0
1.0
1.0
1.0
0.99992
1.0
0.9999647
1.0
1.0
1.0
0.99999726
1.0
1.0
1.0
1.0
1.0
1.0
1.0
0.90533686
1.0
1.0
1.0
0.9999995
1.0
1.0
0.9999975
0.99948585
0.9999993
1.0
1.0
1.0
1.0
0.9999825
1.0
0.96441513
1.0
0.99999964
0.99976283
1.0
0.99999964
0.9999763
0.9999999
0.9988617
0.7508385
0.9999999
0.99999857
0.9987556
1.0
1.0
1.0
1.0
0.9999999
0.99999976
1.0
0.9999993
0.9999312
1.0
1.0
0.9999027
1.0
1.0
0.9999999
1.0
0.99999964
1.0
0.9999981
1.0
0.99872833
1.0
1.0
0.9999999
0.9999739
0.99999857
0.99999976
1.0
1.0
1.0
1.0
0.9999856
0.9999999
0.9999994
0.99999964
0.99993694
0.9829914
1.0
1.0
1.0
1.0
1.0
1.0
0.9999999
1.0
0.9999981
1.0
0.9820495
1.0
0.9997886
1.0
0.9999914
0.9999999
1.0
0.99999344
0.9999995
1.0
1.0
0.9999999
0.99998975
0.99999464
1.0
1.0
0.8184638
1.0
0.9998252
1.0
1.0
0.99999976
1.0
0.9999982
1.0
1.0
0.9999988
1.0
0.9999831
1.0
0.99938333
1.0
0.9999974
0.96618617
1.0
1.0
1.0
1.0
1.0
0.9999994
0.99928063
1.0
0.9999968
0.97995937
1.0
1.0
1.0
1.0
1.0
1.0
1.0
1.0
1.0
0.99909127
1.0
0.9999994
1.0
1.0
0.99953175
1.0
0.9758493
1.0
0.99998033
1.0
1.0
1.0
1.0
1.0
0.9999999
1.0
0.9999999
0.9999999
0.6952037
1.0
0.99999964
0.5999388
0.99999976
1.0
0.9999653
0.9999995
1.0
0.99997413
1.0
0.9999926
0.9999813
1.0
1.0
1.0
0.9999999
0.9999926
1.0
0.97774476
1.0
0.9999999
1.0
1.0
1.0
1.0
0.9999958
1.0
0.9999784
0.99999547
1.0
0.99999976
1.0
1.0
1.0
0.99997926
1.0
1.0
0.99999964
1.0
1.0
1.0
1.0
0.98758334
0.9999995
1.0
1.0
1.0
0.9999995
1.0
0.9999993
1.0
0.99991596
1.0
1.0
1.0
0.9941035
1.0
1.0
0.9999974
1.0
1.0
1.0
0.9999999
1.0
1.0
1.0
1.0
0.9999999
1.0
1.0
1.0
1.0
0.99999964
0.99998987
1.0
0.9976077
1.0
1.0
1.0
1.0
1.0
1.0
1.0
1.0
1.0
1.0
0.9999999
1.0
0.99983966
0.99995005
0.9216056
0.99999726
0.99950457
1.0
1.0
0.99991477
1.0
1.0
1.0
0.9999629
0.9994055
1.0
1.0
0.9999994
1.0
1.0
1.0
1.0
1.0
1.0
1.0
0.9998294
1.0
1.0
1.0
0.9999999
1.0
0.8722509
0.9998217
0.99999845
0.9999999
1.0
1.0
1.0
1.0
0.97212416
0.9999994
1.0
1.0
1.0
0.9999999
0.99999917
0.9999994
0.999966
0.99909985
0.9999999
0.99999917
0.9999999
0.99999976
1.0
1.0
1.0
1.0
0.99999976
0.99978334
1.0
0.999969
1.0
1.0
0.9999683
1.0
1.0
1.0
1.0
0.9999993
1.0
0.6116093
1.0
0.99999714
1.0
1.0
0.99999917
1.0
1.0
0.99947554
1.0
0.99974734
0.99972814
1.0
1.0
1.0
0.99999905
1.0
1.0
1.0
1.0
0.5916273
1.0
0.9999925
0.9960043
0.99999905
1.0
0.9999999
1.0
1.0
1.0
0.9999994
1.0
1.0
0.9999995
1.0
1.0
1.0
0.99999654
1.0
1.0
0.99973387
0.9999999
1.0
1.0
1.0
0.9999479
0.97966754
1.0
1.0
1.0
1.0
1.0
1.0
1.0
1.0
1.0
0.9997501
1.0
0.99585587
1.0
1.0
1.0
1.0
1.0
0.9999926
1.0
1.0
0.99999785
0.7477448
1.0
0.9999962
0.80278623
0.99999976
1.0
1.0
0.9999993
1.0
1.0
1.0
0.99999714
1.0
0.9999418
1.0
0.9999999
0.99999833
0.9999999
0.9996263
1.0
0.9999871
1.0
1.0
0.9999995
0.9999999
0.99999964
0.9999995
0.9997843
1.0
1.0
1.0
1.0
1.0
1.0
1.0
0.9999995
0.9999031
0.9999999
1.0
1.0
1.0
0.99999106
0.9993204
1.0
1.0
1.0
1.0
0.9999999
0.9999974
0.99999917
0.99998736
0.9999392
1.0
1.0
1.0
1.0
0.99999964
1.0
1.0
0.99999917
1.0
1.0
0.9999815
1.0
0.9999969
0.9975063
0.9999999
0.9999994
0.99999726
1.0
0.99999976
0.9997507
0.9999999
0.9999969
1.0
1.0
0.9999999
0.9998847
1.0
0.99323374
0.9999999
0.99999297
1.0
0.9999839
0.99995995
1.0
1.0
1.0
0.99998057
1.0
0.9999964
1.0
1.0
1.0
1.0
0.99999917
0.99998593
1.0
1.0
0.99914956
1.0
0.612408
1.0
0.9999993
0.9999999
0.99999464
1.0
0.99996626
0.99999464
0.9999938
0.99999046
1.0
1.0
1.0
1.0
1.0
1.0
0.9999945
0.99980146
0.99999833
1.0
0.99999726
1.0
1.0
0.9993724
1.0
0.9997539
1.0
1.0
1.0
0.854232
1.0
0.9999958
0.9999951
1.0
1.0
0.9999956
0.9999857
0.99999857
1.0
1.0
0.999998
1.0
1.0
1.0
1.0
0.9999982
1.0
0.9999995
0.9997682
1.0
1.0
0.9999999
1.0
1.0
1.0
1.0
1.0
1.0
1.0
1.0
1.0
0.9999995
0.91881466
0.9999995
1.0
0.9999999
1.0
1.0
0.99999726
0.9999994
1.0
1.0
0.9855193
1.0
1.0
1.0
1.0
1.0
0.9999999
0.9987294
0.9983027
1.0
1.0
0.999814
0.9999993
1.0
1.0
1.0
1.0
0.999617
0.99999917
1.0
1.0
0.99998724
1.0
0.94750154
0.9999987
0.99999976
1.0
1.0
1.0
0.9999987
0.9999999
1.0
0.9999988
0.99999774
1.0
0.9999999
0.96536803
1.0
0.99999976
0.99928963
1.0
0.93701816
1.0
0.99999976
1.0
0.999305
0.99997294
0.99999964
1.0
0.9977302
0.9999995
0.99995625
0.9996282
0.9999995
1.0
1.0
1.0
1.0
0.9999769
1.0
0.99999845
0.99999833
1.0
0.99999976
1.0
0.9999901
0.9999571
0.99982303
1.0
0.99999857
1.0
0.99999976
1.0
1.0
1.0
0.999995
1.0
0.99999416
1.0
0.9999976
1.0
0.9966557
0.9999989
0.9999999
1.0
0.9999958
1.0
1.0
1.0
1.0
1.0
1.0
1.0
1.0
1.0
0.99999976
0.59060353
1.0
1.0
1.0
1.0
0.9999975
0.9986009
0.9999994
1.0
1.0
1.0
0.9999999
1.0
0.99999416
0.9999937
0.9998722
0.99895644
0.999997
1.0
0.9999702
1.0
0.9999999
1.0
0.9999995
0.9999999
0.9944659
1.0
1.0
1.0
1.0
1.0
1.0
1.0
0.99999964
1.0
1.0
0.9971738
1.0
0.9992643
0.9999988
0.99244714
1.0
0.9999994
1.0
0.9999999
1.0
0.9999987
0.99995863
1.0
0.99999833
1.0
1.0
1.0
1.0
1.0
0.99999774
0.99193054
0.9999672
1.0
0.9997626
1.0
0.9907997
1.0
1.0
0.99997807
1.0
1.0
1.0
1.0
1.0
1.0
0.9999999
1.0
1.0
1.0
0.9995202
1.0
0.99999785
1.0
1.0
0.9999777
0.7087831
1.0
0.99999917
1.0
0.99990463
1.0
1.0
0.99999726
0.9986456
0.99999106
0.9999995
0.9999974
0.9999989
1.0
0.99999833
1.0
0.9999974
1.0
0.99580115
1.0
1.0
1.0
0.9999964
1.0
0.9999999
1.0
0.9999354
1.0
1.0
0.9982601
0.99999976
1.0
1.0
1.0
1.0
0.99999964
1.0
0.9999999
0.99999523
1.0
1.0
1.0
1.0
1.0
0.9999987
1.0
1.0
1.0
0.9999994
1.0
1.0
1.0
0.8304691
1.0
0.9998969
0.9999999
1.0
0.9999913
0.9999999
1.0
1.0
1.0
0.99997985
0.9999994
0.99985063
1.0
1.0
1.0
1.0
0.99984455
1.0
1.0
0.7894119
0.9999521
1.0
0.716157
1.0
0.99999976
1.0
0.9998902
0.9977533
0.999998
0.9991456
1.0
1.0
1.0
0.99990416
1.0
0.9999999
1.0
1.0
1.0
1.0
1.0
0.99998
1.0
0.99999964
0.9999999
1.0
1.0
1.0
1.0
0.9999999
0.9999981
1.0
1.0
1.0
1.0
1.0
0.99997485
1.0
0.93552965
1.0
0.9999957
1.0
0.99999976
1.0
1.0
0.999948
1.0
1.0
1.0
0.9981571
0.99999964
1.0
0.99999714
0.98300976
0.9999999
1.0
0.9999975
0.99996185
0.9999999
1.0
0.9999999
1.0
0.99999857
0.99999964
1.0
0.9999695
1.0
1.0
0.9999925
0.9999995
0.99999964
0.9999424
0.9999995
0.6127959
0.9999999
1.0
1.0
0.99922836
1.0
1.0
0.9530666
0.99999404
1.0
1.0
1.0
1.0
0.9999999
0.999992
1.0
1.0
1.0
0.99999976
1.0
1.0
0.9999964
0.9999981
0.99976796
1.0
1.0
1.0
0.99999964
1.0
1.0
0.7593672
1.0
1.0
0.9999378
1.0
1.0
1.0
1.0
1.0
0.99999964
1.0
1.0
1.0
0.9999994
0.66716
1.0
0.99998915
1.0
0.99998116
0.9999945
1.0
1.0
1.0
1.0
1.0
1.0
1.0
1.0
1.0
0.99999905
1.0
1.0
0.9999809
1.0
0.9999337
1.0
1.0
1.0
0.72117794
0.99999285
1.0
1.0
0.9999938
0.99999964
1.0
1.0
0.9999999
1.0
1.0
1.0
0.99999976
1.0
1.0
1.0
0.99999964
0.99998426
1.0
0.99999917
0.99999964
0.9999975
1.0
0.99725795
0.99999523
0.9999999
0.9999999
1.0
1.0
1.0
1.0
1.0
0.99985015
0.99999976
0.99999833
0.9999994
1.0
1.0
1.0
0.9999999
0.9999385
1.0
0.99966276
0.99999976
1.0
1.0
1.0
1.0
1.0
1.0
1.0
0.99993503
1.0
0.9999994
0.9999994
1.0
0.999997
0.9998429
1.0
1.0
0.6274585
1.0
0.99999964
0.99999976
1.0
1.0
1.0
0.9999999
1.0
1.0
1.0
1.0
1.0
0.99988365
0.99999976
1.0
0.9999999
1.0
1.0
1.0
0.9999999
0.9999689
1.0
1.0
0.93345404
0.99999213
0.99999964
1.0
1.0
1.0
0.9999645
0.9999995
0.99975413
1.0
1.0
1.0
0.9999285
0.99999964
1.0
0.9999994
0.999665
0.95936435
0.9999999
1.0
0.9991935
0.9999914
1.0
0.9999981
1.0
1.0
1.0
1.0
0.99971324
0.99999964
1.0
1.0
0.9999536
1.0
1.0
1.0
0.9999578
0.9999956
0.8850522
1.0
0.99999774
0.9999999
1.0
1.0
1.0
1.0
1.0
1.0
1.0
1.0
1.0
1.0
1.0
0.9999939
1.0
0.9999999
1.0
1.0
1.0
1.0
0.98010683
1.0
1.0
1.0
1.0
0.99996483
0.9999994
1.0
0.9999995
1.0
1.0
0.9999914
1.0
1.0
1.0
0.99998987
1.0
1.0
0.99999976
1.0
1.0
1.0
1.0
1.0
0.78042334
0.9999776
1.0
1.0
1.0
1.0
1.0
0.99981874
0.99999857
0.9994691
1.0
1.0
1.0
1.0
1.0
1.0
0.9989617
1.0
0.9999999
0.99999833
1.0
0.9999988
0.9999994
1.0
1.0
1.0
1.0
0.99999034
0.9999999
1.0
0.99517643
0.9961333
0.9999995
0.9999964
1.0
1.0
0.9999987
1.0
0.9999925
0.99997723
0.9999995
1.0
1.0
1.0
1.0
0.99999976
1.0
0.9999999
1.0
0.9999764
0.99990547
1.0
1.0
0.9665013
0.99999547
1.0
0.99999976
1.0
1.0
0.99999917
1.0
1.0
1.0
1.0
1.0
1.0
1.0
0.94426644
1.0
0.9987936
0.99999917
1.0
0.6594585
0.99995697
1.0
0.9999999
1.0
0.99984443
1.0
0.8344763
0.99999833
0.99999785
1.0
0.9999968
1.0
1.0
0.99999976
0.9999999
1.0
1.0
1.0
1.0
1.0
0.9999994
1.0
0.99999976
1.0
1.0
1.0
1.0
0.9999784
1.0
0.999997
0.9999273
0.9998523
1.0
1.0
1.0
0.9999975
1.0
1.0
0.99999654
0.99999976
1.0
0.9999976
1.0
0.99999416
0.999998
1.0
1.0
1.0
1.0
0.9999726
1.0
1.0
1.0
1.0
0.9999999
0.9999995
1.0
1.0
0.9999994
0.99964106
1.0
1.0
0.999785
0.99950695
1.0
1.0
1.0
1.0
1.0
1.0
0.99919313
0.99998474
0.9999962
1.0
1.0
1.0
0.9854154
1.0
1.0
0.9999993
1.0
1.0
1.0
1.0
1.0
1.0
0.9996197
0.99999905
0.99997735
1.0
0.9999999
0.9999999
1.0
1.0
1.0
0.99999976
1.0
1.0
0.99579334
1.0
1.0
1.0
1.0
1.0
0.99999464
0.9999987
1.0
1.0
1.0
0.99953127
0.99959046
1.0
0.9999999
0.9999988
1.0
0.999833
1.0
0.99962664
1.0
1.0
1.0
0.99999475
1.0
1.0
1.0
1.0
0.99999785
1.0
1.0
0.99999964
1.0
1.0
1.0
1.0
1.0
0.99999225
1.0
0.9999999
1.0
1.0
1.0
1.0
1.0
1.0
1.0
1.0
1.0
1.0
1.0
0.9999989
1.0
1.0
1.0
1.0
1.0
0.99999726
1.0
1.0
1.0
1.0
0.99999964
1.0
1.0
1.0
1.0
1.0
0.99999976
1.0
1.0
1.0
1.0
0.99999905
1.0
1.0
1.0
1.0
1.0
1.0
1.0
1.0
1.0
1.0
0.99999976
1.0
1.0
1.0
1.0
0.99999356
0.99999857
1.0
0.9999999
1.0
1.0
1.0
0.99999905
1.0
1.0
1.0
1.0
1.0
1.0
1.0
1.0
0.999995
1.0
0.9999999
0.99999964
1.0
1.0
1.0
1.0
1.0
1.0
1.0
1.0
1.0
1.0
0.9999988
1.0
1.0
0.9999994
1.0
1.0
1.0
1.0
1.0
0.9999999
1.0
0.9999999
1.0
1.0
1.0
1.0
1.0
0.99999785
1.0
1.0
1.0
1.0
1.0
1.0
1.0
1.0
1.0
1.0
1.0
1.0
0.9981773
1.0
1.0
1.0
1.0
1.0
1.0
1.0
0.99999714
1.0
1.0
1.0
1.0
0.99994826
1.0
1.0
1.0
1.0
1.0
1.0
1.0
1.0
1.0
1.0
1.0
0.9999944
1.0
1.0
0.9999993
1.0
1.0
1.0
0.997189
1.0
1.0
0.9999974
1.0
1.0
0.75406104
1.0
0.99999833
1.0
1.0
1.0
1.0
0.99999976
1.0
1.0
1.0
0.99999964
0.9999999
1.0
1.0
0.9999995
1.0
1.0
0.9999999
1.0
1.0
1.0
0.99999976
1.0
1.0
1.0
1.0
1.0
1.0
0.9997882
1.0
1.0
1.0
1.0
0.9964104
1.0
0.99964535
1.0
0.99995005
1.0
1.0
1.0
0.99999857
1.0
1.0
0.99999964
1.0
1.0
1.0
1.0
1.0
1.0
0.9999976
1.0
0.9999995
0.99999976
0.9999937
1.0
1.0
1.0
1.0
1.0
1.0
0.9969097
1.0
1.0
1.0
1.0
0.99999964
1.0
1.0
1.0
1.0
1.0
1.0
1.0
0.9999982
0.9999987
0.99999475
0.99999285
1.0
0.9896319
0.9999999
1.0
1.0
0.99999
0.9999988
1.0
1.0
1.0
0.9999987
1.0
1.0
1.0
1.0
1.0
0.9999821
0.9999993
1.0
1.0
0.9999751
1.0
1.0
0.99378633
0.99998665
0.99999964
1.0
1.0
1.0
1.0
1.0
1.0
1.0
0.9999331
1.0
1.0
1.0
1.0
1.0
1.0
1.0
1.0
1.0
0.9999639
1.0
1.0
1.0
1.0
1.0
1.0
1.0
1.0
1.0
0.99999964
1.0
1.0
1.0
1.0
1.0
1.0
1.0
1.0
1.0
1.0
1.0
1.0
1.0
1.0
1.0
1.0
1.0
1.0
1.0
1.0
1.0
1.0
0.99999964
1.0
1.0
1.0
1.0
1.0
1.0
1.0
1.0
1.0
0.5592952
1.0
1.0
1.0
0.99999845
1.0
1.0
1.0
1.0
1.0
1.0
1.0
0.9999993
1.0
1.0
1.0
1.0
1.0
1.0
1.0
1.0
1.0
1.0
1.0
1.0
1.0
1.0
1.0
1.0
0.9999987
1.0
1.0
1.0
1.0
1.0
1.0
1.0
1.0
1.0
1.0
1.0
1.0
1.0
1.0
0.99999976
1.0
0.9999999
1.0
0.9999999
0.99999964
1.0
0.9999999
1.0
1.0
1.0
1.0
1.0
0.9999999
1.0
1.0
1.0
1.0
1.0
0.99999106
1.0
1.0
0.9999999
1.0
1.0
1.0
0.99999976
1.0
1.0
1.0
0.9999999
1.0
0.9999999
1.0
1.0
1.0
1.0
1.0
1.0
1.0
1.0
0.9999993
0.99998355
1.0
1.0
1.0
1.0
1.0
1.0
0.99999356
1.0
1.0
1.0
1.0
1.0
1.0
1.0
1.0
1.0
1.0
1.0
1.0
1.0
1.0
1.0
1.0
1.0
1.0
0.9999999
1.0
1.0
1.0
0.99999833
1.0
0.99824464
0.9999702
1.0
0.9999995
1.0
1.0
1.0
0.99999976
0.9999143
1.0
0.99999917
1.0
1.0
1.0
1.0
1.0
1.0
1.0
1.0
1.0
1.0
0.9999995
1.0
1.0
1.0
1.0
1.0
1.0
1.0
1.0
1.0
1.0
1.0
1.0
1.0
1.0
1.0
1.0
1.0
1.0
1.0
1.0
0.99999976
1.0
1.0
1.0
1.0
1.0
1.0
1.0
1.0
1.0
1.0
0.9999999
1.0
1.0
0.99999905
1.0
1.0
1.0
1.0
0.9999999
1.0
1.0
1.0
1.0
1.0
1.0
1.0
1.0
0.9990854
1.0
1.0
0.99999166
0.99999464
1.0
0.9999999
1.0
0.99993145
1.0
1.0
0.99999964
1.0
1.0
1.0
1.0
1.0
1.0
0.9999938
1.0
1.0
1.0
1.0
1.0
1.0
1.0
1.0
0.9999981
0.9997925
0.9999995
1.0
1.0
1.0
1.0
1.0
0.99999857
1.0
1.0
1.0
1.0
1.0
1.0
0.9999999
1.0
1.0
0.9999943
0.99999857
1.0
1.0
1.0
0.99997973
1.0
1.0
1.0
0.9999962
1.0
1.0
1.0
1.0
0.99999654
1.0
0.99996424
1.0
0.9999881
0.9999999
1.0
1.0
0.9944115
0.9999999
1.0
1.0
1.0
1.0
0.9999999
0.9999999
0.99999523
1.0
1.0
0.9999994
1.0
1.0
0.9979158
1.0
0.99999833
0.99996483
1.0
0.9999999
1.0
0.99999297
1.0
1.0
0.9999999
1.0
0.99999976
0.99921155
0.9999994
1.0
1.0
0.9999981
1.0
0.99999964
0.99999917
1.0
1.0
0.9974721
1.0
1.0
0.9999975
0.9999993
1.0
1.0
0.9999987
0.99999833
1.0
1.0
0.95975804
1.0
0.99988115
0.9999975
0.9999999
0.99990714
1.0
0.99999726
0.9998845
0.9999995
1.0
1.0
1.0
0.9999988
0.9999957
0.9998553
1.0
1.0
1.0
0.99999905
0.9988412
0.9999989
1.0
1.0
1.0
1.0
1.0
1.0
0.9999999
1.0
0.9999999
1.0
1.0
0.99999976
1.0
1.0
1.0
1.0
1.0
1.0
0.9999999
1.0
0.9999714
0.99999857
0.99974173
0.99999964
1.0
1.0
1.0
0.99998176
1.0
1.0
1.0
1.0
0.99999845
1.0
1.0
0.9999888
1.0
1.0
1.0
1.0
0.9999988
1.0
0.99999976
0.9999999
0.9999999
1.0
1.0
0.9999964
0.99999976
0.9999999
1.0
0.99999917
0.9999814
0.9999949
1.0
1.0
1.0
1.0
0.99998975
1.0
1.0
0.9999989
1.0
0.9999888
0.99997663
1.0
1.0
1.0
1.0
1.0
0.9999999
1.0
0.9999993
1.0
1.0
0.99998844
0.9999945
1.0
0.99990535
0.9923586
0.9877828
1.0
1.0
1.0
0.9999999
1.0
0.999998
0.9999994
1.0
0.99955326
1.0
1.0
1.0
0.7997254
1.0
1.0
0.9908902
1.0
1.0
1.0
0.99999917
1.0
1.0
1.0
1.0
1.0
1.0
0.9999999
1.0
1.0
1.0
1.0
1.0
0.9999999
1.0
1.0
1.0
0.9998957
1.0
1.0
1.0
1.0
0.99999166
1.0
1.0
1.0
1.0
1.0
0.9999995
1.0
1.0
1.0
1.0
1.0
0.9999999
1.0
1.0
1.0
1.0
1.0
1.0
1.0
1.0
1.0
0.9999968
0.9999913
0.9999993
1.0
1.0
1.0
0.9999981
1.0
1.0
1.0
1.0
1.0
1.0
1.0
1.0
1.0
1.0
1.0
1.0
1.0
1.0
0.9999999
1.0
0.9999999
1.0
1.0
1.0
0.9980349
0.99962115
1.0
0.99999833
1.0
1.0
1.0
1.0
0.99993837
1.0
1.0
1.0
1.0
1.0
0.9999919
1.0
1.0
1.0
1.0
1.0
1.0
1.0
1.0
1.0
1.0
1.0
1.0
1.0
1.0
1.0
1.0
1.0
1.0
1.0
1.0
1.0
1.0
1.0
1.0
1.0
1.0
1.0
1.0
1.0
0.9999999
1.0
1.0
1.0
1.0
1.0
0.9999745
1.0
1.0
1.0
1.0
1.0
1.0
1.0
0.9999976
1.0
0.99884546
0.9358632
1.0
0.9998661
0.99999785
1.0
1.0
1.0
1.0
1.0
0.99999523
1.0
0.99999976
1.0
1.0
1.0
0.99999964
1.0
1.0
0.99997497
1.0
1.0
1.0
1.0
1.0
0.9999938
1.0
1.0
1.0
0.9999995
1.0
1.0
0.99999976
1.0
0.999998
0.99999964
1.0
0.9999999
1.0
0.9999987
1.0
1.0
0.9999999
1.0
1.0
1.0
0.9999999
0.9999368
0.9999825
0.9849162
0.9877772
1.0
0.99798536
1.0
1.0
1.0
0.9999999
1.0
1.0
1.0
1.0
1.0
0.9998641
0.9999982
0.9999931
1.0
0.99999976
1.0
0.98681843
1.0
1.0
1.0
0.99676275
1.0
0.9998617
1.0
0.9999298
1.0
0.99999714
1.0
1.0
1.0
1.0
0.99999976
0.99999964
0.99999666
0.9999769
0.99999905
0.9999956
0.99999964
0.99999857
0.9999976
1.0
0.9999974
0.99979264
0.996249
0.99999917
0.9999937
0.9999968
0.99999976
0.9998585
0.9999906
0.99999905
1.0
0.9999995
0.9996501
0.99999964
1.0
1.0
0.9999964
0.9997812
0.99998474
0.9999908
0.99986637
1.0
0.9999927
1.0
0.9987821
0.99999917
0.9976732
0.99994755
0.9999957
0.99999785
0.9999974
0.99992585
0.99999917
1.0
1.0
1.0
1.0
1.0
1.0
1.0
0.99987674
1.0
0.9999994
0.9996389
0.99999964
0.9999999
0.9547598
0.9999994
0.999998
0.9999995
1.0
0.99999785
1.0
1.0
1.0
0.993885
1.0
0.9999907
0.999997
1.0
0.99999285
1.0
0.99997354
1.0
0.9999999
0.9999969
1.0
1.0
0.999954
1.0
0.9999505
1.0
1.0
0.99999905
0.99993885
1.0
0.9999993
1.0
1.0
0.99992895
1.0
1.0
1.0
1.0
1.0
0.99999106
1.0
1.0
1.0
1.0
1.0
0.993174
0.9999933
1.0
1.0
1.0
1.0
1.0
1.0
1.0
0.9999999
0.805633
0.99999905
1.0
1.0
1.0
1.0
1.0
1.0
1.0
1.0
0.9056568
1.0
0.99999964
1.0
1.0
1.0
1.0
1.0
1.0
1.0
0.9999964
1.0
1.0
1.0
1.0
1.0
1.0
1.0
1.0
1.0
1.0
0.9545411
1.0
1.0
1.0
1.0
1.0
1.0
1.0
1.0
1.0
1.0
1.0
0.9999918
1.0
0.9999517
1.0
1.0
1.0
1.0
1.0
1.0
1.0
1.0
1.0
1.0
0.99999976
1.0
1.0
1.0
1.0
1.0
1.0
1.0
1.0
1.0
0.9999999
1.0
1.0
1.0
1.0
1.0
1.0
1.0
1.0
1.0
0.99573493
1.0
1.0
1.0
0.9999863
1.0
1.0
1.0
1.0
0.45048955
1.0
0.99928564
1.0
1.0
1.0
0.6041827
0.8987064
0.999995
1.0
1.0
1.0
1.0
1.0
1.0
1.0
1.0
1.0
1.0
1.0
1.0
1.0
1.0
1.0
1.0
1.0
1.0
1.0
1.0
1.0
1.0
1.0
1.0
1.0
0.9999999
1.0
1.0
1.0
1.0
1.0
1.0
1.0
1.0
1.0
1.0
1.0
1.0
1.0
1.0
1.0
1.0
1.0
1.0
1.0
1.0
1.0
1.0
1.0
1.0
1.0
1.0
1.0
0.99999964
1.0
0.99999976
1.0
1.0
1.0
1.0
1.0
1.0
1.0
1.0
1.0
1.0
1.0
1.0
0.9999902
1.0
1.0
1.0
1.0
1.0
1.0
0.9999987
1.0
1.0
1.0
1.0
1.0
1.0
1.0
1.0
1.0
1.0
1.0
1.0
1.0
1.0
1.0
1.0
1.0
1.0
1.0
1.0
1.0
1.0
1.0
1.0
1.0
1.0
1.0
1.0
1.0
1.0
1.0
1.0
1.0
1.0
1.0
1.0
1.0
1.0
1.0
1.0
1.0
1.0
1.0
1.0
1.0
1.0
1.0
1.0
1.0
1.0
1.0
1.0
1.0
1.0
1.0
1.0
1.0
1.0
0.99999964
1.0
1.0
1.0
1.0
1.0
1.0
1.0
1.0
1.0
1.0
1.0
1.0
1.0
1.0
1.0
1.0
1.0
1.0
1.0
1.0
1.0
1.0
1.0
1.0
1.0
1.0
1.0
1.0
0.99999976
1.0
1.0
1.0
1.0
1.0
0.9999218
1.0
1.0
0.9998987
1.0
1.0
1.0
0.999987
1.0
1.0
1.0
1.0
0.9999999
1.0
1.0
1.0
1.0
1.0
1.0
1.0
1.0
1.0
1.0
1.0
1.0
1.0
1.0
1.0
1.0
1.0
1.0
1.0
0.9999957
1.0
1.0
1.0
1.0
1.0
1.0
1.0
1.0
1.0
1.0
1.0
1.0
1.0
1.0
0.9999827
1.0
0.99821484
1.0
1.0
1.0
1.0
0.99995375
1.0
0.99999857
0.99999607
1.0
1.0
1.0
1.0
1.0
1.0
0.9999988
0.9999964
0.99999976
0.9995034
1.0
1.0
1.0
1.0
1.0
1.0
0.99998987
1.0
0.99999654
1.0
0.9999999
1.0
0.9999999
1.0
0.996603
1.0
0.9999101
1.0
1.0
1.0
1.0
1.0
1.0
1.0
1.0
1.0
1.0
1.0
1.0
0.9999994
1.0
0.9999993
0.99999595
1.0
1.0
1.0
1.0
1.0
1.0
1.0
0.99999917
1.0
1.0
1.0
1.0
1.0
0.9999999
1.0
1.0
1.0
1.0
1.0
1.0
1.0
1.0
1.0
1.0
1.0
1.0
0.99999607
1.0
1.0
1.0
1.0
1.0
1.0
1.0
1.0
0.99995077
1.0
1.0
1.0
1.0
1.0
1.0
0.9999995
1.0
1.0
1.0
1.0
1.0
1.0
1.0
0.99999034
0.9999999
1.0
1.0
1.0
1.0
1.0
1.0
1.0
1.0
0.9694588
1.0
1.0
1.0
1.0
1.0
1.0
0.9999988
1.0
1.0
1.0
1.0
0.9999995
1.0
1.0
1.0
1.0
1.0
0.99999976
1.0
1.0
0.9999968
1.0
0.99999917
1.0
1.0
1.0
0.9496886
1.0
1.0
1.0
1.0
0.9999999
0.999736
0.9999989
0.99999225
1.0
1.0
1.0
0.9996376
1.0
0.9999442
1.0
0.9999999
0.99999976
1.0
1.0
1.0
0.99999654
0.9590718
0.6943804
0.99999976
0.99987507
0.9736292
0.9999999
0.93041027
0.90765125
1.0
1.0
1.0
0.9999939
1.0
0.99999607
0.99953747
0.99994516
0.9999629
0.6100554
0.97016656
0.99999106
0.9927797
0.9999902
0.97016364
0.9999994
0.98899066
0.9999999
0.9999242
1.0
1.0
0.9999999
0.9999956
1.0
0.9999995
1.0
1.0
1.0
0.9999689
0.9999999
0.97769356
1.0
1.0
1.0
0.9999455
0.72315425
0.9427128
0.74143547
0.99999964
1.0
0.99975103
0.998489
1.0
0.99890244
1.0
1.0
0.99940896
0.9999987
0.9999995
1.0
1.0
0.9999713
0.99937516
0.9986732
1.0
0.99948895
0.9999503
1.0
1.0
0.99991655
0.99995756
0.99999964
0.99999857
0.43791652
1.0
0.9999995
0.99998665
0.9999999
1.0
0.99915004
0.99823725
1.0
1.0
1.0
0.99999917
0.99999976
1.0
1.0
1.0
1.0
1.0
0.9999999
1.0
0.99999917
1.0
1.0
1.0
1.0
0.9999994
0.6262115
1.0
1.0
1.0
1.0
0.9999999
1.0
1.0
1.0
1.0
1.0
0.99999964
1.0
1.0
1.0
1.0
1.0
1.0
1.0
1.0
1.0
0.99999917
1.0
1.0
1.0
1.0
0.9999993
1.0
1.0
1.0
1.0
1.0
1.0
1.0
1.0
1.0
1.0
1.0
1.0
1.0
0.99999726
0.99999905
1.0
0.9999999
1.0
1.0
1.0
1.0
1.0
1.0
1.0
1.0
1.0
1.0
1.0
0.9999926
1.0
1.0
0.9999995
0.9999995
1.0
1.0
1.0
1.0
1.0
1.0
1.0
0.9999988
1.0
1.0
0.9999442
1.0
1.0
1.0
0.9999995
1.0
1.0
1.0
1.0
1.0
1.0
0.99999905
1.0
1.0
1.0
1.0
1.0
1.0
1.0
0.9940083
0.9999994
1.0
1.0
0.99976236
0.99999607
1.0
0.999913
1.0
0.99999976
1.0
1.0
1.0
0.9999981
1.0
0.99981695
0.9999784
1.0
1.0
1.0
0.99999976
1.0
1.0
1.0
1.0
1.0
1.0
1.0
0.9999995
0.9999995
1.0
1.0
1.0
1.0
1.0
1.0
1.0
1.0
1.0
1.0
0.9999999
1.0
1.0
0.7972325
0.99998355
0.99999714
1.0
0.9999993
0.99999976
1.0
1.0
1.0
1.0
0.99999964
1.0
1.0
0.9999974
1.0
1.0
1.0
1.0
0.9999999
1.0
1.0
1.0
1.0
0.9999999
0.9997341
0.9999976
1.0
1.0
0.99999225
1.0
1.0
1.0
1.0
1.0
0.99975723
0.9999968
1.0
1.0
1.0
1.0
1.0
1.0
0.9999999
1.0
0.999995
1.0
1.0
1.0
1.0
1.0
1.0
1.0
0.9999999
1.0
1.0
1.0
0.99999964
0.9999999
0.99999964
1.0
1.0
1.0
0.9999999
1.0
0.9704305
1.0
1.0
1.0
1.0
0.9999974
1.0
1.0
1.0
1.0
1.0
1.0
1.0
1.0
1.0
1.0
1.0
1.0
1.0
1.0
1.0
1.0
1.0
0.9999994
1.0
1.0
1.0
1.0
1.0
1.0
1.0
0.9999945
1.0
1.0
1.0
1.0
0.99876106
1.0
1.0
0.9999989
0.9999994
1.0
1.0
1.0
0.99999964
1.0
1.0
0.99999917
0.99602616
1.0
1.0
1.0
0.99999404
1.0
1.0
0.9999994
0.99999964
1.0
0.99999976
0.9999716
1.0
1.0
1.0
0.9982845
1.0
0.99999976
1.0
0.9999733
1.0
0.99999845
1.0
1.0
0.9998566
1.0
1.0
1.0
0.9999989
1.0
0.9999988
0.99999976
1.0
1.0
1.0
1.0
1.0
1.0
1.0
1.0
1.0
0.9999999
0.9999999
1.0
1.0
0.9999981
1.0
1.0
1.0
0.9999995
0.9999826
1.0
1.0
1.0
1.0
1.0
1.0
1.0
1.0
0.9999945
1.0
1.0
1.0
1.0
1.0
1.0
1.0
0.99998355
1.0
1.0
1.0
1.0
0.9999999
1.0
1.0
1.0
0.99999976
1.0
1.0
1.0
1.0
1.0
1.0
1.0
1.0
0.9999993
1.0
1.0
1.0
0.9999999
1.0
1.0
1.0
1.0
1.0
1.0
1.0
1.0
1.0
1.0
1.0
0.9999999
1.0
0.99996567
1.0
1.0
1.0
1.0
1.0
1.0
1.0
1.0
1.0
0.9999511
1.0
1.0
1.0
1.0
1.0
1.0
1.0
1.0
1.0
1.0
1.0
1.0
1.0
1.0
1.0
1.0
0.99999976
1.0
1.0
0.9999969
1.0
0.9999902
0.99999976
1.0
1.0
1.0
1.0
1.0
0.99999905
1.0
1.0
1.0
1.0
1.0
0.99999905
0.9999999
1.0
1.0
1.0
1.0
0.99995565
1.0
1.0
1.0
1.0
0.9999355
1.0
1.0
1.0
1.0
1.0
1.0
0.9999999
1.0
1.0
0.99999416
1.0
1.0
1.0
1.0
1.0
1.0
0.99988437
0.9999999
1.0
1.0
1.0
1.0
1.0
1.0
0.99999976
1.0
0.9999914
1.0
1.0
0.9999999
1.0
1.0
1.0
1.0
0.9999417
1.0
1.0
1.0
1.0
0.9999323
0.9999497
1.0
1.0
0.9999999
0.9999999
1.0
1.0
1.0
1.0
1.0
1.0
0.9999993
0.9999615
0.9999999
1.0
1.0
1.0
1.0
1.0
1.0
0.99999976
1.0
1.0
1.0
1.0
1.0
0.9996979
1.0
1.0
1.0
1.0
1.0
1.0
0.99999976
1.0
1.0
1.0
0.9999459
1.0
1.0
0.99999213
0.9999975
1.0
1.0
1.0
1.0
1.0
1.0
1.0
1.0
1.0
1.0
1.0
0.99993443
1.0
1.0
1.0
1.0
1.0
0.9953347
1.0
1.0
1.0
1.0
1.0
1.0
1.0
1.0
1.0
1.0
1.0
1.0
1.0
1.0
1.0
1.0
1.0
1.0
1.0
0.9999999
1.0
1.0
1.0
1.0
0.9999999
1.0
1.0
0.9999999
1.0
1.0
1.0
1.0
1.0
1.0
1.0
1.0
1.0
1.0
1.0
1.0
0.9999989
1.0
1.0
0.9999305
1.0
1.0
1.0
1.0
1.0
0.9999999
1.0
1.0
1.0
0.9999982
1.0
0.9999974
1.0
0.9998671
1.0
1.0
1.0
0.5696269
1.0
1.0
1.0
0.9999988
1.0
1.0
0.99999976
1.0
0.9999982
0.9999999
1.0
1.0
0.99999905
1.0
0.9999999
1.0
0.9999925
1.0
0.9985038
1.0
1.0
1.0
1.0
0.9991234
0.9999995
1.0
1.0
1.0
0.9999982
1.0
1.0
1.0
0.99992085
1.0
1.0
1.0
1.0
1.0
1.0
1.0
1.0
0.9999999
0.9999999
1.0
1.0
1.0
1.0
1.0
0.9999993
1.0
0.9999999
0.9999864
1.0
1.0
0.99998665
1.0
1.0
1.0
1.0
1.0
1.0
0.99997294
1.0
1.0
1.0
1.0
1.0
1.0
1.0
1.0
1.0
0.9999832
1.0
1.0
0.9999999
1.0
1.0
1.0
1.0
1.0
1.0
0.9999994
1.0
1.0
1.0
1.0
1.0
1.0
1.0
1.0
1.0
1.0
0.99990404
1.0
1.0
1.0
1.0
1.0
1.0
1.0
1.0
0.9999999
1.0
1.0
1.0
0.99999976
1.0
1.0
1.0
1.0
1.0
1.0
1.0
1.0
1.0
1.0
1.0
1.0
1.0
0.9999999
1.0
1.0
1.0
1.0
1.0
1.0
1.0
1.0
1.0
1.0
0.9999999
1.0
0.9999989
1.0
1.0
1.0
1.0
0.9994646
1.0
1.0
1.0
1.0
1.0
1.0
1.0
1.0
1.0
1.0
1.0
1.0
1.0
1.0
1.0
1.0
1.0
1.0
1.0
1.0
1.0
1.0
0.9999999
1.0
0.9999999
0.999997
1.0
0.9999999
1.0
0.9999925
1.0
1.0
1.0
1.0
1.0
0.99999976
1.0
1.0
1.0
1.0
1.0
1.0
1.0
1.0
1.0
0.99999964
0.99999976
1.0
0.9999989
0.99999917
0.9999999
1.0
1.0
1.0
1.0
0.99998844
1.0
1.0
0.9999958
1.0
1.0
1.0
1.0
1.0
1.0
1.0
1.0
1.0
0.9999988
1.0
1.0
0.9999999
0.9999995
1.0
1.0
0.9999999
0.9999999
0.9999763
1.0
0.9998022
1.0
1.0
0.9999969
1.0
1.0
1.0
0.99998474
1.0
1.0
1.0
0.9999999
0.9999999
0.9999981
1.0
1.0
1.0
0.99364024
1.0
1.0
1.0
1.0
1.0
0.9999994
1.0
1.0
1.0
0.99994934
0.9999999
1.0
1.0
1.0
1.0
1.0
1.0
1.0
1.0
0.9999999
0.9528255
0.9999999
1.0
1.0
0.9999924
1.0
1.0
1.0
1.0
1.0
1.0
0.99999106
1.0
1.0
1.0
1.0
1.0
1.0
1.0
0.99999857
0.99770147
1.0
1.0
1.0
1.0
1.0
0.9999161
1.0
1.0
1.0
1.0
0.9999995
1.0
0.9999994
1.0
1.0
1.0
1.0
1.0
0.99999845
1.0
1.0
0.9999993
0.9999989
1.0
1.0
1.0
1.0
1.0
1.0
1.0
1.0
0.9999995
1.0
1.0
1.0
1.0
1.0
1.0
1.0
1.0
1.0
0.9999999
1.0
1.0
1.0
0.99999976
0.9999999
1.0
1.0
1.0
1.0
1.0
0.9999981
1.0
1.0
1.0
1.0
1.0
1.0
0.99999833
1.0
1.0
0.99999857
1.0
0.9999999
0.99999976
1.0
1.0
1.0
1.0
1.0
1.0
0.99993515
1.0
1.0
1.0
0.9999988
1.0
0.99999976
1.0
0.9999999
0.9997538
1.0
1.0
1.0
1.0
0.9999974
0.9999877
1.0
1.0
1.0
1.0
1.0
0.9999988
1.0
1.0
1.0
1.0
1.0
1.0
1.0
0.9999993
1.0
1.0
1.0
1.0
1.0
1.0
1.0
1.0
1.0
1.0
0.9999999
0.9999933
0.9999999
1.0
1.0
0.9999999
1.0
0.9999999
1.0
1.0
1.0
0.99999976
1.0
1.0
0.9998536
1.0
1.0
1.0
1.0
1.0
0.99999976
1.0
0.99992883
1.0
1.0
1.0
0.9999999
1.0
1.0
0.99999976
1.0
0.99999833
0.9999895
0.99997187
1.0
0.99999976
0.9999995
1.0
1.0
1.0
1.0
1.0
1.0
1.0
1.0
1.0
0.99999964
0.9999999
1.0
1.0
1.0
0.99999976
0.9999999
1.0
1.0
1.0
1.0
1.0
1.0
1.0
1.0
1.0
1.0
1.0
1.0
1.0
0.99981755
0.99999356
1.0
1.0
1.0
1.0
1.0
1.0
0.9999994
0.9999863
1.0
1.0
0.9999666
1.0
1.0
1.0
0.99999976
0.99999917
1.0
1.0
1.0
0.99999976
0.99999297
1.0
0.9999999
1.0
0.999998
1.0
1.0
1.0
1.0
0.9999989
1.0
1.0
1.0
1.0
1.0
1.0
1.0
1.0
0.9999993
1.0
1.0
1.0
1.0
1.0
1.0
1.0
1.0
0.99999785
1.0
1.0
1.0
1.0
1.0
1.0
1.0
1.0
1.0
1.0
1.0
1.0
1.0
1.0
0.999982
0.9999511
1.0
1.0
1.0
1.0
1.0
1.0
1.0
1.0
1.0
0.99999666
0.9999999
1.0
1.0
1.0
1.0
1.0
1.0
1.0
1.0
1.0
1.0
1.0
1.0
1.0
1.0
1.0
1.0
1.0
1.0
1.0
1.0
1.0
1.0
1.0
1.0
1.0
1.0
1.0
1.0
1.0
1.0
1.0
1.0
1.0
1.0
1.0
1.0
1.0
1.0
0.9999995
1.0
1.0
1.0
1.0
0.9999995
1.0
1.0
1.0
0.9999999
1.0
0.9999994
1.0
0.99999964
0.99999726
1.0
1.0
1.0
1.0
1.0
1.0
1.0
1.0
1.0
1.0
1.0
1.0
0.9997625
1.0
1.0
1.0
0.99999976
1.0
1.0
0.9999883
0.9999974
1.0
0.9999994
1.0
1.0
0.9999993
1.0
1.0
1.0
0.99999917
1.0
1.0
1.0
1.0
1.0
1.0
0.9999993
1.0
0.9999976
1.0
0.9999993
0.9999721
1.0
1.0
0.99951184
1.0
0.99999976
1.0
0.98485655
0.9999964
0.9999943
1.0
0.9999442
1.0
1.0
0.99999917
0.99999905
0.9999989
0.99999857
0.9999987
1.0
1.0
1.0
0.9999999
1.0
1.0
1.0
1.0
1.0
0.9999999
1.0
1.0
1.0
1.0
1.0
0.9999999
1.0
1.0
1.0
1.0
1.0
1.0
1.0
1.0
1.0
0.9996474
0.9999999
1.0
1.0
1.0
1.0
1.0
1.0
1.0
1.0
1.0
1.0
0.99999976
0.9999995
1.0
1.0
0.9999794
1.0
1.0
0.9999999
1.0
1.0
1.0
1.0
1.0
1.0
1.0
1.0
1.0
0.9999949
1.0
0.9999989
0.9999901
1.0
1.0
0.99999774
1.0
1.0
1.0
0.99999607
1.0
0.99999654
0.9999832
1.0
1.0
1.0
1.0
1.0
1.0
1.0
1.0
1.0
1.0
1.0
1.0
1.0
1.0
1.0
1.0
0.9999987
1.0
1.0
1.0
1.0
1.0
1.0
0.99997914
1.0
1.0
1.0
1.0
1.0
1.0
1.0
1.0
1.0
1.0
1.0
0.9999852
1.0
1.0
1.0
1.0
1.0
1.0
0.9999057
1.0
1.0
1.0
1.0
1.0
1.0
0.9999999
1.0
1.0
1.0
1.0
1.0
1.0
1.0
0.9999999
1.0
1.0
1.0
1.0
0.99956816
1.0
1.0
0.99999964
1.0
1.0
1.0
1.0
0.99998915
1.0
1.0
1.0
0.99999976
1.0
1.0
1.0
1.0
1.0
1.0
1.0
1.0
1.0
1.0
1.0
1.0
0.99999976
1.0
1.0
1.0
0.9998698
1.0
1.0
1.0
1.0
1.0
1.0
1.0
0.9999988
1.0
0.9999999
1.0
1.0
1.0
1.0
1.0
1.0
1.0
1.0
1.0
1.0
1.0
1.0
0.9999999
0.9999987
1.0
1.0
0.99999774
1.0
1.0
1.0
1.0
1.0
1.0
1.0
1.0
1.0
1.0
1.0
0.9190566
1.0
0.9998584
1.0
1.0
0.99999833
0.99994075
0.99999964
1.0
1.0
0.99942565
1.0
0.9999927
1.0
1.0
1.0
0.99999833
1.0
1.0
0.9999995
0.99984324
1.0
0.9999393
1.0
1.0
0.9998933
1.0
1.0
1.0
1.0
1.0
1.0
0.99999595
0.9997651
0.9994369
0.9742788
0.9999683
1.0
0.9999999
1.0
1.0
1.0
0.99999297
0.99999833
1.0
0.99999976
0.99999726
0.9999896
0.9999999
1.0
0.9999982
0.9998709
1.0
1.0
1.0
1.0
0.9999943
1.0
1.0
1.0
1.0
1.0
1.0
1.0
1.0
1.0
1.0
0.99999845
1.0
0.9935474
1.0
1.0
1.0
1.0
1.0
1.0
1.0
0.9999976
1.0
1.0
1.0
1.0
1.0
1.0
0.9999999
1.0
1.0
1.0
1.0
1.0
1.0
0.9999995
0.9999994
1.0
0.9999999
1.0
1.0
1.0
1.0
1.0
1.0
1.0
1.0
1.0
0.9999999
1.0
0.99999595
1.0
1.0
1.0
1.0
1.0
1.0
0.9999995
1.0
1.0
1.0
1.0
1.0
1.0
0.9999999
1.0
0.999974
0.945037
0.9999999
1.0
0.9999999
1.0
1.0
1.0
1.0
1.0
1.0
1.0
1.0
1.0
1.0
0.99998796
1.0
0.9999989
1.0
1.0
1.0
1.0
0.99999964
1.0
1.0
1.0
1.0
1.0
1.0
1.0
1.0
0.99999917
0.99999976
1.0
1.0
1.0
0.99992454
0.9999999
1.0
1.0
1.0
1.0
1.0
1.0
1.0
1.0
0.99999976
0.9999981
1.0
0.9999999
1.0
1.0
1.0
1.0
1.0
1.0
1.0
1.0
1.0
1.0
1.0
1.0
0.99939215
1.0
0.9999999
0.9992787
1.0
1.0
1.0
0.9999994
1.0
1.0
1.0
0.9999999
1.0
1.0
1.0
1.0
0.99970067
0.99999964
1.0
0.99999845
1.0
1.0
0.9999976
1.0
1.0
1.0
1.0
1.0
1.0
1.0
0.9938705
0.9999999
0.999997
1.0
0.99999857
0.99931383
0.99998343
1.0
1.0
1.0
0.9999995
0.99999976
1.0
0.9999999
1.0
0.99998045
1.0
1.0
1.0
1.0
1.0
1.0
1.0
1.0
1.0
1.0
0.99999976
1.0
1.0
1.0
1.0
0.9999999
1.0
1.0
1.0
1.0
1.0
0.99999905
0.9651411
1.0
1.0
1.0
0.99999297
0.9996536
1.0
1.0
0.99999964
0.9999957
0.999938
0.99999535
0.9999988
1.0
0.96117336
0.9996896
0.9999987
1.0
1.0
1.0
1.0
0.99987185
1.0
0.9999882
0.9999999
1.0
1.0
1.0
0.99999094
1.0
1.0
1.0
1.0
1.0
1.0
1.0
1.0
1.0
0.9999999
1.0
0.9999993
1.0
1.0
0.9999999
1.0
1.0
1.0
0.99999964
1.0
1.0
1.0
0.99999976
1.0
1.0
1.0
1.0
1.0
1.0
1.0
1.0
1.0
0.9999995
0.9999999
0.99999833
0.99999976
0.9999536
1.0
1.0
1.0
1.0
1.0
0.9727128
0.99999976
1.0
1.0
1.0
1.0
1.0
0.9999995
1.0
0.9999993
1.0
1.0
1.0
1.0
1.0
0.99999976
1.0
1.0
1.0
1.0
1.0
1.0
1.0
1.0
0.9998105
1.0
0.58001137
1.0
0.99999106
1.0
1.0
1.0
1.0
1.0
1.0
1.0
1.0
1.0
1.0
1.0
0.9999989
1.0
1.0
0.99999654
0.9988274
1.0
1.0
1.0
1.0
0.99999964
1.0
1.0
1.0
1.0
1.0
1.0
1.0
1.0
1.0
1.0
1.0
1.0
1.0
1.0
1.0
1.0
1.0
1.0
1.0
1.0
1.0
1.0
1.0
1.0
1.0
1.0
1.0
0.99999785
1.0
1.0
1.0
1.0
1.0
1.0
1.0
1.0
0.99999976
0.9999995
1.0
1.0
1.0
1.0
1.0
1.0
0.99999356
1.0
1.0
0.9999999
1.0
1.0
1.0
1.0
1.0
1.0
0.99999845
1.0
1.0
1.0
1.0
1.0
1.0
1.0
1.0
0.99998593
1.0
0.9999982
0.99999976
1.0
1.0
1.0
0.9999558
0.99999976
0.99997294
1.0
0.9999852
1.0
0.9998129
0.99993706
0.9999974
1.0
1.0
0.9999968
1.0
1.0
1.0
1.0
1.0
0.99992406
0.9616465
0.99999976
0.9999869
0.9937728
0.99999976
0.99999535
1.0
0.98548996
1.0
1.0
0.9999999
1.0
1.0
1.0
0.9999931
1.0
0.9999994
0.9999999
1.0
1.0
0.9999994
0.9999937
1.0
0.99999964
1.0
0.99999774
1.0
1.0
1.0
1.0
1.0
1.0
1.0
1.0
1.0
1.0
1.0
0.99999917
0.99999964
1.0
1.0
1.0
1.0
1.0
1.0
0.9999989
1.0
1.0
1.0
1.0
1.0
1.0
1.0
1.0
1.0
1.0
1.0
1.0
1.0
1.0
1.0
1.0
1.0
1.0
0.9991736
1.0
1.0
1.0
1.0
1.0
0.99999976
1.0
1.0
0.9999846
1.0
0.9999999
1.0
1.0
1.0
1.0
1.0
1.0
0.9999999
1.0
1.0
1.0
1.0
0.9999982
1.0
1.0
1.0
1.0
1.0
1.0
1.0
0.9999995
1.0
1.0
1.0
1.0
1.0
1.0
1.0
0.99999714
1.0
1.0
1.0
1.0
1.0
1.0
1.0
1.0
1.0
1.0
0.9999999
1.0
1.0
0.99999714
1.0
1.0
1.0
1.0
1.0
1.0
1.0
1.0
1.0
1.0
1.0
1.0
1.0
1.0
1.0
0.9999982
1.0
1.0
1.0
1.0
1.0
1.0
1.0
1.0
1.0
1.0
1.0
0.9999999
1.0
1.0
1.0
1.0
1.0
1.0
1.0
1.0
1.0
1.0
1.0
1.0
1.0
1.0
0.99999917
1.0
1.0
1.0
1.0
1.0
1.0
1.0
1.0
1.0
0.9999999
1.0
1.0
1.0
1.0
1.0
1.0
1.0
1.0
1.0
0.9999999
1.0
1.0
1.0
1.0
0.9999995
1.0
1.0
1.0
1.0
1.0
1.0
1.0
1.0
1.0
1.0
1.0
1.0
1.0
1.0
1.0
1.0
1.0
1.0
1.0
1.0
1.0
1.0
1.0
1.0
1.0
1.0
1.0
1.0
1.0
1.0
1.0
1.0
0.9997745
1.0
1.0
1.0
1.0
1.0
1.0
1.0
1.0
1.0
1.0
1.0
1.0
1.0
1.0
1.0
1.0
1.0
0.9999993
1.0
1.0
0.9999999
1.0
1.0
1.0
1.0
1.0
1.0
1.0
1.0
1.0
1.0
1.0
1.0
1.0
1.0
1.0
1.0
1.0
1.0
1.0
1.0
1.0
0.99999976
1.0
1.0
1.0
1.0
1.0
1.0
1.0
1.0
1.0
1.0
1.0
1.0
1.0
1.0
1.0
1.0
1.0
1.0
1.0
1.0
1.0
1.0
1.0
1.0
1.0
0.99999857
1.0
1.0
1.0
1.0
1.0
1.0
1.0
1.0
1.0
1.0
1.0
1.0
1.0
1.0
1.0
1.0
1.0
1.0
1.0
1.0
1.0
1.0
1.0
1.0
1.0
1.0
1.0
1.0
1.0
1.0
1.0
1.0
1.0
1.0
1.0
1.0
1.0
1.0
0.99998474
1.0
1.0
1.0
1.0
1.0
1.0
1.0
1.0
1.0
1.0
1.0
1.0
0.9999999
1.0
1.0
1.0
1.0
1.0
1.0
1.0
1.0
0.9999999
1.0
1.0
1.0
1.0
1.0
1.0
1.0
1.0
1.0
1.0
1.0
1.0
1.0
0.996644
1.0
1.0
1.0
1.0
0.9999999
1.0
0.9999995
1.0
1.0
1.0
1.0
1.0
1.0
1.0
1.0
1.0
1.0
0.9999999
1.0
1.0
1.0
1.0
1.0
0.9999989
1.0
1.0
1.0
1.0
1.0
1.0
0.9999845
1.0
1.0
1.0
1.0
1.0
1.0
1.0
1.0
1.0
1.0
1.0
1.0
1.0
1.0
1.0
1.0
1.0
1.0
1.0
1.0
1.0
1.0
1.0
1.0
1.0
1.0
1.0
1.0
0.99999964
1.0
1.0
1.0
1.0
1.0
1.0
1.0
1.0
1.0
0.9999974
1.0
1.0
1.0
1.0
1.0
1.0
1.0
1.0
1.0
0.9999999
0.99999714
1.0
1.0
1.0
1.0
1.0
1.0
1.0
1.0
1.0
1.0
0.9999999
1.0
1.0
1.0
1.0
1.0
1.0
1.0
1.0
0.99999964
1.0
1.0
1.0
1.0
1.0
1.0
1.0
1.0
1.0
1.0
1.0
1.0
1.0
1.0
0.99999917
1.0
1.0
1.0
1.0
1.0
1.0
1.0
1.0
1.0
1.0
0.9990426
0.99999917
1.0
0.9999901
1.0
0.9999999
0.99992347
0.99996114
0.9999999
1.0
0.6251582
1.0
1.0
1.0
1.0
0.9960025
0.99999857
0.999997
1.0
0.99999845
1.0
1.0
1.0
1.0
1.0
1.0
0.99999976
0.99999034
0.99999976
0.9999963
0.9999999
1.0
1.0
1.0
1.0
0.99999905
0.99999964
1.0
1.0
1.0
1.0
0.9999999
1.0
1.0
1.0
1.0
1.0
1.0
0.9995314
1.0
1.0
1.0
0.9999999
0.9999995
1.0
1.0
1.0
1.0
1.0
1.0
0.9982121
0.9999999
0.9993581
1.0
1.0
1.0
1.0
1.0
1.0
1.0
0.9998896
1.0
1.0
1.0
1.0
1.0
1.0
1.0
1.0
1.0
0.9999999
1.0
1.0
1.0
0.9999689
0.9999702
1.0
1.0
1.0
1.0
1.0
1.0
1.0
1.0
1.0
1.0
1.0
1.0
1.0
1.0
1.0
0.9998634
1.0
0.99999964
1.0
1.0
1.0
1.0
0.99999976
1.0
1.0
1.0
1.0
1.0
0.999998
1.0
1.0
1.0
1.0
1.0
1.0
1.0
1.0
1.0
1.0
1.0
1.0
0.9999999
1.0
1.0
1.0
1.0
0.9999995
0.9999999
1.0
0.9999908
1.0
1.0
1.0
1.0
1.0
0.9999999
1.0
1.0
0.99999976
1.0
1.0
1.0
1.0
0.9998271
1.0
1.0
1.0
1.0
1.0
1.0
0.9999995
1.0
1.0
0.9999999
1.0
0.9999808
1.0
1.0
1.0
1.0
1.0
1.0
1.0
1.0
1.0
1.0
1.0
1.0
1.0
1.0
1.0
1.0
1.0
0.9999999
1.0
1.0
1.0
1.0
1.0
0.99999976
1.0
1.0
1.0
1.0
1.0
1.0
1.0
1.0
1.0
1.0
1.0
1.0
1.0
1.0
1.0
1.0
0.9999999
1.0
1.0
0.99998546
1.0
0.99999976
1.0
0.9999999
1.0
1.0
1.0
1.0
1.0
1.0
1.0
1.0
1.0
1.0
1.0
1.0
1.0
1.0
1.0
1.0
1.0
1.0
1.0
1.0
1.0
1.0
1.0
1.0
1.0
1.0
0.9999894
1.0
1.0
1.0
1.0
1.0
1.0
0.9994367
1.0
1.0
0.99999964
1.0
1.0
1.0
1.0
1.0
1.0
1.0
1.0
1.0
1.0
1.0
1.0
1.0
1.0
1.0
1.0
0.99999976
1.0
1.0
1.0
1.0
1.0
1.0
1.0
0.99994576
1.0
1.0
1.0
1.0
1.0
1.0
1.0
1.0
1.0
1.0
1.0
0.9999999
1.0
1.0
1.0
0.99999344
0.9999994
1.0
1.0
1.0
1.0
1.0
1.0
1.0
1.0
1.0
1.0
1.0
1.0
1.0
1.0
1.0
1.0
1.0
1.0
0.99999905
1.0
1.0
0.9999999
1.0
1.0
1.0
1.0
1.0
1.0
1.0
1.0
1.0
1.0
1.0
1.0
1.0
1.0
1.0
1.0
0.9999999
1.0
1.0
1.0
1.0
1.0
0.9984048
1.0
1.0
1.0
0.9999976
1.0
1.0
1.0
0.99999976
1.0
1.0
0.9999999
1.0
1.0
1.0
0.9999988
1.0
1.0
1.0
1.0
1.0
1.0
1.0
1.0
1.0
1.0
1.0
1.0
1.0
1.0
1.0
1.0
1.0
0.99999166
1.0
0.99999464
1.0
1.0
1.0
1.0
0.9958682
1.0
1.0
0.9997849
1.0
0.9999995
0.9999994
1.0
1.0
0.9999994
0.9999999
1.0
1.0
0.9999999
1.0
0.9999999
0.99999964
1.0
0.99999976
1.0
1.0
1.0
0.99999857
1.0
1.0
0.9999999
0.99999905
1.0
1.0
0.99999905
1.0
0.99999905
1.0
1.0
0.99999964
1.0
1.0
1.0
1.0
0.9998043
0.99881136
0.9998845
1.0
0.9950977
0.9999994
1.0
1.0
1.0
1.0
1.0
1.0
1.0
1.0
1.0
0.9999994
1.0
1.0
1.0
0.9999999
1.0
0.9999999
1.0
0.9999999
1.0
0.99965656
1.0
0.9999999
1.0
1.0
1.0
1.0
1.0
1.0
1.0
0.99999404
0.9999993
1.0
1.0
1.0
1.0
1.0
0.99999833
1.0
1.0
0.99999976
0.9999989
1.0
1.0
1.0
1.0
1.0
1.0
1.0
1.0
1.0
1.0
0.99999905
1.0
1.0
1.0
1.0
1.0
1.0
1.0
1.0
1.0
0.9999907
1.0
0.9999999
0.9999995
0.9999722
1.0
0.99999714
0.99903643
1.0
0.99997365
1.0
1.0
0.9999999
1.0
1.0
1.0
1.0
0.9987955
1.0
1.0
0.9999988
1.0
1.0
1.0
0.9999999
0.9999989
1.0
1.0
1.0
0.9998901
1.0
1.0
1.0
1.0
0.9999999
1.0
1.0
1.0
1.0
0.999931
1.0
1.0
0.97232413
1.0
1.0
1.0
0.99999774
1.0
1.0
1.0
0.9998559
0.9999958
0.99999344
1.0
1.0
1.0
0.9999999
1.0
0.9999995
1.0
1.0
1.0
1.0
1.0
1.0
0.9999999
0.999998
1.0
1.0
1.0
1.0
1.0
0.99999964
1.0
0.9999981
1.0
1.0
1.0
1.0
1.0
1.0
1.0
1.0
0.99997747
1.0
1.0
1.0
1.0
0.99999976
1.0
1.0
1.0
0.99999475
1.0
1.0
0.99999976
1.0
0.9999981
1.0
0.6326633
0.99999964
1.0
1.0
1.0
1.0
1.0
0.9999999
1.0
0.9999949
1.0
1.0
0.99999845
1.0
1.0
1.0
1.0
1.0
1.0
1.0
0.99999833
1.0
1.0
0.9999999
1.0
0.9999988
0.9999995
1.0
1.0
1.0
0.99999964
0.9999999
0.9999999
0.5566992
0.9999999
0.9999994
0.9999999
1.0
0.9999709
0.9999995
0.99897003
1.0
1.0
1.0
1.0
1.0
1.0
0.7921337
1.0
0.99833065
0.99999905
0.52326846
1.0
1.0
0.99995553
0.5938735
0.99950373
0.9999999
0.9999975
1.0
1.0
1.0
1.0
1.0
0.9999881
0.99999905
0.9999894
1.0
0.9999988
1.0
1.0
1.0
1.0
1.0
0.9999763
1.0
0.99999964
0.99819857
0.9999999
0.9999999
1.0
1.0
0.99990463
1.0
1.0
0.9999999
1.0
1.0
1.0
0.9999962
0.99999857
1.0
0.5889064
1.0
1.0
1.0
1.0
1.0
1.0
0.99999547
0.9992391
1.0
1.0
1.0
1.0
0.8886362
0.99996746
0.9999801
1.0
0.9999982
1.0
0.99822885
1.0
0.9999908
0.99999726
1.0
0.9999012
1.0
1.0
1.0
1.0
1.0
1.0
1.0
1.0
0.9999993
0.9999999
0.9780238
1.0
0.99999106
1.0
1.0
0.99999976
1.0
1.0
1.0
0.99999964
0.9999999
1.0
0.9999143
1.0
1.0
0.9999999
0.9999999
0.9999993
1.0
0.9999547
1.0
0.9999988
1.0
1.0
1.0
0.9999999
0.99998367
0.9999932
1.0
1.0
1.0
1.0
1.0
0.9999999
1.0
0.9991605
0.99999976
0.9683036
0.99982315
1.0
0.9995401
0.99999726
1.0
1.0
0.9999999
1.0
0.9999999
1.0
0.9999236
1.0
1.0
1.0
1.0
0.99999976
0.9967765
1.0
0.59341127
1.0
1.0
1.0
1.0
1.0
1.0
0.99999905
1.0
0.9999888
1.0
1.0
0.99997175
1.0
1.0
1.0
1.0
1.0
1.0
1.0
1.0
1.0
0.54720706
0.99998724
1.0
0.9999999
1.0
1.0
1.0
1.0
0.99999857
1.0
1.0
1.0
1.0
1.0
1.0
1.0
0.9999428
1.0
1.0
0.9949667
1.0
1.0
1.0
1.0
0.9999987
1.0
1.0
1.0
1.0
1.0
1.0
1.0
1.0
1.0
1.0
1.0
0.9999685
0.9999517
1.0
0.99996984
0.99999833
1.0
0.9999999
1.0
1.0
1.0
1.0
0.99935645
0.9995983
0.99999213
1.0
1.0
1.0
1.0
1.0
0.99836093
1.0
1.0
0.9885539
1.0
1.0
1.0
1.0
0.9999975
0.99999106
1.0
0.9999976
1.0
1.0
1.0
1.0
1.0
0.9999999
1.0
1.0
0.9999987
1.0
1.0
0.99999964
1.0
1.0
1.0
0.9998956
1.0
1.0
1.0
1.0
0.99912494
1.0
1.0
1.0
0.9951165
0.9999794
1.0
1.0
1.0
0.9998512
1.0
0.9999907
0.9999442
0.999998
0.99999154
0.9999999
1.0
1.0
1.0
1.0
1.0
1.0
1.0
1.0
0.9999994
0.9919326
0.99898356
0.99991906
1.0
1.0
1.0
1.0
1.0
1.0
0.99999964
1.0
1.0
0.99999976
1.0
0.99999654
1.0
1.0
1.0
0.99997723
1.0
1.0
1.0
1.0
1.0
1.0
0.9999999
1.0
1.0
1.0
1.0
1.0
0.9999994
1.0
1.0
1.0
1.0
0.99999964
0.9999871
1.0
1.0
1.0
0.9999989
1.0
1.0
0.99999917
1.0
1.0
1.0
1.0
1.0
1.0
1.0
1.0
1.0
1.0
1.0
1.0
1.0
1.0
1.0
1.0
0.9999999
1.0
1.0
1.0
1.0
0.99996984
1.0
1.0
0.99999976
1.0
1.0
1.0
1.0
1.0
1.0
0.9999993
0.9999999
0.6671844
1.0
1.0
1.0
1.0
1.0
1.0
1.0
1.0
1.0
0.99999833
0.9999994
1.0
1.0
1.0
1.0
1.0
1.0
