1.0
1.0
1.0
1.0
1.0
1.0
0.99995625
1.0
0.9998915
0.9999987
1.0
1.0
0.99999976
1.0
1.0
0.9999999
0.9999999
1.0
0.9989792
1.0
0.99999976
0.99999964
1.0
1.0
1.0
1.0
1.0
1.0
1.0
1.0
1.0
1.0
1.0
0.99999905
1.0
1.0
0.99999917
1.0
1.0
1.0
1.0
0.99999774
1.0
0.9999337
0.9999939
1.0
0.9999999
1.0
1.0
1.0
1.0
1.0
1.0
1.0
1.0
1.0
1.0
1.0
0.99999917
1.0
1.0
1.0
0.99955755
0.9999262
1.0
1.0
1.0
1.0
1.0
1.0
1.0
1.0
1.0
0.99809927
1.0
1.0
1.0
1.0
0.99968565
0.99999976
1.0
1.0
1.0
1.0
1.0
1.0
1.0
0.9999932
1.0
1.0
1.0
1.0
0.70430386
1.0
1.0
0.9987419
0.99995744
1.0
1.0
1.0
1.0
1.0
1.0
1.0
0.99999976
1.0
0.99999976
0.9999933
1.0
1.0
1.0
0.9999912
1.0
1.0
1.0
0.989546
1.0
1.0
1.0
0.9999826
1.0
0.9999865
1.0
1.0
0.99998736
0.9999902
0.99998355
1.0
1.0
1.0
1.0
1.0
1.0
1.0
1.0
1.0
1.0
1.0
1.0
0.99999833
1.0
1.0
0.99999976
1.0
1.0
1.0
1.0
1.0
1.0
0.9906854
1.0
0.9781374
1.0
1.0
1.0
1.0
1.0
1.0
0.99988556
1.0
0.99999976
1.0
1.0
1.0
1.0
1.0
1.0
0.9999925
1.0
1.0
1.0
0.999972
1.0
0.9999994
1.0
0.9967879
1.0
1.0
1.0
1.0
1.0
1.0
1.0
1.0
0.9997886
0.99999917
1.0
1.0
1.0
0.99999785
0.9999999
0.9999993
1.0
0.9935807
1.0
0.99995375
1.0
1.0
1.0
0.9999918
1.0
1.0
1.0
1.0
1.0
1.0
0.9999995
1.0
1.0
0.99949336
1.0
0.9997763
1.0
1.0
0.99999964
1.0
1.0
0.99999356
1.0
1.0
1.0
0.99999046
1.0
1.0
1.0
1.0
1.0
1.0
1.0
1.0
1.0
1.0
1.0
1.0
1.0
0.99999976
1.0
1.0
1.0
1.0
0.99999976
0.9998919
0.9999994
0.9999982
1.0
0.99986887
1.0
0.5714995
1.0
1.0
1.0
0.99999857
1.0
1.0
1.0
0.99999964
1.0
0.9999999
1.0
0.9724522
1.0
1.0
1.0
1.0
0.931396
1.0
0.99999595
1.0
1.0
1.0
0.9999995
1.0
1.0
0.9999982
1.0
1.0
1.0
1.0
1.0
1.0
0.9999999
1.0
0.99990714
1.0
1.0
1.0
0.99999976
0.9999993
1.0
0.9999993
0.9998498
0.99999976
0.99999833
1.0
1.0
1.0
1.0
0.99999833
0.9999993
1.0
1.0
1.0
1.0
1.0
1.0
1.0
1.0
1.0
1.0
1.0
1.0
1.0
1.0
0.9999807
1.0
1.0
1.0
0.9999995
0.99999917
1.0
0.9918677
0.59468406
0.99999976
1.0
0.9999331
1.0
0.99875593
1.0
1.0
1.0
1.0
1.0
1.0
0.99999976
1.0
1.0
0.99894077
0.9999989
1.0
0.99999
0.7106699
1.0
1.0
1.0
1.0
1.0
1.0
1.0
1.0
1.0
1.0
1.0
1.0
1.0
1.0
1.0
1.0
1.0
0.99953365
0.80095357
0.9999999
1.0
0.9999981
0.9999999
1.0
1.0
0.9999964
1.0
0.9999895
1.0
1.0
1.0
1.0
1.0
1.0
1.0
1.0
1.0
1.0
1.0
0.9999999
0.9898245
1.0
1.0
1.0
1.0
0.9999982
1.0
1.0
0.99999535
1.0
1.0
1.0
1.0
0.9999943
1.0
1.0
0.9999989
1.0
1.0
0.9999976
1.0
0.9999999
0.9999995
0.9999951
1.0
1.0
1.0
1.0
1.0
1.0
0.9999528
0.999972
1.0
0.9999994
0.9999981
1.0
0.99952126
1.0
1.0
0.9999999
0.99999917
0.9999989
1.0
1.0
1.0
1.0
1.0
1.0
1.0
1.0
1.0
1.0
1.0
1.0
0.9999759
1.0
1.0
1.0
0.9999999
1.0
1.0
1.0
1.0
0.998701
0.7804718
0.99999905
0.9977475
0.99942017
0.884106
0.99997056
1.0
1.0
1.0
1.0
1.0
0.9999995
0.99999917
1.0
1.0
0.999997
1.0
0.99999976
1.0
0.99982613
1.0
1.0
1.0
0.9999993
0.99999917
1.0
0.9999987
1.0
1.0
1.0
1.0
1.0
1.0
0.99999595
0.9998803
1.0
1.0
1.0
1.0
1.0
1.0
1.0
0.99999905
0.9999993
1.0
0.9996394
0.9999989
0.9999987
1.0
1.0
0.6058823
1.0
0.9999573
0.9999999
1.0
1.0
1.0
0.99999976
1.0
1.0
1.0
1.0
0.9999993
0.9999987
1.0
1.0
0.9999994
1.0
1.0
1.0
1.0
1.0
1.0
1.0
1.0
1.0
1.0
1.0
0.9999962
1.0
1.0
1.0
1.0
0.9999999
1.0
0.99999964
0.9999988
1.0
1.0
1.0
1.0
1.0
1.0
1.0
1.0
0.99999917
1.0
0.9999243
0.99031645
1.0
1.0
1.0
0.99999833
1.0
1.0
1.0
0.93819016
0.9999995
1.0
1.0
1.0
1.0
0.99999857
1.0
0.9999995
1.0
0.99997854
1.0
1.0
1.0
1.0
1.0
1.0
1.0
0.9999999
1.0
0.99998
1.0
1.0
1.0
1.0
1.0
1.0
1.0
1.0
1.0
1.0
0.99367696
0.9821806
1.0
1.0
1.0
1.0
1.0
1.0
1.0
0.9996345
1.0
0.9998654
1.0
0.9999999
1.0
0.9999902
1.0
1.0
1.0
1.0
1.0
0.9999995
1.0
0.9999999
1.0
1.0
1.0
1.0
0.99999976
0.9999999
1.0
0.9999671
1.0
0.99999785
1.0
1.0
0.9999565
0.99994254
0.9999999
1.0
1.0
1.0
0.99999964
0.9718574
1.0
1.0
1.0
0.99999833
1.0
1.0
1.0
1.0
1.0
0.9999993
1.0
1.0
1.0
0.9999999
1.0
1.0
0.99988604
1.0
1.0
0.9996581
0.97396517
1.0
1.0
1.0
1.0
1.0
1.0
1.0
1.0
1.0
1.0
1.0
0.9999682
0.7145401
1.0
1.0
1.0
1.0
1.0
1.0
1.0
0.9999913
1.0
1.0
1.0
0.9999987
1.0
0.999998
0.99496776
1.0
0.99971944
1.0
0.9999999
1.0
1.0
1.0
1.0
1.0
0.9145308
0.99999976
1.0
1.0
0.99999774
0.9999317
1.0
0.99987435
1.0
1.0
1.0
1.0
1.0
1.0
0.9995803
1.0
1.0
1.0
1.0
1.0
1.0
1.0
1.0
1.0
1.0
1.0
1.0
1.0
1.0
1.0
1.0
0.9999994
0.9941018
0.9380984
1.0
1.0
0.99193877
1.0
1.0
0.9999783
1.0
1.0
0.99988306
1.0
0.999998
1.0
0.9999989
1.0
1.0
1.0
1.0
1.0
1.0
1.0
0.99813604
0.99999964
0.9968119
0.99999976
1.0
1.0
1.0
1.0
1.0
1.0
1.0
1.0
1.0
1.0
1.0
1.0
1.0
1.0
1.0
1.0
1.0
1.0
0.9999968
0.99999857
1.0
0.9999999
1.0
1.0
1.0
1.0
1.0
1.0
1.0
1.0
1.0
1.0
1.0
1.0
1.0
1.0
1.0
1.0
0.9999778
0.99977857
1.0
1.0
1.0
0.99999976
0.9998254
1.0
1.0
0.99999976
1.0
0.9998765
1.0
1.0
1.0
1.0
1.0
0.99999964
1.0
1.0
0.99999225
1.0
1.0
1.0
0.99999285
1.0
1.0
1.0
1.0
1.0
0.9999999
1.0
1.0
0.8279806
1.0
1.0
0.9999999
1.0
1.0
1.0
1.0
1.0
1.0
0.9999999
1.0
1.0
1.0
1.0
1.0
0.9999871
1.0
1.0
1.0
0.9999583
1.0
1.0
1.0
1.0
1.0
0.9999988
1.0
1.0
0.9999999
1.0
0.9864218
0.9999999
0.97822
1.0
1.0
1.0
1.0
1.0
1.0
1.0
1.0
1.0
0.9999999
1.0
1.0
1.0
1.0
1.0
1.0
1.0
1.0
1.0
0.99999976
1.0
1.0
1.0
0.9999975
1.0
1.0
1.0
0.99999714
0.9999999
1.0
0.99993455
1.0
1.0
1.0
0.99995816
0.46157426
0.90501326
1.0
0.9999994
1.0
1.0
0.99999964
1.0
1.0
1.0
1.0
1.0
1.0
0.99952793
0.9999993
1.0
0.9999962
1.0
1.0
1.0
0.99993646
0.9999845
1.0
1.0
0.99999857
1.0
1.0
0.99998784
1.0
1.0
1.0
1.0
1.0
1.0
0.9999999
1.0
0.99999976
1.0
1.0
1.0
1.0
1.0
0.9113433
1.0
0.99999917
1.0
1.0
1.0
1.0
1.0
0.9999969
1.0
1.0
1.0
0.9999982
1.0
0.5094981
0.9982516
0.99999535
1.0
1.0
1.0
0.9999999
1.0
0.99999976
0.9949863
1.0
1.0
0.9999974
1.0
0.99999225
1.0
1.0
0.99999917
0.9999684
1.0
0.99826616
1.0
1.0
1.0
0.99996865
1.0
0.9999999
0.9986358
0.99999094
1.0
1.0
0.99912435
1.0
1.0
1.0
1.0
1.0
1.0
1.0
1.0
1.0
1.0
1.0
1.0
0.9997291
1.0
1.0
1.0
1.0
1.0
1.0
1.0
1.0
1.0
0.99999833
1.0
1.0
0.99999225
1.0
1.0
1.0
0.9999999
1.0
1.0
1.0
1.0
1.0
1.0
1.0
1.0
1.0
1.0
0.99999976
1.0
0.99999976
1.0
0.99999785
1.0
1.0
0.99999976
1.0
0.9999999
1.0
0.9999956
0.9990927
1.0
1.0
1.0
0.99999976
1.0
1.0
1.0
1.0
0.9999999
0.99999726
0.99218315
1.0
1.0
1.0
1.0
1.0
0.96110034
1.0
1.0
1.0
1.0
0.99999845
0.9994874
1.0
1.0
1.0
1.0
0.99973077
0.9999614
1.0
1.0
1.0
0.9999999
1.0
1.0
0.9999999
0.99999976
1.0
0.99999964
0.9991565
1.0
1.0
1.0
1.0
1.0
1.0
1.0
1.0
1.0
0.99998546
1.0
1.0
1.0
1.0
1.0
1.0
1.0
1.0
0.9999162
0.9999999
1.0
1.0
1.0
0.9999999
1.0
0.99999976
1.0
0.99998987
1.0
1.0
1.0
1.0
1.0
1.0
1.0
1.0
1.0
1.0
0.9999999
1.0
1.0
1.0
1.0
1.0
0.9998005
0.9999999
1.0
1.0
1.0
0.69030374
1.0
0.99821943
1.0
1.0
0.9999999
1.0
0.9999894
1.0
0.9999213
0.9999995
1.0
1.0
1.0
0.9999999
1.0
0.9991953
1.0
0.99999964
1.0
1.0
0.99999976
1.0
1.0
1.0
1.0
0.9997415
1.0
1.0
1.0
1.0
0.9999994
1.0
1.0
1.0
0.9999982
1.0
1.0
0.99999976
1.0
0.99999785
0.9999987
1.0
1.0
0.99993503
1.0
1.0
1.0
1.0
0.99999976
1.0
1.0
0.99999976
1.0
0.9996282
1.0
1.0
0.9999492
1.0
1.0
1.0
0.99999404
1.0
1.0
1.0
1.0
0.99999964
1.0
1.0
0.999941
0.5773631
1.0
1.0
1.0
1.0
0.9999999
1.0
1.0
1.0
0.9987863
0.991776
1.0
0.99999917
1.0
1.0
1.0
0.9999995
0.9999994
1.0
1.0
0.9972109
1.0
0.9999858
1.0
0.99770665
1.0
0.99999976
0.9999951
1.0
0.9999999
0.9999999
1.0
1.0
1.0
0.9998671
0.99999714
1.0
1.0
1.0
0.9999999
1.0
1.0
0.98560184
1.0
0.976383
1.0
0.99999845
1.0
1.0
1.0
0.97749203
1.0
1.0
1.0
1.0
1.0
1.0
0.99999964
1.0
0.999995
0.7373432
0.99999976
1.0
1.0
1.0
0.6985811
0.99999726
1.0
1.0
0.99998283
0.99999905
1.0
1.0
1.0
0.9999527
1.0
1.0
1.0
0.60953885
1.0
1.0
0.99999964
0.99999845
1.0
0.9999995
1.0
1.0
1.0
1.0
1.0
0.9999825
0.9999999
0.99998236
1.0
1.0
1.0
1.0
0.99994063
1.0
0.9993654
0.99974567
1.0
1.0
1.0
1.0
1.0
0.99999964
0.9971118
0.9986249
1.0
0.9999974
1.0
1.0
1.0
0.99998724
1.0
1.0
0.88949543
1.0
0.9999999
1.0
1.0
1.0
1.0
1.0
0.9999999
1.0
1.0
0.99999297
0.99999976
1.0
1.0
1.0
0.9999759
1.0
1.0
1.0
0.76409274
1.0
1.0
1.0
1.0
1.0
1.0
0.996029
0.9999999
0.99969053
1.0
1.0
0.99999547
1.0
1.0
0.9999988
1.0
1.0
0.7562326
1.0
0.99997425
1.0
1.0
1.0
1.0
0.99999976
0.99999964
1.0
0.9999995
1.0
1.0
1.0
1.0
0.9999994
1.0
1.0
0.99999964
0.99999905
1.0
1.0
1.0
1.0
1.0
1.0
1.0
0.9903599
0.9999999
1.0
1.0
1.0
1.0
1.0
1.0
1.0
1.0
1.0
1.0
1.0
0.99997485
0.9999504
1.0
1.0
1.0
1.0
1.0
0.9999999
0.9981725
1.0
1.0
1.0
1.0
1.0
0.9999999
1.0
0.61681247
0.9999018
0.9999989
1.0
0.9999999
1.0
1.0
1.0
1.0
0.9999869
0.99771154
1.0
1.0
1.0
1.0
1.0
1.0
1.0
0.9999993
1.0
1.0
0.96837425
0.9972324
1.0
1.0
1.0
1.0
1.0
1.0
1.0
0.9999665
1.0
0.9999815
1.0
0.9999994
1.0
0.9999752
1.0
0.9999999
1.0
0.99999917
1.0
0.9999949
0.9998398
1.0
0.99993515
0.99999297
0.99999094
0.9999963
1.0
1.0
0.9999497
1.0
1.0
0.99999917
1.0
1.0
1.0
1.0
1.0
0.99999774
1.0
0.99999964
1.0
1.0
1.0
0.9965765
1.0
1.0
0.9999993
0.9999999
0.9999999
0.9999987
0.99999833
1.0
1.0
0.9999553
1.0
1.0
0.9999987
1.0
1.0
1.0
0.9999999
1.0
1.0
1.0
1.0
1.0
0.99992394
1.0
1.0
1.0
1.0
1.0
0.99999976
1.0
1.0
1.0
0.99999535
1.0
0.9999975
1.0
0.9999999
0.9999999
1.0
0.99999917
0.9987081
1.0
1.0
1.0
1.0
0.99999964
1.0
1.0
0.99991894
0.99995744
1.0
0.9999999
1.0
1.0
0.9999995
1.0
0.99999654
1.0
1.0
1.0
0.99889684
1.0
0.9924461
0.9999999
1.0
0.9999995
1.0
0.96892625
1.0
1.0
0.9887622
0.99997056
1.0
0.9999999
1.0
1.0
1.0
1.0
1.0
1.0
1.0
1.0
1.0
0.9999999
1.0
1.0
1.0
0.99999976
1.0
0.9690562
1.0
0.99050903
1.0
0.50255704
0.99587446
1.0
1.0
1.0
0.99999976
0.990991
1.0
1.0
1.0
1.0
1.0
1.0
1.0
1.0
1.0
0.890817
0.99964225
1.0
1.0
1.0
1.0
1.0
0.99999344
1.0
1.0
0.9999999
1.0
0.9999869
1.0
0.99999976
1.0
1.0
1.0
0.9999974
1.0
1.0
1.0
1.0
1.0
1.0
0.9999999
0.9999974
1.0
0.99999964
1.0
1.0
0.99948907
0.9999999
1.0
1.0
1.0
1.0
1.0
0.99999535
1.0
0.9999434
1.0
0.9907567
1.0
1.0
1.0
1.0
1.0
0.9999995
1.0
1.0
1.0
0.87660915
1.0
1.0
1.0
1.0
0.999995
0.9999993
1.0
1.0
1.0
0.99999964
1.0
1.0
0.9999906
1.0
1.0
0.9999907
0.9999999
1.0
0.9999988
0.9931952
1.0
1.0
1.0
1.0
1.0
1.0
0.9999995
1.0
0.9999999
1.0
1.0
1.0
0.9980107
1.0
1.0
1.0
1.0
1.0
0.9999956
1.0
1.0
1.0
1.0
1.0
1.0
1.0
1.0
1.0
0.99997675
0.99998045
1.0
0.9999684
1.0
1.0
0.9998394
1.0
0.99973375
1.0
1.0
0.99123126
0.9999833
1.0
1.0
1.0
0.9932893
1.0
1.0
0.9999993
0.9999999
1.0
1.0
1.0
0.99999964
0.99982125
0.99999464
1.0
1.0
1.0
1.0
0.9999819
1.0
1.0
1.0
1.0
0.99999976
0.99999964
1.0
0.72687006
0.9999999
1.0
0.9999994
1.0
0.9999999
1.0
0.99998045
0.8848415
0.99999034
1.0
1.0
0.99998724
0.9806996
1.0
1.0
0.9999968
1.0
1.0
1.0
1.0
0.9999993
1.0
1.0
1.0
1.0
1.0
1.0
0.9513274
1.0
1.0
1.0
1.0
1.0
1.0
1.0
1.0
1.0
1.0
0.99995506
1.0
1.0
0.99999976
1.0
1.0
0.8867996
0.99999905
1.0
1.0
1.0
0.9999982
1.0
1.0
0.99999976
1.0
1.0
1.0
1.0
1.0
1.0
0.99999976
1.0
1.0
0.99975234
0.9925022
0.9999993
1.0
1.0
1.0
1.0
1.0
1.0
1.0
0.9999938
1.0
1.0
0.9999999
1.0
1.0
1.0
1.0
0.73060745
1.0
1.0
1.0
0.99999976
1.0
1.0
1.0
0.9999999
1.0
0.9970341
0.9999963
1.0
1.0
1.0
1.0
1.0
0.9999999
0.9957222
0.99840146
1.0
0.99999976
1.0
0.99999833
0.99999976
1.0
1.0
1.0
1.0
0.9999995
1.0
1.0
0.99971503
0.99999964
1.0
1.0
1.0
1.0
0.99901414
1.0
1.0
1.0
1.0
0.9999944
1.0
1.0
1.0
1.0
0.99999356
0.9999993
1.0
1.0
0.9999999
0.9999981
1.0
1.0
1.0
0.9993123
1.0
0.9999999
0.99999857
0.99999964
0.9999999
1.0
1.0
1.0
0.99994934
0.9999999
1.0
1.0
1.0
1.0
1.0
1.0
1.0
0.99999416
0.9999999
1.0
0.99980336
0.9999999
1.0
0.99999964
1.0
1.0
1.0
1.0
1.0
1.0
0.9909841
1.0
0.9999567
1.0
1.0
0.9998716
1.0
0.99999976
1.0
1.0
0.99999905
1.0
1.0
1.0
1.0
1.0
1.0
1.0
0.9999999
1.0
0.9997291
1.0
0.99998915
0.9476642
1.0
0.9423028
0.9999999
1.0
1.0
1.0
1.0
0.99999094
0.99999976
0.9999951
1.0
0.99999964
1.0
1.0
1.0
1.0
1.0
1.0
1.0
1.0
1.0
1.0
0.9999894
1.0
0.99999917
1.0
1.0
1.0
1.0
1.0
1.0
1.0
1.0
1.0
1.0
1.0
0.9999666
1.0
1.0
0.9999976
1.0
1.0
0.9998963
1.0
1.0
0.99999976
1.0
0.9999249
1.0
1.0
0.9999968
1.0
0.9999969
0.9999862
0.9999907
1.0
1.0
1.0
1.0
1.0
1.0
0.99999917
1.0
0.99999917
1.0
1.0
0.9999999
0.99999857
1.0
1.0
1.0
1.0
1.0
1.0
0.99999917
1.0
1.0
1.0
1.0
1.0
0.9861752
1.0
0.9999639
1.0
1.0
0.9991667
0.9999999
1.0
1.0
1.0
0.999966
0.9999956
1.0
1.0
0.9999999
1.0
0.9999994
0.9999759
0.99999976
1.0
1.0
1.0
1.0
1.0
1.0
1.0
1.0
1.0
1.0
1.0
1.0
1.0
1.0
1.0
0.99842477
1.0
0.948453
1.0
1.0
1.0
1.0
0.99999976
0.9995678
0.9999995
1.0
1.0
0.999985
1.0
1.0
1.0
1.0
0.9999968
1.0
0.9859948
1.0
0.9999968
1.0
1.0
0.9969863
1.0
1.0
0.8880053
0.99997604
0.9999999
1.0
0.99999976
0.99999976
0.9999995
1.0
1.0
0.9999999
0.51240396
1.0
1.0
1.0
1.0
0.9999968
1.0
1.0
1.0
1.0
0.999933
1.0
1.0
1.0
1.0
0.9999995
1.0
0.70300204
0.99999964
1.0
1.0
0.99999714
1.0
1.0
1.0
1.0
1.0
1.0
1.0
1.0
1.0
0.99872595
1.0
1.0
1.0
1.0
0.9999999
0.9999939
0.99999976
1.0
0.99719715
1.0
0.99999976
1.0
1.0
0.9602795
0.9999813
1.0
1.0
1.0
1.0
1.0
0.9999999
1.0
0.9997843
1.0
0.59061426
1.0
1.0
1.0
0.99999774
1.0
1.0
0.99999964
1.0
0.858123
1.0
1.0
1.0
1.0
1.0
1.0
0.99999976
1.0
1.0
1.0
0.9550753
0.9999726
0.99999475
1.0
1.0
1.0
0.9201083
1.0
1.0
0.99999964
1.0
1.0
1.0
1.0
0.9999999
1.0
1.0
1.0
0.9999926
0.9999902
1.0
0.9999999
0.9999999
1.0
1.0
1.0
0.9999999
1.0
1.0
1.0
1.0
1.0
0.99999475
0.9999927
1.0
1.0
1.0
0.9999994
1.0
0.9999994
0.9999982
1.0
1.0
1.0
1.0
0.99998677
1.0
1.0
1.0
1.0
1.0
1.0
1.0
0.9886423
1.0
1.0
0.99977845
0.99522287
1.0
1.0
0.912171
1.0
1.0
1.0
0.99999845
0.9999999
0.999537
1.0
1.0
0.99999833
1.0
0.9999217
1.0
1.0
1.0
1.0
1.0
1.0
1.0
1.0
1.0
1.0
1.0
0.9999987
1.0
1.0
0.99907804
1.0
1.0
1.0
1.0
1.0
1.0
0.9999982
1.0
0.99998367
0.9989429
1.0
1.0
1.0
1.0
1.0
1.0
0.9999999
1.0
0.99999964
0.9999999
1.0
0.9999808
1.0
1.0
1.0
1.0
0.99999845
1.0
1.0
1.0
1.0
1.0
1.0
1.0
0.9999999
1.0
1.0
1.0
0.9999999
1.0
1.0
1.0
0.9999999
1.0
1.0
1.0
1.0
1.0
1.0
1.0
0.999311
1.0
0.9999989
1.0
1.0
1.0
0.9998715
0.9999999
1.0
1.0
0.99995565
1.0
1.0
0.99999666
0.9977768
1.0
1.0
1.0
1.0
1.0
1.0
1.0
0.999998
1.0
1.0
0.9999999
0.9999999
0.99375135
0.9999999
1.0
0.99999976
1.0
0.999984
0.99998796
0.9999964
1.0
1.0
1.0
1.0
1.0
1.0
1.0
0.9999875
0.9999993
1.0
1.0
1.0
1.0
0.99963796
1.0
1.0
1.0
0.99978274
1.0
0.99981207
1.0
1.0
1.0
1.0
1.0
0.9999976
0.99999976
1.0
0.967366
1.0
1.0
1.0
1.0
1.0
1.0
1.0
1.0
0.9999969
0.9999995
1.0
1.0
0.99999964
0.9992279
1.0
0.9999999
1.0
1.0
1.0
1.0
1.0
0.99999666
1.0
1.0
1.0
1.0
1.0
1.0
0.99999976
1.0
1.0
0.99999976
1.0
1.0
1.0
1.0
1.0
1.0
1.0
0.92011654
0.9999685
0.99997973
1.0
1.0
1.0
1.0
1.0
0.9999914
0.9999957
1.0
0.9982627
1.0
0.99999845
1.0
1.0
1.0
1.0
0.95701456
1.0
1.0
1.0
1.0
0.9999993
1.0
1.0
0.9999989
0.99999845
0.99999964
1.0
1.0
1.0
1.0
1.0
1.0
1.0
0.99999976
0.74899644
1.0
0.9999999
1.0
1.0
1.0
1.0
1.0
0.9864379
1.0
1.0
0.9999726
1.0
1.0
1.0
1.0
0.9996439
1.0
1.0
0.99999976
0.9985526
1.0
1.0
1.0
1.0
1.0
1.0
0.9999881
1.0
1.0
1.0
0.9978083
1.0
1.0
1.0
0.99988914
1.0
1.0
1.0
1.0
1.0
0.99991107
0.9999759
1.0
0.9999999
1.0
1.0
1.0
0.9494805
0.99991214
1.0
0.99999595
1.0
0.99999905
0.99999976
1.0
0.9999627
1.0
1.0
1.0
1.0
1.0
1.0
1.0
1.0
1.0
0.9999714
1.0
1.0
1.0
0.9999964
0.99999976
1.0
1.0
1.0
1.0
1.0
1.0
0.99999917
1.0
1.0
1.0
0.79698014
1.0
0.9999995
1.0
1.0
1.0
1.0
1.0
0.9999596
1.0
1.0
1.0
1.0
1.0
1.0
1.0
0.99999976
1.0
1.0
0.9999999
0.99999976
1.0
1.0
1.0
0.9999999
1.0
0.99963474
1.0
0.9999224
1.0
1.0
1.0
1.0
0.99999523
1.0
0.99989533
1.0
0.9999937
0.9999833
1.0
0.9999956
1.0
1.0
1.0
0.99601763
0.99999666
0.9610278
1.0
1.0
1.0
1.0
1.0
1.0
1.0
1.0
1.0
0.99999833
1.0
1.0
1.0
0.9999269
1.0
1.0
0.99999964
1.0
1.0
1.0
1.0
0.9999931
1.0
1.0
0.9999614
0.9998356
1.0
1.0
1.0
1.0
1.0
1.0
1.0
1.0
0.9999794
0.99998546
0.99999464
1.0
0.99995923
1.0
1.0
1.0
0.99999976
0.9985304
1.0
1.0
1.0
0.99742633
1.0
1.0
1.0
1.0
1.0
1.0
1.0
1.0
1.0
1.0
1.0
0.99999964
1.0
0.99999905
0.9994655
0.99999774
1.0
1.0
1.0
1.0
0.9999976
0.9999999
1.0
1.0
0.95966154
1.0
1.0
0.9998254
0.9999999
1.0
1.0
1.0
1.0
1.0
1.0
0.9999802
1.0
0.9999999
1.0
1.0
0.9999995
0.9999995
1.0
1.0
1.0
1.0
0.9999999
0.9999888
0.99864
1.0
1.0
1.0
0.99972886
1.0
1.0
0.9999999
1.0
1.0
1.0
1.0
1.0
1.0
0.99999774
1.0
1.0
0.999806
1.0
1.0
0.99999845
1.0
1.0
0.99999964
1.0
1.0
1.0
1.0
0.9994281
1.0
1.0
1.0
1.0
1.0
1.0
1.0
1.0
0.9998559
1.0
0.99949896
0.99992216
1.0
0.9999995
1.0
1.0
1.0
1.0
0.9999229
1.0
1.0
1.0
1.0
0.99999845
0.99999964
1.0
0.9999852
1.0
1.0
0.999866
1.0
1.0
1.0
1.0
1.0
0.9998733
1.0
1.0
1.0
0.9999994
1.0
1.0
1.0
0.9999988
1.0
1.0
1.0
1.0
1.0
1.0
1.0
1.0
1.0
0.99998796
1.0
1.0
1.0
1.0
1.0
1.0
0.9126273
0.99999917
1.0
1.0
1.0
1.0
1.0
1.0
1.0
1.0
0.99998677
1.0
0.9999999
1.0
0.99999905
0.99999785
0.99999404
1.0
1.0
1.0
0.9999771
1.0
0.6523734
0.9999242
1.0
1.0
1.0
1.0
1.0
0.99999976
0.99999976
0.9999994
1.0
0.99999654
0.9999974
0.9999993
0.9999989
1.0
0.99701524
1.0
0.9868081
0.9999968
1.0
1.0
1.0
1.0
1.0
1.0
1.0
0.9999993
0.9989889
0.976442
1.0
1.0
1.0
1.0
1.0
0.99999964
0.9995943
1.0
0.99983096
0.9999999
0.99999774
1.0
1.0
1.0
1.0
1.0
1.0
1.0
1.0
1.0
1.0
0.9999999
1.0
1.0
1.0
1.0
1.0
1.0
1.0
1.0
0.9999999
1.0
1.0
1.0
1.0
1.0
1.0
1.0
0.99995244
0.99998975
1.0
1.0
0.9999187
1.0
1.0
1.0
0.9999989
1.0
1.0
1.0
1.0
0.9997832
1.0
1.0
1.0
1.0
0.99999976
0.99999154
1.0
0.99999976
1.0
1.0
1.0
1.0
0.99503905
1.0
1.0
1.0
1.0
1.0
1.0
0.9999876
1.0
0.99999845
1.0
1.0
1.0
1.0
0.9995121
0.99991024
1.0
1.0
0.9999877
1.0
1.0
1.0
0.99999833
1.0
0.9948127
1.0
1.0
0.99324954
1.0
1.0
1.0
1.0
1.0
1.0
1.0
1.0
1.0
1.0
1.0
0.9999995
0.99999225
0.99999976
1.0
1.0
1.0
1.0
1.0
0.99999964
1.0
1.0
1.0
1.0
0.99999964
1.0
1.0
1.0
1.0
1.0
0.9999008
1.0
0.99999154
1.0
0.9999999
1.0
0.9999999
0.9999999
1.0
1.0
1.0
1.0
0.9999999
0.9999999
1.0
1.0
0.99999154
1.0
1.0
0.99999964
1.0
0.9999982
0.9999951
1.0
1.0
0.99999964
0.99999917
0.97490215
1.0
1.0
0.99999917
0.9999876
0.99999976
0.5882121
1.0
0.99999905
0.9984736
1.0
0.9999999
1.0
1.0
1.0
1.0
1.0
0.99966633
0.94985443
0.9999981
1.0
1.0
1.0
1.0
0.99997926
0.99999046
1.0
1.0
1.0
1.0
1.0
0.9999434
0.96761435
1.0
1.0
0.999998
1.0
1.0
0.94124734
1.0
0.99999154
1.0
1.0
1.0
1.0
0.9999988
1.0
1.0
1.0
0.9994018
1.0
0.99999547
1.0
1.0
1.0
0.99998045
0.99999905
1.0
0.99995315
1.0
1.0
1.0
1.0
1.0
1.0
0.9999976
1.0
1.0
1.0
0.9999082
1.0
1.0
0.9999976
1.0
0.9884066
1.0
1.0
1.0
1.0
0.99999976
1.0
1.0
1.0
0.99993956
0.9757321
1.0
1.0
1.0
1.0
1.0
1.0
0.999985
1.0
1.0
1.0
1.0
1.0
1.0
1.0
1.0
0.9999732
1.0
0.99999976
1.0
1.0
0.9999995
1.0
1.0
1.0
0.65665126
1.0
1.0
1.0
0.9999999
1.0
1.0
1.0
1.0
1.0
1.0
1.0
1.0
1.0
1.0
1.0
1.0
1.0
1.0
1.0
1.0
1.0
1.0
1.0
1.0
1.0
0.99999976
1.0
1.0
0.9995653
0.9918121
1.0
0.9998975
1.0
1.0
1.0
1.0
1.0
1.0
0.99999964
1.0
1.0
1.0
0.6841371
1.0
1.0
1.0
0.9999999
0.9999871
1.0
1.0
1.0
1.0
1.0
1.0
1.0
1.0
1.0
1.0
1.0
1.0
0.9999999
1.0
1.0
1.0
1.0
1.0
1.0
0.99999964
1.0
0.99997437
0.9999999
0.99982446
0.99999726
1.0
1.0
0.9999995
1.0
0.9978986
0.9989699
0.9999999
0.99999964
1.0
1.0
0.99999833
0.99999976
1.0
0.9999949
1.0
1.0
1.0
1.0
0.99999785
1.0
1.0
1.0
1.0
1.0
1.0
0.968382
0.9999838
1.0
0.99999905
0.9999945
0.9999974
1.0
0.99999905
1.0
0.9999628
1.0
1.0
1.0
1.0
1.0
1.0
0.9999999
1.0
1.0
1.0
1.0
1.0
1.0
1.0
1.0
1.0
1.0
1.0
0.99991655
1.0
1.0
0.9999987
0.9999999
1.0
1.0
1.0
1.0
0.9988506
1.0
1.0
1.0
1.0
1.0
0.9994716
0.99999964
1.0
1.0
0.9999962
1.0
1.0
1.0
1.0
1.0
1.0
1.0
1.0
0.99999917
1.0
1.0
1.0
0.99984634
1.0
1.0
1.0
1.0
1.0
1.0
0.99995434
1.0
1.0
1.0
1.0
1.0
0.9999989
1.0
1.0
0.9999994
0.999806
1.0
1.0
1.0
1.0
0.9999995
1.0
0.99997866
1.0
1.0
1.0
1.0
0.99990344
1.0
1.0
1.0
0.9999808
1.0
1.0
0.68031615
1.0
1.0
1.0
1.0
1.0
1.0
1.0
1.0
1.0
1.0
0.9999695
1.0
0.99999857
0.99999225
0.9999976
1.0
0.99999976
1.0
1.0
1.0
1.0
1.0
1.0
1.0
0.9962903
0.9994785
0.9999995
1.0
0.99999654
1.0
1.0
1.0
1.0
1.0
0.9999974
0.9999999
0.99999905
0.99999523
1.0
1.0
1.0
0.9999981
1.0
1.0
1.0
1.0
1.0
0.9999999
1.0
1.0
1.0
0.99999976
1.0
1.0
0.99998665
1.0
1.0
0.99999976
1.0
1.0
1.0
1.0
0.999383
0.99944395
1.0
1.0
1.0
1.0
1.0
1.0
1.0
1.0
1.0
1.0
1.0
1.0
1.0
1.0
1.0
0.9999999
1.0
1.0
1.0
1.0
1.0
1.0
0.99999964
1.0
1.0
1.0
0.9996563
0.9999993
1.0
0.9999995
1.0
0.9999956
1.0
1.0
1.0
1.0
0.9994289
1.0
1.0
0.9999937
0.986832
1.0
1.0
0.99999964
1.0
1.0
0.9999825
0.9982815
1.0
1.0
1.0
1.0
0.99967647
0.99999976
0.9999988
0.9999999
1.0
0.9999993
1.0
1.0
1.0
1.0
0.9999999
1.0
1.0
1.0
1.0
1.0
0.99999857
1.0
1.0
0.9999976
1.0
1.0
1.0
0.99999976
1.0
1.0
1.0
0.99269
1.0
1.0
1.0
0.9999497
1.0
1.0
1.0
0.9999945
1.0
1.0
1.0
1.0
1.0
1.0
0.93864924
1.0
1.0
1.0
0.99999905
1.0
1.0
1.0
0.99999976
1.0
0.99999905
1.0
1.0
1.0
1.0
1.0
1.0
1.0
1.0
1.0
1.0
1.0
1.0
1.0
1.0
1.0
1.0
0.9999788
0.99999964
1.0
0.9999999
1.0
0.99999344
1.0
1.0
1.0
1.0
1.0
0.99989176
1.0
1.0
0.99999595
0.9999999
1.0
1.0
1.0
1.0
1.0
1.0
1.0
1.0
1.0
0.9999999
1.0
1.0
1.0
1.0
0.99632436
0.9999999
1.0
1.0
1.0
1.0
0.9999999
0.9994628
1.0
0.9999987
0.9999198
1.0
0.9999964
1.0
1.0
1.0
0.999997
1.0
1.0
1.0
0.9999999
1.0
1.0
1.0
1.0
1.0
1.0
1.0
1.0
1.0
1.0
1.0
1.0
0.99979335
0.99893934
1.0
1.0
1.0
1.0
1.0
1.0
1.0
0.9999999
1.0
1.0
1.0
1.0
1.0
1.0
0.99999976
0.9999993
0.9999999
1.0
0.99999654
1.0
1.0
1.0
0.9999999
1.0
1.0
1.0
1.0
0.98910075
0.9999999
1.0
1.0
1.0
1.0
1.0
1.0
0.99930024
1.0
1.0
1.0
1.0
1.0
1.0
0.9999995
1.0
0.99994385
1.0
1.0
1.0
1.0
0.9996679
1.0
1.0
1.0
0.999967
1.0
1.0
1.0
0.9999995
0.9430449
1.0
0.9999999
1.0
1.0
0.99999976
1.0
1.0
1.0
1.0
1.0
1.0
1.0
0.9999999
1.0
1.0
0.99942446
1.0
1.0
1.0
1.0
0.9999641
1.0
0.99999976
0.50183547
0.99981266
1.0
1.0
1.0
1.0
0.9999999
0.9999999
1.0
0.9999993
1.0
1.0
1.0
0.9999784
1.0
0.9999912
0.9999964
0.9999993
1.0
1.0
1.0
1.0
0.9999721
1.0
1.0
1.0
1.0
0.9999999
1.0
0.9999999
1.0
0.99999964
1.0
0.9999832
0.99999845
1.0
1.0
1.0
1.0
0.99843746
0.99999964
0.99618465
0.9999957
0.999985
1.0
1.0
1.0
1.0
1.0
0.9999999
1.0
1.0
1.0
1.0
1.0
1.0
1.0
0.9999994
0.9999999
1.0
0.99429
1.0
1.0
1.0
1.0
1.0
1.0
1.0
0.9994723
1.0
1.0
0.99999845
1.0
1.0
1.0
1.0
1.0
1.0
0.9999994
1.0
1.0
1.0
1.0
1.0
1.0
1.0
1.0
1.0
0.99999976
1.0
1.0
1.0
1.0
1.0
1.0
0.9999999
0.9999999
1.0
1.0
1.0
0.99999416
1.0
1.0
1.0
0.99998224
1.0
0.9999664
1.0
1.0
1.0
1.0
1.0
1.0
1.0
0.9999993
1.0
1.0
1.0
1.0
1.0
1.0
1.0
1.0
0.72716343
1.0
1.0
1.0
1.0
1.0
1.0
0.99999917
1.0
0.9999958
1.0
1.0
1.0
0.99999976
1.0
1.0
1.0
1.0
1.0
1.0
1.0
0.9815531
1.0
1.0
1.0
0.9999999
1.0
1.0
0.9999999
0.99991906
1.0
1.0
1.0
1.0
1.0
0.99999905
1.0
0.99643695
1.0
1.0
0.99999857
1.0
0.9999995
0.99999774
1.0
0.9999808
0.99895775
1.0
0.9999871
0.9995622
1.0
1.0
1.0
1.0
1.0
0.9999999
1.0
1.0
0.99986565
1.0
1.0
0.9986701
1.0
0.9999999
1.0
1.0
1.0
0.99999976
0.99997187
1.0
0.969516
1.0
1.0
1.0
0.99985576
0.9999968
0.9999994
1.0
1.0
1.0
1.0
0.9999052
0.9999988
1.0
1.0
0.999731
0.99257255
1.0
1.0
1.0
0.9999999
0.99999976
1.0
1.0
1.0
0.99999917
1.0
0.95910305
1.0
0.96792495
1.0
0.999997
1.0
1.0
0.9999994
1.0
1.0
1.0
1.0
0.9999988
0.9999999
1.0
1.0
0.9994592
0.99999976
0.9999944
1.0
1.0
0.999998
1.0
0.9999994
1.0
1.0
1.0
1.0
0.9692569
1.0
0.9998605
1.0
0.9999913
0.99940634
1.0
1.0
1.0
1.0
1.0
0.99999845
0.99997926
1.0
0.99999976
0.99090683
1.0
1.0
1.0
1.0
1.0
1.0
1.0
1.0
1.0
0.99931383
1.0
1.0
1.0
1.0
0.99999666
1.0
0.99907124
0.9999999
0.9999999
1.0
1.0
1.0
1.0
1.0
1.0
1.0
1.0
1.0
0.9268284
1.0
0.9999999
0.9297202
1.0
0.99999976
0.99994636
1.0
1.0
0.9998467
1.0
0.99999976
0.9999143
1.0
1.0
1.0
1.0
0.9999975
1.0
0.9946189
1.0
0.9999989
1.0
1.0
1.0
1.0
0.99999785
1.0
0.9999999
1.0
1.0
1.0
1.0
1.0
1.0
1.0
1.0
1.0
1.0
1.0
1.0
1.0
1.0
0.5627475
1.0
1.0
1.0
0.99999976
1.0
1.0
1.0
1.0
0.9999527
1.0
1.0
1.0
0.97970116
1.0
1.0
0.9999999
1.0
0.99999976
1.0
1.0
1.0
1.0
1.0
1.0
1.0
1.0
1.0
1.0
1.0
1.0
0.9999999
0.99999833
0.99989355
1.0
1.0
1.0
1.0
1.0
1.0
1.0
1.0
1.0
1.0
1.0
1.0
0.99996126
0.99999666
0.70714825
0.9999994
0.99816257
1.0
1.0
0.9999882
1.0
1.0
1.0
0.9999999
0.9979977
1.0
1.0
1.0
1.0
1.0
1.0
1.0
1.0
1.0
1.0
0.9999963
1.0
1.0
1.0
1.0
1.0
0.9309095
1.0
0.9999999
0.999938
1.0
1.0
1.0
1.0
0.9999188
0.9999999
1.0
1.0
1.0
1.0
1.0
0.9999995
0.99999166
0.9995666
0.9999999
0.99999976
0.9999999
1.0
1.0
1.0
1.0
1.0
0.9999999
0.9998822
1.0
0.9999838
1.0
1.0
0.99998546
1.0
1.0
1.0
1.0
1.0
1.0
0.99974483
1.0
1.0
1.0
1.0
1.0
1.0
1.0
0.99982053
1.0
0.9953768
0.99887246
1.0
1.0
1.0
0.999997
1.0
1.0
1.0
1.0
0.8020901
1.0
0.9999957
0.99984384
0.99999964
1.0
1.0
1.0
1.0
1.0
0.99999976
1.0
1.0
0.9999994
1.0
1.0
1.0
0.99999785
1.0
1.0
0.9999894
0.99999976
1.0
1.0
1.0
0.9999865
0.9999684
1.0
1.0
1.0
1.0
1.0
0.99999976
1.0
1.0
1.0
0.99986875
1.0
0.99351984
1.0
1.0
1.0
1.0
1.0
0.9999956
1.0
1.0
1.0
0.9931117
1.0
1.0
0.9460615
1.0
1.0
1.0
1.0
1.0
1.0
1.0
0.99999976
1.0
1.0
1.0
1.0
0.9999994
1.0
0.9999863
1.0
1.0
1.0
1.0
1.0
0.99999595
0.99993944
1.0
0.9999951
1.0
1.0
1.0
1.0
1.0
1.0
1.0
1.0
0.9999852
1.0
1.0
0.99999976
1.0
0.99999046
0.9999999
1.0
1.0
0.99999964
1.0
1.0
1.0
1.0
0.9999931
0.99997175
1.0
0.9999982
1.0
1.0
0.99999964
1.0
1.0
1.0
1.0
1.0
1.0
1.0
0.99999964
0.99993324
0.9999999
0.9999927
1.0
1.0
1.0
0.9999565
1.0
0.99999905
0.99999833
1.0
0.9999999
0.9999939
1.0
0.99901104
1.0
0.9999995
1.0
0.9999999
1.0
1.0
1.0
1.0
0.9989882
1.0
1.0
1.0
1.0
1.0
1.0
1.0
1.0
1.0
1.0
0.9999839
1.0
0.93170613
1.0
0.9997552
1.0
0.9999933
1.0
0.99999595
1.0
1.0
0.9999888
1.0
1.0
1.0
1.0
1.0
1.0
0.9999999
0.99999964
0.9999999
1.0
0.9998381
1.0
0.99999404
0.9999064
1.0
0.9228608
1.0
1.0
1.0
0.93172014
1.0
0.9999976
0.9999999
1.0
1.0
0.99996233
0.9999888
1.0
1.0
1.0
1.0
1.0
1.0
1.0
1.0
1.0
1.0
0.99999964
0.97675085
1.0
1.0
1.0
1.0
1.0
1.0
1.0
1.0
1.0
1.0
1.0
1.0
0.99999976
0.99934095
0.9999949
1.0
1.0
1.0
0.99999976
0.9999522
1.0
1.0
1.0
0.53961974
1.0
1.0
1.0
1.0
1.0
1.0
0.99929094
0.7758028
1.0
1.0
0.999944
0.99999666
0.9999999
1.0
0.9999988
1.0
0.99995387
0.9999995
1.0
1.0
0.99988425
1.0
0.99535686
1.0
1.0
1.0
1.0
1.0
0.9999999
1.0
0.99999964
1.0
0.9999999
1.0
1.0
0.95717436
1.0
0.999998
0.9999995
1.0
0.79823077
1.0
1.0
1.0
0.9999999
0.99999845
1.0
1.0
0.99905413
1.0
0.99999964
0.99997544
0.9999999
1.0
1.0
1.0
1.0
0.9984598
1.0
0.9999554
0.9999999
1.0
0.99999726
1.0
0.9999957
0.9999409
0.9999635
1.0
0.9999993
1.0
1.0
1.0
1.0
1.0
0.9999994
1.0
0.9999995
1.0
0.99999833
1.0
0.9999962
0.9999728
1.0
1.0
0.99999964
1.0
1.0
1.0
1.0
1.0
1.0
1.0
1.0
1.0
1.0
0.95033336
1.0
1.0
1.0
1.0
1.0
0.9994467
1.0
1.0
1.0
1.0
0.9999976
1.0
0.99999833
1.0
0.99963176
0.99923337
1.0
1.0
0.999995
1.0
1.0
1.0
1.0
0.99999976
0.7091489
1.0
1.0
1.0
1.0
0.9999858
1.0
1.0
0.9999999
1.0
1.0
0.9999958
1.0
0.9998331
0.9999999
0.999406
1.0
1.0
0.9999987
1.0
1.0
1.0
0.99999976
1.0
0.9999236
1.0
1.0
1.0
0.99999976
1.0
1.0
0.9978759
0.99999714
1.0
0.9810197
1.0
0.998024
1.0
1.0
0.99999964
1.0
1.0
1.0
1.0
0.999998
1.0
1.0
1.0
1.0
1.0
0.9999918
1.0
1.0
1.0
1.0
0.99999964
0.93694717
1.0
1.0
1.0
0.99999905
1.0
1.0
0.9999999
0.99969053
1.0
0.99998856
1.0
0.9988978
1.0
0.99999976
0.9999995
0.9999995
1.0
0.95011497
1.0
1.0
1.0
1.0
1.0
1.0
1.0
0.99999833
1.0
1.0
0.9846052
1.0
1.0
1.0
1.0
1.0
0.9999999
1.0
1.0
0.99999845
1.0
1.0
1.0
1.0
1.0
1.0
1.0
1.0
1.0
1.0
1.0
1.0
1.0
0.9707682
1.0
0.99999917
1.0
1.0
0.99999857
1.0
1.0
1.0
1.0
0.98761636
0.99999917
0.9999975
1.0
1.0
1.0
1.0
0.99999404
1.0
1.0
0.7784735
0.9999074
1.0
0.9667801
1.0
1.0
0.9999999
0.9894342
0.99949145
0.9999989
0.9845744
1.0
0.9999993
1.0
0.9976185
1.0
0.9999999
1.0
1.0
1.0
1.0
1.0
0.999998
1.0
0.99996996
1.0
1.0
1.0
1.0
1.0
1.0
0.9999994
1.0
1.0
1.0
1.0
1.0
0.9999994
1.0
0.7307218
1.0
1.0
1.0
0.99999774
1.0
1.0
0.9999999
1.0
1.0
1.0
0.99733776
0.99999845
1.0
1.0
0.9995453
1.0
1.0
1.0
1.0
1.0
1.0
1.0
1.0
1.0
1.0
1.0
0.9999987
1.0
1.0
0.99999976
1.0
0.9999994
0.99999535
0.9999938
0.8918651
1.0
1.0
1.0
0.99964094
1.0
0.9999999
0.99998033
0.9999982
1.0
1.0
1.0
1.0
0.9999999
1.0
1.0
1.0
1.0
1.0
1.0
1.0
0.9999995
1.0
0.99995613
1.0
1.0
1.0
1.0
1.0
1.0
0.96515065
1.0
1.0
0.99999964
1.0
1.0
0.9999999
1.0
1.0
1.0
1.0
1.0
1.0
1.0
0.9684323
1.0
0.99999917
1.0
0.99998784
0.99924445
1.0
1.0
1.0
1.0
1.0
1.0
1.0
1.0
1.0
0.9999981
1.0
1.0
1.0
1.0
0.99995255
1.0
1.0
1.0
0.7968139
0.99999547
1.0
1.0
1.0
0.99999905
1.0
1.0
1.0
1.0
1.0
1.0
1.0
1.0
1.0
1.0
1.0
0.99647117
0.9999974
1.0
0.99999964
1.0
1.0
0.9998454
0.99999964
1.0
0.99998844
1.0
1.0
0.9999956
1.0
1.0
1.0
1.0
0.99999857
0.99999464
1.0
1.0
1.0
1.0
0.99999547
1.0
0.99999976
1.0
1.0
1.0
1.0
1.0
1.0
1.0
1.0
0.99992156
1.0
0.99999976
1.0
1.0
0.9999999
0.9999702
1.0
1.0
0.969751
1.0
1.0
0.9999994
1.0
1.0
1.0
0.99999905
1.0
1.0
1.0
1.0
0.9999999
0.99963725
0.99972636
1.0
1.0
1.0
1.0
1.0
1.0
0.9999968
1.0
1.0
0.99998903
0.99999845
0.9999999
1.0
1.0
1.0
1.0
1.0
0.99982893
1.0
1.0
1.0
0.9999999
0.99999976
1.0
0.99999785
0.9993994
0.99285465
0.99999964
1.0
0.9999987
1.0
1.0
1.0
1.0
1.0
1.0
1.0
0.9999982
0.99999976
1.0
1.0
0.99999726
1.0
1.0
1.0
0.99999344
0.9999999
0.99934345
1.0
0.9999497
1.0
1.0
1.0
1.0
1.0
1.0
1.0
1.0
1.0
1.0
1.0
1.0
0.99999976
1.0
1.0
1.0
1.0
1.0
1.0
0.99930775
1.0
1.0
1.0
1.0
1.0
1.0
1.0
1.0
1.0
1.0
1.0
1.0
1.0
1.0
0.9999213
1.0
1.0
0.9999988
0.9999999
1.0
1.0
1.0
1.0
0.6814511
0.99993
1.0
1.0
1.0
1.0
1.0
0.95117074
0.99998486
0.9964689
1.0
1.0
0.9999913
1.0
1.0
1.0
0.9580053
1.0
1.0
1.0
1.0
0.9999995
1.0
1.0
1.0
1.0
1.0
0.9999993
1.0
0.9999994
0.97082067
0.99858475
0.9999995
1.0
1.0
1.0
1.0
1.0
1.0
1.0
1.0
1.0
1.0
1.0
1.0
1.0
1.0
1.0
1.0
0.99999833
0.99999964
1.0
1.0
0.80490506
0.999998
1.0
1.0
1.0
1.0
1.0
1.0
1.0
1.0
1.0
1.0
1.0
0.9999999
0.94715756
1.0
0.9983381
1.0
1.0
0.9984976
0.9999924
0.9999995
0.999997
1.0
0.999987
1.0
0.8118649
1.0
0.9998198
1.0
0.99997437
1.0
1.0
1.0
0.9999999
1.0
1.0
1.0
0.99999976
1.0
0.9999989
1.0
0.9999988
1.0
1.0
1.0
1.0
0.99999833
1.0
0.99999964
0.9999944
0.99999034
1.0
1.0
1.0
0.9999864
1.0
1.0
0.99999964
1.0
1.0
0.99998426
1.0
0.9999999
0.99999964
1.0
1.0
1.0
1.0
0.99999547
1.0
1.0
1.0
1.0
0.9999962
1.0
1.0
1.0
1.0
0.99997747
1.0
1.0
0.99992645
0.99785113
0.9999999
1.0
1.0
1.0
1.0
1.0
0.9999969
0.9999455
0.99998355
1.0
1.0
1.0
0.9225007
1.0
1.0
1.0
1.0
1.0
1.0
0.9999999
1.0
1.0
0.9998946
0.99999726
1.0
1.0
1.0
1.0
1.0
1.0
1.0
1.0
1.0
1.0
0.9994134
0.9999999
1.0
1.0
1.0
1.0
1.0
0.9999969
1.0
1.0
1.0
0.99999964
0.96965694
1.0
1.0
0.9999999
1.0
0.9999305
1.0
0.9999715
1.0
1.0
0.99999905
1.0
1.0
1.0
1.0
1.0
0.9999999
1.0
1.0
0.999998
1.0
1.0
1.0
1.0
1.0
0.99997556
1.0
1.0
1.0
1.0
1.0
1.0
1.0
1.0
1.0
1.0
1.0
1.0
1.0
0.9999994
1.0
1.0
1.0
1.0
1.0
0.99999964
1.0
1.0
1.0
1.0
1.0
1.0
1.0
1.0
1.0
1.0
0.9999989
1.0
0.9999995
1.0
1.0
0.9999975
1.0
1.0
1.0
1.0
1.0
1.0
1.0
1.0
1.0
1.0
0.9999999
1.0
1.0
1.0
1.0
0.99999666
0.99999785
1.0
0.9999999
1.0
1.0
1.0
0.9999999
1.0
1.0
1.0
1.0
1.0
1.0
1.0
1.0
1.0
1.0
0.99999976
0.9999995
1.0
0.9999999
1.0
1.0
1.0
1.0
1.0
1.0
1.0
1.0
0.9999987
1.0
0.9999999
0.9999995
1.0
1.0
1.0
1.0
1.0
0.99999774
1.0
1.0
1.0
1.0
1.0
1.0
1.0
0.9999999
1.0
1.0
1.0
1.0
1.0
0.99999976
0.9999995
1.0
1.0
1.0
1.0
1.0
0.99477404
1.0
1.0
1.0
1.0
1.0
1.0
1.0
0.9999416
0.9999999
1.0
1.0
1.0
0.9999263
0.9999989
1.0
0.99999976
1.0
1.0
1.0
1.0
1.0
1.0
1.0
1.0
1.0
1.0
1.0
0.9999933
1.0
1.0
1.0
0.9936813
1.0
1.0
1.0
1.0
0.9999999
0.99212193
1.0
0.9999994
1.0
1.0
1.0
1.0
1.0
1.0
1.0
1.0
1.0
0.9999999
1.0
1.0
1.0
1.0
1.0
1.0
1.0
1.0
1.0
0.99999964
1.0
1.0
0.9999999
1.0
1.0
1.0
0.9999838
1.0
1.0
1.0
1.0
0.8731546
1.0
0.99999166
1.0
0.99999917
1.0
1.0
0.9999999
0.99999857
1.0
1.0
0.99999964
1.0
1.0
1.0
1.0
1.0
1.0
0.99999976
0.99999905
0.99999964
0.9999989
0.9999689
1.0
1.0
1.0
1.0
1.0
1.0
0.9988009
1.0
1.0
1.0
1.0
1.0
1.0
1.0
1.0
1.0
1.0
1.0
1.0
1.0
0.99999714
0.999995
0.99999714
1.0
0.9033457
0.99999964
1.0
1.0
0.99996626
0.99999845
1.0
1.0
1.0
0.9999999
1.0
1.0
1.0
1.0
0.99999976
0.9999751
0.9999994
1.0
1.0
0.99879897
1.0
1.0
0.9699841
0.9999944
1.0
1.0
1.0
1.0
1.0
1.0
1.0
1.0
0.999892
1.0
1.0
1.0
1.0
1.0
1.0
1.0
1.0
1.0
0.99999666
1.0
1.0
1.0
1.0
1.0
1.0
1.0
1.0
1.0
0.9999994
1.0
1.0
1.0
1.0
1.0
1.0
1.0
1.0
1.0
1.0
1.0
1.0
0.9999999
1.0
1.0
1.0
0.9999999
1.0
0.9999999
1.0
1.0
1.0
1.0
1.0
1.0
1.0
1.0
1.0
1.0
1.0
1.0
1.0
0.98100394
1.0
1.0
1.0
1.0
1.0
1.0
1.0
1.0
1.0
1.0
1.0
1.0
1.0
1.0
1.0
1.0
1.0
1.0
1.0
1.0
1.0
1.0
1.0
1.0
1.0
1.0
1.0
1.0
1.0
1.0
1.0
1.0
1.0
1.0
1.0
0.99999976
1.0
1.0
1.0
1.0
1.0
1.0
1.0
1.0
1.0
1.0
1.0
1.0
1.0
1.0
1.0
1.0
1.0
1.0
1.0
1.0
1.0
1.0
1.0
1.0
1.0
1.0
1.0
1.0
1.0
0.9999999
1.0
1.0
1.0
0.9999999
1.0
1.0
1.0
1.0
1.0
0.9999989
1.0
0.99999976
1.0
1.0
1.0
1.0
1.0
1.0
1.0
0.99999964
1.0
1.0
1.0
1.0
1.0
1.0
0.9999987
1.0
1.0
1.0
1.0
1.0
1.0
1.0
1.0
1.0
1.0
1.0
1.0
1.0
1.0
1.0
1.0
1.0
1.0
1.0
1.0
1.0
1.0
0.9999993
1.0
0.9974082
0.9999721
1.0
1.0
1.0
1.0
1.0
1.0
0.9999696
1.0
1.0
1.0
1.0
1.0
1.0
1.0
1.0
1.0
1.0
1.0
1.0
1.0
1.0
1.0
1.0
1.0
1.0
1.0
1.0
1.0
1.0
1.0
1.0
1.0
1.0
1.0
1.0
1.0
1.0
1.0
1.0
1.0
0.9999995
1.0
1.0
1.0
1.0
1.0
1.0
1.0
0.9999999
1.0
1.0
0.99999905
1.0
0.9999994
1.0
1.0
1.0
1.0
1.0
1.0
1.0
1.0
1.0
1.0
1.0
1.0
1.0
1.0
0.99999774
1.0
1.0
0.99999714
1.0
1.0
1.0
1.0
0.9999999
1.0
1.0
1.0
1.0
1.0
1.0
1.0
1.0
0.99999964
1.0
1.0
1.0
1.0
1.0
1.0
1.0
1.0
1.0
0.9999999
0.99999166
1.0
1.0
1.0
1.0
1.0
1.0
1.0
1.0
0.9999999
1.0
1.0
1.0
1.0
0.9999989
0.99999964
1.0
0.99991333
1.0
1.0
1.0
1.0
0.99999833
1.0
1.0
1.0
0.9999989
1.0
1.0
1.0
1.0
1.0
1.0
0.9999999
1.0
1.0
0.9999988
1.0
1.0
0.99974555
1.0
1.0
1.0
1.0
1.0
1.0
1.0
1.0
1.0
1.0
1.0
1.0
1.0
0.99999344
1.0
1.0
0.9999993
1.0
1.0
1.0
0.99999917
1.0
1.0
1.0
1.0
1.0
0.99999774
1.0
1.0
1.0
0.9999995
1.0
1.0
0.99999964
1.0
1.0
0.99992347
1.0
1.0
0.99999905
1.0
1.0
1.0
1.0
0.99999917
1.0
1.0
0.9900913
1.0
0.9999883
1.0
0.9999999
0.999992
1.0
0.99999523
0.99947506
0.9999615
1.0
1.0
1.0
0.9999994
0.9999999
0.9999976
1.0
1.0
1.0
1.0
0.99725026
0.99998355
1.0
1.0
1.0
1.0
1.0
1.0
0.999998
1.0
0.9999999
1.0
1.0
0.99999726
1.0
1.0
1.0
1.0
1.0
1.0
1.0
1.0
0.999974
0.9999213
0.9999769
1.0
1.0
1.0
1.0
0.9999999
1.0
1.0
1.0
1.0
1.0
1.0
1.0
0.9999958
1.0
1.0
1.0
1.0
0.9999999
1.0
1.0
1.0
1.0
1.0
1.0
0.9999989
1.0
1.0
1.0
1.0
0.9999995
0.99999857
1.0
1.0
1.0
1.0
0.9999999
1.0
1.0
0.9999987
1.0
1.0
0.99996376
1.0
1.0
1.0
1.0
1.0
0.9999989
1.0
1.0
1.0
1.0
0.9999999
1.0
1.0
0.96201897
0.99980456
0.9850477
1.0
1.0
1.0
0.99999905
1.0
0.9999969
1.0
1.0
0.99982136
1.0
1.0
1.0
0.9335225
1.0
1.0
0.9981462
1.0
0.99999976
1.0
0.9999969
1.0
1.0
1.0
1.0
1.0
1.0
1.0
1.0
1.0
1.0
1.0
1.0
0.9999994
0.9999999
1.0
1.0
1.0
1.0
1.0
1.0
1.0
1.0
1.0
1.0
1.0
1.0
1.0
0.99999976
1.0
1.0
0.9999999
1.0
1.0
1.0
1.0
1.0
1.0
1.0
1.0
1.0
1.0
1.0
1.0
0.9999999
0.99996483
0.9954461
0.9999999
1.0
1.0
1.0
0.9999896
1.0
1.0
1.0
1.0
1.0
1.0
1.0
1.0
1.0
1.0
1.0
1.0
1.0
0.99999213
1.0
0.9999999
0.9999999
1.0
1.0
0.999985
0.99994326
1.0
0.9999999
1.0
1.0
0.9999989
1.0
0.99999523
1.0
1.0
1.0
1.0
0.9999999
0.9999999
0.99999356
1.0
1.0
1.0
1.0
1.0
1.0
1.0
1.0
1.0
1.0
1.0
1.0
1.0
1.0
1.0
1.0
1.0
1.0
1.0
1.0
1.0
1.0
1.0
1.0
1.0
1.0
1.0
1.0
1.0
1.0
1.0
1.0
1.0
1.0
0.99974924
1.0
1.0
1.0
1.0
1.0
1.0
1.0
0.99999905
1.0
0.9989241
0.98437
1.0
1.0
0.9999999
1.0
1.0
1.0
0.9999999
1.0
0.9999993
1.0
1.0
1.0
1.0
1.0
1.0
1.0
1.0
0.99999833
1.0
1.0
1.0
1.0
1.0
0.9998859
1.0
1.0
1.0
0.9999988
1.0
1.0
1.0
1.0
0.9999976
0.9999994
1.0
0.99999964
1.0
0.9999995
1.0
1.0
1.0
1.0
1.0
1.0
1.0
1.0
0.9999999
0.9990559
0.9995689
1.0
0.9999919
1.0
1.0
1.0
1.0
1.0
1.0
1.0
1.0
1.0
0.9999994
1.0
0.99999917
1.0
1.0
1.0
0.9957592
1.0
1.0
1.0
0.999997
1.0
0.9999474
1.0
0.9999999
1.0
1.0
1.0
1.0
1.0
1.0
1.0
1.0
0.99999976
0.9999974
1.0
0.99999976
1.0
0.99999964
1.0
1.0
1.0
0.99914825
0.99298286
1.0
1.0
0.9999968
1.0
1.0
1.0
0.9999999
1.0
1.0
0.99999905
1.0
1.0
1.0
1.0
0.8933978
0.9999943
0.9999999
0.9999944
1.0
1.0
1.0
0.9999962
0.99999964
0.99999845
0.99999964
1.0
1.0
1.0
0.999992
1.0
1.0
1.0
1.0
1.0
1.0
1.0
0.99999917
0.9999907
1.0
0.9999999
0.99992883
1.0
1.0
0.99906415
0.9999999
0.9999927
1.0
1.0
1.0
1.0
1.0
1.0
0.9999033
1.0
0.99999535
1.0
1.0
1.0
1.0
0.9999956
1.0
1.0
0.99999833
1.0
1.0
1.0
1.0
1.0
1.0
1.0
1.0
1.0
1.0
1.0
1.0
1.0
0.9999976
1.0
1.0
1.0
1.0
1.0
0.99986947
1.0
1.0
1.0
1.0
1.0
0.99789846
0.9999999
1.0
1.0
1.0
1.0
1.0
1.0
1.0
1.0
0.9420345
1.0
1.0
0.9999999
1.0
1.0
1.0
1.0
1.0
0.9999999
0.8370717
1.0
0.99985766
1.0
1.0
1.0
1.0
1.0
1.0
1.0
1.0
1.0
1.0
1.0
1.0
1.0
1.0
1.0
1.0
1.0
1.0
0.99793184
1.0
1.0
1.0
1.0
1.0
1.0
1.0
1.0
1.0
1.0
1.0
1.0
1.0
1.0
1.0
1.0
1.0
1.0
1.0
1.0
1.0
1.0
1.0
1.0
1.0
1.0
1.0
1.0
1.0
1.0
1.0
1.0
1.0
1.0
1.0
1.0
1.0
1.0
1.0
1.0
1.0
1.0
1.0
1.0
0.9948283
1.0
1.0
1.0
0.99999034
1.0
1.0
1.0
1.0
0.75993425
1.0
0.9952041
1.0
0.9999999
1.0
0.9655995
0.77406114
0.99999905
1.0
1.0
1.0
1.0
1.0
1.0
1.0
1.0
1.0
1.0
1.0
1.0
1.0
1.0
1.0
1.0
1.0
1.0
1.0
1.0
1.0
1.0
1.0
1.0
1.0
0.9999999
1.0
1.0
1.0
1.0
1.0
1.0
1.0
1.0
1.0
1.0
1.0
1.0
1.0
1.0
1.0
1.0
1.0
1.0
1.0
1.0
1.0
1.0
1.0
1.0
0.9999999
1.0
1.0
1.0
1.0
0.99999976
1.0
1.0
1.0
0.99999964
1.0
1.0
1.0
1.0
1.0
1.0
1.0
1.0
0.9999963
1.0
1.0
1.0
1.0
1.0
1.0
1.0
1.0
1.0
1.0
1.0
1.0
1.0
1.0
1.0
1.0
1.0
1.0
1.0
1.0
1.0
1.0
1.0
1.0
1.0
1.0
1.0
1.0
1.0
1.0
1.0
1.0
1.0
1.0
1.0
1.0
1.0
1.0
1.0
1.0
1.0
1.0
1.0
1.0
1.0
1.0
1.0
1.0
1.0
1.0
1.0
1.0
1.0
1.0
1.0
1.0
1.0
1.0
1.0
1.0
1.0
0.9999989
1.0
1.0
1.0
1.0
1.0
1.0
1.0
1.0
1.0
1.0
1.0
1.0
1.0
1.0
1.0
1.0
1.0
1.0
1.0
1.0
1.0
1.0
1.0
1.0
1.0
1.0
1.0
1.0
1.0
1.0
1.0
1.0
1.0
1.0
1.0
1.0
1.0
1.0
0.99999976
1.0
1.0
0.99999976
1.0
1.0
1.0
0.9999999
1.0
1.0
1.0
1.0
1.0
1.0
1.0
1.0
1.0
1.0
1.0
1.0
1.0
1.0
1.0
1.0
1.0
1.0
1.0
1.0
1.0
1.0
1.0
1.0
1.0
1.0
1.0
1.0
1.0
1.0
1.0
1.0
1.0
1.0
1.0
1.0
1.0
1.0
1.0
0.9999963
0.99999857
0.99996626
1.0
1.0
1.0
1.0
1.0
1.0
0.9999151
0.9999999
1.0
1.0
1.0
1.0
1.0
1.0
1.0
0.9999999
1.0
0.999985
1.0
1.0
1.0
1.0
1.0
1.0
0.99922466
1.0
0.9999981
1.0
0.9999999
1.0
1.0
1.0
0.99991536
1.0
1.0
1.0
1.0
1.0
1.0
1.0
1.0
1.0
1.0
1.0
1.0
1.0
1.0
0.9999993
1.0
0.99999964
1.0
1.0
1.0
1.0
1.0
1.0
1.0
1.0
0.9999982
1.0
1.0
0.99999976
1.0
1.0
0.9999995
1.0
1.0
1.0
1.0
1.0
1.0
1.0
1.0
1.0
1.0
1.0
1.0
0.9981755
1.0
1.0
1.0
1.0
1.0
1.0
1.0
1.0
0.9999579
0.9999994
1.0
1.0
1.0
1.0
1.0
1.0
1.0
1.0
1.0
1.0
1.0
1.0
1.0
0.99999785
1.0
1.0
1.0
0.9999999
1.0
1.0
1.0
1.0
1.0
0.9893735
1.0
1.0
1.0
1.0
1.0
1.0
0.99999
1.0
1.0
1.0
1.0
0.9999995
1.0
1.0
1.0
1.0
1.0
1.0
1.0
1.0
0.9999999
1.0
0.9999728
1.0
1.0
1.0
0.9999013
1.0
1.0
1.0
1.0
1.0
0.9999143
0.99999964
1.0
1.0
0.9999999
0.9999999
0.9999558
1.0
0.9999982
1.0
0.9999995
0.9999989
1.0
1.0
1.0
0.99999964
0.98520005
0.7338813
1.0
0.9995499
0.9971886
0.9999968
0.9331847
0.98910505
0.9999999
1.0
1.0
0.99999523
0.9999999
0.9999994
0.9981117
0.999816
0.9999974
0.5239006
0.9871339
0.9999528
0.98186505
0.9999994
0.65597314
0.9999782
0.9936866
0.99999726
0.99999905
1.0
1.0
1.0
0.9999999
1.0
1.0
1.0
1.0
1.0
1.0
0.9999993
0.98139244
1.0
0.9999999
1.0
0.99997115
0.98640615
0.99575067
0.9925909
1.0
1.0
0.99999917
0.9993637
1.0
0.9986773
1.0
1.0
0.99527246
0.9999999
0.9999989
1.0
1.0
0.9999993
0.99969923
0.999972
1.0
0.99999785
0.9999596
1.0
1.0
0.99999976
0.99999225
0.9999995
0.9999993
0.6059011
1.0
0.9999993
1.0
1.0
1.0
0.9999932
0.9990637
1.0
1.0
1.0
0.99987864
1.0
1.0
1.0
1.0
1.0
0.99999905
0.9999999
1.0
0.99992394
0.9999999
1.0
1.0
1.0
0.9999989
0.88831675
1.0
1.0
1.0
1.0
0.9999945
1.0
1.0
1.0
1.0
0.99999917
0.99999106
1.0
1.0
1.0
0.9999999
0.99999964
0.99999976
1.0
1.0
1.0
0.9999989
1.0
1.0
1.0
1.0
0.99991417
1.0
1.0
1.0
0.9999696
1.0
1.0
1.0
1.0
1.0
1.0
0.99999666
1.0
1.0
0.99999034
0.99997973
1.0
0.9999976
1.0
1.0
1.0
1.0
1.0
1.0
1.0
1.0
1.0
1.0
1.0
0.99997354
1.0
0.9999999
1.0
0.9999931
1.0
1.0
1.0
1.0
1.0
1.0
1.0
0.99998593
1.0
1.0
0.9863963
0.9999994
1.0
0.9999999
0.99999964
1.0
1.0
1.0
1.0
0.99999964
0.9999995
0.9999682
1.0
1.0
1.0
1.0
1.0
1.0
1.0
0.9700438
0.99995124
1.0
0.9999999
0.9856915
0.9999993
1.0
0.99791044
1.0
0.99999213
0.9999999
1.0
1.0
1.0
0.99999964
0.9985936
0.9994778
1.0
1.0
0.9999999
1.0
1.0
0.99999094
1.0
0.9999999
0.9999999
1.0
1.0
0.99971336
0.99962795
1.0
1.0
1.0
1.0
1.0
1.0
1.0
1.0
1.0
1.0
0.99997914
1.0
0.9999999
0.7843303
0.9999666
0.99989676
1.0
0.9999994
0.99999964
1.0
1.0
0.9999982
1.0
0.999995
1.0
1.0
0.99483466
1.0
1.0
1.0
1.0
0.9999999
1.0
1.0
1.0
1.0
0.99999976
0.99999523
1.0
1.0
1.0
0.99999976
1.0
0.99999857
1.0
1.0
1.0
0.9999877
1.0
1.0
1.0
1.0
1.0
1.0
1.0
1.0
1.0
0.9999981
1.0
1.0
1.0
1.0
1.0
1.0
1.0
1.0
1.0
1.0
1.0
1.0
1.0
1.0
1.0
1.0
1.0
1.0
1.0
0.9314193
1.0
1.0
1.0
1.0
1.0
1.0
1.0
1.0
1.0
1.0
1.0
1.0
1.0
1.0
1.0
1.0
1.0
1.0
1.0
1.0
1.0
1.0
1.0
1.0
1.0
1.0
1.0
1.0
1.0
1.0
0.99999654
1.0
1.0
1.0
1.0
0.99999964
1.0
1.0
0.99999917
1.0
1.0
1.0
1.0
1.0
1.0
1.0
0.9999999
0.9998965
1.0
1.0
1.0
0.9999933
1.0
1.0
1.0
1.0
1.0
1.0
0.9998659
1.0
1.0
0.99999976
0.99999905
1.0
0.99999726
1.0
0.9999994
1.0
0.9999999
1.0
1.0
0.9999912
1.0
1.0
1.0
1.0
1.0
1.0
0.99999964
1.0
1.0
0.9999999
1.0
1.0
1.0
1.0
1.0
1.0
1.0
1.0
1.0
1.0
0.9999993
1.0
1.0
1.0
0.9999999
0.9999949
1.0
1.0
1.0
1.0
1.0
1.0
1.0
1.0
0.99985826
1.0
1.0
1.0
1.0
1.0
1.0
1.0
1.0
1.0
0.9999999
1.0
1.0
0.99999964
1.0
1.0
1.0
0.99999976
1.0
1.0
1.0
1.0
1.0
1.0
1.0
1.0
1.0
0.9999974
1.0
1.0
1.0
1.0
1.0
1.0
1.0
1.0
1.0
1.0
1.0
1.0
1.0
1.0
1.0
1.0
0.99999857
1.0
1.0
1.0
1.0
1.0
1.0
1.0
1.0
1.0
0.9999999
1.0
1.0
1.0
1.0
1.0
1.0
1.0
1.0
1.0
1.0
1.0
1.0
0.9999999
1.0
1.0
1.0
1.0
1.0
1.0
0.9999999
0.9999999
0.999998
0.99999976
1.0
1.0
1.0
1.0
1.0
1.0
1.0
1.0
1.0
1.0
1.0
1.0
0.99999976
1.0
1.0
1.0
1.0
0.9997763
1.0
1.0
1.0
1.0
0.99978155
1.0
1.0
1.0
1.0
1.0
1.0
0.9999999
1.0
1.0
0.99999726
1.0
1.0
1.0
1.0
1.0
1.0
0.9999987
1.0
1.0
0.9999999
1.0
1.0
1.0
1.0
1.0
1.0
0.9999442
1.0
1.0
1.0
1.0
1.0
1.0
1.0
0.9999926
1.0
1.0
1.0
0.99999917
1.0
0.999995
1.0
1.0
1.0
1.0
0.9999994
1.0
1.0
1.0
1.0
1.0
0.99999976
0.99983335
1.0
1.0
1.0
1.0
1.0
1.0
1.0
0.99997485
1.0
1.0
1.0
1.0
1.0
0.99999046
1.0
1.0
1.0
1.0
1.0
1.0
0.9999993
1.0
1.0
1.0
0.9999993
1.0
1.0
0.9997024
0.99999964
1.0
1.0
1.0
1.0
1.0
1.0
1.0
1.0
1.0
1.0
1.0
0.9999931
1.0
1.0
0.9999999
1.0
1.0
0.9996772
1.0
0.99999976
1.0
1.0
1.0
1.0
1.0
1.0
1.0
1.0
1.0
1.0
1.0
1.0
1.0
1.0
1.0
1.0
1.0
0.99999917
1.0
1.0
1.0
1.0
0.9999908
1.0
1.0
0.9999999
1.0
1.0
1.0
1.0
1.0
1.0
1.0
1.0
1.0
1.0
1.0
1.0
1.0
1.0
1.0
0.99965465
1.0
1.0
1.0
1.0
1.0
0.9999957
0.99999726
1.0
1.0
0.9998723
1.0
0.99999845
1.0
0.996816
1.0
1.0
1.0
0.9522009
1.0
1.0
1.0
0.99999964
1.0
1.0
1.0
0.9999999
0.99999964
0.99999964
1.0
1.0
0.99997354
1.0
1.0
1.0
0.9999672
1.0
0.8162976
1.0
0.9999933
1.0
1.0
0.99995303
0.9999999
0.9999999
1.0
1.0
0.9999974
1.0
1.0
1.0
0.9969078
1.0
1.0
1.0
1.0
1.0
1.0
1.0
1.0
0.9999982
1.0
0.99999976
1.0
1.0
1.0
1.0
1.0
1.0
0.99958736
0.9999845
1.0
1.0
1.0
1.0
1.0
1.0
1.0
1.0
1.0
0.9999993
1.0
1.0
1.0
1.0
1.0
1.0
1.0
1.0
1.0
0.9999999
1.0
1.0
0.9999999
1.0
1.0
0.9999999
1.0
1.0
1.0
1.0
1.0
1.0
1.0
1.0
1.0
0.99999976
1.0
1.0
1.0
1.0
0.9998995
1.0
1.0
1.0
1.0
1.0
1.0
1.0
1.0
1.0
1.0
1.0
1.0
1.0
1.0
1.0
1.0
1.0
1.0
1.0
1.0
1.0
1.0
1.0
1.0
0.99999976
1.0
1.0
1.0
1.0
1.0
1.0
1.0
1.0
1.0
1.0
1.0
1.0
1.0
1.0
0.9999989
1.0
1.0
1.0
1.0
0.9999944
1.0
0.99999976
1.0
1.0
1.0
1.0
1.0
1.0
1.0
1.0
1.0
1.0
1.0
1.0
1.0
0.99999917
1.0
1.0
1.0
1.0
0.9999964
1.0
1.0
1.0
1.0
1.0
1.0
1.0
1.0
0.99999845
1.0
1.0
1.0
1.0
1.0
0.9999906
1.0
1.0
1.0
1.0
1.0
1.0
1.0
1.0
1.0
0.9999999
0.9999682
1.0
0.99999356
1.0
1.0
0.9999999
0.9999995
1.0
1.0
0.9999964
1.0
1.0
0.9999982
1.0
1.0
0.9999993
1.0
1.0
1.0
0.9999987
1.0
1.0
1.0
1.0
1.0
0.9999995
0.99999964
1.0
1.0
0.99999964
0.9999993
0.99987495
1.0
0.99854517
1.0
1.0
1.0
1.0
0.99999976
1.0
0.99997294
1.0
1.0
1.0
0.999997
0.99999976
0.9999943
1.0
1.0
1.0
0.99980193
1.0
1.0
1.0
1.0
1.0
0.99996316
1.0
1.0
1.0
0.9999993
0.9999999
0.9999999
1.0
0.9999987
0.9999999
1.0
0.99999964
0.99999917
1.0
0.9999993
0.94041944
0.9999999
1.0
1.0
0.9999777
1.0
1.0
1.0
1.0
1.0
1.0
0.99962425
1.0
1.0
0.9999995
0.99999976
1.0
1.0
0.99999774
0.99999595
0.9999511
1.0
1.0
1.0
1.0
1.0
0.9999428
1.0
1.0
1.0
1.0
0.9999994
0.99999976
0.9999471
1.0
1.0
1.0
1.0
1.0
0.99999976
1.0
1.0
0.9999716
0.9999999
1.0
1.0
1.0
1.0
1.0
1.0
1.0
0.9999976
0.9999999
1.0
1.0
1.0
1.0
1.0
1.0
1.0
1.0
1.0
0.99999976
0.9999999
1.0
1.0
0.99999976
0.9999989
1.0
1.0
1.0
1.0
0.9999999
0.99999964
1.0
1.0
1.0
1.0
1.0
1.0
1.0
1.0
1.0
1.0
0.9999999
1.0
0.9999999
1.0
1.0
1.0
1.0
1.0
1.0
0.99999905
1.0
1.0
1.0
0.99999905
1.0
0.99999976
0.99999964
0.9999999
0.9998442
1.0
1.0
1.0
1.0
1.0
0.99997556
1.0
1.0
1.0
1.0
1.0
1.0
1.0
1.0
1.0
1.0
1.0
1.0
1.0
0.9999995
1.0
1.0
1.0
1.0
1.0
1.0
1.0
1.0
0.99999964
0.9999999
1.0
0.9999951
1.0
1.0
1.0
0.9999999
1.0
1.0
1.0
1.0
1.0
1.0
1.0
1.0
0.999997
1.0
1.0
1.0
1.0
1.0
1.0
1.0
1.0
1.0
1.0
1.0
1.0
1.0
1.0
1.0
1.0
1.0
0.9999666
1.0
0.9999999
1.0
0.9999995
1.0
1.0
0.9999988
0.9999999
1.0
1.0
1.0
0.9999994
1.0
0.9999783
1.0
1.0
1.0
1.0
0.9999999
1.0
1.0
1.0
1.0
1.0
1.0
1.0
1.0
1.0
1.0
1.0
1.0
1.0
1.0
0.9999993
0.9999968
0.99999976
1.0
1.0
1.0
1.0
1.0
0.99999976
1.0
1.0
1.0
0.9999994
1.0
1.0
1.0
0.9999999
1.0
1.0
1.0
1.0
0.9999995
1.0
1.0
1.0
1.0
1.0
0.9999999
1.0
1.0
1.0
1.0
1.0
1.0
1.0
1.0
1.0
1.0
1.0
1.0
0.99999976
1.0
1.0
1.0
1.0
1.0
1.0
1.0
1.0
0.9999989
1.0
1.0
1.0
1.0
1.0
1.0
1.0
1.0
1.0
1.0
1.0
0.9999846
1.0
0.99999964
0.99998987
0.9997855
1.0
1.0
1.0
1.0
1.0
1.0
1.0
1.0
1.0
0.9999958
1.0
1.0
0.9999994
1.0
1.0
1.0
1.0
1.0
1.0
0.9999994
1.0
1.0
1.0
1.0
1.0
1.0
1.0
1.0
1.0
1.0
1.0
1.0
1.0
1.0
1.0
0.99999964
1.0
1.0
1.0
1.0
0.99999976
1.0
1.0
1.0
0.99999964
1.0
1.0
1.0
1.0
0.99999785
1.0
1.0
1.0
1.0
1.0
1.0
1.0
0.9999999
0.9999993
1.0
0.99997175
1.0
0.9999988
0.99986863
1.0
1.0
1.0
1.0
1.0
1.0
0.99999976
1.0
1.0
1.0
1.0
1.0
0.9996145
1.0
0.99999964
1.0
1.0
1.0
1.0
0.9999999
0.9997967
1.0
0.99999976
1.0
1.0
0.99999976
1.0
1.0
1.0
1.0
1.0
1.0
1.0
1.0
1.0
1.0
0.99997175
1.0
0.9999974
0.99999964
1.0
0.9999733
1.0
1.0
0.98341817
1.0
0.9999993
1.0
0.89410317
0.9999999
0.99996054
1.0
0.99974877
1.0
1.0
0.9999964
0.99998844
0.99999976
0.9999994
0.99999535
1.0
1.0
1.0
1.0
1.0
1.0
1.0
1.0
1.0
0.99999976
1.0
1.0
1.0
0.9999989
1.0
1.0
0.99999976
1.0
1.0
1.0
1.0
1.0
1.0
1.0
1.0
0.99999845
1.0
1.0
1.0
1.0
1.0
1.0
1.0
0.99999917
1.0
1.0
1.0
1.0
0.9999987
1.0
1.0
0.9985304
0.99998975
1.0
1.0
1.0
1.0
0.99999976
1.0
1.0
1.0
0.9999995
1.0
0.9999999
0.99980706
1.0
0.99999976
0.99999547
1.0
1.0
0.9999949
1.0
1.0
0.99999774
1.0
1.0
0.99996376
0.9999013
1.0
1.0
1.0
1.0
1.0
1.0
1.0
1.0
1.0
1.0
1.0
1.0
1.0
1.0
1.0
1.0
0.9999999
1.0
1.0
1.0
1.0
1.0
1.0
0.99999976
1.0
1.0
1.0
1.0
1.0
1.0
1.0
0.99999976
1.0
1.0
1.0
0.99999845
1.0
1.0
1.0
1.0
1.0
1.0
0.99994063
1.0
1.0
1.0
1.0
1.0
1.0
0.9999918
1.0
1.0
1.0
1.0
1.0
1.0
0.9999938
1.0
1.0
1.0
1.0
0.9999981
0.9884574
1.0
1.0
0.99999964
1.0
1.0
1.0
0.99999976
1.0
1.0
1.0
1.0
0.9999976
1.0
1.0
1.0
1.0
0.9999622
1.0
1.0
1.0
1.0
1.0
1.0
1.0
0.99999905
1.0
1.0
1.0
1.0
1.0
1.0
1.0
1.0
1.0
1.0
1.0
1.0
1.0
0.99999976
1.0
1.0
1.0
1.0
1.0
1.0
1.0
1.0
1.0
1.0
1.0
1.0
0.9999782
0.99999917
1.0
1.0
1.0
1.0
1.0
1.0
1.0
1.0
1.0
1.0
1.0
1.0
1.0
1.0
0.9955764
1.0
0.8965859
1.0
0.99999976
0.99999154
0.9999968
1.0
1.0
1.0
0.9996617
1.0
0.99998665
1.0
1.0
0.9999999
0.9999993
1.0
1.0
1.0
0.99999726
1.0
0.9999999
1.0
1.0
1.0
1.0
1.0
1.0
1.0
1.0
1.0
0.9999949
0.9996991
0.99999106
0.9713029
0.9998721
1.0
1.0
1.0
1.0
1.0
1.0
0.999985
1.0
0.9999871
0.9999988
0.99998164
0.9999989
1.0
1.0
0.9999964
1.0
1.0
1.0
1.0
1.0
1.0
1.0
1.0
0.99999976
1.0
1.0
1.0
1.0
1.0
1.0
0.9999956
1.0
0.9991129
1.0
1.0
1.0
1.0
1.0
1.0
1.0
0.99999976
1.0
1.0
0.99999917
1.0
1.0
1.0
0.99999833
1.0
1.0
0.99999976
1.0
1.0
1.0
0.99999845
0.9999821
1.0
0.99999905
1.0
1.0
1.0
1.0
1.0
1.0
1.0
1.0
1.0
1.0
0.9999999
0.99999285
1.0
1.0
0.9999987
1.0
1.0
0.99999964
1.0
1.0
0.9999999
1.0
1.0
1.0
1.0
1.0
1.0
0.9996222
0.9983259
0.9999497
0.9990639
0.9999995
1.0
1.0
1.0
1.0
1.0
1.0
1.0
1.0
1.0
1.0
0.99998534
0.9999999
0.9999703
1.0
1.0
1.0
1.0
0.999998
1.0
1.0
1.0
1.0
0.9999993
1.0
0.9999999
1.0
0.9999999
0.9999995
1.0
1.0
1.0
0.99999726
1.0
1.0
1.0
1.0
1.0
1.0
1.0
0.99999976
1.0
0.99999774
0.9999993
1.0
0.9999999
1.0
1.0
1.0
1.0
1.0
1.0
1.0
1.0
1.0
1.0
1.0
1.0
0.99999034
0.99999845
0.9999975
0.9887227
0.9999999
1.0
1.0
0.9999976
1.0
1.0
0.99998975
0.9999871
0.99999726
0.9999999
1.0
1.0
0.999997
0.9999962
1.0
0.99998224
1.0
1.0
0.9999989
1.0
0.9999999
0.9999999
1.0
1.0
1.0
0.99999976
0.55597407
0.99998426
0.99995863
1.0
0.9999851
0.99629754
0.9999995
1.0
1.0
0.99999464
0.9999995
1.0
1.0
0.9999999
0.99999964
0.99998546
1.0
1.0
1.0
1.0
1.0
1.0
0.99999785
1.0
1.0
1.0
0.99999106
1.0
1.0
1.0
1.0
1.0
1.0
1.0
1.0
1.0
1.0
0.9999993
0.9919391
1.0
0.99999857
1.0
0.998985
0.847866
0.99999654
1.0
0.999998
0.99977237
0.9999995
0.999949
0.99999547
1.0
0.99584454
0.99971646
0.99999964
1.0
1.0
1.0
1.0
0.99963987
1.0
0.9999137
0.9999999
1.0
1.0
1.0
0.9999956
1.0
1.0
1.0
1.0
1.0
1.0
1.0
1.0
1.0
0.99999964
1.0
0.99999905
1.0
0.9999999
1.0
1.0
1.0
1.0
0.99995244
0.99999976
1.0
1.0
1.0
1.0
1.0
1.0
1.0
1.0
1.0
1.0
1.0
1.0
0.99999034
0.9999999
0.99994767
0.9999994
0.9999981
1.0
1.0
1.0
1.0
0.9999924
0.99988186
0.99999094
1.0
1.0
1.0
0.9999999
0.9999974
0.9999981
1.0
0.99999905
1.0
1.0
1.0
1.0
1.0
0.9999993
1.0
1.0
1.0
1.0
1.0
1.0
1.0
1.0
0.99972385
1.0
0.5209644
1.0
0.9999865
1.0
1.0
1.0
1.0
1.0
1.0
1.0
1.0
1.0
1.0
1.0
0.9999918
1.0
1.0
0.9999764
0.9991536
1.0
1.0
1.0
1.0
0.99993026
1.0
1.0
1.0
1.0
1.0
1.0
1.0
1.0
1.0
1.0
1.0
1.0
1.0
1.0
1.0
1.0
1.0
1.0
1.0
1.0
1.0
1.0
1.0
1.0
1.0
1.0
1.0
1.0
1.0
1.0
1.0
1.0
1.0
1.0
1.0
1.0
1.0
1.0
1.0
1.0
1.0
1.0
1.0
1.0
1.0
1.0
1.0
1.0
1.0
1.0
1.0
1.0
1.0
1.0
0.9999989
1.0
1.0
1.0
1.0
1.0
0.9999999
1.0
1.0
0.9999999
1.0
1.0
1.0
1.0
1.0
1.0
0.99998915
0.9999999
0.99999464
1.0
1.0
1.0
0.99999607
1.0
1.0
1.0
1.0
1.0
1.0
1.0
1.0
1.0
1.0
0.9999999
0.9983072
1.0
0.99999964
0.9999889
1.0
1.0
1.0
0.9599023
1.0
1.0
0.9999988
1.0
1.0
1.0
0.9999999
1.0
1.0
1.0
1.0
0.9999995
1.0
1.0
1.0
1.0
1.0
1.0
1.0
1.0
1.0
1.0
1.0
1.0
1.0
1.0
1.0
1.0
1.0
0.9999999
1.0
1.0
1.0
1.0
1.0
1.0
1.0
1.0
1.0
1.0
1.0
1.0
1.0
1.0
1.0
1.0
1.0
1.0
1.0
1.0
1.0
1.0
1.0
1.0
1.0
1.0
0.9999913
1.0
1.0
1.0
1.0
1.0
1.0
1.0
1.0
1.0
1.0
1.0
1.0
1.0
1.0
1.0
1.0
1.0
1.0
1.0
1.0
1.0
1.0
0.9999739
1.0
1.0
1.0
1.0
1.0
1.0
1.0
1.0
1.0
1.0
1.0
1.0
1.0
1.0
1.0
0.99999976
1.0
1.0
1.0
1.0
1.0
1.0
1.0
1.0
1.0
1.0
1.0
1.0
1.0
0.9999976
1.0
1.0
1.0
1.0
1.0
1.0
1.0
1.0
1.0
1.0
1.0
1.0
1.0
1.0
1.0
0.9999994
1.0
1.0
0.9999988
1.0
1.0
1.0
1.0
1.0
1.0
1.0
1.0
1.0
1.0
1.0
1.0
1.0
1.0
1.0
1.0
1.0
1.0
1.0
1.0
1.0
1.0
1.0
1.0
1.0
1.0
1.0
1.0
1.0
1.0
1.0
1.0
1.0
1.0
1.0
1.0
1.0
1.0
1.0
1.0
1.0
1.0
1.0
0.9999994
1.0
1.0
1.0
1.0
0.99999857
1.0
1.0
1.0
1.0
1.0
1.0
1.0
1.0
1.0
1.0
1.0
0.99999976
1.0
1.0
1.0
1.0
1.0
1.0
1.0
1.0
1.0
1.0
1.0
1.0
1.0
1.0
1.0
1.0
1.0
1.0
0.9999999
1.0
0.99999964
1.0
1.0
1.0
0.99999964
1.0
1.0
1.0
1.0
1.0
1.0
1.0
1.0
1.0
1.0
1.0
1.0
1.0
1.0
1.0
1.0
1.0
1.0
1.0
1.0
1.0
1.0
1.0
1.0
1.0
1.0
1.0
1.0
1.0
1.0
1.0
1.0
1.0
1.0
1.0
1.0
1.0
1.0
0.99999774
1.0
1.0
1.0
1.0
1.0
1.0
0.9999999
1.0
1.0
1.0
1.0
1.0
1.0
1.0
1.0
1.0
1.0
1.0
1.0
1.0
1.0
1.0
1.0
1.0
0.9999995
0.9999988
1.0
1.0
1.0
1.0
1.0
1.0
1.0
1.0
1.0
1.0
1.0
1.0
1.0
1.0
1.0
1.0
1.0
1.0
1.0
1.0
1.0
1.0
1.0
1.0
1.0
1.0
1.0
1.0
1.0
1.0
1.0
1.0
1.0
1.0
1.0
1.0
1.0
1.0
0.99999833
1.0
1.0
1.0
1.0
1.0
1.0
1.0
1.0
1.0
1.0
1.0
1.0
0.99999976
1.0
1.0
1.0
1.0
1.0
1.0
1.0
1.0
1.0
1.0
1.0
1.0
1.0
1.0
1.0
1.0
1.0
1.0
1.0
1.0
1.0
1.0
0.99998784
1.0
1.0
1.0
1.0
0.9999994
1.0
0.99999285
1.0
1.0
1.0
1.0
1.0
1.0
1.0
0.9999999
1.0
1.0
0.9999994
1.0
1.0
1.0
1.0
1.0
0.9999969
1.0
1.0
1.0
1.0
1.0
1.0
0.99999845
1.0
1.0
1.0
1.0
1.0
1.0
0.9999999
1.0
1.0
1.0
1.0
1.0
1.0
1.0
1.0
1.0
1.0
0.99999976
1.0
1.0
1.0
1.0
1.0
1.0
1.0
1.0
1.0
1.0
1.0
1.0
0.9999988
1.0
1.0
1.0
1.0
1.0
1.0
1.0
0.9999987
1.0
1.0
0.9999999
1.0
1.0
1.0
1.0
1.0
1.0
1.0
0.99999917
1.0
1.0
1.0
1.0
1.0
1.0
1.0
1.0
1.0
1.0
0.9999995
1.0
1.0
1.0
1.0
1.0
1.0
1.0
1.0
0.9999999
0.9999999
1.0
1.0
1.0
1.0
1.0
1.0
1.0
1.0
1.0
0.99999976
1.0
1.0
1.0
0.99999
1.0
1.0
1.0
1.0
1.0
1.0
0.9999999
0.99999964
1.0
1.0
0.990346
0.99995184
1.0
0.9998086
1.0
0.9999987
0.93362975
0.99979204
0.99995255
0.99999976
0.999153
1.0
1.0
0.9999999
0.9999987
0.99451244
0.9999964
0.99997044
1.0
0.99999523
1.0
1.0
1.0
0.9999995
1.0
1.0
1.0
0.9999579
0.9999999
0.99999666
1.0
0.9999999
1.0
1.0
0.99999976
0.99999976
0.9999993
0.9999987
1.0
1.0
1.0
0.99999917
1.0
1.0
1.0
0.9999995
1.0
1.0
0.9999763
1.0
1.0
1.0
1.0
1.0
1.0
1.0
1.0
1.0
1.0
1.0
0.99988997
1.0
0.9999981
1.0
1.0
1.0
1.0
1.0
1.0
1.0
0.99999964
1.0
1.0
1.0
1.0
1.0
1.0
1.0
1.0
1.0
1.0
1.0
1.0
1.0
1.0
1.0
1.0
1.0
1.0
1.0
1.0
1.0
1.0
1.0
1.0
1.0
1.0
1.0
1.0
1.0
1.0
0.9999999
1.0
1.0
1.0
1.0
1.0
1.0
1.0
1.0
1.0
1.0
1.0
1.0
0.99999845
1.0
1.0
1.0
1.0
1.0
1.0
1.0
1.0
1.0
1.0
1.0
1.0
1.0
1.0
1.0
1.0
1.0
0.9999999
1.0
1.0
1.0
1.0
1.0
1.0
1.0
1.0
1.0
1.0
1.0
0.99999976
1.0
1.0
1.0
1.0
0.9994967
1.0
1.0
1.0
1.0
1.0
1.0
1.0
1.0
1.0
1.0
1.0
0.9999995
1.0
1.0
1.0
1.0
1.0
1.0
1.0
1.0
1.0
1.0
1.0
1.0
1.0
1.0
1.0
0.9999999
1.0
0.99999785
1.0
1.0
1.0
1.0
1.0
1.0
1.0
1.0
1.0
1.0
1.0
1.0
1.0
1.0
1.0
0.99999964
0.9999995
0.9999994
1.0
1.0
0.9999999
1.0
1.0
1.0
1.0
0.99974674
1.0
0.9999994
1.0
0.9999981
1.0
1.0
1.0
1.0
1.0
1.0
0.99999857
1.0
1.0
1.0
1.0
1.0
1.0
1.0
0.9999999
1.0
1.0
1.0
1.0
1.0
1.0
1.0
1.0
1.0
1.0
1.0
0.99996424
1.0
1.0
1.0
1.0
0.9999999
1.0
0.99995506
0.99999475
1.0
0.99999726
1.0
1.0
1.0
0.99999106
1.0
1.0
1.0
1.0
1.0
1.0
1.0
1.0
0.9999999
1.0
1.0
1.0
0.9999999
1.0
1.0
1.0
1.0
1.0
1.0
1.0
0.99999654
1.0
1.0
1.0
1.0
1.0
1.0
1.0
1.0
1.0
1.0
1.0
1.0
1.0
1.0
1.0
0.99999666
0.9999999
1.0
1.0
1.0
1.0
1.0
1.0
1.0
1.0
1.0
1.0
0.99999964
1.0
1.0
1.0
1.0
1.0
1.0
1.0
0.99999964
1.0
1.0
1.0
1.0
1.0
1.0
1.0
1.0
1.0
1.0
1.0
1.0
1.0
1.0
0.99999845
1.0
1.0
1.0
1.0
1.0
0.99999976
1.0
1.0
1.0
1.0
0.99973315
1.0
1.0
1.0
0.9999976
1.0
1.0
1.0
1.0
1.0
1.0
1.0
1.0
1.0
1.0
1.0
1.0
1.0
1.0
1.0
1.0
1.0
1.0
1.0
1.0
1.0
1.0
0.99999917
1.0
1.0
1.0
1.0
1.0
0.9999964
0.99999976
0.9999995
1.0
1.0
1.0
1.0
0.99989355
1.0
1.0
0.9999999
1.0
1.0
1.0
1.0
1.0
1.0
0.9999999
1.0
1.0
1.0
1.0
1.0
0.9999993
1.0
1.0
1.0
1.0
1.0
1.0
1.0
1.0
1.0
1.0
1.0
1.0
1.0
1.0
1.0
1.0
1.0
1.0
1.0
1.0
1.0
1.0
0.9933785
0.99998844
0.99999356
1.0
0.99999774
1.0
0.9999999
1.0
1.0
1.0
1.0
1.0
1.0
1.0
1.0
1.0
1.0
1.0
1.0
1.0
1.0
1.0
1.0
1.0
1.0
0.9968832
1.0
1.0
1.0
1.0
1.0
1.0
1.0
1.0
1.0
0.9999976
1.0
1.0
1.0
1.0
1.0
1.0
0.99999976
1.0
1.0
0.99999964
0.99999976
1.0
1.0
1.0
1.0
1.0
1.0
1.0
1.0
1.0
0.99999917
1.0
1.0
1.0
1.0
1.0
1.0
1.0
1.0
1.0
1.0
0.9999993
1.0
0.99999976
0.99999964
0.9999949
1.0
0.9999994
1.0
1.0
0.9999882
1.0
1.0
0.9999831
1.0
1.0
1.0
1.0
0.9517955
1.0
0.9999999
0.9999964
1.0
1.0
1.0
0.999997
0.9999999
1.0
1.0
1.0
0.9996051
1.0
1.0
1.0
1.0
1.0
1.0
1.0
1.0
0.9999999
0.9999839
1.0
1.0
0.8804248
1.0
1.0
1.0
0.9999993
1.0
1.0
1.0
0.999848
0.9997582
0.9997665
1.0
1.0
1.0
0.99999976
1.0
0.9999993
1.0
1.0
1.0
1.0
1.0
1.0
1.0
0.9999776
1.0
1.0
1.0
1.0
0.9999999
0.9999982
1.0
0.99998415
1.0
1.0
1.0
1.0
1.0
1.0
1.0
1.0
0.9988921
1.0
1.0
1.0
1.0
1.0
1.0
1.0
1.0
0.99999905
1.0
1.0
0.9999999
1.0
1.0
1.0
0.5352998
1.0
1.0
1.0
1.0
1.0
1.0
0.99999976
0.99999964
0.99999774
1.0
1.0
0.99999535
1.0
1.0
1.0
1.0
1.0
0.99999976
1.0
0.9999691
0.99999917
1.0
0.99999905
1.0
0.9999832
1.0
0.9999999
1.0
1.0
0.99999964
0.9999999
1.0
0.95172536
1.0
0.9999987
0.99999976
0.9999994
0.9999987
0.9999999
0.99749786
0.99999964
1.0
1.0
1.0
1.0
1.0
0.98407125
1.0
0.9279796
0.9999993
0.692918
1.0
1.0
1.0
0.9790877
0.99994814
0.9999988
0.9999951
1.0
1.0
1.0
0.9999976
0.9999982
0.9999994
0.9999831
0.99999046
1.0
0.99999964
1.0
1.0
0.9999994
1.0
0.9999999
0.9999975
1.0
0.9999994
0.9728574
0.99999917
0.9999995
1.0
1.0
0.99987304
1.0
1.0
0.99998105
1.0
1.0
1.0
0.9999999
0.99999523
0.9999999
0.9096982
1.0
1.0
1.0
0.9999995
1.0
1.0
0.9991461
0.99999595
1.0
1.0
1.0
1.0
0.9854761
0.99967396
0.9999995
1.0
0.99999917
0.9999999
0.92661923
0.9999994
0.99998176
0.9999995
1.0
0.9999994
1.0
1.0
1.0
1.0
1.0
0.9999999
1.0
1.0
1.0
0.99999654
0.99878126
1.0
0.99999046
1.0
1.0
0.9999999
0.9999995
1.0
1.0
0.999992
0.99999964
1.0
0.99999774
1.0
1.0
0.9999994
0.9999989
0.9999958
1.0
0.9998129
1.0
0.9999999
0.9999999
1.0
1.0
1.0
0.9997056
0.9992729
1.0
1.0
1.0
0.9999999
1.0
1.0
1.0
0.99999666
0.9999994
0.9999912
0.99999774
0.99999964
0.99927825
0.999438
1.0
1.0
0.9999995
1.0
1.0
1.0
0.8853186
1.0
1.0
1.0
1.0
0.99998116
0.9982666
1.0
0.9786154
1.0
1.0
1.0
1.0
1.0
1.0
0.9999715
1.0
0.99964964
1.0
0.99999595
0.99996865
1.0
0.99999976
1.0
1.0
1.0
0.9999999
1.0
1.0
1.0
0.9962315
0.9998273
1.0
0.99999976
1.0
1.0
1.0
0.9999999
0.99998796
1.0
1.0
1.0
1.0
1.0
1.0
1.0
0.99972945
1.0
1.0
0.99964833
1.0
1.0
1.0
0.9999999
0.9999999
1.0
1.0
1.0
0.9999999
1.0
1.0
1.0
1.0
1.0
0.9999999
1.0
0.99999917
0.99999666
1.0
0.9999659
0.999998
1.0
1.0
1.0
1.0
1.0
1.0
0.8200969
0.99999154
0.99999356
1.0
1.0
1.0
1.0
1.0
0.9996542
1.0
1.0
0.9988945
1.0
1.0
1.0
1.0
0.99985945
0.98222154
1.0
0.99999976
1.0
1.0
1.0
1.0
1.0
1.0
1.0
1.0
0.9999896
1.0
1.0
1.0
1.0
1.0
1.0
0.999962
1.0
1.0
1.0
1.0
0.9963152
0.9999999
1.0
1.0
0.99997663
0.99999225
0.99999976
0.9999999
1.0
0.9998903
1.0
0.9999634
0.9994332
0.9999999
0.9999343
1.0
1.0
1.0
1.0
1.0
1.0
1.0
1.0
0.99999595
0.99999917
0.98478913
0.9966898
0.99997187
1.0
1.0
1.0
1.0
1.0
1.0
0.9999939
1.0
1.0
0.9999987
1.0
0.9999994
1.0
1.0
1.0
0.9999994
1.0
0.9999945
0.99999905
1.0
1.0
1.0
1.0
1.0
1.0
1.0
1.0
1.0
1.0
1.0
0.99998677
1.0
0.9999995
0.9999982
0.9999131
1.0
1.0
1.0
0.99999964
1.0
1.0
1.0
1.0
1.0
1.0
1.0
1.0
0.9999995
1.0
1.0
1.0
1.0
1.0
1.0
1.0
1.0
1.0
1.0
0.9999993
1.0
1.0
1.0
1.0
0.99999094
0.9999989
1.0
0.99999845
1.0
0.9999865
1.0
1.0
0.9999999
1.0
0.9999939
0.99999976
0.7284575
1.0
1.0
1.0
1.0
1.0
1.0
1.0
1.0
1.0
0.99999917
0.9999999
1.0
1.0
1.0
1.0
1.0
1.0
