1.0
1.0
1.0
0.9999993
1.0
1.0
0.9998211
1.0
0.99980134
0.9999994
1.0
1.0
0.99999917
1.0
1.0
0.9999999
0.99999905
1.0
0.99871707
1.0
1.0
0.9999889
1.0
1.0
0.99999344
0.9999999
0.9999993
1.0
0.99999714
1.0
1.0
0.9999993
0.99999976
0.9999926
0.9999999
1.0
0.99999774
1.0
0.99999905
1.0
1.0
0.9999807
0.9999367
0.99995875
0.99999523
1.0
0.9999963
1.0
0.9999994
1.0
0.99999857
1.0
1.0
1.0
1.0
0.99999475
1.0
1.0
0.99999964
1.0
1.0
1.0
0.9977182
0.99999976
0.99999976
0.9999969
0.99999964
0.9999932
1.0
1.0
1.0
1.0
1.0
0.9997451
1.0
1.0
1.0
1.0
1.0
0.9999951
0.99999976
1.0
1.0
1.0
1.0
1.0
0.9999999
0.99998057
1.0
0.9999999
1.0
1.0
0.9770279
0.9999945
1.0
0.99857867
0.9985655
0.9999989
1.0
1.0
1.0
1.0
1.0
1.0
0.99993587
1.0
1.0
0.99999857
0.9999999
1.0
1.0
0.9999424
1.0
1.0
0.99999976
0.65776867
0.9999256
1.0
0.99999905
0.9998056
1.0
0.9999677
0.99999905
1.0
0.99999976
0.9999833
0.99999416
1.0
1.0
1.0
1.0
1.0
0.99999976
0.99999833
1.0
1.0
0.99999595
1.0
1.0
0.9992403
1.0
1.0
1.0
1.0
0.9999987
1.0
1.0
1.0
1.0
0.7071512
1.0
0.9772276
1.0
1.0
0.9999999
1.0
1.0
0.9999999
0.9999031
0.99999976
0.9992711
1.0
1.0
1.0
1.0
1.0
1.0
0.9999349
1.0
1.0
1.0
0.99879277
1.0
0.99999917
1.0
0.9983767
1.0
0.9999981
1.0
1.0
1.0
1.0
1.0
1.0
0.9979716
0.99999976
1.0
1.0
1.0
0.9999987
0.9999819
0.9999877
1.0
0.9994461
0.999998
0.9999602
1.0
1.0
0.9999896
0.9999862
1.0
1.0
1.0
0.9999999
1.0
1.0
0.99999845
0.99999845
1.0
0.9989532
1.0
0.9997875
1.0
1.0
0.99999857
0.99999845
1.0
0.99995136
1.0
1.0
0.99999344
0.9999578
1.0
1.0
1.0
1.0
0.9999995
0.99999976
1.0
0.99999547
1.0
1.0
1.0
0.99999976
0.99999917
1.0
1.0
1.0
1.0
1.0
1.0
0.9999591
0.9999964
0.99979323
1.0
0.9999924
1.0
0.9462998
0.99999976
1.0
0.99999976
0.99998534
1.0
1.0
0.9999999
0.9999684
0.9999999
0.99999976
1.0
0.83103096
1.0
1.0
1.0
0.9999999
0.9998024
1.0
0.99972075
1.0
0.9999999
1.0
0.99999976
0.9999999
1.0
0.9999937
0.9999999
0.9999987
1.0
1.0
1.0
1.0
1.0
1.0
0.9896826
1.0
0.9999999
1.0
0.9999994
0.9999838
1.0
0.9999999
0.9998727
0.99999917
0.999964
1.0
0.9999995
1.0
1.0
0.99999726
1.0
1.0
1.0
0.9999994
1.0
1.0
1.0
0.99999964
1.0
1.0
0.99998915
1.0
1.0
1.0
1.0
0.99998415
1.0
1.0
0.9999999
0.99999964
0.9999962
1.0
0.9864325
0.79886955
1.0
1.0
0.99973255
0.99999523
0.99951565
1.0
0.9999982
1.0
1.0
1.0
1.0
0.9999999
1.0
1.0
0.9999409
0.9990778
1.0
0.9999186
0.91885424
0.9999968
1.0
1.0
1.0
1.0
0.9999999
0.9999995
1.0
1.0
0.99999917
1.0
0.99999964
1.0
1.0
1.0
1.0
0.99999845
0.9996444
0.99680257
0.9999999
1.0
0.9999969
0.9999999
1.0
1.0
0.9998715
1.0
0.9998909
1.0
1.0
1.0
0.99999154
1.0
1.0
1.0
0.9999982
0.9999999
1.0
1.0
0.999998
0.99937266
1.0
1.0
1.0
1.0
0.999992
1.0
1.0
0.99999475
1.0
0.99999774
1.0
1.0
0.9999933
0.9999999
1.0
0.99999964
0.9999999
0.99999976
0.9999949
1.0
1.0
0.9999987
0.9999989
0.9999999
1.0
1.0
1.0
0.9999999
1.0
0.9999083
0.9997174
0.9999999
0.9999993
0.99987006
1.0
0.9981495
1.0
1.0
0.9999913
1.0
0.9999988
1.0
1.0
0.9999994
1.0
1.0
1.0
1.0
1.0
1.0
0.9999521
1.0
1.0
0.99996364
1.0
1.0
0.9999989
0.99999917
1.0
0.9999918
1.0
0.9999995
0.99862385
0.98079807
0.99999774
0.6839219
0.999899
0.92411494
0.99867153
1.0
0.99999976
1.0
0.9999999
1.0
0.99999464
0.99997306
1.0
1.0
0.9999701
1.0
0.99999404
1.0
0.99994457
0.9999956
1.0
1.0
0.99985254
0.99999976
1.0
0.9999999
1.0
1.0
1.0
0.9999999
1.0
1.0
0.9999974
0.99993396
1.0
1.0
1.0
1.0
1.0
1.0
1.0
0.99999976
0.99999845
1.0
0.99998116
0.99999905
0.99999917
1.0
1.0
0.9955031
1.0
0.9981029
0.9999769
0.99999976
1.0
1.0
0.99999905
1.0
0.99999905
1.0
1.0
0.9999974
0.99990475
1.0
0.99999976
0.9999465
1.0
1.0
1.0
0.9999924
1.0
1.0
1.0
0.9999987
1.0
0.9999999
0.9999999
0.9999993
1.0
0.99999976
1.0
1.0
1.0
1.0
0.9999999
0.9999995
0.9999956
1.0
0.9999989
1.0
0.9999999
1.0
1.0
1.0
1.0
1.0
0.9998951
0.9735258
1.0
0.99999917
1.0
0.9999999
1.0
1.0
0.9999778
0.99524325
0.9998642
1.0
1.0
1.0
1.0
0.9999032
1.0
1.0
1.0
0.99999416
1.0
1.0
0.9999999
1.0
1.0
1.0
0.99999785
0.9999994
1.0
0.9810682
1.0
1.0
1.0
1.0
1.0
1.0
1.0
1.0
1.0
0.99999905
0.49982673
0.99691737
1.0
1.0
1.0
0.99999964
1.0
1.0
1.0
0.9981021
1.0
0.99919254
0.99999964
1.0
1.0
0.9998983
0.9999999
0.9999999
1.0
0.9999999
1.0
0.9999995
1.0
0.9999734
1.0
1.0
1.0
1.0
0.99999785
0.99999976
1.0
0.9998385
1.0
0.99999225
1.0
0.9999988
0.9999682
0.9305273
0.99999523
1.0
0.9999999
0.9999999
0.9999975
0.98004717
1.0
1.0
1.0
0.9999907
1.0
1.0
1.0
1.0
1.0
0.99998486
1.0
1.0
1.0
0.99999964
0.9999995
1.0
0.99999523
1.0
0.9999994
0.9999665
0.99533075
1.0
1.0
0.9999976
0.9999831
0.9999999
1.0
1.0
1.0
1.0
1.0
1.0
0.9999521
0.61134094
1.0
0.9999939
1.0
1.0
1.0
1.0
0.9999968
0.9999373
1.0
1.0
1.0
0.9999988
1.0
0.99999917
0.995135
1.0
0.9999981
1.0
0.9999993
0.99999595
1.0
0.99999964
1.0
1.0
0.7526831
0.9999975
1.0
1.0
0.99999595
0.92696255
1.0
0.99914515
1.0
1.0
1.0
1.0
0.99999976
1.0
0.999997
0.99999976
0.99999666
1.0
0.9999999
1.0
1.0
1.0
1.0
0.99999774
0.9999995
1.0
1.0
1.0
0.9999566
1.0
1.0
0.99999964
0.61182636
0.7553386
1.0
0.9999982
0.99591005
1.0
1.0
0.99886584
1.0
1.0
0.988699
1.0
0.99999857
0.9999999
0.9999987
1.0
1.0
1.0
1.0
1.0
0.999997
0.99999857
0.99923265
0.9999999
0.92312485
0.9999987
1.0
0.9999969
1.0
1.0
0.9996699
1.0
0.9999963
1.0
1.0
1.0
1.0
1.0
1.0
1.0
0.99999976
1.0
1.0
1.0
0.99921966
0.99999595
0.99995613
1.0
1.0
0.99999905
1.0
0.99999976
1.0
0.99999857
1.0
0.99999154
0.99999976
1.0
0.9999682
1.0
1.0
1.0
1.0
1.0
0.99996626
0.9998561
1.0
1.0
0.9999989
0.9999994
0.9963309
1.0
1.0
0.99981076
0.99999905
1.0
1.0
1.0
1.0
1.0
1.0
0.9999677
1.0
1.0
0.9999969
1.0
1.0
1.0
0.99999547
1.0
1.0
1.0
1.0
1.0
0.99999607
1.0
1.0
0.98884225
1.0
1.0
0.9999999
0.9999993
0.99999976
1.0
1.0
1.0
1.0
0.99999857
1.0
1.0
1.0
0.9999999
1.0
0.9998895
1.0
0.9999999
1.0
0.9999949
0.99999774
1.0
1.0
1.0
1.0
0.9999906
0.99999785
1.0
0.9999945
1.0
0.95674074
0.9999939
0.95610183
1.0
1.0
1.0
1.0
1.0
1.0
0.99999976
1.0
1.0
1.0
0.99996006
1.0
0.99999785
1.0
0.9999999
1.0
1.0
1.0
1.0
0.99999917
1.0
1.0
1.0
0.9999511
1.0
0.9999219
1.0
0.9999914
0.9999993
1.0
0.9999943
0.9999975
1.0
0.9999995
0.9634322
0.9114263
0.7717296
0.99999976
0.99999726
1.0
1.0
0.99999976
1.0
0.99999976
1.0
1.0
1.0
1.0
0.9879874
0.9999249
1.0
0.99964595
1.0
0.9971021
0.9999999
0.9915103
0.99981815
0.99999964
1.0
0.9999988
1.0
1.0
0.9999999
1.0
1.0
1.0
0.9999999
1.0
0.9999999
0.9999776
1.0
0.9999994
1.0
1.0
1.0
1.0
1.0
0.9625305
1.0
0.99999857
1.0
1.0
1.0
0.9999926
0.9999994
0.99999905
1.0
1.0
1.0
0.99937963
1.0
0.93551147
0.999081
0.999954
1.0
0.99999344
0.99999976
0.99999964
1.0
0.9999949
0.97381973
1.0
0.99999976
0.9996661
0.99999905
0.9999995
1.0
1.0
0.99999654
0.9907218
0.99999976
0.99943703
1.0
0.9999976
1.0
0.9999528
1.0
0.9999999
0.98395663
0.9999672
1.0
0.9999999
0.99985886
1.0
1.0
1.0
1.0
1.0
0.9999999
0.9999999
0.99999976
1.0
1.0
1.0
0.9999999
0.9999765
1.0
0.9999999
0.9999999
0.9999999
0.99999976
0.9999999
1.0
1.0
1.0
0.99999976
0.99999976
0.99999607
0.9999999
1.0
1.0
1.0
0.99999976
1.0
0.99999845
0.9999999
1.0
0.99999785
1.0
0.999843
0.9999937
0.9999999
1.0
0.99999547
1.0
0.999938
1.0
1.0
0.99999976
1.0
0.9999887
1.0
0.9999999
1.0
0.99994755
0.999696
1.0
0.99934393
1.0
0.99981946
1.0
1.0
1.0
1.0
0.9999999
0.99998903
0.99769825
0.9999999
1.0
1.0
1.0
1.0
0.6804886
1.0
1.0
0.9999995
0.9999989
0.999931
0.998145
1.0
1.0
1.0
1.0
0.9999937
0.99965274
0.9999982
1.0
1.0
0.9999647
0.9999999
0.9999976
0.9999999
0.99994266
1.0
0.9999918
0.99947876
1.0
1.0
1.0
1.0
1.0
0.9999969
1.0
1.0
1.0
0.9999523
1.0
1.0
0.9999999
1.0
0.99999404
0.99999917
1.0
0.9999995
0.9999386
0.9999995
1.0
1.0
1.0
1.0
1.0
0.99999976
0.9999993
0.9999963
1.0
1.0
1.0
0.9999995
0.9999999
0.9999999
1.0
0.9999993
1.0
1.0
0.999998
1.0
0.9999999
1.0
0.9999999
1.0
0.9994702
0.99999607
1.0
1.0
1.0
0.990316
1.0
0.9841336
1.0
1.0
0.99999714
0.99999917
0.9983461
1.0
0.9991485
0.9999831
0.9999999
1.0
1.0
1.0
1.0
0.99914944
1.0
0.9999958
1.0
1.0
0.9999943
1.0
1.0
1.0
1.0
0.9999218
1.0
1.0
0.9999995
0.99999845
0.9999937
1.0
0.9999989
0.9999999
0.99567246
0.9999994
1.0
0.9999989
0.99999976
0.9999999
0.99998903
0.9999993
1.0
0.9899581
0.9999995
1.0
0.9999999
0.9999999
0.9999994
1.0
1.0
0.999964
1.0
0.9999919
0.9999999
1.0
0.9998646
1.0
0.9999999
1.0
0.9963415
1.0
1.0
0.9999994
1.0
0.9999819
1.0
1.0
0.99981374
0.7073961
1.0
0.9999995
1.0
1.0
0.99999964
1.0
1.0
1.0
0.9987955
0.9988329
1.0
0.99998665
0.9999994
1.0
0.9999968
0.9999994
0.9999901
1.0
1.0
0.9999738
1.0
0.9999924
1.0
0.9961927
1.0
1.0
0.99989104
1.0
0.9999993
0.9999994
1.0
0.99999726
0.99999964
0.99596065
0.99999774
1.0
1.0
1.0
1.0
1.0
0.99999523
0.99999464
1.0
0.87958026
1.0
0.999972
1.0
0.99999964
0.9999988
0.7151694
1.0
1.0
1.0
0.9999999
1.0
1.0
0.99999523
1.0
0.99999857
0.94428885
0.9999999
0.999982
1.0
0.99996626
0.9743429
0.9998313
1.0
0.9999999
0.99999917
0.9999994
1.0
1.0
1.0
0.9999709
1.0
0.9999999
0.99999964
0.7098985
1.0
0.9999999
0.98879427
0.99985254
1.0
0.99999976
1.0
1.0
1.0
0.99999774
1.0
1.0
0.99937445
0.99890363
0.9999999
1.0
0.9999999
1.0
0.99933237
1.0
0.99999666
0.999897
0.9999964
1.0
1.0
1.0
0.9999995
0.9999964
0.998979
0.9995383
1.0
0.9999759
1.0
1.0
1.0
0.9999052
1.0
1.0
0.9989907
1.0
0.9975908
0.9999994
0.9999999
1.0
1.0
1.0
0.99999964
1.0
1.0
0.9999987
0.99999976
0.99999845
1.0
1.0
0.9999902
1.0
1.0
0.9999988
0.63108
1.0
1.0
1.0
1.0
1.0
1.0
0.699611
1.0
0.9527017
1.0
0.9999802
0.99999535
1.0
1.0
0.99999905
1.0
1.0
0.8933713
1.0
0.9999782
1.0
1.0
1.0
0.9999999
0.99999774
1.0
1.0
0.9997335
1.0
0.99999976
1.0
1.0
1.0
1.0
1.0
0.9999932
0.99999034
0.9999931
1.0
1.0
1.0
1.0
1.0
1.0
0.9981294
1.0
0.99999976
1.0
1.0
1.0
1.0
1.0
1.0
1.0
1.0
1.0
1.0
0.999902
0.9999999
0.99999976
1.0
1.0
1.0
0.99999857
1.0
0.99996424
0.99999976
1.0
1.0
1.0
1.0
0.9980862
0.9999999
0.6483841
0.8902864
0.999998
1.0
0.9999826
0.99999785
1.0
0.99999964
0.9999999
0.9999336
0.9997129
0.999931
1.0
1.0
1.0
0.99999726
1.0
1.0
0.9999411
1.0
0.9999943
0.6338908
0.989368
1.0
0.99999833
1.0
1.0
1.0
1.0
0.9999975
0.99999344
1.0
0.998776
1.0
0.9999577
0.9999901
0.9999989
1.0
1.0
1.0
0.9999541
1.0
0.99999666
0.99990344
0.9999982
0.9890565
0.9999964
0.9986891
0.9999677
1.0
1.0
0.99971336
0.9999989
1.0
0.9999987
1.0
1.0
1.0
1.0
1.0
0.99465877
0.99999917
1.0
1.0
1.0
0.9999995
0.9993771
1.0
1.0
0.99999964
0.9999995
0.9999764
0.99999785
0.99999917
1.0
1.0
0.9999473
1.0
1.0
0.9999995
1.0
1.0
0.9999981
0.9999994
1.0
1.0
1.0
1.0
1.0
0.9989567
1.0
1.0
1.0
1.0
1.0
1.0
1.0
1.0
1.0
0.9997247
1.0
0.9995372
1.0
0.99992454
1.0
1.0
0.9999999
0.87654954
0.99999845
0.99999845
1.0
0.99999833
0.99999297
1.0
0.9999964
0.9999893
0.9999126
0.9999999
0.9999993
1.0
1.0
1.0
1.0
0.9998037
1.0
0.9999999
1.0
0.97542036
1.0
0.7129689
0.99999905
1.0
1.0
0.9999999
0.77779245
1.0
1.0
0.9485869
0.9999862
0.9999999
0.99999726
0.99999917
0.99999976
1.0
0.99999976
1.0
1.0
1.0
1.0
1.0
0.9996749
1.0
0.9999999
1.0
0.99945337
0.9999999
0.5590431
1.0
0.99777657
1.0
0.9948152
0.9970752
1.0
1.0
0.9999994
0.9999207
0.9998246
1.0
0.99999976
0.9999994
1.0
1.0
1.0
0.9999795
1.0
1.0
0.9574572
0.99790025
1.0
1.0
1.0
1.0
1.0
0.9999914
1.0
1.0
0.9999616
1.0
0.9949738
1.0
0.9999974
0.9999994
1.0
1.0
0.99996626
1.0
1.0
0.99999726
1.0
0.9999993
1.0
0.9999999
0.99953544
1.0
0.99999976
1.0
1.0
0.99719715
1.0
1.0
1.0
1.0
1.0
0.9999993
0.99984586
1.0
0.9965301
1.0
0.81284267
0.99999905
1.0
0.99988115
1.0
0.9999995
1.0
0.9999993
1.0
0.99999976
0.70178664
1.0
1.0
0.9999964
1.0
0.99990654
0.9999994
1.0
1.0
1.0
0.99999726
1.0
1.0
0.9998889
1.0
1.0
0.99999964
0.9999988
1.0
0.9999999
0.998348
1.0
1.0
1.0
1.0
1.0
1.0
0.9999989
0.999985
0.9999949
1.0
0.9999999
1.0
0.999696
1.0
1.0
1.0
1.0
0.9999999
0.99999845
1.0
1.0
1.0
1.0
1.0
1.0
0.99999917
1.0
1.0
0.99999964
0.9998933
1.0
0.99963725
1.0
1.0
0.99902415
1.0
0.99942267
1.0
1.0
0.9850071
0.9999151
1.0
1.0
1.0
0.990361
0.9999999
0.99999976
0.9999968
0.99999976
0.9999827
1.0
1.0
0.99999905
0.99999845
0.9999999
0.99999964
1.0
1.0
1.0
0.9971661
0.999987
1.0
1.0
1.0
0.9999989
0.9999927
1.0
0.71309006
0.99999976
1.0
0.99999917
1.0
1.0
1.0
0.9998646
0.9973205
0.99785715
1.0
1.0
0.99899846
0.9984261
1.0
1.0
0.9999927
1.0
1.0
0.9999999
0.9999963
0.9999771
1.0
0.99999964
1.0
1.0
1.0
1.0
0.9936272
1.0
0.99999917
1.0
0.9999958
1.0
0.99999976
1.0
1.0
0.9999995
1.0
0.9995449
1.0
0.9999999
0.9994449
1.0
1.0
0.9319533
0.999992
1.0
0.99999976
1.0
1.0
0.9999989
0.9999994
0.99999857
1.0
0.9999988
1.0
1.0
0.99999964
1.0
1.0
1.0
1.0
0.99995375
0.9998646
0.9999949
0.9999999
0.99999833
1.0
1.0
1.0
1.0
0.99999976
0.99999714
0.99999535
1.0
0.99993205
1.0
1.0
0.99999976
0.99999917
0.85077524
1.0
0.9999999
0.99999976
0.9999999
1.0
1.0
0.9999999
0.9999999
1.0
0.99991596
0.99999917
1.0
0.99999976
1.0
1.0
0.99999905
1.0
0.9991757
0.9911867
1.0
0.9999993
1.0
0.9999939
0.99999964
0.9999999
0.99999714
1.0
0.99999976
0.9999926
1.0
1.0
0.9995937
1.0
1.0
0.9999999
0.9999999
1.0
0.99665797
0.99999964
1.0
0.99999225
1.0
0.9999982
1.0
1.0
0.9999999
1.0
0.99975425
0.9999994
1.0
0.999998
1.0
0.9992867
0.9999957
1.0
1.0
0.9998215
1.0
1.0
0.99999845
0.99999917
0.9999994
0.99999976
1.0
0.99999976
1.0
0.99999726
1.0
1.0
1.0
0.99999976
1.0
1.0
1.0
0.9854439
1.0
1.0
0.9990276
0.9999995
1.0
0.9999825
1.0
1.0
1.0
1.0
1.0
1.0
0.75355464
1.0
0.9994999
1.0
0.9999902
0.96557736
1.0
0.9999988
0.9999999
1.0
0.99998736
1.0
1.0
1.0
1.0
1.0
0.9999982
0.9999999
1.0
1.0
0.9999279
0.9999441
0.99982446
0.9129497
1.0
0.7601019
0.9999999
1.0
1.0
1.0
1.0
0.9995565
0.99999917
1.0
1.0
0.9999987
1.0
1.0
1.0
1.0
0.99999547
1.0
0.9999993
1.0
1.0
1.0
0.9999566
1.0
0.9999999
1.0
1.0
0.99869895
0.99999976
1.0
1.0
0.9999945
1.0
1.0
1.0
0.99999964
0.99996376
0.9999993
1.0
0.9980604
1.0
0.9999989
0.9998969
1.0
1.0
0.999974
1.0
0.9985221
1.0
1.0
0.9999503
1.0
0.9999943
0.9966197
0.98792297
1.0
1.0
0.9999988
1.0
1.0
1.0
0.99976414
0.9999999
0.99999845
1.0
1.0
0.99999857
0.99999774
0.99999976
0.99999976
0.99999976
1.0
1.0
1.0
0.99999857
1.0
0.9999999
1.0
1.0
0.9999975
0.9976649
1.0
0.9999993
1.0
1.0
0.99972576
0.9997873
0.99998546
1.0
1.0
0.9999716
0.9999753
0.9999994
0.9999995
0.99999654
1.0
0.99999046
0.9999876
0.99999964
1.0
1.0
1.0
0.99999976
1.0
0.9999993
1.0
1.0
0.9999989
0.9999999
1.0
1.0
1.0
1.0
1.0
0.9301664
1.0
0.8621009
1.0
1.0
1.0
1.0
0.999943
0.9969658
0.9999474
1.0
0.99999976
0.99995935
0.99999976
1.0
1.0
1.0
0.9999987
1.0
0.8653611
0.9999926
0.9999999
1.0
1.0
0.97438645
1.0
1.0
0.9065486
0.99993956
0.9999999
1.0
0.99998176
0.9999621
0.9999999
1.0
1.0
0.99999976
0.98968774
1.0
1.0
1.0
0.9999999
0.9999919
0.9999999
0.99999976
0.99999976
1.0
0.9993462
1.0
0.9999969
1.0
0.99999785
0.99998426
1.0
0.6085312
0.99999404
1.0
1.0
0.9999683
1.0
1.0
1.0
1.0
1.0
1.0
1.0
1.0
1.0
0.99878854
1.0
1.0
1.0
1.0
0.9999994
0.9997633
1.0
1.0
0.98494476
0.9999994
0.99999785
1.0
0.9999999
0.999554
0.99999976
1.0
1.0
1.0
1.0
0.99999976
0.99999845
0.99999976
0.9994128
1.0
0.9953212
1.0
1.0
1.0
0.9999975
1.0
0.99999976
0.99996877
1.0
0.88449866
1.0
1.0
1.0
1.0
0.9999981
1.0
0.99999714
1.0
1.0
1.0
0.5113119
0.99999857
0.9999901
1.0
1.0
1.0
0.9751383
0.99999964
1.0
0.99999845
1.0
1.0
1.0
1.0
0.9999975
1.0
1.0
1.0
0.9999995
0.99783844
1.0
0.99999976
0.9999999
1.0
0.9999999
1.0
0.9999995
1.0
1.0
0.9999999
1.0
0.99999714
0.99999905
0.99999976
1.0
1.0
1.0
0.99997175
1.0
0.9999869
0.9999454
1.0
1.0
1.0
1.0
0.9997502
0.99999964
1.0
1.0
1.0
1.0
1.0
1.0
0.62845254
1.0
1.0
0.9969311
0.9902998
1.0
0.9999901
0.7014533
0.99999976
1.0
1.0
0.99999654
0.9999999
0.964664
1.0
1.0
0.99997973
0.9999999
0.9999713
1.0
1.0
1.0
0.99999714
1.0
1.0
1.0
0.9999994
0.99999774
1.0
1.0
0.9999932
1.0
1.0
0.9696843
1.0
1.0
0.9999995
1.0
1.0
0.9999999
0.9999814
0.9999999
0.9999875
0.9952868
0.99999964
1.0
0.99999976
1.0
1.0
1.0
0.99999964
1.0
0.99999785
0.9999995
1.0
0.99999607
0.9999999
0.9999999
1.0
1.0
0.9999995
1.0
0.9999995
0.99999917
1.0
1.0
1.0
1.0
1.0
0.99999976
1.0
1.0
1.0
1.0
1.0
0.9999999
0.9999808
0.9999994
1.0
1.0
0.9999999
1.0
0.9999987
1.0
0.8940781
1.0
0.9999881
1.0
1.0
1.0
0.9999449
1.0
1.0
1.0
0.9999002
0.9999999
1.0
0.99999976
0.9395807
1.0
1.0
1.0
1.0
1.0
0.99999964
1.0
0.99999666
1.0
1.0
1.0
0.99999
0.8940077
1.0
1.0
0.99999964
1.0
0.9999981
0.99999774
1.0
1.0
0.9999962
1.0
1.0
1.0
1.0
0.99999833
0.9891845
0.9999999
1.0
1.0
1.0
1.0
0.99962044
1.0
1.0
1.0
0.99999785
1.0
0.99999595
1.0
1.0
1.0
1.0
1.0
0.99988174
0.99999917
1.0
0.73605794
1.0
1.0
1.0
0.9999987
0.9999993
1.0
1.0
1.0
0.9999995
0.99999964
1.0
0.99999905
0.9999999
0.9908619
1.0
1.0
1.0
1.0
1.0
1.0
1.0
0.9999982
1.0
1.0
1.0
0.99999917
1.0
1.0
0.99997556
1.0
1.0
1.0
1.0
0.99999917
1.0
1.0
0.9999999
1.0
1.0
0.70686996
0.9999168
0.99988437
0.9999999
1.0
1.0
0.99999964
1.0
0.999925
0.99940646
1.0
0.9836594
1.0
0.9999925
1.0
0.9999968
1.0
0.99998736
0.99600405
0.99999416
1.0
1.0
1.0
0.99999833
0.99847704
0.999998
0.99999976
0.99999964
0.9999999
0.9999976
1.0
0.9999999
1.0
1.0
1.0
0.9999881
0.99999964
0.96637136
1.0
0.999987
0.9999993
0.99999964
1.0
1.0
1.0
0.6194657
0.9999989
1.0
0.9999734
1.0
0.9999993
0.9999999
0.9999999
0.99883586
1.0
1.0
0.9999995
0.9999672
1.0
1.0
1.0
1.0
1.0
1.0
0.9999862
0.9999976
1.0
1.0
0.99990547
0.9999999
1.0
1.0
0.9999802
0.9999999
0.9999999
0.9999999
1.0
1.0
0.58714974
0.99996805
0.9999902
0.99999714
1.0
1.0
1.0
0.5014207
0.99941826
1.0
0.99953175
1.0
1.0
0.9999989
0.99999964
0.95080775
0.99999285
0.9998859
1.0
1.0
1.0
1.0
1.0
1.0
1.0
0.9999987
0.9999999
0.9999975
1.0
0.9999993
0.99999976
0.9999764
1.0
0.99924624
0.9999993
0.9999994
1.0
0.9999974
1.0
1.0
1.0
0.560363
0.9999993
0.99999523
1.0
1.0
1.0
1.0
1.0
0.999998
1.0
1.0
1.0
1.0
1.0
1.0
1.0
0.9999975
1.0
0.9999999
0.9999633
0.9999999
1.0
1.0
1.0
0.9999385
0.9999949
0.7927922
1.0
0.99588424
1.0
1.0
1.0
1.0
0.9996679
1.0
0.9999157
1.0
0.99992836
0.99989545
0.9999975
0.99999654
1.0
0.9999336
1.0
0.9996742
0.9999553
0.9971029
1.0
1.0
1.0
1.0
1.0
0.99999964
1.0
1.0
1.0
0.99999905
1.0
1.0
0.9999999
0.99969935
1.0
1.0
0.9999995
0.9999995
1.0
1.0
1.0
0.99993896
0.9999994
1.0
0.9999968
0.999508
1.0
0.9999999
1.0
0.9999988
1.0
1.0
0.9999999
0.99999964
0.9999795
0.999992
0.9999808
1.0
0.9993062
1.0
1.0
0.99999964
0.99998844
0.9455135
1.0
0.9999999
1.0
0.9983948
1.0
1.0
0.9999999
0.9999999
1.0
1.0
0.9999554
1.0
1.0
0.9999999
0.99999917
0.99999964
1.0
0.999997
0.9999347
0.9999887
0.9999999
1.0
1.0
1.0
0.9999995
1.0
1.0
1.0
0.9135185
1.0
0.99999857
0.99994326
0.9999994
0.9999999
1.0
1.0
1.0
1.0
0.9999621
0.9997758
1.0
0.9999976
1.0
1.0
0.9999802
0.9999999
1.0
1.0
1.0
0.9999993
0.99999976
0.99976796
0.99511945
1.0
1.0
1.0
0.999985
0.9999995
0.9999999
0.99999857
1.0
1.0
0.999995
0.9997166
1.0
1.0
0.99998665
1.0
1.0
0.9976942
1.0
1.0
0.99998176
1.0
1.0
0.9998603
1.0
0.9999999
1.0
0.99999976
0.98275894
1.0
1.0
1.0
1.0
1.0
0.9999957
1.0
1.0
0.99980336
1.0
0.9999989
0.9999659
0.9999995
0.99999976
1.0
1.0
1.0
1.0
0.8475541
1.0
0.99999523
1.0
1.0
0.99968994
1.0
0.99999964
0.99999964
1.0
1.0
0.9999851
1.0
1.0
1.0
1.0
1.0
0.9999287
1.0
1.0
1.0
0.99999917
0.99999917
1.0
1.0
0.99999917
0.99999964
0.9999865
1.0
1.0
0.9999958
1.0
0.99999976
1.0
1.0
0.99983823
1.0
1.0
1.0
0.9999999
0.99999356
0.99999976
0.99416286
0.9999646
1.0
1.0
1.0
1.0
1.0
1.0
1.0
1.0
0.9999497
0.99999964
0.99998415
1.0
0.9999894
0.99999857
0.9998385
1.0
1.0
0.9999999
0.9999976
1.0
0.4939114
0.99990046
1.0
1.0
1.0
1.0
1.0
1.0
0.99999714
0.99999976
1.0
0.9999925
0.9999225
0.99999976
0.9999697
1.0
0.995018
1.0
0.99953353
0.999783
1.0
1.0
0.99999833
1.0
1.0
1.0
1.0
0.99997604
0.99989104
0.8534353
1.0
1.0
1.0
1.0
1.0
0.99999726
0.9611944
1.0
0.9966151
0.9999995
0.9999132
1.0
1.0
1.0
1.0
1.0
1.0
1.0
1.0
0.9999999
1.0
0.9999945
0.9999988
0.9999999
0.99999976
1.0
1.0
0.99999976
1.0
0.99999905
1.0
0.99997866
1.0
1.0
1.0
1.0
0.9999913
1.0
0.9996499
0.99999774
0.99999905
1.0
0.99999857
0.99999976
1.0
0.99999905
0.9997656
1.0
0.99999595
0.9999995
0.9999999
0.99798226
0.9999943
0.99999726
1.0
0.9999658
0.9999962
0.99999905
0.99999654
0.9999987
0.99999964
1.0
0.9999976
1.0
0.93420535
1.0
1.0
1.0
1.0
0.9999999
0.9999999
0.9995377
1.0
0.99999464
0.9999999
0.9999865
1.0
1.0
0.99999845
0.9926588
1.0
1.0
0.99999547
1.0
1.0
1.0
0.99999774
1.0
0.9847098
1.0
1.0
0.99988174
1.0
1.0
1.0
1.0
1.0
1.0
1.0
1.0
0.99999976
1.0
1.0
0.999997
0.9999738
0.99999607
1.0
1.0
1.0
1.0
0.99999976
0.9999994
1.0
0.9999999
1.0
1.0
0.9999969
1.0
0.9999999
0.99999666
1.0
1.0
0.99878126
1.0
0.99930596
1.0
0.9999995
0.99999976
0.99999845
1.0
0.99999464
1.0
1.0
0.99999976
0.99999857
0.99963117
1.0
1.0
0.99998546
1.0
1.0
0.99999166
0.9999999
0.9993881
0.9999925
0.9999858
1.0
1.0
1.0
0.9982843
1.0
0.99999976
0.9999993
0.9999895
0.9999994
0.9448797
1.0
0.9999994
0.99956316
1.0
0.9999987
0.99999785
1.0
1.0
0.9999999
0.99999774
0.91868746
0.97306305
0.99999905
1.0
1.0
0.9999982
0.9999893
0.9999795
0.9999863
1.0
1.0
1.0
1.0
1.0
0.9982311
0.6136446
0.9999999
1.0
0.99999034
1.0
1.0
0.9995117
0.99999964
0.9996804
0.9999999
1.0
0.99999976
1.0
0.9999982
1.0
0.99999833
1.0
0.9988373
1.0
0.99904317
1.0
1.0
0.99999845
0.999843
1.0
1.0
0.99987566
1.0
0.9999995
1.0
1.0
1.0
0.9999999
0.9999999
1.0
1.0
1.0
0.9998591
0.99999607
1.0
0.99999106
1.0
0.83246803
1.0
1.0
0.99999297
1.0
0.9999889
0.999998
1.0
1.0
0.99998736
0.95424974
1.0
0.9999999
1.0
1.0
1.0
1.0
0.99985063
1.0
1.0
1.0
1.0
1.0
1.0
0.99999917
1.0
0.99990845
1.0
0.9999838
1.0
0.9999987
0.99999785
0.9999999
1.0
0.99998903
0.87081635
1.0
0.9999999
0.99999166
1.0
1.0
1.0
1.0
0.99999774
0.99999976
0.99999976
1.0
1.0
1.0
0.9999999
1.0
1.0
1.0
1.0
1.0
1.0
1.0
1.0
1.0
1.0
1.0
0.99999106
1.0
0.99999964
0.99963224
0.6945785
0.99999857
0.9978136
1.0
1.0
1.0
1.0
0.9999999
1.0
0.9999174
0.9999974
1.0
1.0
0.78089267
1.0
1.0
1.0
1.0
0.9999871
1.0
1.0
1.0
1.0
1.0
0.9999995
1.0
0.9999982
1.0
0.99999774
1.0
0.9999995
0.9999896
0.9999999
1.0
1.0
1.0
1.0
1.0
0.999985
1.0
0.999564
0.9999994
0.9999745
0.99998665
1.0
1.0
0.99999976
1.0
0.9986009
0.99799526
0.99999964
0.9999851
0.9999989
1.0
0.99549353
0.99999356
1.0
0.9999428
0.99999976
1.0
1.0
0.9999993
0.9999832
1.0
0.99999964
1.0
1.0
1.0
1.0
0.9998416
0.9999504
0.9999999
0.99958235
0.998835
0.99968195
1.0
0.99999595
1.0
0.9997967
1.0
0.9999999
1.0
0.99999964
0.9999999
1.0
1.0
0.9999993
1.0
0.9999999
0.9999994
1.0
1.0
0.9999999
0.99999976
1.0
0.9999999
1.0
0.99972945
1.0
1.0
0.99999964
0.99999964
1.0
1.0
1.0
0.99999976
0.9995435
1.0
1.0
1.0
0.99999976
0.9999994
0.99210864
0.99997604
1.0
0.9999999
0.9999982
1.0
0.9999988
1.0
1.0
0.99999964
1.0
1.0
0.999997
0.9999951
0.9999995
1.0
1.0
0.99759704
1.0
1.0
0.99999976
1.0
0.9999999
1.0
0.99998236
1.0
1.0
1.0
1.0
1.0
0.9999472
1.0
0.9999999
0.9999527
0.99861646
1.0
1.0
0.9999993
0.9999988
1.0
1.0
0.9996451
1.0
1.0
1.0
1.0
0.99682945
0.99997795
1.0
1.0
0.99999964
1.0
1.0
0.9916433
1.0
1.0
0.9999999
0.99999976
1.0
1.0
1.0
0.9999995
1.0
0.99852353
0.9992213
0.99999976
0.99992967
0.9999962
0.9999993
1.0
0.9999969
1.0
1.0
1.0
1.0
1.0
1.0
1.0
0.95596355
0.9995646
0.99999857
1.0
0.99999154
0.9999999
1.0
1.0
1.0
0.99999964
0.9999547
0.99999857
0.99999833
0.99983764
1.0
1.0
0.9999932
1.0
1.0
0.9999887
1.0
1.0
1.0
0.99999
1.0
1.0
1.0
0.999998
1.0
1.0
0.99999464
1.0
1.0
1.0
0.99999976
1.0
1.0
0.99999964
0.7803205
0.989556
1.0
0.9999751
0.99999475
1.0
0.99999964
1.0
0.99999726
0.9999999
1.0
1.0
1.0
1.0
0.99999964
0.99999547
0.9999995
0.9999995
0.9999993
1.0
1.0
1.0
0.9999999
1.0
0.99999964
1.0
1.0
1.0
0.99998844
0.9999931
1.0
0.9999989
1.0
1.0
0.9999994
0.9999999
1.0
1.0
0.99968493
1.0
0.999997
0.99980956
0.7023825
0.9999994
0.9999999
0.999908
1.0
1.0
0.9999573
0.9998318
0.9999999
1.0
1.0
0.99999976
0.9981477
0.9999981
0.9999852
0.9999908
1.0
0.9999976
1.0
0.9999994
1.0
1.0
0.99999535
1.0
1.0
1.0
1.0
1.0
0.99987495
0.99999976
0.9999995
0.9999852
1.0
1.0
1.0
0.99999034
1.0
0.9999999
1.0
0.99993217
1.0
1.0
1.0
0.9999945
0.9999999
0.9999994
0.9999528
0.997619
1.0
1.0
1.0
1.0
1.0
0.99999845
0.915193
1.0
1.0
0.99999976
0.9997892
0.9999999
0.99999917
0.99999964
0.99999976
1.0
0.9999871
1.0
1.0
1.0
0.99999964
1.0
1.0
1.0
0.9999989
1.0
0.9999999
0.9999974
1.0
1.0
1.0
1.0
0.9998895
0.99996316
1.0
1.0
0.9999999
0.99999976
1.0
0.9999995
0.99999595
1.0
0.99999976
1.0
0.841206
0.9999651
0.9999999
0.99997234
0.9999987
1.0
1.0
0.9999962
0.9999918
1.0
1.0
1.0
1.0
1.0
1.0
1.0
1.0
0.9999994
1.0
0.9985367
0.9999999
1.0
1.0
1.0
0.9999975
0.9999976
0.999984
1.0
0.9999559
0.9979761
1.0
0.9999876
1.0
1.0
1.0
0.99960357
1.0
0.99999976
0.9999958
0.9999982
1.0
1.0
0.999998
0.99999905
1.0
1.0
1.0
1.0
1.0
1.0
1.0
0.9999999
0.99886346
0.9999548
1.0
0.9999999
0.9999999
1.0
1.0
1.0
1.0
0.9999994
1.0
1.0
1.0
1.0
0.99998796
0.9999975
0.9999989
0.99999595
0.99999654
1.0
0.99998474
0.9999993
0.99999964
0.99999976
0.9999577
1.0
1.0
1.0
1.0
0.90296906
1.0
1.0
0.99999964
1.0
1.0
0.9999949
1.0
0.99841475
0.9999993
1.0
1.0
1.0
0.99998486
1.0
0.9999951
0.9999999
0.9999714
1.0
0.9999995
0.99999917
1.0
0.9967332
1.0
1.0
1.0
0.999979
0.9999324
0.9999999
1.0
0.99613
0.76741964
0.99999976
0.9999975
1.0
1.0
0.9999982
0.99999523
0.9999685
1.0
1.0
1.0
1.0
1.0
0.9999999
1.0
0.9999901
0.9990395
1.0
1.0
1.0
1.0
0.9999938
1.0
0.9999783
0.9289284
0.9542431
1.0
0.9999883
1.0
0.9999999
1.0
0.9999964
1.0
0.9999982
1.0
1.0
1.0
0.9987116
1.0
0.99993336
0.99960643
0.99999917
0.9999993
1.0
1.0
1.0
0.9999664
0.9999993
0.99999905
0.99999917
1.0
0.9999871
1.0
0.9999999
1.0
0.9999732
1.0
0.9999993
0.9999999
1.0
1.0
1.0
0.99999845
0.96849793
0.999926
0.9697375
0.9999987
0.96659666
1.0
1.0
0.9999987
1.0
1.0
0.9999993
1.0
1.0
1.0
1.0
1.0
0.99999857
1.0
0.9999813
1.0
1.0
0.99302363
1.0
0.99999976
1.0
1.0
1.0
0.9999982
1.0
0.90600795
1.0
1.0
0.9999999
1.0
1.0
1.0
1.0
0.9999926
0.9999989
1.0
0.99999976
1.0
1.0
0.99999976
1.0
1.0
0.99999976
1.0
1.0
0.9998281
0.9999999
1.0
1.0
0.9999999
1.0
1.0
0.99933064
1.0
1.0
1.0
1.0
0.9999181
1.0
1.0
1.0
0.99995816
1.0
0.9999974
1.0
1.0
0.99999475
1.0
0.99999547
1.0
1.0
0.9999293
1.0
1.0
1.0
1.0
1.0
1.0
1.0
0.99999976
0.98757124
1.0
1.0
1.0
1.0
1.0
1.0
0.9986003
1.0
0.99995947
1.0
1.0
1.0
0.99992025
0.99999917
1.0
1.0
1.0
0.9999999
1.0
1.0
0.99613637
1.0
1.0
1.0
0.99990654
1.0
1.0
0.99999917
0.9999964
0.9999994
1.0
0.99999976
0.99999964
1.0
0.9999999
1.0
0.5988065
1.0
0.9999999
0.99988604
1.0
0.9999943
0.9999925
0.99999976
0.51828796
0.5051042
0.9999654
0.9999784
0.96794206
1.0
1.0
1.0
1.0
1.0
0.99995494
1.0
1.0
0.99997175
0.9999999
1.0
0.9919281
1.0
0.9999999
1.0
1.0
1.0
0.99999976
0.99993193
1.0
0.9479973
1.0
1.0
0.99999976
0.9998654
0.9999982
0.99999976
0.9999999
1.0
1.0
1.0
0.99796665
1.0
0.99999964
1.0
0.9995078
0.94831127
1.0
1.0
1.0
0.9999999
0.9999989
1.0
1.0
1.0
0.9999931
1.0
0.9752033
1.0
0.98100936
1.0
0.9999883
0.9999999
1.0
0.99999976
0.99999976
0.99999917
1.0
0.99999917
0.9999783
0.9999956
1.0
0.99999917
0.94901365
1.0
0.9975157
1.0
1.0
0.999998
0.9999999
0.9999976
1.0
1.0
0.9999999
1.0
0.9999931
1.0
0.9987192
1.0
0.9999969
0.9897906
1.0
1.0
1.0
1.0
1.0
1.0
0.99985313
1.0
0.99999976
0.99557495
1.0
1.0
1.0
1.0
1.0
1.0
1.0
1.0
1.0
0.99912745
1.0
0.99999905
1.0
1.0
0.9999987
1.0
0.9576005
0.99999976
0.9999969
1.0
1.0
1.0
1.0
1.0
0.99999917
1.0
0.9999994
1.0
0.93389267
1.0
0.9999999
0.9146751
1.0
1.0
0.9999994
0.99999976
1.0
0.99998
1.0
1.0
0.99997365
1.0
0.9999778
1.0
1.0
0.9999865
1.0
0.9981572
1.0
0.99999666
1.0
1.0
1.0
1.0
0.999997
1.0
0.9999509
0.99999976
0.9999999
1.0
1.0
1.0
0.9999995
0.9999994
1.0
1.0
1.0
1.0
1.0
1.0
1.0
0.99643385
0.9999995
1.0
1.0
1.0
0.99999917
1.0
0.99999976
1.0
0.9998869
1.0
1.0
1.0
0.8104941
1.0
0.99999976
0.99999964
1.0
0.9999999
1.0
1.0
1.0
1.0
1.0
1.0
1.0
1.0
1.0
1.0
1.0
1.0
1.0
1.0
0.99990153
1.0
1.0
0.9999999
1.0
0.99999976
1.0
1.0
1.0
1.0
0.9999999
1.0
0.99999213
0.9992312
0.9999844
0.87875783
0.99999666
0.99799395
1.0
1.0
0.999838
1.0
0.99999976
1.0
0.9999895
0.99688137
1.0
1.0
0.9999914
1.0
1.0
1.0
1.0
1.0
1.0
0.9999999
0.99998176
1.0
0.99999976
1.0
1.0
1.0
0.97889847
0.99991035
0.99999964
0.9998517
0.9999987
1.0
1.0
0.9999995
0.9993993
0.99999905
0.99999726
1.0
1.0
1.0
1.0
0.99999976
0.9999895
0.9992194
0.9999994
0.9999906
0.9999976
0.9999927
1.0
0.99999976
0.9999999
1.0
1.0
0.9999292
1.0
0.9997627
0.9999989
1.0
0.9999987
0.9999912
0.9999993
1.0
1.0
0.99999976
1.0
0.71821266
1.0
0.99999917
1.0
1.0
0.999998
1.0
1.0
0.9984469
1.0
0.54093343
0.9999664
0.9999999
1.0
1.0
0.99996996
1.0
0.9999999
1.0
1.0
0.4966367
1.0
0.99979156
0.99998724
0.9999995
0.9999999
1.0
1.0
1.0
1.0
0.9999838
1.0
1.0
1.0
1.0
1.0
1.0
0.999977
1.0
1.0
0.999997
1.0
1.0
0.9999999
1.0
0.9999814
0.99975675
1.0
1.0
0.9999999
1.0
0.99999976
1.0
0.9999989
0.9999999
1.0
0.98408854
1.0
0.93087244
1.0
1.0
1.0
1.0
1.0
0.9993424
1.0
1.0
0.9999999
0.9963904
1.0
0.9999999
0.60541743
1.0
0.9999994
1.0
0.9999999
1.0
1.0
1.0
0.99999964
1.0
0.99999523
1.0
0.9999994
0.99999523
0.9999999
0.9998472
1.0
1.0
1.0
1.0
1.0
0.9998418
0.99998224
0.9999999
0.9996946
1.0
1.0
1.0
1.0
0.9999988
1.0
1.0
0.9999995
0.99999297
0.9999987
1.0
1.0
1.0
0.99995255
0.9998714
1.0
0.9999994
0.99999905
1.0
1.0
0.99999964
0.99998367
0.99996674
0.9996245
1.0
0.99999857
1.0
1.0
0.9999987
1.0
1.0
0.99999905
1.0
0.99999976
0.99999845
1.0
1.0
0.9999989
0.99999905
0.99999356
0.9999995
1.0
0.99999964
0.99998224
0.9999999
0.9999571
0.999995
1.0
0.9999995
0.99999917
1.0
0.9936376
1.0
0.99998975
1.0
0.9999938
0.9999813
1.0
1.0
1.0
0.9983456
1.0
0.9999999
0.99999857
1.0
1.0
1.0
0.99999976
0.99997437
1.0
1.0
0.99999416
1.0
0.52906555
0.99998
0.9999951
1.0
0.9999994
1.0
0.9999995
0.9999982
0.99999976
0.9999875
1.0
1.0
0.9999999
1.0
1.0
1.0
0.99998176
0.99999976
0.9999995
1.0
0.9999695
0.9999949
0.99999976
0.9799446
1.0
0.93073875
1.0
0.9999999
1.0
0.9571431
1.0
0.9999951
0.9999999
0.9999999
1.0
0.99999225
0.99905413
0.9999999
1.0
1.0
0.9999796
0.9999999
1.0
1.0
1.0
0.99996316
1.0
0.99999475
0.9999323
1.0
1.0
1.0
0.99999964
1.0
1.0
1.0
1.0
1.0
1.0
1.0
1.0
1.0
0.740585
0.9999238
1.0
1.0
1.0
0.9999944
0.99936444
0.9999999
1.0
1.0
0.9882957
1.0
1.0
1.0
1.0
1.0
1.0
0.9996655
0.96586335
1.0
1.0
0.99999785
0.99999845
1.0
1.0
1.0
1.0
0.91128796
0.999979
1.0
0.99994516
0.999206
1.0
0.999348
1.0
0.99999964
1.0
1.0
1.0
0.99999166
1.0
1.0
1.0
0.9999151
0.9999999
1.0
0.9829032
0.99999785
0.9999993
0.99999225
1.0
0.9873597
0.9999999
0.9999981
1.0
0.99999845
0.99999404
0.9999999
1.0
0.9986866
1.0
0.9999987
0.9999448
0.9999993
1.0
1.0
1.0
1.0
0.9999418
1.0
0.99999523
1.0
1.0
0.9999994
1.0
0.9998728
0.999987
0.9999597
1.0
0.9999949
1.0
0.9999993
1.0
0.99999964
1.0
0.9999995
1.0
0.99998975
1.0
0.999997
1.0
0.99998486
0.9999877
0.9999999
0.99999976
0.99999976
1.0
0.9999999
1.0
1.0
1.0
0.9999999
1.0
0.9999943
1.0
0.9999999
0.9343151
1.0
1.0
1.0
1.0
0.99968374
0.99994624
1.0
1.0
0.9999999
1.0
1.0
1.0
1.0
0.9999999
0.93349713
0.99878865
0.9999999
1.0
0.99994826
1.0
0.99999917
1.0
1.0
0.9999999
0.9660954
1.0
1.0
1.0
1.0
0.99999714
1.0
1.0
0.99999785
1.0
0.9999995
0.9998884
1.0
0.7519469
0.99999964
0.99779
1.0
0.99999833
1.0
0.99999964
1.0
0.9999939
0.999992
1.0
0.9999968
1.0
0.99999976
0.99999976
0.99999833
1.0
0.99997866
0.9994412
0.99998677
1.0
0.9862061
0.9999999
0.99997926
1.0
1.0
0.99999905
1.0
0.9999999
1.0
1.0
0.99999154
1.0
1.0
1.0
1.0
1.0
0.99997294
0.9999999
0.9993625
0.99999845
0.9999999
0.99999905
0.99768054
1.0
0.9999957
1.0
0.9983297
1.0
1.0
0.99999964
0.9998976
0.99999535
0.999931
1.0
0.9999987
0.99995255
0.9999989
1.0
0.99999964
0.9999999
0.95909387
1.0
1.0
1.0
0.9999995
1.0
0.9999999
1.0
0.9998777
1.0
0.9999999
0.9925034
0.99999833
1.0
1.0
0.9999999
1.0
0.9999962
1.0
1.0
0.9999993
1.0
1.0
1.0
1.0
1.0
0.9999999
0.9999994
1.0
1.0
0.9999999
1.0
0.9999989
1.0
0.93746436
1.0
0.9999981
0.9999995
0.99999595
0.9999988
0.9999926
0.99999964
1.0
1.0
0.9932227
0.99999285
0.9999976
1.0
0.9999758
1.0
1.0
0.9980704
0.9999999
1.0
0.9657904
0.9986628
0.9999999
0.99787974
1.0
1.0
0.9999999
0.99747086
0.99627715
0.9999999
0.9607367
1.0
1.0
1.0
0.9999776
1.0
0.9999989
0.9999999
0.99999785
1.0
1.0
1.0
0.99891055
1.0
0.9999994
1.0
1.0
1.0
1.0
1.0
1.0
0.99999833
1.0
1.0
1.0
1.0
1.0
0.99983263
1.0
0.7129441
1.0
0.99999964
1.0
0.99982053
1.0
1.0
0.9999852
1.0
1.0
1.0
0.9994173
0.9999999
1.0
0.9999999
0.9998915
0.99999976
0.9999999
0.99999785
0.99999905
1.0
1.0
0.999997
1.0
0.9999999
0.9999999
1.0
0.9999901
1.0
0.9999981
0.9999927
0.9989851
0.99999976
0.99999905
0.99999225
0.8545445
1.0
1.0
1.0
0.9234691
1.0
1.0
0.92379224
0.99987996
1.0
1.0
1.0
1.0
1.0
0.9999999
1.0
1.0
1.0
0.99999964
1.0
0.9999999
0.99999857
0.99999857
0.9999951
1.0
1.0
1.0
0.9999752
1.0
1.0
0.99613696
1.0
1.0
0.9999666
1.0
1.0
0.99999976
1.0
1.0
1.0
1.0
1.0
1.0
0.9999993
0.5030772
1.0
0.9999989
0.9999995
0.99968445
0.95846003
1.0
1.0
1.0
1.0
1.0
1.0
1.0
1.0
1.0
0.9999932
1.0
0.99999964
0.9999987
1.0
0.99876153
1.0
1.0
1.0
0.9320338
0.99999845
0.9999995
1.0
0.99999726
1.0
1.0
1.0
0.99999976
1.0
1.0
1.0
1.0
1.0
1.0
1.0
0.9999999
0.9999299
1.0
0.9999794
0.9999989
0.9999833
1.0
0.99878114
0.99999976
0.9999999
0.99999964
1.0
1.0
1.0
1.0
1.0
0.99909973
0.9999993
0.99999726
0.9997621
1.0
1.0
0.99999905
1.0
0.99998367
1.0
0.9999752
1.0
1.0
1.0
1.0
1.0
1.0
1.0
1.0
0.9980198
1.0
0.9999671
0.99999976
1.0
0.99997246
0.9999976
1.0
0.99999964
0.526293
1.0
0.99999976
0.9999938
0.9999999
0.99999917
1.0
0.9999999
1.0
1.0
1.0
1.0
1.0
0.9999467
0.9999813
1.0
0.9999999
0.9999993
1.0
1.0
0.9999999
0.9995152
0.9999994
1.0
0.9999286
0.99998295
1.0
1.0
1.0
1.0
0.9999988
1.0
0.99992347
1.0
0.99999845
1.0
0.9999993
0.9999714
1.0
0.99931777
0.9985676
0.9851164
0.9999938
0.9999999
0.9987238
0.99999404
0.9999982
1.0
1.0
1.0
1.0
1.0
0.99887687
1.0
1.0
1.0
0.99998784
1.0
1.0
1.0
0.9993864
0.9999995
0.999813
1.0
0.99999964
1.0
1.0
1.0
1.0
1.0
1.0
1.0
0.9999999
0.9999999
1.0
1.0
1.0
0.9999999
0.9999999
1.0
1.0
1.0
1.0
1.0
0.54521626
1.0
1.0
1.0
1.0
0.99999976
1.0
0.99999964
0.9999989
1.0
0.9999999
0.99999917
1.0
1.0
1.0
0.9999714
1.0
1.0
0.99999964
1.0
1.0
0.9999956
1.0
1.0
0.9321678
0.9998254
1.0
1.0
1.0
0.9999999
0.99999976
0.7708544
0.99997926
0.999757
1.0
1.0
0.99998355
0.99999976
1.0
0.9999999
0.9997937
0.99999976
0.9999975
0.99999535
1.0
0.9999993
0.99999976
1.0
0.9999918
1.0
1.0
0.99999976
0.99999976
0.9999994
0.964981
0.98145264
0.9999988
1.0
1.0
0.99999714
1.0
1.0
0.99999905
0.99999976
1.0
1.0
1.0
1.0
0.99999976
0.9999999
1.0
0.9999995
0.9999958
0.999998
0.99976534
1.0
1.0
0.7112927
0.99933845
1.0
0.9999982
1.0
1.0
0.99999356
0.9999999
0.99999976
1.0
1.0
0.9999999
0.9999999
1.0
0.8565913
1.0
0.99996865
0.9999956
1.0
0.9997999
0.98789537
0.9999999
0.99997246
1.0
0.999997
1.0
0.9953121
0.9999778
0.9999989
1.0
0.9999858
1.0
1.0
0.9999969
0.9999995
1.0
0.9999989
0.99999917
0.9999993
1.0
0.99999666
1.0
0.99999857
1.0
1.0
1.0
1.0
0.99999547
1.0
0.9999974
0.99999774
0.9389677
0.9999999
1.0
1.0
0.99998915
1.0
1.0
0.99999976
1.0
1.0
0.99983275
0.9999999
0.999998
0.99996924
1.0
1.0
1.0
1.0
0.9999268
1.0
1.0
1.0
1.0
0.99999464
0.9999999
0.99999976
0.99999964
1.0
0.99975973
1.0
0.99999666
0.9997669
0.999987
1.0
1.0
1.0
1.0
1.0
1.0
0.98933023
0.99998724
0.9997137
1.0
1.0
1.0
0.9905419
1.0
1.0
0.9999893
1.0
1.0
1.0
1.0
0.9999995
1.0
0.9990983
0.99999917
0.99999964
1.0
0.9999999
0.9999993
0.99999976
1.0
0.9999995
1.0
0.9999994
1.0
0.9992163
0.9999999
1.0
1.0
0.99999726
1.0
0.99999845
0.99999225
1.0
1.0
1.0
0.9998795
0.9991611
1.0
1.0
0.9999995
1.0
0.9999676
1.0
0.9998983
1.0
1.0
0.99999976
0.9999994
1.0
1.0
1.0
0.9999999
0.99998736
1.0
0.99999857
0.9999995
1.0
1.0
1.0
1.0
1.0
0.9999994
1.0
1.0
1.0
1.0
1.0
1.0
0.99999976
1.0
1.0
1.0
1.0
1.0
1.0
0.9999999
1.0
1.0
1.0
0.9999999
1.0
0.9999926
1.0
1.0
1.0
1.0
0.99999666
1.0
1.0
1.0
1.0
1.0
0.9999225
1.0
0.9999919
1.0
1.0
0.99998784
1.0
1.0
1.0
1.0
1.0
1.0
0.9999999
1.0
1.0
1.0
0.99999845
1.0
0.9999999
1.0
1.0
0.9999379
0.9999516
0.99999964
1.0
1.0
1.0
1.0
0.9999871
1.0
1.0
1.0
1.0
0.9999999
1.0
1.0
1.0
1.0
0.99999654
0.9999993
0.99999976
1.0
1.0
1.0
0.99999845
0.9999999
0.99999964
1.0
0.9999999
1.0
1.0
0.99999297
1.0
0.9999995
0.9999999
1.0
1.0
1.0
1.0
1.0
0.9999999
1.0
0.99999917
1.0
0.9999999
1.0
1.0
1.0
0.9999989
1.0
1.0
1.0
1.0
1.0
0.99999976
0.99999595
0.99999976
1.0
1.0
1.0
0.9999999
0.99587715
1.0
1.0
1.0
1.0
1.0
1.0
1.0
0.9999999
1.0
1.0
1.0
1.0
0.9997334
0.99998116
1.0
0.99999976
1.0
1.0
0.99999976
1.0
1.0
1.0
1.0
1.0
0.9999999
1.0
1.0
0.9999993
1.0
1.0
1.0
0.9494848
1.0
1.0
0.9999962
1.0
0.9999999
0.56953645
1.0
0.99999964
1.0
1.0
1.0
1.0
1.0
1.0
1.0
1.0
0.9999881
0.9999783
1.0
1.0
0.9999994
1.0
1.0
0.99999774
1.0
1.0
1.0
1.0
1.0
1.0
0.99999976
1.0
1.0
1.0
0.99999154
0.99999976
1.0
1.0
1.0
0.99962807
0.99999917
0.9973705
1.0
0.9998642
1.0
0.9999975
1.0
0.9999999
0.9999999
1.0
0.99999964
1.0
1.0
1.0
1.0
1.0
1.0
0.9999999
1.0
0.9999993
0.99999976
0.9999435
1.0
1.0
1.0
1.0
1.0
1.0
0.99798125
1.0
1.0
1.0
1.0
1.0
0.99999976
1.0
1.0
1.0
0.9999999
1.0
1.0
1.0
0.99999917
0.99999833
0.9999789
1.0
0.53043365
0.9999989
1.0
1.0
0.99999785
0.99999976
1.0
1.0
0.9999999
0.99999845
1.0
0.99999976
1.0
1.0
0.9999982
0.99982196
0.999997
1.0
1.0
0.99860555
1.0
1.0
0.9938751
0.99999166
0.99999964
1.0
1.0
1.0
1.0
1.0
1.0
1.0
0.9949309
1.0
1.0
1.0
1.0
1.0
1.0
1.0
1.0
1.0
0.9998504
1.0
1.0
1.0
1.0
1.0
1.0
1.0
1.0
1.0
0.99999726
1.0
1.0
0.99999976
1.0
1.0
1.0
1.0
1.0
0.9999999
1.0
1.0
1.0
1.0
1.0
1.0
1.0
1.0
1.0
1.0
1.0
1.0
1.0
0.9999999
1.0
1.0
0.9999999
1.0
1.0
1.0
1.0
1.0
1.0
0.5782869
1.0
1.0
1.0
0.9999993
1.0
1.0
1.0
1.0
1.0
1.0
1.0
0.9999995
1.0
1.0
1.0
1.0
1.0
1.0
1.0
1.0
1.0
1.0
1.0
0.9999999
1.0
1.0
1.0
1.0
0.99999964
1.0
1.0
0.99999905
1.0
1.0
1.0
1.0
1.0
1.0
1.0
0.99999917
0.9999995
1.0
1.0
1.0
1.0
1.0
1.0
0.9999995
0.99999464
1.0
0.99999976
1.0
1.0
1.0
1.0
1.0
1.0
1.0
1.0
1.0
1.0
1.0
0.99999905
1.0
1.0
0.9999999
0.9999999
1.0
1.0
0.9999982
1.0
1.0
1.0
0.9999826
1.0
0.99999845
1.0
0.9999995
1.0
1.0
1.0
1.0
1.0
1.0
0.99999154
0.9999999
1.0
1.0
1.0
1.0
1.0
1.0
0.9999994
1.0
1.0
1.0
1.0
1.0
1.0
1.0
1.0
1.0
1.0
1.0
1.0
1.0
1.0
1.0
0.99999976
1.0
1.0
1.0
1.0
1.0
1.0
1.0
1.0
0.99886715
0.9919956
1.0
0.99999976
1.0
1.0
1.0
0.9999999
0.98561573
1.0
0.99999833
1.0
1.0
1.0
1.0
1.0
1.0
1.0
1.0
1.0
0.9999999
0.999998
0.9999999
1.0
1.0
1.0
1.0
1.0
1.0
1.0
1.0
1.0
1.0
1.0
0.9999999
1.0
1.0
1.0
1.0
1.0
1.0
1.0
0.9999995
1.0
1.0
1.0
1.0
1.0
1.0
1.0
0.9999999
1.0
1.0
0.9999993
1.0
0.9999999
1.0
1.0
1.0
1.0
1.0
1.0
1.0
0.9999999
1.0
1.0
1.0
1.0
1.0
1.0
0.99996936
1.0
1.0
0.9997985
0.9999999
1.0
0.9999894
0.9999987
0.9999994
0.9999999
0.9999999
1.0
1.0
0.99999976
1.0
1.0
1.0
0.99999976
0.9999999
1.0
1.0
1.0
1.0
1.0
1.0
1.0
1.0
0.99999917
0.9987663
0.9999999
1.0
1.0
1.0
1.0
1.0
1.0
1.0
0.99999535
1.0
1.0
0.9999956
0.9999999
0.9999969
1.0
1.0
0.99927014
0.9999999
1.0
1.0
1.0
0.99995327
1.0
1.0
1.0
0.99998736
1.0
1.0
1.0
0.9999999
0.99999976
1.0
0.9999995
1.0
0.9999999
0.99998355
1.0
1.0
0.9994711
1.0
1.0
1.0
1.0
1.0
1.0
0.9999981
0.9999974
0.9999999
1.0
0.99999774
1.0
1.0
0.98806924
0.99999976
0.9999999
0.9999976
1.0
0.99999976
1.0
0.9999982
1.0
1.0
0.99999917
1.0
0.9999999
0.9999498
0.9999999
1.0
1.0
0.9999964
1.0
1.0
0.9998981
1.0
1.0
0.9960077
1.0
1.0
0.9999869
1.0
1.0
1.0
0.9999999
0.9999969
1.0
1.0
0.9872917
1.0
0.9999871
0.9999999
0.99999917
0.9999906
0.99999976
0.9999949
0.73843306
0.9999981
1.0
1.0
0.99999976
0.9999987
0.9999949
0.99859756
1.0
1.0
1.0
0.99999344
0.988013
0.9999329
1.0
0.9999999
1.0
1.0
1.0
1.0
0.9999999
0.99999905
0.99999857
1.0
1.0
0.99999785
1.0
1.0
0.9999995
1.0
1.0
1.0
1.0
0.9999999
0.9999883
0.99997354
0.99998915
1.0
1.0
1.0
1.0
1.0
1.0
1.0
1.0
1.0
0.99936837
1.0
1.0
0.9999975
1.0
1.0
1.0
1.0
0.9999571
1.0
0.99999976
1.0
1.0
1.0
1.0
0.99999666
0.99999976
1.0
1.0
1.0
0.9999887
0.9999887
1.0
1.0
1.0
1.0
0.99899274
1.0
1.0
0.9999999
1.0
0.9999987
0.99992836
1.0
1.0
1.0
1.0
1.0
0.9999982
0.9999999
1.0
1.0
1.0
0.9999552
0.99997437
1.0
0.9908612
0.99983287
0.9690157
1.0
1.0
1.0
0.9999739
1.0
0.9999995
0.99998736
1.0
0.99989927
1.0
1.0
1.0
0.99046797
1.0
1.0
0.9997594
0.9999982
0.9999995
1.0
0.9999603
0.9999994
1.0
0.99999976
1.0
1.0
1.0
1.0
1.0
1.0
1.0
1.0
1.0
0.99999976
1.0
1.0
0.9999994
0.9999989
0.9999999
1.0
1.0
1.0
0.99998534
1.0
1.0
1.0
1.0
1.0
0.99999964
1.0
1.0
0.9999999
1.0
1.0
1.0
0.9999995
1.0
1.0
1.0
1.0
1.0
1.0
1.0
1.0
0.9999995
0.9998561
0.99907243
1.0
1.0
1.0
0.9999914
0.9999975
1.0
1.0
1.0
1.0
0.99999976
1.0
1.0
1.0
1.0
1.0
0.9999999
0.99999976
1.0
0.99999976
1.0
0.99999976
1.0
1.0
1.0
0.99715567
0.90470105
1.0
0.9999982
0.9999999
1.0
1.0
1.0
0.99445456
1.0
0.99999976
1.0
1.0
1.0
1.0
0.9999924
1.0
1.0
0.99998784
1.0
1.0
1.0
1.0
1.0
1.0
1.0
1.0
1.0
1.0
1.0
1.0
1.0
1.0
1.0
0.9999999
1.0
1.0
1.0
1.0
0.9999989
1.0
1.0
1.0
1.0
1.0
1.0
1.0
1.0
1.0
1.0
0.99805707
1.0
1.0
1.0
1.0
1.0
1.0
1.0
0.99999845
1.0
0.9884625
0.99734974
1.0
0.999948
0.9999995
1.0
1.0
0.9999999
1.0
1.0
0.9999999
1.0
0.9999994
1.0
1.0
1.0
0.99932826
1.0
1.0
0.99582016
1.0
1.0
1.0
1.0
1.0
0.99997437
1.0
0.9999931
1.0
1.0
1.0
0.9999993
1.0
1.0
0.9999994
0.99999785
0.9999999
0.99999964
1.0
0.99992573
1.0
1.0
1.0
1.0
1.0
1.0
1.0
0.9999975
0.99994147
0.8154889
0.91107905
0.9999974
0.99984705
1.0
1.0
0.999995
0.9999999
0.9999999
1.0
1.0
1.0
1.0
0.9999889
0.99999285
0.9999995
0.99999976
0.99999976
1.0
0.59731346
0.9999999
1.0
1.0
0.99982375
1.0
0.99988747
1.0
0.99988484
1.0
0.9999999
0.9999999
0.99999964
0.9999999
1.0
0.9999999
0.99999976
0.99999905
0.9998272
0.9999999
0.9999844
0.9999999
0.9999994
0.9999995
0.9999999
0.9999989
0.99937844
0.990853
0.99999857
0.9999989
0.99999833
0.9999968
0.9999114
0.999995
0.9999988
1.0
1.0
0.999998
1.0
1.0
1.0
0.99999976
0.99957305
0.9999925
0.9999994
0.9999951
0.9999999
0.99999833
0.99999976
0.9970379
0.9999969
0.9997414
0.99999726
0.9999988
0.99998283
0.9999999
0.99937785
1.0
1.0
1.0
1.0
1.0
1.0
1.0
0.99999964
0.9999993
1.0
0.9999999
0.99975246
0.9999994
0.99999976
0.99786794
1.0
0.9999703
0.9999999
1.0
0.9999763
1.0
0.9999999
1.0
0.9996443
1.0
0.9998362
0.99999964
1.0
0.9999995
1.0
0.9999975
1.0
1.0
0.999992
1.0
0.99999976
0.9999455
0.9999993
0.9999893
0.9999999
1.0
0.9999988
0.9998934
1.0
0.99999976
1.0
1.0
0.99967515
1.0
1.0
1.0
0.9999995
1.0
0.99868566
1.0
1.0
1.0
1.0
1.0
0.99048024
0.9999689
0.99999595
1.0
0.999997
1.0
1.0
1.0
0.99999964
1.0
0.8556846
0.9999958
0.9999999
1.0
1.0
1.0
1.0
1.0
1.0
0.9999999
0.7890464
1.0
0.9999664
1.0
1.0
1.0
1.0
1.0
1.0
1.0
0.9999938
1.0
1.0
1.0
0.9999999
1.0
0.9999989
1.0
1.0
1.0
1.0
0.9965134
1.0
1.0
0.99999917
0.9999995
1.0
1.0
1.0
1.0
0.9999999
1.0
1.0
0.9999951
1.0
0.9999906
1.0
1.0
1.0
1.0
1.0
1.0
1.0
1.0
1.0
1.0
1.0
1.0
1.0
1.0
1.0
1.0
1.0
1.0
1.0
1.0
1.0
1.0
0.9999999
1.0
0.99999964
1.0
1.0
1.0
1.0
1.0
0.99936455
0.9999999
1.0
1.0
0.99998355
1.0
0.9999999
1.0
1.0
0.8636601
1.0
0.9997004
1.0
0.99999905
1.0
0.9334935
0.96271735
0.99910164
1.0
1.0
1.0
1.0
0.9999999
1.0
0.9999999
1.0
1.0
1.0
1.0
1.0
1.0
0.99999607
1.0
1.0
1.0
1.0
1.0
1.0
1.0
0.9999999
1.0
1.0
1.0
1.0
1.0
1.0
1.0
1.0
1.0
1.0
1.0
1.0
1.0
1.0
1.0
1.0
1.0
1.0
1.0
1.0
1.0
1.0
1.0
1.0
1.0
1.0
0.9999989
1.0
1.0
1.0
1.0
0.99999976
1.0
0.9999999
1.0
1.0
1.0
1.0
0.9999999
1.0
1.0
1.0
1.0
1.0
0.99999976
0.9999666
0.99996054
1.0
1.0
1.0
1.0
1.0
1.0
0.999997
1.0
1.0
1.0
1.0
1.0
1.0
1.0
1.0
1.0
1.0
1.0
1.0
0.9999999
1.0
1.0
1.0
1.0
1.0
0.9999999
1.0
1.0
1.0
1.0
1.0
1.0
1.0
1.0
1.0
1.0
1.0
1.0
1.0
1.0
1.0
1.0
1.0
1.0
1.0
1.0
1.0
1.0
1.0
1.0
1.0
1.0
1.0
1.0
1.0
1.0
1.0
1.0
1.0
1.0
1.0
0.9999999
0.99999964
1.0
0.99999964
1.0
1.0
1.0
1.0
1.0
1.0
1.0
1.0
0.99999964
1.0
1.0
1.0
1.0
1.0
1.0
1.0
1.0
1.0
1.0
0.9999999
1.0
1.0
1.0
1.0
1.0
1.0
1.0
1.0
1.0
0.99999964
1.0
1.0
1.0
1.0
1.0
0.9999962
1.0
1.0
0.99998915
1.0
1.0
1.0
0.9999999
1.0
1.0
1.0
1.0
0.99999976
1.0
1.0
0.99999976
1.0
1.0
1.0
1.0
1.0
1.0
1.0
1.0
1.0
1.0
1.0
1.0
1.0
1.0
1.0
1.0
0.99999964
1.0
1.0
1.0
0.9999999
1.0
1.0
1.0
1.0
1.0
1.0
1.0
1.0
1.0
1.0
0.9999981
0.99999845
0.9999901
1.0
1.0
1.0
1.0
0.99995625
1.0
0.99971026
0.99999917
0.99999857
1.0
1.0
1.0
1.0
1.0
1.0
1.0
0.99999917
0.9999746
1.0
1.0
1.0
1.0
1.0
1.0
0.9999957
1.0
1.0
1.0
0.99999976
1.0
0.9999999
0.99999976
0.9990165
1.0
0.9999819
1.0
1.0
1.0
1.0
1.0
0.9999999
1.0
1.0
1.0
1.0
1.0
1.0
0.9999671
1.0
0.9999989
0.9999994
1.0
0.99999976
1.0
1.0
1.0
1.0
1.0
0.99999917
1.0
0.99999976
0.9999989
1.0
1.0
0.9999994
1.0
0.9999999
1.0
1.0
1.0
1.0
1.0
1.0
1.0
1.0
1.0
0.99999976
0.9938076
1.0
0.99999964
1.0
1.0
1.0
0.9999994
1.0
1.0
0.99998355
0.9999999
1.0
1.0
1.0
1.0
1.0
1.0
1.0
1.0
1.0
1.0
1.0
1.0
1.0
0.99996054
1.0
1.0
1.0
1.0
1.0
0.9999999
1.0
0.9999995
1.0
0.9949765
0.9999999
1.0
1.0
1.0
1.0
0.9999999
0.99999976
1.0
1.0
1.0
1.0
0.99995375
1.0
1.0
1.0
1.0
1.0
0.9999999
1.0
1.0
1.0
1.0
0.99999964
0.9999999
1.0
1.0
0.8834853
1.0
0.9999987
1.0
0.9999999
1.0
0.9958469
0.99999905
0.99998915
1.0
0.9999988
0.99999976
0.99995315
1.0
0.99999464
1.0
1.0
0.9999989
1.0
1.0
0.9999999
0.99974364
0.9989544
0.9168458
0.99999964
0.9954461
0.96928096
0.9999927
0.6190139
0.9573561
0.99999917
1.0
0.99999976
0.9999956
1.0
0.9999918
0.99999404
0.99988174
0.9999931
0.95372635
0.9964966
0.9999975
0.9999727
0.99996734
0.5061338
0.99998367
0.9990447
0.9999976
0.9997938
0.9999999
1.0
1.0
0.99999356
1.0
0.9999999
1.0
0.9999876
0.99999833
0.999948
1.0
0.999064
1.0
1.0
1.0
0.9999472
0.9643191
0.99927837
0.90289766
1.0
1.0
0.99998033
0.9962102
1.0
0.99981123
0.99999917
1.0
0.9992835
0.9999995
0.9999976
1.0
1.0
0.99999285
0.9999753
0.9998888
1.0
0.9999186
0.9999963
0.99999726
1.0
0.9993241
0.9999908
0.99998903
0.999998
0.6562671
0.9999994
0.99999833
0.999997
0.9999995
1.0
0.99980515
0.9974172
1.0
1.0
0.9999999
0.9996265
0.99999666
1.0
1.0
1.0
1.0
1.0
0.9999989
1.0
0.9999615
1.0
1.0
1.0
1.0
0.9999995
0.94227684
1.0
1.0
1.0
1.0
0.9999995
1.0
1.0
1.0
1.0
0.9999994
0.99999535
1.0
1.0
1.0
0.99999976
0.99999857
0.9999999
0.9999999
1.0
1.0
0.9999894
1.0
0.9999999
0.99999917
1.0
0.99999964
1.0
1.0
1.0
0.9999944
1.0
1.0
1.0
1.0
1.0
1.0
0.99999905
1.0
1.0
0.9999943
0.9999949
1.0
0.99999976
1.0
1.0
1.0
1.0
1.0
0.9999995
1.0
1.0
0.9999999
1.0
1.0
0.99997234
0.9999999
0.9999993
0.99999845
0.999992
1.0
1.0
1.0
1.0
0.9999999
1.0
0.99999976
0.99999595
1.0
0.99999976
0.9998504
0.99999785
0.99999976
0.9999882
0.99999917
1.0
1.0
1.0
1.0
0.99999976
0.9999993
0.9999472
1.0
0.9999999
1.0
1.0
0.99999464
1.0
1.0
0.9943763
0.99998844
1.0
0.99999976
0.9996835
0.9999908
1.0
0.99992514
1.0
0.9999689
0.99999905
1.0
1.0
1.0
1.0
0.997677
0.99992824
1.0
1.0
0.9999937
0.99999666
1.0
0.99983406
1.0
0.99999595
1.0
1.0
1.0
0.9999497
0.9998592
1.0
1.0
1.0
1.0
1.0
1.0
1.0
1.0
1.0
0.9999999
0.9998331
1.0
0.9999962
0.50828606
0.99999475
0.9999995
1.0
0.99999976
1.0
1.0
1.0
0.99999714
1.0
0.9999987
1.0
1.0
0.9995372
1.0
1.0
1.0
1.0
0.9999999
1.0
1.0
1.0
1.0
0.9999895
0.99998903
1.0
1.0
1.0
0.9999925
1.0
1.0
1.0
1.0
1.0
0.9999738
0.99998224
1.0
1.0
0.9999999
1.0
1.0
1.0
1.0
1.0
0.9999981
1.0
1.0
1.0
1.0
1.0
1.0
1.0
0.9999999
1.0
1.0
1.0
1.0
0.9999988
0.9999856
1.0
1.0
1.0
0.9999994
1.0
0.9981579
1.0
1.0
1.0
1.0
0.99998856
1.0
1.0
1.0
1.0
1.0
1.0
1.0
1.0
1.0
1.0
1.0
1.0
1.0
1.0
1.0
1.0
1.0
0.9999999
1.0
0.9999963
1.0
1.0
1.0
1.0
1.0
0.9999988
1.0
1.0
1.0
1.0
0.99351597
0.9999999
1.0
0.9999999
1.0
1.0
1.0
1.0
1.0
0.9999999
1.0
0.99995184
0.99797016
1.0
1.0
1.0
0.99999785
1.0
1.0
0.9999999
1.0
1.0
1.0
0.9999943
1.0
1.0
1.0
0.9999789
1.0
0.99999845
1.0
0.9999999
1.0
1.0
1.0
1.0
0.99997675
1.0
1.0
1.0
0.99999905
1.0
0.9999924
1.0
1.0
1.0
1.0
1.0
1.0
1.0
1.0
1.0
1.0
1.0
0.9999993
1.0
1.0
0.9999409
0.9999999
1.0
1.0
0.99999964
0.9999937
1.0
1.0
1.0
1.0
1.0
1.0
1.0
1.0
0.99982005
1.0
1.0
1.0
1.0
0.99999976
1.0
1.0
0.9999652
1.0
1.0
1.0
1.0
0.9999999
0.9999995
1.0
1.0
0.999951
1.0
1.0
1.0
1.0
1.0
1.0
1.0
1.0
0.99999964
0.9999974
1.0
0.9999999
1.0
1.0
0.9999994
1.0
1.0
1.0
1.0
1.0
1.0
1.0
1.0
1.0
1.0
0.99999666
0.9999963
0.99999976
1.0
1.0
0.99999976
1.0
1.0
1.0
1.0
1.0
0.99999964
1.0
1.0
1.0
1.0
1.0
1.0
0.99999964
1.0
1.0
1.0
1.0
0.9999999
0.99998975
1.0
1.0
1.0
1.0
1.0
1.0
0.99999964
1.0
0.99996793
0.9997068
0.99999976
1.0
1.0
0.9999999
1.0
0.99999833
1.0
1.0
1.0
0.9999999
1.0
1.0
1.0
0.9999999
1.0
0.9999976
1.0
0.98198247
1.0
1.0
1.0
1.0
0.99995995
1.0
1.0
1.0
1.0
1.0
1.0
1.0
1.0
1.0
0.9999994
1.0
1.0
1.0
1.0
0.99999964
1.0
0.999995
0.99999976
1.0
0.9999995
1.0
1.0
1.0
1.0
0.9999962
1.0
0.99999666
1.0
1.0
0.9999988
1.0
1.0
1.0
1.0
0.9999968
1.0
1.0
1.0
0.9999938
0.99930656
0.99999845
1.0
1.0
0.9999956
1.0
0.99999917
1.0
1.0
1.0
1.0
1.0
0.9999999
0.99999654
0.9999999
1.0
1.0
1.0
0.99999976
1.0
1.0
0.99999774
1.0
1.0
1.0
1.0
1.0
0.99821824
1.0
1.0
1.0
1.0
1.0
1.0
1.0
1.0
1.0
1.0
0.9999987
1.0
1.0
1.0
0.99999976
1.0
1.0
1.0
1.0
1.0
1.0
1.0
1.0
1.0
1.0
1.0
0.9999925
0.9999999
1.0
1.0
1.0
1.0
0.9991209
1.0
0.999998
1.0
1.0
1.0
1.0
1.0
0.9999995
1.0
1.0
1.0
1.0
1.0
0.9999994
1.0
1.0
1.0
1.0
1.0
1.0
1.0
1.0
0.99999976
1.0
0.9999788
1.0
1.0
0.99999976
1.0
1.0
1.0
1.0
1.0
1.0
1.0
1.0
1.0
1.0
1.0
1.0
1.0
0.9999989
1.0
0.9937371
1.0
1.0
1.0
1.0
1.0
0.9999678
0.9999989
1.0
1.0
0.99984705
0.9999993
0.99996495
1.0
0.9999958
1.0
1.0
1.0
0.9990414
0.99999976
1.0
1.0
0.99999857
0.99999857
1.0
0.9999999
1.0
1.0
0.9999999
1.0
1.0
0.99999666
1.0
0.99999833
1.0
0.9999981
1.0
0.99894875
1.0
0.9999999
0.99999905
1.0
0.9997701
1.0
1.0
1.0
1.0
0.99999976
1.0
0.9999999
1.0
0.9999757
1.0
1.0
1.0
1.0
1.0
0.9999982
0.9999999
1.0
0.9999654
0.999998
0.9999995
0.9999938
1.0
0.99999976
1.0
0.99999857
1.0
0.99998844
0.9967945
1.0
1.0
0.99999714
1.0
1.0
1.0
1.0
1.0
1.0
0.9999964
0.9999999
1.0
1.0
1.0
1.0
1.0
1.0
1.0
0.9999999
0.99999857
1.0
1.0
0.9999939
1.0
0.9999999
1.0
1.0
1.0
1.0
1.0
1.0
0.9999999
1.0
1.0
1.0
0.9999999
1.0
1.0
0.9999999
1.0
0.9999677
1.0
1.0
1.0
1.0
1.0
0.9999999
1.0
1.0
1.0
1.0
0.99999917
1.0
1.0
1.0
1.0
1.0
1.0
1.0
0.99999976
1.0
1.0
1.0
0.9999999
1.0
0.99999
1.0
1.0
0.99999833
0.9999982
1.0
1.0
0.9999999
1.0
0.9999999
1.0
0.9999989
1.0
1.0
1.0
0.9999865
1.0
1.0
0.9999999
1.0
0.9972439
1.0
0.9999994
1.0
1.0
1.0
1.0
1.0
1.0
1.0
0.99999964
1.0
1.0
1.0
1.0
1.0
0.99999344
1.0
1.0
0.99999976
1.0
0.9999877
1.0
1.0
1.0
1.0
0.9999999
0.99999547
0.9999999
1.0
0.9999968
0.9999999
0.99999964
1.0
1.0
1.0
0.99999166
1.0
0.99999714
1.0
0.9999914
1.0
1.0
1.0
1.0
1.0
0.9999989
0.99999535
1.0
0.9999993
0.9999856
0.9999999
1.0
0.99999964
0.9999975
1.0
0.99999964
1.0
1.0
0.9993742
1.0
0.9999937
0.99993765
1.0
1.0
0.99999964
0.99999976
0.99999976
1.0
0.99999297
1.0
0.9999995
0.9999993
0.99999917
1.0
1.0
0.9999999
0.999992
0.9996092
1.0
0.9949279
1.0
1.0
1.0
1.0
0.9999908
0.9999999
0.9999945
1.0
0.9999999
1.0
0.99996674
0.9999999
0.99999714
1.0
0.9999999
1.0
0.99994004
1.0
1.0
1.0
1.0
0.9999981
0.9999956
1.0
0.9999999
0.99999976
0.99991906
0.99999976
0.9999999
1.0
0.9999993
0.9999999
1.0
1.0
1.0
1.0
0.9999993
0.9990428
0.9999653
1.0
1.0
0.9999894
0.9999976
1.0
1.0
1.0
1.0
0.99999714
0.9999553
1.0
1.0
1.0
0.9999999
0.9999999
1.0
0.9999802
0.99981385
0.99998593
0.9999981
1.0
1.0
1.0
1.0
0.9999372
1.0
1.0
1.0
1.0
0.9999993
0.9999981
0.9997836
1.0
0.99999964
1.0
1.0
1.0
0.9999944
1.0
1.0
0.9999957
0.9999999
1.0
1.0
1.0
1.0
1.0
1.0
1.0
0.9999995
0.99999714
1.0
1.0
0.99999964
1.0
1.0
0.9999999
1.0
1.0
0.9999999
1.0
1.0
1.0
1.0
0.99994445
0.99999857
1.0
1.0
1.0
1.0
1.0
0.99994814
1.0
1.0
1.0
1.0
1.0
1.0
0.99999344
1.0
1.0
0.99999154
0.99999976
1.0
0.9999987
1.0
0.9999995
1.0
1.0
1.0
1.0
0.999887
0.9999993
1.0
1.0
0.9996063
1.0
1.0
0.9999999
0.9999869
0.99875784
1.0
1.0
1.0
1.0
1.0
0.9999989
1.0
1.0
1.0
0.9999988
1.0
0.9999989
1.0
1.0
1.0
1.0
1.0
1.0
1.0
1.0
1.0
1.0
1.0
1.0
0.99999976
1.0
1.0
1.0
1.0
1.0
0.9999993
0.9999788
1.0
1.0
1.0
0.9999999
1.0
1.0
1.0
1.0
1.0
1.0
1.0
1.0
0.999782
0.9999999
1.0
1.0
1.0
1.0
1.0
1.0
0.999992
1.0
0.9999999
1.0
0.9999999
1.0
1.0
1.0
1.0
0.9999999
0.99999905
0.9999993
0.9999999
1.0
1.0
1.0
1.0
0.9999988
1.0
1.0
1.0
1.0
1.0
1.0
0.99999976
1.0
0.9999989
1.0
1.0
0.99999785
0.9999994
1.0
0.99999976
1.0
1.0
1.0
1.0
1.0
1.0
1.0
1.0
1.0
1.0
1.0
0.99998903
0.9999994
0.9999995
1.0
1.0
0.99999976
1.0
1.0
0.9999987
1.0
1.0
1.0
0.9999994
1.0
1.0
1.0
1.0
1.0
0.99999964
1.0
1.0
0.99998784
1.0
1.0
1.0
1.0
0.9999999
0.9999999
1.0
1.0
1.0
1.0
1.0
1.0
1.0
1.0
1.0
1.0
1.0
1.0
1.0
1.0
1.0
1.0
1.0
1.0
1.0
1.0
1.0
0.999997
1.0
1.0
1.0
0.9999999
1.0
1.0
1.0
0.9999974
0.9999995
1.0
0.99999964
0.99999845
1.0
0.99999774
0.9999763
0.9996815
1.0
0.99999857
1.0
1.0
1.0
1.0
1.0
1.0
1.0
0.99999905
0.999998
0.9999999
1.0
1.0
1.0
1.0
1.0
0.99999964
1.0
0.9999994
1.0
1.0
1.0
0.99999774
1.0
1.0
1.0
1.0
1.0
0.9999995
1.0
1.0
1.0
1.0
1.0
0.99999976
0.9999999
1.0
1.0
1.0
0.9999995
1.0
0.9999993
1.0
0.9999993
1.0
0.9999982
0.9999999
1.0
0.99999833
1.0
1.0
1.0
0.99999833
0.99999774
1.0
1.0
1.0
0.99999964
0.99999964
0.99991226
1.0
0.9999999
0.9999547
0.99999774
0.9999932
1.0
1.0
1.0
0.9999995
1.0
1.0
1.0
1.0
0.99999964
0.9999932
0.9994265
1.0
1.0
1.0
0.99999976
1.0
1.0
0.9999901
0.9998109
0.99999905
0.9999993
0.99999976
0.9999995
0.99999964
1.0
1.0
1.0
0.99999964
1.0
1.0
1.0
1.0
1.0
1.0
0.9999995
1.0
0.9984107
0.99999976
0.99999285
0.9999938
1.0
0.9999875
0.99884903
1.0
0.99986374
1.0
0.88497436
0.99999774
0.9998673
0.9999957
0.999874
0.9999999
1.0
0.9997062
0.9999988
0.9999974
0.99999976
0.999866
0.9999976
0.99999917
0.9999999
1.0
0.9999938
0.9999999
1.0
1.0
0.99999964
1.0
1.0
1.0
1.0
0.99999964
0.9999999
0.99999774
0.99999774
1.0
1.0
1.0
1.0
1.0
1.0
1.0
1.0
0.9999932
0.99997747
1.0
1.0
1.0
0.9999999
1.0
1.0
0.9999988
1.0
0.9999988
0.9999993
0.99998415
0.99799454
0.9999956
1.0
0.9543732
0.99994886
1.0
0.9999999
1.0
1.0
0.9999995
1.0
1.0
0.999997
0.9994276
1.0
0.99998534
0.85668063
0.9999821
0.99999964
0.9999999
1.0
0.9999974
0.9998635
1.0
0.9999999
0.9999707
0.999759
1.0
0.99904126
0.99462885
1.0
1.0
1.0
1.0
1.0
0.9999962
1.0
1.0
1.0
1.0
1.0
1.0
1.0
1.0
0.9999999
1.0
0.99989724
1.0
1.0
1.0
1.0
0.9999999
0.99999833
0.9999994
1.0
0.99999976
1.0
1.0
1.0
1.0
1.0
0.9999999
1.0
1.0
1.0
0.99999964
1.0
0.99999976
1.0
1.0
1.0
1.0
0.99908376
1.0
1.0
1.0
1.0
1.0
1.0
0.999928
1.0
1.0
1.0
1.0
1.0
1.0
0.9998066
0.99999785
1.0
1.0
0.99999976
0.9999007
0.99948406
1.0
1.0
0.99999857
1.0
1.0
1.0
0.9999894
0.9999969
0.99999976
1.0
1.0
0.9999808
1.0
1.0
1.0
1.0
0.99987817
1.0
1.0
1.0
1.0
1.0
1.0
1.0
0.99925
1.0
1.0
1.0
0.99999833
1.0
0.99999774
1.0
1.0
1.0
1.0
1.0
0.9999999
0.99999976
0.99996436
1.0
1.0
1.0
1.0
1.0
1.0
0.9999999
1.0
1.0
1.0
1.0
1.0
0.9998797
0.9999994
0.99999976
1.0
0.9999932
1.0
1.0
1.0
1.0
0.9999999
1.0
1.0
0.9999969
1.0
1.0
1.0
0.99575776
1.0
0.66698545
1.0
0.9999918
0.9997756
0.99964345
0.9999999
1.0
0.9999999
0.99504846
1.0
0.9508053
0.99999976
0.9999999
0.9999999
0.9999914
1.0
1.0
0.9999949
0.99996483
1.0
0.99836546
1.0
1.0
0.9999994
1.0
0.9999999
1.0
1.0
1.0
1.0
0.99949574
0.9974256
0.9999701
0.96296835
0.9971607
1.0
0.99999547
0.999997
1.0
1.0
0.9999999
0.9996934
0.999998
0.9996568
0.99987805
0.9992793
0.9996195
1.0
0.99999964
0.9997372
1.0
0.99999034
1.0
1.0
0.99969375
1.0
1.0
1.0
1.0
1.0
1.0
1.0
0.9999956
0.9999999
1.0
0.99999774
1.0
0.97953427
1.0
1.0
1.0
1.0
1.0
1.0
1.0
0.99999857
1.0
1.0
0.99999857
1.0
1.0
1.0
0.9999994
0.99999905
1.0
0.9999993
1.0
1.0
1.0
0.9999999
0.99928916
1.0
0.9999962
1.0
1.0
0.99999976
1.0
1.0
1.0
1.0
1.0
1.0
1.0
1.0
0.9999989
1.0
1.0
1.0
1.0
1.0
0.9999999
1.0
1.0
1.0
1.0
1.0
1.0
1.0
1.0
1.0
0.9999243
0.99887925
0.99999857
0.99991393
0.9999999
1.0
1.0
1.0
1.0
0.99999976
1.0
1.0
1.0
0.9999999
1.0
0.9999968
0.99999905
0.9999989
1.0
1.0
1.0
0.99999964
0.9999975
1.0
1.0
1.0
1.0
0.99999976
1.0
1.0
1.0
1.0
0.99999976
1.0
1.0
1.0
0.99999714
0.999998
1.0
1.0
1.0
1.0
1.0
1.0
0.9999999
1.0
0.99999964
0.9999869
1.0
0.99999964
1.0
1.0
1.0
1.0
1.0
1.0
1.0
1.0
1.0
1.0
1.0
1.0
0.9992161
0.9999988
0.99999833
0.9272598
1.0
1.0
1.0
0.99999845
1.0
1.0
0.9999993
0.9999981
0.9999224
0.999997
0.9999999
1.0
0.99988425
0.99999964
1.0
0.9999982
1.0
0.9999999
0.99999845
1.0
0.99999964
1.0
1.0
1.0
1.0
0.99999714
0.8591243
0.9999994
0.9999995
1.0
0.9999541
0.9995753
0.99989426
0.9999999
0.9999999
0.9999962
0.99999833
0.9999995
1.0
0.99999225
0.99999475
0.9999945
1.0
1.0
1.0
0.9999999
1.0
1.0
0.99999917
1.0
1.0
1.0
0.9999999
1.0
1.0
1.0
1.0
0.99999976
1.0
1.0
1.0
0.9999989
1.0
0.99999726
0.98057705
1.0
0.99999714
1.0
0.99990404
0.9978276
0.9999989
1.0
0.99999976
0.99998057
0.99999404
0.9999331
0.99996984
1.0
0.6528676
0.9989687
1.0
1.0
1.0
1.0
1.0
0.92729115
1.0
0.9999958
0.99999976
1.0
1.0
1.0
0.99999833
1.0
1.0
1.0
0.99999976
1.0
1.0
1.0
0.9999789
1.0
1.0
1.0
0.99999547
0.99999976
1.0
0.9999993
1.0
0.99999917
1.0
0.9999999
0.9999993
1.0
1.0
0.9999969
1.0
1.0
1.0
1.0
1.0
1.0
1.0
1.0
1.0
0.9999994
0.9999999
0.99997437
0.9990398
0.99983597
0.99999917
0.99999964
1.0
1.0
0.9999981
0.9966472
0.9999821
1.0
1.0
1.0
0.9999988
0.9999876
0.99994755
1.0
0.9999994
1.0
0.9999932
1.0
1.0
0.99999964
0.99999547
1.0
1.0
1.0
1.0
1.0
1.0
0.9999999
1.0
0.9955462
1.0
0.74501294
1.0
0.99999416
1.0
0.99999964
1.0
0.99999976
1.0
1.0
1.0
1.0
1.0
1.0
1.0
0.9999994
1.0
1.0
0.99999845
0.99938416
1.0
0.9999999
1.0
1.0
0.9999974
1.0
1.0
1.0
1.0
1.0
1.0
1.0
1.0
1.0
1.0
0.9999999
1.0
1.0
1.0
1.0
1.0
1.0
1.0
1.0
1.0
1.0
1.0
1.0
1.0
1.0
1.0
1.0
0.9999037
1.0
1.0
1.0
1.0
1.0
1.0
1.0
1.0
1.0
0.99999666
1.0
1.0
1.0
1.0
1.0
1.0
0.99999666
1.0
1.0
1.0
1.0
1.0
1.0
1.0
1.0
1.0
0.9999708
1.0
1.0
1.0
0.9999989
0.99997294
0.99999964
1.0
1.0
0.9999641
0.99999976
0.999962
0.99999976
1.0
1.0
1.0
0.9999169
0.9999857
0.99999857
1.0
0.99999976
1.0
0.9996861
0.9998652
0.99998164
0.9999995
0.9999999
0.9999999
1.0
0.99999976
1.0
1.0
1.0
0.9990982
0.806092
0.9999999
0.99999964
0.99894553
0.99999976
0.9999778
1.0
0.88685286
1.0
0.9999968
0.9999989
1.0
1.0
1.0
0.9999999
1.0
1.0
1.0
1.0
0.9999989
0.99999964
0.9999945
0.9999999
1.0
1.0
0.99999964
0.9999994
1.0
1.0
1.0
1.0
1.0
1.0
1.0
1.0
1.0
1.0
1.0
0.99999964
1.0
1.0
1.0
1.0
1.0
1.0
0.99999976
1.0
1.0
1.0
1.0
1.0
1.0
1.0
1.0
1.0
1.0
1.0
1.0
1.0
1.0
1.0
1.0
1.0
1.0
0.9996679
1.0
1.0
1.0
1.0
1.0
0.99999976
1.0
1.0
0.99999857
1.0
1.0
1.0
1.0
1.0
1.0
1.0
1.0
0.99999285
1.0
1.0
1.0
1.0
0.99999666
1.0
1.0
1.0
1.0
1.0
1.0
1.0
0.99999964
1.0
0.9999981
1.0
1.0
1.0
1.0
1.0
0.99999976
1.0
1.0
1.0
1.0
0.9999999
1.0
1.0
1.0
1.0
1.0
1.0
1.0
1.0
0.9999999
0.9999995
1.0
1.0
1.0
1.0
1.0
1.0
1.0
1.0
1.0
1.0
1.0
1.0
1.0
1.0
0.99999905
0.9999999
1.0
1.0
1.0
1.0
1.0
1.0
1.0
1.0
1.0
1.0
1.0
0.9999999
1.0
1.0
1.0
1.0
1.0
1.0
1.0
1.0
1.0
1.0
1.0
1.0
1.0
1.0
0.99999666
1.0
1.0
1.0
1.0
1.0
1.0
1.0
1.0
1.0
0.9999995
1.0
1.0
1.0
1.0
1.0
1.0
1.0
1.0
0.9999999
1.0
1.0
1.0
1.0
1.0
1.0
1.0
1.0
1.0
1.0
1.0
1.0
0.99999964
1.0
1.0
1.0
0.9999999
1.0
1.0
1.0
1.0
1.0
1.0
1.0
1.0
0.9999999
1.0
1.0
1.0
1.0
1.0
1.0
1.0
1.0
0.9999995
0.9999956
1.0
0.9956227
1.0
1.0
1.0
0.99999356
1.0
1.0
1.0
1.0
1.0
1.0
1.0
0.9999999
1.0
1.0
1.0
1.0
1.0
0.9999999
1.0
1.0
0.99999964
1.0
1.0
1.0
1.0
1.0
0.9999999
1.0
1.0
1.0
1.0
1.0
1.0
1.0
1.0
1.0
1.0
1.0
1.0
1.0
1.0
1.0
0.9999994
0.9999999
1.0
1.0
0.99999976
1.0
1.0
1.0
1.0
1.0
1.0
1.0
1.0
1.0
0.99999964
1.0
1.0
1.0
1.0
1.0
1.0
1.0
1.0
1.0
1.0
0.9999993
0.9999995
1.0
1.0
1.0
1.0
1.0
1.0
1.0
1.0
0.9999999
1.0
1.0
1.0
1.0
1.0
1.0
1.0
1.0
1.0
0.9999989
1.0
1.0
1.0
1.0
1.0
1.0
0.9999987
1.0
1.0
1.0
1.0
1.0
1.0
1.0
1.0
1.0
1.0
1.0
1.0
0.99999976
0.99999964
1.0
1.0
1.0
0.9999999
1.0
1.0
1.0
1.0
1.0
1.0
1.0
0.999997
1.0
1.0
1.0
1.0
1.0
1.0
1.0
1.0
1.0
1.0
1.0
1.0
1.0
1.0
1.0
1.0
1.0
1.0
1.0
1.0
1.0
1.0
0.9998548
1.0
1.0
0.9999999
1.0
0.9999995
1.0
0.9999819
1.0
1.0
1.0
1.0
1.0
0.9999999
1.0
1.0
1.0
1.0
0.99999976
1.0
1.0
1.0
0.99999905
1.0
0.999998
1.0
1.0
1.0
1.0
1.0
1.0
0.9999964
1.0
1.0
1.0
1.0
1.0
1.0
0.9999999
0.99999976
1.0
1.0
1.0
1.0
1.0
1.0
1.0
1.0
1.0
0.99999654
1.0
0.9999999
1.0
1.0
1.0
1.0
1.0
1.0
1.0
1.0
1.0
1.0
0.99998784
1.0
1.0
1.0
1.0
1.0
1.0
1.0
0.999995
1.0
0.9999999
0.9999999
0.9999988
1.0
1.0
1.0
1.0
1.0
1.0
0.9999989
1.0
1.0
1.0
0.99999535
1.0
1.0
1.0
1.0
1.0
1.0
0.9999987
1.0
1.0
1.0
1.0
1.0
0.9999999
1.0
1.0
1.0
0.99999976
1.0
1.0
1.0
1.0
1.0
1.0
1.0
1.0
1.0
1.0
1.0
1.0
0.9999999
0.99999857
1.0
1.0
1.0
1.0
1.0
0.9999962
0.99999917
1.0
1.0
1.0
0.9999926
0.9999881
1.0
0.99986076
1.0
0.99993396
0.9998789
0.9999584
0.99999857
1.0
0.638522
1.0
1.0
1.0
0.9999995
0.83956975
0.9998933
0.99999607
1.0
0.9999989
0.99999964
1.0
0.9999994
1.0
1.0
1.0
1.0
0.9964896
0.99999726
0.99999595
0.99999964
0.9999995
1.0
1.0
0.9999999
0.99992085
0.99993
0.99999976
1.0
1.0
1.0
0.99998724
0.9999896
0.99999976
1.0
1.0
1.0
1.0
0.999603
0.99999905
1.0
1.0
0.99999964
0.99999964
1.0
1.0
1.0
1.0
1.0
0.99999964
0.99847144
0.9999999
0.99907327
1.0
1.0
1.0
1.0
1.0
1.0
1.0
0.999998
1.0
0.9999999
1.0
1.0
0.9999999
1.0
1.0
1.0
1.0
0.9999999
1.0
1.0
0.9999999
0.9999999
0.9999995
1.0
1.0
1.0
1.0
1.0
1.0
1.0
1.0
0.9999999
1.0
0.9999994
1.0
1.0
1.0
1.0
0.9999081
1.0
0.9999999
1.0
1.0
1.0
1.0
0.9999994
0.9999999
1.0
1.0
1.0
1.0
0.9999329
1.0
1.0
1.0
0.9999993
1.0
1.0
1.0
1.0
1.0
1.0
1.0
1.0
1.0
1.0
1.0
1.0
1.0
0.9999999
1.0
1.0
1.0
1.0
0.9999999
1.0
1.0
0.9999999
1.0
1.0
1.0
1.0
1.0
0.9999999
1.0
1.0
0.99899906
1.0
1.0
1.0
1.0
1.0
1.0
1.0
1.0
1.0
0.99999976
1.0
0.9999988
1.0
1.0
1.0
1.0
1.0
1.0
1.0
1.0
1.0
1.0
1.0
1.0
1.0
1.0
1.0
0.9999995
1.0
0.99999964
1.0
1.0
1.0
1.0
1.0
1.0
1.0
1.0
1.0
1.0
0.9999999
1.0
1.0
1.0
1.0
1.0
1.0
0.99999976
1.0
0.999998
1.0
1.0
0.99999917
0.99999976
1.0
0.99997294
1.0
1.0
1.0
0.999998
1.0
1.0
0.9999999
1.0
0.9999993
1.0
0.9999964
1.0
1.0
1.0
1.0
1.0
1.0
1.0
1.0
1.0
1.0
0.99999976
1.0
1.0
1.0
1.0
1.0
1.0
1.0
0.9999994
0.99999404
1.0
1.0
0.9999995
1.0
1.0
1.0
0.9999844
0.99925655
1.0
1.0
1.0
0.9999987
1.0
0.99999905
1.0
1.0
1.0
1.0
1.0
1.0
1.0
1.0
1.0
1.0
1.0
1.0
0.9999999
1.0
1.0
1.0
1.0
1.0
1.0
1.0
0.99988127
1.0
1.0
1.0
1.0
1.0
1.0
1.0
1.0
1.0
1.0
1.0
1.0
1.0
1.0
1.0
0.99995303
1.0
1.0
1.0
1.0
1.0
1.0
1.0
1.0
1.0
1.0
1.0
1.0
1.0
1.0
1.0
1.0
1.0
1.0
1.0
0.9998159
1.0
1.0
1.0
1.0
1.0
1.0
1.0
1.0
1.0
1.0
1.0
1.0
1.0
1.0
0.9999988
1.0
1.0
1.0
1.0
1.0
1.0
1.0
1.0
1.0
1.0
0.9994685
1.0
1.0
1.0
0.9999999
1.0
1.0
1.0
0.999998
1.0
1.0
0.9999995
1.0
1.0
1.0
0.9999999
1.0
1.0
1.0
1.0
1.0
1.0
1.0
1.0
1.0
1.0
1.0
0.99999964
1.0
1.0
0.9999999
1.0
0.9999999
0.9999852
0.9999999
0.9999883
1.0
1.0
1.0
1.0
0.9984456
1.0
1.0
0.99998426
1.0
0.9999993
0.9999993
1.0
1.0
1.0
0.9999999
0.99999976
1.0
1.0
1.0
1.0
0.99999964
1.0
0.9999999
1.0
1.0
1.0
0.9999995
1.0
1.0
1.0
0.99999976
1.0
1.0
0.9999999
1.0
0.99999666
1.0
1.0
1.0
1.0
1.0
1.0
1.0
0.9999825
0.9997453
0.9999956
1.0
0.9996809
0.9999993
1.0
1.0
1.0
1.0
1.0
1.0
0.9999999
1.0
1.0
0.99999976
1.0
1.0
1.0
0.9999999
1.0
0.99999976
1.0
1.0
1.0
0.999995
1.0
0.9999999
1.0
1.0
1.0
1.0
1.0
1.0
1.0
0.99999833
0.99999976
0.99999964
1.0
1.0
1.0
1.0
0.99983346
1.0
1.0
0.9999999
0.9999999
1.0
1.0
1.0
1.0
1.0
1.0
1.0
1.0
1.0
0.99999845
0.99999976
1.0
1.0
1.0
1.0
1.0
1.0
1.0
1.0
1.0
0.9999995
1.0
1.0
0.9999981
0.99972004
1.0
0.99999976
0.9999863
1.0
0.9999957
1.0
1.0
0.9999969
1.0
0.9999987
1.0
1.0
0.96413654
1.0
1.0
0.99996984
1.0
1.0
1.0
0.9999852
1.0
1.0
0.99999976
1.0
0.99998856
1.0
1.0
1.0
1.0
0.9999896
1.0
1.0
1.0
0.99999976
0.9998567
1.0
1.0
0.57747877
1.0
1.0
1.0
0.9999521
1.0
0.9999964
0.99999917
0.9972324
0.9999325
0.9979048
0.9999981
0.9999999
1.0
0.99999964
1.0
0.9997049
1.0
1.0
0.9999999
0.99999976
1.0
0.9999999
1.0
0.99999964
1.0
0.9999995
1.0
1.0
1.0
0.9999896
1.0
0.9999987
1.0
1.0
1.0
0.9999993
0.99999905
1.0
0.9999999
1.0
0.99999595
1.0
1.0
1.0
1.0
0.9999871
0.9999999
1.0
1.0
0.99999845
1.0
1.0
0.9999999
1.0
0.99999964
0.99999964
0.99525154
1.0
1.0
1.0
0.9999999
0.99999964
1.0
0.99998283
1.0
0.9998636
1.0
1.0
0.99997985
1.0
1.0
1.0
1.0
1.0
1.0
1.0
0.99998856
0.99999857
1.0
0.99990046
1.0
0.99982893
0.9999958
0.9999999
0.99999964
1.0
0.9999378
0.99997675
1.0
0.94330907
0.99999964
0.9999682
0.9999999
1.0
0.9999261
0.9999999
0.7977181
0.9999999
1.0
1.0
0.99999905
0.99999976
0.99999976
0.5867927
1.0
0.5253358
0.99998677
0.9862884
0.9999982
0.99999964
0.99998605
0.83028346
0.99980575
0.9999956
0.9999708
0.9999999
1.0
1.0
0.9999988
0.99999905
1.0
0.9998735
0.9999578
1.0
0.9999999
1.0
0.9999989
0.99996054
0.9999999
1.0
0.9996234
1.0
0.9999918
0.94190013
0.9999901
0.9999925
1.0
1.0
0.99469674
1.0
1.0
0.9999962
1.0
1.0
1.0
0.99990785
0.999871
0.9999925
0.60334826
1.0
1.0
1.0
0.99999607
1.0
1.0
0.999977
0.993508
0.99999833
1.0
1.0
0.99989736
0.52065414
0.99946505
0.99996924
1.0
1.0
1.0
0.9429795
0.99999845
0.9999838
0.99999547
1.0
0.99999917
1.0
1.0
1.0
1.0
1.0
1.0
1.0
0.99999976
0.9999999
0.99999976
0.99793386
1.0
0.99982077
0.9999999
1.0
0.9999988
0.99999666
0.99999905
1.0
0.99999905
0.99999964
1.0
0.9997441
1.0
1.0
0.99996483
0.9999958
0.99976224
1.0
0.99979216
1.0
0.9999949
0.99997985
1.0
1.0
0.9999963
0.99999
0.99999714
1.0
0.9999999
1.0
0.9999858
0.9999987
1.0
1.0
0.99999714
0.9999896
0.9993494
0.999941
0.9999988
0.9999517
0.9988875
0.99999607
1.0
0.9999963
1.0
1.0
0.99999976
0.99668354
0.9999999
0.9999994
1.0
1.0
0.9999987
0.7575543
1.0
0.99605894
0.9999995
1.0
0.9999999
1.0
1.0
0.9999999
1.0
0.99999905
0.9995178
1.0
0.99996626
0.9977077
1.0
1.0
1.0
1.0
1.0
0.999982
0.9999994
1.0
1.0
0.74480766
0.99960846
1.0
0.99999976
1.0
0.99999976
1.0
1.0
0.99977225
1.0
1.0
1.0
1.0
1.0
1.0
1.0
0.9999912
0.9999962
1.0
0.9978231
1.0
1.0
1.0
0.99999964
0.9999981
1.0
0.9999999
0.9999999
0.9999994
1.0
1.0
1.0
1.0
1.0
0.99999845
1.0
0.99997866
0.9999999
1.0
0.9999995
0.99998355
1.0
1.0
1.0
1.0
0.9999994
0.9999999
0.9715784
0.9899738
0.9999999
1.0
1.0
0.9999999
1.0
0.9999999
0.9994809
1.0
1.0
0.7927606
1.0
1.0
1.0
1.0
0.9999784
0.99994147
1.0
0.99998224
1.0
1.0
1.0
0.99999833
0.9999999
0.9999993
0.99999905
1.0
0.9999716
1.0
1.0
1.0
1.0
1.0
1.0
0.99997413
1.0
1.0
1.0
1.0
0.99703526
0.9999999
1.0
1.0
0.9999709
0.999972
0.99999654
0.99999726
1.0
0.97933805
1.0
0.9999995
0.999992
0.99999964
0.99973804
0.9999999
1.0
1.0
1.0
1.0
1.0
1.0
0.9999999
0.9999753
0.9999999
0.9975344
0.9997415
0.9595139
1.0
1.0
0.9999999
1.0
1.0
1.0
0.9999924
1.0
1.0
0.999985
1.0
0.9999999
0.9999987
1.0
1.0
0.94507504
1.0
0.9999994
0.99999976
1.0
1.0
1.0
0.9999969
1.0
1.0
1.0
1.0
1.0
0.99999917
1.0
0.9999994
1.0
0.99999774
0.99999857
0.9999919
1.0
1.0
1.0
1.0
1.0
1.0
0.9999999
1.0
1.0
0.99999976
1.0
1.0
0.99986005
0.9999999
1.0
1.0
1.0
0.9999999
1.0
1.0
0.99999964
1.0
0.9999995
0.99999976
1.0
1.0
1.0
1.0
0.99999845
0.9999999
1.0
0.9999999
0.99999964
0.99999976
0.9999981
1.0
0.99999976
1.0
0.9999665
0.9999919
0.98745394
1.0
1.0
0.9999999
1.0
1.0
1.0
1.0
0.9999999
1.0
0.9999999
0.9999697
1.0
1.0
1.0
1.0
1.0
1.0
