1.0
1.0
1.0
1.0
1.0
0.99999976
0.99998736
1.0
0.99998534
1.0
1.0
1.0
1.0
1.0
1.0
1.0
1.0
0.99999976
0.99704593
1.0
1.0
0.99999976
1.0
1.0
1.0
1.0
0.9999937
1.0
0.9999995
0.9999999
1.0
0.9999814
1.0
0.9999926
0.9999999
1.0
0.9999999
0.9999999
0.99999046
0.9999993
1.0
0.9999999
0.9999988
0.99999905
0.9999982
1.0
0.99988365
1.0
0.9999993
1.0
0.9999994
1.0
1.0
1.0
1.0
1.0
1.0
1.0
1.0
1.0
0.9999906
1.0
0.99998164
0.9999999
1.0
1.0
1.0
0.99999666
1.0
1.0
0.9999956
1.0
1.0
0.99998605
0.9999981
1.0
1.0
1.0
0.99999464
0.9999999
0.9999995
1.0
1.0
1.0
1.0
1.0
0.99999976
1.0
1.0
0.99999917
1.0
1.0
0.9999747
0.9999932
1.0
0.999597
0.99929225
0.9999999
1.0
1.0
1.0
1.0
1.0
1.0
0.99999964
1.0
1.0
0.99999535
1.0
1.0
1.0
0.9999919
1.0
1.0
1.0
0.96351445
0.99999976
1.0
1.0
0.999998
1.0
0.9998184
0.9999987
1.0
0.9999975
0.99999905
0.9999999
1.0
1.0
1.0
1.0
1.0
1.0
1.0
1.0
1.0
1.0
1.0
1.0
0.9999757
1.0
0.9999999
1.0
1.0
0.9999999
0.9999999
1.0
1.0
1.0
0.9999348
1.0
0.995059
1.0
1.0
1.0
1.0
1.0
1.0
0.9999987
1.0
0.99944276
1.0
1.0
1.0
1.0
1.0
1.0
0.9999957
0.9999999
1.0
1.0
0.9999287
0.99999917
0.9999999
1.0
0.99322975
1.0
1.0
1.0
1.0
0.9999999
1.0
1.0
1.0
0.99995005
1.0
1.0
1.0
1.0
0.9999902
0.99994457
0.9999702
1.0
0.9999435
1.0
0.9999057
1.0
1.0
0.9999995
0.99987555
1.0
1.0
1.0
0.99999917
1.0
1.0
0.9999995
0.9999999
1.0
0.99956375
1.0
0.99988747
1.0
1.0
0.9999999
1.0
1.0
0.9955004
1.0
1.0
0.99999106
0.99995446
1.0
1.0
1.0
0.9999989
1.0
1.0
1.0
0.99999726
1.0
1.0
1.0
1.0
0.99999905
1.0
1.0
1.0
1.0
1.0
1.0
0.99999404
1.0
0.9999993
0.9999995
0.9999975
1.0
0.9988167
0.99999857
1.0
1.0
0.99989855
1.0
1.0
1.0
0.99999714
1.0
0.9999989
1.0
0.6273021
1.0
1.0
0.99999905
0.9999999
0.99998367
1.0
0.9999651
1.0
1.0
1.0
0.9999999
1.0
0.99999976
1.0
1.0
0.9999989
1.0
1.0
1.0
1.0
1.0
1.0
0.99921346
1.0
1.0
1.0
0.9999989
0.99998665
0.99999976
0.9999995
0.99999547
0.99999964
0.9999995
1.0
1.0
1.0
1.0
0.9999994
1.0
1.0
1.0
1.0
1.0
1.0
1.0
1.0
1.0
1.0
0.99999976
1.0
1.0
1.0
1.0
0.9999949
1.0
1.0
0.9999999
1.0
0.99999297
1.0
0.9810027
0.93735886
1.0
1.0
0.9991831
0.9999999
0.9998969
1.0
0.99999976
1.0
1.0
1.0
1.0
0.9999999
1.0
1.0
0.99999833
0.9958197
1.0
0.9999995
0.68575126
0.99999845
1.0
1.0
1.0
1.0
1.0
1.0
0.9999999
1.0
0.99998593
1.0
1.0
1.0
0.99999976
1.0
1.0
0.9999974
0.99870586
0.99918264
0.99999857
1.0
0.9999862
0.9999993
1.0
1.0
0.99992716
1.0
0.99995375
1.0
0.9999999
1.0
1.0
1.0
1.0
1.0
0.9999999
1.0
1.0
1.0
0.9999999
0.9999386
1.0
0.9999999
1.0
1.0
0.99999845
1.0
0.99999976
0.99999964
1.0
1.0
1.0
0.9999999
1.0
1.0
1.0
0.9999999
1.0
0.99999905
1.0
1.0
1.0
1.0
0.9999778
0.9999999
1.0
1.0
1.0
0.9999974
1.0
0.99998796
0.99994636
1.0
1.0
0.9998851
1.0
0.9999968
1.0
1.0
0.99999785
0.9999982
1.0
1.0
1.0
1.0
1.0
0.9999999
1.0
1.0
1.0
1.0
0.9999968
1.0
1.0
0.999979
1.0
1.0
0.9999989
1.0
1.0
0.9999999
0.99999976
0.99999845
0.99365187
0.79278386
0.99999976
0.66269976
0.99990296
0.6545895
0.9998166
1.0
1.0
1.0
1.0
1.0
0.9999958
0.99998593
1.0
1.0
0.99995756
1.0
0.9999858
1.0
0.9999999
1.0
1.0
1.0
0.99999857
0.9999994
1.0
1.0
1.0
1.0
1.0
0.9999999
1.0
1.0
0.9999994
0.99998665
1.0
1.0
0.99999976
1.0
1.0
1.0
1.0
1.0
1.0
1.0
0.9999989
1.0
0.99992883
1.0
1.0
0.98224443
1.0
0.9987686
0.99999964
1.0
1.0
1.0
0.9999999
1.0
0.9999988
1.0
1.0
0.99999976
0.99998736
1.0
1.0
0.99998856
1.0
1.0
1.0
1.0
1.0
1.0
1.0
0.9999999
1.0
1.0
0.99999964
0.9998029
1.0
1.0
1.0
1.0
0.9999999
1.0
0.9999999
1.0
0.9999993
1.0
0.9999999
1.0
0.9999993
1.0
1.0
1.0
0.99999976
1.0
0.9999683
0.99417925
1.0
1.0
1.0
0.9999455
1.0
1.0
0.99999833
0.99727327
0.99991333
1.0
1.0
1.0
1.0
0.9999956
1.0
0.9999672
1.0
0.9999995
1.0
1.0
1.0
1.0
1.0
1.0
0.9999969
0.9999999
1.0
0.99959856
1.0
1.0
1.0
1.0
1.0
1.0
1.0
1.0
1.0
1.0
0.7138035
0.9607085
0.9999962
1.0
1.0
0.99999976
1.0
1.0
1.0
0.9955734
1.0
0.9999856
0.9999999
1.0
1.0
0.9996082
1.0
1.0
1.0
1.0
1.0
1.0
1.0
0.99998224
1.0
1.0
1.0
1.0
1.0
0.9999999
1.0
0.99759895
1.0
0.999992
1.0
1.0
0.9999958
0.8880084
0.9999999
1.0
1.0
1.0
0.99999726
0.9774768
1.0
1.0
1.0
0.9999912
1.0
1.0
1.0
1.0
1.0
0.99999356
1.0
1.0
1.0
1.0
0.9999969
1.0
0.99999416
1.0
1.0
0.99980074
0.9940262
1.0
1.0
0.9999722
0.9999989
0.99999976
1.0
1.0
1.0
1.0
1.0
1.0
0.99998426
0.9332641
1.0
0.9999999
1.0
1.0
1.0
1.0
0.9999989
0.999876
1.0
1.0
1.0
0.9999999
1.0
1.0
0.9770303
0.99999857
0.9999999
1.0
1.0
0.99999857
1.0
1.0
1.0
0.9999999
0.7025285
1.0
1.0
1.0
0.99999833
0.99309385
1.0
0.99999714
1.0
1.0
1.0
0.9999987
0.99997437
1.0
0.99999774
0.99999964
0.9999658
1.0
1.0
1.0
1.0
0.9999999
1.0
0.999997
1.0
1.0
1.0
1.0
0.9999994
1.0
1.0
0.9999999
0.7817239
0.83220786
1.0
0.9999999
0.9925283
1.0
1.0
0.9998971
1.0
1.0
0.9981164
1.0
0.9999943
1.0
0.99999857
1.0
1.0
1.0
1.0
1.0
0.9999987
0.9999809
0.9976267
1.0
0.933316
0.99999857
1.0
0.9999964
1.0
0.9999995
0.99997985
1.0
0.99999964
0.9999999
1.0
1.0
1.0
1.0
0.9999999
0.9999999
0.99999964
1.0
1.0
1.0
0.99960655
0.99999523
0.9999981
1.0
1.0
1.0
1.0
0.9999964
1.0
0.9999999
1.0
0.9999995
0.9999999
1.0
1.0
1.0
1.0
1.0
1.0
1.0
0.9999788
1.0
1.0
0.99999964
0.9999995
0.99999726
0.99853504
1.0
1.0
0.99998224
0.9999672
0.99999285
1.0
1.0
1.0
1.0
1.0
0.9999963
0.9999995
1.0
1.0
1.0
1.0
1.0
0.99999905
1.0
1.0
1.0
1.0
1.0
0.9999994
1.0
1.0
0.99984264
1.0
1.0
0.9999993
0.9999989
0.99999976
1.0
1.0
1.0
0.99999833
1.0
1.0
1.0
1.0
0.9999999
1.0
0.99983025
1.0
0.9999995
1.0
0.9999999
0.9999908
0.99999976
0.9999999
1.0
1.0
0.9999907
0.9999926
1.0
0.99997795
1.0
0.9993544
1.0
0.8214997
1.0
1.0
1.0
1.0
1.0
1.0
1.0
0.99999964
1.0
1.0
0.9999995
1.0
0.9999994
1.0
1.0
1.0
1.0
1.0
1.0
0.9999976
1.0
1.0
1.0
0.9999523
1.0
1.0
1.0
0.99999964
0.9999987
1.0
1.0
1.0
1.0
0.9999999
0.99880993
0.99624866
0.9503985
1.0
0.9999348
1.0
1.0
0.9999999
1.0
0.9999999
1.0
1.0
1.0
1.0
0.8749848
0.9999944
1.0
0.99999464
1.0
0.99976283
0.99999976
0.9991442
0.9998772
1.0
1.0
0.9999993
0.9999993
1.0
0.9999777
1.0
1.0
1.0
1.0
1.0
1.0
0.9999932
0.99999976
0.9999957
1.0
1.0
1.0
1.0
1.0
0.9969977
1.0
0.9999995
1.0
1.0
1.0
0.9999993
1.0
0.9999993
1.0
1.0
1.0
0.99999857
1.0
0.8207794
0.99970263
0.99994504
1.0
1.0
0.9999999
1.0
1.0
0.9999993
0.9954591
1.0
0.9999982
0.99978095
0.99999964
0.9999995
1.0
1.0
0.9999999
0.9948909
0.9999995
0.9999877
1.0
0.9999876
1.0
1.0
0.99999917
0.99999917
0.9996332
0.99999845
1.0
1.0
0.9991353
1.0
1.0
1.0
1.0
1.0
1.0
1.0
0.9999994
1.0
0.99999976
1.0
1.0
0.9999999
1.0
0.9999988
1.0
1.0
1.0
1.0
1.0
1.0
1.0
1.0
0.99999976
0.9998746
0.9999999
1.0
1.0
1.0
1.0
1.0
1.0
0.99999964
1.0
0.99998903
1.0
0.9991487
1.0
0.99999833
1.0
0.9999995
1.0
0.99999905
1.0
0.9999995
0.9999999
1.0
0.99999905
1.0
0.9999987
1.0
0.99999714
0.999956
1.0
0.9999964
1.0
0.9999999
1.0
1.0
1.0
0.99999964
0.99999905
0.9999931
0.9999596
1.0
1.0
1.0
1.0
1.0
0.58105737
1.0
1.0
0.9999993
1.0
0.99990344
0.99965286
1.0
1.0
1.0
1.0
0.9999856
0.9999685
1.0
0.9999999
0.9999999
0.9999213
0.99999976
1.0
1.0
0.99999106
1.0
1.0
0.999928
1.0
1.0
1.0
1.0
1.0
1.0
1.0
1.0
0.9999995
0.9999939
1.0
1.0
0.99999905
1.0
1.0
1.0
1.0
1.0
0.9999993
0.99999475
1.0
1.0
0.9999999
1.0
1.0
1.0
0.9999999
0.9999999
1.0
1.0
1.0
1.0
1.0
1.0
1.0
1.0
1.0
1.0
0.99999285
1.0
1.0
1.0
1.0
1.0
0.9971739
0.99999905
1.0
0.9999999
1.0
0.9936557
1.0
0.9986595
1.0
1.0
0.99999976
1.0
0.9999989
1.0
0.9999573
0.9999969
1.0
1.0
1.0
1.0
1.0
0.9997334
0.9999999
1.0
1.0
1.0
0.9999995
1.0
1.0
0.99999976
1.0
0.9999769
1.0
1.0
0.99999905
1.0
0.9999995
1.0
0.9999888
0.99999964
0.9999645
1.0
1.0
1.0
0.9999999
1.0
0.9999685
1.0
1.0
0.9999999
0.9999999
1.0
1.0
1.0
1.0
1.0
1.0
0.99925023
1.0
0.99999714
1.0
1.0
0.99990916
1.0
0.9999999
1.0
0.99898237
1.0
1.0
1.0
1.0
0.99999285
1.0
0.99999976
0.9989532
0.5591411
1.0
0.9999993
1.0
1.0
0.99999774
1.0
1.0
1.0
0.9890723
0.99999034
1.0
0.9999995
1.0
1.0
1.0
1.0
0.99999976
1.0
0.9999995
0.9999993
1.0
0.9999974
1.0
0.99941635
1.0
1.0
0.9999583
1.0
0.9999945
0.9999372
1.0
0.9999949
1.0
0.95751214
0.9999988
1.0
1.0
1.0
1.0
1.0
1.0
0.99971527
1.0
0.93798393
1.0
1.0
1.0
1.0
0.9999999
0.9927124
1.0
1.0
1.0
1.0
1.0
1.0
0.99999964
0.9999989
0.99999917
0.94907284
0.9999999
0.999997
1.0
0.9999993
0.61261237
0.99997413
1.0
1.0
1.0
0.9999999
1.0
0.9999999
1.0
0.9999913
1.0
1.0
1.0
0.5295208
1.0
0.9999994
0.98622906
0.9999975
1.0
0.99999917
1.0
1.0
1.0
1.0
1.0
0.99999905
0.9999747
0.9999974
1.0
1.0
1.0
1.0
0.9999808
1.0
1.0
0.9999708
1.0
1.0
1.0
1.0
1.0
1.0
0.99987376
0.9991861
1.0
0.99998534
1.0
1.0
1.0
0.99997735
1.0
1.0
0.9998778
1.0
0.9999945
0.9999883
1.0
1.0
1.0
1.0
1.0
1.0
1.0
0.9999995
1.0
1.0
1.0
1.0
0.9999975
1.0
1.0
0.9999982
0.9978409
1.0
0.9999999
1.0
1.0
1.0
1.0
0.9912554
1.0
0.90399754
1.0
0.99994195
0.99997175
1.0
1.0
0.99999976
1.0
1.0
0.99908197
1.0
0.9999833
1.0
1.0
1.0
1.0
0.9999802
1.0
1.0
0.99999356
1.0
0.99999964
1.0
0.9999995
1.0
1.0
1.0
0.99999917
0.9999883
1.0
1.0
1.0
1.0
1.0
1.0
1.0
0.9967763
0.99999976
0.99999905
1.0
1.0
0.99999964
1.0
1.0
1.0
1.0
1.0
1.0
1.0
0.99988616
1.0
1.0
1.0
1.0
1.0
1.0
1.0
0.99999726
0.9999994
1.0
1.0
1.0
1.0
0.9934458
0.9999999
0.6596686
0.9270509
0.99990463
1.0
0.99997103
0.9999999
1.0
0.99999976
0.99999976
0.9998859
0.99140304
0.99999905
1.0
1.0
1.0
0.99999905
0.9999999
1.0
0.99997926
1.0
0.9999999
0.7899559
0.9995753
1.0
1.0
1.0
0.9999999
1.0
1.0
0.9999995
1.0
0.9999994
0.9999981
1.0
0.99996805
1.0
0.99999964
0.99999976
1.0
1.0
0.99999905
0.999998
0.99999857
0.99942905
0.99999785
0.9996309
0.9999995
0.9990528
0.99987173
1.0
1.0
0.998692
1.0
1.0
0.9999999
0.9999994
1.0
1.0
1.0
1.0
0.999711
0.9999987
1.0
0.9999999
1.0
0.99999964
0.98130405
1.0
1.0
0.99999917
1.0
0.99999976
0.9999982
1.0
1.0
1.0
0.9999981
1.0
1.0
1.0
1.0
1.0
0.99999976
0.9999999
1.0
1.0
1.0
1.0
1.0
0.9997353
0.9999999
1.0
1.0
1.0
1.0
1.0
1.0
1.0
1.0
0.99999523
1.0
0.99999976
1.0
0.99998724
1.0
1.0
1.0
0.9155808
1.0
1.0
1.0
1.0
0.999995
1.0
0.9999995
0.9999995
0.9996339
0.9999999
0.99999917
1.0
1.0
0.99990964
0.9999989
0.99997556
1.0
1.0
1.0
0.99895453
1.0
0.6223108
0.99999976
1.0
1.0
1.0
0.74611616
1.0
1.0
0.54520637
0.99997735
1.0
1.0
1.0
1.0
0.99999857
0.9999988
1.0
1.0
1.0
1.0
1.0
0.99995995
1.0
1.0
1.0
0.9999988
1.0
0.99983764
1.0
0.9976585
1.0
0.98184264
0.999778
0.9999999
1.0
1.0
0.9999715
0.99986196
1.0
1.0
1.0
1.0
1.0
1.0
0.99988437
1.0
1.0
0.83355504
0.9999608
1.0
1.0
1.0
1.0
1.0
0.9999994
1.0
1.0
0.9999571
1.0
0.98959583
0.9999999
1.0
1.0
1.0
1.0
0.99999404
1.0
1.0
1.0
1.0
1.0
1.0
1.0
0.99979097
1.0
1.0
1.0
1.0
0.99939084
1.0
0.9999999
1.0
1.0
1.0
1.0
0.9996106
1.0
0.999998
1.0
0.9896192
1.0
1.0
0.9999931
1.0
1.0
1.0
0.99999547
1.0
0.99996734
0.95659226
1.0
1.0
0.99999464
1.0
0.9999919
1.0
1.0
1.0
1.0
1.0
1.0
1.0
0.9999589
1.0
1.0
0.99998784
0.9999999
1.0
1.0
0.99874854
1.0
1.0
0.9999999
1.0
1.0
1.0
1.0
0.999987
1.0
1.0
1.0
1.0
0.99826294
1.0
1.0
1.0
1.0
0.99999833
0.99999905
1.0
1.0
1.0
1.0
1.0
1.0
0.99999547
1.0
1.0
1.0
0.99885404
1.0
0.99897397
0.99999964
1.0
0.99995434
1.0
0.9970182
1.0
1.0
0.68338096
0.9997137
1.0
1.0
1.0
0.9995016
1.0
1.0
0.99999917
1.0
0.9994431
1.0
1.0
1.0
0.9999999
0.99999917
1.0
1.0
1.0
1.0
0.999992
1.0
0.9999999
1.0
1.0
0.99999976
0.999936
1.0
0.5593045
0.99999857
1.0
0.9999999
1.0
1.0
1.0
0.9999243
0.9960918
0.99994874
1.0
1.0
0.984014
0.9356256
1.0
1.0
0.99992
1.0
1.0
1.0
0.9999951
0.99999845
1.0
0.9999999
1.0
1.0
1.0
1.0
0.5445524
1.0
1.0
1.0
1.0
1.0
1.0
1.0
1.0
1.0
1.0
0.99982953
1.0
1.0
0.9999999
1.0
1.0
0.9278764
0.9999975
1.0
1.0
1.0
1.0
0.99998343
0.9999999
0.9999999
1.0
1.0
1.0
1.0
1.0
1.0
1.0
1.0
1.0
0.9999219
0.9986457
0.99999976
0.99999964
0.99999726
1.0
1.0
1.0
1.0
1.0
0.99985063
0.9999993
1.0
0.999458
1.0
1.0
1.0
1.0
0.7279591
0.9999999
1.0
1.0
1.0
1.0
1.0
1.0
0.99999976
0.99999976
0.99820423
0.99999964
1.0
1.0
1.0
1.0
0.9999994
1.0
0.9835656
0.999569
1.0
0.9999784
1.0
0.99999905
1.0
1.0
0.99999964
1.0
1.0
1.0
1.0
1.0
0.99872774
1.0
1.0
1.0
1.0
1.0
0.999954
0.9999994
1.0
0.99999964
1.0
0.9999993
0.9999652
1.0
0.99999976
1.0
0.99993575
0.999668
1.0
1.0
0.99999976
0.9992066
0.999997
1.0
1.0
0.9999927
1.0
1.0
1.0
1.0
0.9999993
1.0
1.0
0.9999999
1.0
0.9999989
1.0
1.0
1.0
0.99999976
1.0
1.0
1.0
0.9998939
1.0
1.0
0.99585575
1.0
1.0
0.9989961
1.0
1.0
1.0
1.0
0.9999999
1.0
0.99636334
1.0
0.999281
1.0
1.0
0.98896396
0.9999982
0.9999664
1.0
1.0
0.9999676
1.0
1.0
1.0
1.0
1.0
0.9999999
0.99999964
1.0
1.0
0.9999969
1.0
0.9997422
0.9981597
1.0
0.8268396
1.0
1.0
1.0
1.0
1.0
0.98323745
0.999998
0.9999999
1.0
1.0
1.0
1.0
1.0
1.0
0.9999999
1.0
1.0
1.0
1.0
1.0
0.99997306
1.0
0.9999993
1.0
1.0
0.9999833
1.0
1.0
1.0
1.0
1.0
0.99999964
1.0
0.9999999
0.99997115
0.99999714
1.0
0.9999914
1.0
0.99999905
0.9999368
0.99998796
1.0
0.9999919
0.99999964
0.99998105
0.9999993
0.9999994
0.9999995
1.0
0.99996626
0.99998856
0.9996295
1.0
1.0
1.0
1.0
1.0
1.0
0.99998593
1.0
0.99999976
1.0
1.0
0.9999999
0.99999845
1.0
1.0
1.0
1.0
1.0
1.0
0.99999976
1.0
0.99999976
1.0
1.0
0.99999726
0.93381995
1.0
0.99999464
1.0
0.9999999
0.99921703
0.9999862
0.9999999
0.99999964
1.0
0.99999416
0.99996626
0.99999845
1.0
0.99999964
1.0
1.0
0.9999579
0.99999976
1.0
1.0
1.0
1.0
1.0
0.9999995
1.0
1.0
1.0
0.9999982
1.0
1.0
0.9999999
1.0
1.0
0.9993643
0.9999989
0.811725
1.0
1.0
1.0
1.0
0.99998844
0.89458144
0.9999974
1.0
0.9999988
0.99999654
1.0
1.0
1.0
1.0
0.99999976
1.0
0.52104217
0.9999993
1.0
1.0
1.0
0.9997029
1.0
1.0
0.56893575
0.9999691
1.0
1.0
0.99999666
0.99996126
1.0
1.0
0.99999976
1.0
0.97897685
1.0
1.0
1.0
0.9999989
0.9999769
0.99999976
1.0
1.0
1.0
0.99999547
1.0
1.0
1.0
0.99999976
0.99999976
1.0
0.9764771
0.99998987
1.0
1.0
0.99999964
1.0
1.0
1.0
1.0
1.0
1.0
1.0
1.0
1.0
0.9990652
1.0
1.0
1.0
1.0
0.9999999
0.99999857
0.9999981
1.0
0.99853444
0.99999857
0.9999994
1.0
1.0
0.80045164
1.0
1.0
0.99999976
1.0
1.0
0.9999896
0.9999999
1.0
0.99997973
0.9999999
0.92083997
0.999998
1.0
1.0
0.99998796
1.0
0.99999976
0.9998054
1.0
0.8540894
1.0
1.0
1.0
1.0
0.99999964
1.0
0.9999783
1.0
1.0
1.0
0.75149566
0.9999956
0.99940526
1.0
1.0
1.0
0.5193772
0.9999825
0.9999999
0.999966
1.0
1.0
1.0
1.0
0.99999964
1.0
1.0
1.0
1.0
0.99998283
1.0
0.99999964
1.0
1.0
0.99999845
1.0
0.9999999
1.0
1.0
0.99999666
1.0
0.99999976
0.9999999
0.99999976
1.0
0.99999976
1.0
0.9988881
0.9999999
0.99999964
0.9999995
1.0
1.0
1.0
1.0
0.9997002
0.9999995
1.0
1.0
1.0
0.99999976
1.0
1.0
0.51309264
1.0
1.0
0.8720705
0.9851627
1.0
0.9999865
0.95108664
1.0
1.0
1.0
0.9999851
1.0
0.9998808
1.0
0.99999976
0.9999809
1.0
0.99999833
1.0
1.0
1.0
0.999998
1.0
1.0
1.0
1.0
1.0
1.0
1.0
1.0
1.0
1.0
0.9963852
1.0
1.0
1.0
1.0
0.9999999
0.99999905
0.99998796
1.0
0.9999851
0.9999069
1.0
1.0
0.99999976
1.0
1.0
1.0
0.9999994
1.0
0.99999976
0.99999833
1.0
0.9999546
0.9999999
0.9999987
0.9999999
1.0
0.9999893
1.0
1.0
0.999992
1.0
1.0
1.0
1.0
1.0
1.0
0.99999976
0.9999999
0.99999976
1.0
1.0
1.0
0.99992216
1.0
1.0
0.9999993
1.0
1.0
1.0
1.0
0.98567885
1.0
0.99999404
1.0
1.0
1.0
0.999948
0.9999994
1.0
1.0
0.9990681
0.9999989
0.99999976
0.9999976
0.9231373
1.0
1.0
1.0
1.0
1.0
1.0
1.0
0.9999999
1.0
1.0
0.99999964
0.99999976
0.58239067
1.0
1.0
0.9999975
1.0
1.0
0.9998523
0.99999964
1.0
0.9999883
1.0
1.0
1.0
1.0
1.0
0.9986576
1.0
1.0
1.0
1.0
1.0
0.99756217
1.0
1.0
0.99999917
0.99999416
1.0
0.9999995
1.0
1.0
1.0
0.9999989
1.0
0.9998965
0.9999957
1.0
0.97759867
1.0
0.99999964
0.9999981
1.0
0.99999976
1.0
1.0
1.0
0.9999993
0.9999999
1.0
1.0
0.9999999
0.9807999
0.9999999
1.0
1.0
1.0
1.0
1.0
1.0
0.9999989
1.0
1.0
1.0
0.999995
0.9999999
1.0
0.99999654
1.0
1.0
1.0
1.0
0.99999785
1.0
1.0
0.9999975
1.0
1.0
0.9162356
0.9999994
0.99896836
0.9999981
1.0
0.99999976
1.0
1.0
0.9999634
0.99997807
0.9999999
0.99686545
1.0
0.9999999
1.0
1.0
1.0
0.9999999
0.99976605
0.99999976
1.0
1.0
1.0
0.9999994
0.99999976
0.9999999
0.99999917
1.0
0.99999964
0.9999548
0.9999999
0.99999976
1.0
1.0
1.0
0.9999995
1.0
0.948149
0.9999994
0.99998176
0.9999988
1.0
1.0
1.0
1.0
0.57519585
0.9999974
1.0
0.9999701
1.0
1.0
1.0
0.99999785
0.98853815
1.0
1.0
0.99999964
0.99999976
1.0
1.0
1.0
1.0
1.0
1.0
0.99979097
0.9999988
1.0
1.0
0.9998036
1.0
1.0
1.0
1.0
1.0
1.0
0.99999976
1.0
1.0
0.932755
0.99996495
0.9999995
0.99999976
1.0
1.0
1.0
0.66825175
0.99991703
1.0
0.9999684
1.0
0.9999969
0.9999994
1.0
0.92118317
0.9999987
0.99999475
1.0
1.0
1.0
1.0
1.0
1.0
1.0
1.0
0.9999975
0.99999976
1.0
0.9999999
1.0
1.0
1.0
0.9888926
0.9999927
0.9999999
1.0
0.9999974
1.0
1.0
1.0
0.9694657
0.99999774
0.99999905
1.0
1.0
1.0
1.0
1.0
0.99999774
1.0
1.0
1.0
1.0
1.0
1.0
1.0
0.9999924
1.0
1.0
0.9999864
0.9999995
1.0
0.99999976
1.0
1.0
0.99999976
0.99356633
1.0
0.9998171
1.0
1.0
0.9999999
1.0
0.99999774
1.0
0.999726
0.9999999
0.9999982
0.9998099
1.0
1.0
1.0
0.99999976
1.0
0.9977451
0.9999887
0.99851996
0.9999999
1.0
1.0
1.0
1.0
1.0
1.0
1.0
1.0
1.0
1.0
1.0
1.0
0.9999181
1.0
1.0
1.0
1.0
1.0
1.0
0.9999999
0.99999833
1.0
1.0
0.99999976
0.9998481
1.0
0.9999999
1.0
0.99999833
1.0
1.0
0.9999957
1.0
0.9999273
1.0
0.9999925
1.0
0.9982576
1.0
1.0
0.9999999
1.0
0.9898571
1.0
1.0
1.0
0.9990526
1.0
1.0
1.0
1.0
1.0
1.0
1.0
0.99999845
1.0
1.0
1.0
1.0
1.0
0.99999523
0.99972814
1.0
0.9999964
1.0
1.0
0.9999999
1.0
1.0
0.9999999
1.0
0.9982705
1.0
0.99999976
0.9960581
1.0
0.9999974
1.0
1.0
1.0
1.0
0.9999999
0.9999689
1.0
0.9999988
1.0
1.0
0.99999964
0.99999964
1.0
0.9999999
1.0
1.0
1.0
0.9971052
0.9985732
1.0
1.0
1.0
0.9996306
1.0
1.0
0.99999976
1.0
1.0
0.9999995
0.9999958
0.99999976
1.0
0.9998258
1.0
1.0
0.99983156
1.0
1.0
0.9999987
1.0
1.0
0.9983072
0.9999999
1.0
1.0
1.0
0.9882046
1.0
1.0
1.0
1.0
0.9999999
0.9999999
1.0
1.0
0.9999522
1.0
0.9999938
0.9999579
1.0
1.0
0.9999994
1.0
0.9999988
1.0
0.9607194
1.0
0.9999999
1.0
1.0
0.9999938
0.9999999
1.0
0.99998367
1.0
1.0
0.99797696
1.0
1.0
1.0
0.9999975
1.0
0.9997563
1.0
1.0
1.0
1.0
0.999995
1.0
1.0
1.0
0.9999995
0.9997913
1.0
1.0
1.0
1.0
0.99999976
1.0
1.0
0.9957634
1.0
0.9999999
1.0
1.0
0.9999962
0.9999999
0.9960743
0.9999989
1.0
1.0
1.0
1.0
1.0
1.0
1.0
1.0
0.99988914
0.99999976
0.9999943
1.0
0.9999664
1.0
0.99999416
1.0
1.0
1.0
0.9999993
1.0
0.4983009
0.9999665
1.0
1.0
1.0
1.0
1.0
0.9999908
0.99980897
1.0
1.0
0.99992335
0.99995244
1.0
0.9999989
1.0
0.9999832
1.0
0.9996444
0.99983096
1.0
1.0
1.0
1.0
1.0
1.0
1.0
0.99999595
0.9974254
0.9046714
1.0
1.0
1.0
1.0
1.0
1.0
0.9977295
1.0
0.99966943
1.0
0.99999774
1.0
1.0
1.0
1.0
0.99999976
0.9999999
0.9999999
1.0
1.0
1.0
1.0
1.0
1.0
1.0
1.0
1.0
1.0
1.0
0.99999964
1.0
0.98985773
1.0
1.0
1.0
1.0
0.9999988
1.0
0.9999844
0.9999995
1.0
1.0
0.999998
0.9999989
1.0
1.0
0.9999193
1.0
0.9999999
1.0
0.99999833
0.9992899
0.9999999
0.99984205
1.0
0.99999356
0.9999999
0.9999989
0.99999917
0.99999976
0.9999999
0.9999994
1.0
1.0
0.9846485
1.0
1.0
1.0
1.0
1.0
1.0
0.9965659
1.0
1.0
1.0
0.999995
1.0
1.0
0.999998
0.99527234
1.0
1.0
0.9999994
1.0
1.0
1.0
1.0
1.0
0.9848704
1.0
1.0
0.9998802
0.99999964
1.0
1.0
0.9999999
0.9999999
1.0
1.0
1.0
0.9999982
1.0
1.0
1.0
0.99999225
1.0
1.0
1.0
0.9999995
1.0
0.9999999
1.0
1.0
1.0
1.0
1.0
0.9999999
1.0
1.0
0.9998801
1.0
1.0
0.99996436
1.0
0.94419605
1.0
0.9999999
1.0
0.9999994
1.0
0.99972373
1.0
1.0
1.0
0.9999999
0.9999981
1.0
1.0
0.9999566
1.0
1.0
0.9999999
1.0
0.9999567
0.9999988
1.0
1.0
0.99999917
1.0
0.99990475
1.0
1.0
0.99999964
0.9999987
1.0
0.8069066
1.0
0.9999993
0.99978846
1.0
1.0
0.99999976
1.0
1.0
0.9999999
0.99999857
0.9958034
0.8481245
0.99999964
1.0
1.0
0.9999995
0.99999964
0.9999932
0.9998472
1.0
1.0
1.0
0.9999999
1.0
0.9986327
0.9769507
1.0
1.0
0.9999975
1.0
1.0
0.99985754
1.0
0.99998224
1.0
1.0
1.0
1.0
0.9999933
1.0
0.9999933
1.0
0.980182
1.0
0.9999733
1.0
1.0
1.0
0.99999166
0.9999975
1.0
0.9999902
1.0
0.99999964
1.0
1.0
1.0
1.0
0.99999976
1.0
1.0
1.0
0.99976164
0.9999995
1.0
1.0
1.0
0.6528326
1.0
1.0
1.0
1.0
0.99997854
1.0
1.0
0.99999535
0.9999926
0.99422413
1.0
1.0
1.0
1.0
1.0
1.0
1.0
1.0
1.0
1.0
1.0
1.0
1.0
0.9999987
1.0
0.9999764
1.0
0.9999825
1.0
1.0
0.9999279
1.0
1.0
0.9999999
0.91259116
1.0
1.0
0.99999964
1.0
1.0
1.0
1.0
0.9999995
0.9999999
0.999992
1.0
1.0
1.0
1.0
1.0
1.0
0.9999999
1.0
1.0
1.0
1.0
1.0
1.0
1.0
1.0
1.0
1.0
1.0
0.99960107
0.8888332
0.9999999
0.997162
1.0
1.0
1.0
1.0
1.0
1.0
0.99998176
0.99999905
1.0
1.0
0.82269216
1.0
1.0
1.0
1.0
0.99999833
1.0
1.0
1.0
1.0
1.0
0.9999999
1.0
0.9999999
1.0
1.0
1.0
1.0
1.0
0.9999981
1.0
1.0
1.0
1.0
0.9999988
0.999992
1.0
0.99876666
0.9999999
0.9999943
0.99995255
1.0
1.0
0.99999833
1.0
0.9983115
0.9944259
1.0
0.9999937
1.0
1.0
0.9989617
0.99999964
1.0
0.9999995
0.9999999
1.0
1.0
0.99998415
0.9999869
1.0
0.9999943
1.0
1.0
0.9999999
1.0
0.99977154
0.99999106
1.0
0.9997135
0.9999354
0.99998367
1.0
0.99999905
1.0
0.9999988
1.0
1.0
1.0
0.9999995
0.9999994
1.0
1.0
1.0
1.0
0.9999995
1.0
1.0
0.99999547
0.9999999
1.0
1.0
1.0
1.0
0.9999182
1.0
1.0
1.0
1.0
1.0
1.0
1.0
1.0
0.9999869
1.0
1.0
1.0
0.9999999
1.0
0.996799
0.99999166
1.0
0.99999845
0.99999905
1.0
1.0
1.0
1.0
0.99999976
1.0
1.0
0.99996233
0.99999976
1.0
1.0
1.0
0.9996933
1.0
1.0
0.9999999
1.0
1.0
1.0
0.9995426
1.0
1.0
1.0
1.0
1.0
0.9999528
1.0
1.0
1.0
0.9999001
1.0
0.99999964
0.99999964
1.0
0.9999957
1.0
0.9982765
0.9999999
1.0
1.0
1.0
0.9992907
0.99999976
1.0
1.0
0.9999591
1.0
1.0
0.9992501
1.0
1.0
1.0
0.9999839
1.0
1.0
1.0
1.0
1.0
0.9998529
0.9980903
0.99999845
0.99999774
0.9999993
0.9999999
1.0
0.99999976
1.0
0.9999999
1.0
1.0
1.0
1.0
1.0
0.99904364
0.9950228
0.99998975
1.0
0.9999869
0.9999995
1.0
1.0
1.0
0.9999995
0.9999207
0.99999905
0.9999982
0.9999906
0.9999999
1.0
0.9999993
0.9999999
1.0
0.99999547
1.0
1.0
0.9999994
0.9999945
1.0
1.0
1.0
1.0
1.0
1.0
0.99998486
1.0
1.0
1.0
1.0
1.0
1.0
1.0
0.98548037
0.99222904
1.0
0.9999969
0.999998
1.0
1.0
1.0
1.0
1.0
1.0
1.0
0.9999999
1.0
0.9999974
0.9999075
0.9999999
1.0
1.0
1.0
0.9999999
1.0
1.0
1.0
0.9999999
1.0
0.99999976
1.0
0.99999714
0.99999964
0.99999976
1.0
0.9999999
1.0
1.0
0.9999995
1.0
1.0
0.9999937
1.0
0.9999994
0.99998796
0.8695298
0.9999982
1.0
0.9999993
1.0
1.0
0.99989784
0.9997049
1.0
0.99999726
1.0
1.0
0.99993145
1.0
0.99998975
0.99999964
1.0
0.9999943
1.0
1.0
0.9999995
0.99999964
0.9999995
0.99999964
1.0
1.0
0.9999949
1.0
0.9999943
1.0
0.99999976
0.99999154
1.0
1.0
1.0
0.9999999
1.0
0.99999857
1.0
0.99993134
1.0
1.0
1.0
0.99994445
1.0
1.0
0.9999987
0.99999404
1.0
1.0
1.0
1.0
1.0
0.99999905
0.96104455
1.0
0.9999999
1.0
0.9999814
1.0
0.9999999
0.99999976
0.9999999
1.0
1.0
1.0
1.0
1.0
0.99999857
1.0
1.0
1.0
0.9999994
0.9999994
1.0
1.0
1.0
1.0
1.0
1.0
0.9999931
1.0
0.99939203
1.0
1.0
0.99999857
1.0
1.0
0.99999094
1.0
0.9999975
1.0
0.98192984
0.9999988
1.0
0.9999881
1.0
0.99999607
1.0
0.9999957
0.9999857
1.0
0.9999994
1.0
1.0
1.0
1.0
1.0
1.0
1.0
1.0
0.999918
0.99999976
1.0
1.0
1.0
0.9999999
0.99992275
0.9998987
1.0
0.9999436
0.92184126
0.9999995
0.99999857
1.0
1.0
1.0
0.9974847
1.0
1.0
1.0
1.0
1.0
1.0
0.99977535
0.99999964
1.0
1.0
0.9999999
1.0
1.0
0.9999999
1.0
1.0
0.9967618
0.99994016
1.0
1.0
1.0
1.0
1.0
1.0
1.0
1.0
1.0
1.0
1.0
1.0
0.99998546
0.99999654
0.99999964
1.0
0.9999999
1.0
0.9999968
1.0
0.9999999
1.0
0.9999697
1.0
1.0
1.0
1.0
0.9998543
1.0
1.0
1.0
1.0
1.0
1.0
1.0
0.9858994
1.0
1.0
1.0
1.0
1.0
1.0
0.99999976
1.0
0.9999273
1.0
0.9999995
1.0
1.0
0.99997056
1.0
1.0
1.0
1.0
0.99999976
1.0
1.0
0.99976104
0.78621477
1.0
0.99999976
1.0
1.0
1.0
0.9999958
0.9999956
1.0
1.0
1.0
1.0
1.0
1.0
1.0
1.0
0.9999517
1.0
1.0
1.0
1.0
1.0
1.0
0.99962187
0.9756836
0.99856013
1.0
0.9999999
1.0
0.9999999
0.99999964
0.9999999
1.0
1.0
1.0
1.0
1.0
0.99998736
1.0
0.9999989
0.9993782
0.9999999
1.0
1.0
1.0
1.0
0.9999919
0.9999999
0.9999944
1.0
1.0
0.99995553
1.0
1.0
1.0
0.9998423
1.0
0.999997
1.0
1.0
0.9999931
1.0
0.9999958
0.99971825
0.9994591
0.99469453
0.999997
0.99995565
1.0
1.0
1.0
0.9999993
1.0
0.99999964
1.0
1.0
1.0
1.0
1.0
0.9999999
1.0
1.0
1.0
1.0
0.9999974
1.0
0.9999999
1.0
1.0
1.0
1.0
1.0
0.99260265
1.0
1.0
0.99999964
1.0
1.0
0.9999982
1.0
1.0
1.0
1.0
1.0
0.9999999
0.9999999
1.0
1.0
1.0
0.99999976
1.0
1.0
0.9999989
0.9999893
1.0
1.0
1.0
0.99999964
1.0
0.99999964
1.0
1.0
1.0
1.0
0.9999882
1.0
1.0
1.0
0.99998736
1.0
1.0
0.9999994
1.0
0.99999607
1.0
0.99997663
1.0
1.0
0.99999976
1.0
1.0
1.0
1.0
1.0
1.0
0.9999989
0.9999999
0.55171245
1.0
1.0
1.0
1.0
1.0
1.0
0.999793
1.0
0.9999993
1.0
1.0
1.0
0.99998796
0.99999976
1.0
1.0
1.0
0.9999999
1.0
1.0
0.98263836
1.0
1.0
1.0
0.99999905
1.0
1.0
1.0
0.99999154
1.0
1.0
1.0
1.0
1.0
1.0
1.0
0.64262486
0.9999999
0.9999697
0.9999968
1.0
1.0
0.99998796
1.0
0.94708025
0.890883
0.9999993
0.9992187
0.8458156
1.0
1.0
0.9999999
1.0
1.0
0.9999994
1.0
0.9999999
0.9999893
1.0
1.0
0.9990645
1.0
0.9999995
0.9999999
1.0
0.99999964
0.9999926
0.9998011
1.0
0.9864443
1.0
1.0
1.0
0.9996288
0.99999464
1.0
1.0
1.0
1.0
1.0
0.79107016
1.0
1.0
0.9999988
0.99995875
0.50335056
1.0
1.0
1.0
1.0
0.9999988
1.0
1.0
1.0
0.9999881
1.0
0.44965312
0.9999999
0.99996233
1.0
0.9999987
1.0
1.0
0.9999999
0.99999774
1.0
1.0
0.99999905
1.0
1.0
1.0
0.99999976
0.9994424
1.0
0.99741673
1.0
1.0
0.999998
0.9999995
0.999931
1.0
1.0
0.9999999
1.0
0.9999951
1.0
0.9991555
0.9999999
0.9999982
0.99963605
1.0
1.0
1.0
1.0
1.0
0.99999905
0.9992105
1.0
1.0
0.99996257
1.0
1.0
1.0
1.0
1.0
1.0
1.0
1.0
1.0
0.9999331
1.0
0.9999981
1.0
1.0
0.99999964
1.0
0.99804085
0.9999999
1.0
1.0
1.0
1.0
1.0
1.0
0.9999981
1.0
0.9999999
1.0
0.9949603
1.0
0.99999964
0.9927989
0.9999993
1.0
0.99999976
1.0
0.9999999
0.9999846
1.0
1.0
0.999966
1.0
1.0
1.0
1.0
1.0
1.0
0.99996674
1.0
1.0
1.0
1.0
1.0
1.0
0.99999964
1.0
0.99999845
1.0
1.0
1.0
1.0
1.0
1.0
1.0
1.0
1.0
1.0
1.0
1.0
1.0
1.0
0.997242
0.99999857
1.0
1.0
0.9999999
0.9999999
1.0
0.99998534
1.0
0.99997604
1.0
0.9999999
1.0
0.9554664
1.0
0.9999999
0.9999994
1.0
1.0
1.0
1.0
1.0
1.0
1.0
1.0
0.99999964
1.0
1.0
1.0
0.99999964
1.0
1.0
0.9999995
0.99999154
1.0
1.0
1.0
1.0
0.9999999
1.0
1.0
1.0
1.0
1.0
0.99999964
1.0
0.9963301
1.0
0.99411064
0.9999999
0.9987016
1.0
1.0
0.99994826
1.0
0.9999999
1.0
1.0
0.99996924
0.9999999
1.0
0.9999999
1.0
1.0
1.0
1.0
1.0
1.0
1.0
0.9999907
1.0
1.0
1.0
1.0
1.0
0.89821917
0.9998716
0.99999976
0.99998236
1.0
1.0
1.0
1.0
0.9984427
1.0
0.9999999
1.0
1.0
1.0
1.0
0.9999981
0.9999949
0.99917763
0.9999964
0.9999999
0.9999999
1.0
1.0
1.0
1.0
0.9999999
1.0
0.99951327
0.9999999
0.99976176
1.0
1.0
0.9999982
0.9999999
0.9999999
1.0
1.0
0.99999964
1.0
0.7015631
1.0
1.0
1.0
1.0
0.9999989
0.9999987
1.0
0.99990237
1.0
0.9712577
0.9999517
1.0
1.0
0.9999999
0.9999981
1.0
1.0
0.9999999
1.0
0.8664155
0.9999989
0.99999607
0.99999976
0.9999994
0.9999987
1.0
1.0
1.0
1.0
0.99982613
1.0
0.9999999
1.0
1.0
1.0
1.0
0.9999981
1.0
1.0
1.0
0.9999999
1.0
0.9999999
1.0
0.99976593
0.99991405
1.0
1.0
0.9999999
1.0
1.0
0.99999917
1.0
0.9999995
1.0
0.9967056
1.0
0.9993699
1.0
1.0
1.0
1.0
1.0
0.99994516
1.0
1.0
0.99999464
0.99741274
1.0
0.99999917
0.9929543
1.0
1.0
1.0
1.0
1.0
1.0
1.0
0.9999999
1.0
0.9999999
1.0
1.0
0.9999999
1.0
0.99998796
1.0
1.0
1.0
1.0
0.9999988
0.9999999
0.9999938
1.0
0.99968946
1.0
1.0
0.99999964
1.0
1.0
1.0
1.0
0.9999999
0.99999774
1.0
0.99999917
1.0
1.0
0.9999999
1.0
1.0
1.0
1.0
1.0
1.0
1.0
0.9999999
0.9998274
0.9999865
1.0
1.0
1.0
1.0
0.99999976
1.0
1.0
1.0
1.0
1.0
1.0
0.99999976
0.9999968
1.0
1.0
0.9999825
1.0
1.0
1.0
0.9999988
1.0
0.9999982
0.99996865
1.0
0.9999999
0.9999999
1.0
0.9987697
1.0
0.99971765
1.0
1.0
0.9999999
1.0
1.0
1.0
0.99962556
1.0
1.0
1.0
0.99999976
1.0
1.0
0.99999917
0.9973974
1.0
1.0
0.99999976
1.0
0.73314774
1.0
0.99999356
1.0
0.99999404
1.0
1.0
1.0
1.0
0.99988973
1.0
1.0
1.0
1.0
1.0
1.0
0.99999785
0.99999547
0.99999917
0.9999999
0.999997
1.0
1.0
0.8938322
0.9999999
0.99929297
1.0
1.0
0.9999999
0.9122895
1.0
0.9999995
1.0
1.0
1.0
0.9982437
0.9988387
1.0
1.0
1.0
0.9999982
1.0
1.0
1.0
1.0
0.9999995
1.0
0.9999831
0.99999857
1.0
1.0
1.0
1.0
1.0
1.0
1.0
1.0
1.0
1.0
1.0
1.0
1.0
0.799419
0.9999974
1.0
1.0
1.0
0.9999993
0.9999659
1.0
1.0
0.9999999
0.99126434
1.0
1.0
1.0
1.0
1.0
0.99999976
0.9995552
0.9916515
1.0
1.0
0.9999995
0.9999703
1.0
1.0
1.0
1.0
0.9817817
0.99999714
1.0
1.0
0.99998903
1.0
0.9999478
1.0
0.99999917
1.0
1.0
1.0
0.99999964
1.0
0.9999999
1.0
0.9999976
1.0
1.0
0.84119207
0.99999905
0.99999976
0.99999976
1.0
0.79744124
1.0
0.9999989
1.0
1.0
0.9999999
0.99999845
1.0
0.9997098
1.0
1.0
0.99998605
1.0
1.0
1.0
1.0
1.0
0.9998876
1.0
0.9999635
1.0
1.0
0.9999994
1.0
0.9999602
1.0
0.9999912
1.0
0.9999999
1.0
1.0
1.0
1.0
1.0
0.99999976
1.0
0.99999857
1.0
0.99999964
1.0
0.9999951
0.9999956
1.0
1.0
1.0
1.0
1.0
1.0
1.0
1.0
0.9999999
1.0
0.99999857
1.0
1.0
0.9985268
1.0
1.0
1.0
1.0
0.9997898
0.987694
1.0
1.0
1.0
1.0
0.9999999
1.0
0.99999213
1.0
0.99979013
0.943037
1.0
1.0
0.9999876
1.0
1.0
1.0
1.0
0.9999995
0.9971336
1.0
1.0
1.0
1.0
0.9999964
1.0
1.0
0.99995804
1.0
1.0
0.9999188
1.0
0.99926347
1.0
0.9996667
0.99999976
0.9999976
1.0
1.0
1.0
0.99999845
0.99992335
1.0
0.9999987
1.0
0.9999993
1.0
0.9999999
1.0
1.0
0.9971842
0.999923
1.0
0.99972373
1.0
0.99999404
1.0
1.0
0.9999999
1.0
1.0
1.0
1.0
0.9999982
1.0
0.9999999
1.0
1.0
1.0
0.9999981
1.0
0.9999913
1.0
1.0
1.0
0.9943258
1.0
0.99999416
1.0
1.0
1.0
1.0
1.0
0.9999205
1.0
0.9999759
1.0
1.0
0.9999964
0.99998105
0.99999976
0.99999964
1.0
0.9902457
1.0
1.0
1.0
1.0
1.0
0.99999976
1.0
0.99990296
1.0
0.99999976
0.99934036
0.9999999
1.0
1.0
0.99999917
0.9999999
0.9999391
1.0
1.0
0.9999994
1.0
1.0
1.0
1.0
1.0
1.0
1.0
1.0
1.0
1.0
1.0
1.0
1.0
0.99266833
1.0
0.9999999
1.0
1.0
0.9999994
0.99999976
1.0
1.0
1.0
0.99996614
0.99999213
0.99999964
1.0
0.9999987
1.0
1.0
0.99966884
1.0
1.0
0.9985644
0.99982893
1.0
0.9773909
1.0
1.0
0.9999999
0.9953484
0.99073845
1.0
0.81339043
1.0
1.0
1.0
0.99999654
1.0
1.0
1.0
0.99999976
0.9999999
1.0
1.0
0.999795
1.0
0.9999937
0.9999999
1.0
0.99999964
1.0
1.0
1.0
0.9999881
1.0
1.0
1.0
1.0
1.0
0.9999987
1.0
0.870412
1.0
0.99999535
1.0
0.99998164
1.0
1.0
1.0
1.0
1.0
1.0
0.9919808
0.99999845
1.0
1.0
0.9999435
0.99999976
1.0
0.99999857
1.0
1.0
1.0
0.9999939
1.0
1.0
0.9999999
0.9999999
0.99981505
0.99999917
0.9999999
0.99999607
0.99997544
1.0
0.9999995
1.0
0.9960609
1.0
1.0
1.0
0.9980731
1.0
1.0
0.93509144
0.99988925
0.99999857
1.0
1.0
1.0
1.0
1.0
1.0
1.0
0.9999999
0.9999995
1.0
0.9999999
1.0
0.99998343
0.99999523
1.0
1.0
0.9999993
1.0
1.0
1.0
0.99930763
1.0
0.9999994
0.99992824
1.0
0.99999976
0.99999917
1.0
1.0
1.0
1.0
1.0
1.0
0.99999964
0.94630516
1.0
1.0
0.9999999
0.99980193
0.9909078
1.0
1.0
1.0
1.0
1.0
1.0
0.9999999
1.0
1.0
0.99999857
1.0
0.9999995
1.0
1.0
0.9999658
1.0
1.0
1.0
0.70124215
0.9999999
0.9999999
1.0
0.9999275
1.0
1.0
1.0
0.9999999
1.0
1.0
1.0
0.9999999
1.0
1.0
1.0
0.99999344
0.99591017
1.0
0.9999999
1.0
0.9992613
1.0
0.9990694
1.0
1.0
1.0
1.0
1.0
1.0
1.0
1.0
1.0
1.0
1.0
0.9998734
1.0
1.0
1.0
0.9999999
0.9999974
1.0
0.9999995
1.0
1.0
1.0
1.0
1.0
1.0
1.0
1.0
0.999567
0.99999976
0.99999905
0.9999999
1.0
0.99999857
0.9999988
1.0
0.99999976
0.7311444
1.0
1.0
0.9999378
0.9999999
1.0
1.0
1.0
1.0
0.9999999
1.0
1.0
1.0
0.9999982
0.9999956
1.0
0.9999962
0.99999964
0.9999999
1.0
0.99999917
0.9999877
1.0
1.0
0.9999083
0.99990225
0.9999987
1.0
1.0
1.0
0.99994934
0.9999974
0.9999815
0.9999999
0.9999968
1.0
1.0
0.99999917
1.0
0.9999863
0.9976609
0.97456986
1.0
1.0
0.99999034
0.9999999
0.99999976
0.9999999
1.0
1.0
1.0
1.0
0.99999976
1.0
1.0
0.99999964
0.99999046
1.0
1.0
1.0
0.9989077
0.9999995
0.99974436
1.0
0.99999034
0.99999976
1.0
1.0
0.99999726
0.9999999
1.0
1.0
1.0
1.0
1.0
0.9999999
1.0
1.0
1.0
0.99999976
1.0
1.0
1.0
1.0
0.9780302
1.0
1.0
1.0
1.0
0.99999976
1.0
0.99999964
1.0
1.0
1.0
0.99999976
1.0
1.0
1.0
0.9992736
1.0
1.0
0.9999994
1.0
1.0
0.9999999
1.0
1.0
0.9998356
0.998733
1.0
1.0
1.0
0.9999999
1.0
0.58825886
0.99995923
0.9993875
1.0
1.0
0.99999976
1.0
1.0
1.0
0.99989605
1.0
1.0
0.99999094
1.0
1.0
1.0
1.0
0.9999999
1.0
0.99999964
1.0
1.0
1.0
0.9989127
0.64872444
0.9999999
1.0
1.0
0.99999964
1.0
1.0
1.0
0.9999999
0.9999994
0.9999995
1.0
1.0
0.99999917
1.0
0.9999995
0.9999995
0.99999964
1.0
0.9999931
0.9999989
0.99999917
0.52899426
0.99966407
1.0
1.0
1.0
1.0
0.9999926
1.0
0.99999964
0.9999999
1.0
1.0
0.99999964
0.9999999
0.93026274
1.0
0.9999851
0.9999962
1.0
0.9999938
0.9999435
0.9999993
0.9999802
1.0
0.99999976
1.0
0.991625
1.0
0.9984503
1.0
1.0
1.0
1.0
1.0
0.9999999
1.0
1.0
0.9999993
0.9999993
1.0
0.9999999
1.0
0.9999976
0.9999999
1.0
1.0
1.0
0.9999964
1.0
0.9999862
1.0
0.99441284
0.9999999
0.9999999
0.9999999
0.99996793
1.0
1.0
1.0
1.0
1.0
0.9999521
1.0
1.0
0.9998411
1.0
1.0
1.0
1.0
0.9999906
0.9999999
1.0
1.0
1.0
0.9999924
1.0
0.9999999
1.0
0.999998
0.997285
1.0
0.9999999
0.99964404
0.9848481
0.99999845
1.0
1.0
1.0
1.0
1.0
0.9999895
0.999845
0.9999901
1.0
1.0
0.9999981
0.9591692
1.0
1.0
1.0
1.0
1.0
1.0
1.0
0.99999976
1.0
0.99304855
1.0
1.0
1.0
0.99999976
0.99999976
0.99999917
1.0
1.0
1.0
0.9999999
1.0
0.99926883
0.9999999
1.0
0.99999917
1.0
1.0
0.99998677
0.99998987
1.0
1.0
1.0
1.0
0.9998965
0.9999999
1.0
0.99999785
0.9999993
0.9997359
1.0
0.999613
1.0
1.0
1.0
1.0
1.0
1.0
1.0
0.9999995
0.99999905
1.0
1.0
1.0
1.0
1.0
1.0
1.0
0.99999976
1.0
1.0
1.0
1.0
1.0
1.0
1.0
1.0
1.0
0.99999976
1.0
1.0
1.0
1.0
1.0
1.0
1.0
1.0
1.0
1.0
0.999998
1.0
1.0
1.0
1.0
0.9999956
1.0
1.0
1.0
1.0
1.0
0.9999957
1.0
0.9999974
1.0
1.0
0.9999994
1.0
1.0
1.0
1.0
1.0
1.0
0.9999999
1.0
1.0
1.0
0.99999964
1.0
1.0
1.0
1.0
0.9999932
0.9999989
1.0
1.0
1.0
0.9999999
1.0
0.99999905
1.0
1.0
0.999998
0.9999999
1.0
1.0
0.9999988
1.0
1.0
1.0
1.0
0.999998
1.0
0.99999917
1.0
0.9999999
0.9999975
0.99999964
0.9999999
1.0
1.0
1.0
0.99999607
1.0
0.99999857
1.0
1.0
1.0
1.0
1.0
0.9999999
1.0
1.0
0.9999999
1.0
0.99999976
1.0
1.0
1.0
0.9999684
1.0
1.0
1.0
1.0
1.0
0.99999964
0.99999917
1.0
1.0
1.0
1.0
1.0
0.94455034
1.0
1.0
1.0
1.0
1.0
1.0
1.0
1.0
0.9999999
1.0
0.9999999
1.0
0.9987943
1.0
1.0
1.0
1.0
1.0
0.9999993
1.0
1.0
1.0
1.0
0.9999999
1.0
1.0
0.9999999
0.9999999
1.0
1.0
1.0
0.8272593
1.0
1.0
0.99999404
1.0
1.0
0.77257454
0.9999999
0.99999344
1.0
1.0
1.0
0.9999999
0.99999774
1.0
1.0
1.0
1.0
0.99996614
1.0
1.0
0.99999774
1.0
1.0
1.0
1.0
1.0
1.0
1.0
1.0
1.0
1.0
1.0
1.0
0.9999999
0.99999666
1.0
1.0
1.0
1.0
0.9892659
0.9999999
0.9995017
1.0
0.99996173
1.0
1.0
1.0
1.0
0.99999964
1.0
1.0
0.9999995
1.0
0.99999964
1.0
1.0
1.0
0.9999999
0.99999964
1.0
1.0
0.9997868
1.0
1.0
1.0
1.0
1.0
0.99999976
0.96469826
1.0
1.0
1.0
1.0
1.0
0.9999999
0.9999999
1.0
1.0
0.9999993
1.0
0.9999999
1.0
1.0
1.0
0.99999976
1.0
0.93728733
1.0
1.0
1.0
0.9999962
1.0
0.99999976
1.0
1.0
0.99999833
1.0
1.0
1.0
1.0
0.9999999
0.99983275
1.0
1.0
1.0
0.9952076
1.0
1.0
0.9999924
0.9999995
0.9999999
0.99999833
1.0
1.0
1.0
1.0
1.0
1.0
0.9983664
1.0
1.0
1.0
1.0
1.0
1.0
1.0
1.0
0.99999976
0.9998933
1.0
1.0
1.0
1.0
1.0
1.0
1.0
1.0
1.0
0.9999999
1.0
1.0
1.0
1.0
1.0
1.0
1.0
1.0
1.0
1.0
1.0
0.99999905
1.0
1.0
1.0
1.0
1.0
0.99999976
0.99999976
1.0
1.0
1.0
1.0
1.0
0.9999995
0.99999917
1.0
1.0
1.0
1.0
1.0
1.0
0.5601389
1.0
1.0
1.0
0.99999976
1.0
1.0
1.0
1.0
1.0
1.0
1.0
0.9999994
1.0
1.0
1.0
1.0
1.0
1.0
1.0
1.0
1.0
1.0
1.0
1.0
1.0
1.0
1.0
1.0
0.99999845
1.0
1.0
0.9999995
1.0
0.9999999
1.0
1.0
1.0
1.0
1.0
0.9999987
0.9999999
1.0
1.0
1.0
1.0
1.0
1.0
1.0
0.9999987
1.0
1.0
1.0
1.0
1.0
1.0
1.0
1.0
1.0
1.0
1.0
1.0
1.0
0.9999999
1.0
1.0
1.0
1.0
1.0
1.0
0.9999999
1.0
1.0
1.0
1.0
0.9999988
0.9999728
1.0
1.0
1.0
1.0
1.0
1.0
1.0
1.0
0.9999883
0.99999964
1.0
1.0
1.0
1.0
1.0
1.0
1.0
1.0
1.0
1.0
1.0
1.0
1.0
0.9999995
1.0
1.0
1.0
1.0
1.0
0.99999976
1.0
1.0
1.0
1.0
1.0
1.0
1.0
1.0
1.0
1.0
1.0
0.99924624
0.9999796
1.0
1.0
0.99999976
1.0
1.0
1.0
0.99080443
1.0
0.99999976
0.9999989
1.0
1.0
1.0
1.0
1.0
0.9999999
1.0
1.0
1.0
1.0
0.99999976
1.0
1.0
1.0
1.0
1.0
1.0
1.0
1.0
1.0
1.0
1.0
1.0
1.0
1.0
1.0
1.0
1.0
1.0
0.9999999
1.0
1.0
1.0
1.0
1.0
1.0
1.0
1.0
0.9999956
1.0
1.0
0.99999917
1.0
1.0
1.0
1.0
1.0
1.0
1.0
1.0
1.0
0.9999999
1.0
1.0
1.0
1.0
1.0
1.0
0.99999845
1.0
1.0
0.99999714
1.0
1.0
1.0
1.0
1.0
1.0
1.0
1.0
1.0
1.0
1.0
1.0
0.9999999
0.99999416
1.0
1.0
1.0
1.0
1.0
1.0
1.0
1.0
1.0
1.0
0.9999999
1.0
1.0
1.0
1.0
1.0
1.0
1.0
1.0
0.99999976
1.0
1.0
0.99999964
1.0
0.99998486
0.99999964
1.0
0.9998418
1.0
0.9999999
1.0
1.0
0.9999999
1.0
1.0
1.0
0.9999919
1.0
1.0
1.0
1.0
0.9999999
1.0
1.0
1.0
1.0
0.99999595
1.0
1.0
1.0
1.0
0.99999976
1.0
0.99999976
1.0
1.0
1.0
0.99948055
0.99999917
1.0
1.0
1.0
1.0
0.9975842
1.0
1.0
1.0
1.0
1.0
1.0
1.0
1.0
1.0
0.99999774
1.0
1.0
0.99999976
0.9999974
0.9999999
1.0
1.0
1.0
0.99999976
0.9999982
1.0
1.0
0.999985
1.0
1.0
0.9999746
1.0
1.0
1.0
0.9999957
1.0
1.0
1.0
0.9848482
1.0
0.9996147
0.99999714
1.0
0.9999808
0.9999968
0.9999893
0.97965944
0.9999956
1.0
1.0
1.0
1.0
0.9999999
0.9999106
1.0
1.0
1.0
0.9999981
0.9989478
0.999938
1.0
1.0
1.0
1.0
1.0
0.99999964
1.0
1.0
1.0
1.0
0.9999999
0.99999833
1.0
1.0
1.0
1.0
1.0
1.0
1.0
1.0
0.99999845
0.9999957
1.0
0.9999999
1.0
1.0
1.0
0.9999999
1.0
1.0
1.0
1.0
0.999987
1.0
1.0
1.0
1.0
1.0
1.0
1.0
1.0
1.0
1.0
0.9999995
1.0
1.0
1.0
0.9999962
1.0
1.0
1.0
1.0
0.99999917
0.99999535
1.0
1.0
1.0
1.0
0.99999845
1.0
1.0
0.99999905
1.0
1.0
0.9999969
1.0
1.0
1.0
1.0
1.0
0.99999976
0.99999654
0.9999995
1.0
1.0
0.9999999
0.99998975
1.0
0.9990723
0.9999125
0.58325195
1.0
0.99999964
1.0
0.99999964
1.0
0.99999666
0.9999715
1.0
0.9999627
0.9999999
1.0
1.0
0.9931611
1.0
1.0
0.99897325
1.0
1.0
1.0
0.99999535
1.0
1.0
0.99999976
1.0
1.0
0.99999845
0.9999962
1.0
1.0
1.0
1.0
0.9999994
1.0
0.99999845
1.0
0.9999982
0.9999522
1.0
1.0
0.9999999
1.0
0.99999905
1.0
1.0
1.0
1.0
1.0
1.0
1.0
1.0
1.0
1.0
1.0
1.0
1.0
1.0
1.0
1.0
1.0
1.0
1.0
1.0
1.0
1.0
0.9999807
0.99997485
1.0
1.0
1.0
1.0
0.9999895
0.9999999
1.0
1.0
1.0
1.0
1.0
1.0
1.0
1.0
1.0
1.0
1.0
0.9999999
0.9999995
1.0
0.99999774
1.0
1.0
1.0
0.99998856
0.999982
1.0
0.9999999
1.0
1.0
0.9999994
1.0
0.9999721
1.0
1.0
1.0
0.9999999
0.99999976
0.99999976
0.9999883
1.0
1.0
1.0
1.0
1.0
0.99999917
1.0
1.0
1.0
1.0
1.0
1.0
1.0
1.0
1.0
1.0
1.0
1.0
1.0
1.0
1.0
1.0
1.0
1.0
1.0
1.0
1.0
1.0
1.0
0.9999999
1.0
1.0
1.0
1.0
0.9978573
1.0
1.0
1.0
1.0
1.0
1.0
1.0
0.9999982
0.99999976
0.99175054
0.9912443
1.0
0.999995
1.0
1.0
0.9999999
1.0
1.0
1.0
1.0
1.0
1.0
1.0
1.0
1.0
0.9999982
1.0
1.0
0.99991727
0.99999917
1.0
0.9999999
1.0
1.0
0.9999913
1.0
0.9999999
1.0
0.9999386
0.9999999
0.9999882
1.0
1.0
0.99999976
1.0
1.0
0.99999976
1.0
0.999967
1.0
1.0
1.0
1.0
1.0
1.0
0.9999999
0.9999988
0.9999988
0.9614629
0.99841046
0.99999666
0.9985001
1.0
1.0
1.0
0.99999225
0.9999999
1.0
1.0
1.0
1.0
0.9998454
1.0
1.0
1.0
0.99999845
1.0
0.9573567
1.0
1.0
1.0
0.99923503
1.0
0.99999857
1.0
0.9999107
1.0
1.0
1.0
1.0
1.0
1.0
0.9999989
1.0
0.9999994
0.9999914
1.0
0.9999994
1.0
1.0
0.99999225
1.0
1.0
0.9273447
0.98424673
0.99999964
0.9999957
0.99999046
0.9999993
0.99998343
0.9999862
0.99992275
1.0
0.99999905
0.99994767
1.0
1.0
1.0
1.0
0.9802935
0.99996066
0.99990165
1.0
1.0
0.9999944
1.0
0.9997887
0.99999535
0.9996338
0.99996316
0.99997663
0.9999999
0.99999785
0.99999976
0.9999993
1.0
1.0
1.0
1.0
1.0
1.0
1.0
0.99988484
1.0
1.0
0.99926835
1.0
1.0
0.9984388
0.9999999
0.99985826
0.99999845
1.0
0.9999976
1.0
0.99999964
1.0
0.99997675
1.0
0.99981207
0.9999994
1.0
1.0
1.0
0.99998987
0.9999999
0.99999905
0.9999994
1.0
1.0
0.9999627
1.0
0.9999665
1.0
1.0
0.99999845
0.9998215
1.0
1.0
1.0
0.9999999
0.9999994
0.9999999
1.0
1.0
0.9999976
1.0
0.9999734
1.0
1.0
1.0
1.0
0.99999976
0.99767655
0.9999863
0.99987566
1.0
1.0
1.0
1.0
1.0
0.99999976
1.0
0.9532587
1.0
0.99999833
1.0
1.0
1.0
1.0
1.0
1.0
1.0
0.89473665
0.9999994
0.9999633
1.0
1.0
1.0
1.0
1.0
1.0
1.0
0.99975985
1.0
1.0
1.0
1.0
1.0
1.0
0.9999982
0.99999964
0.9999962
1.0
0.9967063
1.0
1.0
0.9998952
1.0
1.0
1.0
1.0
1.0
1.0
1.0
1.0
0.99999964
1.0
0.99999976
1.0
1.0
1.0
1.0
1.0
1.0
1.0
1.0
1.0
1.0
1.0
1.0
1.0
1.0
0.99999976
1.0
1.0
1.0
1.0
1.0
1.0
1.0
1.0
1.0
1.0
1.0
1.0
1.0
1.0
1.0
0.9969637
1.0
0.9999999
1.0
0.99999964
1.0
1.0
1.0
1.0
0.89163405
1.0
0.99940765
1.0
0.9999981
1.0
0.99044234
0.9637428
0.99999857
1.0
1.0
1.0
1.0
0.9999999
1.0
1.0
0.99999917
1.0
1.0
1.0
1.0
1.0
0.99999964
1.0
1.0
1.0
1.0
1.0
1.0
1.0
1.0
1.0
1.0
1.0
1.0
1.0
1.0
1.0
1.0
1.0
1.0
1.0
1.0
1.0
1.0
1.0
1.0
1.0
1.0
1.0
1.0
1.0
1.0
1.0
1.0
1.0
0.99999964
0.99999917
1.0
1.0
1.0
0.9999999
1.0
1.0
1.0
1.0
1.0
0.99999833
0.9999999
1.0
1.0
1.0
1.0
0.9999999
1.0
1.0
0.9999914
0.99999857
1.0
1.0
1.0
1.0
1.0
1.0
0.99999845
1.0
1.0
1.0
1.0
1.0
1.0
1.0
1.0
1.0
1.0
1.0
1.0
0.99999285
1.0
1.0
0.9999999
1.0
1.0
1.0
1.0
1.0
1.0
0.9999999
1.0
1.0
1.0
1.0
0.9999999
1.0
1.0
1.0
1.0
1.0
1.0
1.0
1.0
1.0
1.0
1.0
1.0
1.0
0.99999976
1.0
1.0
1.0
1.0
1.0
0.9999999
1.0
1.0
1.0
1.0
1.0
1.0
0.9999999
0.99999833
1.0
0.9999951
1.0
0.99998796
1.0
1.0
1.0
1.0
1.0
0.99999976
1.0
1.0
1.0
1.0
1.0
1.0
1.0
1.0
1.0
0.9999999
1.0
0.9999999
1.0
1.0
1.0
1.0
1.0
1.0
0.99999857
1.0
1.0
0.9999994
0.9999999
1.0
1.0
1.0
1.0
0.9999988
1.0
0.9999994
1.0
1.0
1.0
1.0
0.9999999
1.0
1.0
1.0
1.0
0.9999944
1.0
1.0
1.0
1.0
1.0
1.0
1.0
0.9999999
1.0
0.99999785
1.0
1.0
1.0
1.0
1.0
1.0
1.0
1.0
1.0
1.0
0.9999999
1.0
1.0
0.9999995
1.0
1.0
1.0
1.0
1.0
1.0
1.0
0.9999999
1.0
1.0
0.9999999
0.99999976
0.9999993
1.0
1.0
1.0
1.0
0.999997
1.0
0.9999988
1.0
0.9999999
1.0
1.0
1.0
1.0
0.9999933
0.99999833
1.0
1.0
0.9999995
1.0
1.0
1.0
1.0
1.0
1.0
0.9999713
1.0
1.0
1.0
1.0
1.0
0.99999976
1.0
0.99933213
1.0
0.9999912
1.0
0.9999999
1.0
1.0
1.0
1.0
1.0
1.0
1.0
1.0
1.0
1.0
0.99999774
1.0
1.0
1.0
1.0
0.9999995
1.0
1.0
1.0
1.0
1.0
0.99999905
1.0
1.0
1.0
1.0
1.0
0.9999994
1.0
1.0
1.0
1.0
1.0
1.0
1.0
1.0
1.0
0.9999993
1.0
1.0
0.9999918
1.0
1.0
1.0
1.0
1.0
1.0
1.0
1.0
0.9999976
0.9999999
1.0
1.0
1.0
1.0
1.0
1.0
1.0
1.0
1.0
1.0
1.0
1.0
1.0
0.99999654
1.0
1.0
1.0
1.0
1.0
1.0
1.0
0.9999999
1.0
0.99987197
0.9999999
1.0
1.0
1.0
1.0
0.99999976
1.0
1.0
1.0
1.0
1.0
0.99999857
1.0
1.0
1.0
0.9999999
1.0
1.0
1.0
1.0
1.0
1.0
0.99999905
1.0
1.0
1.0
0.99907374
0.99999976
0.9999969
1.0
1.0
1.0
0.9907608
0.99999094
0.99999917
0.9999999
1.0
1.0
0.99996233
0.9999995
0.9999907
1.0
1.0
0.9999602
1.0
1.0
1.0
0.9999902
0.98980415
0.69079274
0.9999956
0.99993765
0.9169713
1.0
0.5864106
0.852693
0.999997
1.0
1.0
0.9999989
1.0
0.99999964
0.9999702
0.99999595
0.9999354
0.9984497
0.99639076
0.99999917
0.9893181
0.9999976
0.66080546
0.99990857
0.9998221
0.99999976
0.99999857
0.99999905
1.0
1.0
0.99999905
1.0
0.99999154
1.0
0.99999917
1.0
1.0
1.0
0.9999579
1.0
0.9999964
1.0
0.9999964
0.52784455
0.9891984
0.9792741
1.0
0.9999999
0.9999974
0.99985766
1.0
0.9997373
0.99999356
0.9999999
0.9998603
0.99999607
1.0
1.0
1.0
0.9999422
0.9998648
0.9998342
1.0
0.99999964
0.99997425
0.9999989
1.0
0.9999765
0.99958986
0.9999926
0.999998
0.71233386
1.0
0.9999989
0.9999964
1.0
1.0
0.999923
0.9994368
1.0
1.0
0.9999995
0.99999845
0.9999999
1.0
1.0
1.0
1.0
1.0
1.0
1.0
0.99999535
1.0
1.0
0.9999999
1.0
1.0
0.9747706
0.9999994
1.0
1.0
1.0
1.0
1.0
1.0
1.0
1.0
0.9999968
0.99999225
1.0
1.0
1.0
0.99999845
0.9999995
0.9999999
1.0
0.99999976
1.0
0.99969125
1.0
0.9999999
0.99999976
1.0
0.99999523
0.9999999
1.0
0.9999995
1.0
1.0
1.0
0.9999999
1.0
1.0
1.0
0.99994874
1.0
1.0
0.9999956
1.0
1.0
0.99985707
1.0
1.0
1.0
1.0
1.0
1.0
1.0
1.0
0.9999994
1.0
1.0
0.9999937
0.9999988
0.99999964
0.99999976
1.0
1.0
0.9999999
1.0
1.0
1.0
1.0
0.9999999
0.9999968
1.0
0.99999917
0.9961994
0.999995
1.0
0.9999989
1.0
1.0
1.0
1.0
1.0
0.9999995
0.99999475
0.9999949
1.0
1.0
1.0
1.0
1.0
1.0
1.0
0.99980384
0.9999901
1.0
0.9999969
0.9902806
0.99999976
1.0
0.99989676
1.0
0.9999976
1.0
0.9999994
1.0
0.9999999
0.9999999
0.9998078
0.9958306
1.0
1.0
0.9999995
1.0
1.0
0.99999976
1.0
0.99999595
1.0
1.0
1.0
0.9999902
0.99991286
1.0
1.0
1.0
1.0
0.9999999
1.0
1.0
1.0
1.0
1.0
0.9999014
1.0
0.9999995
0.5473907
0.99999917
0.9999858
1.0
1.0
1.0
1.0
1.0
0.9999808
1.0
1.0
1.0
1.0
0.9988808
1.0
1.0
1.0
1.0
1.0
1.0
1.0
1.0
0.9999993
1.0
0.9999999
1.0
0.9999999
1.0
0.9999975
1.0
1.0
1.0
1.0
1.0
0.99999726
0.99999356
1.0
1.0
1.0
1.0
1.0
1.0
1.0
1.0
1.0
1.0
1.0
1.0
1.0
1.0
1.0
1.0
0.9999999
1.0
0.9999999
1.0
1.0
1.0
0.99999404
1.0
1.0
1.0
0.99999964
1.0
0.8982357
1.0
1.0
1.0
1.0
0.99988806
1.0
1.0
1.0
0.9999999
1.0
0.99999976
1.0
1.0
1.0
1.0
1.0
1.0
1.0
1.0
1.0
1.0
1.0
1.0
1.0
1.0
1.0
1.0
1.0
1.0
1.0
0.9999975
1.0
1.0
1.0
1.0
0.99978703
1.0
0.99999917
1.0
1.0
1.0
1.0
1.0
1.0
1.0
1.0
0.9999832
0.9999759
1.0
1.0
1.0
0.9999999
1.0
1.0
0.9999999
1.0
1.0
1.0
0.9999931
1.0
1.0
0.99999917
0.99999976
1.0
0.999995
1.0
1.0
1.0
1.0
1.0
1.0
0.99999905
1.0
1.0
1.0
0.9999999
1.0
1.0
0.9999956
1.0
1.0
0.9999995
1.0
1.0
1.0
1.0
1.0
1.0
1.0
1.0
0.9999999
1.0
0.99999905
1.0
1.0
0.9999995
0.9999999
0.99996257
1.0
1.0
1.0
1.0
0.99999976
1.0
1.0
1.0
0.9999995
1.0
1.0
1.0
1.0
1.0
1.0
1.0
0.99999964
0.99999976
0.99999917
1.0
1.0
1.0
1.0
1.0
1.0
0.9999987
1.0
1.0
1.0
1.0
1.0
1.0
1.0
1.0
1.0
0.99999607
1.0
1.0
1.0
1.0
1.0
1.0
1.0
1.0
1.0
1.0
1.0
1.0
1.0
1.0
1.0
1.0
1.0
1.0
1.0
1.0
1.0
1.0
1.0
1.0
1.0
1.0
1.0
1.0
1.0
1.0
1.0
1.0
0.99999976
1.0
1.0
1.0
1.0
0.9999999
1.0
0.99999714
1.0
0.99999976
1.0
1.0
1.0
1.0
0.9999925
1.0
0.999979
0.9999975
1.0
1.0
1.0
1.0
1.0
1.0
1.0
1.0
1.0
1.0
1.0
1.0
1.0
1.0
1.0
1.0
1.0
0.999175
1.0
1.0
1.0
0.99999976
0.9975992
1.0
1.0
1.0
1.0
1.0
1.0
1.0
1.0
0.9999989
0.99999905
1.0
1.0
1.0
1.0
1.0
1.0
0.9999999
1.0
1.0
0.9999995
1.0
1.0
1.0
1.0
0.9999894
1.0
0.9999999
1.0
1.0
1.0
1.0
1.0
0.9999999
1.0
0.99999964
1.0
1.0
1.0
0.99988484
0.9999759
0.9999995
1.0
1.0
0.99998736
1.0
0.99998415
1.0
1.0
1.0
1.0
1.0
1.0
1.0
1.0
1.0
1.0
1.0
1.0
1.0
1.0
0.9999989
1.0
1.0
1.0
1.0
1.0
0.99802905
1.0
0.99999976
1.0
1.0
1.0
1.0
1.0
1.0
1.0
1.0
0.99999917
1.0
1.0
0.9999448
1.0
1.0
0.9999999
1.0
1.0
1.0
1.0
1.0
0.9999999
1.0
1.0
1.0
0.9999994
0.9999993
1.0
0.9999999
1.0
1.0
0.98914474
1.0
0.9999796
1.0
0.99999905
1.0
1.0
1.0
1.0
1.0
1.0
1.0
1.0
1.0
1.0
1.0
1.0
1.0
1.0
0.9999999
1.0
1.0
1.0
1.0
1.0
0.9999989
1.0
1.0
1.0
1.0
1.0
1.0
1.0
1.0
1.0
1.0
1.0
0.99999976
1.0
1.0
1.0
1.0
0.99999905
1.0
0.99999785
1.0
1.0
1.0
1.0
1.0
0.9999993
0.99999094
1.0
1.0
0.99999857
0.99999964
0.99999285
1.0
0.99739623
1.0
1.0
1.0
0.7320849
0.99999917
1.0
1.0
0.9999999
1.0
1.0
0.9999999
1.0
1.0
0.99999845
1.0
1.0
0.9999964
1.0
1.0
1.0
0.99998355
1.0
0.97960484
1.0
0.99999964
0.99999976
1.0
0.9998872
1.0
1.0
1.0
1.0
0.9999993
1.0
0.999997
1.0
0.99998796
1.0
1.0
1.0
0.99999976
1.0
1.0
1.0
1.0
0.9999975
1.0
0.99999964
1.0
0.99999976
1.0
1.0
1.0
1.0
0.99997115
0.99991465
1.0
1.0
0.99999833
1.0
1.0
1.0
1.0
0.9999999
1.0
1.0
1.0
1.0
1.0
1.0
1.0
1.0
1.0
1.0
1.0
1.0
1.0
0.99999976
0.99997747
1.0
1.0
1.0
1.0
1.0
1.0
1.0
0.99999964
1.0
1.0
1.0
1.0
0.99999905
1.0
1.0
0.9999999
1.0
0.99999976
1.0
1.0
1.0
1.0
1.0
1.0
1.0
1.0
1.0
0.9999993
1.0
1.0
1.0
1.0
1.0
0.9999999
1.0
1.0
1.0
1.0
1.0
1.0
1.0
1.0
0.99999964
0.9999999
1.0
1.0
1.0
1.0
1.0
1.0
1.0
0.99999964
0.99999857
1.0
1.0
1.0
0.9999999
0.9999665
1.0
1.0
1.0
0.9999999
0.999964
1.0
0.9999999
1.0
1.0
0.9999999
1.0
1.0
1.0
1.0
0.9999999
1.0
1.0
1.0
1.0
1.0
1.0
1.0
1.0
0.99999535
1.0
0.9999989
1.0
1.0
1.0
1.0
1.0
1.0
1.0
1.0
0.99999964
1.0
0.9999999
1.0
1.0
0.9999999
0.999995
1.0
1.0
1.0
1.0
1.0
1.0
1.0
1.0
0.9999999
0.99999976
0.9999999
1.0
0.9999945
0.99999666
0.99999833
0.99999976
1.0
0.9999994
1.0
0.99999976
1.0
1.0
0.99993324
1.0
0.9999994
0.99999154
1.0
1.0
0.99999666
0.99999416
1.0
0.9999999
0.9999999
1.0
1.0
1.0
0.99999917
1.0
1.0
0.9999999
1.0
0.9998765
1.0
0.98028904
1.0
1.0
1.0
1.0
0.99999774
1.0
0.99961615
1.0
0.9999957
1.0
0.99999523
1.0
0.9999924
1.0
1.0
1.0
0.9999752
1.0
1.0
1.0
1.0
0.99999917
0.99999416
1.0
1.0
0.9999999
0.9999454
1.0
0.9999987
1.0
0.99999964
0.9999968
1.0
0.99999845
0.9999999
1.0
0.99999964
0.9992379
0.99995744
1.0
1.0
0.9999987
0.9999988
1.0
1.0
1.0
1.0
0.9999993
0.9997323
1.0
1.0
0.9999989
1.0
0.9999999
1.0
0.9999974
0.99962056
0.99993825
0.99999976
1.0
1.0
1.0
1.0
0.9999491
1.0
1.0
1.0
1.0
0.99999976
0.99999857
0.9999403
1.0
0.9999995
1.0
1.0
1.0
0.99999964
1.0
1.0
0.99999905
1.0
1.0
0.99999845
1.0
1.0
1.0
1.0
1.0
1.0
0.9999958
1.0
1.0
0.99999905
1.0
0.99999976
0.9999999
1.0
1.0
0.99999976
1.0
1.0
1.0
1.0
0.9999907
1.0
1.0
1.0
1.0
1.0
0.9999982
0.9999993
1.0
1.0
1.0
1.0
1.0
1.0
1.0
1.0
1.0
0.99999964
0.99999857
1.0
0.9999999
1.0
1.0
1.0
1.0
1.0
1.0
0.9999993
1.0
0.9999999
1.0
0.9999987
1.0
1.0
0.9999999
0.999995
0.9999949
1.0
1.0
1.0
1.0
1.0
0.9999999
1.0
0.9999999
1.0
0.9999994
1.0
1.0
1.0
1.0
1.0
1.0
0.9999999
1.0
1.0
1.0
1.0
1.0
1.0
0.9999999
1.0
1.0
1.0
1.0
1.0
1.0
0.9999975
0.9999685
1.0
0.9999999
1.0
1.0
1.0
1.0
1.0
1.0
1.0
1.0
1.0
1.0
0.9999888
1.0
1.0
1.0
1.0
1.0
1.0
1.0
0.9999999
1.0
1.0
1.0
1.0
1.0
1.0
1.0
1.0
0.99999976
0.9999994
0.9999877
0.9999999
1.0
1.0
1.0
1.0
1.0
1.0
1.0
1.0
1.0
1.0
1.0
0.9999993
1.0
1.0
1.0
1.0
0.99999964
1.0
1.0
1.0
1.0
0.99999976
1.0
1.0
1.0
0.99999964
1.0
1.0
1.0
1.0
1.0
0.9999999
0.9999994
0.99999976
1.0
1.0
1.0
1.0
1.0
0.9999999
1.0
1.0
1.0
0.9999963
1.0
1.0
1.0
1.0
1.0
1.0
1.0
1.0
0.99999964
1.0
1.0
0.99999166
1.0
1.0
1.0
1.0
1.0
1.0
1.0
1.0
1.0
1.0
1.0
1.0
0.9999995
1.0
1.0
0.99999905
1.0
1.0
1.0
1.0
1.0
1.0
1.0
1.0
1.0
1.0
1.0
1.0
1.0
1.0
1.0
1.0
0.99997735
0.9999995
1.0
1.0
0.9999989
1.0
0.99999917
0.9999021
0.9999969
1.0
0.9999981
0.9999994
1.0
1.0
1.0
0.9999993
1.0
1.0
0.99999964
1.0
0.9999999
0.9999981
1.0
1.0
1.0
1.0
0.9999999
1.0
1.0
1.0
1.0
1.0
0.99999964
1.0
1.0
1.0
1.0
1.0
1.0
1.0
1.0
1.0
1.0
1.0
0.9999993
0.99999905
1.0
1.0
1.0
1.0
1.0
1.0
1.0
0.9999832
1.0
0.99994385
0.99999785
1.0
1.0
1.0
1.0
0.9999999
0.99997854
1.0
1.0
1.0
0.99999964
1.0
0.99999964
0.9999982
1.0
1.0
0.9999943
0.9999945
0.9999944
1.0
1.0
1.0
0.9999993
1.0
1.0
1.0
1.0
0.9999964
0.99972206
0.9999975
1.0
0.9999989
1.0
1.0
1.0
1.0
0.99999964
0.99998915
0.9999945
0.99999964
0.9999999
1.0
1.0
1.0
1.0
1.0
1.0
1.0
1.0
1.0
1.0
1.0
1.0
0.9999994
1.0
0.9983973
0.9999976
0.99999964
0.99962175
1.0
1.0
0.999653
1.0
0.9999274
1.0
0.9095394
0.99999976
0.99987483
1.0
0.99988806
1.0
1.0
0.9997292
0.9999963
1.0
1.0
0.9996636
1.0
1.0
1.0
1.0
0.9999999
1.0
1.0
1.0
1.0
1.0
1.0
1.0
1.0
0.9999999
0.99999976
1.0
1.0
1.0
1.0
0.99999976
1.0
1.0
1.0
1.0
1.0
0.99992895
0.99999964
1.0
1.0
1.0
0.9999999
1.0
1.0
0.9999881
1.0
0.9999994
0.9999999
0.99999905
0.9978516
0.9999893
1.0
0.99907315
0.99999964
1.0
1.0
1.0
1.0
1.0
0.9999999
1.0
0.9999989
0.99999964
1.0
0.99999344
0.9999409
0.9999883
0.99999833
0.9999995
1.0
0.9999987
0.99999523
0.9999999
1.0
1.0
0.99992776
1.0
0.99955016
0.9981456
1.0
1.0
1.0
1.0
1.0
0.99988174
1.0
1.0
1.0
1.0
1.0
0.9999999
1.0
1.0
1.0
1.0
0.9999995
1.0
1.0
1.0
1.0
1.0
1.0
0.9999999
1.0
0.99999976
1.0
1.0
1.0
1.0
1.0
1.0
1.0
1.0
1.0
0.9999993
1.0
1.0
1.0
1.0
0.9999999
1.0
0.9998518
1.0
1.0
1.0
1.0
1.0
1.0
0.9999993
1.0
0.9999999
1.0
1.0
1.0
1.0
0.99995303
0.9999931
1.0
1.0
1.0
0.99895644
0.9999337
1.0
1.0
0.9999975
1.0
1.0
1.0
0.9999994
1.0
1.0
1.0
1.0
0.9999869
0.9999975
1.0
1.0
1.0
0.99999726
1.0
1.0
1.0
1.0
1.0
1.0
1.0
0.9996178
1.0
1.0
0.9999999
0.99976176
1.0
0.99999726
1.0
1.0
1.0
1.0
1.0
1.0
1.0
0.9999995
0.99999976
1.0
1.0
1.0
1.0
1.0
1.0
1.0
1.0
1.0
1.0
1.0
0.9999994
1.0
1.0
1.0
0.99999976
1.0
1.0
1.0
1.0
0.9999999
1.0
1.0
1.0
1.0
1.0
1.0
0.9967326
1.0
0.96145123
1.0
0.99990904
0.9999894
0.99999845
1.0
1.0
0.99999976
0.9984421
1.0
0.9997422
1.0
1.0
0.9999988
0.9999994
1.0
1.0
0.9995426
0.9999974
1.0
1.0
1.0
1.0
0.9999999
1.0
0.99999714
1.0
0.99999774
1.0
1.0
0.9997826
0.9999809
0.9999974
0.64919305
0.9999572
1.0
0.999985
1.0
0.9999976
1.0
1.0
0.9857125
0.99999607
0.99960154
0.9999677
0.999966
0.99999917
1.0
1.0
0.9987752
1.0
0.9999989
0.99999964
1.0
0.9999943
1.0
1.0
1.0
1.0
1.0
1.0
1.0
0.99999976
0.9999999
1.0
1.0
1.0
0.99973387
1.0
1.0
1.0
1.0
1.0
1.0
1.0
1.0
1.0
1.0
0.99999976
1.0
1.0
1.0
0.99999
0.99999976
1.0
1.0
1.0
1.0
1.0
1.0
0.9999987
1.0
0.9999999
1.0
1.0
0.99982685
1.0
1.0
0.99999976
1.0
1.0
1.0
1.0
0.9999993
0.9999907
1.0
1.0
1.0
1.0
1.0
0.9999999
1.0
1.0
1.0
1.0
1.0
1.0
1.0
1.0
1.0
0.99999547
0.9998586
0.9999994
0.9999999
0.99999976
1.0
0.9999993
0.9999999
1.0
0.9999999
1.0
1.0
1.0
0.9999999
1.0
0.99998903
0.99999976
0.9999933
1.0
1.0
1.0
1.0
0.9999869
1.0
1.0
1.0
1.0
1.0
1.0
1.0
1.0
1.0
1.0
1.0
1.0
1.0
0.99999774
0.9999995
1.0
1.0
1.0
1.0
1.0
1.0
1.0
1.0
1.0
0.99999654
0.99999905
1.0
0.99999964
1.0
1.0
1.0
1.0
1.0
1.0
1.0
0.99999976
1.0
1.0
1.0
0.9998884
0.9999949
0.99998033
0.975182
1.0
1.0
1.0
1.0
1.0
0.99999857
0.99998283
0.9999993
0.9999982
0.9999703
1.0
1.0
0.99999154
1.0
1.0
0.99999595
1.0
1.0
0.9999976
1.0
1.0
0.999997
1.0
1.0
1.0
0.99999976
0.6468353
0.99999964
1.0
1.0
0.99998224
0.99989593
0.999992
1.0
0.9999974
0.99999976
0.99999857
0.99994457
0.9999999
0.99999344
0.9985071
0.99999964
0.9999999
1.0
1.0
0.9999999
1.0
1.0
0.9999982
1.0
1.0
1.0
1.0
1.0
1.0
1.0
1.0
0.99999964
0.99999964
1.0
1.0
1.0
1.0
0.99999964
0.7277185
1.0
1.0
1.0
0.99993277
0.99840647
0.99999964
0.99999964
1.0
0.9987301
0.9999021
0.99978834
0.999946
0.99999976
0.93380576
0.71913
1.0
1.0
1.0
1.0
1.0
0.9999654
0.99999964
0.99999964
1.0
1.0
1.0
1.0
1.0
1.0
1.0
1.0
1.0
1.0
1.0
1.0
1.0
1.0
0.9999926
1.0
0.9999999
0.9999993
1.0
0.9999999
1.0
0.9999994
1.0
1.0
1.0
0.9999976
1.0
0.9999999
1.0
1.0
1.0
1.0
1.0
1.0
1.0
1.0
1.0
1.0
1.0
0.99995184
0.9999914
0.99396753
0.9999999
1.0
1.0
1.0
0.99999654
0.9288491
0.9999999
1.0
1.0
1.0
1.0
0.99999845
0.99998593
0.9999999
0.9999999
1.0
1.0
1.0
1.0
0.9999994
0.9999789
1.0
1.0
1.0
1.0
1.0
1.0
1.0
1.0
0.980534
1.0
0.9624473
1.0
1.0
1.0
1.0
1.0
0.99999905
1.0
1.0
1.0
0.99999964
1.0
1.0
1.0
0.9999999
0.9999999
1.0
0.9999995
0.99998105
0.9999999
1.0
1.0
1.0
0.99999976
1.0
1.0
1.0
0.9999999
1.0
1.0
1.0
0.9999994
1.0
0.9999999
0.9999995
1.0
1.0
1.0
1.0
1.0
1.0
0.99999833
1.0
1.0
1.0
1.0
1.0
1.0
1.0
1.0
1.0
0.9991264
1.0
1.0
1.0
1.0
1.0
0.99999976
1.0
1.0
1.0
0.99995196
1.0
1.0
1.0
1.0
1.0
1.0
1.0
1.0
1.0
1.0
1.0
1.0
1.0
1.0
1.0
1.0
0.9999974
1.0
0.9999999
1.0
0.99999905
0.9997516
0.99999917
0.99997234
1.0
0.99994814
1.0
0.9999999
0.9999975
1.0
1.0
0.9999999
0.99990153
0.9999999
0.9999958
1.0
1.0
1.0
0.99999416
0.99736434
0.9999981
0.9999999
1.0
1.0
1.0
0.99999905
1.0
1.0
1.0
0.9999418
0.9209904
0.9999975
0.9999999
0.9999598
1.0
0.9999981
0.99999964
0.72291183
1.0
0.9999999
0.9999999
0.9999999
1.0
1.0
1.0
1.0
0.99999475
1.0
0.99999905
1.0
0.9999981
0.9999956
1.0
0.99999833
1.0
0.99999356
1.0
1.0
1.0
0.9999999
1.0
1.0
1.0
1.0
1.0
1.0
1.0
1.0
1.0
1.0
1.0
1.0
1.0
1.0
1.0
0.9999999
1.0
1.0
1.0
1.0
1.0
1.0
1.0
1.0
1.0
1.0
1.0
1.0
1.0
1.0
1.0
1.0
1.0
1.0
0.9996395
1.0
1.0
1.0
1.0
1.0
1.0
1.0
1.0
1.0
1.0
1.0
1.0
1.0
1.0
1.0
1.0
1.0
0.9999999
1.0
1.0
1.0
0.99999976
0.9999993
0.9999994
1.0
1.0
1.0
1.0
1.0
1.0
0.9999989
1.0
0.9999987
1.0
1.0
0.99999976
1.0
1.0
1.0
1.0
1.0
1.0
1.0
1.0
1.0
1.0
0.9999981
1.0
1.0
1.0
1.0
1.0
0.9999938
0.9999999
1.0
1.0
1.0
1.0
1.0
1.0
1.0
1.0
1.0
1.0
1.0
0.9999999
1.0
1.0
0.9999976
0.99999976
1.0
1.0
1.0
1.0
1.0
1.0
1.0
1.0
1.0
1.0
1.0
0.99999976
1.0
1.0
1.0
1.0
1.0
1.0
1.0
1.0
1.0
1.0
1.0
1.0
1.0
1.0
1.0
1.0
1.0
1.0
1.0
1.0
1.0
1.0
1.0
1.0
1.0
1.0
1.0
1.0
1.0
1.0
1.0
1.0
1.0
1.0
1.0
1.0
1.0
1.0
1.0
1.0
1.0
1.0
1.0
1.0
1.0
1.0
1.0
1.0
0.9999974
1.0
1.0
1.0
1.0
1.0
1.0
1.0
1.0
1.0
1.0
1.0
0.9999999
1.0
1.0
1.0
1.0
1.0
1.0
1.0
1.0
0.9999999
1.0
0.99943775
1.0
1.0
1.0
0.99999857
1.0
1.0
1.0
1.0
1.0
1.0
1.0
1.0
1.0
1.0
1.0
1.0
1.0
1.0
1.0
0.9999999
1.0
1.0
1.0
1.0
1.0
1.0
1.0
1.0
0.9999999
1.0
0.9999999
1.0
1.0
1.0
1.0
1.0
1.0
1.0
1.0
1.0
1.0
1.0
1.0
1.0
1.0
1.0
1.0
0.9999999
1.0
1.0
1.0
1.0
0.9999999
1.0
1.0
1.0
1.0
1.0
1.0
1.0
1.0
1.0
1.0
1.0
1.0
1.0
0.9999999
0.99999976
1.0
1.0
0.9999999
1.0
1.0
1.0
1.0
1.0
1.0
1.0
1.0
1.0
0.99999905
1.0
1.0
1.0
1.0
1.0
1.0
1.0
1.0
1.0
1.0
1.0
1.0
1.0
1.0
1.0
1.0
1.0
0.9999999
1.0
1.0
1.0
1.0
1.0
1.0
1.0
1.0
1.0
1.0
0.99999976
1.0
1.0
1.0
1.0
1.0
1.0
1.0
1.0
1.0
1.0
0.9999982
1.0
1.0
1.0
1.0
1.0
1.0
1.0
1.0
1.0
1.0
1.0
0.99999976
1.0
0.9999999
1.0
1.0
1.0
1.0
1.0
1.0
1.0
1.0
0.9999994
1.0
1.0
0.9999999
1.0
0.9999925
1.0
0.99998784
1.0
1.0
0.9999999
1.0
1.0
1.0
1.0
1.0
1.0
1.0
1.0
1.0
1.0
1.0
0.9999982
0.9999999
1.0
1.0
1.0
1.0
1.0
1.0
1.0
0.9999951
1.0
1.0
1.0
1.0
1.0
1.0
1.0
1.0
1.0
1.0
1.0
1.0
1.0
1.0
1.0
1.0
0.9999999
0.99999964
1.0
1.0
1.0
1.0
1.0
1.0
1.0
1.0
1.0
1.0
0.99999976
1.0
0.9999858
1.0
1.0
1.0
1.0
1.0
1.0
1.0
0.9999913
1.0
1.0
1.0
0.99999964
1.0
1.0
1.0
1.0
1.0
1.0
0.9999975
1.0
1.0
1.0
0.9999999
1.0
1.0
1.0
0.9999999
1.0
1.0
0.999998
1.0
0.99999976
1.0
1.0
0.9999999
0.9999975
1.0
1.0
1.0
1.0
1.0
0.99999964
1.0
0.9999999
1.0
1.0
1.0
1.0
1.0
1.0
0.9999989
1.0
1.0
1.0
1.0
1.0
1.0
1.0
0.9999995
1.0
0.99999917
1.0
1.0
1.0
0.9837245
0.99984455
1.0
0.9999112
1.0
0.9999906
0.9870144
0.99981755
0.9999443
0.99999964
0.99731076
1.0
1.0
1.0
1.0
0.9992434
0.9988985
0.9999999
1.0
0.9999999
0.99999976
0.99999964
1.0
0.99999845
1.0
1.0
1.0
0.9999714
1.0
0.999987
0.9999976
0.9999999
1.0
1.0
0.9999988
0.9999945
0.9999995
0.99999976
1.0
1.0
0.9999995
0.99999857
0.9993849
1.0
1.0
1.0
1.0
1.0
0.99999595
0.99999726
1.0
1.0
0.9999988
1.0
1.0
1.0
1.0
1.0
1.0
1.0
0.9999994
1.0
0.95141673
1.0
1.0
1.0
1.0
1.0
1.0
1.0
1.0
1.0
0.99998736
1.0
1.0
1.0
1.0
1.0
1.0
1.0
1.0
0.99999976
1.0
1.0
1.0
1.0
1.0
1.0
1.0
1.0
1.0
1.0
1.0
1.0
1.0
1.0
1.0
1.0
1.0
1.0
1.0
0.9999945
1.0
0.99999213
1.0
1.0
1.0
1.0
1.0
0.9999999
1.0
0.99999964
0.99999976
1.0
0.9999801
1.0
1.0
1.0
0.99999976
1.0
1.0
1.0
1.0
1.0
1.0
1.0
1.0
1.0
1.0
1.0
1.0
0.99999714
1.0
1.0
1.0
1.0
1.0
1.0
1.0
1.0
1.0
1.0
1.0
1.0
0.9999999
1.0
0.99999917
1.0
1.0
0.9879088
1.0
1.0
1.0
1.0
1.0
1.0
1.0
1.0
1.0
1.0
1.0
0.9999987
1.0
1.0
1.0
1.0
1.0
1.0
1.0
1.0
1.0
1.0
1.0
1.0
1.0
1.0
1.0
1.0
1.0
1.0
1.0
1.0
1.0
1.0
1.0
1.0
1.0
1.0
1.0
1.0
1.0
0.9999999
1.0
1.0
1.0
0.99999833
1.0
1.0
1.0
1.0
1.0
1.0
1.0
1.0
1.0
0.9999999
1.0
1.0
1.0
1.0
1.0
1.0
1.0
0.9999995
1.0
1.0
0.9999913
1.0
1.0
1.0
1.0
1.0
1.0
1.0
0.99999845
1.0
1.0
1.0
1.0
1.0
1.0
1.0
0.9999999
1.0
1.0
1.0
0.9999995
1.0
1.0
0.9999999
0.9999999
1.0
1.0
0.9999999
0.9999995
1.0
1.0
1.0
0.9999993
0.99999917
0.9999976
1.0
1.0
1.0
1.0
1.0
1.0
1.0
1.0
1.0
1.0
1.0
1.0
1.0
1.0
1.0
1.0
1.0
1.0
1.0
1.0
0.9999913
1.0
1.0
1.0
1.0
1.0
1.0
1.0
1.0
1.0
1.0
1.0
1.0
1.0
0.9999994
0.9999999
0.9999976
1.0
1.0
1.0
1.0
1.0
0.99999964
1.0
1.0
1.0
1.0
1.0
1.0
1.0
1.0
1.0
1.0
1.0
1.0
1.0
0.9999999
1.0
1.0
1.0
1.0
1.0
1.0
0.99999964
1.0
1.0
1.0
1.0
1.0
1.0
1.0
0.99999917
1.0
1.0
1.0
1.0
1.0
1.0
1.0
1.0
1.0
1.0
0.99991167
1.0
1.0
1.0
0.99999964
1.0
1.0
1.0
0.9999999
1.0
1.0
1.0
1.0
1.0
1.0
1.0
1.0
1.0
1.0
1.0
1.0
1.0
1.0
1.0
1.0
1.0
1.0
1.0
1.0
1.0
1.0
1.0
1.0
0.99999964
1.0
1.0
1.0
1.0
1.0
1.0
0.99808526
1.0
1.0
0.9999999
1.0
1.0
0.9999933
1.0
1.0
1.0
0.99999607
1.0
1.0
0.9999999
1.0
1.0
0.99999976
1.0
1.0
1.0
1.0
1.0
1.0
1.0
0.99999976
0.999998
1.0
1.0
1.0
0.9999976
0.9999999
0.9999995
1.0
1.0
1.0
1.0
1.0
0.9999932
1.0
0.9999186
0.99872166
0.99999857
1.0
0.99985814
0.99998856
1.0
1.0
1.0
1.0
1.0
1.0
1.0
1.0
0.9999999
1.0
1.0
1.0
1.0
1.0
1.0
1.0
1.0
1.0
1.0
0.99995244
1.0
0.99999976
1.0
1.0
1.0
1.0
1.0
0.9999999
1.0
0.99993086
1.0
1.0
1.0
1.0
1.0
1.0
0.9999782
0.9999999
1.0
1.0
1.0
1.0
0.99999976
1.0
0.99999905
1.0
1.0
1.0
1.0
1.0
0.999998
0.9999999
1.0
1.0
1.0
1.0
1.0
1.0
0.99999964
0.9999993
1.0
1.0
1.0
0.9999999
0.99999785
0.9996822
1.0
0.9999958
0.999949
1.0
0.999998
1.0
0.99999917
0.9997476
0.9999975
0.99999905
1.0
1.0
0.9986707
1.0
1.0
0.99999905
0.99999964
1.0
1.0
0.9999956
1.0
1.0
1.0
1.0
0.9999993
0.9999999
1.0
0.9999999
1.0
0.9999994
1.0
1.0
1.0
0.9999999
0.99999833
1.0
1.0
0.9924534
1.0
0.9999999
1.0
0.9998472
0.9999995
0.99999905
1.0
0.9997588
0.99998105
0.7131786
0.9999999
1.0
1.0
1.0
1.0
0.99999285
1.0
1.0
0.9999989
0.9999999
1.0
1.0
1.0
1.0
1.0
0.99999666
1.0
1.0
1.0
0.9999987
1.0
1.0
1.0
1.0
1.0
1.0
0.9999995
1.0
0.99999976
1.0
0.9999987
1.0
1.0
1.0
1.0
0.99994504
1.0
1.0
1.0
0.9999994
1.0
1.0
1.0
1.0
1.0
0.99999964
0.99243367
1.0
1.0
1.0
0.9999994
1.0
1.0
0.999501
0.99999976
0.9999918
1.0
1.0
0.99984837
1.0
1.0
1.0
1.0
1.0
1.0
1.0
0.999966
1.0
1.0
1.0
1.0
0.9978003
0.999915
1.0
0.99999964
1.0
0.99996495
1.0
1.0
0.93662965
1.0
0.99966574
0.99999833
0.99999976
0.99990284
1.0
0.9732849
1.0
1.0
1.0
1.0
0.9999896
0.99999976
0.8692577
1.0
0.99892586
0.99827254
0.9994085
1.0
0.9999999
0.9999603
0.9466589
0.9991518
0.9999995
0.9996182
1.0
1.0
1.0
0.9999982
0.99999833
1.0
0.99988115
0.99992657
1.0
0.9999999
1.0
0.9999999
0.9998293
1.0
0.9999999
0.9997173
1.0
0.9999993
0.992384
0.9999931
0.99999547
1.0
1.0
0.99468166
1.0
1.0
0.9999999
1.0
0.99999976
1.0
0.9999999
0.9999068
0.99997663
0.88839203
1.0
1.0
0.99999976
0.99999964
1.0
1.0
0.99999905
0.9999138
1.0
0.9999999
1.0
1.0
0.7168566
0.99897563
0.9999999
1.0
0.9999999
1.0
0.99259114
0.99998534
0.9999784
1.0
1.0
0.99999845
1.0
1.0
1.0
1.0
1.0
1.0
1.0
1.0
0.99999976
1.0
0.9995764
1.0
0.99991584
1.0
1.0
1.0
0.9999994
1.0
1.0
1.0
0.99999964
0.99999964
0.9995784
1.0
1.0
0.9999914
0.9999851
0.99997437
1.0
0.9997967
1.0
0.9999678
0.9999944
1.0
1.0
0.99999917
0.9999988
0.999992
1.0
1.0
1.0
0.9999995
0.9999999
1.0
1.0
0.99999714
0.9999994
0.9519712
0.9989133
1.0
0.999998
0.9996735
0.9999993
1.0
0.9999995
1.0
0.9999999
0.9999999
0.9999578
1.0
1.0
0.9999999
1.0
1.0
0.9807967
1.0
0.89311326
0.99999964
1.0
1.0
1.0
1.0
0.99999976
0.9999975
0.9999993
0.99995744
1.0
0.9999988
0.99578613
1.0
1.0
1.0
1.0
1.0
0.99999714
0.9999999
1.0
1.0
0.7630552
0.9921934
1.0
0.99999666
0.99999964
1.0
1.0
0.9999999
0.99980575
1.0
0.9999999
0.9999995
1.0
1.0
0.99999964
1.0
0.9999994
0.9999999
1.0
0.5887436
1.0
1.0
1.0
0.9999995
0.99997604
1.0
1.0
1.0
0.9999993
1.0
1.0
1.0
1.0
1.0
0.99999976
1.0
0.999966
1.0
1.0
0.9999995
0.99997294
0.99999964
1.0
1.0
1.0
0.99999416
0.99999976
0.94383585
0.99993706
1.0
1.0
1.0
0.99999964
0.9999981
0.9999988
0.9989548
1.0
0.999998
0.9478711
0.9999999
1.0
1.0
1.0
0.99999297
0.99998426
1.0
0.9998802
0.99999976
1.0
1.0
0.99999964
1.0
0.9999974
1.0
1.0
0.9999577
1.0
1.0
1.0
1.0
1.0
1.0
0.9996345
1.0
0.9999999
1.0
1.0
0.99906784
0.9999975
1.0
1.0
0.9999931
0.999995
0.9999994
0.99999774
1.0
0.9997254
1.0
1.0
0.9999999
1.0
0.99195296
0.9999993
1.0
1.0
1.0
1.0
0.9999999
1.0
1.0
0.99999654
0.9999981
0.98204917
0.9996656
0.9990489
1.0
1.0
1.0
1.0
1.0
0.99999905
0.99990773
1.0
1.0
0.99998283
1.0
1.0
1.0
1.0
1.0
0.9972819
1.0
1.0
0.99999976
1.0
1.0
1.0
0.99999976
1.0
0.9999999
1.0
1.0
1.0
0.9998752
1.0
0.99999976
1.0
1.0
0.99999535
0.9999654
1.0
1.0
1.0
1.0
0.99999964
1.0
1.0
1.0
1.0
1.0
1.0
1.0
0.9999995
0.99999964
1.0
1.0
1.0
1.0
1.0
1.0
1.0
0.99999976
1.0
1.0
1.0
1.0
1.0
0.99999976
0.9999747
0.99999785
1.0
1.0
1.0
0.99999976
0.99999845
1.0
0.99999726
1.0
0.99997556
0.9999603
0.95455575
1.0
0.9999988
0.99999905
1.0
1.0
1.0
1.0
1.0
1.0
1.0
0.99999905
1.0
1.0
1.0
1.0
1.0
1.0
