1.0
1.0
1.0
1.0
1.0
1.0
0.999998
0.9999999
0.9999697
0.9999999
1.0
1.0
1.0
1.0
1.0
0.9999982
1.0
1.0
0.99910045
1.0
0.99999905
0.9999975
1.0
1.0
1.0
1.0
1.0
1.0
0.99999964
0.99999833
1.0
0.99994886
1.0
0.9999994
1.0
1.0
0.99999964
0.99999225
1.0
0.99999964
1.0
1.0
1.0
0.9999932
0.99999166
1.0
0.9999436
1.0
1.0
1.0
0.9999999
1.0
1.0
1.0
1.0
1.0
1.0
1.0
1.0
0.9999993
0.9999999
1.0
0.99985373
0.9999989
1.0
1.0
1.0
1.0
1.0
1.0
1.0
1.0
1.0
0.9997218
0.9999982
1.0
1.0
1.0
0.9999819
1.0
0.99999976
1.0
1.0
1.0
1.0
1.0
1.0
0.999992
1.0
1.0
1.0
1.0
0.8743999
0.9999999
0.99999917
0.99999964
0.9982503
0.9999999
1.0
1.0
1.0
1.0
1.0
1.0
0.9999783
1.0
1.0
0.99999976
1.0
1.0
1.0
0.99999833
1.0
1.0
1.0
0.9996258
1.0
1.0
0.9999999
0.9999974
1.0
0.99999976
0.9999994
1.0
0.99996424
0.99920136
0.9999994
1.0
1.0
1.0
1.0
1.0
1.0
1.0
1.0
1.0
1.0
1.0
1.0
0.99999905
1.0
1.0
1.0
1.0
1.0
0.99999905
1.0
1.0
1.0
0.96801925
1.0
0.98795635
1.0
1.0
0.9999962
1.0
1.0
1.0
0.9999956
1.0
0.9999957
1.0
1.0
1.0
1.0
1.0
1.0
0.9999956
0.9999988
1.0
1.0
0.99997723
1.0
1.0
1.0
0.99959356
1.0
1.0
1.0
1.0
1.0
1.0
1.0
1.0
0.99944097
0.9999999
1.0
1.0
1.0
0.9999844
0.99999475
0.99978894
1.0
0.9996526
1.0
0.99997973
1.0
1.0
1.0
0.99999
1.0
1.0
1.0
0.99999833
1.0
1.0
0.9999906
0.9999999
1.0
0.9900911
1.0
0.9994097
1.0
1.0
0.99999666
1.0
1.0
0.9997898
1.0
1.0
1.0
0.99999964
1.0
1.0
1.0
1.0
1.0
1.0
1.0
1.0
1.0
1.0
0.9999999
0.9999999
1.0
1.0
1.0
1.0
1.0
1.0
1.0
0.9999132
0.99999774
0.99999964
1.0
0.9999969
1.0
0.9792225
1.0
1.0
0.9999999
0.99998975
1.0
1.0
1.0
0.9999994
1.0
1.0
1.0
0.8432608
1.0
1.0
1.0
1.0
0.9968748
0.99999976
0.99997985
0.99999976
0.99999976
1.0
1.0
1.0
0.9999994
0.9999999
1.0
1.0
1.0
1.0
1.0
1.0
1.0
1.0
0.9999207
1.0
0.9999999
1.0
0.99999774
0.99999905
1.0
0.9999995
0.9998683
1.0
0.9999957
1.0
1.0
1.0
1.0
0.9999987
1.0
1.0
1.0
1.0
1.0
1.0
1.0
1.0
1.0
1.0
1.0
1.0
1.0
1.0
1.0
0.9999974
1.0
1.0
0.99999964
0.99999976
0.9999993
1.0
0.91679865
0.9845819
0.9999999
1.0
0.9999671
1.0
0.8817932
1.0
1.0
1.0
1.0
1.0
1.0
1.0
1.0
1.0
0.99798775
0.9999471
0.99999964
0.99999
0.54266804
0.99999905
1.0
1.0
1.0
0.99999964
1.0
1.0
1.0
1.0
0.9998926
1.0
0.9999974
1.0
0.9999999
0.99999976
1.0
0.9999951
0.9990514
0.98371154
0.9999999
1.0
0.99999344
1.0
1.0
1.0
0.99999547
1.0
0.9999435
1.0
1.0
1.0
0.99999976
1.0
1.0
1.0
1.0
1.0
1.0
1.0
1.0
0.9999583
1.0
1.0
1.0
1.0
0.99999964
1.0
1.0
0.9999963
1.0
0.99999845
1.0
0.9999999
0.99999774
1.0
1.0
0.999998
1.0
1.0
1.0
1.0
1.0
0.99999976
0.99999976
1.0
1.0
1.0
1.0
0.9999846
1.0
0.99999905
0.9999993
1.0
0.99999714
1.0
1.0
0.9979735
1.0
1.0
1.0
1.0
0.9999999
1.0
1.0
1.0
1.0
0.9999999
1.0
1.0
1.0
1.0
1.0
1.0
1.0
0.99994814
1.0
1.0
1.0
1.0
1.0
1.0
1.0
0.99999976
0.999987
0.9762456
0.9999676
0.96649706
0.9999958
0.6819543
0.9997775
1.0
0.9999994
1.0
1.0
1.0
0.9999968
0.99999154
1.0
0.9999999
0.99998856
1.0
0.999984
1.0
0.9999827
0.9999999
1.0
1.0
0.9999999
0.9999999
1.0
1.0
1.0
0.9999999
1.0
1.0
1.0
1.0
0.99999964
0.99992836
1.0
1.0
1.0
1.0
1.0
1.0
1.0
1.0
0.9999999
1.0
0.9999937
1.0
0.99999523
1.0
1.0
0.9389918
1.0
0.9999602
0.9999999
0.9999999
1.0
1.0
1.0
1.0
0.99999905
1.0
1.0
0.9999999
0.9999721
1.0
1.0
0.9999999
1.0
1.0
1.0
1.0
1.0
1.0
1.0
1.0
1.0
0.9999995
1.0
0.9999703
1.0
1.0
1.0
1.0
1.0
1.0
0.99999607
1.0
1.0
1.0
0.9999999
1.0
0.9999995
1.0
1.0
1.0
0.9999999
1.0
0.9999031
0.9962436
1.0
1.0
1.0
0.9999918
1.0
1.0
1.0
0.9944846
0.99999845
1.0
1.0
1.0
1.0
0.9999995
1.0
0.9999976
1.0
0.9999988
1.0
1.0
1.0
1.0
1.0
1.0
1.0
0.9999994
1.0
0.9997931
1.0
1.0
1.0
0.99999976
1.0
1.0
1.0
1.0
0.9999999
0.9999999
0.79905653
0.9385078
0.9999323
1.0
1.0
1.0
1.0
1.0
1.0
0.9994479
1.0
0.999995
0.9999999
1.0
1.0
0.9999838
0.9999999
0.9999999
1.0
1.0
1.0
1.0
1.0
1.0
1.0
1.0
1.0
1.0
1.0
0.9999999
1.0
0.999998
1.0
0.99999976
1.0
1.0
0.99999714
0.88652086
0.9999999
1.0
1.0
1.0
0.9999975
0.9988601
1.0
1.0
1.0
0.99998784
1.0
1.0
1.0
1.0
1.0
0.9999926
1.0
0.9999999
1.0
0.9999999
0.9999919
1.0
0.99999654
1.0
1.0
0.9999825
0.99411374
0.9999994
1.0
1.0
0.9999981
1.0
1.0
1.0
1.0
0.9999999
1.0
1.0
0.9999939
0.89371604
1.0
0.99999976
1.0
1.0
1.0
1.0
1.0
0.99999154
1.0
1.0
1.0
0.999997
1.0
1.0
0.63548607
0.9999999
0.9999999
1.0
0.9999999
1.0
1.0
1.0
0.99999976
1.0
0.57981145
0.9999982
1.0
1.0
0.9999999
0.99932015
1.0
0.9999665
1.0
1.0
1.0
1.0
0.9999999
1.0
1.0
0.9999999
0.9999919
1.0
1.0
1.0
1.0
1.0
1.0
1.0
1.0
1.0
1.0
1.0
1.0
1.0
1.0
1.0
0.81678826
0.78387666
1.0
1.0
0.99733526
0.9999999
1.0
0.999808
1.0
1.0
0.9938784
1.0
0.9999999
1.0
0.9999999
1.0
1.0
1.0
1.0
0.9999999
0.9999999
0.9999956
0.9999987
1.0
0.9852674
0.99999976
1.0
0.9999999
1.0
1.0
0.9999999
1.0
1.0
1.0
1.0
1.0
1.0
1.0
1.0
0.9999993
1.0
1.0
1.0
1.0
0.9999839
0.9999881
0.99999964
1.0
1.0
1.0
1.0
0.9999995
1.0
1.0
1.0
1.0
0.9999987
1.0
1.0
1.0
1.0
0.9999994
1.0
1.0
0.99999845
0.9999999
1.0
1.0
1.0
0.9999999
0.999843
1.0
1.0
0.99999964
0.9999999
0.9999993
1.0
1.0
1.0
1.0
1.0
0.99999845
0.9999987
1.0
0.99999905
1.0
1.0
1.0
0.9999908
1.0
1.0
1.0
1.0
1.0
0.9999995
1.0
1.0
0.9995902
1.0
1.0
0.9999938
1.0
1.0
1.0
1.0
1.0
1.0
1.0
1.0
1.0
1.0
1.0
1.0
0.9999994
1.0
1.0
1.0
0.9999912
0.9999999
1.0
1.0
1.0
1.0
0.9999672
0.9999999
1.0
0.9999999
1.0
0.6995007
1.0
0.976
1.0
1.0
1.0
1.0
1.0
1.0
1.0
1.0
1.0
1.0
0.9999995
1.0
1.0
1.0
1.0
1.0
1.0
1.0
1.0
0.9999994
1.0
1.0
1.0
0.9999951
1.0
1.0
1.0
0.99999964
0.9999999
1.0
0.99999917
0.9999999
1.0
1.0
0.9999789
0.44601375
0.5964147
1.0
0.9999995
1.0
1.0
0.9999995
1.0
1.0
1.0
1.0
1.0
1.0
0.99989235
0.99999845
1.0
0.9999999
1.0
0.9981871
1.0
0.9999974
0.999496
1.0
1.0
0.9999999
1.0
1.0
0.9999757
1.0
1.0
1.0
1.0
1.0
1.0
0.9999969
1.0
0.9999981
1.0
1.0
1.0
1.0
1.0
0.9994301
1.0
0.99999976
1.0
1.0
1.0
1.0
1.0
0.9999999
1.0
1.0
1.0
0.99985933
1.0
0.9517331
0.99970275
0.99984705
1.0
1.0
0.9999999
1.0
1.0
0.9999999
0.99146456
1.0
0.9999596
0.99999106
0.9999999
0.99999976
1.0
1.0
0.99999976
0.98597854
1.0
0.9999219
1.0
1.0
1.0
0.9999982
0.9999968
0.99999976
0.99055946
0.9999994
1.0
1.0
0.9999989
1.0
1.0
1.0
1.0
1.0
1.0
1.0
0.9999999
1.0
0.9999988
1.0
1.0
0.99999595
1.0
1.0
1.0
1.0
1.0
0.9999994
1.0
1.0
1.0
0.99999905
1.0
0.9999802
1.0
1.0
1.0
1.0
0.9999999
1.0
1.0
0.9999981
1.0
0.99992716
1.0
0.99999917
1.0
0.9999982
1.0
1.0
1.0
1.0
1.0
0.9999988
1.0
1.0
0.9999989
1.0
0.999998
1.0
0.99998915
0.9999958
1.0
1.0
1.0
0.9999993
1.0
1.0
1.0
1.0
0.99999964
0.9999993
0.9995426
1.0
1.0
1.0
1.0
1.0
0.8151262
1.0
1.0
1.0
1.0
0.9999585
0.98134136
1.0
0.99999976
1.0
1.0
0.99999595
0.9999999
1.0
1.0
1.0
1.0
0.99999964
1.0
1.0
1.0
1.0
0.9999951
0.99952817
1.0
1.0
1.0
1.0
1.0
0.99999774
1.0
1.0
1.0
0.9999949
1.0
1.0
0.9999999
1.0
1.0
1.0
1.0
1.0
0.9997031
0.9999999
1.0
1.0
1.0
1.0
1.0
1.0
1.0
0.99999917
1.0
1.0
1.0
1.0
1.0
1.0
1.0
1.0
1.0
1.0
0.9999143
1.0
0.9999999
1.0
1.0
1.0
0.98594284
0.99999905
1.0
1.0
1.0
0.88866264
1.0
0.9994947
1.0
1.0
1.0
0.9999987
0.9999995
1.0
0.99985826
0.99999976
1.0
1.0
1.0
1.0
1.0
0.99996936
1.0
0.99999595
1.0
1.0
1.0
1.0
1.0
1.0
1.0
0.99835926
1.0
1.0
1.0
1.0
1.0
1.0
1.0
1.0
0.99998915
1.0
1.0
0.9999999
1.0
1.0
0.9999925
1.0
1.0
1.0
1.0
1.0
1.0
1.0
0.9999993
1.0
1.0
0.99999857
1.0
0.9999752
1.0
1.0
0.99999976
1.0
1.0
1.0
0.99999917
1.0
1.0
1.0
1.0
0.99999976
0.99999976
0.9999962
0.99936074
0.76106316
1.0
1.0
1.0
1.0
1.0
1.0
1.0
1.0
0.9973442
0.9939215
1.0
1.0
1.0
1.0
1.0
1.0
0.99999905
1.0
0.99999976
0.99944335
1.0
0.99999034
1.0
0.9997104
1.0
1.0
0.9999958
1.0
0.999998
0.9999949
1.0
1.0
1.0
0.9999472
0.99999213
1.0
1.0
1.0
1.0
1.0
0.9999999
0.99944884
1.0
0.97436583
1.0
0.999838
1.0
1.0
1.0
0.99980575
1.0
0.99999976
1.0
0.9999993
1.0
1.0
1.0
0.99999964
1.0
0.9268841
1.0
1.0
1.0
0.99999976
0.9775278
0.99998176
1.0
1.0
0.99999964
0.99998367
1.0
0.99999976
1.0
0.99998844
1.0
1.0
0.99999976
0.9572686
1.0
1.0
0.9996965
0.9999999
1.0
1.0
1.0
1.0
1.0
1.0
1.0
0.99999976
0.99999523
0.9999999
1.0
1.0
1.0
1.0
0.99996233
1.0
0.99999964
0.9999789
1.0
1.0
1.0
1.0
1.0
1.0
0.99518836
0.9999398
1.0
0.99992585
1.0
1.0
1.0
0.9999794
1.0
1.0
0.977197
1.0
1.0
0.9998715
1.0
1.0
1.0
1.0
1.0
1.0
1.0
1.0
1.0
1.0
1.0
1.0
0.9999994
1.0
1.0
0.99999976
0.8429686
1.0
1.0
1.0
1.0
1.0
0.9999999
0.9875715
1.0
0.9999962
1.0
1.0
0.9999999
1.0
1.0
0.9999999
1.0
1.0
0.990448
0.9999994
0.9999931
1.0
1.0
1.0
1.0
0.9999975
0.99999976
1.0
0.9999999
1.0
1.0
1.0
1.0
1.0
1.0
1.0
0.9999993
1.0
0.9999999
1.0
1.0
0.9999999
1.0
1.0
1.0
0.9992636
1.0
0.9999999
1.0
1.0
1.0
1.0
1.0
1.0
1.0
1.0
1.0
1.0
0.9995227
0.99999666
1.0
1.0
1.0
1.0
1.0
1.0
0.9989312
1.0
1.0
1.0
1.0
1.0
0.9999993
0.99999964
0.9599806
0.99975246
0.9999999
1.0
0.9992865
1.0
1.0
0.9999999
1.0
0.9999989
0.9998802
1.0
1.0
1.0
1.0
0.9999994
1.0
1.0
0.9999989
1.0
1.0
0.7094835
0.9999871
1.0
0.9999999
1.0
1.0
1.0
1.0
1.0
0.9999957
0.9999993
0.9995771
1.0
0.99999976
0.9999993
0.9997415
0.9999994
1.0
1.0
1.0
0.99999964
0.9999641
0.99975616
1.0
0.9998388
0.99998724
0.99999905
0.99998426
1.0
1.0
0.99988914
1.0
1.0
1.0
1.0
1.0
1.0
1.0
1.0
0.9999722
0.9999999
1.0
1.0
1.0
0.9999988
0.9988036
1.0
1.0
0.99999964
1.0
0.999997
1.0
0.9999999
1.0
1.0
0.9999987
1.0
1.0
1.0
1.0
1.0
1.0
1.0
1.0
1.0
1.0
1.0
1.0
0.99987864
0.9999995
1.0
1.0
1.0
1.0
1.0
1.0
1.0
1.0
0.99995244
1.0
0.9999999
1.0
0.9999976
1.0
1.0
1.0
0.9999391
1.0
1.0
1.0
1.0
0.99999964
1.0
1.0
0.99999964
0.999998
1.0
1.0
1.0
1.0
1.0
0.99999976
0.99999976
1.0
1.0
1.0
0.9992066
1.0
0.98487574
0.9999951
1.0
1.0
1.0
0.5039428
1.0
1.0
0.99554056
0.99999833
1.0
0.9999999
1.0
1.0
1.0
1.0
1.0
1.0
1.0
1.0
1.0
0.9999974
1.0
0.9999999
1.0
0.9999999
0.99999964
0.99252033
1.0
0.9999838
1.0
0.557008
0.9951545
1.0
1.0
1.0
0.99999774
0.99839634
1.0
1.0
1.0
1.0
1.0
1.0
1.0
1.0
1.0
0.9994765
0.99979943
1.0
1.0
1.0
1.0
1.0
0.99999976
1.0
1.0
0.99999917
1.0
0.9997832
1.0
1.0
1.0
1.0
1.0
0.9999565
1.0
1.0
1.0
1.0
1.0
1.0
0.99999845
0.999992
1.0
0.99999964
1.0
1.0
0.99989414
0.9999999
1.0
0.99999964
1.0
1.0
1.0
0.9998635
1.0
0.9999585
1.0
0.9956305
1.0
1.0
1.0
1.0
1.0
0.99999976
1.0
1.0
0.9999957
0.5272773
1.0
1.0
1.0
1.0
0.9999504
0.9999999
1.0
1.0
1.0
0.9999995
1.0
1.0
0.99999976
1.0
1.0
0.99999523
1.0
1.0
1.0
0.99979085
1.0
1.0
1.0
1.0
1.0
1.0
0.9999988
1.0
1.0
1.0
1.0
1.0
0.9973551
1.0
1.0
1.0
1.0
0.9999999
0.9999995
1.0
1.0
1.0
1.0
1.0
1.0
0.99998546
1.0
1.0
0.9999974
0.9918173
1.0
0.999744
1.0
1.0
0.9999722
1.0
0.7980983
1.0
1.0
0.68960863
0.99999905
1.0
1.0
1.0
0.9982064
0.9999976
1.0
0.9999902
1.0
0.9999678
1.0
1.0
1.0
0.99999917
1.0
1.0
1.0
1.0
1.0
0.9999994
0.9999999
1.0
1.0
1.0
0.9999999
0.9999751
1.0
0.89344656
1.0
0.99999976
1.0
1.0
1.0
1.0
0.99999666
0.99673504
0.9999864
1.0
1.0
0.99999595
0.9963163
1.0
1.0
0.99999714
1.0
1.0
0.9999999
0.9999994
1.0
1.0
1.0
1.0
1.0
1.0
1.0
0.93462545
1.0
1.0
0.99999976
1.0
1.0
1.0
1.0
1.0
1.0
1.0
0.99977344
1.0
1.0
0.9999999
1.0
0.9999993
0.9907898
0.9999999
1.0
1.0
1.0
0.99999845
0.99996734
0.9999999
1.0
1.0
1.0
1.0
1.0
1.0
1.0
1.0
1.0
1.0
0.99937904
0.99997425
0.9999994
1.0
1.0
1.0
1.0
1.0
1.0
0.9999999
0.99990237
1.0
1.0
0.9994924
1.0
1.0
1.0
1.0
0.9541822
1.0
1.0
0.9999999
1.0
1.0
1.0
1.0
1.0
1.0
0.99946064
0.999998
1.0
1.0
1.0
1.0
1.0
0.9999999
0.9997217
0.9999778
1.0
0.9999976
1.0
0.99999976
1.0
1.0
1.0
1.0
0.99999976
0.99999917
1.0
1.0
0.9997552
1.0
1.0
0.9999993
1.0
1.0
0.99981767
0.99999785
1.0
0.9999968
1.0
0.9999988
0.9999999
1.0
1.0
1.0
0.9999541
0.999998
1.0
1.0
1.0
0.9998952
0.99999857
1.0
1.0
0.9999914
1.0
1.0
1.0
0.99999917
0.9999982
0.99999976
1.0
1.0
0.9999999
0.99999106
1.0
1.0
1.0
0.99999344
1.0
1.0
1.0
0.99999917
1.0
1.0
0.9946021
0.9999999
1.0
0.9992674
1.0
1.0
1.0
1.0
1.0
1.0
0.9868318
1.0
0.9994979
1.0
0.9999951
0.9955177
0.9999999
0.9999999
1.0
1.0
0.9999882
1.0
1.0
1.0
1.0
1.0
0.9999995
0.9999999
1.0
1.0
0.9998387
0.99998176
0.999718
0.99921095
1.0
0.49979034
1.0
1.0
1.0
1.0
1.0
0.99982786
1.0
1.0
1.0
1.0
1.0
1.0
1.0
1.0
1.0
1.0
1.0
1.0
1.0
1.0
0.9999999
1.0
1.0
1.0
1.0
1.0
0.99999917
1.0
1.0
1.0
1.0
1.0
1.0
0.99999976
0.99999857
0.9999963
1.0
0.99999344
1.0
0.99999964
0.999998
1.0
1.0
0.9999999
1.0
0.99999833
1.0
1.0
0.99999523
1.0
0.9999999
0.99931526
0.9999875
1.0
1.0
1.0
1.0
1.0
1.0
0.99999905
1.0
0.99999976
1.0
1.0
0.99999094
0.9999738
1.0
0.99999857
1.0
1.0
1.0
1.0
1.0
1.0
1.0
1.0
1.0
1.0
0.9870946
1.0
0.99999547
1.0
0.9999988
0.99998593
0.9999951
1.0
0.9999999
1.0
0.99999917
0.99998903
0.9999982
0.99999964
0.9999989
1.0
0.99999726
0.9998585
0.99999976
1.0
1.0
1.0
1.0
1.0
0.99999976
1.0
1.0
0.99999905
0.9999994
1.0
1.0
0.99999845
0.9999999
0.99999964
0.9983718
0.9999987
0.5145092
1.0
1.0
1.0
1.0
0.9999993
0.99998677
0.99999666
1.0
0.99999976
1.0
1.0
1.0
1.0
1.0
0.9999994
1.0
0.9938869
1.0
1.0
1.0
1.0
0.9990017
0.99999917
1.0
0.9958046
0.9999652
1.0
1.0
0.9999945
0.9999325
0.99999964
1.0
1.0
0.9999988
0.8953363
1.0
0.9999999
1.0
0.9999994
0.9999987
1.0
0.999997
1.0
1.0
0.9999968
1.0
1.0
1.0
1.0
0.99999046
1.0
0.95654935
0.99990237
1.0
1.0
0.99999225
1.0
1.0
1.0
1.0
1.0
1.0
1.0
1.0
1.0
0.99999166
1.0
1.0
1.0
1.0
0.99999905
1.0
0.9999999
1.0
0.9764079
1.0
1.0
1.0
1.0
0.8946687
0.99997437
1.0
1.0
1.0
1.0
0.9999999
0.9999999
1.0
0.9994752
1.0
0.99034786
1.0
1.0
1.0
0.99998915
1.0
1.0
0.9999652
1.0
0.55721647
1.0
1.0
1.0
0.99999976
1.0
1.0
0.9999987
1.0
1.0
1.0
0.4864238
0.9998567
0.9999871
1.0
1.0
1.0
0.8268679
0.99997807
1.0
0.99999917
1.0
1.0
1.0
1.0
1.0
1.0
1.0
1.0
0.99999917
0.9999918
0.99999833
1.0
1.0
1.0
1.0
1.0
1.0
1.0
1.0
0.9999999
1.0
1.0
0.99994206
1.0
1.0
1.0
1.0
0.9984303
1.0
0.99999785
0.9999999
1.0
0.9999994
1.0
1.0
0.999997
0.9999944
1.0
1.0
1.0
0.9999988
1.0
1.0
0.4980183
1.0
1.0
0.995333
0.99888736
1.0
0.99999905
0.8191597
1.0
1.0
1.0
0.9999995
0.9999999
0.99988806
1.0
1.0
0.99998116
1.0
0.99998426
1.0
1.0
1.0
1.0
1.0
1.0
1.0
1.0
1.0
1.0
1.0
0.999997
1.0
1.0
0.9940177
0.9999999
1.0
1.0
1.0
1.0
0.9999999
0.9999993
1.0
0.99996555
0.9986941
1.0
1.0
0.9999999
1.0
1.0
1.0
0.999998
1.0
1.0
0.9999999
1.0
0.99999964
1.0
1.0
1.0
1.0
0.9999989
1.0
1.0
0.99999964
1.0
1.0
1.0
1.0
1.0
1.0
1.0
1.0
1.0
1.0
1.0
1.0
0.99999464
0.9999999
1.0
1.0
1.0
1.0
1.0
1.0
0.95084333
1.0
0.99999976
1.0
1.0
1.0
0.999962
0.9999999
1.0
1.0
0.9997311
0.9999999
1.0
0.9999974
0.9947606
1.0
1.0
1.0
1.0
1.0
1.0
1.0
1.0
1.0
1.0
0.9999988
0.99999857
0.6537312
1.0
1.0
0.9999999
1.0
0.99999654
0.99999595
0.9999999
1.0
0.9999999
1.0
1.0
1.0
1.0
1.0
0.9942561
1.0
1.0
1.0
1.0
1.0
0.9999081
0.9999999
0.9999999
1.0
0.9999963
1.0
0.9999435
1.0
1.0
1.0
0.99999607
1.0
0.99993765
0.99999964
1.0
0.7114695
1.0
1.0
1.0
0.9999999
1.0
0.99999833
1.0
1.0
0.9999906
0.9999999
1.0
1.0
0.9999999
0.96496195
1.0
1.0
1.0
1.0
1.0
1.0
1.0
0.9999993
1.0
1.0
1.0
0.9999987
0.9999999
1.0
0.99999917
1.0
1.0
1.0
1.0
1.0
1.0
1.0
1.0
1.0
1.0
0.8762396
0.99999785
0.99999976
1.0
1.0
1.0
1.0
1.0
0.99999964
0.99981886
1.0
0.9563414
1.0
0.99999666
1.0
1.0
1.0
0.9999999
0.9937888
0.9999999
1.0
1.0
1.0
1.0
0.9999988
1.0
0.99999857
1.0
1.0
0.999759
1.0
0.9999988
1.0
1.0
1.0
0.9999999
0.9999981
0.79933244
1.0
0.99999785
1.0
1.0
1.0
0.99999964
1.0
0.71297365
1.0
1.0
0.9999938
1.0
1.0
1.0
0.99999404
0.9995939
1.0
1.0
0.99998283
0.999788
1.0
1.0
1.0
1.0
1.0
1.0
0.9994554
0.9999738
1.0
1.0
0.99956733
0.9999999
1.0
1.0
0.9999988
1.0
1.0
0.9999999
1.0
1.0
0.9998307
0.9999932
0.99999976
1.0
1.0
1.0
1.0
0.9641204
0.9999901
1.0
0.9999988
1.0
0.99999166
1.0
1.0
0.988144
1.0
0.9999995
1.0
1.0
1.0
1.0
1.0
1.0
1.0
0.99999905
0.9999474
1.0
1.0
0.9999994
0.9999999
0.9999963
1.0
0.9999994
0.9999995
1.0
1.0
1.0
0.9999999
1.0
1.0
0.87102515
1.0
1.0
1.0
1.0
1.0
1.0
1.0
0.99999917
1.0
1.0
1.0
1.0
1.0
1.0
1.0
0.99996746
1.0
1.0
0.9999999
0.99999917
1.0
0.9999999
1.0
0.99999976
1.0
0.99983406
1.0
0.99974304
1.0
1.0
0.99999917
1.0
0.99999976
1.0
0.9999852
1.0
0.99999964
0.99999917
1.0
0.9999976
1.0
1.0
1.0
0.997789
0.9999801
0.99949455
0.9999999
1.0
1.0
1.0
1.0
1.0
1.0
0.9999999
0.9999989
0.9999999
1.0
1.0
1.0
0.9996172
1.0
1.0
0.9999999
1.0
1.0
1.0
1.0
0.9999969
1.0
1.0
0.9999969
0.9999893
1.0
1.0
1.0
1.0
1.0
1.0
1.0
0.999997
0.9999982
1.0
0.9999999
1.0
0.9999825
1.0
1.0
0.99999976
0.9999999
0.9934906
1.0
1.0
1.0
0.9997104
1.0
1.0
1.0
1.0
1.0
1.0
0.9999999
0.9999993
1.0
1.0
1.0
1.0
1.0
0.99998784
0.9999496
0.9999994
0.9999999
1.0
1.0
1.0
1.0
0.9999993
1.0
1.0
0.9988368
1.0
0.9999989
0.9999949
1.0
0.9999776
1.0
1.0
1.0
1.0
0.99999964
0.99999785
1.0
0.99999094
1.0
1.0
0.99999976
1.0
1.0
0.9999999
1.0
1.0
1.0
0.9999943
0.98627925
1.0
1.0
1.0
0.99981946
0.99999964
0.99999976
1.0
1.0
1.0
0.9999994
1.0
1.0
1.0
0.99999976
1.0
1.0
0.99562067
1.0
1.0
0.9999974
1.0
1.0
0.99986887
1.0
1.0
1.0
1.0
0.99999106
1.0
1.0
1.0
1.0
1.0
1.0
1.0
1.0
0.9999727
1.0
0.9999982
0.99999833
0.99999857
0.9999982
0.99999917
1.0
1.0
1.0
0.99966085
1.0
1.0
1.0
1.0
1.0
1.0
0.9999987
0.9999995
1.0
1.0
0.9998796
1.0
1.0
1.0
1.0
1.0
0.99988794
1.0
1.0
1.0
1.0
1.0
1.0
1.0
1.0
0.9999987
0.9999292
1.0
1.0
1.0
1.0
1.0
1.0
1.0
0.9997336
1.0
1.0
1.0
1.0
0.99999714
1.0
0.7023611
0.99999416
1.0
1.0
1.0
1.0
1.0
1.0
1.0
1.0
0.99914634
0.9999999
0.99999976
1.0
0.99999917
0.9999994
0.99998975
1.0
1.0
1.0
0.9999976
1.0
0.5114246
0.9999938
1.0
1.0
1.0
1.0
1.0
1.0
0.99999547
0.99999964
1.0
0.99999034
0.99988997
0.99999976
0.9999995
1.0
0.99971014
1.0
0.9974261
0.9999752
1.0
1.0
1.0
1.0
1.0
1.0
1.0
0.99999905
0.9922707
0.9995479
1.0
1.0
1.0
1.0
1.0
1.0
0.99920577
1.0
0.9823037
0.9999993
0.9999962
1.0
1.0
1.0
1.0
1.0
1.0
1.0
1.0
1.0
1.0
1.0
1.0
1.0
1.0
1.0
1.0
1.0
1.0
1.0
1.0
0.9996743
1.0
1.0
1.0
1.0
1.0
1.0
0.99999905
1.0
0.9999999
1.0
0.99999785
0.9999987
1.0
1.0
0.9999994
1.0
1.0
1.0
0.9999571
0.99881727
1.0
0.9995484
1.0
0.9999641
1.0
1.0
0.999998
0.99999535
1.0
1.0
1.0
1.0
0.98557013
1.0
1.0
1.0
1.0
1.0
0.99999976
0.999998
1.0
1.0
0.9999999
0.99999976
1.0
1.0
0.999946
0.99247605
1.0
1.0
0.9999826
1.0
1.0
1.0
0.9999821
1.0
0.95490235
1.0
1.0
0.99093115
1.0
1.0
1.0
0.9999999
1.0
1.0
1.0
1.0
1.0
1.0
1.0
0.99999976
0.99998474
1.0
0.99999964
1.0
1.0
1.0
0.9999982
1.0
1.0
0.9999999
1.0
1.0
1.0
1.0
1.0
0.9999989
1.0
1.0
0.9992642
1.0
0.9973193
1.0
1.0
1.0
1.0
1.0
0.99998295
1.0
1.0
1.0
1.0
0.99999976
1.0
1.0
0.9998491
1.0
1.0
1.0
1.0
0.9999764
0.9999958
1.0
1.0
1.0
0.9999999
0.9988696
1.0
1.0
1.0
0.9999981
0.9999999
0.6445257
1.0
0.999997
0.999979
1.0
0.9999999
0.9999999
1.0
1.0
1.0
1.0
0.9999771
0.9983897
0.99999297
1.0
1.0
1.0
0.9999993
0.99998796
0.9999746
1.0
1.0
1.0
1.0
1.0
0.99999154
0.5068872
1.0
1.0
0.99999833
1.0
1.0
0.99989307
1.0
0.99999535
1.0
1.0
1.0
1.0
0.99994814
1.0
1.0
1.0
0.9722729
1.0
0.9981097
1.0
1.0
1.0
0.9999871
0.9999999
1.0
0.99966705
1.0
1.0
1.0
1.0
1.0
1.0
1.0
1.0
1.0
1.0
0.99998116
0.9999999
1.0
0.99999976
1.0
0.9048537
1.0
1.0
1.0
1.0
0.99999905
1.0
1.0
0.99991405
1.0
0.98483664
1.0
1.0
1.0
1.0
1.0
1.0
0.99989843
1.0
1.0
1.0
1.0
1.0
1.0
0.99999976
1.0
0.9999938
1.0
0.99999154
1.0
1.0
0.99999845
1.0
1.0
1.0
0.63035804
1.0
1.0
0.9999999
1.0
1.0
1.0
1.0
1.0
0.9999976
1.0
1.0
1.0
1.0
1.0
1.0
1.0
1.0
1.0
1.0
1.0
1.0
1.0
1.0
1.0
1.0
0.99999976
1.0
1.0
0.9994917
0.9652682
1.0
0.9975297
1.0
1.0
1.0
1.0
1.0
1.0
0.99999547
0.9999957
1.0
1.0
0.72881037
1.0
1.0
1.0
1.0
0.9999993
1.0
1.0
1.0
1.0
1.0
1.0
1.0
1.0
1.0
1.0
1.0
1.0
1.0
0.9999999
1.0
1.0
1.0
1.0
0.99999976
1.0
1.0
0.998803
1.0
0.99999344
1.0
1.0
1.0
0.9999999
1.0
0.99965405
0.9999131
1.0
1.0
0.99999976
1.0
0.9999708
0.9999999
1.0
0.9999678
1.0
1.0
1.0
0.9999999
0.9999707
1.0
0.9999919
1.0
1.0
1.0
1.0
0.99601716
0.99991024
1.0
0.9997446
0.9999968
0.99995434
1.0
1.0
1.0
1.0
1.0
1.0
1.0
1.0
0.9999877
1.0
1.0
1.0
1.0
1.0
1.0
1.0
0.9999999
0.99999976
1.0
1.0
1.0
1.0
0.99977833
1.0
1.0
0.99997914
1.0
1.0
1.0
1.0
1.0
0.9999999
1.0
1.0
1.0
0.9999995
1.0
0.99993813
0.9999969
1.0
0.99998987
0.9999982
1.0
0.99999905
1.0
1.0
1.0
1.0
1.0
0.9999999
0.99999976
1.0
1.0
1.0
0.99968517
0.9999999
1.0
1.0
1.0
1.0
1.0
0.999997
1.0
1.0
1.0
1.0
1.0
0.9999999
1.0
1.0
0.9999976
0.9998611
1.0
1.0
1.0
1.0
0.99999976
1.0
0.99999523
0.9999999
1.0
1.0
1.0
0.977106
1.0
1.0
1.0
0.99999297
1.0
1.0
0.94009304
1.0
1.0
1.0
1.0
0.9999999
0.9999987
1.0
1.0
1.0
0.99999166
0.99995863
0.9999994
0.9999738
0.99994993
0.99999654
1.0
0.99999964
1.0
1.0
1.0
1.0
1.0
1.0
1.0
0.9953053
0.99973744
0.9999994
1.0
0.99999094
1.0
1.0
1.0
1.0
0.9999887
0.9999993
1.0
0.9999999
0.9998553
1.0
1.0
1.0
0.9999963
1.0
0.99999917
1.0
1.0
1.0
0.9999968
1.0
1.0
1.0
1.0
1.0
1.0
0.99999964
1.0
1.0
1.0
1.0
1.0
1.0
0.99999964
0.9996816
0.95647794
1.0
1.0
1.0
1.0
1.0
1.0
1.0
1.0
1.0
1.0
1.0
1.0
0.9999999
1.0
1.0
1.0
1.0
1.0
1.0
1.0
1.0
1.0
1.0
1.0
1.0
1.0
0.9976292
1.0
1.0
0.9999995
1.0
1.0
1.0
1.0
1.0
1.0
0.99999166
1.0
0.9999999
0.99997663
0.9998165
0.99999917
1.0
0.99999964
1.0
1.0
0.99997973
0.9988041
1.0
1.0
1.0
1.0
0.9885882
1.0
0.99988973
0.9999654
1.0
0.9999857
1.0
1.0
1.0
0.99999976
1.0
0.99998176
1.0
1.0
1.0
1.0
0.9999987
1.0
1.0
1.0
1.0
1.0
0.9999999
0.9999989
1.0
1.0
1.0
0.998968
1.0
1.0
1.0
0.99999976
1.0
1.0
1.0
1.0
1.0
1.0
1.0
1.0
1.0
0.99999964
0.9938368
1.0
1.0
1.0
0.9999994
1.0
1.0
0.9999999
1.0
1.0
0.999811
1.0
1.0
1.0
0.9999999
1.0
1.0
0.9999999
0.99999857
1.0
1.0
1.0
1.0
1.0
1.0
1.0
1.0
0.99999976
0.99997115
1.0
0.9999999
1.0
1.0
1.0
0.9999999
0.99999976
0.9999999
1.0
0.9525084
1.0
1.0
0.9999994
1.0
0.99999976
1.0
1.0
0.99995995
1.0
1.0
1.0
1.0
1.0
1.0
1.0
1.0
1.0
1.0
0.9999479
0.9999995
1.0
1.0
1.0
0.9999999
0.99999857
0.9999291
1.0
1.0
0.9921868
1.0
0.99999964
1.0
1.0
1.0
0.99821776
1.0
0.99999976
0.9999999
1.0
1.0
1.0
0.99978346
1.0
1.0
1.0
1.0
1.0
1.0
0.99999976
1.0
1.0
0.99853456
0.99994326
1.0
1.0
1.0
1.0
1.0
1.0
1.0
0.99999976
1.0
1.0
1.0
1.0
0.9999993
0.999998
1.0
0.9999999
1.0
1.0
0.99999964
1.0
1.0
1.0
0.9999993
1.0
1.0
1.0
1.0
0.8601182
1.0
1.0
1.0
1.0
1.0
0.9999995
1.0
0.9996424
1.0
1.0
1.0
1.0
1.0
1.0
0.9999988
1.0
0.99994946
1.0
0.9999994
1.0
0.99999976
0.99994504
1.0
1.0
1.0
0.9999927
1.0
1.0
1.0
0.9999969
0.6240067
1.0
0.99999964
1.0
1.0
0.99999964
0.99999976
1.0
1.0
1.0
1.0
1.0
1.0
1.0
1.0
1.0
0.99874616
1.0
0.9999999
1.0
1.0
0.99999905
1.0
0.99998903
0.7083989
0.9957253
1.0
1.0
1.0
1.0
1.0
0.99999905
1.0
0.9999987
1.0
1.0
1.0
0.99999976
1.0
0.9999999
0.99994314
0.99999976
1.0
1.0
1.0
1.0
0.9999969
0.9999999
0.9999782
0.9999999
1.0
0.9999943
1.0
1.0
1.0
0.9999993
1.0
0.99999154
0.9999999
1.0
1.0
1.0
1.0
0.9987897
0.99987817
0.91176796
0.99999964
0.99128085
1.0
1.0
0.9999999
1.0
1.0
1.0
1.0
1.0
1.0
1.0
1.0
1.0
1.0
1.0
1.0
1.0
0.9987802
1.0
1.0
1.0
1.0
1.0
1.0
1.0
0.83272815
1.0
1.0
0.99999964
1.0
1.0
1.0
1.0
1.0
0.99999964
1.0
1.0
1.0
0.9999993
0.99999976
1.0
1.0
1.0
1.0
1.0
1.0
1.0
1.0
0.9999999
1.0
0.999992
1.0
0.9999999
0.99999857
1.0
1.0
1.0
0.9999914
1.0
1.0
1.0
0.9991454
1.0
0.99999714
1.0
1.0
1.0
1.0
0.9998379
1.0
1.0
1.0
1.0
1.0
1.0
1.0
1.0
1.0
1.0
1.0
0.9426635
1.0
1.0
1.0
1.0
1.0
1.0
0.9999963
1.0
0.9999995
1.0
1.0
1.0
0.9999995
0.99999976
1.0
1.0
1.0
0.9999999
1.0
1.0
0.9972101
1.0
1.0
1.0
0.9999987
1.0
1.0
1.0
0.9999926
1.0
1.0
1.0
0.9999999
1.0
0.99999964
1.0
0.99996555
1.0
1.0
0.9999999
1.0
0.9999976
0.99999976
1.0
0.99749374
0.9553961
1.0
0.99997306
0.9996338
1.0
1.0
1.0
1.0
1.0
1.0
1.0
1.0
0.9999809
1.0
1.0
0.9999796
1.0
1.0
0.999998
1.0
0.99999726
0.9999989
0.9989047
1.0
0.9993839
1.0
1.0
1.0
0.9999702
1.0
0.999985
1.0
1.0
1.0
0.99999976
0.99698997
0.99999905
1.0
0.99998665
0.9999745
0.90541923
1.0
1.0
1.0
1.0
0.9999999
1.0
1.0
1.0
0.9999981
1.0
0.7939548
0.9999994
0.99990356
1.0
0.999711
1.0
0.9999957
0.9999999
0.99999106
1.0
1.0
0.9999536
0.99999905
0.9999999
1.0
1.0
0.9453282
0.9999999
0.99990857
1.0
1.0
0.9999809
1.0
0.9999914
1.0
1.0
1.0
1.0
0.9999845
1.0
0.9770109
1.0
0.9999999
0.99757993
1.0
1.0
1.0
1.0
1.0
0.9999739
0.9951054
1.0
0.9999999
0.9948985
1.0
1.0
1.0
1.0
1.0
1.0
1.0
1.0
1.0
0.9999368
1.0
0.99999964
1.0
1.0
0.99999464
1.0
0.9983557
1.0
0.9999982
1.0
1.0
1.0
1.0
1.0
0.99999857
1.0
1.0
1.0
0.53674686
1.0
0.9999999
0.73070467
1.0
1.0
0.9999795
1.0
1.0
0.9997093
1.0
0.9999995
0.9999778
1.0
1.0
1.0
0.9999988
0.9999999
1.0
0.97313845
1.0
0.99999774
1.0
1.0
1.0
1.0
0.9999995
1.0
1.0
0.99999976
1.0
1.0
1.0
1.0
0.9999995
0.99999785
1.0
1.0
1.0
1.0
1.0
1.0
1.0
0.9985846
1.0
1.0
1.0
1.0
1.0
1.0
0.9999982
1.0
0.9999924
1.0
1.0
1.0
0.93905085
1.0
1.0
0.9999995
1.0
1.0
1.0
0.99999964
1.0
1.0
1.0
1.0
1.0
1.0
1.0
1.0
1.0
1.0
0.9999999
0.9999975
0.9996611
1.0
1.0
1.0
1.0
1.0
1.0
1.0
1.0
1.0
1.0
0.99999964
1.0
0.9989599
0.9999784
0.9036239
0.99999964
0.999579
1.0
1.0
0.9997203
1.0
0.99999964
1.0
0.9999993
0.9974957
1.0
1.0
0.99999976
1.0
1.0
1.0
1.0
1.0
1.0
0.9999995
0.9999995
1.0
1.0
1.0
0.9999999
1.0
0.9224678
0.9999999
0.999997
0.9999689
1.0
1.0
0.9999999
1.0
0.9997956
1.0
0.9999995
1.0
1.0
0.9999999
1.0
0.9999994
0.99995816
0.99717146
0.9999933
1.0
1.0
1.0
1.0
1.0
1.0
1.0
1.0
0.99994814
1.0
0.9999654
1.0
1.0
0.9999988
1.0
0.9999999
1.0
1.0
0.9999994
1.0
0.86696905
1.0
0.9999999
1.0
1.0
1.0
0.9999999
1.0
0.9998362
1.0
0.9998859
0.999987
1.0
1.0
1.0
0.99999404
1.0
1.0
0.99999595
1.0
0.99955493
1.0
1.0
0.9996443
0.9999995
1.0
1.0
1.0
0.9999999
1.0
0.9999995
1.0
1.0
1.0
1.0
1.0
1.0
0.9999999
1.0
1.0
0.9999951
1.0
1.0
0.9999994
1.0
0.99972385
0.99989486
1.0
1.0
0.9999999
1.0
1.0
1.0
1.0
1.0
1.0
0.99393624
1.0
0.85830414
1.0
1.0
1.0
0.9999999
1.0
0.9999995
1.0
1.0
0.99999654
0.9654058
1.0
0.99999547
0.77861184
1.0
1.0
1.0
0.99999976
1.0
1.0
1.0
0.9999994
1.0
0.9999945
1.0
1.0
1.0
0.9999987
0.99948114
1.0
1.0
1.0
1.0
0.9999999
0.9999994
0.99997246
1.0
0.9999112
1.0
1.0
1.0
1.0
1.0
1.0
1.0
1.0
0.9999759
0.9999995
0.9999995
1.0
1.0
0.9999949
0.9999927
1.0
1.0
1.0
1.0
1.0
0.9999999
1.0
0.9999988
0.9999956
1.0
1.0
1.0
1.0
0.99999976
1.0
1.0
0.9999999
1.0
1.0
0.99999845
1.0
0.9999981
0.9999863
1.0
0.99999595
1.0
0.99999905
1.0
0.9999999
1.0
0.9999995
0.9999993
1.0
0.99999976
0.9999994
1.0
0.9861448
1.0
0.9997874
1.0
0.99999774
0.9999989
1.0
1.0
1.0
0.99988353
1.0
1.0
1.0
1.0
1.0
1.0
0.99999857
0.9986998
1.0
1.0
0.99998343
1.0
0.7100104
1.0
0.9999968
0.9999999
0.9999969
1.0
1.0
0.9999999
0.99999976
0.9999819
1.0
1.0
1.0
1.0
0.99999976
1.0
1.0
0.9999988
0.99999976
0.9999993
0.99999917
1.0
1.0
0.99985397
1.0
0.58350694
1.0
1.0
1.0
0.8234449
1.0
0.99997413
1.0
1.0
1.0
0.999881
0.99995446
1.0
1.0
1.0
0.9999999
1.0
1.0
1.0
1.0
1.0
1.0
0.9999987
0.98954225
1.0
1.0
1.0
1.0
1.0
1.0
1.0
0.9999999
1.0
1.0
1.0
1.0
0.99999964
0.9006473
0.99996614
1.0
1.0
1.0
0.99999976
0.999998
1.0
1.0
1.0
0.5073977
0.9999995
1.0
1.0
1.0
1.0
1.0
0.99824893
0.9945527
1.0
1.0
0.9995943
0.99999845
1.0
1.0
0.9999999
1.0
0.99985635
1.0
1.0
1.0
0.99990404
1.0
0.99988055
0.9999999
0.99999905
1.0
1.0
1.0
1.0
1.0
1.0
0.9999999
0.9999999
1.0
1.0
0.9458262
0.9999999
0.99999917
0.999998
1.0
0.65620846
1.0
1.0
1.0
0.9999981
0.99998486
1.0
1.0
0.9999639
1.0
0.9999988
0.9999933
0.99999976
1.0
1.0
1.0
1.0
0.99997354
1.0
0.9999993
1.0
1.0
1.0
1.0
0.99999845
0.9999993
0.999956
1.0
0.9999999
1.0
1.0
1.0
1.0
1.0
1.0
1.0
0.9999583
1.0
0.9999901
0.99999976
0.9999802
0.9999993
0.9999994
1.0
0.99999976
1.0
1.0
1.0
1.0
1.0
1.0
1.0
1.0
1.0
1.0
0.9949845
1.0
1.0
1.0
1.0
0.99961567
0.994994
1.0
1.0
1.0
1.0
1.0
1.0
0.99999976
0.9999987
0.99999595
0.99951017
1.0
1.0
0.9999949
1.0
1.0
1.0
0.99999976
0.9999994
0.7026313
1.0
1.0
1.0
1.0
0.9999999
1.0
1.0
1.0
1.0
1.0
0.9999802
1.0
0.9999417
1.0
0.99992764
0.9999999
0.9999858
0.9999995
1.0
1.0
1.0
0.99999714
1.0
0.99999976
1.0
1.0
1.0
1.0
1.0
1.0
0.9969152
0.999997
1.0
0.99066925
1.0
0.8950375
1.0
1.0
1.0
1.0
1.0
1.0
1.0
0.9999993
1.0
1.0
1.0
1.0
1.0
0.9999994
1.0
0.9999994
1.0
1.0
0.99999845
0.8388526
1.0
0.9999999
1.0
0.99996877
1.0
1.0
1.0
0.9993932
0.9999994
0.9999614
1.0
0.9999474
0.9999999
0.99999857
0.9999999
1.0
1.0
0.9569468
1.0
1.0
1.0
1.0
1.0
0.9999993
0.9999994
0.9999913
1.0
1.0
0.99789447
0.9999846
1.0
1.0
1.0
1.0
0.99999917
1.0
1.0
0.99999976
1.0
1.0
1.0
1.0
1.0
1.0
1.0
1.0
1.0
1.0
1.0
1.0
1.0
0.9928885
1.0
0.99995947
0.99999976
1.0
0.9999926
1.0
1.0
1.0
1.0
0.9999398
0.99997544
0.999995
1.0
0.9999995
1.0
1.0
0.9999869
1.0
1.0
0.50910324
0.9999757
1.0
0.9139965
1.0
1.0
0.9999995
0.9995547
0.9719964
0.9999994
0.95454705
1.0
1.0
1.0
0.9999356
1.0
0.9999999
1.0
1.0
1.0
1.0
1.0
0.99999905
1.0
0.9999958
1.0
1.0
0.9999999
0.9999988
1.0
1.0
1.0
1.0
0.9999999
1.0
1.0
1.0
0.9999988
1.0
0.9889631
1.0
0.9999603
1.0
0.9999957
1.0
1.0
0.9999919
1.0
1.0
1.0
0.9977264
0.99999976
1.0
0.9999999
0.9999795
1.0
1.0
0.99999464
0.9999763
1.0
1.0
0.9999993
1.0
0.99999976
1.0
1.0
0.99999416
1.0
1.0
0.9999989
1.0
1.0
0.9999989
0.9999989
0.56838053
1.0
1.0
0.99999917
0.99497557
1.0
1.0
0.9974975
0.999393
1.0
1.0
1.0
1.0
1.0
0.9999975
1.0
1.0
0.99999964
0.9999999
1.0
1.0
1.0
0.9999938
0.99999344
0.9999999
1.0
0.99999976
1.0
1.0
1.0
0.729869
1.0
0.999984
0.9990238
1.0
0.9999999
1.0
1.0
1.0
1.0
1.0
1.0
1.0
0.9999999
0.7823047
1.0
0.9999993
1.0
0.9994722
0.6892733
1.0
1.0
1.0
1.0
0.9999999
1.0
1.0
1.0
1.0
0.9999995
1.0
0.99999714
1.0
1.0
0.9999999
1.0
1.0
1.0
0.7402524
0.9999999
0.99999976
1.0
0.9993123
1.0
1.0
1.0
1.0
1.0
1.0
1.0
0.9999999
1.0
1.0
1.0
0.99999833
0.9967506
1.0
1.0
0.9999999
0.9999999
1.0
0.9993259
0.99999976
1.0
0.9999958
1.0
1.0
1.0
1.0
1.0
0.9999589
1.0
1.0
0.999997
1.0
1.0
1.0
1.0
0.99998474
1.0
0.9999975
1.0
1.0
1.0
0.9999999
1.0
1.0
1.0
1.0
0.99989295
1.0
0.9999999
0.9999982
1.0
1.0
0.9999938
1.0
0.9999976
0.6870494
1.0
0.99999976
0.9999901
1.0
1.0
1.0
1.0
1.0
1.0
1.0
1.0
1.0
0.9999527
0.9999974
1.0
1.0
1.0
1.0
1.0
1.0
0.9999211
1.0
1.0
0.9999821
0.99996257
0.9999999
1.0
1.0
1.0
0.9998944
1.0
0.99787545
1.0
1.0
1.0
0.99999845
0.99999976
1.0
0.9999999
0.9997732
0.9973258
0.99999845
1.0
0.9999795
1.0
1.0
1.0
1.0
1.0
1.0
1.0
0.9999901
1.0
1.0
1.0
0.9999968
1.0
1.0
1.0
0.9995896
1.0
0.9826523
1.0
0.9999958
1.0
1.0
1.0
1.0
1.0
1.0
1.0
1.0
1.0
1.0
0.9999999
1.0
1.0
1.0
0.99999905
1.0
1.0
1.0
1.0
0.9992717
1.0
1.0
1.0
1.0
1.0
1.0
0.9999999
1.0
1.0
1.0
1.0
1.0
1.0
1.0
0.9998994
1.0
1.0
0.9999958
1.0
1.0
1.0
1.0
1.0
0.9883084
0.99999654
1.0
1.0
1.0
1.0
1.0
0.9877573
1.0
0.9995467
1.0
1.0
1.0
1.0
1.0
1.0
0.9916591
1.0
1.0
0.9999999
1.0
0.9999994
1.0
1.0
0.9999999
1.0
1.0
0.9999987
1.0
1.0
0.998228
0.94774014
0.9999927
0.9999999
0.9999999
1.0
1.0
1.0
1.0
0.99999964
0.9999982
1.0
1.0
1.0
1.0
1.0
0.9999999
1.0
1.0
0.9999999
0.99999964
1.0
1.0
0.91042733
0.99982435
1.0
1.0
1.0
1.0
1.0
1.0
1.0
0.99999976
1.0
0.99999976
0.9999999
1.0
0.54233664
1.0
0.99994004
0.99999416
1.0
0.9967194
0.99998426
0.9999999
0.9998273
1.0
0.9999931
1.0
0.9622553
0.9999994
0.9999809
1.0
0.99997723
1.0
1.0
1.0
1.0
1.0
1.0
0.99999976
0.99999976
1.0
1.0
1.0
0.9999982
0.99999845
1.0
1.0
1.0
0.99999976
1.0
0.99999
1.0
0.9999976
1.0
1.0
1.0
0.9999999
1.0
1.0
0.99999905
1.0
1.0
0.99999845
1.0
1.0
0.99999356
1.0
1.0
1.0
1.0
1.0
1.0
0.9999993
1.0
1.0
0.99999845
1.0
1.0
1.0
1.0
0.9999945
1.0
0.99999976
0.9999622
0.99996984
1.0
1.0
1.0
1.0
1.0
1.0
0.99999857
0.99998105
0.9999542
1.0
1.0
1.0
0.9162177
1.0
1.0
1.0
0.99999964
1.0
1.0
1.0
1.0
1.0
0.9997812
1.0
0.9999995
1.0
1.0
1.0
0.99999857
1.0
1.0
1.0
1.0
1.0
0.9937459
1.0
1.0
1.0
1.0
1.0
0.99998367
0.99999905
1.0
1.0
1.0
0.9999937
0.9995322
1.0
1.0
1.0
1.0
0.9999949
1.0
0.9998585
1.0
1.0
1.0
1.0
1.0
1.0
1.0
1.0
0.9999999
1.0
0.99999917
0.9999999
1.0
1.0
1.0
1.0
1.0
0.9999999
1.0
1.0
1.0
1.0
1.0
0.9999999
1.0
1.0
1.0
1.0
1.0
1.0
1.0
0.9999999
1.0
1.0
1.0
1.0
1.0
0.9999999
1.0
1.0
1.0
1.0
1.0
1.0
1.0
1.0
1.0
1.0
0.9999999
1.0
1.0
1.0
1.0
1.0
1.0
1.0
1.0
1.0
1.0
1.0
1.0
1.0
1.0
1.0
0.99999964
1.0
1.0
1.0
1.0
0.9999844
0.99999976
1.0
1.0
1.0
1.0
1.0
0.99999905
1.0
1.0
1.0
0.9999999
1.0
1.0
0.9999999
1.0
1.0
1.0
0.99999976
0.999998
1.0
0.99999964
1.0
0.9999999
0.99999964
1.0
0.9999999
1.0
1.0
1.0
1.0
1.0
1.0
0.9999995
1.0
1.0
1.0
1.0
0.99999976
1.0
1.0
1.0
1.0
1.0
1.0
1.0
1.0
0.99999976
1.0
1.0
1.0
1.0
1.0
1.0
1.0
1.0
1.0
1.0
1.0
1.0
0.99811804
1.0
1.0
1.0
1.0
1.0
1.0
1.0
1.0
1.0
1.0
1.0
1.0
0.9998166
0.9999999
1.0
1.0
1.0
1.0
0.99999976
1.0
1.0
1.0
1.0
1.0
0.99999917
1.0
1.0
1.0
1.0
1.0
1.0
0.9918079
1.0
1.0
1.0
1.0
1.0
0.9991197
0.9999999
0.99999976
1.0
1.0
1.0
1.0
1.0
1.0
1.0
1.0
0.99999964
0.9999999
1.0
1.0
1.0
1.0
1.0
1.0
1.0
1.0
1.0
1.0
1.0
1.0
1.0
1.0
1.0
1.0
0.999972
1.0
1.0
1.0
1.0
0.99857855
1.0
0.9998167
1.0
0.99969804
1.0
1.0
1.0
0.9999995
1.0
1.0
1.0
1.0
1.0
1.0
1.0
1.0
1.0
0.99999976
0.9999999
1.0
1.0
0.99998915
1.0
1.0
1.0
1.0
1.0
1.0
0.9972722
0.9999999
1.0
1.0
1.0
1.0
1.0
1.0
1.0
1.0
0.9999999
1.0
1.0
1.0
0.9999999
0.9999999
0.9999999
1.0
0.7510404
0.9999999
1.0
1.0
0.99999845
1.0
1.0
1.0
1.0
1.0
1.0
1.0
1.0
1.0
1.0
0.9993994
0.9999999
1.0
1.0
0.9999777
1.0
1.0
0.99998236
0.9999989
1.0
1.0
1.0
1.0
1.0
1.0
1.0
1.0
0.9908194
1.0
1.0
1.0
1.0
1.0
1.0
1.0
1.0
1.0
0.99980944
1.0
1.0
1.0
1.0
1.0
1.0
1.0
1.0
1.0
0.99999833
1.0
1.0
1.0
1.0
1.0
1.0
1.0
1.0
1.0
1.0
1.0
1.0
0.99999845
1.0
1.0
1.0
1.0
1.0
1.0
1.0
1.0
1.0
1.0
1.0
1.0
1.0
1.0
1.0
1.0
1.0
1.0
1.0
0.8078872
1.0
1.0
1.0
1.0
1.0
1.0
1.0
1.0
1.0
1.0
1.0
0.99999845
1.0
1.0
1.0
1.0
1.0
1.0
1.0
1.0
1.0
1.0
1.0
1.0
1.0
1.0
1.0
1.0
0.9999995
1.0
1.0
1.0
1.0
1.0
1.0
1.0
1.0
1.0
1.0
1.0
1.0
1.0
1.0
1.0
1.0
1.0
1.0
0.9999999
0.99999714
1.0
1.0
1.0
1.0
1.0
1.0
1.0
1.0
1.0
1.0
1.0
1.0
1.0
1.0
1.0
1.0
1.0
1.0
1.0
1.0
0.9999999
1.0
1.0
1.0
0.99999976
1.0
0.99999905
1.0
1.0
1.0
1.0
1.0
1.0
1.0
1.0
0.99999964
0.9999161
1.0
1.0
1.0
1.0
1.0
1.0
0.9999999
1.0
1.0
1.0
1.0
1.0
1.0
1.0
1.0
1.0
1.0
1.0
1.0
1.0
1.0
1.0
1.0
1.0
1.0
1.0
1.0
1.0
1.0
1.0
1.0
0.99678373
0.998408
1.0
1.0
1.0
1.0
1.0
1.0
0.99960285
1.0
1.0
1.0
1.0
1.0
1.0
1.0
1.0
1.0
1.0
1.0
1.0
0.9999987
1.0
1.0
1.0
1.0
1.0
1.0
1.0
1.0
1.0
1.0
1.0
1.0
1.0
1.0
1.0
1.0
1.0
1.0
1.0
1.0
1.0
1.0
1.0
1.0
1.0
1.0
1.0
1.0
0.99999976
1.0
1.0
0.99999857
1.0
1.0
1.0
0.9999999
1.0
1.0
1.0
1.0
1.0
1.0
1.0
0.9999999
1.0
1.0
1.0
1.0
0.99999654
0.9999999
1.0
0.999998
0.9999999
0.99999976
1.0
1.0
0.9999989
1.0
1.0
1.0
1.0
1.0
1.0
1.0
0.99999976
0.99999976
0.9999999
1.0
1.0
1.0
1.0
1.0
1.0
0.99999785
1.0
0.99999917
0.99999714
1.0
1.0
1.0
1.0
1.0
1.0
1.0
1.0
1.0
1.0
1.0
1.0
1.0
0.99999976
1.0
1.0
0.9999875
1.0
0.9999995
1.0
1.0
0.9999981
1.0
1.0
1.0
0.99999976
1.0
1.0
1.0
1.0
1.0
1.0
0.9999988
1.0
0.9999999
0.9999999
1.0
1.0
0.9998598
1.0
1.0
1.0
0.99999976
1.0
1.0
1.0
0.99986947
1.0
1.0
1.0
1.0
1.0
0.9999826
0.9999919
0.9999999
0.9999988
0.9999999
1.0
1.0
1.0
1.0
1.0
1.0
1.0
1.0
1.0
0.9999602
1.0
1.0
1.0
1.0
1.0
0.99999976
1.0
1.0
0.9999987
1.0
1.0
0.99999964
0.99999964
1.0
1.0
0.9999902
1.0
1.0
1.0
0.99433976
1.0
0.9991671
0.9999981
1.0
0.999997
1.0
0.9999982
0.9975769
0.99999917
1.0
1.0
1.0
0.9999999
0.9999943
0.9999881
1.0
0.99999464
1.0
0.99990785
0.99968266
0.9999976
1.0
1.0
1.0
1.0
1.0
1.0
0.99999964
1.0
1.0
1.0
1.0
0.99999964
1.0
1.0
1.0
1.0
1.0
1.0
1.0
1.0
0.9999887
0.9999999
0.9999987
0.99999964
1.0
1.0
1.0
0.99999845
1.0
1.0
1.0
1.0
1.0
1.0
1.0
1.0
1.0
1.0
1.0
1.0
1.0
1.0
1.0
0.9999702
1.0
1.0
1.0
0.99999976
1.0
1.0
1.0
1.0
0.9999995
0.9999999
1.0
1.0
1.0
1.0
0.9999999
1.0
1.0
1.0
1.0
1.0
0.9999943
1.0
1.0
1.0
1.0
1.0
0.9999999
1.0
1.0
1.0
1.0
1.0
1.0
1.0
0.99185514
0.9999739
0.975752
1.0
1.0
1.0
1.0
1.0
0.99999297
0.9999999
1.0
0.99999964
1.0
1.0
1.0
0.71093005
1.0
1.0
0.99780303
0.9999999
0.99999976
1.0
0.9999999
1.0
1.0
0.9999999
1.0
1.0
1.0
1.0
1.0
1.0
1.0
1.0
0.9999999
0.9999999
1.0
1.0
0.9999994
0.9999994
1.0
1.0
1.0
1.0
1.0
1.0
1.0
1.0
1.0
1.0
0.9999999
1.0
1.0
1.0
1.0
1.0
1.0
1.0
1.0
1.0
1.0
1.0
1.0
1.0
1.0
1.0
1.0
0.9999926
0.99999833
1.0
1.0
1.0
1.0
1.0
1.0
1.0
1.0
1.0
1.0
1.0
1.0
1.0
1.0
1.0
1.0
1.0
1.0
0.9999846
1.0
0.9999993
1.0
1.0
1.0
0.9999931
0.9999436
1.0
0.9999999
1.0
1.0
0.99999917
1.0
0.9999839
1.0
1.0
1.0
1.0
1.0
1.0
0.9999995
1.0
1.0
1.0
1.0
1.0
1.0
1.0
1.0
1.0
1.0
1.0
1.0
1.0
1.0
1.0
1.0
1.0
1.0
1.0
1.0
1.0
1.0
1.0
1.0
1.0
1.0
1.0
1.0
1.0
1.0
1.0
1.0
1.0
1.0
0.99993384
1.0
0.9999999
1.0
1.0
1.0
1.0
1.0
0.99999976
1.0
0.99282223
0.9196202
0.99999905
0.999995
0.99999976
1.0
0.99999964
1.0
1.0
1.0
0.9999999
1.0
1.0
1.0
1.0
1.0
1.0
1.0
1.0
0.9999982
1.0
1.0
1.0
1.0
1.0
0.99999917
1.0
1.0
1.0
0.9999999
0.9999999
0.9999999
1.0
1.0
1.0
0.999997
1.0
1.0
1.0
0.9999999
1.0
1.0
1.0
1.0
1.0
1.0
0.99999666
1.0
0.99999905
0.9991597
0.99915326
0.9999814
0.99985266
1.0
1.0
1.0
0.9999962
1.0
1.0
1.0
1.0
1.0
0.9998462
1.0
0.9999975
1.0
0.99999857
1.0
0.9318412
1.0
1.0
1.0
0.9999596
1.0
0.99976975
1.0
0.99970156
1.0
0.9999999
0.9999999
1.0
1.0
1.0
0.9999974
0.9999993
0.9999995
0.99999714
1.0
1.0
1.0
0.99999833
0.9999912
1.0
0.9999999
0.999553
0.9492088
0.9999987
0.9999887
0.9999968
1.0
0.9999832
0.99999523
0.99999857
0.9999999
0.99999034
0.99992955
1.0
1.0
1.0
0.99999857
0.9998988
0.9999579
0.9999999
0.9999963
1.0
0.999998
0.99999905
0.99995506
0.99999416
0.9998559
0.9999889
0.99989676
0.9999999
0.99999976
0.9999989
0.9999987
1.0
1.0
1.0
1.0
1.0
1.0
1.0
0.99999225
1.0
0.99999976
0.9999081
1.0
1.0
0.9986702
1.0
0.99999607
0.9999994
1.0
0.9999982
1.0
1.0
1.0
0.9998517
1.0
0.9999995
0.9999995
0.99999976
1.0
1.0
0.99999857
1.0
0.99999917
0.9999994
1.0
1.0
0.99999654
1.0
0.99999845
1.0
1.0
1.0
0.9999838
1.0
1.0
1.0
0.9999999
0.9999995
0.9999989
1.0
1.0
0.9999982
1.0
0.9999968
1.0
1.0
1.0
1.0
0.99999964
0.9989073
0.9999994
0.9999901
1.0
1.0
1.0
1.0
1.0
1.0
0.9999999
0.886579
1.0
0.9999982
1.0
1.0
1.0
1.0
1.0
1.0
1.0
0.9527426
0.9999999
0.99999
1.0
1.0
1.0
1.0
1.0
1.0
1.0
0.9999877
1.0
1.0
1.0
1.0
1.0
1.0
1.0
1.0
0.9999999
1.0
0.94269633
1.0
1.0
0.99999833
1.0
1.0
1.0
1.0
1.0
1.0
1.0
1.0
0.9999833
0.9999999
0.999887
1.0
1.0
1.0
1.0
1.0
1.0
1.0
1.0
1.0
1.0
1.0
1.0
1.0
1.0
1.0
1.0
1.0
1.0
1.0
1.0
1.0
1.0
1.0
1.0
1.0
1.0
1.0
1.0
1.0
1.0
0.9942404
1.0
1.0
1.0
0.99999857
1.0
1.0
1.0
1.0
0.52393746
1.0
0.9998361
1.0
1.0
1.0
0.88783944
0.98920536
0.99999774
1.0
1.0
1.0
1.0
0.99999976
1.0
1.0
1.0
1.0
1.0
1.0
1.0
1.0
1.0
1.0
1.0
1.0
1.0
1.0
1.0
1.0
1.0
1.0
1.0
1.0
1.0
1.0
1.0
1.0
1.0
1.0
1.0
1.0
1.0
1.0
1.0
1.0
1.0
1.0
1.0
1.0
1.0
1.0
1.0
1.0
1.0
1.0
1.0
1.0
1.0
1.0
1.0
1.0
1.0
1.0
1.0
1.0
1.0
0.9999999
1.0
1.0
1.0
1.0
1.0
1.0
1.0
1.0
1.0
0.9999995
1.0
1.0
1.0
1.0
1.0
1.0
1.0
1.0
1.0
1.0
1.0
1.0
1.0
1.0
1.0
1.0
1.0
1.0
1.0
1.0
1.0
1.0
1.0
1.0
1.0
1.0
1.0
1.0
1.0
1.0
1.0
1.0
1.0
1.0
1.0
1.0
1.0
1.0
1.0
1.0
1.0
1.0
1.0
1.0
1.0
1.0
1.0
1.0
1.0
1.0
1.0
1.0
1.0
1.0
1.0
1.0
1.0
1.0
1.0
1.0
1.0
1.0
1.0
1.0
1.0
1.0
1.0
1.0
1.0
1.0
1.0
1.0
1.0
1.0
1.0
1.0
1.0
1.0
1.0
1.0
1.0
1.0
1.0
1.0
1.0
1.0
1.0
1.0
1.0
1.0
1.0
1.0
1.0
1.0
0.9999995
1.0
1.0
1.0
1.0
1.0
0.99999964
1.0
1.0
0.9999993
1.0
1.0
1.0
1.0
1.0
1.0
1.0
1.0
1.0
1.0
1.0
1.0
1.0
1.0
1.0
1.0
1.0
1.0
1.0
1.0
1.0
1.0
1.0
1.0
1.0
1.0
1.0
1.0
0.99999917
1.0
1.0
1.0
1.0
1.0
1.0
1.0
1.0
1.0
1.0
1.0
1.0
1.0
1.0
0.9999995
1.0
0.9998939
1.0
1.0
1.0
1.0
0.99998856
1.0
0.99999285
0.9999987
1.0
1.0
1.0
1.0
1.0
1.0
0.9999963
0.99999976
0.99999976
0.99999845
1.0
1.0
1.0
1.0
1.0
1.0
0.9998983
1.0
0.9999863
1.0
1.0
1.0
1.0
1.0
0.99993324
1.0
0.99999845
1.0
1.0
1.0
1.0
1.0
1.0
1.0
1.0
1.0
1.0
1.0
1.0
1.0
1.0
0.9999999
1.0
1.0
1.0
1.0
1.0
1.0
1.0
1.0
1.0
1.0
1.0
1.0
1.0
1.0
1.0
1.0
1.0
1.0
1.0
1.0
1.0
1.0
1.0
1.0
1.0
1.0
1.0
0.9999987
1.0
1.0
1.0
1.0
1.0
1.0
1.0
1.0
0.9999893
1.0
1.0
1.0
1.0
1.0
1.0
1.0
1.0
1.0
1.0
1.0
1.0
1.0
1.0
0.9995653
1.0
1.0
1.0
1.0
1.0
1.0
1.0
1.0
1.0
0.7461444
0.9999999
1.0
1.0
1.0
1.0
1.0
0.99999976
1.0
1.0
1.0
1.0
0.99999976
1.0
1.0
1.0
1.0
1.0
0.9999999
1.0
1.0
0.9999999
1.0
0.9999995
1.0
1.0
1.0
0.99637586
1.0
0.99999964
1.0
1.0
1.0
0.99907994
1.0
0.9999912
1.0
0.99999964
1.0
0.9999894
1.0
0.9999747
1.0
1.0
0.99999964
1.0
1.0
1.0
1.0
0.9791271
0.89454556
0.99999976
0.99995375
0.93849164
0.99999917
0.83019596
0.9943375
0.9999988
1.0
1.0
0.99999964
1.0
0.9999999
0.99982196
0.99990404
0.999997
0.7689005
0.9929182
0.9999778
0.9975569
0.99999714
0.92921865
0.9999887
0.9746747
1.0
0.99999654
0.9999999
1.0
1.0
0.9999974
1.0
1.0
1.0
1.0
0.9999999
1.0
1.0
0.9975337
1.0
0.99999654
1.0
0.9999919
0.9596857
0.987333
0.99703753
1.0
1.0
0.9999999
0.9955212
1.0
0.9997148
1.0
1.0
0.99984944
0.9999999
0.9999999
1.0
1.0
0.9999968
0.99999535
0.9999796
1.0
0.9999943
0.9999987
0.9999999
1.0
0.9997578
0.99999154
1.0
0.99999964
0.79345906
1.0
0.99999917
0.99999917
1.0
1.0
0.9999541
0.9992254
1.0
1.0
1.0
0.9999995
1.0
1.0
1.0
1.0
0.9999999
1.0
0.9999999
1.0
0.99999976
1.0
1.0
1.0
1.0
1.0
0.5529236
0.99999964
1.0
1.0
1.0
1.0
1.0
1.0
1.0
1.0
0.9999734
0.9998491
1.0
1.0
1.0
1.0
0.99999964
0.9999999
1.0
0.99999976
1.0
0.99999046
0.9999999
1.0
1.0
1.0
0.99999344
1.0
1.0
0.99999976
0.9999999
1.0
1.0
1.0
1.0
1.0
1.0
0.99995756
1.0
1.0
0.9996178
1.0
1.0
0.9999753
1.0
1.0
1.0
1.0
1.0
1.0
1.0
1.0
1.0
1.0
1.0
0.99999666
1.0
1.0
0.999995
1.0
1.0
1.0
1.0
1.0
1.0
1.0
0.9999999
0.9999995
1.0
0.9999999
0.9967603
0.99999976
1.0
0.9999999
0.99999356
1.0
1.0
1.0
1.0
1.0
1.0
0.99997246
0.9999999
1.0
1.0
1.0
1.0
1.0
1.0
0.99524176
0.99999404
1.0
0.9999987
0.9874564
0.99999857
1.0
0.9999391
1.0
0.99999356
0.9999999
0.99999976
1.0
1.0
1.0
0.98556465
0.9977016
1.0
1.0
0.99999917
1.0
1.0
1.0
1.0
0.999984
0.9999999
1.0
1.0
0.99987566
0.99998987
1.0
1.0
1.0
1.0
0.9999999
1.0
1.0
1.0
1.0
1.0
0.999997
1.0
0.9999927
0.9221983
0.9999956
0.9999969
1.0
0.9999994
1.0
1.0
1.0
0.9999999
1.0
0.9999989
1.0
1.0
0.9999007
1.0
1.0
1.0
1.0
1.0
1.0
1.0
1.0
1.0
1.0
0.9999964
1.0
0.99999917
1.0
0.99999857
1.0
1.0
1.0
1.0
1.0
0.9999981
0.9999982
1.0
1.0
1.0
1.0
1.0
1.0
1.0
1.0
0.9999968
1.0
1.0
1.0
1.0
1.0
1.0
1.0
0.9999865
1.0
1.0
1.0
0.9999999
1.0
0.999995
1.0
1.0
1.0
1.0
1.0
0.98631823
1.0
1.0
1.0
1.0
1.0
1.0
1.0
1.0
1.0
1.0
1.0
1.0
1.0
1.0
1.0
1.0
1.0
1.0
1.0
1.0
1.0
1.0
0.9999999
1.0
1.0
1.0
1.0
1.0
1.0
1.0
0.99999964
1.0
1.0
1.0
1.0
0.9998801
1.0
0.99999976
0.99999976
1.0
1.0
1.0
1.0
0.9999999
1.0
1.0
0.9999474
0.9870308
1.0
1.0
1.0
0.9999999
1.0
1.0
0.9999968
1.0
1.0
1.0
0.99998856
1.0
1.0
1.0
0.9999584
1.0
0.9999999
1.0
0.9999975
1.0
1.0
1.0
1.0
0.9999839
1.0
1.0
1.0
0.9999999
1.0
0.99999964
0.9999995
1.0
1.0
0.99999964
1.0
1.0
1.0
1.0
1.0
1.0
1.0
0.9999999
1.0
1.0
0.9999981
1.0
1.0
1.0
1.0
0.9998504
1.0
1.0
1.0
1.0
1.0
1.0
1.0
1.0
0.9998754
1.0
1.0
1.0
1.0
1.0
1.0
1.0
0.99999976
1.0
0.99999666
1.0
1.0
0.9999999
1.0
1.0
1.0
0.9999988
1.0
1.0
1.0
1.0
1.0
1.0
1.0
1.0
1.0
0.999995
1.0
1.0
1.0
1.0
1.0
1.0
1.0
1.0
1.0
1.0
1.0
1.0
1.0
1.0
1.0
1.0
0.9999993
1.0
1.0
1.0
1.0
1.0
1.0
1.0
1.0
1.0
1.0
1.0
1.0
1.0
1.0
1.0
1.0
1.0
1.0
1.0
1.0
1.0
1.0
1.0
1.0
1.0
1.0
1.0
1.0
1.0
1.0
1.0
0.9999995
0.9999939
1.0
1.0
1.0
1.0
1.0
1.0
1.0
1.0
1.0
1.0
1.0
1.0
1.0
1.0
1.0
1.0
1.0
0.99999356
1.0
1.0
1.0
0.99999976
0.99977916
1.0
1.0
1.0
1.0
1.0
1.0
0.9999987
1.0
1.0
0.9999988
1.0
1.0
1.0
1.0
1.0
1.0
1.0
1.0
1.0
0.99999964
1.0
1.0
1.0
1.0
1.0
1.0
0.99999464
1.0
1.0
1.0
1.0
1.0
1.0
1.0
0.99996305
1.0
1.0
1.0
0.999997
0.99996984
0.9999938
1.0
1.0
1.0
1.0
0.99999905
1.0
1.0
1.0
1.0
1.0
0.9999999
0.9999865
1.0
1.0
1.0
1.0
1.0
1.0
1.0
0.9999831
1.0
1.0
1.0
1.0
1.0
0.99933285
1.0
1.0
1.0
1.0
1.0
1.0
0.99999964
1.0
1.0
1.0
0.9999994
1.0
1.0
0.9973066
0.99999666
1.0
1.0
1.0
1.0
1.0
1.0
1.0
1.0
1.0
1.0
1.0
0.9999765
1.0
1.0
0.9999999
1.0
1.0
0.992718
1.0
0.9999969
1.0
1.0
1.0
1.0
1.0
1.0
1.0
1.0
1.0
1.0
1.0
1.0
1.0
1.0
1.0
1.0
1.0
1.0
1.0
1.0
1.0
1.0
0.9999758
1.0
1.0
0.9999999
1.0
1.0
1.0
1.0
1.0
1.0
1.0
1.0
0.9999999
1.0
1.0
1.0
1.0
0.9999995
1.0
0.99944
1.0
1.0
1.0
1.0
1.0
0.9999993
0.99999905
1.0
1.0
0.99913114
0.9999987
0.9999913
1.0
0.9988728
1.0
1.0
1.0
0.9650921
0.9999993
1.0
1.0
0.99993443
1.0
1.0
0.99999964
0.9999999
1.0
0.9999976
1.0
1.0
0.9999355
1.0
1.0
1.0
0.99998343
1.0
0.9953199
1.0
1.0
1.0
1.0
0.9999809
0.99999976
1.0
1.0
1.0
0.9999994
1.0
0.9999994
1.0
0.9999821
1.0
1.0
1.0
0.9999999
1.0
0.9999999
1.0
1.0
0.9999944
0.99998844
0.9999999
0.9999999
0.9999974
1.0
1.0
1.0
1.0
0.99998057
0.99999905
1.0
1.0
0.99999976
1.0
1.0
1.0
1.0
1.0
1.0
0.999997
1.0
1.0
1.0
1.0
1.0
1.0
1.0
1.0
0.99999976
0.9999993
1.0
1.0
0.99999964
1.0
1.0
1.0
1.0
1.0
1.0
0.9999999
1.0
1.0
1.0
1.0
1.0
1.0
1.0
1.0
1.0
1.0
0.9999788
1.0
1.0
1.0
1.0
1.0
1.0
1.0
1.0
1.0
1.0
1.0
1.0
1.0
1.0
1.0
1.0
1.0
1.0
0.9999999
1.0
1.0
1.0
1.0
1.0
1.0
0.9999999
1.0
1.0
1.0
1.0
1.0
1.0
1.0
1.0
1.0
0.9999999
1.0
1.0
0.9999993
0.9999993
1.0
1.0
1.0
1.0
0.99997663
1.0
1.0
1.0
1.0
1.0
1.0
1.0
1.0
1.0
1.0
1.0
1.0
1.0
1.0
1.0
0.99999225
1.0
1.0
1.0
1.0
0.99999976
1.0
1.0
1.0
0.9999999
1.0
1.0
1.0
1.0
0.9999993
1.0
1.0
1.0
1.0
1.0
0.9999989
1.0
1.0
1.0
1.0
1.0
1.0
1.0
1.0
1.0
0.99999845
0.9999999
1.0
0.9999988
0.9999995
0.99999976
1.0
0.9999999
0.9999999
1.0
0.9999999
1.0
1.0
0.99999154
1.0
0.9999999
0.99999976
1.0
1.0
1.0
0.9999989
1.0
0.99999845
1.0
1.0
1.0
0.9999994
0.9999995
1.0
1.0
1.0
0.9999999
0.9988164
0.99999964
0.99897623
1.0
1.0
1.0
1.0
0.9999999
1.0
0.99999666
1.0
1.0
1.0
0.99999964
1.0
0.99989355
1.0
1.0
1.0
0.9974855
1.0
1.0
1.0
1.0
1.0
0.99997795
1.0
1.0
1.0
0.99999344
0.9999999
0.99999535
1.0
1.0
1.0
1.0
0.9999877
1.0
1.0
0.99999976
0.99044037
0.999997
1.0
1.0
0.99999416
0.9999995
1.0
1.0
1.0
1.0
0.99999976
0.9999068
1.0
1.0
1.0
1.0
1.0
1.0
0.9999962
0.9999689
0.9999999
1.0
1.0
1.0
1.0
1.0
0.9991605
1.0
1.0
1.0
1.0
1.0
0.99999964
0.9999969
1.0
1.0
1.0
1.0
1.0
0.9999982
1.0
1.0
0.99999976
1.0
1.0
1.0
1.0
1.0
1.0
1.0
1.0
1.0
0.9999989
1.0
1.0
1.0
1.0
1.0
1.0
1.0
1.0
1.0
0.99999976
1.0
1.0
1.0
1.0
0.99999917
1.0
1.0
1.0
1.0
1.0
0.99998057
1.0
1.0
1.0
1.0
1.0
1.0
1.0
1.0
1.0
1.0
1.0
1.0
0.9999993
1.0
1.0
1.0
1.0
1.0
1.0
0.99999607
1.0
1.0
1.0
0.99999833
1.0
0.9999999
1.0
1.0
0.99999785
1.0
1.0
1.0
1.0
1.0
0.9999021
1.0
1.0
1.0
1.0
1.0
1.0
1.0
1.0
1.0
1.0
1.0
1.0
1.0
1.0
1.0
1.0
1.0
1.0
1.0
1.0
1.0
1.0
1.0
1.0
1.0
0.9999999
1.0
0.99999976
1.0
1.0
1.0
1.0
1.0
1.0
1.0
1.0
1.0
1.0
0.9999999
1.0
1.0
1.0
1.0
1.0
1.0
1.0
0.9999999
1.0
1.0
1.0
1.0
1.0
1.0
1.0
1.0
0.99999833
0.9999999
0.9999753
1.0
0.9999999
0.99999905
1.0
1.0
1.0
1.0
1.0
1.0
1.0
1.0
1.0
0.9999994
1.0
1.0
1.0
1.0
1.0
1.0
1.0
1.0
1.0
1.0
1.0
1.0
1.0
1.0
1.0
1.0
1.0
1.0
1.0
0.9999999
0.9999995
1.0
1.0
1.0
1.0
1.0
1.0
0.99998415
1.0
1.0
1.0
0.9999999
1.0
1.0
0.99999225
1.0
1.0
1.0
1.0
1.0
0.9999982
0.9999999
1.0
1.0
1.0
0.9999999
0.99999964
1.0
1.0
1.0
1.0
1.0
1.0
1.0
1.0
1.0
1.0
1.0
1.0
0.99999976
1.0
1.0
1.0
1.0
1.0
1.0
1.0
1.0
0.99999976
1.0
1.0
1.0
1.0
1.0
1.0
1.0
0.99999976
0.999998
1.0
1.0
0.9999999
0.9999999
1.0
0.9998267
0.99806386
1.0
0.9999999
1.0
1.0
1.0
1.0
0.99999917
1.0
1.0
0.9999981
1.0
1.0
0.99999964
1.0
1.0
1.0
1.0
1.0
1.0
0.9999999
1.0
1.0
1.0
1.0
1.0
1.0
1.0
1.0
1.0
1.0
1.0
1.0
1.0
1.0
1.0
0.9999995
0.9999999
1.0
1.0
1.0
1.0
1.0
1.0
1.0
0.9999988
1.0
0.99999964
0.99999964
1.0
0.9999999
1.0
1.0
1.0
0.9999999
1.0
1.0
1.0
1.0
1.0
1.0
0.99999964
1.0
0.99999976
0.9999999
1.0
0.99999917
1.0
1.0
1.0
0.99999976
1.0
1.0
1.0
1.0
1.0
0.999912
0.99995065
1.0
0.99999976
1.0
1.0
1.0
1.0
0.99999976
0.9999962
0.9999995
0.9999999
0.9999999
1.0
1.0
1.0
1.0
1.0
1.0
1.0
1.0
1.0
1.0
1.0
1.0
0.9999988
1.0
0.99978966
0.9999981
0.9999676
0.99999964
0.9999999
1.0
0.99947745
1.0
0.9997844
1.0
0.9982936
1.0
0.9999199
1.0
0.99928755
1.0
1.0
0.99908566
0.9999999
0.99999976
0.99999464
0.9999206
1.0
1.0
0.99999976
1.0
1.0
1.0
1.0
1.0
0.99999976
1.0
1.0
1.0
1.0
0.9999932
0.9999999
0.9999999
1.0
1.0
1.0
1.0
0.9999999
1.0
1.0
1.0
1.0
0.99998605
0.99999964
1.0
1.0
1.0
0.99999344
1.0
1.0
0.9999999
1.0
0.99999905
1.0
0.99999964
0.9998872
0.9999956
1.0
0.9998945
0.99999976
0.9999999
0.9999999
1.0
1.0
1.0
1.0
1.0
0.99999785
1.0
1.0
0.9999727
0.9999044
0.9999864
0.99999833
0.9999939
1.0
0.9999888
0.9998178
1.0
1.0
1.0
0.99769574
1.0
0.99999785
0.99954575
1.0
1.0
1.0
1.0
1.0
0.9999994
1.0
1.0
1.0
1.0
1.0
1.0
1.0
1.0
1.0
1.0
0.99999976
1.0
1.0
1.0
1.0
1.0
1.0
0.99999917
1.0
0.9999999
1.0
1.0
1.0
1.0
1.0
1.0
1.0
1.0
1.0
0.99999356
1.0
1.0
1.0
1.0
1.0
1.0
0.9980362
1.0
1.0
1.0
1.0
1.0
1.0
0.99999905
1.0
1.0
1.0
1.0
1.0
1.0
0.9999989
0.9999993
1.0
1.0
1.0
0.99998105
0.9999094
1.0
1.0
0.99999964
1.0
1.0
1.0
0.99999905
0.9999999
1.0
1.0
1.0
0.9999995
1.0
1.0
1.0
1.0
0.9999988
1.0
1.0
1.0
0.9999999
1.0
1.0
1.0
0.99998665
1.0
1.0
0.9999999
0.9999652
1.0
0.9999999
1.0
1.0
1.0
1.0
1.0
0.9999999
1.0
0.9999999
0.9999994
1.0
1.0
1.0
1.0
1.0
1.0
1.0
1.0
1.0
1.0
1.0
0.99999905
0.9999999
1.0
1.0
0.99999785
1.0
1.0
1.0
1.0
1.0
1.0
1.0
1.0
1.0
1.0
0.9999999
0.96461725
1.0
0.9995096
1.0
0.9999988
0.9999995
0.99997675
0.9999999
1.0
0.99999976
0.9974101
1.0
0.99999034
1.0
1.0
1.0
0.99999726
1.0
1.0
0.99998677
0.9999707
1.0
0.9999981
1.0
1.0
0.9999989
1.0
0.99999976
1.0
1.0
1.0
0.9999999
0.99999726
0.99999034
0.9996809
0.9962399
0.99999344
1.0
0.9999989
1.0
1.0
1.0
0.9999999
0.999887
0.9999999
0.99957436
0.99987936
0.9999999
0.9999956
1.0
0.99999976
0.9999819
1.0
1.0
1.0
1.0
0.9999584
1.0
1.0
1.0
1.0
1.0
1.0
1.0
0.99999976
1.0
1.0
0.9999999
1.0
0.99985814
1.0
1.0
1.0
1.0
1.0
1.0
1.0
1.0
1.0
1.0
0.99999976
1.0
1.0
1.0
0.9999918
1.0
1.0
1.0
1.0
1.0
1.0
1.0
0.99999857
1.0
0.99999964
1.0
1.0
1.0
1.0
1.0
1.0
1.0
1.0
1.0
1.0
0.99999905
0.9999796
1.0
1.0
0.9999999
1.0
1.0
1.0
0.9999999
1.0
1.0
1.0
1.0
1.0
1.0
1.0
1.0
0.9999542
0.9993838
0.99999094
0.99999976
0.9999999
1.0
0.9999999
1.0
1.0
1.0
1.0
1.0
1.0
1.0
1.0
0.9999286
0.99999845
0.9999974
1.0
1.0
1.0
1.0
0.99999976
1.0
1.0
1.0
1.0
1.0
1.0
1.0
1.0
1.0
1.0
1.0
1.0
1.0
0.99999106
1.0
1.0
1.0
1.0
1.0
1.0
1.0
1.0
1.0
1.0
0.99999964
0.99999833
0.9999999
0.9999999
1.0
0.99999976
1.0
1.0
1.0
1.0
1.0
1.0
0.99999964
1.0
0.9999999
0.9999993
0.9999993
0.9999924
0.9954827
1.0
1.0
1.0
0.9999999
1.0
0.9999999
0.99999404
0.99998784
0.99999964
0.99990976
1.0
0.9999999
0.9997863
0.9999999
1.0
0.99999654
1.0
1.0
0.9999995
1.0
0.9999999
0.99999404
1.0
1.0
1.0
1.0
0.9992256
0.9999989
1.0
1.0
0.9999871
0.9996929
0.9999753
1.0
0.9999993
0.9999999
0.9999994
0.9999993
1.0
0.9999969
0.99987125
0.9999968
0.9999999
1.0
1.0
1.0
1.0
1.0
0.99999857
1.0
1.0
1.0
1.0
1.0
1.0
1.0
1.0
0.9999995
0.99999976
1.0
1.0
1.0
1.0
0.9999958
0.953933
1.0
0.9999995
1.0
0.9994404
0.9926018
1.0
1.0
0.9999993
0.99983215
0.999967
0.99998987
0.99999106
0.9999995
0.89330107
0.94713265
0.9999999
1.0
1.0
0.9999999
1.0
0.9899011
0.9999999
0.999998
0.9999999
1.0
1.0
1.0
0.99998176
1.0
1.0
1.0
1.0
1.0
1.0
1.0
1.0
1.0
0.9999958
1.0
1.0
1.0
1.0
1.0
1.0
1.0
1.0
0.9999993
1.0
1.0
1.0
1.0
1.0
1.0
1.0
1.0
1.0
1.0
1.0
1.0
1.0
0.9999999
1.0
0.99999666
0.99999976
0.9979354
0.9999999
1.0
1.0
1.0
0.9999999
0.759401
0.9999964
1.0
1.0
1.0
1.0
0.9999994
0.9999999
1.0
1.0
1.0
1.0
1.0
1.0
1.0
0.9999995
1.0
1.0
1.0
1.0
1.0
1.0
1.0
1.0
0.999998
1.0
0.5521883
1.0
1.0
1.0
1.0
1.0
1.0
1.0
1.0
1.0
1.0
1.0
1.0
1.0
0.99999976
1.0
1.0
0.9999994
0.99979955
1.0
1.0
1.0
1.0
0.99999964
1.0
1.0
1.0
1.0
1.0
1.0
1.0
1.0
1.0
1.0
1.0
1.0
1.0
1.0
1.0
1.0
1.0
1.0
1.0
1.0
1.0
1.0
1.0
1.0
1.0
1.0
1.0
0.9979352
1.0
1.0
1.0
1.0
1.0
1.0
1.0
1.0
1.0
0.9998827
1.0
1.0
1.0
1.0
1.0
1.0
0.9999995
1.0
1.0
1.0
1.0
1.0
1.0
1.0
1.0
1.0
1.0
1.0
1.0
1.0
0.99999964
0.9999931
0.9999999
0.99999774
1.0
0.99999785
0.99999976
1.0
0.9999999
1.0
1.0
1.0
0.99999845
0.99999785
0.9999931
1.0
0.99999964
1.0
0.9999881
0.999129
1.0
1.0
1.0
0.9999995
1.0
0.99999976
1.0
1.0
1.0
0.99999356
0.9899687
0.99999964
0.9999914
0.99995303
0.9999999
0.9999999
0.99999833
0.71233124
1.0
1.0
1.0
1.0
1.0
1.0
0.99999976
1.0
0.9999776
1.0
0.9999918
1.0
0.99997735
1.0
1.0
0.9999912
1.0
0.9999733
1.0
1.0
1.0
0.99999976
1.0
1.0
1.0
1.0
1.0
1.0
1.0
1.0
1.0
1.0
1.0
1.0
1.0
1.0
1.0
1.0
1.0
1.0
0.99999976
1.0
1.0
1.0
1.0
1.0
1.0
1.0
1.0
1.0
1.0
1.0
1.0
1.0
1.0
1.0
0.9998803
1.0
1.0
1.0
1.0
1.0
1.0
1.0
1.0
0.99999917
1.0
1.0
1.0
1.0
1.0
1.0
1.0
1.0
1.0
1.0
1.0
1.0
1.0
1.0
1.0
1.0
1.0
1.0
1.0
1.0
1.0
1.0
1.0
1.0
1.0
1.0
1.0
1.0
1.0
0.9999999
1.0
1.0
1.0
1.0
1.0
1.0
1.0
1.0
0.99999976
1.0
1.0
1.0
1.0
0.9999995
1.0
1.0
1.0
1.0
1.0
1.0
1.0
1.0
1.0
1.0
1.0
1.0
1.0
1.0
1.0
0.9999981
1.0
1.0
1.0
1.0
1.0
1.0
1.0
1.0
1.0
1.0
1.0
1.0
1.0
1.0
1.0
1.0
1.0
1.0
1.0
1.0
1.0
1.0
1.0
1.0
1.0
1.0
1.0
1.0
1.0
1.0
1.0
1.0
1.0
1.0
1.0
1.0
1.0
1.0
1.0
1.0
1.0
1.0
1.0
1.0
1.0
1.0
0.9999999
1.0
1.0
1.0
1.0
1.0
1.0
1.0
1.0
1.0
1.0
1.0
1.0
1.0
1.0
1.0
1.0
1.0
1.0
1.0
1.0
1.0
1.0
1.0
1.0
1.0
1.0
1.0
1.0
1.0
1.0
1.0
1.0
1.0
1.0
1.0
1.0
1.0
0.9999722
1.0
1.0
1.0
1.0
1.0
1.0
1.0
1.0
1.0
1.0
1.0
1.0
1.0
1.0
1.0
1.0
1.0
1.0
1.0
1.0
1.0
1.0
1.0
1.0
1.0
1.0
1.0
1.0
1.0
1.0
1.0
1.0
1.0
1.0
1.0
1.0
1.0
1.0
1.0
1.0
1.0
1.0
1.0
1.0
1.0
1.0
1.0
1.0
1.0
1.0
1.0
1.0
1.0
1.0
1.0
1.0
1.0
1.0
1.0
1.0
1.0
1.0
1.0
1.0
1.0
1.0
1.0
0.9999324
1.0
1.0
0.99999976
1.0
1.0
1.0
1.0
1.0
1.0
0.9999999
1.0
1.0
0.9999988
1.0
1.0
1.0
1.0
1.0
1.0
1.0
1.0
1.0
1.0
1.0
1.0
1.0
1.0
1.0
1.0
1.0
1.0
1.0
1.0
1.0
1.0
1.0
0.9999993
1.0
1.0
0.9999995
1.0
1.0
1.0
1.0
1.0
1.0
1.0
1.0
1.0
1.0
1.0
1.0
0.9999999
1.0
1.0
1.0
1.0
1.0
1.0
1.0
1.0
1.0
1.0
1.0
1.0
1.0
1.0
1.0
1.0
1.0
1.0
1.0
1.0
1.0
1.0
0.99985135
1.0
1.0
1.0
1.0
0.9999912
1.0
0.99999845
1.0
1.0
1.0
1.0
1.0
1.0
1.0
1.0
1.0
1.0
0.9999999
1.0
1.0
1.0
1.0
1.0
0.99999666
1.0
1.0
1.0
1.0
1.0
1.0
0.9999999
1.0
1.0
1.0
1.0
1.0
1.0
1.0
1.0
1.0
1.0
1.0
1.0
1.0
1.0
1.0
1.0
1.0
0.99999976
1.0
1.0
1.0
1.0
1.0
1.0
1.0
1.0
1.0
1.0
0.99999976
1.0
0.99999774
1.0
1.0
1.0
1.0
1.0
1.0
1.0
0.99999607
1.0
1.0
1.0
1.0
1.0
1.0
1.0
1.0
1.0
1.0
0.9999765
1.0
1.0
1.0
0.9999999
1.0
1.0
1.0
0.9999999
1.0
1.0
0.99999976
1.0
0.9999999
1.0
1.0
0.9999982
0.9999964
1.0
1.0
1.0
1.0
1.0
0.9999993
1.0
1.0
1.0
1.0
1.0
1.0
1.0
1.0
0.9999982
1.0
1.0
0.99999785
1.0
1.0
1.0
1.0
0.99999964
0.9999999
0.99999285
1.0
1.0
1.0
0.999141
0.9999976
1.0
0.99992204
1.0
0.999931
0.99769044
0.9999709
0.99994004
0.9999999
0.98494947
1.0
1.0
1.0
1.0
0.9803878
0.9999907
0.9999995
1.0
0.99999976
0.99999976
0.9999999
0.9999999
1.0
1.0
1.0
1.0
0.99997175
1.0
1.0
0.99999905
0.9999989
1.0
1.0
0.99999964
0.9999988
0.99999857
1.0
1.0
1.0
0.999998
0.9999987
0.99999976
1.0
1.0
0.9999999
1.0
1.0
0.9999958
0.99999976
1.0
1.0
0.9999902
1.0
1.0
1.0
1.0
1.0
1.0
1.0
0.9997445
1.0
0.97372353
1.0
1.0
1.0
1.0
1.0
1.0
1.0
0.999984
1.0
0.9999964
1.0
1.0
1.0
1.0
1.0
1.0
1.0
1.0
0.9999951
1.0
1.0
0.9999995
0.99999976
1.0
1.0
1.0
1.0
1.0
1.0
1.0
1.0
1.0
1.0
1.0
1.0
1.0
1.0
1.0
0.99997675
1.0
0.9998623
1.0
1.0
1.0
1.0
1.0
1.0
1.0
1.0
1.0
1.0
0.9999939
1.0
1.0
1.0
0.99999964
1.0
1.0
1.0
1.0
1.0
1.0
1.0
1.0
1.0
1.0
1.0
1.0
1.0
1.0
1.0
1.0
1.0
1.0
1.0
1.0
1.0
1.0
1.0
1.0
1.0
0.9999999
1.0
0.9999999
1.0
1.0
0.9996383
1.0
1.0
1.0
1.0
0.99999905
1.0
0.9999999
1.0
1.0
0.9999995
1.0
0.99999917
0.99999964
1.0
1.0
1.0
1.0
1.0
1.0
1.0
1.0
0.9999995
1.0
1.0
1.0
1.0
1.0
1.0
1.0
0.99999976
1.0
1.0
1.0
1.0
1.0
1.0
1.0
1.0
1.0
1.0
1.0
0.99999976
1.0
1.0
1.0
1.0
1.0
1.0
1.0
1.0
1.0
1.0
1.0
1.0
1.0
0.9999951
1.0
0.99999857
1.0
0.99999976
1.0
1.0
1.0
0.99999785
1.0
1.0
0.9999957
1.0
1.0
1.0
1.0
1.0
1.0
1.0
0.9999999
1.0
1.0
1.0
1.0
1.0
1.0
1.0
0.9999956
1.0
1.0
1.0
0.9999901
1.0
1.0
1.0
0.9999999
1.0
1.0
0.9999783
0.99999964
1.0
0.9999951
1.0
1.0
0.9999999
0.99999976
1.0
1.0
1.0
1.0
1.0
0.9999999
1.0
1.0
1.0
1.0
1.0
1.0
1.0
1.0
0.9999999
1.0
1.0
1.0
1.0
1.0
0.99994373
1.0
1.0
1.0
1.0
1.0
1.0
1.0
1.0
1.0
1.0
1.0
1.0
1.0
1.0
1.0
0.9999999
1.0
1.0
1.0
1.0
1.0
1.0
1.0
1.0
1.0
1.0
1.0
1.0
1.0
1.0
1.0
1.0
1.0
1.0
1.0
1.0
1.0
1.0
1.0
1.0
1.0
1.0
1.0
1.0
1.0
1.0
1.0
1.0
1.0
1.0
0.9999999
1.0
1.0
1.0
0.9999993
1.0
1.0
1.0
1.0
1.0
1.0
0.9998952
1.0
1.0
1.0
1.0
1.0
1.0
1.0
1.0
1.0
1.0
1.0
1.0
1.0
1.0
1.0
1.0
1.0
1.0
1.0
1.0
1.0
1.0
1.0
1.0
1.0
0.99999726
1.0
1.0
1.0
1.0
1.0
1.0
0.9999957
1.0
1.0
0.9999999
1.0
1.0
1.0
0.99826556
1.0
1.0
0.9999949
1.0
1.0
0.99996483
1.0
1.0
1.0
0.9999988
1.0
1.0
0.99999976
1.0
1.0
0.9999975
1.0
1.0
0.99999964
1.0
1.0
1.0
1.0
1.0
0.9999999
1.0
1.0
1.0
1.0
1.0
1.0
1.0
0.9999999
1.0
1.0
1.0
1.0
1.0
0.9994512
0.99997663
0.9999745
1.0
0.9968035
0.9999993
1.0
1.0
1.0
1.0
1.0
1.0
1.0
0.99999964
0.9999994
1.0
1.0
1.0
1.0
1.0
1.0
1.0
0.9999995
0.99999964
1.0
0.9991516
1.0
1.0
1.0
1.0
1.0
1.0
1.0
1.0
1.0
0.9999895
1.0
1.0
1.0
1.0
1.0
1.0
1.0
1.0
1.0
1.0
1.0
1.0
1.0
1.0
1.0
1.0
1.0
1.0
1.0
1.0
0.9999988
1.0
1.0
1.0
1.0
1.0
1.0
1.0
1.0
1.0
1.0
1.0
1.0
0.9999994
0.9999956
0.9999974
1.0
0.9999958
0.9999982
1.0
0.99998677
1.0
0.999997
0.99999094
0.9999999
1.0
1.0
1.0
0.99982774
1.0
1.0
0.9999932
1.0
1.0
1.0
1.0
0.9999999
1.0
1.0
1.0
0.9988599
1.0
1.0
1.0
1.0
0.9999999
1.0
1.0
1.0
1.0
0.9999832
1.0
1.0
0.9920872
1.0
1.0
1.0
0.9999999
1.0
1.0
1.0
0.9999969
0.99998796
0.9997712
1.0
1.0
1.0
1.0
1.0
0.9999999
1.0
1.0
1.0
1.0
1.0
1.0
0.9999999
0.9999807
1.0
1.0
1.0
1.0
1.0
0.99999976
1.0
0.99999833
1.0
1.0
1.0
1.0
1.0
1.0
0.99999905
1.0
0.9999956
1.0
1.0
1.0
1.0
1.0
1.0
1.0
1.0
0.9999995
1.0
1.0
1.0
1.0
1.0
1.0
0.90591776
1.0
1.0
1.0
1.0
1.0
1.0
0.9999974
1.0
0.99984586
1.0
1.0
0.9999734
1.0
1.0
1.0
1.0
1.0
1.0
1.0
0.99997234
1.0
1.0
0.99999964
1.0
0.99994993
0.99970645
1.0
1.0
1.0
0.99999774
0.9999987
1.0
0.6725786
1.0
0.99998116
0.99999964
1.0
0.99997747
1.0
0.98815256
0.9999999
1.0
1.0
1.0
0.9999988
1.0
0.94448376
1.0
0.9998636
0.99999976
0.94650364
1.0
1.0
0.99999774
0.7281468
0.999918
1.0
0.9999707
1.0
1.0
1.0
0.99999595
1.0
0.9999999
0.99968135
0.99997115
1.0
0.9999999
1.0
1.0
0.9999988
1.0
1.0
0.9999043
1.0
0.9999703
0.9970125
0.9999988
0.99999845
1.0
1.0
0.9979557
1.0
1.0
1.0
1.0
1.0
1.0
0.9999889
0.9999938
0.9999994
0.3945947
1.0
1.0
1.0
1.0
1.0
1.0
0.99999154
0.9999858
1.0
0.9999999
1.0
0.99999857
0.9982028
0.9998204
0.9999901
1.0
0.9999993
1.0
0.97951424
0.99999726
0.9998653
0.99999857
1.0
0.9999881
1.0
1.0
1.0
1.0
1.0
1.0
0.9999999
1.0
0.9999994
0.9999994
0.99996996
1.0
0.99998796
1.0
1.0
1.0
0.9999995
1.0
1.0
0.9999999
0.9999999
0.99999964
0.999998
1.0
1.0
0.99999356
0.99998176
0.9999987
0.99999976
0.9990262
1.0
1.0
0.9999442
1.0
1.0
0.99999976
0.9999856
0.9999219
1.0
1.0
1.0
0.9999999
1.0
1.0
1.0
0.9999968
0.9999914
0.99999833
0.99999976
1.0
0.99999404
0.99604887
0.9999994
1.0
1.0
1.0
1.0
1.0
0.999094
0.9999999
1.0
1.0
1.0
0.9999999
0.98298544
1.0
0.74242777
1.0
1.0
1.0
0.99999976
1.0
1.0
0.99999976
0.9999988
0.99986553
0.9999999
0.9999995
0.9998591
1.0
1.0
1.0
1.0
1.0
1.0
1.0
1.0
1.0
0.7394577
0.9990808
1.0
0.9999976
0.9999999
1.0
1.0
0.99999917
0.9999013
1.0
1.0
0.9999999
1.0
1.0
1.0
1.0
0.9999969
1.0
1.0
0.99760085
1.0
1.0
1.0
0.9999999
1.0
1.0
0.9999999
0.99999976
0.9999999
1.0
1.0
1.0
1.0
1.0
1.0
1.0
0.9999316
0.99999917
1.0
0.99999535
1.0
1.0
1.0
1.0
1.0
1.0
1.0
0.99626046
0.99997926
0.99999964
1.0
1.0
1.0
0.9999999
0.9999999
0.99959487
0.9999999
0.99999976
0.8070534
1.0
1.0
1.0
1.0
0.99997675
0.9999831
1.0
0.9999268
1.0
1.0
1.0
0.9999999
1.0
1.0
1.0
1.0
0.9999962
1.0
1.0
0.9999999
1.0
1.0
1.0
0.99993753
1.0
0.9999999
1.0
1.0
0.99974245
0.9999999
1.0
1.0
0.9999409
1.0
0.9999999
0.9999999
1.0
0.9998847
1.0
0.9999714
0.99995756
1.0
0.9999958
1.0
1.0
1.0
1.0
1.0
1.0
1.0
0.9999999
0.99999964
0.999979
0.9910641
0.99962497
0.9999869
1.0
1.0
1.0
1.0
1.0
0.9999987
1.0
1.0
1.0
0.99999964
1.0
0.9999999
1.0
1.0
1.0
0.99998224
0.9999999
1.0
1.0
1.0
1.0
1.0
1.0
1.0
1.0
1.0
1.0
1.0
1.0
1.0
0.99999976
1.0
0.9999999
0.99998677
0.9997924
1.0
1.0
1.0
0.9999995
0.9999999
1.0
1.0
1.0
1.0
1.0
1.0
0.9999999
1.0
0.99999976
1.0
1.0
1.0
1.0
1.0
1.0
1.0
1.0
1.0
0.9999993
1.0
1.0
1.0
0.99999964
0.9999672
0.9999999
1.0
1.0
1.0
0.9999993
0.99999976
1.0
0.99999666
1.0
0.99999976
0.9999993
0.7854953
1.0
1.0
1.0
1.0
1.0
1.0
1.0
1.0
1.0
1.0
0.9999999
1.0
1.0
1.0
1.0
1.0
1.0
