1.0
0.9999999
1.0
1.0
1.0
1.0
0.99999833
0.9999994
0.9395021
0.9999999
1.0
1.0
0.9999987
1.0
1.0
0.9999999
0.99999917
1.0
0.9988471
1.0
1.0
0.99999917
1.0
1.0
1.0
1.0
1.0
1.0
0.9999994
1.0
1.0
0.9999995
1.0
0.99999917
0.9999999
1.0
0.9999999
1.0
0.999992
1.0
1.0
0.9999989
1.0
0.99998903
0.99998677
1.0
0.9999931
1.0
0.9999994
1.0
1.0
1.0
1.0
1.0
1.0
1.0
1.0
1.0
0.9999999
0.99999523
0.99999964
1.0
0.998334
0.9999993
1.0
0.9999988
1.0
0.9999949
1.0
1.0
0.9999993
1.0
1.0
0.9999794
1.0
1.0
1.0
1.0
0.99999726
0.9999993
0.9999999
1.0
1.0
1.0
1.0
1.0
1.0
0.9999361
1.0
1.0
1.0
1.0
0.99595803
0.99999964
1.0
0.99897563
0.9999628
0.99999976
0.9999999
1.0
1.0
1.0
1.0
1.0
0.99990094
0.9999999
1.0
0.99999976
0.99999905
1.0
1.0
0.9999949
1.0
1.0
1.0
0.5522968
0.9999994
1.0
0.99999547
0.99999857
1.0
0.99987257
1.0
1.0
0.9999783
0.99969184
0.99999535
1.0
1.0
1.0
1.0
1.0
0.9999995
1.0
1.0
1.0
1.0
1.0
1.0
0.99945956
1.0
1.0
0.99999976
1.0
1.0
1.0
1.0
1.0
1.0
0.99428684
0.99999917
0.92726475
1.0
1.0
1.0
1.0
1.0
1.0
0.99997854
1.0
0.99972266
1.0
1.0
1.0
1.0
1.0
1.0
0.9999076
1.0
1.0
1.0
0.99973196
0.99999976
1.0
1.0
0.9992077
1.0
1.0
1.0
1.0
1.0
1.0
0.9999999
1.0
0.99996674
0.9999949
1.0
1.0
1.0
0.9999994
1.0
0.999998
1.0
0.9695421
1.0
0.99996924
1.0
1.0
1.0
0.99999285
1.0
1.0
1.0
0.99999964
1.0
1.0
0.9999974
0.99999964
1.0
0.99882704
1.0
0.9555512
0.9999999
1.0
0.9999988
1.0
1.0
0.9999213
1.0
1.0
1.0
0.99999166
1.0
1.0
1.0
1.0
0.9999999
1.0
1.0
0.99999976
1.0
1.0
1.0
1.0
0.9999999
0.99999964
1.0
1.0
1.0
1.0
0.99999964
0.9999796
0.9999994
0.9999807
0.99999976
0.9999988
1.0
0.5025167
1.0
0.9999999
0.99999964
0.9999993
1.0
1.0
1.0
0.9999994
1.0
0.9999999
0.9999999
0.9671716
1.0
1.0
1.0
1.0
0.99964356
1.0
0.99984527
1.0
1.0
0.9999995
0.9999999
1.0
1.0
1.0
1.0
1.0
1.0
1.0
1.0
1.0
0.9999993
1.0
0.9999201
1.0
0.99999857
1.0
0.99999714
0.99997616
1.0
0.9999994
0.9997998
0.99999905
0.9999628
1.0
1.0
1.0
1.0
0.9999937
1.0
1.0
1.0
0.99999976
1.0
0.99999976
1.0
0.9999958
1.0
1.0
0.9999999
1.0
1.0
1.0
1.0
0.99999917
1.0
1.0
0.9999999
0.9999918
0.9999962
1.0
0.9206306
0.9968978
1.0
1.0
0.99990284
0.9999999
0.9773169
1.0
1.0
1.0
1.0
1.0
1.0
0.9999993
1.0
1.0
0.9991416
0.999985
0.99999917
0.9999417
0.70968956
0.99999976
1.0
1.0
1.0
1.0
1.0
0.9999999
1.0
1.0
0.99999976
1.0
0.9999988
1.0
1.0
0.9999999
1.0
0.9999999
0.9958645
0.97885907
0.9999944
1.0
0.9999343
0.99999964
1.0
1.0
0.9999976
1.0
0.9999777
1.0
1.0
1.0
1.0
1.0
1.0
1.0
1.0
1.0
1.0
1.0
0.9999993
0.9891059
1.0
1.0
1.0
1.0
0.99999964
1.0
1.0
0.9999981
1.0
0.9999974
1.0
1.0
0.99999905
0.99999976
1.0
0.9999964
1.0
1.0
0.99999297
1.0
1.0
0.9999989
0.9999987
1.0
0.99999845
1.0
1.0
0.99999416
1.0
0.9998696
0.9999443
1.0
0.99999917
0.9999887
1.0
0.9972385
1.0
1.0
0.9999807
0.9999989
0.99999917
1.0
1.0
1.0
1.0
1.0
1.0
1.0
1.0
0.9999999
0.9999968
1.0
1.0
0.9999995
1.0
1.0
0.9999993
0.99999976
1.0
1.0
1.0
1.0
0.99993217
0.68241143
0.99999964
0.58172435
0.99996495
0.5876263
0.99999654
1.0
0.9999999
1.0
0.9999931
1.0
0.9999727
0.9999981
1.0
0.99999964
0.9997986
1.0
1.0
1.0
0.99999595
0.9999999
1.0
1.0
0.9999685
0.99999297
1.0
0.9999982
1.0
1.0
1.0
0.9999999
1.0
1.0
0.9999888
0.9999105
1.0
1.0
0.9999994
1.0
1.0
1.0
1.0
0.9999999
1.0
1.0
0.999972
0.9999993
0.999998
1.0
1.0
0.4123678
1.0
0.99992704
1.0
0.99999976
1.0
1.0
0.9999994
1.0
1.0
1.0
1.0
0.9999999
0.999982
1.0
0.9999988
0.99998784
1.0
1.0
1.0
0.9999999
1.0
1.0
1.0
1.0
1.0
0.99999976
1.0
0.99999833
1.0
1.0
1.0
1.0
0.9999893
1.0
0.99982846
1.0
1.0
1.0
0.99999964
1.0
0.9999759
1.0
1.0
1.0
1.0
1.0
0.99999225
0.99265796
1.0
0.9999999
1.0
0.999995
1.0
1.0
0.9999999
0.97764754
0.9988558
1.0
1.0
1.0
1.0
0.9999939
1.0
0.99999666
1.0
0.9999919
1.0
1.0
1.0
1.0
1.0
1.0
0.9999999
0.99999857
1.0
0.9921091
1.0
1.0
1.0
1.0
1.0
1.0
1.0
1.0
1.0
0.9999995
0.94592035
0.9618566
1.0
1.0
1.0
1.0
0.99999964
1.0
1.0
0.9973447
1.0
0.9999919
0.9999999
1.0
1.0
0.99999523
0.9999999
0.99999976
1.0
1.0
1.0
1.0
1.0
0.9999999
1.0
1.0
1.0
1.0
1.0
0.99999785
1.0
0.99977547
1.0
1.0
0.99999976
1.0
0.9999001
0.99938226
1.0
1.0
1.0
0.9999999
0.99987996
0.99349207
1.0
1.0
1.0
0.9999925
0.99999857
1.0
1.0
1.0
1.0
0.99992573
1.0
0.99999976
1.0
1.0
0.9999999
1.0
0.999997
1.0
1.0
0.9997346
0.93149954
1.0
1.0
0.9999999
0.99999845
1.0
1.0
1.0
1.0
1.0
1.0
1.0
0.9999883
0.5338511
1.0
0.9999999
1.0
1.0
1.0
1.0
0.99999976
0.999961
1.0
1.0
0.9999999
0.9999907
1.0
1.0
0.8428692
1.0
0.9999478
0.9999999
0.99999964
1.0
1.0
0.99999964
1.0
0.99999976
0.6999718
1.0
1.0
1.0
0.9999975
0.9995167
1.0
0.99696285
1.0
1.0
1.0
1.0
0.9999975
1.0
0.9999845
0.9999918
0.9999994
1.0
1.0
1.0
1.0
1.0
1.0
0.9999894
1.0
1.0
1.0
1.0
0.99999917
1.0
1.0
0.99999964
0.9823841
0.96979773
1.0
1.0
0.9994642
0.99999976
1.0
0.9999968
1.0
1.0
0.9840995
1.0
0.9999945
1.0
0.9999999
1.0
1.0
1.0
1.0
1.0
0.9999994
0.99999917
0.99981016
0.9999987
0.92323
0.9999956
1.0
0.9999999
1.0
1.0
0.9999981
1.0
0.9999994
1.0
1.0
1.0
1.0
1.0
1.0
1.0
1.0
1.0
1.0
0.9999999
0.9998647
0.9999372
0.99993384
0.9999999
1.0
1.0
0.99999976
1.0
1.0
1.0
1.0
0.9999999
1.0
1.0
1.0
1.0
1.0
1.0
1.0
1.0
0.9999827
0.99997854
1.0
1.0
1.0
0.9999862
0.9998654
1.0
1.0
0.9999939
0.9999999
0.9999956
1.0
1.0
1.0
1.0
1.0
0.9998336
1.0
1.0
0.9999906
1.0
1.0
1.0
0.99999845
1.0
1.0
1.0
1.0
1.0
0.99999976
1.0
1.0
0.9956269
1.0
1.0
0.9999958
0.9999988
1.0
1.0
1.0
1.0
0.9999999
0.99999976
1.0
1.0
1.0
1.0
1.0
0.9998167
1.0
1.0
1.0
0.99999905
1.0
1.0
1.0
0.9999999
1.0
0.99998057
1.0
1.0
0.9999994
1.0
0.99909735
1.0
0.98981744
1.0
1.0
1.0
1.0
1.0
1.0
1.0
0.9999999
1.0
1.0
0.9999763
1.0
0.9999999
1.0
1.0
1.0
0.9999987
1.0
1.0
0.9999573
1.0
1.0
1.0
0.9996201
1.0
1.0
1.0
0.99999976
0.99999905
1.0
0.99996865
0.9999999
1.0
0.99999964
0.9807686
0.8550615
0.97573584
1.0
0.9999943
1.0
1.0
0.99999917
1.0
1.0
1.0
1.0
1.0
1.0
0.99932766
0.9999975
1.0
0.9999994
1.0
0.9999895
1.0
0.9982951
0.9999852
1.0
1.0
0.99999976
1.0
1.0
0.99993324
1.0
1.0
1.0
0.99999774
1.0
1.0
0.999801
1.0
0.99999905
1.0
1.0
1.0
1.0
1.0
0.9907099
1.0
1.0
1.0
0.99999833
1.0
1.0
1.0
0.9999999
1.0
1.0
0.9999999
0.99984646
1.0
0.9961976
0.99933165
0.9999913
1.0
0.99999917
0.9999995
1.0
1.0
1.0
0.90763867
1.0
0.9999999
0.9998361
0.99999726
0.9999995
1.0
1.0
0.9999862
0.9713477
1.0
0.99975413
1.0
1.0
1.0
0.9999987
1.0
1.0
0.9138176
0.9999994
1.0
1.0
0.9998061
0.9999987
1.0
1.0
1.0
1.0
1.0
1.0
1.0
1.0
1.0
1.0
1.0
0.9999926
1.0
1.0
1.0
0.9999999
1.0
1.0
1.0
1.0
1.0
0.99999976
1.0
0.99999845
0.9999229
1.0
1.0
1.0
0.9999982
1.0
1.0
0.99999785
0.9999982
0.99999976
1.0
0.9999852
1.0
1.0
1.0
0.9999995
1.0
0.99999917
1.0
0.9919219
1.0
1.0
0.99999964
1.0
1.0
1.0
0.99968827
0.999918
1.0
1.0
1.0
0.99999785
1.0
1.0
1.0
1.0
0.99999964
0.98982507
0.71784085
1.0
0.9999999
1.0
1.0
1.0
0.7407569
1.0
1.0
1.0
1.0
0.9998178
0.9976185
1.0
1.0
1.0
1.0
0.99991286
0.9999938
1.0
1.0
1.0
1.0
0.9999995
1.0
1.0
1.0
1.0
0.9999999
0.99989235
1.0
1.0
1.0
1.0
1.0
0.999998
1.0
1.0
1.0
0.9999975
0.9999999
1.0
1.0
1.0
0.9999995
1.0
1.0
0.9999999
0.99892396
0.99999785
1.0
1.0
1.0
0.9999988
1.0
0.9999999
0.9999995
0.9999976
1.0
1.0
1.0
1.0
1.0
1.0
1.0
1.0
1.0
1.0
0.99994063
1.0
0.9999999
1.0
1.0
1.0
0.99822015
0.99999607
1.0
1.0
1.0
0.9069642
1.0
0.99403775
1.0
1.0
0.9999995
1.0
0.99999166
1.0
0.9999938
0.99999774
1.0
1.0
1.0
1.0
1.0
0.9999757
1.0
0.999995
1.0
1.0
0.9999999
1.0
1.0
1.0
1.0
0.9999597
1.0
1.0
0.9999999
1.0
0.9999995
1.0
0.99999964
0.99999
0.99990475
1.0
1.0
1.0
0.9999999
0.9999999
0.99999416
0.9999999
1.0
0.9999945
0.9999999
1.0
1.0
1.0
0.9999999
1.0
1.0
0.9999989
1.0
0.999962
1.0
1.0
0.9999187
1.0
1.0
1.0
0.9999794
1.0
1.0
1.0
1.0
0.9999411
1.0
1.0
0.9957308
0.73883414
1.0
0.9999994
1.0
1.0
0.99999976
1.0
1.0
1.0
0.9994991
0.9967533
1.0
1.0
1.0
1.0
1.0
0.9999999
0.9999995
0.99999976
1.0
0.9986085
1.0
0.99994123
1.0
0.9978915
1.0
0.9999999
0.99999046
1.0
1.0
0.9999758
1.0
1.0
1.0
0.9999329
0.99999964
1.0
1.0
1.0
0.99999976
1.0
0.9999999
0.99851996
1.0
0.98267245
1.0
0.9999981
1.0
1.0
1.0
0.9848748
0.99999905
1.0
0.99999964
1.0
0.9999988
1.0
0.9999989
1.0
0.99999976
0.990531
0.9999888
0.9999982
1.0
1.0
0.82650447
0.9997271
1.0
1.0
0.99992955
0.9999993
1.0
1.0
1.0
0.9998092
1.0
1.0
0.9999993
0.9829888
1.0
1.0
0.9979988
0.999997
1.0
0.99999976
1.0
1.0
0.9999999
0.99999976
1.0
0.99999833
0.9999914
0.9999914
1.0
1.0
0.9999999
1.0
0.9995403
1.0
0.9990631
0.9999721
0.9999999
1.0
1.0
1.0
1.0
1.0
0.9997662
0.9999819
1.0
0.9998735
1.0
1.0
1.0
0.99998033
1.0
1.0
0.99885404
1.0
0.9999783
0.99999976
0.9999999
1.0
1.0
1.0
0.99999976
1.0
1.0
0.99999785
0.9999988
1.0
1.0
1.0
0.999998
1.0
1.0
1.0
0.66294724
1.0
1.0
1.0
1.0
1.0
1.0
0.9812308
0.9999999
0.9958424
1.0
0.9999925
0.999984
1.0
1.0
0.99998856
1.0
1.0
0.90326405
1.0
0.9994417
1.0
1.0
1.0
1.0
0.9999956
0.9999999
1.0
0.99999976
0.9999989
1.0
1.0
1.0
0.99998415
1.0
1.0
0.9999999
0.99999917
0.9999999
1.0
1.0
1.0
1.0
1.0
1.0
0.9865449
0.9999902
1.0
1.0
1.0
1.0
1.0
1.0
1.0
1.0
1.0
1.0
1.0
0.99999106
0.9999908
1.0
1.0
1.0
1.0
1.0
1.0
0.99955827
1.0
1.0
1.0
1.0
1.0
0.9990783
1.0
0.55275714
0.99766326
0.9999449
1.0
0.99999845
1.0
1.0
0.9999999
1.0
0.99999475
0.9998155
1.0
1.0
0.9999999
1.0
1.0
0.999998
1.0
0.9999999
1.0
1.0
0.91413766
0.99621236
1.0
0.99999964
1.0
1.0
1.0
1.0
0.9999999
0.9999639
1.0
0.9996866
1.0
0.99999785
0.9999995
0.9999665
1.0
0.9999994
1.0
0.99999964
1.0
0.99993587
0.99982363
0.9999981
0.9997931
0.99999917
0.99915075
0.9999987
1.0
1.0
0.99993396
1.0
1.0
0.9999999
1.0
1.0
1.0
1.0
1.0
0.9999751
0.9999999
1.0
1.0
1.0
0.9999999
0.96579903
1.0
1.0
0.99999917
0.9999999
0.9999999
0.99999976
0.9999995
0.9999999
0.9999999
0.9999969
1.0
1.0
0.9999994
1.0
1.0
0.9999999
1.0
1.0
1.0
1.0
1.0
0.9999999
0.9996778
1.0
1.0
1.0
1.0
1.0
1.0
1.0
1.0
1.0
0.99996996
1.0
0.99999714
1.0
0.9999993
1.0
1.0
1.0
0.9990048
0.9999999
1.0
1.0
1.0
0.99999976
1.0
1.0
0.99999535
0.9999676
0.9999994
0.9999999
1.0
1.0
0.99999833
1.0
0.99999917
1.0
1.0
1.0
0.9857039
1.0
0.783516
0.99999607
1.0
0.99999976
1.0
0.9806911
1.0
1.0
0.5648316
0.9999943
1.0
1.0
1.0
1.0
0.99999976
1.0
1.0
1.0
1.0
1.0
1.0
0.99992096
1.0
1.0
1.0
0.999997
1.0
0.95753336
1.0
0.999915
1.0
0.98626673
0.9922254
1.0
1.0
1.0
0.9999933
0.9997304
1.0
1.0
0.99999964
1.0
1.0
1.0
0.9999994
1.0
1.0
0.9896459
0.99997413
1.0
1.0
1.0
1.0
1.0
1.0
1.0
1.0
0.99999857
1.0
0.9998909
1.0
0.999998
1.0
1.0
1.0
0.99999523
1.0
0.9999999
1.0
1.0
0.99999976
1.0
0.9999999
0.99998367
1.0
0.99999976
1.0
1.0
0.99971324
0.9999999
1.0
1.0
1.0
1.0
1.0
0.9999691
1.0
0.99713326
1.0
0.9555473
1.0
1.0
0.9999964
1.0
1.0
1.0
0.9999982
1.0
0.9999989
0.56395143
1.0
1.0
0.9999999
1.0
0.9999974
0.9999994
1.0
1.0
1.0
0.99999905
1.0
1.0
0.99987316
1.0
1.0
0.9999591
1.0
1.0
0.9999995
0.96912384
1.0
1.0
1.0
1.0
1.0
1.0
0.99999475
1.0
0.99999976
1.0
1.0
1.0
0.9963425
0.9999999
1.0
1.0
1.0
1.0
0.9999896
1.0
1.0
1.0
1.0
1.0
1.0
1.0
1.0
1.0
0.9999913
0.99268603
0.9999999
0.9981845
1.0
1.0
0.99978083
1.0
0.99296486
1.0
1.0
0.66189045
0.99995196
1.0
1.0
1.0
0.9783256
1.0
1.0
0.9999902
0.9999999
0.9999949
1.0
1.0
1.0
0.9999962
0.99999666
1.0
1.0
1.0
1.0
0.9999882
0.9999999
1.0
1.0
1.0
1.0
0.99999726
1.0
0.39540052
1.0
1.0
0.99999976
1.0
1.0
1.0
0.9997272
0.69887954
0.9998779
1.0
1.0
0.9995715
0.99809426
1.0
1.0
0.9999975
1.0
1.0
1.0
1.0
0.999998
1.0
1.0
1.0
1.0
1.0
1.0
0.94229555
1.0
1.0
1.0
0.9999999
1.0
0.9999999
1.0
1.0
1.0
1.0
0.9989023
0.9999999
1.0
0.99997616
1.0
1.0
0.98665166
0.9999994
1.0
1.0
0.99999976
0.99999964
1.0
0.99999845
0.9999999
1.0
1.0
1.0
1.0
0.9999999
1.0
0.99999976
1.0
1.0
0.9971167
0.9999683
0.9999981
1.0
1.0
1.0
1.0
1.0
1.0
0.9999999
0.99995387
0.9999999
1.0
0.9999865
1.0
1.0
0.99999976
1.0
0.91720676
1.0
1.0
0.99999785
1.0
1.0
1.0
1.0
1.0
1.0
0.9896031
0.9999715
1.0
1.0
1.0
1.0
1.0
0.99999976
0.9973786
0.99969864
1.0
0.9999982
1.0
0.999998
0.9999999
1.0
0.99999857
1.0
1.0
0.99999607
1.0
1.0
0.9998634
0.99999917
1.0
1.0
0.9999999
1.0
0.99974316
1.0
1.0
0.9999989
1.0
0.9999863
1.0
1.0
1.0
1.0
1.0
0.9999993
1.0
1.0
1.0
0.9999993
0.9999999
1.0
1.0
0.999793
1.0
0.9999938
1.0
0.9999999
0.99999976
0.9999938
1.0
1.0
0.9999721
0.9999893
1.0
1.0
1.0
1.0
1.0
1.0
1.0
0.9998424
1.0
1.0
0.99988997
0.9999999
1.0
0.99972576
1.0
1.0
0.99999964
1.0
1.0
1.0
0.97758293
0.9999988
0.99987864
1.0
0.9999999
0.988374
1.0
1.0
1.0
1.0
0.9999957
1.0
1.0
1.0
1.0
1.0
1.0
0.9999993
1.0
1.0
0.9999684
0.9999989
0.99999833
0.9229608
1.0
0.6811179
1.0
1.0
1.0
1.0
1.0
0.9999776
0.9999995
0.9999877
1.0
1.0
1.0
1.0
1.0
1.0
1.0
1.0
1.0
1.0
1.0
1.0
0.9999567
1.0
0.99999976
0.99999917
1.0
0.99999964
0.99999976
0.9999999
1.0
1.0
1.0
1.0
1.0
0.99999976
0.9999933
1.0
0.9999927
0.9999708
1.0
0.9999999
0.9999331
1.0
1.0
0.9999918
0.99999714
0.9999913
1.0
1.0
0.99999535
1.0
0.99998105
0.99996614
0.99942565
1.0
1.0
1.0
1.0
1.0
1.0
0.9999943
1.0
0.99999964
1.0
1.0
0.9999862
0.9999609
0.9999999
1.0
1.0
1.0
1.0
1.0
0.9999999
1.0
1.0
1.0
1.0
0.9999999
0.9963282
1.0
0.9999926
1.0
1.0
0.9956429
0.99999964
0.99999964
0.9999987
1.0
0.9999999
0.99999976
0.99999976
0.9999994
0.99999917
1.0
0.9999107
0.9997397
0.9999989
0.9999962
1.0
1.0
1.0
0.9999999
1.0
1.0
1.0
0.9999988
1.0
1.0
1.0
1.0
0.9999995
1.0
0.96642596
1.0
0.9894945
1.0
1.0
1.0
1.0
0.99999976
0.9997348
0.9999958
1.0
0.99999976
0.99999225
0.99999404
0.9999999
1.0
1.0
0.9999995
1.0
0.9980557
1.0
0.9999819
1.0
1.0
0.94868547
1.0
1.0
0.54442674
0.99975735
0.9999999
1.0
0.999997
0.9999981
0.99999917
1.0
1.0
1.0
0.94624555
1.0
1.0
1.0
1.0
0.9999949
1.0
1.0
1.0
1.0
0.9997662
0.9999999
1.0
0.9999999
1.0
0.9997687
1.0
0.8699805
0.99999917
1.0
1.0
0.9999907
1.0
1.0
1.0
1.0
1.0
1.0
1.0
1.0
1.0
0.99899405
1.0
1.0
1.0
1.0
0.99999917
0.9999833
0.9999989
1.0
0.99193704
0.9999995
1.0
1.0
1.0
0.56622386
0.99999964
1.0
1.0
1.0
1.0
0.99999714
0.99999905
1.0
0.9931003
1.0
0.9629468
1.0
1.0
1.0
0.9994979
1.0
1.0
0.9999863
1.0
0.60602635
1.0
1.0
1.0
0.9999999
1.0
1.0
0.9999889
1.0
1.0
1.0
0.7050623
0.9999989
0.999977
1.0
1.0
1.0
0.97456735
0.99999964
1.0
0.99998784
1.0
1.0
1.0
1.0
1.0
1.0
1.0
1.0
0.99999964
0.99995446
1.0
0.9999994
1.0
1.0
1.0
1.0
1.0
1.0
0.99999857
0.9999989
0.99999964
0.9999993
0.9999907
0.9999995
1.0
1.0
1.0
0.9999825
1.0
0.9999987
0.9999963
1.0
1.0
1.0
1.0
0.9999169
1.0
1.0
1.0
1.0
1.0
1.0
0.9999999
0.942921
1.0
1.0
0.99860954
0.9838949
1.0
0.99999785
0.9940884
1.0
1.0
1.0
0.9999833
0.9999945
0.98865885
1.0
0.99999976
0.9999937
1.0
0.9999876
1.0
1.0
1.0
1.0
1.0
1.0
1.0
1.0
1.0
1.0
1.0
0.9999937
1.0
1.0
0.9998516
0.9999999
1.0
1.0
1.0
1.0
1.0
0.99999976
1.0
0.9999347
0.9980843
1.0
1.0
1.0
1.0
1.0
1.0
0.99999964
1.0
1.0
1.0
1.0
0.9981425
1.0
1.0
1.0
1.0
0.9999999
1.0
1.0
0.99999976
1.0
1.0
1.0
1.0
1.0
1.0
1.0
1.0
0.99999964
1.0
1.0
1.0
1.0
0.9999993
1.0
1.0
1.0
0.9999999
1.0
1.0
0.98650104
1.0
1.0
0.9999982
1.0
1.0
0.99394196
1.0
1.0
1.0
0.99996924
1.0
1.0
0.9999951
0.98155653
1.0
0.9999999
1.0
1.0
1.0
1.0
1.0
0.999998
1.0
1.0
0.9999852
0.9999931
0.86598396
0.9999999
1.0
0.99999845
1.0
0.99990904
0.999943
1.0
1.0
0.9999999
1.0
1.0
1.0
1.0
1.0
0.9985114
1.0
1.0
1.0
1.0
1.0
0.99966013
1.0
1.0
0.9999999
0.99998903
1.0
0.999998
1.0
1.0
1.0
1.0
1.0
0.99987876
0.9999994
1.0
0.9979017
1.0
0.99999905
1.0
1.0
1.0
1.0
1.0
1.0
0.9999802
0.99996924
1.0
0.99999976
0.9999995
0.99822634
1.0
1.0
1.0
1.0
1.0
1.0
1.0
0.99999595
1.0
1.0
1.0
1.0
1.0
1.0
0.99999976
1.0
1.0
1.0
1.0
1.0
1.0
1.0
1.0
1.0
1.0
0.7606095
0.9999938
0.9999951
1.0
1.0
1.0
1.0
1.0
0.9999764
0.99984026
1.0
0.99001616
1.0
0.99999595
1.0
1.0
1.0
0.99999976
0.9997024
0.99999976
1.0
1.0
1.0
1.0
0.9999982
0.99998975
0.9999995
0.9999988
0.9999999
0.9999982
1.0
0.9999982
1.0
1.0
1.0
0.9999988
0.99999714
0.9306822
1.0
0.9999989
1.0
1.0
1.0
0.99999857
1.0
0.93095165
0.9999957
1.0
0.9999256
1.0
1.0
1.0
1.0
0.9999728
1.0
1.0
1.0
0.9998598
1.0
0.9999999
0.99999976
1.0
1.0
1.0
0.99993455
0.99999917
1.0
1.0
0.99878055
0.9999995
1.0
1.0
0.9999893
1.0
1.0
0.9999999
1.0
1.0
0.98877245
0.9999683
0.9999999
0.9999999
1.0
1.0
1.0
0.5763564
0.9998828
1.0
0.999931
1.0
0.99998474
0.9999665
1.0
0.9999708
1.0
0.9999999
1.0
0.99999964
1.0
1.0
1.0
1.0
1.0
0.9999994
0.99999917
0.99999917
1.0
1.0
1.0
1.0
1.0
0.9999951
0.99999964
0.9999999
1.0
1.0
1.0
1.0
1.0
0.8091875
0.9999999
0.9999994
1.0
1.0
1.0
1.0
1.0
0.9998493
1.0
1.0
1.0
1.0
1.0
1.0
1.0
0.9999999
1.0
0.99999976
0.9999746
0.9999958
1.0
1.0
1.0
0.9999969
1.0
0.9901613
0.9999995
0.9995962
1.0
1.0
1.0
1.0
0.99999976
1.0
0.9997017
1.0
0.99998176
0.99878484
1.0
0.99998
1.0
1.0
1.0
0.9970855
0.9999964
0.9800606
1.0
1.0
1.0
1.0
1.0
0.99999976
1.0
1.0
1.0
0.99999964
1.0
1.0
1.0
0.99994814
1.0
1.0
1.0
1.0
1.0
1.0
1.0
0.999998
1.0
1.0
0.99997044
0.9999894
1.0
1.0
1.0
0.99999964
1.0
1.0
1.0
1.0
0.9999871
0.999997
0.99999726
1.0
0.9997002
0.99999976
1.0
1.0
1.0
0.998862
1.0
1.0
1.0
0.9975025
1.0
1.0
1.0
1.0
1.0
1.0
0.99999774
1.0
1.0
1.0
0.9999999
1.0
1.0
0.99999964
0.99774075
0.99999964
1.0
1.0
1.0
1.0
0.99999976
0.99999964
1.0
1.0
0.996046
1.0
0.9999987
0.9996959
0.9999999
1.0
1.0
1.0
1.0
1.0
0.99999964
0.9999788
1.0
0.99999976
1.0
1.0
0.9999999
0.99999964
1.0
1.0
1.0
1.0
1.0
0.999998
0.99783665
1.0
1.0
1.0
0.9995714
1.0
0.99999917
0.99999976
1.0
1.0
0.9999988
1.0
1.0
1.0
0.99999976
1.0
1.0
0.99994254
1.0
1.0
0.9999968
1.0
1.0
0.99968374
1.0
1.0
1.0
1.0
0.98054403
1.0
1.0
1.0
1.0
1.0
1.0
1.0
1.0
0.9995315
1.0
0.99995124
0.9999318
0.9999993
0.9999993
1.0
1.0
1.0
1.0
0.97132283
1.0
1.0
1.0
1.0
0.99999106
0.9999999
0.9999994
0.9999989
1.0
1.0
0.9978257
1.0
1.0
1.0
1.0
1.0
0.9973688
1.0
1.0
0.9999999
1.0
0.99999964
1.0
1.0
1.0
1.0
0.99999964
1.0
1.0
1.0
1.0
1.0
1.0
1.0
0.9999865
1.0
1.0
1.0
1.0
0.9999999
1.0
0.9908506
0.99999833
1.0
1.0
1.0
1.0
1.0
1.0
1.0
1.0
0.9999877
1.0
0.99999344
1.0
1.0
0.9999907
0.99996746
1.0
1.0
1.0
0.9999999
1.0
0.925457
0.99966383
1.0
1.0
1.0
1.0
1.0
0.9999999
0.99999917
0.99999917
1.0
0.9999993
0.9999536
0.9999995
0.99999905
1.0
0.9984006
1.0
0.9993449
0.9999994
1.0
1.0
1.0
1.0
1.0
1.0
1.0
0.9999982
0.99822575
0.94784504
1.0
1.0
1.0
0.9999999
1.0
0.9999994
0.99983704
1.0
0.9990815
0.99999964
0.99999785
1.0
1.0
1.0
1.0
1.0
1.0
1.0
1.0
1.0
1.0
0.9999542
1.0
1.0
1.0
1.0
1.0
1.0
1.0
0.9999999
0.99999344
0.9999882
1.0
0.99999964
1.0
1.0
0.99999964
1.0
0.99916077
0.99999845
0.99999905
1.0
0.9999622
0.9999999
1.0
1.0
0.9995369
1.0
1.0
0.9999999
0.9999999
0.99662256
1.0
0.9999862
1.0
0.99999917
0.9999943
0.9999715
0.9999999
1.0
0.9999999
1.0
1.0
1.0
0.97028714
1.0
1.0
1.0
1.0
1.0
0.9999999
0.99979573
1.0
0.9999999
1.0
0.99998057
1.0
1.0
0.9997695
0.9984779
1.0
1.0
0.99999964
1.0
1.0
1.0
0.9999993
1.0
0.9994752
1.0
1.0
0.9998022
0.9999999
1.0
1.0
1.0
1.0
1.0
1.0
1.0
0.99999976
1.0
1.0
1.0
0.9999975
0.9999995
1.0
1.0
1.0
1.0
0.9999887
1.0
1.0
1.0
1.0
1.0
0.99999964
1.0
1.0
0.9999988
1.0
1.0
0.99982846
1.0
0.9999825
1.0
1.0
1.0
0.99999917
0.9999999
0.99999905
1.0
1.0
1.0
1.0
0.9999927
1.0
0.9999999
0.9999994
1.0
1.0
0.9999976
1.0
0.99965966
0.99999726
1.0
1.0
0.9999957
0.9999993
0.5581549
1.0
1.0
1.0
0.99936646
0.9999987
0.92593837
1.0
0.9999968
0.9885427
1.0
1.0
0.99999976
1.0
1.0
1.0
1.0
0.99946624
0.6056171
0.9999989
1.0
1.0
0.9999994
0.99999964
0.99999607
0.99999964
1.0
1.0
1.0
1.0
0.9999995
0.999895
0.9291087
1.0
1.0
0.9999144
0.9999999
1.0
0.9999871
1.0
0.9999312
1.0
1.0
0.9999999
1.0
0.9999417
1.0
0.9999999
0.9999999
0.9974922
1.0
0.9999987
0.9999999
1.0
1.0
0.99999774
1.0
1.0
0.9999093
1.0
0.9999999
1.0
1.0
1.0
1.0
0.9999795
1.0
1.0
1.0
0.9999896
0.99999785
1.0
0.99998856
1.0
0.98968595
1.0
1.0
1.0
1.0
0.99999833
1.0
1.0
1.0
0.99999535
0.9788496
1.0
0.99999964
1.0
1.0
1.0
1.0
0.99999785
1.0
1.0
1.0
1.0
1.0
1.0
0.9999999
1.0
0.9996406
1.0
0.99991775
1.0
1.0
1.0
1.0
1.0
0.9999995
0.99663204
1.0
1.0
1.0
1.0
1.0
1.0
1.0
1.0
0.99999976
0.9999999
1.0
1.0
1.0
1.0
1.0
1.0
1.0
1.0
1.0
1.0
1.0
1.0
1.0
1.0
1.0
0.99999464
1.0
1.0
0.99986863
0.95248157
1.0
0.9988689
1.0
1.0
1.0
1.0
1.0
1.0
0.9999882
0.99999964
1.0
1.0
0.8986852
1.0
1.0
1.0
1.0
0.9999987
1.0
1.0
1.0
1.0
1.0
0.9999999
1.0
1.0
1.0
1.0
1.0
1.0
1.0
1.0
1.0
1.0
1.0
1.0
1.0
1.0
1.0
0.99975127
1.0
0.99995995
0.99999964
1.0
1.0
0.9999989
1.0
0.9993129
0.9996563
1.0
0.99999976
0.9999999
1.0
0.99984145
0.99999917
1.0
0.999749
0.99999976
1.0
1.0
0.99999905
0.9999763
1.0
0.99999976
1.0
1.0
0.9999999
1.0
0.9903364
0.99992585
1.0
0.99934953
0.99959785
0.9999273
1.0
0.9999994
1.0
0.9999994
1.0
1.0
1.0
0.9999999
1.0
1.0
0.9999963
0.99999285
1.0
1.0
1.0
1.0
1.0
1.0
1.0
1.0
1.0
1.0
0.9990941
1.0
1.0
0.9999572
1.0
1.0
1.0
1.0
1.0
0.9995881
0.9999999
1.0
1.0
1.0
0.9999999
0.9997018
0.99999964
1.0
1.0
0.9999933
1.0
0.99999976
1.0
1.0
0.99999905
1.0
1.0
0.9999988
0.9999999
1.0
1.0
1.0
0.99245423
0.9999994
1.0
0.9999999
1.0
1.0
1.0
0.9995228
1.0
1.0
1.0
1.0
1.0
0.99999964
1.0
1.0
0.99999726
0.9999962
0.99999976
1.0
0.9999999
1.0
1.0
1.0
0.9999541
1.0
1.0
1.0
1.0
0.9998035
1.0
1.0
1.0
0.9999523
1.0
1.0
0.6889722
1.0
1.0
1.0
0.99999976
1.0
1.0
1.0
0.9999999
1.0
0.999984
0.9994141
1.0
0.99998856
0.99999356
0.9999989
1.0
0.99999976
1.0
1.0
1.0
1.0
1.0
1.0
1.0
0.98310673
0.99062026
0.9999994
1.0
0.9999881
1.0
1.0
1.0
1.0
1.0
0.99996436
0.9999995
0.9999989
0.99999
1.0
1.0
0.99999845
0.9999993
1.0
0.99999964
1.0
1.0
1.0
0.99999833
1.0
0.9999999
1.0
0.99999714
1.0
1.0
0.99997973
1.0
1.0
1.0
1.0
1.0
1.0
0.9999995
0.9992944
0.99819946
1.0
0.9999999
1.0
1.0
1.0
1.0
0.9999995
0.9999999
1.0
1.0
1.0
1.0
0.99999666
0.9999993
1.0
0.9999999
1.0
1.0
1.0
1.0
1.0
1.0
0.99999833
1.0
1.0
1.0
0.99983656
0.9999957
0.9999994
0.9999999
1.0
0.9999856
1.0
0.9999999
1.0
1.0
0.99998236
1.0
0.9999995
0.999905
0.9968923
0.99999976
1.0
0.9999949
1.0
1.0
0.9918066
0.99989474
0.99999905
1.0
1.0
1.0
0.9999914
1.0
0.9999721
0.9999993
1.0
0.9999932
1.0
1.0
0.99999976
1.0
0.9999999
1.0
1.0
1.0
0.99999964
1.0
0.99999976
1.0
1.0
0.99998415
1.0
1.0
0.9999796
0.999992
1.0
0.99999976
1.0
0.9998901
1.0
1.0
0.9999999
0.9999771
1.0
0.9999999
0.9999987
0.9999244
1.0
1.0
1.0
1.0
1.0
1.0
0.8501859
1.0
1.0
1.0
0.9980254
1.0
1.0
0.99999964
0.9999999
1.0
0.9999447
1.0
1.0
1.0
1.0
1.0
1.0
0.99999976
0.9999999
1.0
1.0
1.0
1.0
1.0
1.0
1.0
0.99999917
0.99999964
0.9999862
1.0
0.99999845
0.99999976
0.99999905
1.0
0.9999995
1.0
1.0
1.0
0.8442
0.9999994
1.0
0.9999976
0.9999999
1.0
1.0
0.9999964
0.9999987
1.0
0.9999999
1.0
1.0
1.0
1.0
1.0
1.0
1.0
1.0
0.97973335
0.99999964
1.0
1.0
1.0
1.0
0.99999857
0.99999654
1.0
0.99999976
0.99820507
1.0
0.9999969
1.0
1.0
1.0
0.99996626
1.0
0.9999994
0.9999809
1.0
1.0
1.0
0.9999949
1.0
1.0
1.0
0.9999944
1.0
1.0
1.0
1.0
1.0
0.99985826
0.99951553
1.0
1.0
0.99999976
1.0
1.0
1.0
1.0
0.99999905
1.0
1.0
1.0
1.0
0.9999999
0.99999976
0.99999964
0.9999883
1.0
1.0
0.99999905
1.0
1.0
1.0
0.9999968
1.0
1.0
1.0
1.0
0.98279804
1.0
1.0
0.999998
1.0
1.0
0.9999702
1.0
0.99588376
1.0
1.0
1.0
1.0
1.0
1.0
0.99999297
1.0
0.99781173
1.0
0.99998677
1.0
1.0
0.9997768
1.0
1.0
1.0
0.9999912
1.0
1.0
1.0
0.9998252
0.70524067
1.0
0.99999905
0.99999976
1.0
1.0
0.9999993
0.99999976
1.0
0.9999999
1.0
1.0
1.0
0.99999976
1.0
1.0
0.9990677
1.0
0.99999905
1.0
1.0
0.99999905
1.0
0.9999964
0.44792792
0.99918884
1.0
1.0
1.0
1.0
1.0
0.9999994
0.9999999
0.9999927
1.0
1.0
1.0
0.9998809
1.0
0.9999988
0.9999013
0.9999796
1.0
0.9999999
1.0
1.0
0.9953264
1.0
0.9999999
1.0
1.0
0.99996173
1.0
1.0
1.0
0.9999926
1.0
0.9999906
0.99999857
1.0
1.0
1.0
0.9999999
0.99769175
0.99992824
0.97964877
0.99996316
0.99907565
1.0
1.0
0.99999964
1.0
1.0
1.0
1.0
1.0
1.0
1.0
1.0
1.0
1.0
0.99999976
1.0
1.0
0.999816
1.0
1.0
1.0
1.0
0.9999999
1.0
1.0
0.95046246
1.0
1.0
0.999992
1.0
1.0
0.9999999
1.0
1.0
0.9999988
0.99999905
1.0
1.0
1.0
0.99999976
1.0
1.0
1.0
1.0
1.0
0.99999917
0.99999964
1.0
1.0
1.0
1.0
1.0
0.9999987
1.0
0.99999964
1.0
1.0
0.99993885
1.0
1.0
1.0
0.9977483
1.0
0.99999964
0.9999999
1.0
1.0
1.0
0.9999999
1.0
1.0
0.9999709
1.0
1.0
1.0
1.0
1.0
1.0
1.0
1.0
0.91831076
1.0
1.0
1.0
1.0
1.0
1.0
0.99999464
1.0
0.9999788
1.0
1.0
1.0
0.9999869
1.0
1.0
1.0
1.0
1.0
1.0
1.0
0.9827137
1.0
1.0
1.0
0.9999925
1.0
1.0
1.0
0.9999833
1.0
1.0
1.0
0.99999976
1.0
1.0
1.0
0.9958475
1.0
1.0
0.99998736
1.0
1.0
0.99999964
0.9999999
0.9818778
0.97192466
0.9999999
0.9999815
0.9996006
1.0
1.0
1.0
1.0
1.0
0.9999995
1.0
1.0
0.9997211
1.0
1.0
0.9999894
1.0
1.0
1.0
0.9999999
1.0
0.9999931
0.99977714
1.0
0.9920406
1.0
1.0
0.9999993
0.9999671
0.9999994
0.9999999
1.0
1.0
1.0
1.0
0.9906412
0.99999976
1.0
0.9999999
0.9991935
0.8803856
1.0
1.0
1.0
1.0
1.0
1.0
1.0
1.0
0.99999106
1.0
0.38337317
1.0
0.99690175
1.0
0.999985
0.99999976
1.0
0.99999475
0.9999999
1.0
1.0
0.9999999
0.99999964
0.99999905
1.0
1.0
0.9883292
0.9999995
0.99539644
1.0
1.0
0.99997246
1.0
0.99999595
1.0
1.0
1.0
1.0
0.98408103
1.0
0.9969584
1.0
0.9999999
0.997265
1.0
1.0
1.0
1.0
1.0
0.999997
0.9986858
1.0
0.9999981
0.99206233
1.0
1.0
1.0
1.0
1.0
1.0
1.0
1.0
1.0
0.9999732
1.0
1.0
1.0
1.0
0.99992263
1.0
0.9999263
1.0
0.9999982
1.0
1.0
1.0
1.0
1.0
0.9999994
1.0
1.0
1.0
0.8844378
1.0
1.0
0.5554395
0.9999999
0.9999925
0.9999726
1.0
1.0
0.9990096
1.0
0.99999964
0.9999902
1.0
1.0
1.0
1.0
0.9999988
1.0
0.99994445
0.9999999
0.9999987
1.0
1.0
1.0
1.0
0.9999887
1.0
0.999998
0.99998677
1.0
0.9999999
1.0
1.0
0.9999975
0.9999988
1.0
1.0
1.0
1.0
1.0
1.0
1.0
0.57558656
1.0
1.0
1.0
1.0
0.9999989
1.0
1.0
1.0
0.9991671
1.0
1.0
1.0
0.65727806
1.0
0.9999999
0.9999999
1.0
1.0
1.0
0.9999982
1.0
1.0
1.0
1.0
0.9999995
1.0
1.0
1.0
1.0
1.0
0.99999833
1.0
0.9999039
1.0
1.0
1.0
1.0
1.0
1.0
1.0
1.0
1.0
1.0
1.0
1.0
0.9999243
0.99999416
0.7334281
0.9999989
0.9995819
1.0
1.0
0.9999312
1.0
1.0
1.0
0.99999964
0.99966073
1.0
1.0
0.99999976
1.0
1.0
1.0
1.0
1.0
1.0
0.9999999
0.9999633
1.0
1.0
1.0
0.99999857
0.99999976
0.75958234
0.99998295
0.9999999
0.9999318
0.9999999
1.0
1.0
1.0
0.9943105
1.0
0.99999905
1.0
1.0
1.0
0.9999994
1.0
0.99998486
0.9999522
0.99999714
0.9999993
1.0
1.0
1.0
1.0
1.0
1.0
0.9999994
0.9999757
1.0
0.99995375
1.0
1.0
0.999869
0.9999981
1.0
1.0
1.0
1.0
1.0
0.51143575
1.0
1.0
1.0
1.0
0.9999999
1.0
1.0
0.9998834
1.0
0.973505
0.9994424
1.0
1.0
1.0
0.99999666
1.0
1.0
1.0
1.0
0.97879344
1.0
0.99998784
0.999974
0.9999999
1.0
1.0
1.0
1.0
1.0
0.9999964
1.0
1.0
1.0
1.0
1.0
1.0
1.0
1.0
1.0
0.99999344
0.99999833
1.0
1.0
1.0
0.9999206
0.9996692
1.0
1.0
0.99999547
1.0
1.0
0.99999964
1.0
1.0
1.0
0.99601537
1.0
0.998131
1.0
1.0
1.0
1.0
1.0
0.9996132
1.0
1.0
0.9999994
0.9248485
1.0
0.9999999
0.55614364
1.0
1.0
1.0
1.0
1.0
1.0
1.0
0.99999535
1.0
0.9999968
1.0
1.0
0.9999999
1.0
0.9999964
1.0
1.0
1.0
1.0
1.0
0.9999814
0.99999917
1.0
0.9999484
1.0
1.0
1.0
1.0
1.0
1.0
1.0
1.0
0.99861944
1.0
0.9999999
0.99999976
1.0
0.9999877
0.9999989
1.0
1.0
0.9999994
1.0
0.99999976
0.9999995
0.9999994
0.9999722
0.9996805
1.0
1.0
1.0
1.0
0.99999166
1.0
1.0
0.99999976
1.0
1.0
0.99999964
1.0
0.9999987
0.99998677
0.9999999
0.99972886
1.0
1.0
0.9999999
0.99999654
0.9999999
0.99998176
0.9999975
1.0
0.99999905
0.9999516
1.0
0.999411
1.0
0.9999515
1.0
0.99996364
0.99999976
1.0
1.0
1.0
0.99885213
1.0
1.0
1.0
0.99999976
1.0
1.0
1.0
0.9999945
1.0
1.0
0.9999993
1.0
0.87703973
0.9999863
0.9999993
1.0
0.99999547
1.0
0.99999285
0.9999993
0.99999917
0.99999905
1.0
1.0
1.0
1.0
1.0
1.0
0.99999964
0.9999999
0.99999356
1.0
0.99999475
1.0
0.99999917
0.99870944
1.0
0.9947478
0.99999964
1.0
1.0
0.7069717
1.0
1.0
0.9999999
1.0
1.0
0.99988186
0.99993646
1.0
1.0
1.0
0.9999999
1.0
1.0
1.0
1.0
0.99999785
1.0
0.99998367
0.9978935
1.0
1.0
1.0
1.0
1.0
1.0
1.0
1.0
1.0
1.0
1.0
1.0
0.9999993
0.9994128
0.999998
1.0
1.0
1.0
0.9999994
0.9999981
0.9999999
1.0
1.0
0.63098747
1.0
1.0
1.0
1.0
1.0
0.9999999
0.9988758
0.7033645
1.0
1.0
0.99996674
0.99997604
0.999998
1.0
0.99999976
1.0
0.8284376
0.9999993
1.0
0.9999988
0.99999154
1.0
0.9766003
1.0
1.0
1.0
1.0
1.0
0.99999976
1.0
1.0
1.0
0.99999976
1.0
0.9999999
0.9254563
0.99999833
0.99999976
0.99998105
1.0
0.9395873
1.0
1.0
1.0
0.9999876
0.9999819
1.0
1.0
0.9958377
0.9999958
0.99999917
0.9983517
0.9999994
0.99999976
1.0
1.0
1.0
0.99987054
1.0
0.99999917
1.0
1.0
1.0
1.0
0.99999833
0.9999995
0.9992156
1.0
0.99998593
1.0
1.0
1.0
1.0
1.0
0.9999999
1.0
0.9999969
1.0
0.99999976
1.0
0.9999901
0.99999857
1.0
1.0
0.99999964
1.0
1.0
1.0
1.0
1.0
0.9999999
1.0
0.9999995
1.0
0.9999999
0.68152136
1.0
0.9999999
1.0
1.0
0.9999995
0.99993956
1.0
1.0
1.0
1.0
0.9999995
1.0
0.9999927
0.9999999
0.9994848
0.99925417
1.0
1.0
0.9999629
1.0
1.0
1.0
0.9999982
0.9999987
0.94155055
1.0
1.0
1.0
1.0
0.99997365
1.0
1.0
0.99999976
1.0
1.0
0.99997973
1.0
0.8396005
0.9999976
0.99267936
1.0
1.0
0.9999982
1.0
1.0
0.9999989
0.99999833
1.0
0.9999963
1.0
1.0
1.0
1.0
1.0
0.9999994
0.9954347
0.9999924
1.0
0.99935216
1.0
0.99997234
1.0
1.0
0.99999845
1.0
1.0
1.0
1.0
0.9999993
1.0
0.99999905
1.0
1.0
1.0
0.9999988
1.0
0.99999535
0.9999999
1.0
0.9999993
0.9918932
1.0
0.99999964
1.0
0.9999292
1.0
1.0
1.0
0.99779403
0.9999993
0.9998016
0.9999999
0.9998833
0.99999905
0.9999999
0.99999976
1.0
0.9999994
0.85890806
1.0
1.0
1.0
1.0
1.0
0.9999993
1.0
0.9998827
1.0
1.0
0.99447095
0.99999845
1.0
1.0
1.0
1.0
0.9999949
1.0
1.0
0.999995
1.0
0.9999994
1.0
1.0
1.0
0.9999999
1.0
1.0
1.0
1.0
1.0
1.0
1.0
0.9935455
1.0
0.999998
0.9999999
0.99999976
0.99999917
0.9999994
1.0
1.0
1.0
0.9991278
0.9999894
0.9999989
1.0
1.0
1.0
1.0
0.99997056
1.0
1.0
0.98568743
0.9997454
1.0
0.98732555
1.0
1.0
0.9999987
0.99645376
0.9998068
0.9999999
0.9929311
1.0
0.9999999
1.0
0.9956547
1.0
0.99999917
1.0
1.0
1.0
1.0
1.0
0.99999833
1.0
0.99980825
1.0
1.0
1.0
1.0
1.0
1.0
0.99999976
1.0
1.0
1.0
1.0
1.0
0.99999857
1.0
0.64053035
1.0
0.9999999
1.0
0.9999262
1.0
1.0
0.9999989
1.0
1.0
1.0
0.99596584
0.99982053
1.0
0.99999976
0.99991834
1.0
1.0
0.9999939
0.9999999
1.0
1.0
0.9999927
1.0
0.9999958
0.9999999
1.0
0.99999917
1.0
1.0
0.99999726
0.9999881
0.99999964
0.99993265
0.99999595
0.76274085
1.0
1.0
1.0
0.9960232
1.0
1.0
0.986798
0.9999596
1.0
1.0
1.0
1.0
1.0
0.99999714
1.0
1.0
1.0
1.0
1.0
1.0
0.9999994
0.9999876
0.99999464
1.0
1.0
1.0
0.99999976
1.0
1.0
0.98867315
1.0
1.0
0.99998546
1.0
1.0
1.0
1.0
1.0
1.0
1.0
1.0
1.0
1.0
0.5143426
1.0
0.99999964
1.0
0.9999448
0.99875534
1.0
1.0
1.0
1.0
0.99999964
1.0
0.9999999
1.0
1.0
0.99999964
1.0
0.9999988
0.99998736
1.0
0.99998784
1.0
1.0
1.0
0.9532153
0.99999964
0.9999999
1.0
0.99999976
1.0
1.0
1.0
1.0
1.0
1.0
1.0
1.0
0.9999999
1.0
1.0
0.9999999
0.99883157
0.9999993
1.0
0.9999995
0.99999917
1.0
0.9996598
0.9999999
1.0
0.9999988
1.0
1.0
0.9999999
1.0
1.0
0.9999957
1.0
0.99999905
0.9999993
1.0
1.0
1.0
1.0
0.99999535
1.0
0.99999
0.9999995
1.0
0.99999964
1.0
1.0
1.0
1.0
0.9999999
0.9997451
1.0
0.99999344
0.99999964
1.0
0.9999999
0.9998671
1.0
1.0
0.67412436
0.9999999
0.9999995
0.99999344
1.0
0.9999999
1.0
1.0
1.0
1.0
1.0
1.0
1.0
0.99991524
0.99995434
1.0
0.99999976
1.0
1.0
1.0
1.0
0.9999821
0.9999999
1.0
0.99967206
0.99997437
0.99999917
1.0
0.9999999
1.0
0.99999905
1.0
0.9999974
1.0
1.0
1.0
0.9999976
0.99999976
1.0
0.9999478
0.9999745
0.97521573
1.0
1.0
0.9998048
0.9999999
0.99999976
1.0
1.0
1.0
1.0
1.0
0.99981254
1.0
1.0
1.0
0.9999937
1.0
1.0
1.0
0.9998734
1.0
0.9426797
1.0
0.9995247
1.0
1.0
1.0
1.0
0.9999999
1.0
1.0
0.99999905
1.0
1.0
1.0
1.0
0.9999975
1.0
1.0
1.0
1.0
1.0
1.0
0.79654634
1.0
1.0
1.0
1.0
0.9999999
1.0
0.9999956
0.9999999
1.0
1.0
0.9999999
1.0
1.0
1.0
0.99988174
1.0
1.0
0.999998
1.0
1.0
1.0
1.0
1.0
0.873041
0.9999701
1.0
1.0
1.0
0.99999905
0.99999845
0.94571227
0.9999937
0.99717474
1.0
1.0
0.9999974
1.0
1.0
1.0
0.97073406
1.0
1.0
0.99999917
1.0
0.99999416
1.0
1.0
1.0
1.0
1.0
0.9999993
1.0
1.0
0.9829025
0.9911073
0.9999995
1.0
1.0
0.9999995
1.0
1.0
1.0
0.9999932
1.0
1.0
1.0
1.0
1.0
1.0
1.0
1.0
0.9999999
0.9999871
0.9999999
1.0
1.0
0.7192741
0.9999993
1.0
1.0
1.0
1.0
0.9999999
1.0
0.9999995
1.0
1.0
1.0
1.0
1.0
0.6098134
1.0
0.9999244
0.9999999
1.0
0.9449256
0.9999689
0.99999976
0.99999833
1.0
0.99999964
1.0
0.5634128
0.9999999
0.99997485
1.0
0.9999958
1.0
1.0
0.9999995
0.99999976
1.0
0.9999999
1.0
0.99999976
1.0
0.9999901
1.0
0.9999994
1.0
1.0
1.0
1.0
0.99998736
1.0
0.9999962
1.0
0.9925471
1.0
1.0
1.0
0.99998915
1.0
1.0
0.99999964
1.0
1.0
0.99998164
1.0
1.0
0.9999995
1.0
1.0
1.0
1.0
0.9999949
1.0
1.0
1.0
0.99999976
0.9999918
1.0
0.99999976
1.0
1.0
0.9999416
1.0
0.99999964
0.99921227
0.9997904
0.9999993
1.0
1.0
1.0
1.0
1.0
0.99994755
0.9999727
0.99998033
1.0
0.99999774
0.99999976
0.6969843
1.0
1.0
1.0
1.0
1.0
1.0
1.0
0.9999969
1.0
0.9998772
0.9999331
0.9999988
1.0
1.0
0.9999962
1.0
1.0
1.0
1.0
1.0
1.0
0.9992654
0.99999917
1.0
1.0
0.9999999
1.0
0.99999976
0.9999988
1.0
1.0
1.0
0.9999994
0.99414635
1.0
1.0
1.0
1.0
0.99977773
1.0
0.99978477
1.0
1.0
1.0
0.9999999
1.0
1.0
1.0
1.0
0.9999999
1.0
1.0
0.9999999
1.0
1.0
1.0
1.0
1.0
0.99999917
1.0
1.0
1.0
1.0
1.0
0.99999976
1.0
1.0
1.0
1.0
1.0
1.0
1.0
0.9999999
1.0
1.0
1.0
1.0
1.0
0.9999999
1.0
1.0
1.0
1.0
0.9999995
1.0
1.0
1.0
1.0
1.0
0.9999981
1.0
0.9999968
1.0
1.0
0.99999976
1.0
1.0
1.0
1.0
1.0
1.0
0.9999999
1.0
1.0
1.0
0.99999964
1.0
1.0
1.0
1.0
0.9999546
0.99999976
1.0
1.0
1.0
1.0
1.0
0.99999976
1.0
1.0
1.0
0.9999999
1.0
1.0
1.0
1.0
0.9999988
1.0
1.0
0.99988055
1.0
0.99999976
1.0
1.0
1.0
1.0
1.0
1.0
1.0
1.0
0.9999994
1.0
0.99999964
1.0
1.0
1.0
1.0
1.0
1.0
1.0
1.0
1.0
1.0
1.0
1.0
1.0
1.0
0.9999945
1.0
1.0
1.0
1.0
0.9999999
0.9999999
0.99999976
1.0
1.0
1.0
1.0
1.0
0.99873513
1.0
1.0
1.0
1.0
1.0
1.0
1.0
0.9999999
1.0
1.0
1.0
1.0
0.9998344
1.0
1.0
0.99999917
1.0
1.0
0.99999917
1.0
1.0
1.0
1.0
1.0
0.9999988
1.0
1.0
1.0
1.0
1.0
1.0
0.7028408
1.0
1.0
0.99999976
1.0
0.9999999
0.999782
1.0
0.9999981
1.0
1.0
1.0
0.9999999
0.99999964
0.99999964
1.0
1.0
0.9999995
0.99999976
1.0
1.0
1.0
1.0
1.0
0.9999999
1.0
1.0
1.0
0.99999964
1.0
1.0
0.9999999
1.0
1.0
1.0
0.99995375
1.0
1.0
1.0
1.0
0.9973533
0.9999999
0.99987864
1.0
0.99999213
1.0
0.99999976
1.0
0.99999523
1.0
1.0
0.9999944
1.0
1.0
0.9999999
1.0
1.0
1.0
0.9999927
0.9999999
0.9999999
1.0
0.9999882
1.0
1.0
1.0
1.0
1.0
1.0
0.998092
0.9999999
1.0
1.0
1.0
0.9999999
1.0
0.9999999
1.0
1.0
0.99999976
1.0
1.0
1.0
0.99999917
0.9999994
0.99999964
1.0
0.87030095
0.99999976
1.0
1.0
0.9999988
0.9999999
1.0
1.0
1.0
0.9999999
1.0
1.0
1.0
1.0
0.9999995
0.99992204
0.99999976
1.0
1.0
0.99927384
0.9999999
1.0
0.993178
0.99999654
1.0
1.0
1.0
1.0
1.0
1.0
1.0
1.0
0.99987376
1.0
1.0
1.0
1.0
1.0
1.0
1.0
1.0
1.0
0.99839824
1.0
1.0
1.0
1.0
1.0
1.0
1.0
1.0
1.0
0.9999976
1.0
1.0
1.0
1.0
1.0
1.0
1.0
1.0
1.0
1.0
1.0
1.0
0.9999999
1.0
1.0
1.0
1.0
1.0
0.9999999
1.0
1.0
1.0
1.0
1.0
1.0
1.0
1.0
1.0
1.0
1.0
1.0
1.0
0.90386885
1.0
1.0
1.0
0.9999994
1.0
1.0
1.0
1.0
1.0
1.0
1.0
1.0
1.0
1.0
1.0
1.0
1.0
1.0
1.0
1.0
1.0
1.0
1.0
1.0
1.0
1.0
1.0
1.0
0.99999857
1.0
1.0
1.0
1.0
1.0
1.0
1.0
1.0
1.0
1.0
1.0
1.0
1.0
1.0
1.0
1.0
1.0
1.0
1.0
0.9999989
1.0
1.0
1.0
1.0
1.0
1.0
1.0
1.0
1.0
1.0
1.0
1.0
1.0
1.0
1.0
1.0
0.9999993
1.0
1.0
1.0
0.9999999
1.0
1.0
1.0
1.0
1.0
0.999987
1.0
0.9999999
1.0
1.0
1.0
1.0
1.0
1.0
0.9999999
0.99999905
1.0
1.0
1.0
1.0
1.0
1.0
0.9999999
1.0
1.0
0.9999999
1.0
1.0
1.0
1.0
1.0
1.0
1.0
1.0
1.0
1.0
1.0
1.0
1.0
1.0
1.0
1.0
1.0
1.0
1.0
1.0
1.0
0.9998945
0.9999573
1.0
1.0
1.0
1.0
1.0
1.0
0.99999905
1.0
1.0
1.0
1.0
1.0
1.0
1.0
1.0
1.0
1.0
1.0
1.0
1.0
1.0
1.0
1.0
1.0
1.0
1.0
1.0
1.0
1.0
1.0
1.0
1.0
1.0
1.0
1.0
1.0
1.0
1.0
1.0
1.0
1.0
1.0
1.0
1.0
1.0
1.0
1.0
1.0
1.0
1.0
1.0
0.99999905
1.0
0.99999905
1.0
1.0
1.0
1.0
1.0
0.9999995
1.0
1.0
1.0
1.0
1.0
1.0
1.0
1.0
0.9999502
1.0
1.0
0.99989927
1.0
1.0
0.99999964
1.0
0.99999845
0.9999999
1.0
1.0
1.0
1.0
1.0
1.0
1.0
0.99999535
0.99999964
1.0
1.0
1.0
1.0
1.0
1.0
1.0
1.0
0.99999976
0.9999881
1.0
1.0
1.0
1.0
1.0
1.0
1.0
1.0
0.99999917
1.0
1.0
0.9999995
1.0
0.9999918
0.9999995
1.0
0.9976908
1.0
1.0
1.0
1.0
0.99999523
1.0
1.0
1.0
0.99999976
1.0
1.0
1.0
1.0
1.0
1.0
0.99999845
1.0
0.9999988
0.9999974
1.0
1.0
0.99929416
1.0
1.0
1.0
1.0
1.0
1.0
1.0
0.99999964
0.99999297
1.0
1.0
1.0
1.0
0.99975234
0.99999976
1.0
0.9999964
1.0
0.9999999
1.0
0.9999999
1.0
1.0
1.0
1.0
0.9999999
0.9999896
1.0
1.0
1.0
0.99999964
1.0
0.9999994
0.99999976
1.0
1.0
0.99994934
1.0
1.0
0.9999981
0.9999999
1.0
1.0
1.0
0.9999721
1.0
1.0
0.97171754
1.0
0.9993222
1.0
1.0
0.99993503
1.0
0.9999993
0.9999912
0.99999857
1.0
1.0
1.0
0.99997914
0.9999852
0.9999188
1.0
1.0
1.0
0.999998
0.99986434
0.9999994
1.0
1.0
1.0
1.0
1.0
1.0
0.99999964
1.0
1.0
1.0
1.0
0.99999523
1.0
1.0
1.0
1.0
1.0
1.0
1.0
1.0
0.9851777
0.9999578
0.99999607
1.0
1.0
1.0
1.0
0.9999957
1.0
1.0
1.0
1.0
0.9999999
1.0
1.0
0.99999976
1.0
1.0
1.0
1.0
0.99999416
1.0
1.0
1.0
1.0
1.0
1.0
0.9999994
1.0
1.0
1.0
1.0
0.99999833
0.9999896
1.0
1.0
1.0
1.0
0.99999964
1.0
1.0
0.99999976
1.0
0.99999833
0.9998859
1.0
1.0
1.0
1.0
1.0
0.9999982
1.0
0.99999464
1.0
1.0
0.9999989
0.9999999
1.0
0.98592955
0.9993749
0.9110453
0.9999995
1.0
1.0
0.99999857
1.0
0.9999887
0.99999213
1.0
0.9999522
1.0
1.0
1.0
0.93848366
1.0
1.0
0.9992168
1.0
1.0
1.0
0.99999905
1.0
1.0
1.0
1.0
1.0
1.0
0.99999917
1.0
1.0
1.0
1.0
0.99999976
0.99993217
0.9999999
1.0
0.9999958
0.9999944
1.0
1.0
1.0
1.0
1.0
1.0
1.0
1.0
1.0
1.0
0.99999964
1.0
1.0
0.9999999
1.0
1.0
1.0
1.0
1.0
1.0
1.0
1.0
1.0
1.0
1.0
1.0
0.9999993
0.9999491
0.99999535
1.0
1.0
1.0
1.0
0.9999995
1.0
1.0
1.0
1.0
1.0
1.0
1.0
1.0
1.0
1.0
1.0
1.0
1.0
0.99999845
1.0
0.99999976
1.0
1.0
1.0
0.99998915
0.99986684
1.0
0.9999999
1.0
1.0
0.9999989
1.0
0.9999825
1.0
0.9999999
1.0
1.0
1.0
0.9999999
0.9998795
1.0
1.0
1.0
1.0
1.0
1.0
1.0
1.0
1.0
1.0
1.0
1.0
1.0
1.0
1.0
1.0
1.0
1.0
1.0
1.0
1.0
1.0
1.0
1.0
1.0
1.0
1.0
1.0
0.9999999
1.0
1.0
0.9999999
1.0
1.0
0.99989116
1.0
1.0
1.0
1.0
1.0
1.0
1.0
0.99999356
1.0
0.9984754
0.9980241
1.0
0.999997
0.9999995
1.0
1.0
1.0
1.0
1.0
0.99999964
1.0
1.0
1.0
1.0
1.0
0.99999976
1.0
1.0
0.999997
1.0
1.0
1.0
1.0
1.0
0.99999917
1.0
0.9999999
1.0
0.99999976
1.0
1.0
1.0
1.0
0.99998474
0.9999937
1.0
0.9999994
1.0
0.9998597
1.0
1.0
0.9999999
1.0
1.0
1.0
1.0
0.99999547
0.99999964
0.9845399
0.99897504
1.0
0.9999305
1.0
0.9999999
1.0
1.0
1.0
1.0
1.0
1.0
1.0
0.99992156
0.99999976
0.9999969
1.0
1.0
0.9999999
0.65081793
0.9999999
1.0
1.0
0.99992716
1.0
0.9998982
1.0
0.9999819
1.0
0.9999989
0.9999999
1.0
1.0
1.0
1.0
0.9999999
0.99996364
0.9999981
0.9999995
0.9999999
1.0
0.99999905
1.0
1.0
0.99999785
0.9887722
0.9548971
0.99999964
0.9999999
0.99989605
0.9999999
0.9999889
0.99999726
0.9999995
1.0
1.0
0.99989283
0.9999999
1.0
1.0
0.99999905
0.993313
0.9999801
0.99999845
0.99997544
1.0
0.99999976
1.0
0.9999974
0.99999845
0.99971527
0.99999404
0.99999976
0.9999999
0.99999917
0.9999994
1.0
1.0
1.0
1.0
1.0
1.0
1.0
1.0
0.99996006
1.0
0.99999976
0.99999523
1.0
1.0
0.99517953
1.0
0.9999801
0.99999976
1.0
0.9999993
0.99999976
0.9999999
1.0
0.9994462
1.0
0.99999857
0.9999982
1.0
1.0
1.0
0.99999213
0.9999994
1.0
0.99999833
1.0
0.99999917
0.9999974
1.0
0.99999595
1.0
1.0
0.9999857
0.9999896
1.0
1.0
1.0
1.0
0.99999857
1.0
1.0
1.0
1.0
1.0
0.99987066
1.0
1.0
1.0
1.0
0.99999976
0.9787623
0.99999964
1.0
1.0
1.0
1.0
1.0
1.0
1.0
0.9999982
0.8078665
1.0
1.0
1.0
1.0
0.9999999
1.0
1.0
1.0
0.99999964
0.9186583
1.0
0.9999963
1.0
1.0
1.0
1.0
1.0
1.0
1.0
0.9999964
1.0
1.0
1.0
1.0
1.0
1.0
1.0
0.9999995
1.0
1.0
0.99696547
1.0
1.0
1.0
1.0
1.0
1.0
1.0
1.0
1.0
1.0
1.0
0.99994385
1.0
0.9999989
1.0
1.0
1.0
1.0
1.0
1.0
1.0
1.0
1.0
1.0
0.9999999
1.0
1.0
1.0
1.0
1.0
1.0
1.0
1.0
1.0
1.0
1.0
1.0
1.0
1.0
1.0
1.0
1.0
1.0
1.0
0.9986553
1.0
1.0
1.0
0.99980026
1.0
1.0
1.0
1.0
0.5678775
1.0
0.9997923
1.0
1.0
1.0
0.9882988
0.96578115
0.99999356
1.0
1.0
1.0
1.0
1.0
1.0
1.0
1.0
1.0
1.0
1.0
1.0
1.0
1.0
1.0
1.0
1.0
1.0
1.0
1.0
1.0
1.0
1.0
1.0
1.0
0.9999999
1.0
1.0
1.0
1.0
1.0
1.0
1.0
1.0
1.0
1.0
1.0
1.0
1.0
1.0
1.0
1.0
1.0
1.0
1.0
1.0
1.0
1.0
1.0
1.0
1.0
1.0
1.0
0.9999994
1.0
1.0
1.0
1.0
1.0
1.0
1.0
1.0
1.0
1.0
1.0
1.0
1.0
1.0
0.9999974
1.0
1.0
1.0
1.0
1.0
1.0
0.99999976
1.0
1.0
1.0
1.0
1.0
1.0
1.0
1.0
1.0
1.0
1.0
1.0
1.0
1.0
1.0
1.0
1.0
1.0
1.0
1.0
1.0
1.0
1.0
1.0
1.0
1.0
1.0
1.0
1.0
1.0
1.0
1.0
1.0
1.0
1.0
1.0
1.0
1.0
1.0
1.0
1.0
1.0
1.0
1.0
1.0
1.0
1.0
1.0
1.0
1.0
1.0
1.0
1.0
1.0
0.9999999
0.99999964
1.0
1.0
1.0
1.0
1.0
1.0
1.0
1.0
1.0
1.0
1.0
1.0
1.0
1.0
1.0
1.0
1.0
0.9999999
1.0
1.0
1.0
1.0
1.0
1.0
1.0
1.0
1.0
1.0
1.0
1.0
1.0
1.0
1.0
1.0
1.0
1.0
1.0
0.99999917
1.0
1.0
0.99999976
1.0
1.0
1.0
1.0
1.0
1.0
1.0
1.0
1.0
1.0
1.0
1.0
1.0
1.0
1.0
1.0
1.0
1.0
1.0
1.0
1.0
1.0
1.0
1.0
1.0
1.0
1.0
1.0
1.0
1.0
1.0
1.0
1.0
1.0
1.0
1.0
1.0
0.9999999
1.0
1.0
1.0
1.0
1.0
0.9993917
0.9999813
0.99998677
1.0
1.0
1.0
1.0
0.9999999
1.0
0.9999951
0.99999976
1.0
1.0
1.0
1.0
1.0
1.0
1.0
0.99999595
1.0
0.99999547
1.0
1.0
1.0
1.0
1.0
1.0
0.99984694
1.0
0.9999999
1.0
0.9999999
1.0
1.0
1.0
0.9998541
1.0
0.999998
1.0
1.0
1.0
1.0
1.0
1.0
1.0
1.0
1.0
1.0
1.0
1.0
0.99999976
1.0
0.9999999
1.0
1.0
1.0
1.0
1.0
1.0
1.0
1.0
0.9999999
1.0
1.0
1.0
1.0
1.0
1.0
1.0
1.0
1.0
1.0
1.0
1.0
1.0
1.0
1.0
1.0
1.0
1.0
0.9999691
1.0
1.0
1.0
1.0
1.0
1.0
1.0
1.0
0.99998045
1.0
1.0
1.0
1.0
1.0
1.0
0.99999976
1.0
1.0
1.0
1.0
1.0
1.0
1.0
0.9999845
1.0
1.0
1.0
1.0
1.0
1.0
1.0
1.0
1.0
0.99701893
1.0
1.0
1.0
1.0
1.0
1.0
0.99999964
1.0
1.0
1.0
1.0
0.9999993
1.0
1.0
1.0
1.0
1.0
1.0
1.0
1.0
0.9999999
1.0
0.99999225
0.9999999
1.0
1.0
0.99984574
1.0
0.9999999
1.0
0.9999999
0.9999999
0.9857151
0.99999666
0.99999964
1.0
0.9999989
0.9999995
0.9999453
1.0
0.99999166
1.0
0.9999989
0.99997354
1.0
1.0
0.99999976
0.9999523
0.9582726
0.97017324
1.0
0.99995506
0.85500616
0.99999595
0.97626376
0.95108986
0.9999795
1.0
0.99999976
0.99999666
1.0
0.9999989
0.9985234
0.9996137
0.999918
0.7576647
0.9093539
0.9998925
0.9869221
0.9999957
0.8596228
0.9997229
0.9991794
0.99999654
0.9999987
0.9999999
1.0
1.0
0.99999416
1.0
0.9999999
1.0
1.0
0.9999999
0.9999999
0.9999999
0.97123456
1.0
0.99999976
1.0
0.9997943
0.91207534
0.90879476
0.9797451
0.9999901
1.0
0.9999993
0.99968815
1.0
0.9963948
1.0
0.99999976
0.99886787
0.9999975
0.99999785
1.0
1.0
0.999729
0.9991773
0.9999479
1.0
0.999783
0.9999478
1.0
1.0
0.99999785
0.9999851
0.9999819
0.99999976
0.52222717
1.0
0.9999963
0.9999989
1.0
1.0
0.9995889
0.9965586
1.0
1.0
0.99999917
0.99999774
0.9999989
1.0
1.0
1.0
1.0
1.0
0.9999999
1.0
0.99999976
1.0
1.0
1.0
1.0
0.9999999
0.85619664
1.0
1.0
1.0
1.0
0.9999999
1.0
1.0
1.0
1.0
1.0
0.9998658
1.0
1.0
1.0
1.0
0.99999964
0.9999999
1.0
1.0
1.0
0.9999987
1.0
1.0
1.0
1.0
0.9999925
1.0
0.9999999
1.0
0.9999994
1.0
1.0
0.9999999
1.0
1.0
1.0
0.9999995
1.0
1.0
0.9999995
0.99999666
1.0
0.99999964
1.0
1.0
1.0
1.0
1.0
1.0
1.0
1.0
1.0
1.0
1.0
0.99997354
0.9999999
0.9999994
1.0
1.0
1.0
1.0
1.0
1.0
0.9999999
1.0
1.0
0.999998
1.0
1.0
0.9989171
0.9999962
0.99999964
0.9999999
0.9999993
1.0
1.0
1.0
1.0
0.99999785
0.9999993
0.999985
1.0
1.0
1.0
1.0
1.0
1.0
1.0
0.9996865
0.9999943
1.0
1.0
0.9978988
0.9999999
1.0
0.999987
1.0
0.99999917
1.0
1.0
1.0
1.0
0.99999905
0.9949114
0.99814665
1.0
1.0
0.9999938
0.9999999
1.0
0.9999957
1.0
0.9999999
1.0
1.0
1.0
0.9999453
0.99916995
1.0
1.0
1.0
1.0
0.9999999
1.0
1.0
1.0
1.0
1.0
0.99958605
1.0
0.9999999
0.9659029
0.99999845
0.99999714
1.0
0.99999976
1.0
1.0
1.0
0.99999845
1.0
0.99999917
1.0
1.0
0.9989235
1.0
1.0
1.0
0.99999833
1.0
1.0
1.0
1.0
1.0
0.99999976
0.9999975
1.0
1.0
1.0
0.9999993
1.0
0.99999785
1.0
1.0
1.0
0.99999857
0.99999714
1.0
1.0
1.0
1.0
1.0
1.0
1.0
1.0
0.99999964
1.0
1.0
1.0
1.0
0.9999999
0.9999999
1.0
0.9999976
1.0
1.0
1.0
1.0
1.0
0.99999905
1.0
0.99999964
1.0
0.9999999
1.0
0.99508685
1.0
0.9999999
1.0
1.0
0.99999976
1.0
1.0
1.0
1.0
1.0
1.0
1.0
1.0
1.0
1.0
1.0
1.0
1.0
1.0
1.0
1.0
1.0
0.9999999
1.0
1.0
1.0
1.0
1.0
1.0
1.0
0.99919885
1.0
0.9999999
1.0
1.0
0.99969447
1.0
0.99999917
0.9999994
0.9999999
1.0
1.0
1.0
1.0
1.0
1.0
0.99999833
0.999811
1.0
1.0
1.0
0.99998295
1.0
1.0
1.0
1.0
1.0
1.0
0.9997285
1.0
1.0
0.999998
0.9999932
1.0
0.9999963
1.0
0.99999917
1.0
1.0
1.0
1.0
0.9998704
0.99999917
1.0
1.0
1.0
1.0
1.0
0.99999976
1.0
1.0
0.9999994
1.0
1.0
1.0
1.0
1.0
1.0
1.0
1.0
1.0
1.0
0.99999976
1.0
1.0
1.0
0.9999993
0.9995914
1.0
1.0
1.0
1.0
0.99999976
1.0
1.0
1.0
0.9999944
1.0
1.0
1.0
1.0
1.0
1.0
1.0
0.9999999
1.0
0.9999964
1.0
1.0
1.0
1.0
1.0
1.0
0.9999995
1.0
1.0
1.0
1.0
1.0
1.0
1.0
1.0
1.0
0.9999927
1.0
1.0
1.0
1.0
1.0
1.0
1.0
1.0
1.0
1.0
1.0
1.0
0.9999999
1.0
1.0
1.0
0.99999976
1.0
1.0
1.0
1.0
1.0
1.0
1.0
1.0
1.0
0.9999999
1.0
1.0
1.0
1.0
1.0
1.0
1.0
1.0
1.0
1.0
1.0
1.0
1.0
1.0
1.0
1.0
1.0
1.0
1.0
0.9999999
1.0
0.9999012
0.99999976
1.0
1.0
1.0
1.0
1.0
1.0
1.0
1.0
1.0
1.0
1.0
1.0
1.0
1.0
1.0
1.0
1.0
0.99984586
1.0
1.0
1.0
1.0
0.9978116
1.0
1.0
1.0
1.0
1.0
1.0
1.0
1.0
1.0
0.99994636
1.0
1.0
1.0
1.0
1.0
1.0
0.9999982
1.0
1.0
0.9999999
1.0
1.0
1.0
1.0
0.99999785
1.0
0.9999999
1.0
1.0
1.0
1.0
1.0
1.0
1.0
0.9999999
1.0
1.0
1.0
0.9999987
0.99999774
0.9999999
1.0
1.0
0.99999905
1.0
0.9999987
1.0
1.0
1.0
1.0
1.0
1.0
0.99999976
1.0
1.0
1.0
1.0
1.0
1.0
1.0
0.9999522
1.0
1.0
1.0
1.0
1.0
0.99782336
1.0
1.0
1.0
1.0
1.0
1.0
1.0
1.0
1.0
1.0
0.9999995
1.0
1.0
0.9995647
1.0
1.0
1.0
1.0
1.0
1.0
1.0
1.0
1.0
1.0
1.0
1.0
0.99999785
1.0
1.0
1.0
1.0
1.0
0.9992384
1.0
0.999997
1.0
1.0
1.0
1.0
1.0
1.0
1.0
1.0
1.0
1.0
1.0
1.0
1.0
1.0
1.0
1.0
1.0
1.0
1.0
1.0
1.0
1.0
0.99998295
1.0
1.0
0.9999999
1.0
1.0
1.0
1.0
1.0
1.0
1.0
1.0
1.0
1.0
1.0
1.0
0.9999999
1.0
1.0
0.99967873
1.0
1.0
1.0
1.0
1.0
0.9999994
0.99999976
1.0
1.0
0.99999356
0.9999994
0.9999832
1.0
0.99946445
1.0
1.0
1.0
0.98796785
1.0
1.0
1.0
0.99999595
1.0
1.0
1.0
1.0
1.0
1.0
1.0
1.0
0.99999464
1.0
0.9999999
1.0
0.9999989
1.0
0.99572796
1.0
1.0
1.0
1.0
0.999946
0.9999987
1.0
1.0
1.0
0.99999785
1.0
1.0
1.0
0.9997508
1.0
1.0
1.0
1.0
1.0
1.0
1.0
1.0
0.999997
1.0
0.9999999
1.0
1.0
1.0
1.0
0.9999999
1.0
0.99999905
0.9999944
1.0
1.0
0.99999964
1.0
1.0
1.0
1.0
1.0
1.0
0.9999994
1.0
1.0
1.0
1.0
1.0
1.0
1.0
1.0
0.99999976
1.0
1.0
1.0
1.0
1.0
1.0
0.9999999
1.0
1.0
1.0
1.0
1.0
1.0
1.0
1.0
1.0
0.9999932
1.0
1.0
1.0
1.0
0.9999875
1.0
1.0
1.0
1.0
1.0
1.0
1.0
1.0
1.0
1.0
1.0
1.0
1.0
1.0
0.9999999
1.0
1.0
1.0
1.0
1.0
1.0
1.0
1.0
1.0
1.0
1.0
1.0
1.0
1.0
1.0
1.0
1.0
1.0
1.0
1.0
1.0
1.0
1.0
0.9999999
0.99999964
1.0
1.0
1.0
1.0
0.9998202
1.0
1.0
1.0
1.0
1.0
1.0
1.0
1.0
1.0
1.0
1.0
1.0
1.0
1.0
1.0
1.0
1.0
1.0
1.0
1.0
0.9999982
1.0
1.0
1.0
1.0
1.0
1.0
1.0
1.0
0.9999995
1.0
1.0
1.0
1.0
1.0
0.99999905
1.0
1.0
1.0
1.0
1.0
1.0
1.0
1.0
1.0
0.99999976
0.99999774
0.9999999
0.9999788
0.9999988
1.0
0.9999999
0.9999999
0.9999994
1.0
0.9999981
1.0
1.0
0.99987614
1.0
0.9999999
0.99999917
1.0
1.0
0.9999999
0.99999475
1.0
1.0
0.999998
1.0
0.9999999
1.0
0.99998856
1.0
1.0
0.99998474
0.99999976
0.9985916
1.0
0.9846752
1.0
1.0
0.9999937
0.9999999
0.9999999
1.0
0.99882156
1.0
0.9999918
1.0
0.9999957
0.9999999
0.9999945
1.0
1.0
1.0
0.9896941
1.0
1.0
1.0
1.0
0.99999714
0.9999995
1.0
1.0
1.0
0.9997845
0.9999999
1.0
1.0
1.0
0.9999994
1.0
1.0
1.0
1.0
0.9999993
0.9881733
0.99996316
1.0
1.0
0.99999034
0.99999964
1.0
1.0
1.0
1.0
0.9999987
0.99874264
1.0
1.0
0.99999833
1.0
0.9999993
1.0
0.99998856
0.9999919
0.99994016
1.0
1.0
1.0
1.0
1.0
0.99861383
1.0
1.0
1.0
1.0
0.99998975
0.99999917
0.99999106
1.0
1.0
1.0
1.0
1.0
0.9998024
1.0
1.0
0.99767786
1.0
1.0
1.0
1.0
1.0
1.0
1.0
1.0
0.9999988
0.99999905
1.0
1.0
1.0
1.0
1.0
0.9999999
1.0
1.0
1.0
1.0
1.0
1.0
1.0
0.9999974
0.99994123
1.0
1.0
1.0
1.0
1.0
0.99999845
1.0
1.0
1.0
1.0
1.0
1.0
0.9999987
1.0
1.0
1.0
1.0
1.0
1.0
1.0
1.0
1.0
1.0
1.0
1.0
0.9999999
1.0
1.0
1.0
0.9999999
1.0
1.0
1.0
0.9999988
0.9993247
1.0
1.0
1.0
1.0
1.0
0.99999964
1.0
1.0
1.0
1.0
1.0
0.99999976
1.0
1.0
1.0
1.0
1.0
1.0
1.0
1.0
1.0
1.0
1.0
1.0
1.0
1.0
1.0
1.0
0.9999949
1.0
1.0
0.9999931
1.0
1.0
1.0
0.99999976
1.0
1.0
1.0
1.0
1.0
0.9999999
1.0
1.0
0.9999982
1.0
1.0
1.0
1.0
1.0
1.0
1.0
0.99999917
1.0
1.0
1.0
1.0
1.0
1.0
1.0
1.0
0.9999999
0.9999852
0.99999475
1.0
0.9999999
0.9999963
1.0
1.0
1.0
1.0
1.0
1.0
1.0
0.99999964
1.0
0.999997
0.9999999
1.0
1.0
1.0
0.9999999
0.9999999
1.0
0.99999976
1.0
1.0
1.0
1.0
1.0
1.0
1.0
1.0
1.0
1.0
1.0
0.9999907
0.99996305
0.99999917
1.0
1.0
1.0
1.0
1.0
0.9999856
0.99999976
1.0
1.0
0.9999999
1.0
1.0
1.0
0.9999994
1.0
0.99999976
1.0
1.0
1.0
1.0
1.0
0.99999964
1.0
0.9999999
0.99999917
1.0
0.99999964
1.0
1.0
1.0
1.0
1.0
1.0
1.0
1.0
1.0
1.0
0.9999906
1.0
1.0
1.0
1.0
1.0
1.0
1.0
1.0
0.99999607
1.0
1.0
1.0
0.9999995
1.0
1.0
1.0
1.0
0.9999999
1.0
1.0
0.99998415
1.0
1.0
0.9998703
0.9999653
1.0
1.0
1.0
1.0
1.0
1.0
1.0
1.0
1.0
0.9999999
1.0
1.0
1.0
1.0
1.0
1.0
1.0
1.0
1.0
1.0
1.0
1.0
1.0
1.0
1.0
1.0
1.0
1.0
1.0
1.0
1.0
1.0
1.0
1.0
1.0
0.9999995
1.0
1.0
1.0
1.0
0.99999917
1.0
0.9999999
1.0
0.99999964
1.0
1.0
1.0
1.0
0.9999994
1.0
1.0
1.0
1.0
1.0
1.0
1.0
1.0
1.0
1.0
0.9997868
1.0
1.0
0.9992526
1.0
1.0
1.0
1.0
1.0
1.0
1.0
1.0
1.0
1.0
1.0
1.0
0.99998724
1.0
1.0
1.0
1.0
1.0
1.0
0.9999995
0.99986887
1.0
1.0
1.0
1.0
0.999998
1.0
1.0
1.0
1.0
1.0
1.0
1.0
1.0
1.0
1.0
0.9999999
1.0
0.9999994
0.99999845
0.9999989
0.9998958
1.0
1.0
0.9931884
1.0
0.9999999
1.0
0.9296204
0.9999969
0.9997397
1.0
0.9963541
1.0
1.0
0.99999964
0.99998546
0.9999995
0.9999988
0.9999763
1.0
0.9999999
1.0
1.0
1.0
1.0
1.0
1.0
1.0
1.0
1.0
1.0
1.0
1.0
0.99999976
0.9999995
0.9999995
1.0
1.0
1.0
1.0
1.0
1.0
1.0
1.0
0.99994016
1.0
1.0
1.0
1.0
1.0
1.0
1.0
0.9999974
1.0
1.0
1.0
0.9999999
0.99999833
1.0
1.0
0.995684
1.0
1.0
0.99999964
1.0
1.0
1.0
0.9999999
1.0
1.0
0.9999963
1.0
1.0
0.99942255
1.0
0.999964
0.99988735
1.0
1.0
0.9999949
1.0
1.0
0.9999999
0.99998975
1.0
0.99995327
0.9999951
1.0
1.0
1.0
1.0
1.0
1.0
1.0
1.0
1.0
1.0
1.0
1.0
1.0
1.0
1.0
1.0
0.99998987
1.0
1.0
1.0
1.0
1.0
1.0
0.99999976
1.0
1.0
1.0
1.0
1.0
1.0
1.0
1.0
1.0
1.0
1.0
0.999995
1.0
1.0
1.0
1.0
1.0
1.0
0.9995684
1.0
1.0
1.0
1.0
1.0
1.0
0.9999753
1.0
1.0
1.0
1.0
1.0
1.0
0.99997854
0.999998
1.0
1.0
1.0
1.0
0.9999465
1.0
1.0
0.9999999
1.0
1.0
1.0
0.9999994
0.9999993
1.0
1.0
1.0
0.99994516
1.0
1.0
1.0
1.0
0.99998105
1.0
1.0
1.0
1.0
1.0
1.0
1.0
0.9999844
1.0
1.0
1.0
1.0
1.0
1.0
1.0
1.0
1.0
1.0
1.0
1.0
1.0
0.99999344
0.99999976
1.0
1.0
1.0
1.0
1.0
1.0
1.0
1.0
1.0
1.0
1.0
0.9999839
1.0
1.0
1.0
0.99999726
1.0
1.0
1.0
1.0
1.0
1.0
1.0
1.0
1.0
1.0
1.0
0.7060131
1.0
0.98142564
0.99999964
0.99999976
0.99997354
0.999998
1.0
1.0
1.0
0.9989913
1.0
0.97882503
0.99999976
1.0
1.0
0.99999774
1.0
1.0
0.9999999
0.9989893
1.0
0.9999734
1.0
1.0
0.9999999
1.0
1.0
1.0
1.0
1.0
1.0
0.99557793
0.9951957
0.9999889
0.9914294
0.9846444
1.0
0.9999945
1.0
1.0
1.0
1.0
0.99843293
0.9999999
0.99994266
0.99997616
0.9998802
0.99989116
1.0
1.0
0.9997341
1.0
1.0
1.0
1.0
0.99999857
1.0
1.0
1.0
0.9999999
1.0
1.0
1.0
0.9999999
0.9999999
1.0
0.9999883
1.0
0.9999634
1.0
1.0
1.0
1.0
1.0
1.0
1.0
0.9999999
1.0
1.0
0.9999999
1.0
1.0
1.0
0.9999974
0.9999999
1.0
1.0
1.0
1.0
1.0
0.9999999
0.999998
1.0
0.9999982
1.0
1.0
0.99999976
1.0
1.0
1.0
1.0
1.0
1.0
1.0
1.0
0.99997616
1.0
1.0
0.9999999
1.0
1.0
1.0
1.0
1.0
1.0
1.0
1.0
1.0
1.0
1.0
0.9999999
0.99890554
0.999435
1.0
0.999992
0.9999958
1.0
1.0
1.0
1.0
1.0
1.0
0.9999994
0.99999964
1.0
1.0
0.99999404
1.0
0.9999987
1.0
1.0
1.0
1.0
0.9999962
1.0
1.0
1.0
1.0
0.9999999
1.0
0.99999964
1.0
1.0
1.0
1.0
1.0
1.0
0.9999994
1.0
1.0
1.0
1.0
1.0
1.0
1.0
0.99999964
1.0
0.9999995
0.99999857
1.0
0.9999988
1.0
1.0
1.0
1.0
1.0
1.0
1.0
1.0
1.0
1.0
1.0
1.0
0.9999895
1.0
0.9999962
0.97322583
1.0
1.0
1.0
0.99999905
1.0
1.0
0.99999595
0.9999943
0.9999927
1.0
1.0
1.0
0.9999924
1.0
1.0
0.99999845
1.0
1.0
0.9999988
1.0
0.999998
1.0
1.0
1.0
1.0
0.9999993
0.9881967
0.999992
0.99998355
1.0
0.99999213
0.9999821
0.99998426
1.0
0.999998
0.9999989
0.99999976
0.99999964
0.99999964
0.9999999
0.9999341
0.99987125
1.0
1.0
1.0
1.0
1.0
1.0
0.9999995
1.0
1.0
0.9999999
0.9999999
1.0
1.0
1.0
1.0
0.9999994
1.0
1.0
1.0
1.0
1.0
0.9999993
0.98793066
1.0
0.99999917
1.0
0.99658257
0.9611928
0.99999917
1.0
0.9999988
0.9996556
0.9999087
0.9999789
0.9999845
1.0
0.9890041
0.97795206
0.99999285
1.0
1.0
1.0
1.0
0.9997489
0.9999999
0.99999475
0.99999917
1.0
1.0
1.0
0.99999714
1.0
1.0
1.0
1.0
1.0
1.0
1.0
1.0
1.0
0.9999988
1.0
0.99999976
1.0
0.99999964
1.0
1.0
1.0
1.0
0.9999999
1.0
1.0
1.0
1.0
1.0
1.0
1.0
1.0
1.0
1.0
1.0
1.0
1.0
1.0
1.0
0.999995
0.9999993
0.999859
1.0
1.0
1.0
1.0
0.99999845
0.9997484
0.99999774
1.0
1.0
1.0
1.0
0.9999999
1.0
1.0
0.9999994
1.0
1.0
1.0
1.0
1.0
0.99999976
1.0
1.0
1.0
1.0
1.0
1.0
1.0
1.0
0.99991226
1.0
0.67136824
1.0
0.99999976
1.0
1.0
1.0
1.0
1.0
1.0
1.0
1.0
1.0
1.0
1.0
1.0
1.0
1.0
1.0
0.9997223
1.0
1.0
1.0
1.0
0.9999995
1.0
1.0
1.0
1.0
1.0
1.0
1.0
1.0
1.0
1.0
1.0
1.0
1.0
1.0
1.0
1.0
1.0
1.0
1.0
1.0
1.0
1.0
1.0
1.0
1.0
1.0
1.0
0.9999989
1.0
1.0
1.0
0.99999976
1.0
1.0
1.0
1.0
1.0
0.9999993
1.0
1.0
1.0
1.0
1.0
1.0
0.99999833
1.0
1.0
1.0
1.0
1.0
1.0
1.0
1.0
1.0
0.9999925
1.0
1.0
1.0
0.9999993
1.0
0.99999964
1.0
1.0
0.999997
0.99999976
0.99999344
0.99999964
1.0
1.0
1.0
0.99991417
0.9999995
0.9999995
1.0
0.9999994
1.0
0.999972
0.9999932
0.99999964
0.99999976
1.0
1.0
1.0
0.9999999
1.0
1.0
1.0
0.99997365
0.960962
0.99999976
0.9999995
0.9999521
0.9999999
0.99999964
1.0
0.6548434
1.0
0.9999999
0.9999982
0.9999999
1.0
1.0
0.99999976
1.0
1.0
1.0
1.0
0.99997926
0.99999976
0.99999964
1.0
1.0
0.9999999
0.99999976
1.0
1.0
1.0
1.0
1.0
1.0
1.0
1.0
1.0
1.0
1.0
1.0
0.9999999
1.0
1.0
1.0
1.0
1.0
1.0
1.0
1.0
1.0
1.0
1.0
1.0
1.0
1.0
1.0
1.0
1.0
1.0
1.0
1.0
1.0
1.0
1.0
1.0
1.0
0.99996173
1.0
1.0
1.0
1.0
1.0
1.0
1.0
1.0
0.9999999
1.0
1.0
1.0
1.0
1.0
1.0
1.0
1.0
1.0
1.0
1.0
1.0
1.0
0.9999503
0.9999999
1.0
1.0
1.0
1.0
1.0
1.0
0.99999964
1.0
1.0
1.0
1.0
1.0
1.0
1.0
0.999997
1.0
1.0
1.0
1.0
1.0
1.0
1.0
0.99999976
0.99999976
1.0
1.0
1.0
1.0
0.99999964
1.0
1.0
0.99999976
1.0
1.0
1.0
1.0
1.0
1.0
1.0
1.0
1.0
1.0
1.0
1.0
0.9999801
1.0
1.0
0.9999999
1.0
1.0
1.0
1.0
1.0
1.0
1.0
1.0
0.9999969
1.0
1.0
1.0
1.0
1.0
1.0
1.0
1.0
1.0
1.0
1.0
1.0
1.0
1.0
1.0
1.0
1.0
1.0
1.0
1.0
1.0
1.0
1.0
1.0
1.0
1.0
1.0
1.0
1.0
1.0
1.0
1.0
1.0
1.0
1.0
1.0
1.0
1.0
1.0
1.0
1.0
1.0
1.0
1.0
1.0
1.0
1.0
1.0
1.0
1.0
1.0
1.0
1.0
1.0
1.0
1.0
1.0
1.0
1.0
1.0
1.0
1.0
1.0
1.0
1.0
1.0
1.0
1.0
1.0
1.0
0.9999999
1.0
0.999984
1.0
1.0
1.0
1.0
1.0
1.0
1.0
1.0
1.0
1.0
1.0
1.0
1.0
1.0
1.0
1.0
1.0
1.0
1.0
1.0
1.0
1.0
1.0
1.0
1.0
1.0
1.0
1.0
1.0
1.0
0.9999999
1.0
1.0
1.0
1.0
1.0
1.0
1.0
1.0
1.0
1.0
1.0
0.99999905
1.0
1.0
1.0
1.0
1.0
1.0
0.99999905
1.0
1.0
1.0
1.0
1.0
1.0
1.0
1.0
1.0
1.0
1.0
1.0
1.0
1.0
1.0
1.0
1.0
0.9999993
1.0
1.0
1.0
1.0
1.0
1.0
1.0
1.0
1.0
1.0
1.0
1.0
1.0
1.0
1.0
1.0
1.0
1.0
1.0
1.0
1.0
1.0
1.0
1.0
1.0
1.0
1.0
1.0
1.0
1.0
1.0
1.0
1.0
1.0
1.0
1.0
1.0
1.0
1.0
0.9999999
0.9999876
1.0
1.0
1.0
1.0
1.0
1.0
1.0
1.0
1.0
1.0
1.0
1.0
1.0
1.0
1.0
1.0
1.0
1.0
1.0
1.0
1.0
1.0
1.0
1.0
1.0
1.0
1.0
1.0
1.0
1.0
1.0
1.0
1.0
1.0
0.9999727
1.0
1.0
0.9999999
1.0
1.0
1.0
0.9999982
1.0
1.0
1.0
1.0
1.0
1.0
1.0
1.0
1.0
1.0
0.9999999
1.0
1.0
1.0
1.0
1.0
0.99999964
1.0
1.0
1.0
1.0
1.0
1.0
0.9999999
1.0
1.0
1.0
1.0
1.0
1.0
1.0
1.0
1.0
1.0
1.0
1.0
1.0
1.0
1.0
1.0
1.0
0.99999905
1.0
0.9999999
1.0
1.0
1.0
1.0
1.0
1.0
1.0
1.0
1.0
1.0
0.9999988
1.0
1.0
1.0
1.0
1.0
1.0
1.0
0.99999726
1.0
1.0
1.0
0.99999714
1.0
1.0
1.0
1.0
1.0
1.0
0.9999993
1.0
1.0
1.0
1.0
1.0
1.0
1.0
1.0
1.0
1.0
0.9999999
1.0
1.0
1.0
1.0
1.0
1.0
0.99999976
1.0
1.0
1.0
1.0
1.0
1.0
1.0
1.0
1.0
1.0
1.0
1.0
1.0
1.0
1.0
1.0
0.9999863
1.0
1.0
1.0
1.0
1.0
1.0
1.0
1.0
1.0
1.0
0.9998399
0.9999995
1.0
0.99786085
0.9999999
0.9999999
0.9983955
0.9999833
0.99999845
1.0
0.8885635
1.0
1.0
1.0
1.0
0.98023456
0.9999902
0.9999999
1.0
0.9999993
1.0
1.0
1.0
1.0
1.0
1.0
0.99999976
0.99998915
1.0
0.9999999
1.0
1.0
1.0
1.0
0.99999964
0.9999981
0.99999857
1.0
1.0
1.0
1.0
0.9999999
1.0
1.0
1.0
1.0
1.0
1.0
0.9999285
0.99999976
1.0
1.0
1.0
0.99999964
1.0
1.0
1.0
1.0
1.0
0.9999999
0.9998585
1.0
0.9997273
1.0
1.0
1.0
1.0
1.0
1.0
1.0
0.99989784
1.0
1.0
1.0
1.0
1.0
1.0
1.0
1.0
1.0
0.99999976
1.0
1.0
1.0
0.99999964
0.99999964
1.0
1.0
1.0
1.0
1.0
1.0
1.0
1.0
1.0
1.0
1.0
1.0
1.0
1.0
1.0
0.9999709
1.0
0.99999964
1.0
1.0
1.0
1.0
0.99999976
1.0
1.0
1.0
1.0
1.0
0.99999475
1.0
1.0
1.0
0.99999976
1.0
1.0
1.0
1.0
1.0
1.0
1.0
1.0
1.0
1.0
1.0
1.0
1.0
0.99999976
1.0
1.0
0.9999999
1.0
1.0
1.0
1.0
1.0
1.0
1.0
1.0
1.0
1.0
1.0
1.0
1.0
0.9996012
1.0
1.0
1.0
1.0
0.99999964
1.0
0.99999964
1.0
1.0
0.9999974
1.0
0.9999976
1.0
1.0
1.0
1.0
1.0
1.0
1.0
1.0
1.0
1.0
1.0
1.0
1.0
1.0
1.0
1.0
1.0
0.9999995
1.0
1.0
1.0
1.0
1.0
1.0
1.0
1.0
1.0
1.0
1.0
1.0
1.0
1.0
1.0
0.9999999
0.9999999
0.9999999
1.0
0.9999999
1.0
1.0
1.0
1.0
1.0
0.9999988
0.9999999
1.0
1.0
0.99999976
1.0
1.0
1.0
1.0
1.0
1.0
0.99998295
1.0
0.99999976
1.0
1.0
0.9999999
1.0
1.0
1.0
1.0
1.0
1.0
1.0
1.0
1.0
1.0
1.0
1.0
1.0
1.0
0.999998
1.0
1.0
0.9999999
1.0
1.0
1.0
0.9999963
0.99999976
1.0
0.99999857
1.0
0.99999964
1.0
0.9999999
0.9999999
1.0
1.0
1.0
1.0
1.0
1.0
1.0
0.9999999
1.0
1.0
1.0
0.9999999
1.0
1.0
1.0
1.0
1.0
1.0
1.0
0.9999926
1.0
1.0
1.0
1.0
1.0
1.0
1.0
1.0
1.0
1.0
1.0
1.0
1.0
1.0
1.0
0.99999666
1.0
1.0
1.0
1.0
1.0
1.0
1.0
1.0
1.0
1.0
1.0
0.9999999
1.0
1.0
1.0
1.0
1.0
1.0
1.0
1.0
1.0
1.0
1.0
1.0
1.0
1.0
1.0
1.0
1.0
1.0
1.0
1.0
1.0
1.0
0.99999547
1.0
1.0
1.0
1.0
1.0
1.0
1.0
1.0
1.0
1.0
0.9998965
1.0
1.0
1.0
0.99999547
1.0
1.0
1.0
0.9999999
1.0
1.0
1.0
1.0
1.0
1.0
1.0
1.0
1.0
1.0
1.0
1.0
1.0
1.0
1.0
1.0
1.0
1.0
1.0
1.0
1.0
0.9999999
1.0
1.0
0.99994886
0.9999999
0.99999905
1.0
1.0
1.0
1.0
0.998314
0.9999999
1.0
0.99999917
1.0
1.0
0.9999999
1.0
1.0
0.99999964
0.9999722
1.0
1.0
1.0
1.0
0.9999999
0.9999832
1.0
0.99999976
1.0
1.0
1.0
0.9999999
1.0
1.0
1.0
0.9999999
1.0
1.0
1.0
1.0
0.9999989
1.0
1.0
0.99999964
1.0
1.0
1.0
1.0
0.99737895
0.9995901
0.9999969
1.0
0.9999064
0.99997723
1.0
1.0
1.0
1.0
1.0
1.0
1.0
1.0
1.0
1.0
0.9999999
1.0
1.0
1.0
1.0
1.0
1.0
1.0
1.0
0.99790144
1.0
1.0
1.0
1.0
1.0
1.0
1.0
0.9999999
1.0
0.9999852
1.0
1.0
1.0
1.0
1.0
1.0
0.9999968
1.0
1.0
1.0
0.9999999
1.0
1.0
1.0
1.0
1.0
1.0
1.0
1.0
1.0
0.9999999
1.0
1.0
1.0
1.0
1.0
1.0
1.0
1.0
1.0
0.99999964
0.9999999
1.0
0.9999989
0.99999726
0.9997155
1.0
0.99998355
0.99999535
1.0
0.9999889
1.0
1.0
0.9997477
1.0
1.0
1.0
1.0
0.99992764
1.0
1.0
0.9999987
1.0
0.99999976
1.0
0.9999951
0.99999964
1.0
1.0
1.0
0.99996185
1.0
1.0
1.0
1.0
1.0
1.0
1.0
1.0
0.99999964
0.99999464
1.0
1.0
0.9764115
1.0
1.0
1.0
0.99999976
0.9999999
0.99999714
1.0
0.99987483
0.99999785
0.9999932
1.0
1.0
1.0
1.0
1.0
0.9999893
1.0
1.0
1.0
0.99999964
1.0
1.0
1.0
0.99999964
1.0
1.0
1.0
1.0
1.0
0.9999864
1.0
0.9999999
1.0
1.0
1.0
1.0
1.0
1.0
1.0
1.0
0.99999905
1.0
1.0
1.0
1.0
0.99999976
1.0
1.0
1.0
0.99999964
1.0
1.0
0.99999976
1.0
1.0
1.0
0.99795747
0.99999905
1.0
1.0
1.0
1.0
1.0
0.9999999
0.99999917
0.9999875
1.0
1.0
0.99999976
1.0
1.0
1.0
1.0
1.0
1.0
1.0
0.99989164
0.99999976
1.0
0.99999976
1.0
0.9999981
0.99999416
0.99999976
0.99999976
1.0
0.9999993
0.9999987
1.0
0.9101394
1.0
0.9999988
0.9999989
0.9999999
0.9999579
0.99999905
0.99635565
0.9999951
1.0
1.0
1.0
0.9999999
1.0
0.99603647
1.0
0.99070966
0.9978982
0.60227156
1.0
1.0
0.9999995
0.514884
0.99998033
0.9999999
0.99999833
1.0
1.0
1.0
0.9999999
1.0
0.99999726
0.99997795
0.99999857
1.0
0.99999774
1.0
1.0
0.9999944
1.0
1.0
0.9999987
1.0
1.0
0.9422126
0.99999964
0.9999999
1.0
1.0
0.99509865
1.0
1.0
1.0
1.0
1.0
1.0
0.9999994
0.999998
0.9999987
0.49689534
1.0
1.0
1.0
0.9999931
1.0
1.0
0.999567
0.99998343
0.9999999
1.0
1.0
0.99999905
0.92866576
0.99968016
0.9998934
1.0
0.9999994
1.0
0.87621415
1.0
0.9999807
0.99998665
1.0
0.9999281
1.0
1.0
1.0
1.0
1.0
0.9999989
1.0
0.9999999
1.0
0.99999833
0.99980503
1.0
0.999899
1.0
1.0
0.9999999
1.0
1.0
1.0
0.9999994
1.0
1.0
0.9999888
1.0
1.0
0.9999703
0.9999995
0.99998903
1.0
0.9998876
1.0
0.9999937
0.9999999
1.0
1.0
1.0
0.999977
0.9999883
1.0
1.0
1.0
0.9999999
0.9999999
0.9999994
1.0
0.9999182
0.9999156
0.9999814
0.9999994
1.0
0.99102634
0.99999785
0.9999999
1.0
1.0
1.0
1.0
1.0
0.99991417
0.9999999
1.0
0.99999964
1.0
0.9999999
0.9971987
1.0
0.906107
1.0
1.0
0.9999933
1.0
1.0
1.0
0.9999318
0.9999999
0.99940276
1.0
0.9999845
0.99998987
1.0
1.0
1.0
0.99999976
1.0
0.9999968
0.9999999
1.0
1.0
0.82302403
0.99936575
1.0
0.99999905
1.0
1.0
1.0
1.0
0.99999225
1.0
1.0
1.0
1.0
1.0
1.0
1.0
0.9999994
1.0
1.0
0.9789708
1.0
1.0
1.0
1.0
0.99999976
1.0
1.0
1.0
0.9999999
1.0
1.0
1.0
1.0
1.0
1.0
1.0
0.99999416
0.99999964
1.0
0.99994814
0.99999654
1.0
1.0
1.0
1.0
0.9999999
1.0
0.99124956
0.99997485
0.9999957
1.0
1.0
1.0
1.0
1.0
0.9946372
1.0
1.0
0.9993181
1.0
1.0
1.0
1.0
0.99996996
0.99999523
0.9999999
0.9999678
1.0
1.0
1.0
0.9999995
1.0
0.9999999
1.0
1.0
0.99998987
1.0
1.0
0.99999964
1.0
1.0
1.0
0.99983037
1.0
1.0
1.0
1.0
0.9990827
1.0
1.0
1.0
0.99995565
0.9999932
1.0
0.99999666
1.0
0.9905289
1.0
0.9999969
0.99996674
0.99999595
0.9999851
0.9999999
1.0
1.0
1.0
1.0
1.0
1.0
1.0
0.9999995
0.9999999
0.99506736
0.9983644
0.9999453
1.0
1.0
1.0
1.0
1.0
1.0
0.9999993
1.0
1.0
0.9999963
1.0
1.0
1.0
1.0
1.0
0.9995478
1.0
0.9999999
1.0
1.0
1.0
1.0
1.0
1.0
1.0
1.0
1.0
1.0
0.99999964
1.0
1.0
1.0
1.0
0.9999975
0.9999813
1.0
1.0
1.0
1.0
1.0
1.0
1.0
1.0
1.0
0.99999976
1.0
1.0
0.99999964
1.0
1.0
1.0
1.0
1.0
1.0
1.0
1.0
1.0
1.0
0.99999976
1.0
1.0
1.0
1.0
0.99996257
1.0
1.0
1.0
1.0
0.99999344
0.99999964
1.0
1.0
1.0
0.99999845
0.999998
0.96216804
1.0
1.0
0.99999976
1.0
1.0
1.0
1.0
1.0
1.0
1.0
1.0
1.0
1.0
1.0
1.0
1.0
1.0
