1.0
1.0
1.0
0.999995
0.9999999
1.0
0.9999491
0.9999999
0.97581744
0.99996614
1.0
0.9999999
0.99998784
1.0
1.0
0.9999999
0.9999888
1.0
0.9258237
1.0
0.9999993
0.99999964
1.0
1.0
0.9999999
1.0
1.0
1.0
0.99999917
1.0
1.0
0.99999964
0.9999999
0.99984324
1.0
1.0
1.0
1.0
0.99999475
1.0
1.0
0.99999905
0.99998116
0.99999535
0.99999285
1.0
0.9999871
1.0
0.999938
1.0
0.99999976
1.0
1.0
1.0
1.0
1.0
1.0
1.0
0.99999833
0.9999975
1.0
1.0
0.9982864
0.99994683
1.0
0.9999999
0.9999999
0.9999974
1.0
1.0
1.0
1.0
1.0
0.9999697
1.0
1.0
1.0
1.0
0.9999682
0.9999908
1.0
1.0
1.0
1.0
1.0
1.0
0.99999964
0.99999964
1.0
0.9999999
1.0
1.0
0.9791393
0.9999789
0.9999999
0.9982279
0.9996766
0.9999937
1.0
1.0
1.0
1.0
1.0
1.0
0.99999976
0.99999964
1.0
0.99999654
0.9999999
1.0
1.0
0.9999869
1.0
1.0
1.0
0.9490234
0.99999976
1.0
0.99998534
0.9993629
0.9999964
0.999747
1.0
1.0
0.9999902
0.99985814
1.0
1.0
1.0
1.0
1.0
1.0
0.99999857
0.99999976
1.0
1.0
1.0
1.0
1.0
0.99959034
1.0
1.0
0.9999975
1.0
0.9999999
1.0
1.0
1.0
1.0
0.99996054
0.99999976
0.9973109
1.0
1.0
1.0
1.0
1.0
1.0
0.99994445
0.9999995
0.99919015
1.0
1.0
1.0
1.0
1.0
1.0
0.9998677
1.0
1.0
1.0
0.99695945
0.9999999
0.99999964
1.0
0.99983466
1.0
1.0
1.0
1.0
1.0
1.0
0.9999999
1.0
0.99832827
0.9999969
1.0
0.99999917
1.0
0.99999905
0.99998677
0.9999702
1.0
0.99975556
1.0
0.9988883
1.0
1.0
0.9999901
0.99962795
0.9999994
1.0
1.0
1.0
1.0
1.0
0.99998534
0.99999917
1.0
0.97759295
1.0
0.99447036
1.0
1.0
0.999951
1.0
1.0
0.9999434
1.0
1.0
0.99999833
0.99991703
1.0
1.0
1.0
1.0
0.9999975
1.0
1.0
1.0
0.9999999
1.0
1.0
1.0
0.9999999
0.99999833
1.0
1.0
1.0
1.0
0.99999285
0.9995516
0.9998896
0.9999616
0.9999999
0.9995974
1.0
0.96968275
0.9999968
1.0
0.9999863
1.0
1.0
1.0
1.0
0.9999949
0.99999905
0.9999968
1.0
0.7599564
1.0
1.0
1.0
1.0
0.99892837
1.0
0.9903667
1.0
0.9999838
1.0
0.9999999
0.99999976
1.0
0.9999989
1.0
0.9999995
1.0
1.0
1.0
1.0
0.9999999
1.0
0.9984515
1.0
0.9999989
1.0
0.9999987
0.999998
1.0
0.99998105
0.99939597
0.99999654
0.9998834
1.0
1.0
0.9999999
1.0
0.9999993
0.9999994
1.0
1.0
0.99999964
1.0
1.0
1.0
1.0
1.0
1.0
0.99999845
1.0
1.0
1.0
1.0
0.9999896
1.0
1.0
0.9999999
0.9999037
0.99999666
1.0
0.99846315
0.69264406
0.9999982
1.0
0.99999845
0.9999746
0.99869436
1.0
0.9999987
1.0
1.0
1.0
1.0
0.9999999
1.0
1.0
0.9996356
0.9999951
0.99999917
0.99999785
0.6589272
1.0
1.0
1.0
1.0
1.0
1.0
0.99999356
1.0
0.99999976
0.9999994
1.0
0.9999999
0.9999951
1.0
0.99999976
1.0
0.9999999
0.9986755
0.88019246
0.99999964
1.0
0.9999968
1.0
1.0
1.0
0.9998987
1.0
0.9999831
1.0
1.0
1.0
0.9999999
1.0
1.0
1.0
0.9999999
1.0
1.0
1.0
1.0
0.9996356
1.0
1.0
1.0
1.0
0.99999225
1.0
1.0
0.9999815
0.99999905
0.9999938
1.0
1.0
0.9999591
0.99999726
1.0
0.9999968
0.99999964
0.99999726
0.99995875
1.0
1.0
0.999966
0.99996877
0.99999976
0.99995637
1.0
0.9999999
1.0
1.0
0.9999001
0.9990108
0.9999999
0.9999995
0.9998609
1.0
0.9991309
1.0
1.0
0.99999416
1.0
0.9999982
1.0
1.0
1.0
1.0
1.0
1.0
1.0
1.0
1.0
0.99999976
1.0
1.0
0.9999503
1.0
0.9999987
1.0
0.9999999
1.0
0.9999993
0.9999994
1.0
0.9997191
0.96078116
0.9999974
0.9840284
0.9981547
0.8048786
0.990737
1.0
1.0
1.0
0.9999893
1.0
0.99999213
0.9999888
1.0
1.0
0.9997285
1.0
0.9999958
1.0
0.99031466
0.99999976
1.0
1.0
0.99753785
0.99999607
1.0
0.9999989
1.0
1.0
1.0
0.99999964
1.0
1.0
0.9998355
0.99962425
1.0
1.0
1.0
1.0
1.0
1.0
1.0
0.9999995
0.9999999
1.0
0.9999987
0.9999993
0.99999726
1.0
1.0
0.46814877
1.0
0.99610174
0.9999988
1.0
1.0
0.99999976
0.9999974
1.0
0.9999999
0.9999999
1.0
0.9999565
0.9999962
0.9999999
1.0
0.9999697
1.0
1.0
1.0
0.9999995
1.0
1.0
1.0
0.99999905
1.0
0.999997
0.9999999
0.99999833
1.0
1.0
0.99999976
0.9999987
0.9995735
1.0
0.9999685
0.9999999
0.9999943
1.0
0.9999994
1.0
1.0
1.0
1.0
0.99999976
0.9999988
1.0
0.99985397
0.99574924
0.9999999
1.0
1.0
0.9999964
0.9999987
1.0
0.9999999
0.998214
0.9999685
1.0
1.0
1.0
0.9999999
0.9999658
0.99999595
0.9999994
1.0
0.99999726
1.0
1.0
1.0
0.99999976
1.0
1.0
0.9999999
0.9999999
0.9999999
0.9998548
1.0
0.9999999
1.0
0.9999994
0.9999999
1.0
0.9999957
1.0
0.99999976
0.99999976
0.93846756
0.94542974
1.0
1.0
1.0
0.99999857
0.99999976
1.0
1.0
0.99930024
1.0
0.99988997
0.9999994
0.99999976
1.0
0.99997747
0.9999999
0.99999976
1.0
1.0
1.0
0.9999924
1.0
0.9999999
1.0
1.0
1.0
1.0
0.9999993
0.9999999
1.0
0.9999963
1.0
0.99999905
0.9999999
1.0
0.9998584
0.98243123
0.99999976
1.0
1.0
0.9999999
0.999918
0.9704052
1.0
0.9999999
0.99999976
0.9999993
1.0
1.0
1.0
1.0
1.0
0.99990654
1.0
0.99999106
1.0
0.99998415
0.9999999
1.0
0.9999553
1.0
1.0
0.9957968
0.9598332
1.0
1.0
1.0
0.99999976
0.9999999
1.0
1.0
1.0
0.99999976
1.0
1.0
0.9999622
0.3854176
1.0
0.9999999
1.0
1.0
1.0
1.0
0.99999976
0.9999958
1.0
1.0
1.0
0.999933
1.0
0.9999789
0.72071195
1.0
0.99999213
0.9999713
0.9999964
0.99999976
1.0
0.99999964
1.0
0.99999976
0.73987865
0.99999523
1.0
1.0
0.9999999
0.99843997
1.0
0.99864274
1.0
0.99999976
0.99999344
1.0
1.0
1.0
0.9999604
0.9999982
0.9999995
1.0
1.0
1.0
1.0
1.0
1.0
0.99999344
0.99999976
1.0
1.0
1.0
0.9999988
1.0
1.0
0.9999957
0.9904327
0.9911582
1.0
0.99999976
0.9574805
1.0
1.0
0.9999908
1.0
1.0
0.99952567
1.0
0.9999956
0.9999999
0.99999905
1.0
1.0
0.9999999
1.0
1.0
0.9999199
0.9999982
0.9995258
0.9999809
0.9895348
0.9999975
1.0
0.9999987
1.0
1.0
0.99999726
1.0
0.9999999
1.0
1.0
0.99999976
1.0
1.0
1.0
1.0
1.0
1.0
1.0
1.0
0.99766445
0.99947125
0.9999559
1.0
1.0
0.9999999
0.99999964
0.9999999
1.0
0.99999976
1.0
0.9999993
1.0
1.0
0.9999994
1.0
0.9999999
1.0
0.99999905
1.0
0.9999783
0.9999685
0.99999964
1.0
0.99999833
0.9999976
0.999954
1.0
1.0
0.9951487
0.9999994
0.9999714
1.0
1.0
1.0
1.0
1.0
0.99998295
1.0
1.0
0.99823976
0.9999993
1.0
1.0
0.99999976
1.0
1.0
1.0
1.0
1.0
0.9999987
1.0
1.0
0.94224876
1.0
0.9999999
0.99999475
0.9999982
1.0
1.0
1.0
1.0
1.0
0.99989104
1.0
1.0
1.0
1.0
1.0
0.99996734
1.0
1.0
1.0
0.9998754
0.9999989
1.0
1.0
0.9999999
1.0
0.99290293
0.99999976
1.0
1.0
1.0
0.9610509
0.99999976
0.99980086
1.0
1.0
1.0
1.0
1.0
1.0
1.0
1.0
1.0
0.99999964
0.99999416
1.0
0.9999988
1.0
1.0
1.0
1.0
1.0
1.0
0.99908996
1.0
1.0
1.0
0.99999726
1.0
0.9999993
1.0
0.9999552
0.99999833
1.0
0.9999722
0.99999976
1.0
1.0
0.97831833
0.8807375
0.50472814
1.0
0.9999815
1.0
1.0
0.99999905
1.0
0.999998
1.0
1.0
0.9999858
0.9999976
0.99977535
0.99996185
1.0
0.9999865
1.0
0.99945766
0.99999964
0.99227685
0.9999864
1.0
1.0
0.9999968
1.0
1.0
0.9999902
1.0
1.0
1.0
0.9999987
1.0
1.0
0.99985886
1.0
1.0
1.0
1.0
1.0
0.9999999
1.0
0.89417195
1.0
0.99998796
1.0
0.9999987
1.0
0.99999714
1.0
1.0
1.0
1.0
1.0
0.9985318
1.0
0.73352116
0.9871875
0.9999933
1.0
1.0
0.9999999
0.9999995
1.0
0.9999981
0.9941163
1.0
0.99999976
0.99994767
0.9999999
1.0
0.9999999
1.0
0.99922526
0.9975527
0.9999999
0.9695877
1.0
0.9999988
1.0
0.99994946
1.0
1.0
0.8721342
0.9999995
1.0
1.0
0.9991509
0.99999964
1.0
1.0
1.0
1.0
1.0
0.99999976
0.99999976
1.0
0.99999976
1.0
0.9999999
0.9999435
1.0
1.0
0.9999993
1.0
1.0
1.0
1.0
1.0
0.9999995
0.99999714
1.0
0.9999999
0.99998605
1.0
1.0
0.9999839
0.99998236
0.99999905
0.9999999
0.9999987
0.99999917
0.9999999
1.0
0.9999726
1.0
1.0
1.0
0.9999969
1.0
0.9999976
0.99999976
0.99866354
0.9999993
1.0
0.99999774
1.0
0.9999999
1.0
0.999984
0.99997115
0.9999999
0.9999888
1.0
0.99999964
1.0
0.99999976
1.0
1.0
0.99999917
0.99938595
0.99232376
1.0
1.0
1.0
1.0
1.0
0.71880966
1.0
1.0
0.9999958
0.9999999
0.99925977
0.9066126
1.0
1.0
0.99999964
1.0
0.9999999
0.9999602
1.0
1.0
1.0
0.99999905
0.99999785
0.99999297
0.9999993
0.9999994
1.0
0.9999994
0.9979824
0.99999976
1.0
0.9999994
1.0
1.0
0.9999578
0.9999962
1.0
1.0
0.9992805
1.0
1.0
1.0
1.0
0.9999988
0.99999976
1.0
1.0
0.99995565
0.99999833
1.0
1.0
1.0
0.9999999
1.0
1.0
0.99999464
0.9999888
1.0
0.9999999
1.0
0.9999999
1.0
1.0
1.0
0.9999999
1.0
0.99999964
0.999951
1.0
1.0
1.0
0.9999988
1.0
0.98080057
0.99999964
1.0
1.0
1.0
0.6446446
1.0
0.9534517
1.0
1.0
1.0
0.9999796
0.9999943
1.0
0.9999654
0.99999976
1.0
0.9999999
0.9999999
1.0
0.99999976
0.95048153
1.0
0.99996924
0.99999905
1.0
0.9999987
0.9999999
1.0
1.0
1.0
0.9999999
1.0
1.0
1.0
0.9999999
0.99999523
1.0
0.99999297
1.0
0.99956626
0.9999999
1.0
0.9999993
1.0
0.99999
0.9999846
0.9999999
1.0
0.9999919
0.99999905
1.0
0.99999976
1.0
0.9999995
1.0
1.0
0.9998932
0.99999976
0.99945647
1.0
1.0
0.9991472
1.0
1.0
1.0
0.99999905
1.0
1.0
0.9999999
1.0
0.9991979
1.0
1.0
0.9988115
0.82569027
1.0
0.99999857
0.9999999
1.0
0.99999523
1.0
1.0
1.0
0.9998079
0.99884367
1.0
0.99999976
1.0
1.0
0.9999999
0.99999464
0.99999964
0.99999964
1.0
0.9972729
1.0
0.9999343
1.0
0.9992587
1.0
0.9999893
0.9999449
1.0
0.9999999
0.9999777
1.0
0.99999976
0.9999993
0.99999964
0.9999875
1.0
1.0
1.0
0.99999475
1.0
0.99999964
0.9999931
1.0
0.8477485
1.0
0.9999789
1.0
0.99999845
0.99999917
0.9767749
0.99997866
0.9999976
0.9999993
1.0
1.0
1.0
0.99999785
1.0
0.9999999
0.8917659
0.9999956
0.9999883
1.0
1.0
0.66826373
0.9999609
1.0
1.0
0.99999976
0.9999883
0.999998
1.0
1.0
0.99989414
1.0
0.99999976
1.0
0.8387473
1.0
1.0
0.99982893
0.9999734
1.0
0.9999999
1.0
1.0
1.0
0.9999949
1.0
0.99997616
0.9997696
0.9997056
1.0
0.99999976
0.9999989
1.0
0.9976163
1.0
0.998711
0.9989791
1.0
1.0
1.0
1.0
0.9999999
0.9999993
0.9944463
0.99856913
0.9999999
0.9999968
1.0
1.0
1.0
0.99986565
1.0
1.0
0.8427103
1.0
0.9999933
0.9999999
0.99999964
1.0
1.0
1.0
0.9999999
0.9999993
1.0
0.9999999
0.99999964
1.0
1.0
1.0
0.99996257
1.0
1.0
0.99999833
0.70955664
1.0
1.0
1.0
1.0
1.0
0.9999769
0.9944186
1.0
0.99949646
1.0
0.9995552
0.99991274
1.0
1.0
0.9999852
0.9999999
1.0
0.96994734
1.0
0.99993026
1.0
1.0
1.0
0.99999917
0.9999975
1.0
1.0
0.9999963
0.99999344
0.9999994
1.0
1.0
0.9999733
1.0
0.9999999
0.99999964
0.99996424
0.9999969
1.0
1.0
1.0
1.0
1.0
1.0
0.98893356
0.99999917
0.99999964
0.99999964
1.0
1.0
1.0
1.0
1.0
1.0
1.0
1.0
1.0
0.9999676
0.9996037
1.0
1.0
1.0
1.0
0.9999999
0.99999976
0.9999621
0.9999995
1.0
1.0
1.0
1.0
0.99986696
1.0
0.9640035
0.99638724
0.99999917
1.0
0.99993646
0.99999976
1.0
0.99999833
1.0
0.9999516
0.9999168
0.99999976
1.0
0.9999995
1.0
0.9999969
0.9999999
1.0
0.99999845
1.0
0.9999893
0.68552375
0.9982412
1.0
0.99999976
0.99999976
1.0
1.0
1.0
1.0
0.99985254
1.0
0.99946743
1.0
0.9999989
0.9999968
0.9999001
1.0
0.9999999
1.0
0.999998
1.0
0.9999635
0.9999871
0.99999833
0.99990916
0.9999676
0.9822014
0.99992526
1.0
1.0
0.9999726
1.0
1.0
0.9999833
1.0
1.0
1.0
1.0
1.0
0.9999478
0.99999976
0.9999995
1.0
1.0
0.9999995
0.9941083
1.0
1.0
0.99999905
1.0
0.99999964
0.9999994
0.9999974
0.9999622
1.0
0.9999994
1.0
1.0
0.9999999
1.0
1.0
0.9999968
0.9999846
1.0
1.0
1.0
1.0
1.0
0.9999968
1.0
1.0
1.0
1.0
1.0
0.99999976
0.9999999
0.9999999
1.0
0.9999981
1.0
0.9992605
1.0
0.9999926
1.0
1.0
1.0
0.9988047
0.9999989
0.99999976
1.0
1.0
0.99999964
1.0
0.9999999
0.99901044
0.99987483
0.9999925
0.99999976
0.9999999
1.0
0.9999993
1.0
0.999889
1.0
0.9999993
1.0
0.974232
1.0
0.9928317
0.99996126
1.0
1.0
1.0
0.97620606
1.0
1.0
0.7362979
0.9999869
0.9999999
0.9999939
1.0
1.0
1.0
1.0
1.0
1.0
1.0
1.0
1.0
0.9999765
1.0
1.0
1.0
0.99892265
0.9999999
0.99169075
1.0
0.9997856
0.9999999
0.99596184
0.99818593
1.0
1.0
0.9999926
0.99997735
0.99155736
1.0
0.9999999
0.99997914
1.0
1.0
1.0
0.9999989
1.0
1.0
0.99895287
0.99969065
1.0
1.0
0.9999999
1.0
1.0
0.9999938
1.0
1.0
0.99999523
1.0
0.99997365
1.0
0.9999999
0.9999943
1.0
1.0
0.99998474
1.0
1.0
1.0
1.0
0.9999999
1.0
0.99999845
0.99999464
1.0
0.99999297
1.0
1.0
0.9997389
0.9999839
1.0
1.0
0.99999976
1.0
0.99999976
0.9999217
1.0
0.9980356
1.0
0.99717426
1.0
0.9999968
0.99996245
1.0
1.0
0.9999958
0.9999795
1.0
0.9999392
0.95493823
1.0
1.0
0.99999905
1.0
0.99997795
0.999982
1.0
1.0
1.0
0.99999917
0.99999976
1.0
0.9987674
1.0
1.0
0.99985194
0.99999976
1.0
0.9999907
0.91925305
1.0
1.0
1.0
1.0
1.0
1.0
1.0
0.9999726
1.0
1.0
1.0
1.0
0.99944824
0.99999905
1.0
1.0
1.0
1.0
0.99999845
1.0
1.0
1.0
1.0
1.0
1.0
0.9999919
1.0
1.0
0.99999845
0.9997764
0.9999994
0.99995935
1.0
1.0
0.99998367
1.0
0.9555698
1.0
0.9999999
0.9623592
0.99999964
1.0
1.0
1.0
0.9989004
0.9999937
1.0
0.99995005
1.0
0.99999475
1.0
1.0
1.0
0.9999993
0.99999464
0.99999917
1.0
1.0
1.0
0.99993086
0.9999906
1.0
1.0
1.0
1.0
0.9999938
1.0
0.6551598
0.99999917
0.9999958
0.9999999
1.0
0.9999999
1.0
0.9998487
0.9735555
0.9997621
1.0
1.0
0.9998764
0.99995124
1.0
1.0
0.99999666
1.0
0.9999999
0.9999999
0.99999976
0.9999764
1.0
0.9999926
1.0
1.0
1.0
1.0
0.9726556
1.0
1.0
0.9999999
1.0
1.0
0.9999988
1.0
1.0
0.9999949
0.99999964
0.9940392
1.0
1.0
0.9999969
1.0
1.0
0.9763035
0.9999865
1.0
1.0
0.99999917
0.99999845
0.9999999
0.99999833
0.9999999
0.9999999
1.0
1.0
1.0
1.0
1.0
0.9999701
1.0
0.99999595
0.99982506
0.99977416
0.9999906
1.0
1.0
1.0
1.0
0.999995
1.0
0.9999994
0.99996793
1.0
1.0
0.999892
1.0
1.0
0.9999951
1.0
0.5562513
1.0
1.0
0.9999989
0.9999999
1.0
1.0
0.9999999
0.99999714
1.0
0.9870978
0.9999888
0.9999981
1.0
1.0
1.0
1.0
1.0
0.9997024
0.9971185
0.9999999
0.99999654
0.9999999
0.9999505
1.0
1.0
0.99999905
1.0
1.0
0.99997354
1.0
1.0
0.99969125
0.9999994
1.0
0.99999535
1.0
1.0
0.9937226
0.99999976
1.0
0.9999999
1.0
0.99999857
0.9999999
1.0
0.9999999
0.9999999
0.9999652
0.9999994
1.0
0.99999964
0.9999994
0.9999968
0.9999994
1.0
1.0
0.99549
1.0
0.99999857
0.99999976
0.9999993
0.9999999
0.9999398
1.0
1.0
0.9999925
0.9999727
1.0
1.0
1.0
1.0
1.0
1.0
1.0
0.99791366
0.9999993
1.0
0.99929357
0.9999995
1.0
0.9987796
1.0
1.0
1.0
1.0
1.0
1.0
0.9797489
0.99999964
0.9773596
0.9999999
0.9999999
0.9987552
1.0
1.0
1.0
1.0
0.99999976
0.99999976
1.0
1.0
1.0
1.0
0.99999976
0.9999982
0.99999976
1.0
0.99998856
0.99998283
0.9994628
0.9761721
1.0
0.5549009
0.9999995
1.0
1.0
1.0
1.0
0.9964497
0.99999654
0.99998343
1.0
0.9999976
1.0
0.9999999
1.0
0.99999917
0.9999994
1.0
1.0
1.0
1.0
1.0
0.9999956
1.0
0.9999882
1.0
1.0
0.99997556
1.0
1.0
1.0
1.0
1.0
1.0
1.0
0.9999994
0.99995065
1.0
0.9999999
0.99999034
1.0
0.99999976
0.9999989
0.9999999
1.0
0.99996793
1.0
0.9983529
1.0
1.0
0.99999774
1.0
0.9999633
0.99351704
0.9983028
0.9999999
1.0
1.0
1.0
1.0
1.0
0.9998996
0.9999999
1.0
1.0
1.0
0.99999976
0.99941504
1.0
0.9999999
1.0
0.99999976
1.0
1.0
0.9999987
1.0
0.9999974
1.0
1.0
1.0
0.99977285
1.0
0.998041
1.0
1.0
0.9999989
0.99996006
0.9999926
0.9999993
1.0
0.9999865
0.9999968
0.9999993
1.0
0.99999964
1.0
0.99995446
0.9999976
0.9999989
0.9999913
1.0
1.0
1.0
0.9999999
1.0
1.0
0.99999976
0.99999726
1.0
1.0
1.0
1.0
0.9999995
1.0
0.99893755
1.0
0.9065784
0.9999995
1.0
0.99999905
1.0
0.9999999
0.99921
0.9996562
1.0
1.0
0.9999876
0.9999982
0.99999976
1.0
1.0
0.99999976
1.0
0.7582283
0.9999994
0.99997413
1.0
1.0
0.74479055
1.0
1.0
0.8758429
0.99910104
0.99999976
1.0
0.9999949
0.9997501
0.99999905
0.9999999
1.0
0.99997735
0.8036588
0.9999999
1.0
1.0
0.9999999
0.9968093
1.0
0.9999902
0.9999995
1.0
0.99994993
0.9999999
0.99999976
0.9999995
0.99999964
0.9999181
1.0
0.91258913
0.9999987
1.0
1.0
0.9999809
0.9999999
1.0
0.9999999
1.0
1.0
1.0
1.0
1.0
1.0
0.9973157
1.0
1.0
0.99999964
0.9999999
0.99999297
0.9983608
0.99999976
1.0
0.99330854
0.9999579
0.9999994
1.0
1.0
0.6276637
0.99996865
1.0
0.99999976
1.0
1.0
0.99999976
0.9997856
1.0
0.7035852
1.0
0.89012414
1.0
1.0
1.0
0.9999901
1.0
0.9999993
0.99999726
1.0
0.87366337
1.0
1.0
1.0
0.9999995
1.0
1.0
0.9999888
1.0
1.0
1.0
0.6849651
0.9979652
0.9987124
1.0
1.0
1.0
0.5458244
0.9999995
1.0
0.9999963
1.0
1.0
1.0
1.0
0.99999976
1.0
1.0
1.0
0.9999918
0.9999143
0.9999999
0.99999833
1.0
1.0
0.99999404
1.0
1.0
1.0
1.0
0.9999237
1.0
0.99999976
0.99914646
0.9976903
1.0
1.0
1.0
0.99998534
1.0
0.99995065
0.99996066
1.0
1.0
1.0
1.0
0.9999356
1.0
1.0
1.0
1.0
0.9999999
1.0
0.9999995
0.8661969
1.0
1.0
0.9999548
0.99268335
1.0
0.9999819
0.998256
1.0
1.0
1.0
0.9999976
1.0
0.9997048
1.0
0.999997
0.9984463
1.0
0.9999453
1.0
1.0
1.0
1.0
1.0
1.0
1.0
1.0
0.9999995
1.0
1.0
0.9999964
1.0
1.0
0.9999807
0.9999968
1.0
0.999998
1.0
1.0
1.0
0.9999894
0.9999999
0.99641234
0.9998087
1.0
1.0
1.0
0.9999999
1.0
1.0
0.9999602
1.0
0.99999964
0.9999999
1.0
0.991959
1.0
1.0
1.0
1.0
0.99997425
1.0
0.9999957
1.0
1.0
0.9999999
0.99999976
1.0
0.9999999
0.99999845
1.0
0.99999905
1.0
1.0
1.0
0.9999999
0.9999286
0.99999833
1.0
1.0
1.0
1.0
0.9999999
1.0
0.9673291
1.0
0.99999857
1.0
1.0
1.0
0.99581844
1.0
1.0
1.0
0.99999976
1.0
1.0
0.99997294
0.95485693
1.0
0.99999976
1.0
1.0
1.0
0.9999999
1.0
0.99999654
1.0
1.0
0.9999988
0.9996232
0.8185518
1.0
1.0
0.99999857
1.0
0.9999974
0.9999727
0.99999833
1.0
0.9999944
0.9999999
0.99999976
0.99999774
1.0
0.9999988
0.97125477
0.99999964
1.0
1.0
1.0
1.0
0.9992422
1.0
1.0
1.0
0.9999993
1.0
0.99999547
1.0
0.9999994
1.0
0.9999999
1.0
0.9999708
0.99998987
1.0
0.9241456
1.0
1.0
1.0
1.0
0.9999995
1.0
1.0
1.0
0.9999387
0.99999714
1.0
0.9999988
0.9999999
0.98237944
1.0
0.9999999
1.0
1.0
1.0
1.0
1.0
0.9999989
1.0
1.0
1.0
0.9999993
1.0
1.0
0.9999149
1.0
1.0
0.99999917
1.0
0.9999994
0.99999976
1.0
0.9999962
1.0
1.0
0.7117326
0.99999964
0.9999454
1.0
1.0
1.0
0.9999995
1.0
0.99991655
0.9999987
1.0
0.55074364
1.0
0.9999858
1.0
1.0
1.0
0.9999994
0.9978206
0.99999976
1.0
1.0
1.0
0.9999982
0.9997751
1.0
0.9994168
0.9999926
1.0
0.9999937
1.0
1.0
1.0
0.9999999
1.0
0.99999964
0.9999995
0.8282455
1.0
0.999985
0.99999535
1.0
1.0
1.0
1.0
0.4695683
0.99998105
1.0
0.99987495
1.0
0.9999987
0.99998355
1.0
0.9997421
1.0
1.0
0.9999989
0.9997893
1.0
1.0
0.9999989
1.0
0.9999987
1.0
0.99981946
0.999997
1.0
1.0
0.999806
0.9999999
1.0
1.0
0.9972101
1.0
0.999998
1.0
1.0
1.0
0.9944089
0.99976677
1.0
0.99999034
1.0
1.0
1.0
0.91033393
0.9997758
1.0
0.99979
1.0
0.99998236
0.9999819
1.0
0.9994641
1.0
0.9999832
1.0
1.0
1.0
1.0
1.0
1.0
1.0
0.9999982
1.0
0.99999833
1.0
0.99985754
0.999987
0.99991965
1.0
0.99999964
0.9999933
0.99999905
1.0
0.9999969
1.0
1.0
1.0
0.6538374
0.9999988
1.0
1.0
1.0
1.0
1.0
1.0
0.9999926
0.9999968
1.0
1.0
1.0
1.0
1.0
1.0
0.99999976
1.0
0.9999999
0.99999976
0.99999774
1.0
1.0
0.9999999
0.9999989
0.99999964
0.9983944
0.9999621
0.99948406
1.0
0.99999976
1.0
1.0
0.99992406
0.9999994
0.9998492
1.0
0.9999745
0.9966313
0.9999999
0.99836487
1.0
0.9999962
1.0
0.9985714
0.99996984
0.91443384
0.9999999
1.0
1.0
1.0
1.0
0.9999547
1.0
0.99999726
1.0
0.99999523
1.0
1.0
1.0
0.95288664
1.0
1.0
0.99999547
1.0
1.0
1.0
1.0
0.9997602
0.9999995
1.0
0.9999957
0.9999931
1.0
0.99999976
1.0
0.99999976
1.0
1.0
0.99999976
1.0
0.99998474
0.9999454
1.0
0.9999999
0.99662906
1.0
1.0
1.0
0.99997365
0.99627304
1.0
0.9999999
0.9999995
0.9947766
1.0
1.0
0.99999833
0.9999995
1.0
1.0
0.999778
0.9999999
1.0
1.0
1.0
0.9999988
1.0
0.9998134
0.9987962
0.99999774
0.9999999
1.0
1.0
0.9999975
0.9999988
0.9999999
1.0
1.0
0.99664223
1.0
0.99999964
0.9999336
0.9999999
0.99999905
1.0
1.0
1.0
1.0
1.0
0.99988556
1.0
0.9999988
1.0
1.0
0.9999988
0.9999976
0.9999999
1.0
1.0
1.0
1.0
0.99856263
0.9980269
1.0
1.0
1.0
0.99980205
0.99999964
0.99999917
0.99999976
1.0
1.0
0.9999831
0.999997
1.0
1.0
0.9999795
1.0
1.0
0.9780974
1.0
1.0
0.9999994
1.0
0.99999917
0.9946126
1.0
1.0
1.0
0.99999905
0.9416409
1.0
1.0
0.99999976
1.0
0.9999999
0.9999999
1.0
1.0
0.99324083
1.0
0.9998536
0.9999627
0.9999994
0.9999982
1.0
1.0
1.0
1.0
0.9942326
1.0
0.9999993
1.0
1.0
0.99995196
1.0
0.99999845
0.99990404
1.0
1.0
0.99997985
1.0
1.0
1.0
1.0
1.0
0.99998903
1.0
1.0
0.9999995
1.0
1.0
1.0
1.0
0.9999994
1.0
0.99985206
1.0
1.0
0.99999964
1.0
1.0
1.0
1.0
0.9997706
1.0
0.9999994
1.0
1.0
0.9999299
0.9999999
0.7471686
1.0
1.0
1.0
1.0
1.0
1.0
0.9999993
1.0
1.0
0.99329525
0.9999988
0.99998724
1.0
0.9999993
0.99999297
0.9999975
1.0
0.9999976
1.0
0.99992764
1.0
0.4617638
0.9999901
1.0
0.9999999
1.0
1.0
1.0
0.9999993
0.99999404
0.99999607
1.0
0.99999666
0.99483633
0.9999995
0.9999981
1.0
0.98171645
1.0
0.9947513
0.99998534
1.0
1.0
0.9999999
1.0
1.0
1.0
1.0
0.99984574
0.94902074
0.64245665
1.0
0.99999046
1.0
0.9999951
1.0
0.99999964
0.9881094
1.0
0.9981072
0.99999785
0.99999857
1.0
0.99999976
1.0
1.0
1.0
1.0
1.0
1.0
0.9999995
1.0
0.9999976
1.0
1.0
0.99999976
1.0
1.0
0.9999995
1.0
0.9999987
0.99999297
0.99997854
1.0
0.99999845
1.0
1.0
1.0
1.0
0.99871147
0.9999999
0.99999225
1.0
0.9995604
0.9999999
1.0
0.99999547
0.9997944
1.0
1.0
0.99999976
1.0
0.9911316
1.0
0.9999927
1.0
0.9999995
0.9999913
0.9999682
0.99999595
0.9999999
0.9999999
1.0
0.99999654
1.0
0.9996495
1.0
1.0
1.0
0.9999999
1.0
0.9999999
0.99982846
1.0
0.9999999
1.0
0.99999845
0.9999987
1.0
0.9999324
0.9965352
1.0
0.9999933
0.99996126
1.0
1.0
1.0
0.9999709
1.0
0.99821305
1.0
1.0
0.9714524
0.9999988
1.0
1.0
1.0
1.0
0.99999976
1.0
1.0
0.99999607
1.0
1.0
0.99999464
0.9999976
0.9999994
1.0
1.0
1.0
1.0
0.99999964
0.9999914
1.0
1.0
0.9999995
1.0
0.9999999
1.0
1.0
0.9999336
1.0
1.0
0.9988918
1.0
0.9998944
1.0
0.9999994
1.0
0.9999988
0.99999905
0.99999523
1.0
1.0
1.0
0.9999913
0.99999905
0.9999999
0.9999999
0.99996567
1.0
1.0
0.99998844
0.99999094
0.9999534
0.9998109
0.9999999
1.0
0.9999995
1.0
0.535592
1.0
0.99999976
1.0
0.99955934
0.9999732
0.9438124
1.0
0.9999989
0.9858527
0.99999964
1.0
0.9999999
1.0
1.0
0.99999917
0.99999964
0.98022777
0.91688144
0.9999527
1.0
1.0
0.99999964
1.0
0.99997413
0.9999988
1.0
1.0
1.0
1.0
0.9999976
0.9954325
0.5489869
1.0
0.9999999
0.9999671
0.9999999
1.0
0.9999995
0.99999666
0.9998191
1.0
1.0
0.9999951
1.0
0.99765587
1.0
1.0
1.0
0.99978155
1.0
0.999851
1.0
1.0
1.0
0.99998105
0.9999974
1.0
0.9974004
1.0
0.9999995
1.0
1.0
1.0
1.0
0.99979275
0.9999999
1.0
1.0
0.99984145
0.9999827
1.0
0.999995
1.0
0.8924576
1.0
1.0
1.0
1.0
0.999998
0.99999917
1.0
1.0
0.99999475
0.9927819
1.0
0.99999976
1.0
1.0
1.0
1.0
0.9999896
1.0
1.0
1.0
0.9999999
1.0
1.0
1.0
1.0
0.9999881
0.9999999
0.9990133
1.0
0.9999999
0.9999887
1.0
1.0
0.99994516
0.99792886
1.0
0.9999999
0.99999833
0.9999995
1.0
1.0
1.0
0.99999976
1.0
0.9999995
1.0
1.0
1.0
1.0
1.0
1.0
1.0
1.0
1.0
1.0
1.0
1.0
1.0
1.0
1.0
0.99997747
1.0
0.9999993
0.99862313
0.9899739
1.0
0.9953241
1.0
1.0
1.0
1.0
1.0
1.0
0.99999535
0.999998
1.0
1.0
0.56065124
1.0
1.0
1.0
1.0
0.99992716
1.0
1.0
1.0
1.0
1.0
1.0
0.99999964
0.99999964
1.0
1.0
1.0
1.0
0.99999154
0.9999999
1.0
1.0
1.0
1.0
1.0
0.9999999
1.0
0.9999044
0.9999999
0.9995925
0.99999976
0.9999999
1.0
0.999992
0.9999999
0.99820495
0.999992
0.9999999
0.99999976
0.99999356
1.0
0.99548197
0.9999999
1.0
0.9984693
0.9999999
1.0
0.99999833
0.9999993
0.99992883
1.0
1.0
1.0
1.0
0.9999999
1.0
0.91009927
0.9991084
1.0
0.9990326
0.99853194
0.9985051
1.0
0.99999964
1.0
0.99999475
1.0
1.0
1.0
0.99999833
1.0
1.0
1.0
0.99999905
0.99999917
1.0
1.0
1.0
1.0
0.99999976
1.0
1.0
0.9999999
1.0
0.9997011
1.0
1.0
0.9999875
0.99999833
1.0
1.0
0.99999523
0.9999999
0.9999838
0.9999999
1.0
1.0
1.0
0.9999995
0.99838006
0.99996686
1.0
1.0
0.9999865
1.0
1.0
1.0
1.0
0.99999964
1.0
1.0
0.9999995
0.99999833
0.9999994
1.0
1.0
0.9988863
0.99999535
1.0
1.0
0.9999994
1.0
1.0
0.9999176
1.0
1.0
0.9999999
1.0
0.99999857
0.9999989
1.0
1.0
0.99999714
0.9996755
1.0
1.0
0.9999999
0.9999994
0.9999999
1.0
0.99997437
1.0
1.0
1.0
1.0
0.99990106
1.0
1.0
1.0
0.9999957
1.0
1.0
0.8457744
1.0
1.0
0.99999917
0.9999447
1.0
1.0
1.0
0.99999964
1.0
0.99996185
0.9999819
0.9999999
0.99999785
0.9999981
0.9999621
1.0
0.99999976
1.0
1.0
1.0
1.0
0.9999999
1.0
1.0
0.9959079
0.9999981
0.99999857
1.0
0.9999951
1.0
0.99999917
1.0
1.0
1.0
0.99991035
0.999984
0.99999094
0.9998241
1.0
1.0
0.9999999
0.99999976
1.0
0.99999595
1.0
1.0
1.0
0.999998
1.0
0.99999964
1.0
0.9999982
1.0
1.0
0.99920803
1.0
1.0
1.0
1.0
1.0
1.0
0.999992
0.9999186
0.9254942
0.99999964
0.999987
0.9999999
1.0
1.0
0.9999999
0.99999964
1.0
1.0
1.0
0.9999999
1.0
0.9999999
0.9999974
1.0
1.0
1.0
1.0
1.0
1.0
1.0
1.0
0.99999356
1.0
0.9999999
1.0
0.99982506
0.99999833
0.99999964
0.99999976
1.0
0.9999939
1.0
0.999949
1.0
1.0
0.9998153
1.0
0.9999881
0.99998724
0.9653037
0.9999999
0.9999999
0.9999938
1.0
1.0
0.9986706
0.99953794
0.99999857
0.9999999
1.0
0.99999964
0.99932003
0.99999917
0.9999932
0.9999993
1.0
0.99999905
1.0
1.0
1.0
1.0
0.99999785
1.0
1.0
1.0
1.0
1.0
0.99999964
1.0
1.0
0.99999976
1.0
1.0
1.0
0.99999976
1.0
0.9999684
1.0
0.9997068
1.0
1.0
0.99999976
0.9999927
1.0
1.0
0.9999757
0.9993759
1.0
1.0
1.0
0.9999995
1.0
0.99999714
0.9655952
1.0
1.0
0.9999999
0.99991405
1.0
0.99999964
0.9999995
0.9999937
1.0
0.9998441
1.0
1.0
1.0
0.9999982
1.0
1.0
1.0
0.9999893
0.9999962
0.9999994
0.99999976
0.9999999
0.9999999
0.9999969
0.9999994
0.99998665
0.9999628
1.0
1.0
0.99999976
0.99999976
0.99998283
1.0
0.9999999
1.0
0.9999999
1.0
0.88525057
0.9999999
1.0
0.9999932
0.99998355
0.9999995
1.0
0.9997757
0.9999951
1.0
0.9999989
1.0
1.0
1.0
1.0
0.9999995
1.0
1.0
1.0
0.99886537
0.99999964
1.0
1.0
1.0
1.0
0.9999957
0.93336266
1.0
0.999998
0.9998485
1.0
0.99999917
1.0
1.0
1.0
0.9996878
1.0
0.9999951
0.99996376
1.0
1.0
1.0
0.99999547
0.9999969
1.0
1.0
0.9999994
0.9999994
1.0
0.99999976
1.0
1.0
0.9994777
0.9179334
1.0
0.9999969
0.9999982
1.0
1.0
1.0
1.0
0.9999958
1.0
1.0
1.0
1.0
0.99997544
0.9999869
0.9999932
0.9999988
0.99999285
1.0
0.99999416
0.999997
1.0
0.99999976
0.99999964
1.0
1.0
1.0
1.0
0.98827106
0.9999995
1.0
0.99976915
0.9999999
1.0
0.9999988
1.0
0.9936963
1.0
1.0
1.0
1.0
1.0
1.0
0.99999917
0.9999999
0.9998939
1.0
0.9999726
0.9999999
0.99999917
0.9990895
0.9999999
1.0
1.0
0.9980744
0.99999666
1.0
1.0
0.9999908
0.7177598
0.99999964
0.99999774
0.99999726
1.0
0.99999917
0.9999825
0.99998164
1.0
1.0
1.0
1.0
1.0
0.9999994
1.0
0.99986947
0.9986953
0.9999999
1.0
0.99999976
1.0
0.9999136
0.9999999
0.9999962
0.8749462
0.99973637
1.0
0.9999989
1.0
1.0
0.9999994
0.99997425
1.0
1.0
1.0
1.0
1.0
0.9998716
1.0
0.9999776
0.99999106
0.9999969
0.9999999
1.0
1.0
0.9999999
0.9995914
1.0
1.0
1.0
1.0
0.99999547
1.0
0.9999995
1.0
0.9999858
1.0
0.9994
0.9999995
1.0
0.9999999
1.0
0.99999833
0.9990102
0.999944
0.8083056
0.99999523
0.99998116
1.0
1.0
0.99999857
1.0
1.0
0.999997
1.0
1.0
1.0
0.99999976
0.9999999
0.9999999
1.0
0.99995244
1.0
1.0
0.99934727
1.0
0.99999964
1.0
1.0
1.0
1.0
1.0
0.9967428
1.0
1.0
0.99832934
1.0
1.0
1.0
1.0
0.99999964
0.999967
0.9999976
1.0
1.0
0.99999976
1.0
1.0
1.0
1.0
1.0
1.0
0.99999714
1.0
1.0
1.0
1.0
1.0
1.0
0.99998605
0.9999958
1.0
1.0
1.0
0.9909183
1.0
1.0
1.0
0.9030359
1.0
0.9999473
1.0
0.99999976
1.0
1.0
0.99999964
1.0
1.0
0.9998357
1.0
1.0
1.0
1.0
1.0
1.0
1.0
0.99999845
0.9811127
1.0
1.0
1.0
1.0
0.9999999
0.99999964
0.9999522
1.0
0.9999944
1.0
1.0
1.0
0.9998455
0.9999999
1.0
1.0
1.0
1.0
1.0
1.0
0.9303102
1.0
1.0
1.0
0.9999975
1.0
1.0
0.9999999
0.9999962
0.9999975
1.0
1.0
0.9999999
1.0
0.9999988
1.0
0.9514193
1.0
0.99999976
0.9999956
1.0
0.9999964
0.9999839
0.99999976
0.99937683
0.68981206
0.99999726
0.99695814
0.9941261
1.0
1.0
1.0
1.0
1.0
0.999995
1.0
0.9999999
0.9999958
1.0
1.0
0.971438
1.0
0.9999999
1.0
0.99999976
1.0
0.99999917
0.99757177
1.0
0.9999063
1.0
1.0
0.9999887
0.9999044
0.9999907
0.9998983
1.0
1.0
1.0
1.0
0.9995759
0.9999964
1.0
0.9999999
0.9955908
0.52731264
0.99999917
1.0
1.0
0.9999999
0.99999833
1.0
1.0
1.0
0.99967325
1.0
0.9323263
1.0
0.9977176
1.0
0.9999924
0.99999666
1.0
0.99999344
0.9999999
0.9999285
1.0
0.9999999
0.99999976
0.99966705
1.0
1.0
0.9895808
1.0
0.99985003
1.0
0.99999857
0.9999926
1.0
0.9999192
1.0
1.0
0.9999999
1.0
0.91296655
1.0
0.86469567
1.0
0.9998549
0.9838701
0.99999774
1.0
1.0
1.0
1.0
0.9999993
0.9999995
1.0
0.99999726
0.98745084
1.0
0.9999999
1.0
1.0
1.0
1.0
1.0
0.99999976
1.0
0.9986732
1.0
0.9999982
0.9999994
0.9999994
0.99998677
1.0
0.9993799
0.9999999
0.99997187
1.0
1.0
1.0
1.0
1.0
0.9999956
1.0
0.9999999
1.0
0.9404672
1.0
0.9999999
0.63841194
1.0
0.9999416
0.9999976
0.9999995
1.0
0.9994831
0.99999845
1.0
0.99948716
1.0
1.0
1.0
1.0
0.99999905
1.0
0.99261355
1.0
0.99999666
1.0
1.0
1.0
1.0
0.999995
1.0
0.99999964
0.9999989
0.9999994
0.9999645
1.0
1.0
0.9999999
0.9999975
1.0
1.0
0.99999976
0.9999994
0.9999989
1.0
1.0
0.5385645
0.9999999
1.0
1.0
0.9999957
0.99999976
1.0
0.9999994
1.0
0.99985576
1.0
0.99999833
1.0
0.86173344
1.0
1.0
0.9999846
1.0
1.0
1.0
1.0
1.0
1.0
0.9999931
0.9999999
0.9999999
1.0
1.0
1.0
1.0
0.99999976
0.9999994
1.0
0.99995816
1.0
0.99999905
1.0
1.0
0.9999999
1.0
1.0
1.0
1.0
1.0
1.0
0.99999833
0.9977214
0.9999993
0.87262917
0.9999999
0.9959953
1.0
1.0
0.99997663
1.0
1.0
1.0
0.9999932
0.9828681
0.99999976
1.0
0.99999964
1.0
1.0
0.99999905
1.0
1.0
1.0
0.99999964
0.9998957
1.0
0.9999999
1.0
1.0
0.99999964
0.7664572
0.9999914
0.99988174
0.9997645
1.0
1.0
1.0
0.99997425
0.99996746
0.9999957
0.9999994
1.0
1.0
0.9999999
1.0
0.99999976
0.9996507
0.9915325
0.9999846
0.9999393
0.9999999
0.9999995
1.0
1.0
1.0
1.0
0.9999975
0.9999304
0.9999999
0.99997354
0.99999976
1.0
0.9999838
0.9999999
0.9999932
1.0
1.0
1.0
1.0
0.41745692
1.0
0.9999995
1.0
1.0
0.99999535
1.0
1.0
0.99903595
1.0
0.98285747
0.99805
1.0
1.0
1.0
0.999995
1.0
0.99999917
1.0
1.0
0.8085555
1.0
0.99999464
0.99997234
0.9999993
1.0
1.0
1.0
1.0
1.0
0.9999989
1.0
1.0
0.9999999
1.0
1.0
1.0
0.99999905
1.0
1.0
0.999944
1.0
1.0
1.0
1.0
0.9999192
0.9998178
1.0
0.9999995
0.99999833
1.0
1.0
1.0
0.99999964
0.9999999
1.0
0.99761236
1.0
0.9986883
1.0
0.99999976
1.0
1.0
1.0
0.999171
1.0
1.0
0.9999999
0.7821669
1.0
0.99999964
0.6313149
1.0
1.0
1.0
1.0
1.0
0.9999999
1.0
0.99998343
1.0
0.99943525
1.0
1.0
0.99999976
0.9999957
0.996396
1.0
0.9999999
1.0
1.0
0.9999989
0.9999713
0.99984336
0.99999976
0.9999609
1.0
1.0
0.9999999
1.0
1.0
1.0
1.0
1.0
0.99982506
0.9999999
0.9999999
0.99999976
1.0
0.99997044
0.9999378
1.0
0.99999976
0.9999999
1.0
0.9999988
0.99999976
0.99999964
0.9998919
0.9998054
1.0
1.0
1.0
1.0
0.99999845
1.0
1.0
0.99998236
1.0
0.9999999
0.99998283
1.0
0.9999994
0.9999893
1.0
0.999724
0.9999995
1.0
0.9999993
0.99999964
0.9999995
0.9999995
0.9999913
1.0
0.99999976
0.9999951
1.0
0.99607277
1.0
0.9998828
0.99997485
0.9999863
0.99999964
1.0
1.0
1.0
0.9161164
1.0
0.9999999
1.0
1.0
1.0
1.0
1.0
0.9999896
0.9999988
1.0
0.9987213
1.0
0.4295841
0.9999106
0.9999993
1.0
0.99998164
1.0
0.9999962
0.9999846
0.9999931
0.9999987
1.0
1.0
1.0
1.0
1.0
1.0
0.999923
0.99998987
0.99999714
1.0
0.99996245
1.0
0.9999999
0.9999865
1.0
0.9805705
1.0
0.9999999
0.99999845
0.66363007
1.0
0.99997103
1.0
1.0
1.0
0.99998593
0.9996773
0.99999917
1.0
1.0
0.9999999
0.99999976
1.0
1.0
1.0
0.99999976
0.99999976
0.9999863
0.99260676
1.0
1.0
1.0
1.0
1.0
1.0
1.0
1.0
1.0
1.0
1.0
1.0
0.9999987
0.97828615
0.9999993
1.0
1.0
1.0
0.99999917
0.9999788
0.9999999
1.0
1.0
0.92740405
1.0
1.0
1.0
1.0
1.0
1.0
0.99215335
0.9882862
0.9999999
1.0
0.9980414
0.99993193
0.9999988
1.0
0.9999999
1.0
0.97869027
0.9999399
1.0
1.0
0.9998487
1.0
0.99664354
0.9999999
1.0
1.0
1.0
1.0
0.9999999
1.0
1.0
0.99999964
0.9999937
1.0
0.9999995
0.97723585
0.99999666
1.0
0.9998216
1.0
0.6802679
1.0
0.9999982
1.0
0.9999974
0.9989569
1.0
0.9999999
0.99598217
0.99999344
0.99988425
0.99870837
0.9999659
0.9999999
1.0
1.0
0.9999999
0.9974783
1.0
0.9999993
0.9999956
1.0
0.99999976
1.0
0.9999907
0.9999919
0.9905015
1.0
0.9999645
1.0
0.99999917
1.0
0.9998988
1.0
0.9999999
1.0
0.99994814
1.0
0.9999999
1.0
0.9999902
0.99994755
1.0
1.0
0.99999845
1.0
0.9999999
1.0
1.0
0.9999987
0.9999987
1.0
0.99999976
1.0
1.0
0.9913619
1.0
1.0
1.0
1.0
0.99994874
0.99654573
1.0
1.0
1.0
0.9999999
0.99995565
0.9999994
0.99999976
0.99999917
0.9864754
0.97268766
1.0
1.0
0.99994385
1.0
0.9999999
1.0
0.99999976
0.9999962
0.9207987
1.0
1.0
1.0
1.0
0.99738294
1.0
1.0
0.9998714
1.0
1.0
0.99998367
1.0
0.9972184
1.0
0.9998197
0.99999917
1.0
1.0
0.9999999
1.0
0.9999926
0.9999896
1.0
0.9999932
1.0
0.9999994
0.9999988
1.0
1.0
0.99994445
0.986771
0.9999995
1.0
0.9999969
1.0
0.98917437
1.0
1.0
0.9999789
1.0
1.0
1.0
1.0
0.99999714
1.0
0.99998367
1.0
1.0
1.0
0.99999845
0.9999982
0.99998915
0.99999833
1.0
0.99999607
0.86003757
1.0
0.9999994
1.0
0.9997515
1.0
0.9999995
1.0
0.9995691
0.99999976
0.9994716
1.0
0.9879544
0.9999654
0.99999547
0.9999995
1.0
1.0
0.70472336
1.0
1.0
1.0
1.0
1.0
0.99998987
1.0
0.99983454
1.0
1.0
0.985421
0.9999951
1.0
1.0
0.99999905
1.0
0.9999999
1.0
1.0
0.99993086
1.0
1.0
1.0
1.0
1.0
0.9999962
1.0
1.0
1.0
1.0
1.0
0.99999976
1.0
0.9948512
1.0
0.99998176
0.99999917
1.0
0.99999
0.9999999
1.0
0.9999993
0.9999999
0.99643326
0.99999845
0.9999596
1.0
0.9999995
1.0
1.0
0.9923505
1.0
1.0
0.8642268
0.9995241
0.99999976
0.99947006
0.99999964
1.0
0.9999995
0.99253005
0.9949181
0.9999994
0.7891481
1.0
1.0
0.9999999
0.9999831
1.0
0.9999876
0.9999937
1.0
1.0
1.0
0.9999999
0.9993554
1.0
0.99999917
1.0
1.0
1.0
1.0
1.0
1.0
0.99947053
1.0
1.0
1.0
1.0
1.0
0.9995839
1.0
0.94787174
1.0
0.9999995
1.0
0.99998915
1.0
1.0
0.9999974
1.0
1.0
1.0
0.99991477
0.9999665
1.0
0.9999999
0.99940455
0.9999869
1.0
0.9999956
0.99999356
0.9999999
1.0
0.9999484
1.0
0.9999888
1.0
1.0
0.99987924
1.0
0.99999964
0.99998677
0.9993513
1.0
0.9999913
0.999979
0.50785375
0.99997866
1.0
1.0
0.6758515
1.0
0.9999999
0.9907198
0.9999362
1.0
1.0
1.0
1.0
0.99999857
0.9999976
1.0
1.0
1.0
0.9999999
1.0
0.9999999
0.9999987
1.0
0.99999833
1.0
0.99999964
1.0
0.9999999
1.0
1.0
0.97380257
1.0
1.0
0.9986393
0.99999607
1.0
0.9999999
0.99999976
1.0
1.0
1.0
1.0
1.0
0.99995255
0.9123943
1.0
0.99999857
0.999998
0.9995964
0.99799937
1.0
1.0
1.0
1.0
1.0
0.99999976
1.0
1.0
1.0
0.9999995
1.0
0.99999833
0.99999905
1.0
0.9997682
1.0
1.0
1.0
0.50240415
0.9999894
1.0
1.0
0.9999962
0.9999995
1.0
1.0
0.999998
1.0
1.0
1.0
1.0
1.0
1.0
1.0
1.0
0.99979
0.99999356
1.0
0.99999833
0.9998435
1.0
0.9949286
0.9999933
0.9999999
1.0
1.0
1.0
0.99999976
1.0
1.0
0.9999964
1.0
0.99998784
0.9999465
1.0
1.0
1.0
1.0
0.9999635
1.0
0.9999219
1.0
1.0
1.0
1.0
1.0
1.0
0.9999999
0.99999976
0.99875367
1.0
0.99998224
0.9999995
1.0
0.99989426
0.9998821
1.0
0.9999877
0.6978597
1.0
0.9999999
0.99999917
1.0
0.99999964
1.0
0.99999917
1.0
1.0
1.0
0.99999976
1.0
0.99973446
0.99998987
1.0
1.0
0.99999976
1.0
1.0
1.0
0.99999964
1.0
1.0
0.9999316
0.9839665
0.9999994
1.0
0.9999993
1.0
0.99999976
1.0
0.9988759
1.0
1.0
1.0
0.99998915
0.9999982
1.0
0.9999492
0.9999443
0.9332251
0.9999999
1.0
0.97962976
0.9999999
0.9999994
0.99999726
1.0
1.0
1.0
1.0
0.99956113
0.9999999
1.0
1.0
0.99999833
1.0
1.0
1.0
0.99949205
1.0
0.9970131
0.9999999
0.9986767
1.0
1.0
1.0
1.0
1.0
1.0
1.0
0.9999999
0.9999999
1.0
1.0
1.0
0.9999982
1.0
1.0
1.0
1.0
1.0
1.0
0.9914852
1.0
0.99999905
1.0
0.9999999
1.0
1.0
1.0
0.99999964
1.0
1.0
0.99999905
0.9999994
1.0
1.0
0.9998889
1.0
1.0
1.0
1.0
1.0
0.99995685
1.0
1.0
0.7457587
0.9995369
1.0
1.0
1.0
0.9999994
0.999941
0.98707694
0.99988234
0.9999881
1.0
1.0
0.9999999
1.0
1.0
1.0
0.99707675
1.0
0.9999999
0.9999497
1.0
0.9999862
1.0
1.0
0.99999905
1.0
0.99999464
0.99999976
0.9999999
0.99999917
0.9963658
0.99418676
0.9999701
0.9999994
0.9999968
0.99999607
0.9999994
1.0
0.9999999
0.99999845
1.0
1.0
1.0
1.0
0.99999905
0.9999944
1.0
0.9999691
0.999987
0.99999905
0.99999917
1.0
1.0
0.9101633
0.99967015
1.0
0.9999995
1.0
1.0
0.9999925
0.9999949
1.0
1.0
1.0
0.9999999
1.0
0.9999993
0.92146266
1.0
0.9999989
0.99999964
1.0
0.99935395
0.9999981
0.99999964
0.99999654
1.0
0.99998915
1.0
0.99233025
1.0
0.999158
1.0
0.9996014
1.0
1.0
0.9999994
0.99999905
1.0
1.0
0.9999989
0.99999547
1.0
0.99993896
1.0
0.99998844
1.0
1.0
1.0
0.9999993
0.99998665
1.0
0.99999547
0.9999944
0.98967654
0.9999994
1.0
1.0
0.99994385
1.0
1.0
0.9999361
0.9999999
1.0
0.99999213
1.0
1.0
0.99999416
0.9999999
1.0
1.0
1.0
0.9999244
1.0
1.0
1.0
1.0
0.9999995
1.0
1.0
1.0
1.0
0.99629647
1.0
0.99999404
0.99945754
0.9989532
0.99996436
1.0
1.0
1.0
1.0
1.0
0.9997657
0.9999356
0.99998176
1.0
0.99999976
1.0
0.7384878
1.0
1.0
1.0
0.9999995
1.0
1.0
0.99999976
1.0
1.0
0.99988866
0.99997115
0.99998236
1.0
1.0
0.9999976
1.0
1.0
1.0
0.9999999
0.9999999
1.0
0.9977884
0.9999988
1.0
0.9999995
0.9999989
1.0
0.99999857
0.99999833
1.0
1.0
1.0
0.99993885
0.98653156
1.0
1.0
0.99999976
0.99999964
0.9990489
1.0
0.9999263
1.0
1.0
1.0
0.9999995
1.0
1.0
1.0
1.0
0.9999987
1.0
0.99999845
0.99993074
1.0
1.0
1.0
1.0
1.0
0.99999845
1.0
0.99999976
1.0
1.0
1.0
0.9999999
0.99999666
1.0
1.0
1.0
1.0
1.0
1.0
0.9999982
1.0
1.0
1.0
0.99999964
1.0
0.9995875
1.0
0.9999999
1.0
1.0
0.99999905
1.0
1.0
0.9999999
1.0
1.0
0.9999579
1.0
0.9999982
1.0
1.0
0.9999815
1.0
1.0
0.9999988
1.0
1.0
1.0
1.0
1.0
0.9999999
1.0
0.9999924
1.0
1.0
1.0
1.0
0.99925
0.9998672
0.9999999
0.99999726
1.0
1.0
1.0
0.9998615
1.0
1.0
1.0
1.0
1.0
1.0
1.0
1.0
0.9999925
0.99999964
0.99999905
0.9999831
1.0
0.9999994
1.0
0.9999993
0.99999976
0.9999999
1.0
0.9999999
1.0
1.0
0.99999833
1.0
0.99999833
0.99998415
1.0
1.0
1.0
1.0
0.999931
0.9999975
1.0
0.99999964
1.0
1.0
1.0
1.0
1.0
0.9999993
1.0
1.0
0.9999999
1.0
0.9999999
0.9999875
0.9999939
1.0
1.0
1.0
0.9999989
1.0
0.9055145
1.0
1.0
1.0
1.0
1.0
1.0
1.0
0.99999654
0.9999995
1.0
1.0
1.0
0.9994205
1.0
1.0
0.9999968
1.0
0.99999964
0.9999888
1.0
1.0
1.0
1.0
1.0
0.9999994
1.0
1.0
0.99999917
1.0
1.0
1.0
0.98873734
0.9999999
1.0
0.9999999
1.0
0.9999999
0.9745378
1.0
0.9999981
1.0
1.0
1.0
1.0
0.99999976
1.0
0.9999999
1.0
0.99968386
0.99999976
1.0
1.0
0.9999999
1.0
1.0
0.9999945
1.0
1.0
1.0
0.99999976
1.0
1.0
0.99999976
1.0
1.0
1.0
0.99991643
1.0
1.0
1.0
1.0
0.9993938
0.9999999
0.9980761
0.9999999
0.99998796
1.0
1.0
1.0
0.99999845
1.0
1.0
0.9999989
1.0
1.0
0.9999995
1.0
1.0
1.0
0.9999999
1.0
0.9999993
0.99999917
0.9999665
1.0
1.0
1.0
1.0
1.0
1.0
0.99784255
1.0
1.0
1.0
1.0
0.9999988
0.9999999
1.0
1.0
1.0
1.0
1.0
1.0
1.0
0.9999999
0.99999917
1.0
1.0
0.7486796
0.9999994
1.0
1.0
0.9999864
1.0
1.0
1.0
1.0
0.99999976
1.0
1.0
1.0
1.0
0.9999989
0.99996245
0.99999857
1.0
1.0
0.9994778
1.0
1.0
0.99992836
0.9999993
0.9999697
1.0
1.0
1.0
1.0
1.0
1.0
1.0
0.99961925
1.0
1.0
1.0
1.0
0.9999999
0.99999905
1.0
1.0
1.0
0.9991634
1.0
1.0
1.0
0.9999999
1.0
1.0
1.0
1.0
1.0
0.9999809
1.0
1.0
1.0
1.0
1.0
1.0
1.0
1.0
1.0
1.0
1.0
1.0
0.999997
0.9999999
1.0
1.0
0.9999999
1.0
1.0
1.0
1.0
0.99999964
0.9999999
1.0
1.0
1.0
1.0
1.0
1.0
1.0
1.0
1.0
0.8174798
1.0
1.0
1.0
0.9999876
1.0
1.0
1.0
1.0
1.0
1.0
1.0
0.9999999
1.0
1.0
1.0
1.0
1.0
1.0
1.0
1.0
1.0
1.0
1.0
0.9999999
1.0
1.0
0.9999999
0.9999999
0.9999999
1.0
1.0
1.0
1.0
1.0
1.0
1.0
1.0
1.0
1.0
1.0
1.0
0.9999999
1.0
0.99999857
1.0
1.0
1.0
1.0
1.0
1.0
1.0
1.0
1.0
1.0
1.0
1.0
1.0
1.0
1.0
1.0
1.0
1.0
1.0
1.0
1.0
0.9999993
1.0
1.0
1.0
0.9999999
1.0
1.0
1.0
0.99999905
0.9999999
0.99996364
1.0
0.9999995
0.99999774
1.0
1.0
1.0
1.0
1.0
0.9999869
1.0
1.0
1.0
0.99999976
0.9999995
1.0
0.9999999
0.99998546
1.0
1.0
0.99999964
1.0
1.0
1.0
1.0
1.0
1.0
1.0
1.0
1.0
1.0
1.0
1.0
1.0
1.0
1.0
0.99999964
1.0
1.0
0.9999999
0.9999999
1.0
0.9996716
0.999949
1.0
0.99999857
1.0
1.0
1.0
0.99999976
0.998716
1.0
0.9999963
1.0
1.0
1.0
1.0
1.0
1.0
1.0
1.0
1.0
0.9999999
0.9999708
1.0
1.0
0.99999976
1.0
1.0
1.0
1.0
1.0
1.0
1.0
1.0
1.0
1.0
1.0
1.0
1.0
1.0
1.0
1.0
1.0
0.9999974
1.0
1.0
1.0
1.0
1.0
1.0
1.0
1.0
1.0
1.0
0.99999475
1.0
0.99999774
1.0
1.0
0.99999845
1.0
1.0
0.99999917
1.0
1.0
1.0
1.0
1.0
1.0
1.0
1.0
0.9999895
1.0
1.0
0.9996953
0.9999999
1.0
0.999992
1.0
0.9999944
1.0
1.0
0.9999995
1.0
1.0
1.0
1.0
1.0
0.9999987
0.99999964
1.0
1.0
1.0
1.0
1.0
1.0
1.0
1.0
0.99997675
0.9987539
0.99999976
1.0
1.0
1.0
1.0
1.0
1.0
1.0
0.9999993
1.0
0.9999988
0.9999981
1.0
0.99999607
0.9999989
1.0
0.999949
0.9999999
1.0
1.0
1.0
0.9994838
1.0
0.99999976
0.9999995
0.9998845
1.0
1.0
1.0
0.99999905
0.9999995
0.9999999
0.9999633
1.0
0.9999994
0.9997863
1.0
1.0
0.9791955
1.0
1.0
1.0
1.0
1.0
1.0
0.9999999
0.9999993
0.99999845
0.99999976
0.9999956
1.0
1.0
0.99989545
0.99999726
0.99999845
1.0
1.0
0.99999833
0.9999999
0.9999931
1.0
1.0
0.9999999
1.0
1.0
0.99999964
1.0
0.99999917
1.0
0.99999833
1.0
0.99999976
0.99999833
1.0
1.0
0.9835465
1.0
1.0
0.9998821
0.9999999
1.0
1.0
0.99999976
0.99999094
1.0
1.0
0.9374592
0.99999976
0.99989295
1.0
1.0
0.99999845
1.0
0.99998116
0.9996468
0.9999082
1.0
1.0
1.0
0.99998236
0.9999932
0.9999614
1.0
1.0
1.0
0.9999999
0.94518995
0.99959296
1.0
1.0
1.0
1.0
0.9999999
1.0
0.9999999
1.0
0.99997866
1.0
1.0
0.9999653
1.0
1.0
1.0
1.0
0.9999995
1.0
0.99999714
1.0
0.9997625
0.99952316
0.999992
1.0
0.9999999
1.0
1.0
0.9999993
1.0
1.0
1.0
1.0
0.9999989
1.0
1.0
0.9999956
1.0
1.0
1.0
1.0
0.999997
1.0
0.99999976
1.0
1.0
1.0
1.0
0.9956786
0.9999989
1.0
1.0
1.0
0.99997187
0.9999999
1.0
1.0
1.0
1.0
0.9999982
1.0
1.0
0.9999982
1.0
0.99999297
0.99977535
1.0
1.0
1.0
1.0
1.0
0.99997497
1.0
0.9999969
1.0
0.99999976
0.9999999
0.99999964
1.0
0.71576774
0.9850129
0.97339106
0.9999999
1.0
1.0
0.99999964
0.9999999
0.99999964
0.9999522
1.0
0.99990416
1.0
1.0
1.0
0.93401176
1.0
1.0
0.9926795
0.9999999
0.9999889
1.0
0.9999962
0.9999989
1.0
1.0
1.0
1.0
1.0
0.99999464
0.9999999
1.0
1.0
1.0
1.0
0.9995297
0.9999995
1.0
0.99999976
0.99998415
0.9999999
1.0
1.0
1.0
0.9999913
0.9999999
1.0
1.0
1.0
1.0
0.9999957
1.0
1.0
0.9999987
1.0
1.0
0.9999999
1.0
1.0
1.0
1.0
1.0
1.0
1.0
1.0
1.0
0.9999974
0.9985146
0.9998988
0.9999999
1.0
1.0
0.9999802
0.99998784
1.0
1.0
1.0
1.0
0.99999964
1.0
0.9999999
1.0
1.0
1.0
1.0
1.0
0.99999964
0.99999976
1.0
0.99998605
0.9999976
1.0
1.0
0.99996305
0.99985194
1.0
0.99999976
0.9999999
1.0
0.99996483
1.0
0.9994301
1.0
0.9999999
1.0
1.0
0.9999999
1.0
1.0
1.0
1.0
1.0
1.0
1.0
1.0
0.99999666
1.0
1.0
1.0
1.0
1.0
1.0
1.0
1.0
1.0
1.0
1.0
1.0
1.0
1.0
1.0
1.0
1.0
1.0
1.0
0.9999995
1.0
0.9999931
1.0
1.0
0.9999999
1.0
1.0
0.97357315
1.0
1.0
1.0
1.0
1.0
1.0
1.0
0.99999094
1.0
0.98383397
0.8331924
1.0
0.9999999
0.9999963
1.0
1.0
1.0
0.9999995
1.0
0.99998474
1.0
1.0
1.0
1.0
1.0
0.9999987
1.0
1.0
0.9998216
0.99999976
1.0
1.0
1.0
1.0
0.9999714
1.0
1.0
1.0
0.9999994
1.0
1.0
0.99999917
1.0
0.9999924
0.99999905
1.0
0.9999937
1.0
0.9999498
1.0
1.0
1.0
1.0
1.0
1.0
1.0
0.9983707
0.9997404
0.9886701
0.89203584
0.999835
0.9993554
0.9999999
0.9999995
0.9999994
0.9999999
0.9999994
0.999992
1.0
0.99999774
0.9999994
0.9998809
0.99999094
0.9999945
0.9999999
0.99999964
0.99999964
0.9466975
0.99999964
0.9999888
0.99999976
0.99978334
0.99999857
0.9999949
1.0
0.99752635
0.99999964
0.99998915
0.9999994
0.99999726
0.99999857
0.99999905
0.9999999
0.9999999
0.9997453
0.98969346
0.9999993
0.9999932
0.9999999
0.99999654
0.99999905
1.0
0.9999219
0.97238886
0.98212606
0.9998957
0.99999845
0.9997298
0.99999976
0.99990606
0.999998
0.99998486
0.9999995
0.9999999
0.99993217
0.9999999
1.0
1.0
0.9998946
0.830951
0.9999883
0.99999976
0.99982494
0.99999917
0.9999567
0.99997914
0.99748814
0.9999993
0.99989414
0.9999391
0.99999464
0.9999926
1.0
0.99919385
1.0
1.0
1.0
0.99999917
1.0
1.0
1.0
0.99999964
0.9999106
1.0
0.9999994
0.9990877
1.0
0.99999964
0.99994767
0.99998975
0.99901366
0.9999757
1.0
0.99997807
1.0
0.9999999
1.0
0.95075077
1.0
0.99981934
0.9999993
1.0
0.99999917
1.0
0.9997019
0.9999937
1.0
0.99988246
0.99999857
1.0
0.99999964
0.99999857
0.9999988
1.0
1.0
0.999979
0.9999175
1.0
0.99999905
1.0
1.0
0.99977404
1.0
1.0
0.99999976
1.0
1.0
0.9970693
1.0
0.99999976
1.0
1.0
0.9999616
0.9993393
0.9996755
0.9999999
1.0
0.9999604
1.0
1.0
1.0
0.99999976
0.99993134
0.9909519
0.999995
0.99999917
0.99998546
0.99999475
0.99999976
0.9999999
1.0
1.0
0.99994886
0.98879015
1.0
0.9997708
1.0
1.0
0.9999999
0.9999999
1.0
0.99999976
1.0
0.9999682
1.0
0.9999999
1.0
1.0
1.0
0.9999689
1.0
0.9999975
0.9999994
0.9999901
0.9976803
0.9999999
1.0
0.99999785
0.99997795
1.0
1.0
1.0
1.0
0.9999982
1.0
1.0
0.99996006
1.0
0.9999728
1.0
1.0
1.0
1.0
1.0
1.0
1.0
1.0
1.0
1.0
0.99999833
1.0
0.99999964
0.9999988
1.0
0.9999999
1.0
1.0
1.0
1.0
0.99999726
1.0
0.9999999
1.0
0.99999
1.0
1.0
1.0
0.9999999
1.0
0.988882
0.99999976
1.0
0.99999976
0.9991517
1.0
0.9999925
0.9999999
0.9999862
0.822776
1.0
0.9965307
1.0
0.9999987
1.0
0.99210656
0.8816796
0.9943534
1.0
1.0
0.9999999
0.9999939
0.99999857
0.9999999
0.99999166
1.0
1.0
1.0
0.9999999
0.9999999
1.0
0.9999995
1.0
1.0
1.0
1.0
1.0
1.0
1.0
1.0
1.0
1.0
1.0
0.99999905
1.0
1.0
1.0
1.0
1.0
1.0
1.0
1.0
1.0
1.0
1.0
1.0
0.99999976
1.0
1.0
1.0
1.0
1.0
1.0
1.0
1.0
1.0
0.9999999
1.0
1.0
1.0
0.99999857
1.0
1.0
1.0
1.0
1.0
1.0
0.9999993
0.99999976
1.0
1.0
1.0
1.0
1.0
0.99999976
0.99999976
0.9996092
1.0
1.0
1.0
1.0
1.0
1.0
0.9999881
1.0
1.0
1.0
1.0
1.0
1.0
1.0
1.0
1.0
0.99999964
1.0
1.0
1.0
1.0
1.0
0.9999995
1.0
1.0
1.0
1.0
1.0
1.0
1.0
1.0
1.0
1.0
1.0
1.0
1.0
1.0
1.0
1.0
1.0
0.9999999
0.9999999
1.0
1.0
1.0
1.0
1.0
1.0
1.0
1.0
1.0
1.0
1.0
1.0
0.9999999
1.0
1.0
1.0
1.0
0.9999999
1.0
0.99999964
1.0
1.0
0.9999995
1.0
0.99999976
1.0
0.9999999
1.0
1.0
1.0
1.0
1.0
1.0
1.0
1.0
1.0
1.0
1.0
0.99999917
1.0
1.0
1.0
1.0
1.0
1.0
1.0
1.0
1.0
1.0
0.9999999
1.0
1.0
1.0
1.0
1.0
1.0
1.0
1.0
0.9999993
1.0
1.0
0.9999981
1.0
0.99999976
1.0
1.0
1.0
0.9999999
1.0
1.0
0.9999995
1.0
1.0
0.9999999
1.0
1.0
1.0
1.0
1.0
1.0
1.0
1.0
1.0
1.0
0.9999975
1.0
1.0
1.0
1.0
1.0
0.9999902
1.0
1.0
0.99999845
1.0
0.99999976
1.0
1.0
1.0
0.9999988
1.0
1.0
0.99999976
0.9999994
0.9999995
0.99983263
0.99973685
0.9984876
1.0
1.0
1.0
1.0
0.99995637
1.0
0.99998593
0.99998045
0.99999654
1.0
0.9999999
0.99999976
1.0
1.0
1.0
0.9999975
0.99997556
0.99914134
0.9999999
1.0
0.99999976
1.0
0.99999976
1.0
0.9999944
1.0
0.99998975
0.9999896
0.99999714
1.0
1.0
0.9999994
0.99999535
1.0
0.9999994
1.0
1.0
1.0
1.0
1.0
1.0
1.0
1.0
1.0
1.0
1.0
1.0
0.99999523
1.0
0.9999989
1.0
1.0
0.99999964
1.0
1.0
1.0
1.0
0.99999964
0.9999995
0.9999999
1.0
0.99997425
1.0
1.0
1.0
1.0
1.0
1.0
1.0
1.0
1.0
1.0
1.0
1.0
1.0
1.0
0.9999999
0.99994636
1.0
0.9999994
1.0
1.0
1.0
1.0
1.0
1.0
0.9998832
0.99999607
1.0
1.0
1.0
1.0
1.0
0.9999995
1.0
1.0
1.0
1.0
1.0
1.0
1.0
0.9998117
0.9999999
1.0
1.0
0.99999976
1.0
0.9999999
1.0
1.0
1.0
0.9169035
1.0
1.0
1.0
1.0
1.0
0.9999989
0.99998987
1.0
1.0
1.0
1.0
0.99998784
1.0
1.0
0.9999999
0.9999999
1.0
1.0
1.0
1.0
0.99999976
1.0
0.99999213
0.99999917
1.0
1.0
0.9946248
1.0
0.9999994
1.0
1.0
0.99999964
0.9992175
0.9999924
0.99999964
1.0
0.9999981
1.0
0.9999275
1.0
0.9999974
1.0
0.9999999
0.99998796
1.0
1.0
0.99999917
0.9996137
0.9906977
0.663586
1.0
0.99968255
0.4119134
0.99998915
0.71303785
0.9992718
0.9999999
1.0
0.9999999
0.9999963
1.0
0.9999988
0.98626316
0.9975873
0.9999684
0.48394167
0.9991683
0.9999689
0.9981224
0.99998796
0.79724735
0.9999856
0.97023535
0.99996865
0.999998
0.99999964
1.0
1.0
0.9999808
1.0
0.9999995
1.0
0.99999917
0.9999999
0.9999993
1.0
0.995152
1.0
0.9999999
1.0
0.9999746
0.9972058
0.926568
0.9279721
1.0
1.0
0.9997925
0.99989593
1.0
0.9972727
1.0
1.0
0.9861248
0.9999994
0.9999969
1.0
1.0
0.99999416
0.9999877
0.99990594
1.0
0.9996418
0.99994564
0.9999999
1.0
0.99995494
0.9999914
0.9999995
0.999997
0.33278248
0.99999964
0.9999018
0.99999976
0.99999905
1.0
0.9987534
0.9935355
1.0
1.0
0.99999666
0.9996383
0.9999981
1.0
1.0
1.0
1.0
0.99999976
1.0
1.0
0.9999995
1.0
1.0
1.0
1.0
0.99999726
0.8541814
1.0
1.0
1.0
1.0
0.99999857
1.0
1.0
1.0
1.0
0.99999964
0.99999404
1.0
0.99999976
1.0
1.0
0.9999995
0.9999981
1.0
1.0
1.0
0.99998426
1.0
1.0
0.99999905
1.0
0.9999987
1.0
1.0
0.9999999
0.9998241
1.0
1.0
0.9999999
1.0
1.0
1.0
0.9999924
1.0
1.0
0.999995
0.9999449
1.0
0.9999975
0.99999976
1.0
1.0
1.0
1.0
0.99999976
1.0
1.0
0.9999968
0.9999999
0.9999999
0.9998876
0.99999964
0.99999905
0.999995
0.99996006
1.0
1.0
1.0
1.0
0.99999964
0.9999999
0.99999726
0.99653316
1.0
1.0
0.99974376
0.99749786
0.999998
0.99995255
0.99997246
1.0
1.0
1.0
1.0
0.9999976
0.9999999
0.9999896
1.0
0.99999976
1.0
1.0
0.9999957
1.0
0.9999789
0.95945585
0.99975747
0.9999999
0.999998
0.9876688
0.99982554
1.0
0.9979698
1.0
0.9999875
1.0
1.0
1.0
1.0
0.99998057
0.9984854
0.99992585
1.0
1.0
0.999987
0.99999976
0.99999976
0.99987257
0.99999917
0.99941695
0.9999964
1.0
1.0
0.9999894
0.99839056
1.0
0.9999989
1.0
0.9999999
0.99999833
1.0
0.99999964
1.0
0.9999993
0.9999999
0.9995259
1.0
0.99999464
0.76190954
0.99795157
0.99999976
1.0
0.999913
0.9999988
1.0
1.0
0.99999547
1.0
0.99977225
0.9999999
1.0
0.999476
1.0
1.0
1.0
1.0
0.9999999
1.0
0.9999995
1.0
1.0
0.99999833
0.99998844
1.0
1.0
1.0
0.999992
1.0
0.9995461
1.0
1.0
1.0
0.99997735
0.99997735
1.0
1.0
0.99999976
1.0
1.0
1.0
1.0
1.0
0.99999285
1.0
1.0
1.0
1.0
0.9999999
1.0
1.0
1.0
1.0
1.0
1.0
0.9999999
0.99999964
0.99999475
1.0
1.0
1.0
0.9999999
1.0
0.9138314
1.0
1.0
1.0
1.0
0.9999975
1.0
1.0
1.0
1.0
0.99999976
0.9999999
1.0
1.0
1.0
1.0
1.0
1.0
0.99999964
1.0
1.0
1.0
1.0
0.99999976
1.0
0.9999969
1.0
1.0
1.0
1.0
1.0
0.9999969
0.99999976
0.9999993
1.0
1.0
0.99984086
1.0
1.0
0.999954
0.9999999
0.99999976
1.0
1.0
1.0
1.0
1.0
0.9999993
0.9991769
1.0
1.0
1.0
0.9999968
1.0
1.0
0.9999999
0.99999917
1.0
1.0
0.9999982
1.0
1.0
0.99999964
0.99994063
1.0
0.99999654
1.0
0.99999785
1.0
0.99999976
1.0
0.99999964
0.9998367
1.0
1.0
1.0
1.0
1.0
0.9999999
0.9999968
1.0
1.0
0.9999589
1.0
1.0
1.0
1.0
1.0
1.0
0.9999993
0.9999999
1.0
1.0
0.99966824
1.0
1.0
0.9999993
0.9999999
0.9999515
1.0
1.0
1.0
1.0
0.99999213
1.0
1.0
1.0
0.9999634
1.0
1.0
1.0
1.0
0.9999999
1.0
1.0
0.9999919
1.0
0.99999976
1.0
1.0
0.9999999
0.99999976
1.0
1.0
0.99999976
1.0
1.0
1.0
0.9999912
1.0
1.0
1.0
1.0
0.9999993
0.9999578
1.0
1.0
0.99999905
1.0
0.99999976
1.0
1.0
1.0
1.0
1.0
1.0
1.0
0.9999995
1.0
0.9999999
0.9999994
0.99977
1.0
1.0
1.0
1.0
0.99999976
1.0
1.0
1.0
1.0
0.99999714
0.99999976
1.0
1.0
1.0
1.0
1.0
1.0
1.0
1.0
1.0
1.0
0.9999999
0.99999785
1.0
1.0
1.0
1.0
1.0
1.0
0.99999964
0.9999999
0.99995685
0.9999962
1.0
0.9999999
1.0
0.9999999
1.0
0.9999994
1.0
1.0
1.0
1.0
1.0
0.99999905
0.9999999
1.0
1.0
0.9999988
1.0
0.99982303
1.0
0.9999994
1.0
0.9999999
0.94138074
1.0
1.0
1.0
1.0
1.0
1.0
0.99999964
1.0
1.0
0.99999225
1.0
1.0
1.0
0.9999975
0.9999989
1.0
0.9991761
1.0
1.0
0.9999951
1.0
1.0
1.0
1.0
0.9999994
1.0
0.999913
1.0
1.0
0.9999993
1.0
1.0
1.0
1.0
0.99988115
1.0
1.0
1.0
0.9997788
0.9999721
0.99991846
1.0
0.9999999
0.99999785
0.9999999
0.9999988
1.0
1.0
1.0
1.0
1.0
0.99999964
0.99984646
0.9999999
1.0
1.0
1.0
1.0
1.0
1.0
0.9999856
1.0
1.0
0.99999917
1.0
0.9999999
0.99985754
1.0
1.0
1.0
1.0
1.0
1.0
0.9999994
1.0
1.0
1.0
0.9997106
1.0
1.0
0.99982566
0.9999995
1.0
1.0
1.0
1.0
1.0
1.0
1.0
1.0
1.0
1.0
1.0
0.9999335
0.99999976
1.0
0.99999976
1.0
1.0
0.9711232
1.0
0.9999913
1.0
1.0
1.0
1.0
1.0
0.9999994
0.99999976
1.0
1.0
0.9999999
1.0
0.9999999
1.0
0.9999995
1.0
1.0
1.0
0.9999999
1.0
1.0
0.99999976
1.0
0.9999994
1.0
1.0
0.99999714
1.0
1.0
1.0
1.0
1.0
1.0
1.0
1.0
1.0
1.0
1.0
1.0
1.0
1.0
1.0
0.99886876
1.0
1.0
1.0
1.0
1.0
0.99994946
0.99999666
1.0
1.0
0.99993026
0.99999595
0.9999862
1.0
0.99377584
1.0
1.0
1.0
0.9756551
0.99999976
1.0
1.0
0.9999254
0.99999976
1.0
1.0
0.99999857
0.9999999
1.0
1.0
1.0
0.999982
1.0
1.0
1.0
0.9999589
1.0
0.99834
1.0
1.0
0.9999999
1.0
0.999134
0.99999964
0.9999995
0.99999785
1.0
0.99999917
1.0
0.9999999
1.0
0.99931073
1.0
1.0
1.0
1.0
1.0
0.999998
1.0
1.0
0.9999666
0.9999833
0.9999987
0.9999981
0.99999976
0.99999976
1.0
0.99999595
1.0
0.99997306
0.99998724
1.0
1.0
0.99993503
0.9999994
1.0
1.0
1.0
1.0
1.0
0.9999914
1.0
1.0
1.0
0.99999905
1.0
1.0
1.0
1.0
0.99999845
0.99999475
1.0
1.0
0.99958414
1.0
0.9999999
0.99999964
1.0
1.0
0.99999976
0.99999964
1.0
1.0
1.0
1.0
1.0
0.999995
0.9999999
1.0
1.0
0.9999999
0.9991708
0.99999964
1.0
1.0
1.0
1.0
0.99999857
1.0
0.9999895
0.99999976
1.0
0.9999999
1.0
0.99999976
1.0
0.99999714
1.0
1.0
0.99999845
0.9999994
0.99999917
1.0
1.0
0.9999987
0.9999994
0.9999994
0.99999917
0.9999999
0.9999924
0.9999893
1.0
1.0
0.9999995
1.0
1.0
1.0
0.99999714
1.0
1.0
0.9999982
0.9994955
0.9999999
1.0
0.9999993
1.0
0.9926118
1.0
0.9999999
1.0
1.0
1.0
1.0
1.0
1.0
1.0
1.0
0.99999917
1.0
1.0
1.0
1.0
0.99995875
0.9999566
1.0
0.9999999
1.0
0.9999974
1.0
0.99999976
0.9999989
0.99999917
0.9999994
0.9999999
0.9999999
1.0
0.99993837
1.0
0.99999964
1.0
0.9999999
0.99999976
0.999997
1.0
0.99999976
1.0
0.9999994
1.0
1.0
1.0
1.0
1.0
0.9999988
0.9999912
1.0
0.9999769
0.9999807
1.0
1.0
0.9999999
0.9999995
1.0
1.0
1.0
1.0
0.9999832
1.0
0.9999981
0.9999975
1.0
1.0
0.9999999
0.9999999
0.99999976
1.0
0.9999914
1.0
0.99999976
0.99999905
0.99997985
1.0
1.0
0.9999938
0.9999982
0.9997341
0.99999976
0.9970714
1.0
1.0
0.99998856
1.0
0.9999999
1.0
0.9999738
1.0
0.99999905
1.0
0.99999774
1.0
0.99999976
0.99999976
1.0
1.0
0.9998549
1.0
1.0
1.0
1.0
0.9999982
0.9999951
1.0
0.9999999
1.0
0.99983823
0.99999976
1.0
1.0
0.99999785
0.9999974
1.0
0.9999999
1.0
1.0
0.9999999
0.980292
0.9999343
1.0
1.0
0.99998665
0.99999964
1.0
1.0
1.0
1.0
0.9999987
0.99983275
1.0
1.0
0.9999999
0.99999726
1.0
1.0
0.9999999
0.9998704
0.99903095
1.0
0.9999999
1.0
0.9999999
0.9999999
0.999938
1.0
1.0
1.0
1.0
0.99999297
0.9999999
0.9999181
1.0
1.0
1.0
1.0
1.0
0.99998045
1.0
1.0
0.99949896
0.99999845
1.0
1.0
1.0
0.99999976
1.0
0.9999999
1.0
0.99999416
0.9995301
1.0
1.0
0.9999999
0.99999976
1.0
0.9999999
1.0
1.0
1.0
0.9999869
1.0
1.0
1.0
0.9999968
0.99989545
1.0
1.0
1.0
1.0
0.99999976
0.99986947
1.0
1.0
1.0
1.0
1.0
0.99999976
0.9999994
0.9999999
1.0
0.99999857
0.9999999
1.0
0.9999994
1.0
0.99999964
1.0
1.0
1.0
1.0
0.9999201
0.9999987
1.0
1.0
0.9989774
1.0
0.9999994
0.99999845
0.99999976
0.9998888
0.9999995
1.0
1.0
1.0
0.99999964
0.99993646
1.0
1.0
1.0
0.9999999
1.0
0.9999956
0.9999999
1.0
1.0
1.0
1.0
0.99999976
1.0
0.9999999
1.0
1.0
1.0
1.0
1.0
1.0
1.0
1.0
0.9999927
0.99999976
0.99999964
0.9999788
1.0
1.0
1.0
0.99999857
1.0
1.0
1.0
1.0
1.0
0.99999976
1.0
1.0
0.9999938
0.9999999
1.0
0.9999988
1.0
1.0
1.0
1.0
0.9999975
1.0
1.0
1.0
1.0
1.0
1.0
0.99999976
0.99999976
0.9999999
0.9999813
0.99999857
0.9999994
0.99999905
0.99999666
1.0
1.0
0.99999964
1.0
1.0
1.0
1.0
0.9999511
1.0
0.999995
0.9999999
1.0
1.0
1.0
0.9999864
0.99999976
1.0
0.9999993
1.0
1.0
1.0
1.0
0.9999999
1.0
1.0
1.0
1.0
1.0
1.0
1.0
0.9998894
0.99999654
1.0
1.0
0.9999995
1.0
1.0
0.9999677
0.99999785
1.0
1.0
0.99999964
1.0
1.0
1.0
0.9999999
1.0
1.0
1.0
1.0
0.99999785
1.0
1.0
1.0
1.0
0.9999988
0.9999994
1.0
0.9999999
1.0
1.0
1.0
1.0
1.0
1.0
0.99999964
1.0
1.0
1.0
1.0
1.0
1.0
1.0
1.0
1.0
1.0
1.0
1.0
0.99999094
1.0
1.0
1.0
1.0
1.0
1.0
1.0
0.9999982
0.99992883
0.9999994
0.99999964
0.9965843
0.9999939
0.99994683
0.997964
0.999946
1.0
0.9999999
0.99999607
1.0
1.0
1.0
0.99996936
1.0
1.0
0.99999857
0.9999993
1.0
0.99994993
1.0
1.0
0.99999976
1.0
1.0
0.99999726
0.99999964
1.0
1.0
1.0
0.9999994
1.0
1.0
0.99999917
0.9999994
1.0
1.0
1.0
0.9999999
1.0
1.0
0.9999999
0.99999714
0.9999833
1.0
1.0
1.0
0.99997115
1.0
0.9999461
0.9999999
0.99982184
0.99999917
0.9999993
1.0
1.0
0.9999951
1.0
1.0
0.9999999
0.99999976
0.99999905
1.0
0.999997
0.9999999
0.9999989
1.0
0.9961851
1.0
0.9999982
0.9974124
0.99999964
0.99999833
0.9999999
1.0
1.0
0.9999999
1.0
1.0
0.99999785
0.9999999
0.99999917
0.99997985
0.99979764
1.0
0.99999857
1.0
0.99999034
1.0
0.9999995
0.9999862
0.9999418
1.0
0.99999976
0.9999999
1.0
0.9999888
1.0
0.9999982
1.0
0.99998856
0.9999994
1.0
1.0
1.0
0.9999999
1.0
0.9999988
1.0
0.9997607
0.9999634
0.99473673
0.9826015
0.9999993
0.99999845
0.9435544
1.0
0.9989875
0.9999995
0.8504245
0.9976628
0.995685
0.9999962
0.9519704
0.9999981
0.99999976
0.9977119
0.9999877
0.98786294
0.9999286
0.98877037
0.9999993
0.99971324
0.9999976
0.99999917
1.0
0.99999964
1.0
0.99999857
0.9999999
1.0
1.0
0.99999964
0.9999999
0.9999908
0.99997556
0.99999833
0.9999982
1.0
1.0
0.99999964
1.0
1.0
1.0
1.0
1.0
0.9997867
0.9999467
1.0
0.999998
1.0
0.9996177
0.9999999
0.9999893
0.999997
0.99999976
0.9999994
0.9999974
0.9998746
0.9987669
0.99996674
0.99999976
0.997696
0.99937576
0.9999572
0.9979442
0.99999607
0.99999404
0.99999976
0.99998915
1.0
0.99999297
0.99982786
1.0
0.9995152
0.9994374
0.999946
0.9998895
0.9990262
0.99998593
0.999995
0.9983937
0.9999999
0.9999126
0.99996006
0.9403288
0.99996424
0.9996208
0.9735343
0.9999199
0.9999994
1.0
0.9999994
1.0
0.9999974
0.99999726
0.99999905
1.0
1.0
1.0
1.0
1.0
0.9999999
1.0
1.0
0.99999464
0.99998
0.9999999
1.0
1.0
1.0
1.0
0.99998844
1.0
1.0
1.0
1.0
1.0
1.0
1.0
0.99999964
1.0
0.9999999
1.0
0.99998856
1.0
1.0
1.0
1.0
1.0
1.0
0.9998597
1.0
1.0
1.0
1.0
1.0
0.99999964
0.99998474
1.0
1.0
1.0
1.0
1.0
1.0
0.9995442
0.9999989
1.0
1.0
1.0
0.999974
0.99840814
1.0
1.0
0.99999857
1.0
1.0
1.0
0.99999607
0.99995637
0.9999993
1.0
1.0
0.99999857
1.0
1.0
0.9999999
1.0
0.99998903
1.0
0.9999968
1.0
0.99999523
1.0
0.9999999
1.0
0.99971217
1.0
1.0
0.9999999
0.999998
1.0
0.9999999
1.0
1.0
1.0
1.0
1.0
0.99999034
0.99999917
0.9999752
0.9999969
0.9999999
1.0
1.0
1.0
1.0
1.0
1.0
0.99999976
1.0
1.0
1.0
0.9999993
0.99999917
1.0
1.0
0.99999607
1.0
1.0
0.9999995
1.0
0.99999964
0.9999995
1.0
0.99999046
1.0
1.0
1.0
0.97882354
0.99999785
0.7284533
0.9999958
0.99970645
0.9994918
0.99889946
0.9999883
1.0
1.0
0.99585366
1.0
0.99959487
0.9999999
0.9999999
0.9999999
0.99906725
0.9999995
1.0
0.99998593
0.9998734
1.0
0.9998454
0.9999999
1.0
0.99993896
1.0
0.9999999
1.0
1.0
1.0
1.0
0.9969368
0.9786845
0.9937698
0.70535433
0.99404013
0.9999969
0.9996662
0.99999917
1.0
1.0
0.99998367
0.9984419
0.999838
0.9781085
0.9847548
0.9997098
0.99545527
0.99999595
0.99995387
0.9998282
1.0
0.99998987
1.0
0.9999994
0.9545654
0.9999993
1.0
1.0
1.0
0.9999993
1.0
1.0
0.9999995
0.9999999
1.0
0.9999193
1.0
0.9982482
1.0
1.0
1.0
1.0
1.0
1.0
1.0
0.99999785
1.0
1.0
0.99999785
0.9999999
1.0
1.0
0.9999981
1.0
1.0
1.0
1.0
1.0
1.0
0.99999976
0.9999615
1.0
0.99999917
1.0
1.0
0.99999833
1.0
1.0
1.0
0.9999999
1.0
1.0
1.0
1.0
0.9999974
1.0
1.0
1.0
1.0
1.0
0.99999917
0.9999999
1.0
1.0
1.0
1.0
1.0
1.0
1.0
0.9999999
0.9990563
0.98852414
0.9999722
0.9999883
0.9999999
1.0
1.0
1.0
1.0
1.0
1.0
0.9999989
1.0
0.99999976
1.0
0.99897504
0.9999995
0.9999956
1.0
0.99999976
0.9999999
1.0
0.9999949
1.0
1.0
1.0
0.9999999
0.99999964
1.0
0.99999845
1.0
1.0
0.9999689
0.9999993
1.0
1.0
0.9999963
0.9999995
1.0
1.0
1.0
1.0
1.0
1.0
1.0
0.99997914
0.9999684
0.9999938
1.0
0.9999989
0.9999999
1.0
1.0
1.0
1.0
1.0
1.0
1.0
1.0
1.0
1.0
1.0
0.9998827
0.9999945
0.9999324
0.7337627
1.0
1.0
1.0
0.9999949
1.0
1.0
0.9999995
0.9998703
0.99998116
0.9999566
0.9999999
1.0
0.99997973
0.9999999
1.0
0.9999926
1.0
1.0
0.99999976
1.0
0.9999975
1.0
1.0
1.0
1.0
0.9999995
0.99305224
0.99996674
0.99997914
1.0
0.99999535
0.99975055
0.9999871
1.0
0.9999982
0.999997
0.99999666
0.9999995
1.0
0.9999981
0.9990005
0.99969256
1.0
1.0
1.0
0.99999213
1.0
1.0
0.99999344
1.0
1.0
0.9999999
0.9999981
1.0
1.0
1.0
1.0
1.0
1.0
1.0
1.0
0.99999917
1.0
0.999998
0.9941434
1.0
0.9999956
1.0
0.9996055
0.9915487
0.9999906
0.9999993
0.99998903
0.99902236
0.99999964
0.99995553
0.9999176
1.0
0.99624395
0.99745876
0.9999989
1.0
1.0
0.9999987
1.0
0.9987796
1.0
0.9998864
0.99999917
1.0
1.0
1.0
0.99999726
1.0
1.0
1.0
0.99999976
1.0
1.0
1.0
0.9999999
1.0
0.9999938
1.0
1.0
0.99999964
1.0
0.9999857
1.0
1.0
0.9999999
0.9999813
1.0
1.0
1.0
0.9999982
0.9999999
1.0
1.0
1.0
1.0
1.0
1.0
1.0
1.0
0.99998903
0.99999976
0.9994456
0.9997491
0.9999964
0.9999939
0.99999833
0.99999917
1.0
0.99999523
0.997891
0.9997154
1.0
1.0
1.0
0.9999999
0.9999963
0.9999789
1.0
0.9999778
1.0
0.9999968
1.0
1.0
1.0
0.99995315
1.0
1.0
1.0
1.0
1.0
1.0
0.9999999
1.0
0.9956826
1.0
0.8981031
1.0
0.9999865
1.0
1.0
1.0
0.99999917
1.0
0.99999976
1.0
1.0
1.0
1.0
1.0
0.99999833
0.9999932
1.0
0.9999995
0.99778724
1.0
1.0
1.0
1.0
0.9999856
1.0
1.0
1.0
1.0
0.9999999
1.0
1.0
1.0
1.0
1.0
1.0
1.0
1.0
1.0
1.0
1.0
1.0
0.9999999
1.0
1.0
1.0
0.9999999
1.0
1.0
0.9999988
1.0
1.0
0.99997807
1.0
1.0
1.0
0.9999999
1.0
1.0
1.0
1.0
1.0
0.99999356
1.0
1.0
0.9999975
0.9999999
0.9999999
1.0
0.99999857
1.0
1.0
1.0
1.0
0.9999989
1.0
1.0
1.0
0.9998945
0.99955875
1.0
1.0
0.9999993
0.99999464
0.99999654
0.9999988
1.0
0.9999945
0.9998927
0.99999976
0.99999404
0.99999344
1.0
1.0
0.9999989
0.99889416
0.99998
0.9999912
0.9999999
0.9999987
0.99999976
0.9998242
0.9953244
0.99999356
0.9999964
1.0
0.9999999
1.0
0.9999994
1.0
1.0
1.0
0.9999869
0.9811828
0.999998
0.9999869
0.9999602
0.99999917
0.9999969
1.0
0.789148
1.0
0.9999962
0.99978954
0.9999994
1.0
1.0
0.99999714
1.0
0.9999999
0.9999999
1.0
0.99601537
0.9999999
0.99999905
0.9999987
1.0
1.0
0.99999964
0.9999988
1.0
1.0
1.0
0.99999964
1.0
1.0
1.0
1.0
1.0
1.0
0.9999995
1.0
1.0
1.0
1.0
1.0
1.0
1.0
1.0
1.0
1.0
1.0
1.0
1.0
1.0
1.0
1.0
1.0
1.0
1.0
1.0
0.99999976
1.0
1.0
1.0
1.0
1.0
0.99992585
1.0
1.0
1.0
0.9999994
1.0
0.99999976
1.0
1.0
0.99995565
1.0
1.0
1.0
0.9999995
1.0
0.9999999
1.0
0.9999999
1.0
1.0
1.0
1.0
1.0
0.99998605
1.0
1.0
1.0
1.0
1.0
1.0
1.0
0.9999999
1.0
1.0
1.0
1.0
1.0
1.0
1.0
0.9999894
1.0
1.0
1.0
1.0
1.0
1.0
1.0
1.0
1.0
1.0
1.0
1.0
1.0
0.9999999
1.0
1.0
0.9999999
1.0
1.0
1.0
1.0
1.0
1.0
0.99999976
1.0
1.0
0.9999999
1.0
0.9999999
0.9999957
1.0
1.0
0.99999905
1.0
1.0
1.0
1.0
1.0
1.0
1.0
1.0
0.99999976
0.99999976
1.0
1.0
1.0
1.0
1.0
1.0
0.99999714
0.9999999
1.0
1.0
1.0
1.0
1.0
0.9999981
0.9999982
1.0
1.0
1.0
1.0
1.0
1.0
1.0
1.0
0.9999988
0.9999995
1.0
1.0
1.0
1.0
1.0
1.0
1.0
1.0
0.999997
1.0
0.9999999
1.0
1.0
0.99999857
1.0
1.0
1.0
1.0
1.0
0.9999999
1.0
0.9999993
1.0
0.9999999
1.0
0.9999931
1.0
1.0
1.0
1.0
1.0
1.0
1.0
1.0
1.0
1.0
1.0
1.0
1.0
1.0
1.0
1.0
1.0
1.0
0.9999926
1.0
0.9994497
1.0
1.0
1.0
0.999821
1.0
1.0
1.0
1.0
1.0
0.9999999
1.0
0.9999999
1.0
1.0
1.0
1.0
1.0
1.0
1.0
1.0
1.0
1.0
1.0
1.0
1.0
1.0
0.9999999
1.0
1.0
1.0
0.99999905
1.0
1.0
1.0
1.0
1.0
0.9999999
1.0
1.0
1.0
1.0
1.0
0.99999535
0.9999995
1.0
1.0
0.99999905
0.9999999
1.0
0.9999877
1.0
1.0
1.0
1.0
1.0
1.0
0.99999964
0.9999999
1.0
1.0
1.0
1.0
1.0
1.0
1.0
1.0
1.0
0.9999975
0.99999905
1.0
1.0
1.0
1.0
1.0
1.0
1.0
1.0
0.9999995
1.0
1.0
0.9999999
1.0
1.0
1.0
1.0
1.0
1.0
0.9999993
1.0
1.0
0.9999995
1.0
1.0
1.0
1.0
1.0
1.0
1.0
1.0
1.0
0.9999999
1.0
1.0
1.0
1.0
1.0
1.0
0.9998745
0.9999863
0.99999964
1.0
1.0
1.0
1.0
1.0
1.0
1.0
1.0
1.0
1.0
0.9999999
1.0
1.0
1.0
1.0
1.0
1.0
1.0
1.0
1.0
0.9999999
1.0
1.0
1.0
1.0
1.0
1.0
1.0
1.0
1.0
1.0
1.0
1.0
0.9985037
1.0
1.0
1.0
1.0
0.99999917
1.0
0.9999908
1.0
1.0
1.0
1.0
1.0
1.0
1.0
0.99999964
1.0
1.0
0.99999607
1.0
1.0
1.0
0.9999995
1.0
0.9995142
1.0
1.0
1.0
1.0
1.0
1.0
0.9999747
1.0
1.0
1.0
1.0
1.0
1.0
1.0
0.99999976
1.0
0.99999917
1.0
1.0
1.0
1.0
1.0
1.0
1.0
0.9999993
1.0
0.99999917
1.0
1.0
1.0
1.0
1.0
1.0
1.0
1.0
0.99999976
1.0
0.99999976
1.0
1.0
1.0
1.0
1.0
1.0
0.9999999
0.99999654
1.0
1.0
0.99999857
0.9999975
0.99999976
1.0
1.0
1.0
1.0
0.99999976
0.9999907
1.0
1.0
1.0
0.9999995
1.0
1.0
1.0
1.0
1.0
1.0
0.99999857
1.0
1.0
1.0
1.0
1.0
0.9999999
0.9999875
1.0
1.0
0.9999999
1.0
1.0
1.0
1.0
1.0
1.0
1.0
1.0
1.0
0.9999999
0.9999999
1.0
1.0
0.9999386
1.0
1.0
1.0
1.0
1.0
0.99999905
0.9999993
0.99999917
1.0
1.0
0.9960412
0.9998871
1.0
0.9968676
1.0
0.9998858
0.99761283
0.999897
0.9999778
0.99999785
0.80190384
1.0
0.9999989
0.9999999
0.99999964
0.9967614
0.99999785
0.9998903
1.0
0.9999833
1.0
1.0
1.0
0.9999974
1.0
1.0
1.0
0.9998565
0.9999956
0.9999906
0.99999976
0.99999964
1.0
1.0
0.999998
0.9999604
0.9999906
0.9999981
1.0
1.0
1.0
0.9999975
0.99999857
0.9999876
1.0
1.0
1.0
1.0
0.9999471
0.9999988
1.0
1.0
0.9999999
0.99997044
0.9999988
1.0
1.0
1.0
0.99999976
0.9999993
0.9994869
1.0
0.9469112
1.0
0.99999964
1.0
1.0
1.0
1.0
1.0
0.999421
1.0
0.9999999
0.99999976
1.0
0.9999987
0.99999976
1.0
0.9999999
1.0
0.99999976
1.0
1.0
1.0
0.9999994
0.99985325
1.0
1.0
1.0
1.0
1.0
1.0
1.0
1.0
1.0
1.0
0.99999976
1.0
1.0
1.0
1.0
0.99916875
1.0
0.99999464
0.9999999
1.0
1.0
1.0
0.9999912
0.99999976
1.0
1.0
1.0
1.0
0.99999964
1.0
1.0
1.0
0.9999949
0.99999964
1.0
0.9999999
1.0
1.0
1.0
0.99999964
1.0
0.9999976
1.0
1.0
0.9999999
1.0
0.9999995
0.99999964
1.0
0.9999944
1.0
0.9999995
1.0
0.9999999
1.0
0.9999993
0.9999999
1.0
0.9999949
1.0
1.0
1.0
1.0
0.99999857
0.9999995
1.0
1.0
0.99999964
0.99996936
1.0
0.99999654
1.0
1.0
0.9999999
1.0
0.9998356
1.0
1.0
1.0
1.0
1.0
1.0
1.0
1.0
1.0
1.0
1.0
0.9999999
1.0
1.0
1.0
0.9999999
1.0
0.9999747
1.0
1.0
0.9999999
1.0
1.0
0.9999994
1.0
1.0
1.0
0.9999999
0.9999999
1.0
1.0
1.0
1.0
0.99999917
1.0
0.99999774
1.0
0.99999654
0.9999975
0.9999987
0.999998
1.0
1.0
0.99987423
0.9999995
0.9999995
0.9999976
0.9999881
1.0
1.0
0.99999964
1.0
0.9999995
1.0
0.9999871
1.0
0.9999999
1.0
1.0
1.0
1.0
1.0
0.9999999
1.0
1.0
0.99999976
1.0
1.0
1.0
1.0
1.0
1.0
1.0
0.99998546
0.9997887
1.0
1.0
1.0
1.0
1.0
1.0
0.9979284
0.9999845
0.9999999
0.9999528
1.0
1.0
1.0
0.9999577
0.9999999
1.0
1.0
1.0
1.0
1.0
1.0
1.0
0.99999964
1.0
1.0
1.0
0.9999999
1.0
1.0
1.0
1.0
1.0
1.0
1.0
0.9999157
1.0
1.0
1.0
1.0
1.0
1.0
1.0
1.0
1.0
1.0
1.0
0.9999999
1.0
1.0
1.0
0.9999968
1.0
1.0
1.0
1.0
1.0
1.0
1.0
1.0
1.0
1.0
1.0
0.9999999
1.0
1.0
1.0
1.0
1.0
1.0
1.0
0.9999964
1.0
1.0
1.0
1.0
1.0
1.0
1.0
1.0
1.0
1.0
1.0
1.0
1.0
1.0
0.99999225
1.0
1.0
1.0
1.0
1.0
0.9999999
1.0
1.0
1.0
1.0
0.9999523
1.0
1.0
1.0
0.99990547
1.0
1.0
1.0
1.0
1.0
1.0
1.0
1.0
1.0
1.0
0.9999995
1.0
1.0
0.9999994
1.0
1.0
1.0
1.0
1.0
0.9999999
1.0
1.0
1.0
1.0
1.0
1.0
1.0
0.99999964
0.9999008
0.9999962
0.99999785
1.0
0.9999999
1.0
1.0
0.9971763
1.0
1.0
0.9999926
1.0
0.9999976
0.99999964
1.0
1.0
0.99999964
0.9999999
0.99999976
1.0
1.0
1.0
1.0
0.99999845
1.0
0.9999995
1.0
1.0
1.0
0.99999964
1.0
0.99999917
1.0
0.99999845
1.0
1.0
0.99999976
1.0
0.99999785
1.0
1.0
1.0
1.0
1.0
0.9999999
1.0
0.9984646
0.99993384
0.9999945
1.0
0.9998951
0.9999975
0.99999857
1.0
1.0
1.0
1.0
1.0
1.0
1.0
1.0
1.0
1.0
1.0
1.0
1.0
1.0
1.0
1.0
1.0
1.0
0.99965906
1.0
1.0
1.0
1.0
1.0
1.0
1.0
0.99999976
1.0
0.9999856
1.0
1.0
1.0
1.0
1.0
1.0
0.99999094
1.0
1.0
0.999997
0.9999989
1.0
1.0
1.0
0.9999999
0.9999995
1.0
1.0
1.0
1.0
0.9999989
0.9999968
0.9999995
1.0
1.0
0.99999976
1.0
1.0
1.0
0.9999995
1.0
0.9999974
1.0
0.9999994
0.9999869
0.99994123
1.0
1.0
0.9999839
1.0
0.9999901
1.0
1.0
0.9996741
0.9999995
0.9999982
0.9999999
1.0
0.99634665
1.0
0.9999995
0.9998266
1.0
0.9999987
0.99999976
0.99999535
0.9999989
1.0
0.9999999
1.0
0.9979849
1.0
1.0
1.0
1.0
0.9999907
0.9999999
1.0
1.0
0.99999845
0.99951386
1.0
1.0
0.94133586
1.0
0.9999994
1.0
0.99999964
0.9999999
0.9999751
1.0
0.9984372
0.9999819
0.99965453
0.99999976
0.9999988
1.0
0.99999857
1.0
0.9999113
1.0
0.9999999
0.99999905
0.9999864
1.0
1.0
0.9999994
0.9999999
1.0
0.9999994
1.0
1.0
0.9999939
0.99999964
1.0
0.9999945
1.0
1.0
1.0
0.99999964
1.0
1.0
1.0
1.0
0.99974054
1.0
1.0
1.0
1.0
0.9999969
0.99999976
1.0
1.0
0.9999976
1.0
1.0
0.99999976
1.0
0.99999905
1.0
0.5400707
0.99999845
1.0
1.0
1.0
0.9999999
1.0
0.9999628
1.0
0.999979
1.0
1.0
0.9999974
1.0
1.0
1.0
1.0
1.0
1.0
1.0
0.9994968
1.0
1.0
0.99999976
1.0
0.9999243
0.99987376
0.9999993
0.99999976
1.0
0.99971706
0.99999213
1.0
0.86253846
0.9999999
0.9999198
0.9999914
0.99999845
0.9991541
0.9999988
0.9346666
0.9999995
0.99999976
1.0
1.0
0.99999714
0.99999726
0.57358986
1.0
0.78278095
0.99994326
0.92847294
0.9999988
1.0
0.99999547
0.76849025
0.9996697
0.99999785
0.9999089
1.0
1.0
1.0
0.9999994
0.9999999
0.99999976
0.9997446
0.9994091
1.0
0.99999976
1.0
0.9999999
0.99996054
0.99999726
1.0
0.9999014
1.0
0.99999666
0.98219925
0.99998116
0.9999956
1.0
1.0
0.9978054
1.0
1.0
0.99954456
1.0
1.0
1.0
0.9998995
0.9999403
0.9999417
0.74480927
1.0
1.0
1.0
0.99999547
1.0
1.0
0.9999862
0.9978181
0.9999999
1.0
1.0
0.9999901
0.6049365
0.9982393
0.999962
0.9999987
0.99999964
1.0
0.94952154
0.9999957
0.99996364
0.9994173
1.0
0.99999726
1.0
1.0
0.99999976
1.0
1.0
0.9999988
1.0
1.0
0.9999999
0.9999721
0.9994093
1.0
0.99936587
1.0
1.0
0.99997544
0.9999989
1.0
1.0
0.9999827
0.99999976
1.0
0.99999774
0.99999964
1.0
0.9999987
0.99998903
0.99999774
1.0
0.99988914
1.0
0.9998759
0.99999154
1.0
1.0
0.99999976
0.9998035
0.9926548
0.9999999
1.0
1.0
0.99936134
0.9999999
0.99999905
1.0
0.98651135
0.9997671
0.99991214
0.9999995
0.9999982
0.99980766
0.99999976
1.0
1.0
0.9999863
1.0
1.0
0.9999994
0.9793748
0.99999976
0.9999964
0.9999995
1.0
0.9999232
0.948477
0.9999995
0.93726784
1.0
1.0
1.0
1.0
1.0
1.0
0.99950373
1.0
0.9706604
0.9999826
0.99999595
0.99999654
1.0
0.9999999
1.0
0.99999726
1.0
0.9999995
0.99999964
1.0
1.0
0.70640594
0.99998355
1.0
1.0
1.0
1.0
1.0
1.0
0.99992394
1.0
1.0
0.99999964
1.0
1.0
1.0
1.0
0.99835217
0.99999964
1.0
0.9964774
1.0
1.0
1.0
0.99999976
0.9999989
1.0
1.0
1.0
0.9999956
1.0
1.0
1.0
1.0
1.0
0.9999999
1.0
0.9999558
0.99996734
1.0
0.9955787
0.99989283
0.9999999
1.0
1.0
1.0
0.99999964
1.0
0.9364831
0.99991477
0.9999547
1.0
0.99999976
1.0
0.9999999
1.0
0.9979861
1.0
0.9999957
0.9967393
1.0
1.0
1.0
1.0
0.9993975
0.9998462
1.0
0.9998349
1.0
0.99999654
1.0
0.9999969
1.0
1.0
1.0
1.0
0.9998547
1.0
1.0
0.99998677
1.0
1.0
1.0
0.9997392
1.0
1.0
1.0
1.0
0.9967283
0.99999976
1.0
0.9999999
0.9875416
0.9999863
0.9999968
0.9999995
1.0
0.9981865
1.0
0.9994696
0.9992859
0.9999888
0.9988268
1.0
1.0
1.0
1.0
1.0
1.0
1.0
1.0
0.99999464
0.99999964
0.9970939
0.9807175
0.9993736
1.0
1.0
1.0
1.0
1.0
0.9999999
0.9999554
1.0
1.0
0.99999845
1.0
0.9999957
0.99999964
1.0
0.9999999
0.9998945
1.0
0.99999464
0.9999919
1.0
1.0
1.0
1.0
1.0
0.9999999
0.9999988
1.0
1.0
0.99999917
1.0
0.9999989
1.0
0.9999956
0.99975544
0.99977416
1.0
0.9999999
0.99999976
0.9999993
1.0
1.0
1.0
1.0
1.0
0.99999917
1.0
0.99999714
0.9999974
1.0
1.0
1.0
1.0
1.0
1.0
1.0
0.99999976
1.0
0.9999999
0.99999785
1.0
1.0
1.0
1.0
0.9996468
0.9999988
1.0
0.9999993
1.0
0.9998516
0.99999964
1.0
0.9999993
1.0
0.9999919
0.9999969
0.58160263
1.0
0.99999976
0.99996233
0.99999976
1.0
1.0
1.0
1.0
1.0
0.99999905
0.9993765
1.0
1.0
0.9999999
1.0
0.9999964
0.99999964
