1.0
1.0
1.0
1.0
1.0
1.0
0.9999999
1.0
0.99938273
0.9999994
1.0
1.0
0.9999999
1.0
1.0
1.0
1.0
1.0
0.89893377
1.0
1.0
1.0
1.0
1.0
1.0
1.0
1.0
1.0
1.0
1.0
1.0
0.9999999
1.0
1.0
1.0
1.0
0.9999987
1.0
1.0
1.0
1.0
0.99999845
1.0
1.0
0.99999976
1.0
1.0
1.0
1.0
1.0
1.0
1.0
1.0
1.0
1.0
1.0
1.0
1.0
1.0
0.99999964
1.0
1.0
0.99998343
0.9999355
1.0
1.0
1.0
1.0
1.0
1.0
1.0
1.0
1.0
0.99989796
1.0
1.0
1.0
1.0
0.9997874
1.0
1.0
1.0
1.0
1.0
1.0
1.0
1.0
0.99999845
1.0
1.0
1.0
1.0
0.6698103
0.9999745
1.0
0.9997645
0.99978465
0.9999975
1.0
1.0
1.0
1.0
1.0
1.0
1.0
1.0
1.0
0.9999995
1.0
1.0
1.0
0.9999813
1.0
1.0
1.0
0.9922754
1.0
1.0
0.9999999
0.9999993
0.9999999
0.99999917
1.0
1.0
0.999938
0.9999994
0.9999994
1.0
1.0
1.0
1.0
1.0
1.0
0.9999994
1.0
1.0
1.0
1.0
1.0
0.99999964
1.0
1.0
1.0
1.0
1.0
1.0
1.0
1.0
1.0
0.9993362
1.0
0.6648554
1.0
1.0
1.0
1.0
1.0
1.0
0.99975437
1.0
0.9998896
1.0
1.0
1.0
1.0
1.0
1.0
0.9998944
1.0
1.0
1.0
0.9999896
1.0
1.0
1.0
0.9981071
1.0
1.0
1.0
1.0
1.0
1.0
1.0
1.0
0.9999958
0.9999999
1.0
0.9999999
1.0
0.9999999
1.0
0.9999993
1.0
0.97811025
1.0
0.9999075
1.0
1.0
1.0
0.9999995
1.0
1.0
1.0
1.0
1.0
1.0
0.99999833
0.9999994
1.0
0.9998696
1.0
0.52394706
1.0
1.0
0.99999964
1.0
1.0
0.99999964
1.0
1.0
1.0
0.9999995
1.0
1.0
1.0
1.0
1.0
1.0
1.0
0.9999999
1.0
1.0
1.0
1.0
1.0
1.0
1.0
1.0
1.0
1.0
0.99999976
0.9999162
1.0
0.99999917
1.0
0.9999908
1.0
0.9968851
1.0
1.0
1.0
1.0
1.0
1.0
1.0
0.9999993
1.0
1.0
1.0
0.8785781
1.0
1.0
1.0
1.0
0.9861275
1.0
0.9999999
1.0
1.0
1.0
1.0
1.0
1.0
0.99999905
1.0
1.0
1.0
1.0
1.0
1.0
1.0
1.0
0.99693346
1.0
1.0
1.0
1.0
1.0
1.0
0.9999993
0.99999976
1.0
0.9999957
1.0
1.0
1.0
1.0
0.9999999
1.0
1.0
1.0
1.0
1.0
1.0
1.0
1.0
1.0
1.0
1.0
1.0
1.0
1.0
1.0
0.9999995
1.0
1.0
1.0
0.99996734
0.9999999
1.0
0.5895022
0.75519675
1.0
1.0
0.99999666
1.0
0.99983084
1.0
0.9999999
1.0
1.0
1.0
1.0
0.99999976
1.0
1.0
0.999997
0.9998963
1.0
1.0
0.7087877
1.0
1.0
1.0
1.0
1.0
1.0
0.99999964
1.0
1.0
0.9999999
1.0
0.99999964
1.0
1.0
1.0
1.0
0.99999964
0.99918455
0.9870891
1.0
1.0
0.99999833
1.0
1.0
1.0
0.9999982
1.0
0.99999964
1.0
0.99999976
1.0
1.0
1.0
1.0
1.0
1.0
1.0
1.0
1.0
1.0
0.99996614
1.0
1.0
1.0
1.0
1.0
1.0
1.0
0.99999464
1.0
1.0
1.0
1.0
1.0
1.0
1.0
0.99998915
1.0
1.0
0.99999905
1.0
1.0
1.0
1.0
1.0
1.0
1.0
1.0
1.0
1.0
0.9999374
0.9999995
1.0
1.0
0.99993503
1.0
0.99754494
1.0
1.0
1.0
1.0
1.0
1.0
1.0
1.0
1.0
1.0
1.0
1.0
1.0
1.0
1.0
1.0
1.0
0.9999994
1.0
1.0
1.0
1.0
1.0
1.0
1.0
1.0
0.99974996
0.8837635
1.0
0.9997063
0.9999248
0.78946906
0.9995925
1.0
1.0
1.0
1.0
1.0
1.0
1.0
1.0
1.0
0.99998415
1.0
0.99999523
1.0
0.99999225
1.0
1.0
1.0
0.9999995
0.9999888
1.0
1.0
1.0
1.0
1.0
1.0
1.0
1.0
0.9999981
0.99903035
1.0
1.0
1.0
1.0
1.0
1.0
1.0
1.0
0.9999999
1.0
0.9999976
0.99999964
0.9999814
1.0
1.0
0.81080353
1.0
0.9839446
1.0
1.0
1.0
1.0
0.9999999
1.0
1.0
1.0
1.0
0.9999975
0.9999999
1.0
1.0
0.9999995
1.0
1.0
1.0
1.0
1.0
1.0
0.9999999
1.0
1.0
1.0
0.9999999
0.9999999
0.99999964
1.0
1.0
1.0
0.99999964
1.0
0.99999917
1.0
1.0
1.0
1.0
1.0
0.9999994
1.0
1.0
1.0
0.9999999
1.0
0.99999917
0.99998534
1.0
1.0
1.0
0.9999541
1.0
1.0
1.0
0.7328854
0.99998605
1.0
1.0
1.0
1.0
0.9999957
1.0
1.0
1.0
1.0
1.0
1.0
1.0
1.0
1.0
1.0
1.0
1.0
1.0
0.9998373
1.0
1.0
1.0
1.0
1.0
1.0
1.0
1.0
1.0
1.0
0.9011442
0.9994223
1.0
1.0
1.0
1.0
0.9999999
1.0
1.0
0.999985
1.0
0.99948347
1.0
1.0
1.0
0.99999726
1.0
1.0
1.0
1.0
1.0
1.0
1.0
0.99999976
1.0
1.0
1.0
1.0
1.0
1.0
1.0
0.9999727
1.0
1.0
1.0
0.9999999
0.9999987
0.9365301
1.0
1.0
1.0
1.0
1.0
0.8830401
1.0
1.0
1.0
0.99999964
1.0
1.0
1.0
1.0
1.0
0.99999976
1.0
1.0
1.0
1.0
1.0
1.0
0.99999964
1.0
1.0
0.9999763
0.9995628
1.0
1.0
0.99999857
1.0
1.0
1.0
1.0
1.0
1.0
1.0
1.0
0.9999976
0.61497515
1.0
1.0
1.0
1.0
1.0
1.0
1.0
0.99999285
1.0
1.0
1.0
0.9999988
1.0
1.0
0.86516213
1.0
0.99999785
1.0
1.0
0.99999964
1.0
1.0
1.0
1.0
0.7803839
1.0
1.0
1.0
1.0
0.9981688
1.0
0.9999999
1.0
1.0
1.0
1.0
0.9999999
1.0
0.99999976
1.0
1.0
1.0
1.0
1.0
1.0
1.0
1.0
0.9999999
1.0
1.0
1.0
1.0
1.0
1.0
1.0
1.0
0.9970529
0.999275
1.0
1.0
0.97906303
1.0
1.0
0.9999956
1.0
1.0
0.9970481
1.0
0.9999995
1.0
1.0
1.0
1.0
1.0
1.0
1.0
0.9999999
0.9999957
0.99994814
1.0
0.9837286
1.0
1.0
1.0
1.0
1.0
0.99999166
1.0
1.0
1.0
1.0
1.0
1.0
1.0
1.0
1.0
1.0
1.0
1.0
1.0
0.9999999
1.0
0.99999976
1.0
1.0
1.0
1.0
1.0
1.0
1.0
1.0
0.9999999
1.0
1.0
0.9999999
1.0
1.0
1.0
1.0
1.0
0.9999913
1.0
1.0
1.0
1.0
0.99999356
0.99999034
1.0
1.0
0.9999206
1.0
0.99999595
1.0
1.0
1.0
1.0
1.0
0.9998634
1.0
1.0
1.0
1.0
1.0
1.0
0.9999987
1.0
1.0
1.0
1.0
1.0
0.99997675
1.0
1.0
0.5820666
1.0
1.0
1.0
0.9999999
1.0
1.0
1.0
1.0
1.0
1.0
1.0
1.0
1.0
1.0
1.0
1.0
1.0
1.0
1.0
0.999998
1.0
1.0
1.0
1.0
1.0
1.0
1.0
1.0
1.0
1.0
0.9990085
1.0
0.973116
1.0
1.0
1.0
1.0
1.0
1.0
0.99999964
1.0
1.0
1.0
0.99999976
1.0
0.9999995
1.0
1.0
1.0
1.0
1.0
1.0
0.9999993
1.0
1.0
1.0
0.99999654
1.0
1.0
1.0
0.99999225
1.0
1.0
1.0
1.0
1.0
1.0
0.9998518
0.5767195
0.9295156
1.0
0.99999976
1.0
1.0
1.0
1.0
1.0
1.0
1.0
1.0
1.0
0.99997365
0.9999993
1.0
0.9999976
1.0
0.9999995
1.0
0.99999774
0.9999981
1.0
1.0
0.9999999
1.0
1.0
0.99999857
1.0
1.0
1.0
1.0
1.0
1.0
0.9999999
1.0
1.0
1.0
1.0
1.0
1.0
1.0
0.99998903
1.0
1.0
1.0
1.0
1.0
0.9999999
1.0
1.0
1.0
1.0
0.9999993
1.0
1.0
0.69027734
0.99951756
0.99999964
1.0
1.0
1.0
1.0
1.0
0.9999994
0.9788954
1.0
1.0
0.99999774
0.9999989
0.99999976
1.0
1.0
0.9999989
0.99876994
1.0
0.98149234
1.0
1.0
1.0
0.9999999
1.0
1.0
0.56656426
0.9999927
1.0
1.0
0.9999938
0.99999976
1.0
1.0
1.0
1.0
1.0
1.0
1.0
1.0
1.0
1.0
1.0
0.9998983
1.0
1.0
1.0
1.0
1.0
1.0
1.0
1.0
1.0
0.99999726
1.0
0.9999999
0.99999964
1.0
1.0
1.0
1.0
1.0
1.0
1.0
1.0
0.9999999
1.0
0.9999969
1.0
1.0
1.0
1.0
1.0
0.99999595
1.0
0.99996483
1.0
1.0
1.0
1.0
1.0
1.0
0.99970883
0.9999927
1.0
1.0
1.0
1.0
1.0
1.0
1.0
1.0
1.0
0.9985202
0.9997718
1.0
1.0
1.0
1.0
1.0
0.4600155
1.0
1.0
1.0
1.0
0.9995987
0.9998777
1.0
1.0
1.0
1.0
1.0
0.99999964
1.0
1.0
1.0
0.9999999
1.0
1.0
1.0
1.0
1.0
1.0
0.9999882
1.0
1.0
1.0
1.0
1.0
1.0
1.0
1.0
1.0
0.9999999
1.0
1.0
1.0
1.0
1.0
1.0
1.0
1.0
0.9999989
1.0
1.0
1.0
1.0
1.0
1.0
1.0
1.0
0.9999999
1.0
1.0
1.0
1.0
1.0
1.0
1.0
1.0
1.0
1.0
1.0
1.0
1.0
1.0
1.0
1.0
0.99986947
1.0
1.0
1.0
1.0
0.63427556
1.0
0.95872235
1.0
1.0
1.0
1.0
0.9999943
1.0
0.999985
0.9999994
1.0
1.0
1.0
1.0
1.0
0.9999796
1.0
0.9999999
1.0
1.0
0.99999976
1.0
1.0
1.0
1.0
1.0
1.0
1.0
0.9999995
1.0
0.9999974
1.0
0.9999999
1.0
0.99998164
1.0
1.0
0.9999999
1.0
1.0
0.9999999
1.0
1.0
0.9978727
1.0
1.0
1.0
1.0
1.0
1.0
1.0
0.9999746
1.0
0.99985147
1.0
1.0
0.9999733
1.0
1.0
1.0
0.9999782
1.0
1.0
1.0
1.0
1.0
1.0
1.0
0.9999969
0.9220737
1.0
1.0
1.0
1.0
1.0
1.0
1.0
1.0
0.99973994
0.9993585
1.0
0.99999905
1.0
1.0
1.0
1.0
1.0
1.0
1.0
0.99999976
1.0
0.99999964
1.0
0.9983712
1.0
1.0
1.0
1.0
1.0
0.9999982
1.0
1.0
1.0
0.9999895
0.99999964
1.0
1.0
1.0
0.99999976
1.0
1.0
0.99961615
1.0
0.9928175
1.0
0.99999976
1.0
1.0
1.0
0.99968576
0.99999976
1.0
0.99999976
1.0
1.0
1.0
0.99999976
1.0
0.9999999
0.6936873
0.9999999
1.0
1.0
1.0
0.5280893
1.0
1.0
1.0
0.9999989
0.99999905
1.0
1.0
1.0
0.9999962
1.0
1.0
1.0
0.60126716
1.0
1.0
0.9994543
0.9999999
1.0
0.9999999
1.0
1.0
1.0
1.0
1.0
0.9999522
1.0
0.99999964
1.0
1.0
1.0
1.0
0.9999994
1.0
0.99999857
0.9999726
1.0
1.0
1.0
1.0
1.0
1.0
0.99990404
0.9997948
1.0
1.0
1.0
1.0
1.0
0.99998677
1.0
1.0
0.9980628
1.0
0.9999907
1.0
1.0
1.0
1.0
1.0
1.0
1.0
1.0
0.99999917
0.9999999
1.0
1.0
1.0
0.9999987
1.0
1.0
1.0
0.85928136
1.0
1.0
1.0
1.0
1.0
1.0
0.9483414
1.0
0.99966264
1.0
1.0
0.9999629
1.0
1.0
0.9999988
1.0
1.0
0.9895913
1.0
0.9999813
1.0
1.0
1.0
1.0
1.0
1.0
1.0
0.99999654
1.0
1.0
1.0
1.0
0.9999999
1.0
0.9999999
0.99999917
0.9999994
1.0
1.0
1.0
1.0
1.0
1.0
1.0
0.9972459
1.0
1.0
1.0
1.0
1.0
1.0
1.0
1.0
1.0
1.0
1.0
1.0
0.99999356
0.99862456
1.0
1.0
1.0
1.0
1.0
1.0
0.9999697
1.0
1.0
1.0
1.0
1.0
0.9999937
1.0
0.7100926
0.9999994
0.99999964
1.0
0.9999976
1.0
1.0
1.0
1.0
1.0
0.9997825
1.0
1.0
0.9999969
1.0
1.0
1.0
1.0
0.99999976
1.0
1.0
0.32580736
0.99998045
1.0
1.0
1.0
1.0
1.0
1.0
1.0
0.9999962
1.0
0.9999939
1.0
1.0
1.0
0.9999263
1.0
1.0
1.0
1.0
1.0
0.9999925
0.9999994
1.0
0.99997485
0.9999987
0.99999905
0.9999999
1.0
1.0
0.999938
1.0
1.0
0.9999988
1.0
1.0
1.0
1.0
1.0
0.9999993
1.0
1.0
1.0
1.0
1.0
0.9868182
1.0
1.0
1.0
1.0
1.0
0.99999964
0.99999857
1.0
1.0
0.99999976
1.0
1.0
1.0
1.0
1.0
1.0
1.0
0.9999999
1.0
1.0
1.0
1.0
0.9999999
1.0
1.0
1.0
1.0
1.0
1.0
1.0
1.0
1.0
0.9999988
1.0
0.99996746
1.0
0.9999931
1.0
1.0
1.0
0.9960349
1.0
1.0
1.0
1.0
0.99999976
1.0
1.0
0.9998766
0.9999927
0.99999976
1.0
1.0
1.0
0.9999989
1.0
0.9999989
1.0
1.0
1.0
0.9608362
1.0
0.7223679
1.0
1.0
1.0
0.99999976
0.6592254
1.0
1.0
0.9110758
0.99999917
1.0
1.0
1.0
1.0
1.0
1.0
1.0
1.0
1.0
1.0
1.0
0.9999931
1.0
1.0
1.0
1.0
1.0
0.99991965
1.0
0.9999095
1.0
0.98826164
0.9890231
1.0
1.0
1.0
0.99999547
0.9998109
1.0
1.0
1.0
1.0
1.0
1.0
0.9999995
1.0
1.0
0.9996737
0.9999074
1.0
1.0
1.0
1.0
1.0
0.9999968
1.0
1.0
0.9999999
1.0
0.9999969
1.0
1.0
1.0
1.0
1.0
1.0
1.0
1.0
1.0
1.0
0.99999964
1.0
0.99999976
0.9999969
1.0
1.0
1.0
1.0
0.99997604
1.0
1.0
1.0
1.0
1.0
1.0
0.9999951
1.0
0.9999722
1.0
0.9718741
1.0
1.0
0.99999976
1.0
1.0
1.0
0.999729
1.0
1.0
0.9846042
1.0
1.0
1.0
1.0
1.0
1.0
1.0
1.0
1.0
1.0
1.0
1.0
0.99999964
1.0
1.0
0.9999974
1.0
1.0
0.9999999
0.99258137
1.0
1.0
1.0
1.0
1.0
1.0
1.0
1.0
1.0
1.0
1.0
1.0
0.9999019
1.0
1.0
1.0
1.0
1.0
0.99999976
1.0
1.0
1.0
1.0
1.0
1.0
0.99999917
1.0
1.0
0.9999418
0.9997271
1.0
0.9999908
1.0
1.0
0.9999887
1.0
0.9992229
1.0
1.0
0.9509724
0.9999999
1.0
1.0
1.0
0.99991906
1.0
1.0
0.9999999
1.0
0.99999976
1.0
1.0
1.0
0.9999995
0.9999999
1.0
1.0
1.0
1.0
0.9999405
1.0
1.0
1.0
1.0
1.0
0.9999999
1.0
0.6903669
1.0
1.0
1.0
1.0
1.0
1.0
0.99999917
0.9776594
0.92925894
1.0
1.0
0.9994929
0.99971694
1.0
1.0
0.9999999
1.0
1.0
1.0
1.0
0.9999995
1.0
1.0
1.0
1.0
1.0
1.0
0.9533476
1.0
1.0
1.0
1.0
1.0
1.0
1.0
1.0
1.0
1.0
0.9999982
1.0
1.0
0.99997675
1.0
1.0
0.9428004
0.99993336
1.0
1.0
1.0
1.0
1.0
0.9999993
1.0
1.0
1.0
1.0
1.0
1.0
1.0
1.0
1.0
1.0
0.99900204
0.9998332
1.0
1.0
1.0
1.0
1.0
1.0
1.0
1.0
1.0
1.0
1.0
0.9999995
1.0
1.0
1.0
1.0
0.9976174
1.0
1.0
1.0
1.0
1.0
1.0
1.0
1.0
1.0
0.9985392
0.9999999
1.0
1.0
1.0
1.0
0.9999999
1.0
0.9972989
0.9986272
1.0
1.0
1.0
1.0
1.0
1.0
1.0
1.0
1.0
0.99999964
1.0
1.0
0.9997323
1.0
1.0
1.0
1.0
1.0
0.99997616
1.0
1.0
1.0
1.0
1.0
1.0
1.0
1.0
1.0
0.9999994
0.999997
1.0
1.0
1.0
0.9999919
0.9999999
1.0
1.0
0.9984419
1.0
1.0
1.0
0.9999999
1.0
0.99999976
1.0
1.0
0.999998
0.9999927
1.0
1.0
1.0
1.0
1.0
1.0
1.0
0.99999964
0.99999976
1.0
0.99984515
1.0
1.0
0.9999993
1.0
1.0
1.0
1.0
1.0
1.0
0.8481668
1.0
0.9900147
1.0
1.0
0.9966325
1.0
1.0
1.0
1.0
0.99999595
1.0
1.0
1.0
1.0
1.0
1.0
1.0
0.9999999
1.0
0.9999999
1.0
0.9999615
0.98085165
1.0
0.85526615
1.0
1.0
1.0
1.0
1.0
0.9999964
0.99999964
0.99999964
1.0
1.0
1.0
1.0
1.0
1.0
1.0
1.0
1.0
1.0
1.0
1.0
0.99999785
1.0
0.9999999
1.0
1.0
0.9999994
1.0
1.0
1.0
1.0
1.0
1.0
1.0
1.0
0.99999976
1.0
1.0
0.99999595
1.0
1.0
0.99999964
1.0
1.0
1.0
0.99998033
0.9999988
1.0
1.0
0.9999927
1.0
0.9998466
0.9999944
0.999729
1.0
1.0
1.0
1.0
1.0
1.0
0.9999951
1.0
1.0
1.0
1.0
1.0
0.9999795
1.0
1.0
1.0
1.0
1.0
1.0
1.0
1.0
1.0
1.0
1.0
1.0
0.99646133
1.0
0.9999994
1.0
1.0
0.9996551
0.9999987
1.0
1.0
1.0
0.9999889
0.9999995
1.0
1.0
1.0
1.0
0.9999999
0.99999845
1.0
1.0
1.0
1.0
1.0
1.0
1.0
1.0
1.0
0.99999964
1.0
1.0
1.0
1.0
1.0
1.0
0.9801855
1.0
0.86236393
1.0
1.0
1.0
1.0
1.0
0.9992774
0.99971
1.0
1.0
0.9999031
1.0
0.9999999
1.0
1.0
1.0
1.0
0.8616605
1.0
0.99999654
1.0
1.0
0.89389503
1.0
1.0
0.99954116
0.9999939
1.0
1.0
1.0
0.9999932
1.0
1.0
1.0
1.0
0.94289875
1.0
1.0
1.0
1.0
1.0
1.0
1.0
1.0
1.0
0.9998642
1.0
1.0
1.0
1.0
1.0
1.0
0.74042106
0.9999995
1.0
1.0
0.9999999
1.0
1.0
1.0
1.0
1.0
1.0
1.0
1.0
1.0
0.9997968
1.0
1.0
1.0
1.0
1.0
1.0
1.0
1.0
0.99917537
1.0
0.9999982
1.0
1.0
0.9107105
1.0
1.0
1.0
1.0
1.0
0.99999917
0.99999976
1.0
0.9999274
1.0
0.9580947
1.0
1.0
1.0
0.99999917
1.0
1.0
0.9999999
1.0
0.56998616
1.0
1.0
1.0
1.0
1.0
1.0
0.9999993
1.0
1.0
1.0
0.9143768
0.99989665
0.9999844
1.0
1.0
1.0
0.97243696
1.0
1.0
0.9999993
1.0
1.0
1.0
1.0
1.0
1.0
1.0
1.0
0.9999995
0.99999905
1.0
1.0
1.0
1.0
0.9999999
1.0
1.0
1.0
1.0
1.0
0.9999999
1.0
0.9999968
0.99980575
1.0
1.0
1.0
0.9999975
1.0
1.0
0.99999785
1.0
1.0
1.0
1.0
0.999997
1.0
1.0
1.0
1.0
1.0
1.0
1.0
0.68472624
1.0
1.0
0.947706
0.8438914
1.0
0.99999976
0.99015665
1.0
1.0
1.0
1.0
1.0
0.99965286
1.0
1.0
0.99999714
1.0
0.9999999
1.0
1.0
1.0
1.0
1.0
1.0
1.0
1.0
1.0
1.0
1.0
0.99999523
1.0
1.0
0.9999974
1.0
1.0
1.0
1.0
1.0
1.0
1.0
1.0
0.99998534
1.0
1.0
1.0
1.0
1.0
1.0
1.0
0.999998
1.0
0.9999999
1.0
1.0
0.99688536
1.0
1.0
1.0
1.0
1.0
1.0
0.9999999
1.0
1.0
1.0
1.0
1.0
1.0
1.0
1.0
1.0
1.0
1.0
1.0
1.0
0.9999999
1.0
1.0
1.0
1.0
1.0
1.0
1.0
0.99553275
1.0
0.9999938
1.0
1.0
1.0
0.9999987
1.0
1.0
1.0
0.99999976
1.0
1.0
0.99999976
0.9920548
1.0
1.0
1.0
1.0
1.0
1.0
1.0
0.99999976
1.0
1.0
0.9999989
0.9999999
0.6922866
1.0
1.0
1.0
1.0
1.0
0.9999937
0.9999999
1.0
1.0
1.0
1.0
1.0
1.0
1.0
0.99452066
1.0
1.0
1.0
1.0
1.0
0.9999771
1.0
1.0
1.0
0.9999999
1.0
0.99990237
1.0
1.0
1.0
1.0
1.0
0.9999994
1.0
1.0
0.8374473
1.0
1.0
1.0
1.0
1.0
1.0
1.0
1.0
0.9999999
0.9955236
1.0
1.0
1.0
0.9993567
1.0
1.0
1.0
1.0
1.0
1.0
1.0
0.9999995
1.0
1.0
1.0
0.9999999
1.0
1.0
0.99999
1.0
1.0
1.0
1.0
1.0
1.0
1.0
1.0
1.0
1.0
0.9795726
0.9999999
0.99999845
1.0
1.0
1.0
1.0
1.0
0.99999964
0.99999857
1.0
0.99127144
1.0
1.0
1.0
1.0
1.0
1.0
0.9996131
1.0
1.0
1.0
1.0
1.0
1.0
0.99999976
1.0
1.0
1.0
0.9999982
1.0
0.9999994
1.0
1.0
1.0
1.0
0.9999999
0.8615394
1.0
0.99999547
1.0
1.0
1.0
1.0
1.0
0.89835817
1.0
1.0
0.9999956
1.0
1.0
1.0
1.0
0.98512125
1.0
1.0
1.0
0.9999584
1.0
1.0
1.0
1.0
1.0
1.0
0.9999912
1.0
1.0
1.0
0.9999887
1.0
1.0
1.0
0.999997
1.0
1.0
1.0
1.0
1.0
0.9988691
0.9983229
0.99999976
1.0
1.0
1.0
1.0
0.58118135
0.9999809
1.0
0.9999993
1.0
1.0
0.9999999
1.0
0.9997634
1.0
0.9999999
1.0
1.0
1.0
1.0
1.0
1.0
1.0
0.9999976
0.9999999
0.9999999
1.0
0.9999982
1.0
1.0
1.0
1.0
1.0
0.9999999
1.0
0.99999964
1.0
1.0
1.0
0.99813664
0.99999976
1.0
1.0
1.0
1.0
1.0
1.0
0.99999964
1.0
1.0
1.0
1.0
1.0
1.0
1.0
1.0
1.0
1.0
0.9999999
1.0
1.0
1.0
1.0
1.0
0.9999989
0.99963677
1.0
0.9994917
1.0
1.0
1.0
1.0
1.0
1.0
0.9998248
1.0
0.99999654
0.99996483
1.0
0.9999801
1.0
1.0
1.0
0.9999901
0.9999993
0.9992023
1.0
1.0
1.0
1.0
1.0
0.99999964
1.0
1.0
1.0
1.0
1.0
1.0
1.0
0.99994695
1.0
1.0
0.99999964
1.0
1.0
1.0
1.0
0.99997556
1.0
1.0
0.999998
0.99915504
1.0
1.0
1.0
1.0
1.0
1.0
1.0
1.0
0.999998
0.9999987
1.0
1.0
0.9990103
1.0
1.0
1.0
0.9999999
0.9919647
1.0
1.0
0.9999999
0.9997925
1.0
1.0
1.0
1.0
1.0
1.0
0.9999999
1.0
1.0
1.0
1.0
1.0
1.0
1.0
0.9999354
1.0
1.0
1.0
1.0
1.0
0.99999845
0.9999999
1.0
1.0
0.915731
1.0
1.0
0.99975437
1.0
1.0
1.0
1.0
1.0
1.0
1.0
0.99999034
1.0
1.0
1.0
1.0
0.9999994
1.0
1.0
1.0
1.0
0.9999994
1.0
0.9998294
0.9992292
1.0
1.0
1.0
0.9998964
1.0
1.0
1.0
1.0
1.0
1.0
1.0
1.0
1.0
0.9999994
1.0
1.0
0.99958664
1.0
1.0
1.0
1.0
1.0
0.99968314
1.0
1.0
1.0
1.0
0.9999223
1.0
1.0
1.0
1.0
1.0
0.9999982
1.0
1.0
0.99828404
1.0
0.9991248
0.99999666
1.0
1.0
1.0
1.0
1.0
1.0
0.98421836
1.0
1.0
1.0
1.0
0.9999988
1.0
1.0
0.9980292
1.0
1.0
0.9999882
1.0
1.0
1.0
1.0
1.0
0.9997795
1.0
1.0
1.0
0.9999999
0.9999995
1.0
1.0
1.0
1.0
0.99999595
1.0
1.0
1.0
1.0
1.0
1.0
1.0
0.9999851
1.0
1.0
1.0
1.0
0.9999999
1.0
0.6691879
1.0
1.0
1.0
1.0
1.0
1.0
1.0
1.0
1.0
0.9861703
1.0
1.0
1.0
0.99999535
0.9999999
0.9999621
1.0
1.0
1.0
0.9999999
1.0
0.86024064
0.99803835
1.0
1.0
1.0
1.0
1.0
1.0
1.0
1.0
1.0
0.99999666
0.9999417
1.0
0.99999905
1.0
0.99999607
1.0
0.99931014
0.9999994
1.0
1.0
1.0
1.0
1.0
1.0
1.0
0.9999939
0.9999784
0.996267
1.0
0.9999999
1.0
0.9999999
1.0
1.0
0.999295
1.0
0.9999882
1.0
1.0
1.0
1.0
1.0
1.0
1.0
1.0
1.0
1.0
1.0
1.0
1.0
1.0
1.0
1.0
1.0
1.0
1.0
1.0
1.0
1.0
0.9999963
1.0
1.0
1.0
1.0
1.0
1.0
0.9999869
1.0
0.9999995
1.0
0.99387664
1.0
1.0
1.0
0.9999999
1.0
0.99999905
1.0
1.0
0.99619114
1.0
0.99999547
1.0
0.9999999
1.0
0.99999917
1.0
1.0
0.9999999
1.0
1.0
1.0
0.95612746
1.0
1.0
1.0
1.0
1.0
1.0
0.9999993
1.0
0.9999993
1.0
1.0
1.0
1.0
0.99998593
0.9997392
1.0
1.0
0.9999707
1.0
1.0
1.0
0.99999905
1.0
0.9999962
1.0
1.0
0.99912006
1.0
1.0
1.0
1.0
1.0
1.0
1.0
1.0
1.0
1.0
1.0
1.0
1.0
1.0
1.0
1.0
1.0
1.0
1.0
1.0
1.0
1.0
1.0
1.0
0.9999989
1.0
1.0
1.0
1.0
1.0
0.99999857
1.0
0.9999788
1.0
1.0
1.0
1.0
1.0
1.0
1.0
1.0
1.0
0.9999999
0.9999951
1.0
1.0
0.9999994
1.0
1.0
0.9999962
1.0
0.99969184
0.9999981
1.0
1.0
1.0
0.99999976
0.9981164
1.0
1.0
1.0
0.9998963
1.0
0.93797123
1.0
1.0
0.99961734
1.0
1.0
1.0
1.0
1.0
1.0
1.0
0.9999857
0.56594443
0.9999994
1.0
1.0
1.0
1.0
0.9999863
0.9999999
1.0
1.0
1.0
1.0
1.0
0.9999038
0.8422468
1.0
1.0
0.9999918
1.0
1.0
0.9999901
1.0
0.99989665
1.0
1.0
1.0
1.0
0.99999964
1.0
1.0
1.0
0.61586595
1.0
0.99999297
1.0
1.0
1.0
0.9999994
1.0
1.0
0.99994385
1.0
1.0
1.0
1.0
1.0
1.0
0.99999857
1.0
1.0
1.0
1.0
0.9999994
1.0
0.99995816
1.0
0.9203703
1.0
1.0
1.0
1.0
1.0
1.0
1.0
1.0
0.9999989
0.76974
1.0
0.9999999
1.0
1.0
1.0
1.0
0.999998
1.0
1.0
1.0
1.0
1.0
1.0
1.0
1.0
0.99999964
1.0
1.0
1.0
1.0
1.0
1.0
1.0
1.0
0.518161
1.0
1.0
1.0
1.0
1.0
1.0
1.0
0.9999999
0.9999999
1.0
1.0
1.0
1.0
1.0
1.0
1.0
1.0
1.0
1.0
1.0
1.0
1.0
1.0
0.9999999
1.0
1.0
1.0
1.0
0.9995183
0.998569
0.9999989
0.9999964
1.0
1.0
1.0
1.0
1.0
1.0
0.9999994
0.9999999
1.0
1.0
0.6446349
1.0
1.0
1.0
1.0
0.99999714
1.0
1.0
1.0
1.0
1.0
1.0
1.0
1.0
1.0
1.0
1.0
1.0
1.0
1.0
1.0
1.0
1.0
1.0
1.0
0.9999999
1.0
0.99781066
1.0
0.99999714
0.9999989
1.0
1.0
1.0
1.0
0.99961686
0.9992514
1.0
1.0
1.0
1.0
0.99775994
0.9999963
1.0
0.99996436
1.0
1.0
1.0
0.9999999
0.9999907
1.0
1.0
1.0
1.0
0.99999976
1.0
0.8276356
0.99979395
1.0
0.99892503
0.99999964
0.99999857
1.0
0.99999976
1.0
0.9999999
1.0
1.0
1.0
1.0
1.0
1.0
0.9999999
1.0
1.0
1.0
1.0
1.0
1.0
1.0
1.0
1.0
1.0
1.0
0.9996662
1.0
1.0
1.0
1.0
1.0
1.0
1.0
1.0
0.9992829
0.99999976
1.0
1.0
1.0
1.0
0.99987876
0.99999917
1.0
1.0
0.9999999
1.0
1.0
1.0
1.0
1.0
1.0
1.0
0.9999999
1.0
1.0
1.0
1.0
0.99982846
1.0
1.0
1.0
1.0
1.0
1.0
0.9999987
1.0
1.0
1.0
1.0
1.0
0.9999943
1.0
1.0
1.0
0.9999999
1.0
1.0
1.0
1.0
1.0
1.0
0.999974
1.0
1.0
1.0
1.0
0.9999995
1.0
1.0
1.0
0.999997
1.0
1.0
0.72555226
1.0
1.0
1.0
1.0
1.0
1.0
1.0
1.0
1.0
0.99998796
0.9999503
1.0
0.9999999
1.0
0.99998784
1.0
1.0
1.0
1.0
1.0
1.0
1.0
1.0
1.0
0.9819418
0.99894196
1.0
1.0
1.0
1.0
1.0
1.0
1.0
1.0
0.9999932
0.9999993
0.99999964
0.9999999
1.0
1.0
1.0
1.0
1.0
0.9999949
1.0
1.0
1.0
1.0
1.0
1.0
1.0
0.9999999
1.0
1.0
0.99999976
1.0
1.0
1.0
1.0
1.0
1.0
1.0
0.99994576
0.99995875
1.0
0.99999976
1.0
1.0
1.0
0.99999964
1.0
1.0
1.0
1.0
1.0
1.0
1.0
0.99999917
1.0
1.0
1.0
1.0
1.0
1.0
1.0
1.0
0.9999999
1.0
1.0
1.0
0.9916646
1.0
1.0
1.0
1.0
0.99999535
1.0
1.0
1.0
1.0
0.9999999
1.0
0.9999981
0.99997985
0.98919487
1.0
1.0
0.9999814
1.0
1.0
0.99993455
0.99999976
1.0
1.0
1.0
1.0
0.99999356
1.0
0.9999974
0.9999975
1.0
1.0
1.0
1.0
1.0
1.0
0.9999999
1.0
1.0
1.0
1.0
1.0
0.99999964
1.0
1.0
0.99999774
1.0
1.0
1.0
1.0
1.0
1.0
1.0
0.9996767
1.0
1.0
1.0
0.9999994
1.0
1.0
0.99999785
1.0
1.0
1.0
1.0
1.0
1.0
1.0
0.7996234
1.0
1.0
1.0
0.9999995
1.0
1.0
1.0
1.0
1.0
0.9999989
1.0
1.0
1.0
1.0
1.0
1.0
1.0
1.0
1.0
1.0
1.0
1.0
1.0
1.0
1.0
0.99999166
0.99999976
0.99999774
1.0
1.0
1.0
0.99998045
1.0
0.9999994
1.0
1.0
1.0
0.87837946
1.0
1.0
0.99999976
0.99999404
1.0
1.0
1.0
0.99999976
1.0
1.0
1.0
1.0
1.0
1.0
1.0
1.0
1.0
1.0
0.999884
1.0
1.0
1.0
1.0
1.0
0.9999999
0.9995716
1.0
0.9999999
0.9999418
1.0
0.99994946
1.0
1.0
1.0
0.99740595
1.0
1.0
0.99999976
1.0
1.0
1.0
0.99999976
1.0
1.0
1.0
1.0
0.9999999
1.0
1.0
1.0
1.0
0.9999739
0.9992723
1.0
0.9999993
1.0
1.0
1.0
1.0
1.0
1.0
1.0
1.0
1.0
1.0
1.0
0.9999999
0.9999999
0.9999999
1.0
1.0
0.9999956
1.0
1.0
1.0
0.99999785
1.0
1.0
1.0
1.0
0.998979
1.0
1.0
1.0
1.0
1.0
1.0
1.0
0.9999958
1.0
1.0
1.0
1.0
1.0
1.0
1.0
1.0
0.9999964
1.0
0.9999999
1.0
1.0
0.99995935
1.0
1.0
1.0
0.99996245
1.0
1.0
1.0
0.9999993
0.9557845
1.0
0.99999976
1.0
1.0
1.0
1.0
1.0
1.0
1.0
1.0
1.0
1.0
1.0
1.0
1.0
0.99989414
1.0
1.0
1.0
1.0
1.0
1.0
0.9999995
0.99323565
0.99999905
1.0
1.0
1.0
1.0
1.0
1.0
1.0
1.0
1.0
1.0
1.0
0.9999999
1.0
0.99999774
0.9999999
0.9999634
1.0
1.0
1.0
1.0
0.99988127
1.0
1.0
1.0
1.0
0.9999993
1.0
1.0
1.0
0.99999595
1.0
0.9989189
1.0
1.0
1.0
1.0
0.99999976
0.9999169
0.99999833
0.9206056
0.99999964
0.9994011
1.0
1.0
0.99999964
1.0
1.0
1.0
1.0
1.0
1.0
1.0
1.0
1.0
1.0
1.0
0.99999976
1.0
0.9992575
1.0
1.0
1.0
1.0
1.0
1.0
1.0
0.9995993
1.0
1.0
1.0
1.0
1.0
1.0
1.0
1.0
1.0
0.9999999
1.0
1.0
1.0
1.0
1.0
1.0
1.0
1.0
1.0
0.9999999
1.0
1.0
1.0
1.0
1.0
1.0
0.99999535
0.9999981
1.0
1.0
1.0
0.99999523
1.0
1.0
1.0
0.9999981
1.0
0.99999
1.0
1.0
1.0
1.0
0.9999999
1.0
1.0
1.0
1.0
1.0
1.0
1.0
1.0
1.0
1.0
1.0
0.95234424
1.0
1.0
1.0
1.0
1.0
1.0
0.9999969
1.0
0.99999976
1.0
1.0
1.0
0.9999995
1.0
1.0
1.0
1.0
1.0
1.0
1.0
0.99796176
1.0
1.0
1.0
1.0
1.0
1.0
1.0
0.99999976
1.0
1.0
1.0
1.0
1.0
1.0
1.0
0.99928445
1.0
1.0
0.9999505
1.0
0.99999976
1.0
1.0
0.9995783
0.99988973
1.0
0.9999999
0.91352385
1.0
1.0
1.0
1.0
1.0
1.0
1.0
1.0
0.9999995
1.0
1.0
0.99648726
1.0
1.0
1.0
1.0
1.0
1.0
0.9999168
1.0
0.96107405
1.0
1.0
1.0
0.9995685
0.9992797
1.0
1.0
1.0
1.0
1.0
0.9997594
0.9999907
1.0
1.0
0.9999505
0.57902855
1.0
1.0
1.0
1.0
1.0
1.0
1.0
1.0
0.9998419
1.0
0.8432311
1.0
0.99999714
1.0
1.0
1.0
1.0
1.0
1.0
0.99999976
1.0
1.0
1.0
1.0
1.0
1.0
0.9989366
1.0
0.9875952
1.0
1.0
0.99999964
1.0
0.9999957
1.0
1.0
1.0
1.0
0.9987532
1.0
0.9999925
1.0
0.9999715
0.8540888
1.0
1.0
1.0
1.0
1.0
0.99999964
0.9999987
1.0
1.0
0.9999105
1.0
1.0
1.0
1.0
1.0
1.0
1.0
1.0
1.0
0.9957611
1.0
1.0
1.0
1.0
0.9995704
1.0
0.9944772
1.0
1.0
1.0
1.0
1.0
1.0
1.0
1.0
1.0
0.9999995
1.0
0.74285865
1.0
1.0
0.9263668
1.0
0.99999917
0.99999964
1.0
1.0
0.999995
1.0
0.9999995
0.9999968
1.0
1.0
1.0
1.0
1.0
1.0
0.9987
1.0
1.0
1.0
1.0
1.0
1.0
0.9999989
1.0
0.999992
1.0
1.0
1.0
1.0
1.0
1.0
1.0
1.0
1.0
1.0
1.0
1.0
1.0
1.0
0.62198836
1.0
1.0
1.0
1.0
0.99999976
1.0
1.0
1.0
0.99962115
1.0
1.0
1.0
0.978888
1.0
1.0
1.0
1.0
1.0
1.0
1.0
1.0
1.0
1.0
0.99999964
1.0
1.0
1.0
1.0
1.0
1.0
0.99999976
1.0
0.9996979
1.0
1.0
1.0
1.0
1.0
1.0
1.0
1.0
1.0
0.9999999
1.0
1.0
0.9996201
1.0
0.9182608
1.0
0.99876463
1.0
1.0
0.9999554
1.0
1.0
1.0
0.99999714
0.9999871
1.0
1.0
1.0
1.0
1.0
1.0
1.0
1.0
1.0
1.0
0.9999443
1.0
1.0
1.0
1.0
1.0
0.94428515
0.9999957
0.99999666
0.9999964
1.0
1.0
1.0
1.0
0.999288
1.0
1.0
1.0
1.0
1.0
1.0
1.0
0.99971575
0.99846065
1.0
1.0
1.0
1.0
1.0
1.0
1.0
1.0
0.99999857
0.9999949
1.0
0.9999994
1.0
1.0
0.9999995
1.0
1.0
1.0
1.0
1.0
1.0
0.5907549
1.0
1.0
1.0
1.0
1.0
1.0
1.0
0.99999917
1.0
0.94104576
0.999997
1.0
1.0
1.0
0.9999999
1.0
1.0
1.0
1.0
0.48607722
1.0
0.99999976
0.99998736
1.0
1.0
1.0
1.0
1.0
1.0
1.0
1.0
1.0
1.0
1.0
1.0
1.0
0.99999964
1.0
1.0
0.99999917
1.0
1.0
1.0
1.0
0.9999945
0.999843
1.0
1.0
1.0
1.0
1.0
1.0
1.0
1.0
1.0
0.9999801
1.0
0.9998783
1.0
1.0
1.0
1.0
1.0
1.0
1.0
1.0
0.99999976
0.9936062
1.0
1.0
0.9886817
1.0
1.0
1.0
1.0
1.0
1.0
1.0
1.0
1.0
0.99999976
1.0
1.0
1.0
1.0
0.9999875
1.0
1.0
1.0
1.0
1.0
0.99999905
0.9999995
1.0
0.999995
1.0
1.0
1.0
1.0
0.9999999
1.0
1.0
1.0
0.9999702
1.0
1.0
1.0
1.0
1.0
1.0
1.0
0.9999999
1.0
1.0
1.0
1.0
1.0
1.0
0.9999999
1.0
1.0
1.0
1.0
1.0
1.0
1.0
0.99999976
1.0
1.0
1.0
1.0
0.99999976
1.0
1.0
0.9999989
1.0
1.0
1.0
1.0
1.0
0.99997985
1.0
1.0
0.9999999
0.999998
1.0
0.99894065
1.0
0.99987125
1.0
1.0
1.0
1.0
1.0
1.0
0.9998172
1.0
1.0
1.0
1.0
1.0
1.0
1.0
0.9999995
1.0
1.0
0.9999974
1.0
0.63975173
0.9999994
0.99999964
1.0
1.0
1.0
0.99999964
1.0
1.0
0.9999999
1.0
1.0
1.0
1.0
1.0
1.0
0.99999905
0.999997
1.0
1.0
0.99994946
1.0
1.0
0.99964976
1.0
0.9423268
1.0
0.9999999
1.0
0.9308183
1.0
1.0
1.0
1.0
1.0
0.99999774
0.99991274
1.0
1.0
1.0
1.0
1.0
1.0
1.0
1.0
1.0
1.0
1.0
0.9999962
1.0
1.0
1.0
1.0
1.0
1.0
1.0
1.0
1.0
1.0
1.0
1.0
1.0
0.9926966
1.0
1.0
1.0
1.0
1.0
0.999997
1.0
1.0
1.0
0.7078776
1.0
1.0
1.0
1.0
1.0
1.0
0.99998593
0.54345775
1.0
1.0
0.99999976
0.9999995
1.0
1.0
0.9999999
1.0
0.9896628
0.99999964
1.0
1.0
0.9999989
1.0
0.87749535
1.0
1.0
1.0
1.0
1.0
1.0
1.0
1.0
1.0
1.0
1.0
1.0
0.99997413
1.0
1.0
0.9999999
1.0
0.9992329
1.0
1.0
1.0
0.9999999
1.0
0.99999976
1.0
0.9914068
1.0
0.99998474
0.999913
1.0
0.99999976
1.0
1.0
1.0
0.9997516
1.0
0.99999964
1.0
1.0
1.0
1.0
0.99999964
0.99999607
0.9999629
1.0
0.9999981
1.0
1.0
1.0
1.0
1.0
0.99999964
1.0
1.0
1.0
1.0
1.0
1.0
0.9999263
1.0
1.0
1.0
1.0
1.0
1.0
1.0
1.0
1.0
1.0
1.0
1.0
1.0
0.99976665
1.0
1.0
1.0
1.0
0.9999994
0.9995105
1.0
1.0
1.0
1.0
1.0
1.0
1.0
1.0
0.96793973
0.9999268
1.0
1.0
0.99999976
1.0
1.0
1.0
1.0
0.9999788
0.8665971
1.0
1.0
1.0
1.0
0.99605995
1.0
1.0
1.0
1.0
1.0
1.0
1.0
0.9992067
1.0
0.99997723
1.0
1.0
1.0
1.0
1.0
1.0
0.9999974
1.0
0.9999993
1.0
1.0
1.0
1.0
1.0
1.0
0.99575245
1.0
1.0
0.9997477
1.0
0.99968994
1.0
1.0
0.9999994
1.0
1.0
1.0
1.0
1.0
1.0
1.0
1.0
1.0
1.0
1.0
0.99999774
0.99999833
0.9999999
1.0
1.0
0.9665209
1.0
0.99999976
1.0
1.0
1.0
1.0
1.0
0.99973565
1.0
0.99999976
1.0
0.9995778
1.0
0.9999994
0.9999999
1.0
1.0
0.98621804
1.0
1.0
1.0
1.0
1.0
1.0
1.0
0.999977
1.0
1.0
0.99852127
1.0
1.0
1.0
1.0
1.0
0.9999987
1.0
1.0
0.9999995
1.0
1.0
1.0
1.0
1.0
0.9999999
1.0
1.0
1.0
1.0
1.0
1.0
1.0
0.9902772
1.0
1.0
1.0
1.0
1.0
1.0
1.0
1.0
1.0
0.9248012
1.0
0.9999815
1.0
1.0
1.0
1.0
0.9999343
1.0
1.0
0.9989033
0.9986172
1.0
0.993414
1.0
1.0
1.0
0.99819946
0.9999906
1.0
0.91206187
1.0
1.0
1.0
0.99999297
1.0
1.0
1.0
1.0
1.0
1.0
1.0
0.99999976
1.0
0.99999976
1.0
1.0
1.0
1.0
1.0
1.0
0.99999917
1.0
1.0
1.0
1.0
1.0
0.999995
1.0
0.9456706
1.0
1.0
1.0
0.99999034
1.0
1.0
1.0
1.0
1.0
1.0
0.9993455
0.99999964
1.0
1.0
0.9957535
1.0
1.0
1.0
1.0
1.0
1.0
1.0
1.0
0.99999964
1.0
1.0
0.9999956
1.0
1.0
0.9999902
1.0
1.0
0.9999988
0.99999964
0.9982893
1.0
1.0
1.0
0.999629
1.0
1.0
0.999366
0.999995
1.0
1.0
1.0
1.0
1.0
0.9999999
1.0
1.0
1.0
1.0
1.0
1.0
0.9999999
0.9999999
0.99999976
1.0
1.0
1.0
1.0
1.0
1.0
0.9986413
1.0
1.0
0.9999988
1.0
1.0
1.0
1.0
1.0
1.0
1.0
1.0
1.0
1.0
0.78089404
1.0
0.9999999
1.0
0.9999999
0.99999833
1.0
1.0
1.0
1.0
1.0
1.0
1.0
1.0
1.0
0.99999976
1.0
1.0
0.9999999
1.0
0.99999905
1.0
1.0
1.0
0.91780615
1.0
1.0
1.0
0.9999999
1.0
1.0
1.0
1.0
1.0
1.0
1.0
1.0
1.0
1.0
1.0
1.0
0.99994624
1.0
0.9999995
1.0
0.99999905
1.0
0.999998
1.0
1.0
0.9999974
1.0
1.0
0.99999905
1.0
1.0
1.0
1.0
0.99999726
0.9999956
1.0
1.0
1.0
1.0
0.99999654
1.0
0.99999845
1.0
1.0
1.0
1.0
1.0
1.0
1.0
1.0
0.99261683
1.0
1.0
0.9999999
1.0
1.0
0.9999757
1.0
1.0
0.6913724
1.0
1.0
0.9999995
1.0
1.0
1.0
0.9999999
1.0
1.0
1.0
1.0
0.99999976
0.98761684
0.9999672
1.0
1.0
1.0
1.0
1.0
1.0
1.0
1.0
1.0
1.0
1.0
1.0
1.0
1.0
1.0
0.9999999
1.0
0.99999976
1.0
1.0
1.0
1.0
0.9999958
1.0
1.0
0.9999887
0.99911076
1.0
1.0
0.9999995
1.0
1.0
0.9999981
1.0
1.0
1.0
1.0
0.9999981
1.0
1.0
1.0
0.9999999
1.0
1.0
1.0
0.9999887
0.9999995
0.99949694
1.0
0.99993193
1.0
1.0
1.0
1.0
1.0
1.0
1.0
0.9999827
1.0
1.0
1.0
1.0
1.0
1.0
1.0
1.0
1.0
1.0
1.0
0.9281865
1.0
1.0
1.0
1.0
1.0
1.0
1.0
1.0
1.0
1.0
0.99998283
1.0
1.0
1.0
0.9999982
1.0
1.0
1.0
1.0
1.0
1.0
1.0
1.0
0.9598714
0.9999417
1.0
1.0
1.0
1.0
1.0
0.99626994
0.9999993
0.99940276
1.0
1.0
1.0
1.0
1.0
1.0
0.99436945
1.0
1.0
0.9999999
1.0
0.9999858
1.0
1.0
1.0
1.0
0.9999999
0.99999964
1.0
1.0
0.9341575
0.99976975
1.0
1.0
0.99999976
1.0
1.0
0.9999999
1.0
1.0
1.0
1.0
1.0
1.0
1.0
1.0
1.0
1.0
1.0
1.0
1.0
1.0
1.0
0.9995017
0.9999397
1.0
1.0
1.0
1.0
1.0
0.9999999
1.0
1.0
1.0
1.0
1.0
1.0
0.9915637
1.0
0.9993831
1.0
1.0
0.9999988
0.99995697
1.0
0.9999975
1.0
0.99999964
1.0
0.7569571
1.0
0.9959363
1.0
1.0
1.0
1.0
1.0
1.0
1.0
1.0
1.0
1.0
1.0
0.99999964
1.0
0.99999964
1.0
1.0
1.0
1.0
0.99999917
1.0
1.0
0.9999999
0.9993948
1.0
1.0
1.0
0.999962
1.0
1.0
0.9999956
1.0
1.0
0.9999994
1.0
1.0
0.9999945
1.0
1.0
1.0
1.0
0.9999995
1.0
1.0
1.0
1.0
1.0
1.0
1.0
1.0
1.0
0.99999475
1.0
1.0
0.9998197
0.9998282
1.0
1.0
1.0
1.0
1.0
1.0
0.99987555
0.9999982
0.9999987
1.0
1.0
1.0
0.97114366
1.0
1.0
1.0
1.0
1.0
1.0
1.0
1.0
1.0
0.99898845
0.9999999
1.0
1.0
1.0
1.0
1.0
1.0
1.0
1.0
1.0
1.0
0.99999964
1.0
1.0
1.0
1.0
1.0
1.0
1.0
1.0
1.0
1.0
0.99999785
0.99572337
1.0
1.0
1.0
1.0
0.9999943
1.0
0.9999925
1.0
1.0
1.0
1.0
1.0
1.0
1.0
1.0
1.0
1.0
1.0
0.9999988
1.0
1.0
1.0
1.0
1.0
0.9999999
1.0
1.0
1.0
1.0
1.0
1.0
1.0
1.0
1.0
1.0
1.0
1.0
1.0
1.0
1.0
1.0
1.0
1.0
1.0
0.9999999
1.0
1.0
1.0
1.0
1.0
1.0
1.0
1.0
1.0
1.0
0.99999917
1.0
1.0
1.0
1.0
0.9999999
1.0
1.0
1.0
1.0
1.0
1.0
1.0
1.0
1.0
1.0
0.99999964
1.0
1.0
1.0
1.0
0.9999908
0.9999999
1.0
1.0
1.0
1.0
1.0
1.0
1.0
1.0
1.0
0.99999976
1.0
1.0
1.0
1.0
1.0
1.0
1.0
1.0
1.0
0.9999999
1.0
1.0
1.0
1.0
1.0
1.0
1.0
1.0
1.0
1.0
1.0
0.9999999
1.0
1.0
1.0
1.0
1.0
1.0
1.0
1.0
1.0
1.0
1.0
1.0
1.0
1.0
1.0
1.0
1.0
1.0
1.0
1.0
1.0
1.0
1.0
1.0
1.0
1.0
0.9999938
1.0
1.0
1.0
1.0
1.0
1.0
1.0
0.99999654
0.9999999
1.0
1.0
1.0
0.9997768
1.0
1.0
0.9999999
1.0
1.0
1.0
1.0
1.0
1.0
1.0
1.0
0.9999999
1.0
1.0
1.0
1.0
1.0
1.0
0.9992016
1.0
1.0
1.0
1.0
1.0
0.9028581
1.0
1.0
1.0
1.0
1.0
1.0
1.0
1.0
1.0
1.0
1.0
1.0
1.0
1.0
1.0
1.0
1.0
1.0
1.0
1.0
1.0
1.0
1.0
1.0
0.9999999
1.0
1.0
1.0
0.9999982
1.0
1.0
1.0
1.0
0.9991605
1.0
0.9982521
1.0
0.99999344
1.0
1.0
1.0
1.0
1.0
1.0
1.0
1.0
1.0
1.0
1.0
1.0
1.0
1.0
1.0
0.9999995
1.0
0.9999877
1.0
1.0
1.0
1.0
1.0
1.0
0.9952909
1.0
1.0
1.0
1.0
1.0
1.0
1.0
1.0
1.0
1.0
1.0
1.0
1.0
0.99999976
1.0
1.0
1.0
0.6153957
1.0
1.0
1.0
0.99999917
1.0
1.0
1.0
1.0
1.0
1.0
1.0
1.0
1.0
1.0
0.999858
0.9999994
1.0
1.0
0.99973565
1.0
1.0
0.9964335
0.9999925
1.0
1.0
1.0
1.0
1.0
1.0
1.0
1.0
1.0
1.0
1.0
1.0
1.0
1.0
1.0
1.0
1.0
1.0
1.0
1.0
1.0
1.0
1.0
1.0
1.0
1.0
1.0
1.0
1.0
1.0
1.0
1.0
1.0
1.0
1.0
1.0
1.0
1.0
1.0
1.0
1.0
1.0
1.0
1.0
1.0
1.0
1.0
1.0
1.0
1.0
1.0
1.0
1.0
1.0
1.0
1.0
1.0
1.0
1.0
1.0
1.0
0.8686168
1.0
1.0
1.0
1.0
1.0
1.0
1.0
1.0
1.0
1.0
1.0
1.0
1.0
1.0
1.0
1.0
1.0
1.0
1.0
1.0
1.0
1.0
1.0
1.0
1.0
1.0
1.0
1.0
1.0
1.0
1.0
1.0
1.0
1.0
1.0
1.0
1.0
1.0
1.0
1.0
1.0
1.0
1.0
1.0
1.0
1.0
1.0
1.0
1.0
1.0
1.0
1.0
1.0
1.0
1.0
1.0
1.0
1.0
1.0
1.0
1.0
1.0
1.0
1.0
1.0
0.9999999
1.0
1.0
1.0
0.9999999
1.0
1.0
1.0
1.0
1.0
1.0
1.0
0.9999994
1.0
1.0
1.0
1.0
1.0
1.0
1.0
1.0
1.0
1.0
1.0
1.0
1.0
1.0
0.99999917
1.0
1.0
1.0
1.0
1.0
1.0
1.0
1.0
1.0
1.0
1.0
1.0
1.0
1.0
1.0
1.0
1.0
1.0
1.0
1.0
1.0
1.0
1.0
1.0
0.99997556
0.99999714
1.0
1.0
1.0
1.0
1.0
1.0
0.99963
1.0
1.0
1.0
1.0
1.0
1.0
1.0
1.0
1.0
1.0
1.0
1.0
1.0
1.0
1.0
1.0
1.0
1.0
1.0
1.0
1.0
1.0
1.0
1.0
1.0
1.0
1.0
1.0
1.0
1.0
1.0
1.0
1.0
1.0
1.0
1.0
1.0
1.0
1.0
1.0
1.0
1.0
1.0
1.0
0.9999999
1.0
1.0
1.0
1.0
1.0
1.0
1.0
1.0
1.0
1.0
1.0
1.0
1.0
1.0
1.0
1.0
0.99999547
1.0
1.0
1.0
0.9999999
1.0
1.0
1.0
1.0
1.0
1.0
1.0
1.0
1.0
1.0
1.0
1.0
1.0
1.0
1.0
1.0
1.0
1.0
1.0
1.0
1.0
1.0
0.9999999
0.9999999
1.0
1.0
1.0
1.0
1.0
1.0
1.0
1.0
1.0
1.0
1.0
0.9999999
1.0
0.9999993
1.0
1.0
0.99999404
1.0
1.0
1.0
1.0
1.0
1.0
1.0
1.0
0.99999976
1.0
1.0
1.0
1.0
1.0
1.0
0.9999999
1.0
1.0
0.99999857
1.0
1.0
0.99994373
1.0
1.0
1.0
1.0
1.0
1.0
1.0
0.9999995
1.0
1.0
1.0
1.0
1.0
0.99965465
1.0
1.0
1.0
1.0
1.0
1.0
1.0
1.0
1.0
1.0
1.0
1.0
1.0
1.0
1.0
1.0
1.0
1.0
1.0
0.9999906
1.0
1.0
0.99998796
1.0
1.0
0.99999845
1.0
1.0
1.0
1.0
1.0
1.0
1.0
0.97688943
1.0
0.9999999
1.0
1.0
0.99999976
1.0
1.0
0.9999783
0.9999999
1.0
1.0
1.0
0.9999999
1.0
0.9999652
1.0
1.0
1.0
1.0
0.9983197
0.99995136
1.0
1.0
1.0
1.0
1.0
1.0
0.99999964
1.0
1.0
1.0
1.0
1.0
1.0
1.0
1.0
1.0
1.0
1.0
1.0
1.0
0.9999354
1.0
0.9999999
1.0
1.0
1.0
1.0
1.0
1.0
1.0
1.0
1.0
0.9999974
1.0
1.0
1.0
1.0
1.0
1.0
1.0
1.0
1.0
1.0
1.0
1.0
1.0
1.0
0.99999845
1.0
1.0
1.0
1.0
0.9999995
0.99998915
1.0
1.0
1.0
1.0
0.9999987
1.0
1.0
0.9999999
1.0
1.0
0.9999999
1.0
1.0
1.0
1.0
1.0
0.9999815
1.0
0.9999989
1.0
1.0
1.0
1.0
1.0
0.99917185
0.99992824
0.9882145
1.0
1.0
1.0
1.0
1.0
0.9999999
1.0
1.0
0.99973136
1.0
1.0
1.0
0.9999969
1.0
1.0
0.9990677
1.0
1.0
1.0
1.0
1.0
1.0
1.0
1.0
1.0
1.0
1.0
1.0
1.0
1.0
1.0
1.0
0.9999999
1.0
1.0
1.0
0.99999905
1.0
1.0
1.0
1.0
1.0
1.0
1.0
1.0
1.0
1.0
1.0
1.0
1.0
1.0
1.0
1.0
1.0
1.0
1.0
1.0
1.0
1.0
1.0
1.0
1.0
1.0
1.0
0.9999969
0.9980757
1.0
1.0
1.0
1.0
0.9993612
1.0
1.0
1.0
1.0
1.0
1.0
1.0
1.0
1.0
1.0
1.0
1.0
1.0
1.0
1.0
1.0
1.0
1.0
1.0
0.9999994
0.99989843
1.0
1.0
1.0
1.0
0.9999999
1.0
0.9999125
1.0
1.0
1.0
1.0
1.0
1.0
1.0
1.0
1.0
1.0
1.0
1.0
1.0
1.0
1.0
1.0
1.0
1.0
1.0
1.0
1.0
1.0
1.0
1.0
1.0
0.9999995
1.0
1.0
1.0
1.0
1.0
1.0
1.0
1.0
1.0
1.0
1.0
1.0
1.0
1.0
1.0
0.9972529
1.0
1.0
1.0
1.0
1.0
1.0
1.0
0.99999917
1.0
0.9954046
0.5748288
1.0
1.0
1.0
1.0
1.0
1.0
1.0
1.0
1.0
1.0
1.0
1.0
1.0
1.0
0.9999924
1.0
1.0
0.98558456
1.0
1.0
1.0
1.0
1.0
0.99999976
1.0
0.9999993
1.0
0.99999976
1.0
0.9999999
1.0
1.0
1.0
0.99999845
1.0
1.0
1.0
0.9999988
1.0
1.0
1.0
1.0
1.0
1.0
1.0
1.0
0.99999905
0.97652674
0.99760073
1.0
0.99990225
1.0
1.0
1.0
1.0
1.0
1.0
1.0
0.9999999
1.0
0.9999894
1.0
1.0
1.0
1.0
1.0
0.99999726
1.0
0.9999999
1.0
0.9998061
1.0
1.0
1.0
0.9999989
1.0
1.0
1.0
1.0
1.0
1.0
1.0
1.0
0.9999999
0.9999708
1.0
1.0
1.0
1.0
1.0
1.0
1.0
0.9496554
0.99636793
1.0
1.0
0.99993515
1.0
1.0
1.0
1.0
1.0
1.0
0.9999962
1.0
1.0
1.0
1.0
0.9038885
0.9999988
0.9999999
0.9999999
1.0
0.9999999
1.0
1.0
1.0
0.99996734
0.9999958
1.0
0.9999999
1.0
0.99999595
1.0
1.0
1.0
1.0
1.0
1.0
1.0
1.0
0.9999994
1.0
1.0
0.9999871
1.0
1.0
0.99967194
1.0
0.9999988
1.0
1.0
1.0
1.0
1.0
1.0
0.9998441
1.0
0.9999937
1.0
1.0
1.0
1.0
0.9997527
1.0
1.0
0.99999917
1.0
1.0
0.9999882
1.0
0.99999833
1.0
1.0
0.9999994
0.9999895
1.0
1.0
1.0
1.0
0.99999154
1.0
1.0
1.0
1.0
1.0
0.99717665
1.0
1.0
1.0
1.0
1.0
0.9991892
0.99999976
0.99999964
1.0
1.0
1.0
1.0
1.0
1.0
1.0
0.9985102
1.0
1.0
1.0
1.0
1.0
1.0
1.0
1.0
1.0
0.8473675
1.0
0.9999989
1.0
1.0
1.0
1.0
1.0
1.0
1.0
0.99992335
1.0
1.0
1.0
1.0
1.0
1.0
1.0
1.0
1.0
1.0
0.99978596
1.0
1.0
0.9999995
1.0
1.0
1.0
1.0
1.0
1.0
1.0
1.0
1.0
1.0
1.0
1.0
1.0
1.0
1.0
1.0
1.0
1.0
1.0
1.0
1.0
1.0
1.0
1.0
1.0
1.0
1.0
1.0
1.0
1.0
1.0
1.0
1.0
1.0
1.0
1.0
1.0
1.0
1.0
1.0
1.0
0.9999063
1.0
1.0
1.0
1.0
1.0
1.0
1.0
1.0
0.5063003
1.0
0.99999547
1.0
1.0
1.0
0.9998141
0.93918157
0.9999726
1.0
1.0
1.0
1.0
1.0
1.0
1.0
1.0
1.0
1.0
1.0
1.0
1.0
1.0
1.0
1.0
1.0
1.0
1.0
1.0
1.0
1.0
1.0
1.0
1.0
1.0
1.0
1.0
1.0
1.0
1.0
1.0
1.0
1.0
1.0
1.0
1.0
1.0
1.0
1.0
1.0
1.0
1.0
1.0
1.0
1.0
1.0
1.0
1.0
1.0
1.0
1.0
1.0
1.0
1.0
1.0
1.0
1.0
1.0
1.0
1.0
1.0
1.0
1.0
1.0
1.0
1.0
1.0
0.99998486
1.0
1.0
1.0
1.0
1.0
1.0
1.0
1.0
1.0
1.0
1.0
1.0
1.0
1.0
1.0
1.0
1.0
1.0
1.0
1.0
1.0
1.0
1.0
1.0
1.0
1.0
1.0
1.0
1.0
1.0
1.0
1.0
1.0
1.0
1.0
1.0
1.0
1.0
1.0
1.0
1.0
1.0
1.0
1.0
1.0
1.0
1.0
1.0
1.0
1.0
1.0
1.0
1.0
1.0
1.0
1.0
1.0
1.0
1.0
1.0
1.0
1.0
1.0
1.0
1.0
1.0
1.0
1.0
1.0
1.0
1.0
1.0
1.0
1.0
1.0
1.0
1.0
1.0
1.0
1.0
1.0
1.0
1.0
1.0
1.0
1.0
1.0
1.0
1.0
1.0
1.0
1.0
1.0
1.0
1.0
1.0
1.0
1.0
1.0
1.0
1.0
1.0
1.0
1.0
1.0
1.0
1.0
1.0
1.0
1.0
1.0
1.0
1.0
1.0
1.0
1.0
1.0
1.0
1.0
1.0
1.0
1.0
1.0
1.0
1.0
1.0
1.0
1.0
1.0
1.0
1.0
1.0
1.0
1.0
1.0
1.0
1.0
1.0
1.0
1.0
1.0
1.0
1.0
1.0
1.0
1.0
1.0
0.99999464
0.99998915
0.99999845
1.0
1.0
1.0
1.0
1.0
1.0
0.9999958
0.9999994
1.0
1.0
1.0
1.0
1.0
1.0
1.0
1.0
1.0
0.9999975
1.0
1.0
1.0
1.0
1.0
1.0
0.99999535
1.0
1.0
1.0
1.0
1.0
1.0
1.0
0.9999478
1.0
0.9999999
1.0
1.0
1.0
1.0
1.0
0.9999999
1.0
1.0
1.0
1.0
1.0
1.0
0.99999976
1.0
1.0
1.0
1.0
1.0
1.0
1.0
1.0
1.0
1.0
1.0
1.0
1.0
1.0
1.0
1.0
0.9999999
1.0
1.0
1.0
1.0
1.0
1.0
1.0
1.0
1.0
1.0
1.0
1.0
0.9909169
1.0
1.0
1.0
1.0
1.0
1.0
1.0
1.0
0.99999905
0.9999999
1.0
1.0
1.0
1.0
1.0
1.0
1.0
1.0
1.0
1.0
1.0
1.0
1.0
0.9999999
1.0
1.0
1.0
1.0
1.0
1.0
1.0
1.0
1.0
0.9938036
1.0
1.0
1.0
1.0
1.0
1.0
0.9999975
1.0
1.0
1.0
1.0
0.99999964
1.0
1.0
1.0
1.0
1.0
1.0
1.0
1.0
1.0
1.0
0.99999976
1.0
1.0
1.0
0.9992537
1.0
1.0
1.0
1.0
1.0
0.99999404
1.0
1.0
1.0
1.0
1.0
0.99999917
1.0
1.0
1.0
1.0
1.0
1.0
1.0
1.0
1.0
0.9995447
0.9418445
1.0
0.99999464
0.9868559
1.0
0.722228
0.9990565
1.0
1.0
1.0
1.0
1.0
1.0
0.9999981
0.9999106
0.9999999
0.955635
0.9999896
0.99999905
0.99994874
1.0
0.9243179
0.99999905
0.9999989
1.0
1.0
1.0
1.0
1.0
1.0
1.0
1.0
1.0
1.0
1.0
1.0
1.0
0.9999993
1.0
1.0
1.0
0.9999999
0.66773224
0.995684
0.9898226
1.0
1.0
0.9999999
0.9999999
1.0
0.999998
1.0
1.0
0.9999981
1.0
1.0
1.0
1.0
0.99999905
1.0
0.999985
1.0
1.0
1.0
1.0
1.0
1.0
0.99999976
1.0
0.9999999
0.3830976
1.0
0.9999999
1.0
1.0
1.0
1.0
0.99999845
1.0
1.0
0.9999999
0.9999702
1.0
1.0
1.0
1.0
1.0
0.99999976
1.0
1.0
0.9999746
1.0
1.0
1.0
1.0
0.9999995
0.70209247
1.0
1.0
1.0
1.0
1.0
1.0
1.0
1.0
1.0
1.0
0.9999964
1.0
1.0
1.0
1.0
1.0
1.0
1.0
1.0
1.0
0.9999999
1.0
1.0
1.0
1.0
0.9999999
1.0
1.0
1.0
1.0
1.0
1.0
1.0
1.0
1.0
1.0
1.0
1.0
1.0
0.9999956
0.9999995
1.0
1.0
1.0
1.0
1.0
1.0
1.0
1.0
1.0
1.0
1.0
1.0
1.0
0.999969
1.0
1.0
1.0
0.99999976
1.0
1.0
1.0
1.0
1.0
1.0
1.0
0.99996626
1.0
1.0
0.99999595
0.99999976
1.0
1.0
1.0
1.0
1.0
1.0
1.0
1.0
1.0
0.9999999
1.0
1.0
1.0
1.0
1.0
1.0
1.0
0.9649635
0.99999964
1.0
1.0
0.99993944
1.0
0.9999999
0.9999566
1.0
1.0
1.0
1.0
1.0
1.0
1.0
0.9999769
0.99985695
1.0
1.0
1.0
1.0
1.0
0.9999999
1.0
1.0
1.0
1.0
1.0
0.999997
0.9999999
1.0
1.0
1.0
1.0
1.0
1.0
1.0
1.0
1.0
1.0
1.0
1.0
1.0
0.9905117
0.99999976
1.0
1.0
0.9999999
0.99999726
1.0
1.0
0.9999999
1.0
1.0
1.0
1.0
0.99999535
1.0
1.0
1.0
1.0
1.0
1.0
1.0
1.0
1.0
1.0
0.999998
1.0
1.0
1.0
0.9999999
1.0
0.9999975
1.0
1.0
1.0
0.9998771
1.0
1.0
1.0
1.0
1.0
1.0
1.0
1.0
1.0
1.0
1.0
1.0
1.0
1.0
1.0
1.0
1.0
1.0
1.0
1.0
1.0
1.0
1.0
1.0
1.0
1.0
1.0
1.0
1.0
0.99798656
1.0
1.0
1.0
1.0
0.99999964
1.0
1.0
1.0
1.0
1.0
1.0
1.0
1.0
1.0
1.0
1.0
1.0
1.0
1.0
1.0
1.0
1.0
1.0
1.0
1.0
1.0
1.0
1.0
1.0
1.0
0.99999905
1.0
1.0
1.0
1.0
0.9999763
1.0
1.0
1.0
1.0
1.0
1.0
1.0
1.0
1.0
1.0
0.9999999
0.9999969
1.0
1.0
1.0
0.999998
1.0
1.0
1.0
1.0
1.0
1.0
0.99999726
1.0
1.0
0.9999999
0.999995
1.0
0.9999999
1.0
1.0
1.0
1.0
1.0
1.0
0.9999975
1.0
1.0
1.0
1.0
1.0
1.0
0.99999964
1.0
1.0
1.0
1.0
1.0
1.0
1.0
1.0
1.0
1.0
1.0
1.0
1.0
0.99999917
1.0
1.0
1.0
0.9999999
1.0
1.0
1.0
1.0
1.0
1.0
1.0
1.0
1.0
0.999969
1.0
1.0
1.0
1.0
1.0
1.0
1.0
0.9999999
1.0
1.0
1.0
1.0
1.0
1.0
1.0
1.0
1.0
1.0
1.0
1.0
1.0
1.0
1.0
1.0
1.0
1.0
0.99999976
1.0
1.0
1.0
1.0
1.0
1.0
1.0
1.0
1.0
1.0
1.0
1.0
1.0
1.0
1.0
1.0
0.9999995
1.0
1.0
1.0
1.0
1.0
1.0
1.0
1.0
1.0
1.0
1.0
1.0
1.0
1.0
1.0
1.0
1.0
1.0
1.0
1.0
1.0
1.0
0.9999999
1.0
1.0
1.0
1.0
1.0
1.0
0.9999999
1.0
0.9999951
1.0
1.0
1.0
1.0
1.0
1.0
1.0
1.0
1.0
1.0
1.0
1.0
1.0
1.0
1.0
1.0
1.0
1.0
0.9990398
1.0
1.0
1.0
1.0
0.9998491
1.0
1.0
1.0
1.0
1.0
1.0
1.0
1.0
1.0
0.9999989
1.0
1.0
1.0
1.0
1.0
1.0
0.99999845
1.0
1.0
1.0
1.0
1.0
1.0
1.0
1.0
1.0
0.99999976
1.0
1.0
1.0
1.0
1.0
1.0
1.0
0.99999976
1.0
1.0
1.0
0.99999785
1.0
0.99999464
1.0
1.0
0.9999999
1.0
1.0
1.0
1.0
1.0
1.0
1.0
1.0
0.9999989
1.0
1.0
1.0
1.0
1.0
1.0
1.0
1.0
1.0
1.0
1.0
1.0
1.0
0.999998
1.0
1.0
1.0
1.0
1.0
1.0
0.9999995
1.0
1.0
1.0
0.9999999
1.0
1.0
0.9999989
0.9999999
1.0
1.0
1.0
1.0
1.0
1.0
1.0
1.0
1.0
1.0
1.0
0.9999958
1.0
1.0
1.0
1.0
1.0
0.99930036
1.0
0.99999976
1.0
1.0
1.0
1.0
1.0
1.0
1.0
1.0
1.0
1.0
1.0
1.0
1.0
1.0
1.0
1.0
1.0
0.99999964
1.0
1.0
1.0
1.0
1.0
1.0
1.0
1.0
1.0
1.0
1.0
1.0
1.0
1.0
1.0
1.0
1.0
1.0
1.0
1.0
0.9999999
1.0
1.0
0.9999317
1.0
1.0
1.0
1.0
1.0
0.9999975
0.9999999
1.0
1.0
1.0
1.0
0.9999999
1.0
0.9991346
1.0
1.0
1.0
0.99986327
1.0
1.0
1.0
1.0
1.0
1.0
1.0
1.0
1.0
1.0
1.0
1.0
0.9999969
1.0
1.0
1.0
0.99999654
1.0
0.99814737
1.0
1.0
1.0
1.0
0.99691796
0.99999976
1.0
1.0
1.0
1.0
1.0
1.0
1.0
0.9999988
1.0
1.0
1.0
1.0
1.0
1.0
1.0
1.0
0.9999999
1.0
1.0
1.0
1.0
1.0
1.0
1.0
1.0
0.9999999
0.99986863
1.0
1.0
1.0
1.0
1.0
1.0
1.0
1.0
1.0
0.99999976
1.0
1.0
1.0
1.0
1.0
1.0
1.0
1.0
1.0
1.0
1.0
1.0
1.0
1.0
1.0
1.0
1.0
1.0
1.0
1.0
1.0
1.0
1.0
1.0
1.0
0.9999999
1.0
1.0
1.0
1.0
0.99999917
1.0
1.0
1.0
1.0
1.0
1.0
1.0
1.0
1.0
1.0
1.0
1.0
1.0
1.0
1.0
1.0
1.0
1.0
1.0
1.0
1.0
1.0
1.0
1.0
0.99999976
1.0
1.0
1.0
1.0
1.0
1.0
1.0
1.0
1.0
1.0
1.0
1.0
1.0
1.0
0.9999999
1.0
1.0
1.0
1.0
0.9999875
1.0
1.0
1.0
1.0
1.0
1.0
1.0
1.0
1.0
1.0
1.0
1.0
1.0
1.0
1.0
1.0
1.0
1.0
1.0
1.0
0.9999993
1.0
1.0
1.0
1.0
1.0
1.0
1.0
1.0
0.9999974
1.0
1.0
1.0
1.0
1.0
0.99999976
1.0
1.0
1.0
1.0
1.0
1.0
1.0
1.0
1.0
1.0
0.99999785
1.0
0.9999951
1.0
1.0
1.0
1.0
1.0
1.0
1.0
1.0
1.0
1.0
1.0
1.0
0.99999964
1.0
1.0
1.0
1.0
1.0
1.0
1.0
1.0
1.0
1.0
1.0
1.0
1.0
0.99999964
0.99999976
0.9994923
1.0
0.99606675
1.0
1.0
0.99991214
1.0
0.9999999
1.0
0.99993753
1.0
1.0
1.0
1.0
1.0
0.99999976
1.0
1.0
1.0
0.9994561
1.0
1.0
1.0
1.0
1.0
1.0
1.0
1.0
1.0
0.9999958
1.0
1.0
1.0
1.0
1.0
1.0
1.0
1.0
1.0
1.0
0.9998349
1.0
1.0
1.0
0.9998894
0.9999999
1.0
1.0
1.0
1.0
1.0
0.99999976
1.0
1.0
1.0
1.0
1.0
1.0
0.9999995
0.9999995
1.0
1.0
1.0
1.0
1.0
1.0
0.99963987
1.0
1.0
1.0
1.0
1.0
1.0
0.999998
1.0
1.0
1.0
1.0
1.0
1.0
1.0
1.0
1.0
1.0
1.0
1.0
1.0
1.0
1.0
1.0
1.0
0.9999999
1.0
1.0
1.0
1.0
1.0
1.0
1.0
1.0
1.0
1.0
1.0
1.0
1.0
1.0
1.0
0.9999999
1.0
1.0
1.0
1.0
1.0
1.0
1.0
1.0
1.0
1.0
1.0
1.0
1.0
1.0
1.0
1.0
1.0
1.0
0.9999995
1.0
1.0
1.0
1.0
1.0
1.0
0.99987924
1.0
1.0
1.0
1.0
1.0
1.0
1.0
1.0
0.9999975
1.0
1.0
1.0
1.0
1.0
0.9999881
1.0
1.0
1.0
1.0
1.0
1.0
1.0
1.0
1.0
1.0
1.0
1.0
1.0
1.0
1.0
1.0
1.0
1.0
1.0
1.0
1.0
1.0
1.0
1.0
1.0
0.99999917
1.0
1.0
1.0
1.0
1.0
1.0
1.0
1.0
1.0
1.0
1.0
1.0
0.9999989
1.0
1.0
1.0
1.0
1.0
1.0
1.0
1.0
1.0
1.0
1.0
1.0
1.0
1.0
1.0
1.0
1.0
0.9999877
0.9999999
1.0
1.0
0.9999999
1.0
1.0
1.0
1.0
1.0
1.0
1.0
1.0
1.0
0.9999778
1.0
1.0
1.0
1.0
0.99999964
1.0
1.0
1.0
1.0
1.0
1.0
1.0
1.0
1.0
1.0
1.0
1.0
1.0
1.0
1.0
0.99999726
0.9999994
1.0
1.0
1.0
1.0
1.0
0.99999845
1.0
1.0
1.0
1.0
1.0
1.0
1.0
1.0
1.0
1.0
1.0
1.0
1.0
1.0
1.0
1.0
1.0
1.0
0.99999976
1.0
1.0
1.0
1.0
1.0
1.0
1.0
1.0
1.0
1.0
1.0
1.0
1.0
1.0
1.0
1.0
1.0
1.0
1.0
1.0
1.0
1.0
1.0
1.0
1.0
1.0
1.0
1.0
1.0
1.0
1.0
1.0
1.0
0.9999386
1.0
0.9999999
0.9999994
0.9999902
1.0
1.0
1.0
1.0
1.0
1.0
1.0
1.0
1.0
0.9999982
1.0
1.0
0.99999964
1.0
1.0
1.0
1.0
1.0
1.0
1.0
1.0
1.0
1.0
1.0
1.0
1.0
1.0
1.0
1.0
1.0
1.0
1.0
1.0
1.0
1.0
1.0
0.9999999
1.0
1.0
1.0
0.9999999
1.0
1.0
1.0
0.99999833
1.0
0.99999964
1.0
1.0
1.0
1.0
1.0
1.0
1.0
1.0
1.0
1.0
1.0
1.0
1.0
0.99999416
1.0
1.0
0.9999064
1.0
1.0
1.0
1.0
1.0
1.0
1.0
1.0
1.0
1.0
1.0
0.99999917
0.9977927
1.0
1.0
1.0
1.0
1.0
1.0
1.0
0.9999949
1.0
1.0
1.0
1.0
0.9999975
1.0
1.0
1.0
1.0
1.0
1.0
1.0
1.0
1.0
1.0
0.99999523
1.0
0.999871
0.9999999
0.9999993
0.9977204
1.0
1.0
0.99995685
1.0
0.9999999
1.0
0.96813554
0.99999404
0.99999833
1.0
0.9999993
1.0
1.0
0.9999993
0.9999999
0.9999994
0.9999987
1.0
1.0
1.0
1.0
1.0
1.0
1.0
1.0
1.0
1.0
1.0
1.0
1.0
1.0
0.9999999
1.0
1.0
1.0
1.0
1.0
1.0
1.0
1.0
1.0
1.0
1.0
0.99999416
1.0
1.0
1.0
1.0
1.0
1.0
1.0
1.0
1.0
1.0
1.0
1.0
0.9999993
1.0
1.0
0.99963
0.9999995
1.0
1.0
1.0
1.0
1.0
1.0
1.0
1.0
0.99999976
1.0
1.0
0.9998171
1.0
1.0
0.99999344
1.0
1.0
1.0
1.0
1.0
0.9999999
0.9999988
1.0
0.99998844
0.9999746
1.0
1.0
1.0
1.0
1.0
1.0
1.0
1.0
1.0
1.0
1.0
1.0
1.0
1.0
1.0
1.0
1.0
1.0
1.0
1.0
1.0
1.0
1.0
1.0
1.0
1.0
1.0
1.0
1.0
1.0
1.0
1.0
1.0
1.0
1.0
0.999992
1.0
1.0
1.0
1.0
1.0
1.0
0.9999958
1.0
1.0
1.0
1.0
1.0
1.0
0.99999917
1.0
1.0
1.0
1.0
1.0
1.0
0.99999297
1.0
1.0
1.0
1.0
0.9999683
0.9487185
1.0
1.0
1.0
1.0
1.0
1.0
1.0
1.0
1.0
1.0
1.0
1.0
1.0
1.0
1.0
1.0
0.9999927
1.0
1.0
1.0
1.0
1.0
1.0
1.0
0.99999976
1.0
1.0
1.0
0.9999993
1.0
0.9999999
1.0
1.0
1.0
1.0
1.0
1.0
1.0
0.9999901
1.0
1.0
1.0
1.0
1.0
1.0
1.0
1.0
1.0
1.0
1.0
1.0
0.99994576
0.9999999
1.0
1.0
0.99999964
1.0
1.0
1.0
1.0
1.0
1.0
1.0
1.0
1.0
1.0
1.0
0.99906474
1.0
0.9988697
1.0
0.99999976
0.9999993
0.9999981
1.0
1.0
1.0
0.9999441
1.0
0.99999654
1.0
1.0
1.0
1.0
1.0
1.0
0.99999857
0.99999976
1.0
0.9992142
1.0
1.0
0.9999999
1.0
1.0
1.0
1.0
1.0
1.0
0.9999956
0.9999685
0.9999677
0.6002938
0.9999906
1.0
1.0
1.0
1.0
1.0
1.0
0.9999021
1.0
0.99999964
1.0
0.9995041
0.99999964
1.0
1.0
0.99992
1.0
1.0
1.0
1.0
0.9999994
1.0
1.0
1.0
1.0
1.0
1.0
1.0
1.0
1.0
1.0
0.9999994
1.0
0.99719596
1.0
1.0
1.0
1.0
1.0
1.0
1.0
0.9999999
1.0
1.0
0.9999999
1.0
1.0
1.0
1.0
1.0
1.0
1.0
1.0
1.0
0.9999999
1.0
0.99998415
1.0
0.99999976
1.0
1.0
0.99999857
1.0
1.0
1.0
1.0
1.0
1.0
1.0
1.0
1.0
1.0
1.0
1.0
1.0
1.0
0.9999999
1.0
1.0
1.0
1.0
1.0
1.0
1.0
1.0
1.0
0.99912685
0.99380785
1.0
0.99999166
1.0
1.0
1.0
1.0
1.0
1.0
1.0
1.0
1.0
1.0
1.0
0.99999905
1.0
1.0
1.0
1.0
1.0
1.0
1.0
1.0
1.0
1.0
1.0
1.0
1.0
1.0
1.0
1.0
0.99999976
1.0
1.0
1.0
1.0
1.0
1.0
1.0
1.0
1.0
1.0
1.0
1.0
1.0
0.9999994
1.0
1.0
1.0
1.0
1.0
1.0
1.0
1.0
1.0
1.0
1.0
1.0
1.0
1.0
1.0
0.9999844
1.0
0.99999905
0.99836975
1.0
1.0
1.0
0.9999999
1.0
1.0
1.0
0.9999999
1.0
1.0
1.0
1.0
0.9999999
1.0
1.0
1.0
1.0
1.0
1.0
1.0
1.0
1.0
1.0
1.0
1.0
1.0
0.99831784
0.99999833
0.9999994
1.0
0.99782157
0.99999607
1.0
1.0
1.0
0.99999976
1.0
1.0
1.0
1.0
0.99999964
0.99997354
1.0
1.0
1.0
1.0
1.0
1.0
1.0
1.0
1.0
1.0
0.9999974
1.0
1.0
1.0
1.0
1.0
1.0
1.0
1.0
1.0
1.0
1.0
0.90733933
1.0
0.9999994
1.0
0.99999774
0.8196995
1.0
1.0
1.0
0.99999964
0.9999999
0.99999845
0.9999999
1.0
0.93029183
0.99999297
0.9999882
1.0
1.0
1.0
1.0
0.99999106
1.0
0.9999968
1.0
1.0
1.0
1.0
1.0
1.0
1.0
1.0
1.0
1.0
1.0
1.0
1.0
1.0
0.9999999
1.0
1.0
1.0
1.0
1.0
1.0
1.0
1.0
1.0
1.0
1.0
1.0
1.0
1.0
1.0
1.0
1.0
1.0
1.0
1.0
1.0
1.0
0.9999999
1.0
0.99999297
0.9999963
0.99995327
1.0
1.0
0.9999995
1.0
1.0
0.9960736
0.9999974
1.0
1.0
1.0
1.0
1.0
1.0
1.0
1.0
1.0
1.0
1.0
1.0
1.0
1.0
1.0
1.0
1.0
1.0
1.0
1.0
1.0
1.0
0.9997273
1.0
0.8942335
1.0
1.0
1.0
1.0
1.0
1.0
1.0
1.0
1.0
1.0
1.0
1.0
1.0
1.0
1.0
1.0
0.9999999
0.9999771
1.0
1.0
1.0
1.0
0.99999344
1.0
1.0
1.0
1.0
1.0
1.0
1.0
1.0
1.0
1.0
1.0
1.0
1.0
1.0
1.0
1.0
1.0
1.0
1.0
1.0
1.0
1.0
1.0
1.0
1.0
1.0
1.0
0.99999976
1.0
1.0
1.0
1.0
1.0
1.0
1.0
1.0
1.0
0.99999976
1.0
1.0
1.0
1.0
1.0
1.0
1.0
1.0
1.0
1.0
1.0
1.0
1.0
1.0
1.0
1.0
1.0
1.0
1.0
1.0
1.0
0.9999999
1.0
1.0
1.0
1.0
1.0
0.9999999
1.0
1.0
1.0
1.0
0.9999982
1.0
1.0
1.0
1.0
1.0
0.9999988
0.99929154
0.9999988
1.0
1.0
1.0
1.0
1.0
1.0
1.0
1.0
0.9999888
0.96226203
0.99999964
1.0
0.99999917
1.0
0.99999976
1.0
0.75945514
1.0
1.0
1.0
1.0
1.0
1.0
1.0
1.0
1.0
1.0
1.0
0.9999968
1.0
0.9999999
1.0
1.0
1.0
1.0
1.0
1.0
1.0
1.0
1.0
1.0
1.0
1.0
1.0
1.0
1.0
1.0
1.0
1.0
1.0
1.0
1.0
1.0
1.0
0.9999999
1.0
1.0
1.0
1.0
1.0
1.0
1.0
1.0
1.0
1.0
1.0
1.0
1.0
1.0
1.0
1.0
1.0
1.0
0.9999999
1.0
1.0
1.0
1.0
1.0
1.0
1.0
1.0
0.9999999
1.0
1.0
1.0
1.0
1.0
1.0
1.0
1.0
1.0
1.0
1.0
1.0
1.0
0.9999609
1.0
1.0
1.0
1.0
1.0
1.0
1.0
1.0
1.0
1.0
1.0
1.0
1.0
1.0
1.0
1.0
1.0
1.0
1.0
1.0
1.0
1.0
1.0
1.0
1.0
1.0
1.0
1.0
1.0
0.9999999
1.0
1.0
1.0
1.0
1.0
1.0
1.0
1.0
1.0
1.0
1.0
1.0
1.0
1.0
1.0
0.99999595
1.0
1.0
0.9999999
1.0
1.0
1.0
1.0
1.0
1.0
1.0
1.0
1.0
1.0
1.0
1.0
1.0
1.0
1.0
1.0
1.0
1.0
1.0
1.0
1.0
1.0
1.0
1.0
1.0
1.0
1.0
1.0
1.0
1.0
1.0
1.0
1.0
1.0
1.0
1.0
1.0
1.0
1.0
1.0
1.0
1.0
1.0
0.9999999
1.0
1.0
1.0
1.0
1.0
1.0
1.0
1.0
1.0
1.0
1.0
1.0
1.0
1.0
1.0
1.0
1.0
1.0
1.0
1.0
1.0
1.0
1.0
1.0
1.0
1.0
1.0
1.0
1.0
1.0
1.0
1.0
1.0
1.0
1.0
1.0
1.0
0.9999969
1.0
1.0
1.0
1.0
1.0
1.0
1.0
1.0
1.0
1.0
1.0
1.0
1.0
1.0
1.0
1.0
1.0
1.0
1.0
1.0
1.0
1.0
1.0
1.0
1.0
1.0
1.0
1.0
1.0
1.0
1.0
1.0
1.0
1.0
1.0
1.0
1.0
1.0
1.0
1.0
1.0
1.0
0.99999976
1.0
1.0
1.0
1.0
1.0
1.0
1.0
1.0
1.0
1.0
1.0
1.0
1.0
1.0
1.0
1.0
1.0
1.0
1.0
1.0
1.0
1.0
1.0
1.0
1.0
1.0
1.0
1.0
1.0
1.0
1.0
1.0
1.0
1.0
1.0
1.0
1.0
1.0
1.0
1.0
1.0
1.0
1.0
1.0
1.0
1.0
1.0
1.0
1.0
1.0
1.0
1.0
1.0
1.0
1.0
1.0
1.0
1.0
1.0
1.0
1.0
1.0
1.0
1.0
1.0
0.99999964
1.0
1.0
1.0
1.0
1.0
1.0
1.0
1.0
1.0
1.0
1.0
1.0
1.0
1.0
1.0
1.0
1.0
1.0
1.0
1.0
1.0
1.0
1.0
1.0
1.0
1.0
1.0
1.0
1.0
1.0
1.0
1.0
1.0
1.0
0.99999046
1.0
1.0
1.0
1.0
1.0
1.0
0.9999999
1.0
1.0
1.0
1.0
1.0
1.0
1.0
1.0
1.0
1.0
0.9999999
1.0
1.0
1.0
1.0
1.0
0.99999046
1.0
1.0
1.0
1.0
1.0
1.0
1.0
1.0
1.0
1.0
1.0
1.0
1.0
1.0
1.0
1.0
1.0
1.0
1.0
1.0
1.0
1.0
1.0
1.0
1.0
1.0
1.0
1.0
1.0
1.0
1.0
1.0
1.0
1.0
1.0
1.0
1.0
1.0
1.0
1.0
1.0
1.0
1.0
1.0
1.0
0.9999974
1.0
1.0
1.0
1.0
1.0
1.0
1.0
1.0
1.0
1.0
1.0
1.0
1.0
1.0
1.0
1.0
1.0
1.0
1.0
1.0
1.0
1.0
1.0
1.0
1.0
1.0
1.0
1.0
1.0
1.0
1.0
1.0
1.0
1.0
1.0
1.0
1.0
1.0
1.0
1.0
1.0
1.0
1.0
1.0
1.0
0.999997
1.0
1.0
1.0
1.0
1.0
1.0
1.0
1.0
1.0
1.0
0.999315
0.9999999
1.0
0.9999994
1.0
0.99999964
0.99998105
0.9999995
1.0
1.0
0.9637757
1.0
1.0
1.0
1.0
0.97528243
0.9999789
0.9999994
1.0
1.0
1.0
1.0
0.9999989
1.0
1.0
1.0
1.0
0.99994564
1.0
0.99999964
1.0
1.0
1.0
1.0
1.0
0.9997304
0.9983392
1.0
1.0
1.0
1.0
1.0
0.9999951
1.0
1.0
1.0
1.0
1.0
0.99999416
1.0
1.0
1.0
0.9999999
1.0
1.0
1.0
1.0
1.0
1.0
1.0
0.9995567
1.0
0.99524635
1.0
1.0
1.0
1.0
1.0
1.0
1.0
1.0
1.0
1.0
1.0
1.0
1.0
1.0
1.0
1.0
1.0
1.0
1.0
1.0
1.0
1.0
1.0
1.0
1.0
1.0
1.0
1.0
1.0
1.0
1.0
1.0
1.0
1.0
1.0
1.0
1.0
1.0
1.0
1.0
0.9999999
1.0
1.0
1.0
1.0
0.9999993
1.0
1.0
1.0
1.0
1.0
1.0
1.0
1.0
1.0
1.0
1.0
1.0
1.0
1.0
1.0
1.0
1.0
1.0
1.0
1.0
1.0
1.0
1.0
0.999998
1.0
1.0
1.0
1.0
1.0
1.0
1.0
1.0
1.0
1.0
1.0
1.0
1.0
1.0
1.0
1.0
0.9999198
1.0
1.0
1.0
1.0
0.99999976
1.0
1.0
1.0
1.0
0.9999999
1.0
0.99999976
1.0
1.0
1.0
1.0
1.0
1.0
1.0
1.0
1.0
1.0
1.0
1.0
1.0
1.0
1.0
1.0
1.0
0.9999995
1.0
1.0
1.0
1.0
1.0
0.9999999
1.0
1.0
1.0
1.0
1.0
1.0
1.0
1.0
1.0
1.0
1.0
1.0
1.0
1.0
1.0
1.0
1.0
1.0
1.0
0.99999666
1.0
1.0
1.0
1.0
1.0
1.0
1.0
1.0
1.0
1.0
1.0
1.0
1.0
1.0
1.0
1.0
1.0
1.0
1.0
1.0
1.0
1.0
1.0
1.0
1.0
1.0
1.0
1.0
1.0
1.0
0.9999974
1.0
1.0
1.0
1.0
1.0
1.0
0.9998534
1.0
1.0
0.99999976
1.0
1.0
1.0
0.9999999
1.0
1.0
1.0
1.0
1.0
1.0
1.0
1.0
0.9999999
1.0
1.0
1.0
1.0
1.0
1.0
1.0
1.0
1.0
1.0
1.0
1.0
1.0
1.0
1.0
1.0
1.0
1.0
1.0
1.0
1.0
1.0
1.0
1.0
1.0
1.0
1.0
1.0
1.0
1.0
1.0
1.0
1.0
1.0
1.0
1.0
1.0
1.0
1.0
1.0
1.0
1.0
1.0
1.0
1.0
1.0
1.0
1.0
1.0
1.0
1.0
1.0
1.0
1.0
1.0
1.0
1.0
1.0
1.0
1.0
1.0
1.0
0.9999932
1.0
1.0
1.0
1.0
1.0
1.0
1.0
1.0
1.0
1.0
0.9999982
1.0
1.0
1.0
0.99999905
1.0
1.0
1.0
0.9999999
1.0
1.0
1.0
1.0
1.0
1.0
1.0
1.0
1.0
1.0
1.0
1.0
1.0
1.0
1.0
1.0
1.0
1.0
1.0
1.0
1.0
0.9999999
1.0
1.0
1.0
1.0
1.0
1.0
1.0
1.0
1.0
0.9998716
1.0
1.0
1.0
1.0
1.0
1.0
1.0
1.0
0.9999999
1.0
1.0
1.0
1.0
1.0
1.0
0.99999905
1.0
1.0
1.0
1.0
1.0
1.0
1.0
1.0
1.0
1.0
1.0
1.0
1.0
1.0
0.9999995
1.0
1.0
1.0
1.0
1.0
1.0
1.0
0.9993036
0.9997552
0.9999999
1.0
0.9999994
0.99999857
1.0
1.0
1.0
1.0
1.0
1.0
1.0
1.0
1.0
1.0
1.0
1.0
1.0
1.0
1.0
1.0
1.0
1.0
1.0
0.99974006
1.0
1.0
1.0
1.0
1.0
1.0
1.0
1.0
1.0
0.9999994
1.0
1.0
1.0
1.0
1.0
1.0
0.9999801
1.0
1.0
1.0
1.0
1.0
1.0
1.0
1.0
1.0
1.0
1.0
1.0
1.0
1.0
1.0
1.0
1.0
1.0
0.9999999
1.0
1.0
1.0
1.0
1.0
1.0
1.0
1.0
0.9999987
0.9999981
1.0
1.0
0.9999987
1.0
0.999962
1.0
1.0
0.9999926
0.9999999
1.0
1.0
1.0
0.9952042
1.0
1.0
1.0
1.0
1.0
1.0
1.0
0.99998045
1.0
1.0
1.0
0.9998091
1.0
1.0
1.0
1.0
1.0
0.9999999
1.0
1.0
1.0
0.99999976
1.0
1.0
0.9987299
1.0
1.0
1.0
0.9999999
1.0
0.9999982
1.0
0.9999964
0.9998845
0.98606616
1.0
1.0
1.0
0.9999999
1.0
1.0
1.0
1.0
1.0
1.0
1.0
1.0
0.9999999
0.9999994
1.0
1.0
1.0
1.0
1.0
0.9999974
1.0
0.9999987
1.0
1.0
1.0
1.0
1.0
1.0
1.0
1.0
0.9999751
1.0
1.0
1.0
1.0
0.9999999
1.0
1.0
1.0
0.99999714
1.0
1.0
1.0
1.0
1.0
1.0
0.66853
0.99999964
1.0
1.0
1.0
1.0
1.0
0.9999671
1.0
1.0
1.0
1.0
0.9985789
1.0
1.0
1.0
1.0
1.0
1.0
1.0
1.0
1.0
1.0
1.0
1.0
1.0
0.9999987
1.0
1.0
1.0
0.9999999
0.9999999
1.0
0.9256399
1.0
0.99999666
1.0
0.9999944
0.9999989
1.0
0.99998546
1.0
1.0
1.0
1.0
1.0
1.0
0.7339305
1.0
0.9996444
0.99999905
0.999271
1.0
1.0
1.0
0.6979072
0.9999982
1.0
0.9999994
1.0
1.0
1.0
1.0
1.0
0.9999999
0.9999994
0.9999999
1.0
1.0
1.0
1.0
1.0
1.0
1.0
0.999998
1.0
0.9999995
0.9571232
1.0
0.99999976
1.0
1.0
0.9999993
1.0
1.0
1.0
1.0
1.0
1.0
1.0
0.99999976
1.0
0.968434
1.0
1.0
1.0
1.0
1.0
1.0
0.9999794
0.99999905
1.0
1.0
1.0
1.0
0.72227395
0.99999964
0.9999999
1.0
1.0
1.0
0.99997246
1.0
0.9999957
0.9999999
1.0
1.0
1.0
1.0
1.0
1.0
1.0
0.9999999
1.0
1.0
1.0
0.9999999
0.9999105
1.0
0.9999927
1.0
1.0
0.9999999
0.9999999
1.0
1.0
0.99999964
1.0
1.0
0.9999999
1.0
1.0
0.9999999
0.9999999
0.9999989
1.0
0.9886042
1.0
0.9999999
1.0
1.0
1.0
1.0
0.99984753
0.99999726
1.0
1.0
1.0
1.0
1.0
1.0
1.0
0.99997246
0.9999685
0.99999845
1.0
1.0
0.9974821
1.0
1.0
1.0
1.0
1.0
1.0
1.0
0.98496914
1.0
1.0
1.0
1.0
0.9999982
0.99779296
1.0
0.99776006
1.0
1.0
1.0
1.0
1.0
1.0
0.9999974
1.0
0.99989474
1.0
1.0
0.9999999
1.0
1.0
1.0
1.0
1.0
1.0
1.0
1.0
1.0
0.8969129
0.9999999
1.0
1.0
1.0
1.0
1.0
1.0
0.9999995
1.0
1.0
1.0
1.0
1.0
1.0
1.0
0.999997
1.0
1.0
0.99401903
1.0
1.0
1.0
1.0
1.0
1.0
1.0
1.0
1.0
1.0
1.0
1.0
1.0
1.0
1.0
1.0
0.9999951
0.99999917
1.0
0.9999956
0.9999999
1.0
1.0
1.0
1.0
1.0
1.0
0.9853957
0.9999995
0.9999989
1.0
1.0
1.0
1.0
1.0
0.9990945
1.0
1.0
0.9906679
1.0
1.0
1.0
1.0
1.0
0.9999989
1.0
0.9999683
1.0
1.0
1.0
1.0
1.0
1.0
1.0
1.0
0.9999813
1.0
1.0
1.0
1.0
1.0
1.0
0.99999964
1.0
1.0
1.0
1.0
0.9861436
1.0
1.0
1.0
0.99984217
0.99999964
1.0
1.0
1.0
0.99987495
1.0
0.99997854
0.99986947
1.0
0.9999994
1.0
1.0
1.0
1.0
1.0
1.0
1.0
1.0
1.0
1.0
0.99680746
0.9999125
0.9999999
1.0
1.0
1.0
1.0
1.0
1.0
0.9999988
1.0
1.0
1.0
1.0
0.9999995
1.0
1.0
1.0
0.9999999
1.0
1.0
1.0
1.0
1.0
1.0
1.0
1.0
1.0
1.0
1.0
1.0
1.0
1.0
1.0
1.0
1.0
0.99999964
0.99946326
1.0
1.0
1.0
0.99999976
1.0
1.0
1.0
1.0
1.0
1.0
1.0
1.0
0.9999999
1.0
1.0
1.0
1.0
1.0
1.0
1.0
1.0
1.0
1.0
1.0
1.0
1.0
1.0
1.0
0.9999994
1.0
1.0
1.0
1.0
0.99999094
1.0
1.0
1.0
1.0
0.9999987
1.0
0.7719539
1.0
1.0
1.0
1.0
1.0
1.0
1.0
1.0
1.0
1.0
0.99999976
1.0
1.0
1.0
1.0
1.0
1.0
