1.0
1.0
1.0
1.0
1.0
1.0
0.9999999
1.0
0.9993893
0.9999993
1.0
0.9999987
0.9999999
1.0
1.0
0.99998426
1.0
1.0
0.9874139
1.0
1.0
0.99999917
1.0
1.0
1.0
1.0
1.0
1.0
0.9999999
1.0
1.0
1.0
1.0
0.9999106
1.0
1.0
0.9999981
1.0
1.0
1.0
1.0
0.99999404
0.9999999
0.99999714
0.9999981
1.0
0.9999993
1.0
0.99999905
1.0
1.0
1.0
1.0
1.0
1.0
1.0
1.0
1.0
0.9999999
0.99999726
1.0
1.0
0.72172093
0.999997
1.0
1.0
1.0
0.9999987
1.0
1.0
1.0
1.0
1.0
0.9999753
1.0
1.0
1.0
1.0
0.9999995
0.9999994
0.99999964
1.0
1.0
1.0
1.0
1.0
0.9999999
0.99999905
1.0
1.0
1.0
1.0
0.9870292
0.99999833
1.0
0.99999917
0.99999785
0.999992
1.0
1.0
1.0
1.0
1.0
1.0
0.9999933
1.0
1.0
1.0
1.0
1.0
1.0
0.9999912
1.0
1.0
1.0
0.9014721
1.0
1.0
0.99999976
0.9999716
0.9999999
0.9999652
1.0
1.0
0.9999963
0.9999964
1.0
1.0
1.0
1.0
1.0
1.0
1.0
0.9999999
1.0
1.0
1.0
1.0
1.0
0.9999925
1.0
1.0
1.0
1.0
1.0
1.0
1.0
1.0
1.0
0.99956816
1.0
0.78168637
1.0
1.0
1.0
1.0
1.0
1.0
0.9999919
1.0
0.99997497
1.0
1.0
1.0
1.0
0.9999999
1.0
0.99843997
1.0
1.0
1.0
0.9999529
1.0
0.9999999
1.0
0.9999764
1.0
1.0
1.0
1.0
1.0
1.0
1.0
1.0
0.99993646
1.0
1.0
1.0
1.0
0.9999999
0.9999987
0.9999999
1.0
0.96031564
1.0
0.9999889
1.0
1.0
0.9999994
0.9999739
1.0
1.0
1.0
1.0
1.0
1.0
0.99999416
0.9999584
1.0
0.9991774
1.0
0.9991228
1.0
1.0
0.999998
1.0
1.0
0.99983513
1.0
1.0
0.9999999
0.99998856
1.0
1.0
1.0
1.0
0.9999943
1.0
1.0
1.0
1.0
1.0
1.0
0.9999999
0.99999976
1.0
1.0
1.0
1.0
1.0
0.9999999
0.9991696
0.9999902
0.9999919
1.0
0.99995756
1.0
0.9961361
1.0
1.0
1.0
0.9999995
1.0
1.0
1.0
0.99997616
0.9999999
0.99999976
0.9999999
0.9002671
1.0
0.9999976
1.0
0.9999976
0.99828833
1.0
0.99918455
1.0
0.99999905
1.0
1.0
1.0
1.0
0.99999905
1.0
0.9999995
1.0
1.0
1.0
1.0
1.0
1.0
0.999022
1.0
0.99999976
1.0
0.9999945
0.99999845
1.0
0.9999982
0.9999163
1.0
0.99994385
1.0
1.0
1.0
1.0
0.99999917
0.9999993
1.0
1.0
0.99999547
1.0
1.0
1.0
1.0
1.0
1.0
0.9999995
1.0
1.0
0.9999999
1.0
0.9999999
1.0
1.0
1.0
0.99997985
0.99999905
1.0
0.98686373
0.9675493
1.0
1.0
0.9999796
1.0
0.9998361
1.0
0.99999976
1.0
1.0
1.0
1.0
0.99999976
1.0
1.0
0.9996896
0.99997306
0.99999714
0.99999785
0.8846334
1.0
1.0
1.0
1.0
1.0
1.0
0.9999999
1.0
1.0
0.99999964
1.0
0.99999726
0.99999666
1.0
1.0
1.0
1.0
0.99878436
0.9377005
0.99999964
1.0
0.99998903
0.99999976
1.0
1.0
0.9999627
1.0
0.9998591
1.0
1.0
1.0
1.0
1.0
1.0
1.0
1.0
1.0
1.0
1.0
1.0
0.99536115
1.0
1.0
1.0
1.0
0.9999988
1.0
1.0
0.9999659
0.99999976
0.9999999
1.0
1.0
0.9999957
0.9999987
1.0
0.9999994
1.0
0.99999976
0.99999774
1.0
1.0
1.0
0.99999094
1.0
0.99999857
1.0
1.0
0.9999995
1.0
0.99998295
0.99228424
1.0
0.99999976
0.9999982
1.0
0.98861456
1.0
1.0
1.0
1.0
0.99999654
1.0
1.0
1.0
1.0
1.0
1.0
1.0
1.0
1.0
1.0
0.99999976
1.0
0.9999695
1.0
1.0
1.0
1.0
1.0
1.0
1.0
1.0
0.99962354
0.93569213
0.9999994
0.8554067
0.99987423
0.9248706
0.9970771
1.0
1.0
1.0
0.99999917
1.0
0.9999999
0.99999714
1.0
1.0
0.9999349
1.0
0.9999409
1.0
0.9999975
1.0
1.0
0.9999999
0.99999726
0.99999905
1.0
1.0
1.0
1.0
1.0
0.9999999
1.0
1.0
0.9999715
0.9995752
1.0
1.0
0.9999999
1.0
1.0
1.0
1.0
1.0
0.9999999
1.0
0.9999999
0.99999905
0.99999547
1.0
1.0
0.6675748
1.0
0.9997596
1.0
1.0
1.0
1.0
0.9999969
1.0
1.0
1.0
1.0
0.9999995
0.9999796
1.0
1.0
0.9999989
1.0
1.0
1.0
1.0
1.0
1.0
1.0
1.0
1.0
1.0
0.9999999
1.0
1.0
1.0
1.0
1.0
1.0
1.0
1.0
0.9999999
0.9999999
1.0
0.9999951
1.0
0.9999949
1.0
1.0
1.0
0.9999995
1.0
0.9999958
0.9955884
1.0
1.0
1.0
0.99999905
1.0
1.0
1.0
0.99947125
0.9995691
1.0
1.0
1.0
1.0
0.9999503
1.0
0.99999964
1.0
0.99999654
1.0
1.0
1.0
1.0
1.0
1.0
0.99999964
1.0
1.0
0.9977469
1.0
1.0
1.0
0.99999964
1.0
1.0
1.0
1.0
1.0
0.9999999
0.7560564
0.99792993
1.0
1.0
1.0
0.99999964
0.9999999
1.0
1.0
0.99986935
1.0
0.9999658
1.0
1.0
1.0
0.9999951
0.9999999
1.0
1.0
1.0
1.0
1.0
1.0
1.0
1.0
1.0
1.0
1.0
1.0
1.0
1.0
0.9999881
1.0
1.0
0.99999976
0.9999999
0.99994946
0.9926131
1.0
1.0
1.0
1.0
0.99999344
0.99773324
1.0
1.0
1.0
0.99999917
1.0
1.0
1.0
1.0
1.0
0.99999464
1.0
1.0
0.9999999
0.99999964
0.9999999
1.0
0.9999876
1.0
1.0
0.99960274
0.98202467
1.0
1.0
0.99999976
1.0
1.0
1.0
1.0
1.0
0.9999999
1.0
1.0
0.99999726
0.5528816
1.0
0.9999999
1.0
1.0
1.0
1.0
1.0
0.99999917
1.0
1.0
1.0
0.99999964
1.0
0.9999994
0.9169107
1.0
0.99999523
1.0
1.0
0.9999995
1.0
0.9999999
1.0
1.0
0.9835962
0.9999995
1.0
1.0
0.99999976
0.9988972
1.0
0.9998778
0.9999999
1.0
0.9999995
1.0
1.0
1.0
0.9999938
0.99999976
0.9999999
1.0
1.0
1.0
1.0
1.0
1.0
0.9999995
1.0
1.0
1.0
0.9999999
1.0
1.0
1.0
0.9999963
0.51841265
0.89507663
1.0
1.0
0.9878347
1.0
1.0
0.99999535
1.0
1.0
0.99644023
1.0
0.9999993
1.0
1.0
1.0
1.0
1.0
1.0
1.0
0.9999838
0.9999839
0.99998486
0.9999993
0.9993345
0.99999964
1.0
1.0
1.0
1.0
0.99999213
1.0
1.0
1.0
1.0
0.9999999
1.0
1.0
1.0
1.0
1.0
1.0
1.0
1.0
0.9999615
0.9999901
0.9999808
1.0
1.0
1.0
0.9999999
1.0
1.0
0.9999999
1.0
0.9999993
1.0
1.0
1.0
1.0
1.0
1.0
0.9999999
1.0
0.99998736
0.999987
1.0
1.0
1.0
0.9999747
0.9997608
1.0
1.0
0.9999864
0.9999995
0.99999917
1.0
1.0
1.0
1.0
1.0
0.9999845
1.0
1.0
0.9999919
1.0
1.0
1.0
0.9999988
1.0
1.0
1.0
1.0
1.0
0.9999999
1.0
1.0
0.9993691
1.0
1.0
0.99999964
0.99999976
1.0
1.0
1.0
1.0
1.0
0.999998
1.0
1.0
1.0
1.0
1.0
0.9999989
1.0
0.99999964
1.0
0.9999926
0.9999993
1.0
1.0
1.0
1.0
0.9999527
1.0
1.0
1.0
1.0
0.99970907
1.0
0.9987412
1.0
1.0
1.0
1.0
1.0
1.0
1.0
1.0
1.0
0.9999981
0.99995613
1.0
0.9999951
1.0
1.0
1.0
1.0
1.0
1.0
0.99997866
1.0
1.0
1.0
0.9998684
1.0
0.99999976
1.0
0.99999917
0.9999999
1.0
0.999998
1.0
1.0
1.0
0.99965143
0.9032096
0.9500545
1.0
0.9999981
1.0
1.0
0.99999976
1.0
1.0
1.0
1.0
1.0
1.0
0.99767166
1.0
1.0
0.99998415
1.0
0.99987495
0.9999999
0.999912
0.9996803
1.0
1.0
0.9999989
1.0
1.0
0.9999931
1.0
1.0
1.0
1.0
1.0
1.0
0.9999995
0.9999999
0.9999999
1.0
1.0
1.0
1.0
1.0
0.9464496
1.0
0.9999999
1.0
0.9999989
1.0
1.0
1.0
1.0
1.0
1.0
0.99999976
0.9995414
1.0
0.83591026
0.9992347
0.99998057
1.0
1.0
1.0
0.9999999
1.0
0.99998856
0.969218
1.0
1.0
0.99999976
0.9999014
1.0
1.0
1.0
0.99999905
0.99932766
1.0
0.99851567
1.0
0.99999964
1.0
0.999995
1.0
1.0
0.9411091
0.9999677
1.0
1.0
0.9998903
0.9999999
1.0
1.0
1.0
1.0
1.0
1.0
1.0
1.0
1.0
1.0
1.0
0.9999999
1.0
1.0
1.0
1.0
1.0
1.0
1.0
1.0
1.0
0.999998
1.0
0.9999999
0.99999917
1.0
1.0
0.9999993
1.0
1.0
1.0
0.99999964
1.0
0.9999999
1.0
0.99997866
1.0
1.0
1.0
0.99999917
1.0
0.99999475
1.0
0.9999089
1.0
1.0
0.9999987
1.0
1.0
1.0
0.9999957
0.9999281
1.0
1.0
1.0
0.99999917
1.0
1.0
1.0
1.0
1.0
0.9999863
0.8616553
1.0
1.0
1.0
1.0
1.0
0.4592696
1.0
1.0
0.99999964
1.0
0.9703671
0.98711956
1.0
1.0
1.0
1.0
0.99999976
0.9999968
1.0
1.0
1.0
0.9999999
0.9999995
1.0
1.0
0.99999785
1.0
1.0
0.997433
1.0
1.0
1.0
1.0
1.0
0.9999927
1.0
1.0
1.0
0.99999976
1.0
1.0
1.0
1.0
1.0
1.0
1.0
1.0
0.9999728
0.9999974
1.0
1.0
1.0
1.0
1.0
1.0
0.9999907
0.9999939
1.0
1.0
1.0
0.9999999
1.0
1.0
1.0
1.0
1.0
1.0
0.9999627
1.0
1.0
1.0
1.0
1.0
0.9964051
0.9999999
1.0
1.0
1.0
0.62409896
1.0
0.9899053
1.0
1.0
1.0
0.9999999
1.0
1.0
0.99916947
1.0
1.0
1.0
1.0
1.0
1.0
0.9848045
1.0
0.9999989
1.0
1.0
0.9999994
1.0
1.0
1.0
1.0
0.9999889
1.0
1.0
0.999977
1.0
0.9999993
1.0
1.0
0.9999999
0.99999404
1.0
1.0
0.9999999
1.0
1.0
0.9999784
0.9999995
1.0
0.999995
1.0
1.0
1.0
1.0
1.0
1.0
1.0
0.9999963
1.0
0.99999464
1.0
1.0
0.99991655
1.0
0.99999976
1.0
0.99998724
1.0
1.0
1.0
1.0
0.9999937
1.0
1.0
0.9096761
0.89623624
1.0
0.99999976
1.0
1.0
0.9999999
1.0
1.0
1.0
0.99959785
0.99776554
1.0
0.9999999
1.0
1.0
1.0
1.0
0.99999905
1.0
1.0
0.9998355
1.0
0.99998283
1.0
0.999962
1.0
1.0
0.9999968
1.0
1.0
0.9999943
1.0
1.0
1.0
0.99992514
0.99999714
1.0
1.0
1.0
1.0
1.0
1.0
0.99987614
1.0
0.95840526
1.0
0.99999607
1.0
1.0
0.99999964
0.99511707
0.9999999
1.0
1.0
1.0
1.0
1.0
0.99999976
1.0
1.0
0.85048133
0.9999999
0.9999993
1.0
1.0
0.8679574
0.9998896
1.0
1.0
0.99999666
0.9999738
1.0
1.0
1.0
0.9999579
1.0
1.0
1.0
0.9873892
1.0
0.9999999
0.9998087
0.9999982
1.0
0.99999976
1.0
1.0
1.0
0.9999969
1.0
0.99994874
0.9998566
1.0
1.0
0.9999999
1.0
1.0
0.9999883
1.0
0.99992526
0.999861
1.0
1.0
1.0
1.0
1.0
1.0
0.99967194
0.99985266
1.0
0.99997497
1.0
1.0
1.0
0.99962723
1.0
1.0
0.67082554
1.0
0.99999654
0.9999999
1.0
1.0
1.0
1.0
1.0
1.0
1.0
1.0
1.0
1.0
1.0
1.0
0.99999964
1.0
1.0
0.9999999
0.5489743
1.0
1.0
1.0
1.0
1.0
1.0
0.9993975
1.0
0.9977131
1.0
0.9999926
0.9999863
1.0
1.0
0.99999607
0.9999999
0.9999993
0.8649237
1.0
0.99994457
1.0
1.0
1.0
0.9999999
0.9999988
1.0
1.0
1.0
0.9999999
0.9999999
1.0
1.0
0.9999975
1.0
1.0
0.9999999
0.9999994
1.0
1.0
1.0
1.0
1.0
1.0
1.0
0.99119896
0.99999607
0.99999976
1.0
1.0
1.0
1.0
1.0
1.0
1.0
1.0
1.0
1.0
0.999969
0.9999975
1.0
1.0
1.0
1.0
1.0
1.0
0.99996126
1.0
1.0
1.0
1.0
1.0
0.99999607
1.0
0.93172705
0.9998155
1.0
1.0
0.9999999
1.0
1.0
1.0
1.0
0.9999572
0.9999993
0.9999999
1.0
0.99999917
1.0
1.0
1.0
1.0
0.9999937
1.0
1.0
0.38081208
0.9924061
1.0
1.0
1.0
1.0
1.0
1.0
0.9999999
0.99998724
1.0
0.9998958
1.0
0.9999993
0.99999964
0.99999917
1.0
1.0
1.0
0.99995923
1.0
0.9999826
0.9994
1.0
0.9996013
0.99999905
0.99971217
0.99999535
1.0
1.0
0.999721
1.0
1.0
0.9999999
0.9999999
1.0
1.0
1.0
1.0
0.9999906
1.0
1.0
1.0
1.0
0.9999999
0.9124993
1.0
1.0
1.0
1.0
0.99999845
1.0
0.99996686
1.0
1.0
0.9999975
1.0
1.0
1.0
1.0
1.0
0.99999964
0.9999993
1.0
1.0
1.0
1.0
1.0
0.99986315
1.0
1.0
1.0
1.0
1.0
0.9999995
1.0
1.0
1.0
0.99991775
1.0
0.99887675
1.0
0.99998796
1.0
1.0
1.0
0.9998596
1.0
0.9999999
1.0
1.0
0.99999917
1.0
0.9999999
0.99998987
0.99999213
0.99999845
1.0
1.0
1.0
0.9999999
1.0
0.999997
1.0
0.9999999
1.0
0.99919087
1.0
0.99880147
0.9999975
1.0
0.9999994
1.0
0.952765
1.0
1.0
0.96801704
0.99999285
1.0
0.9999999
1.0
1.0
1.0
1.0
1.0
1.0
1.0
1.0
1.0
0.9999106
1.0
1.0
1.0
0.9999999
1.0
0.98244435
1.0
0.99952877
1.0
0.93685544
0.9919944
1.0
1.0
1.0
0.9998442
0.9755543
1.0
1.0
0.9999962
1.0
1.0
1.0
0.99999917
1.0
1.0
0.99966156
0.9999974
1.0
1.0
1.0
1.0
1.0
1.0
1.0
1.0
0.9999943
1.0
0.9999995
1.0
1.0
1.0
1.0
1.0
0.9999989
1.0
1.0
1.0
1.0
0.99999356
1.0
1.0
0.99999857
1.0
1.0
1.0
1.0
0.9998129
0.9999988
1.0
1.0
1.0
1.0
0.9999999
0.99999774
1.0
0.99762636
1.0
0.9313401
1.0
1.0
0.9999976
1.0
0.9999999
1.0
0.99999416
1.0
0.9999962
0.99374795
1.0
1.0
0.9999999
1.0
0.9999893
0.99999976
1.0
1.0
1.0
0.9999994
1.0
1.0
0.99998
1.0
1.0
0.9999678
1.0
1.0
1.0
0.9973043
1.0
1.0
1.0
1.0
1.0
1.0
0.99999964
0.9999995
1.0
1.0
1.0
1.0
0.97438836
1.0
1.0
1.0
1.0
1.0
0.9999999
1.0
1.0
1.0
1.0
1.0
1.0
0.9999987
1.0
1.0
0.9999839
0.99985266
1.0
0.999962
1.0
1.0
0.99989843
1.0
0.9974166
1.0
1.0
0.6443474
0.99999595
1.0
1.0
0.9999999
0.99877876
0.9999989
1.0
0.9999999
1.0
0.99998915
1.0
1.0
1.0
0.99999917
0.99999857
1.0
1.0
1.0
1.0
0.99999833
0.9999912
1.0
1.0
1.0
0.99999976
0.9999999
1.0
0.8597993
1.0
1.0
1.0
1.0
1.0
1.0
0.9999981
0.9096691
0.9889313
1.0
1.0
0.999899
0.981974
1.0
1.0
0.99999475
1.0
1.0
1.0
0.9999999
0.99999976
1.0
1.0
0.9999999
1.0
1.0
1.0
0.912062
1.0
1.0
1.0
0.9999995
1.0
1.0
1.0
1.0
1.0
1.0
0.9997329
1.0
1.0
0.99998295
1.0
1.0
0.80224144
0.99999845
1.0
1.0
0.9999988
0.9999995
0.99999976
1.0
0.9999999
1.0
1.0
1.0
1.0
1.0
1.0
1.0
1.0
1.0
0.99924135
0.9999989
0.9999963
1.0
1.0
1.0
1.0
1.0
1.0
0.9999999
0.99995744
0.99999976
1.0
0.99995685
1.0
1.0
1.0
1.0
0.6699569
1.0
0.99999917
1.0
1.0
1.0
1.0
1.0
1.0
1.0
0.9918143
0.9999993
1.0
1.0
1.0
1.0
0.99999976
1.0
0.99959797
0.99962676
1.0
0.9999989
1.0
0.9999994
0.9999999
1.0
1.0
1.0
0.9999999
0.9999298
1.0
1.0
0.99995196
1.0
1.0
0.9999999
1.0
1.0
0.99786264
1.0
1.0
0.99999857
1.0
0.99998844
1.0
1.0
1.0
1.0
0.99999845
0.9999945
1.0
1.0
1.0
0.9999989
0.9999988
1.0
1.0
0.99844044
1.0
1.0
0.9999999
1.0
1.0
0.99999845
1.0
1.0
0.9999999
0.9999902
1.0
1.0
1.0
1.0
1.0
1.0
1.0
0.999908
1.0
1.0
0.99974567
0.99999976
1.0
0.99975795
1.0
1.0
1.0
1.0
1.0
1.0
0.9291889
1.0
0.99954706
1.0
0.9999995
0.99872893
1.0
1.0
1.0
1.0
0.9999908
1.0
1.0
1.0
1.0
1.0
0.9999958
0.9999982
1.0
1.0
0.9999988
0.9999856
0.99999297
0.99978584
1.0
0.68062425
1.0
1.0
1.0
1.0
1.0
0.99972767
0.9999999
0.99999845
1.0
1.0
1.0
1.0
1.0
1.0
1.0
1.0
1.0
1.0
1.0
1.0
0.999998
1.0
0.9999999
1.0
1.0
0.9999981
0.99999976
1.0
1.0
1.0
1.0
1.0
1.0
0.99999905
0.99999344
0.9999999
1.0
0.9999981
1.0
0.9999993
0.99999404
1.0
1.0
0.9999939
0.9999989
0.99999547
1.0
0.9999999
0.9999925
1.0
0.9999975
0.9915274
0.9990513
0.9999999
1.0
1.0
1.0
1.0
1.0
0.99999833
1.0
1.0
1.0
1.0
0.99999976
0.99996996
0.99999905
1.0
1.0
1.0
1.0
1.0
0.9999999
1.0
1.0
1.0
1.0
1.0
0.97471726
1.0
0.99999046
1.0
1.0
0.99998546
0.99999964
0.99999917
1.0
1.0
0.9999994
0.9999975
0.99999976
1.0
0.99999845
1.0
0.9999993
0.9999877
0.99999917
0.9999981
1.0
1.0
1.0
1.0
0.9999994
1.0
1.0
0.9999999
1.0
1.0
1.0
1.0
1.0
1.0
0.99854136
1.0
0.8963223
1.0
1.0
1.0
1.0
0.9999994
0.99734604
0.9999589
1.0
1.0
0.99999976
0.99999845
1.0
1.0
1.0
0.9999995
1.0
0.9465186
0.999995
0.99999654
1.0
1.0
0.9639493
1.0
1.0
0.9547383
0.9999393
1.0
1.0
0.999998
0.9999167
1.0
1.0
1.0
0.9999993
0.51208454
1.0
1.0
1.0
0.9999999
0.9997769
1.0
0.99999917
1.0
1.0
0.99808145
1.0
0.99999976
0.9999995
1.0
0.99999917
1.0
0.6837376
1.0
1.0
1.0
0.99999917
1.0
1.0
1.0
1.0
1.0
1.0
1.0
1.0
1.0
0.99931085
1.0
1.0
1.0
1.0
0.9999999
0.999998
1.0
1.0
0.99106956
0.9999999
0.9999962
1.0
1.0
0.7415959
0.9999999
1.0
0.9999999
1.0
1.0
0.99999976
0.99999225
1.0
0.6798233
1.0
0.967347
1.0
1.0
1.0
0.999964
1.0
0.9999999
0.9998235
1.0
0.82530355
1.0
1.0
1.0
1.0
1.0
1.0
0.99999857
1.0
1.0
1.0
0.80243677
0.9999926
0.9999937
1.0
1.0
1.0
0.9779658
0.99999976
1.0
0.9999919
1.0
1.0
1.0
1.0
0.9999999
1.0
1.0
1.0
1.0
0.9999366
0.99999964
0.9999999
1.0
1.0
0.9999989
1.0
1.0
1.0
1.0
0.99999976
0.9999999
0.99999976
0.99984443
0.999987
1.0
1.0
1.0
0.999967
1.0
0.9999993
0.9999975
1.0
1.0
1.0
1.0
0.99999857
1.0
1.0
1.0
1.0
1.0
0.9999989
1.0
0.9418072
0.9999999
1.0
0.9907026
0.6855464
1.0
0.99999726
0.9982621
1.0
1.0
1.0
0.99999964
0.99999976
0.999506
1.0
1.0
0.9998883
1.0
0.9999796
1.0
1.0
1.0
1.0
1.0
1.0
1.0
0.9999999
1.0
1.0
1.0
0.9999949
1.0
0.9999999
0.9990069
1.0
1.0
1.0
1.0
1.0
1.0
0.99999857
1.0
0.999967
0.99993813
1.0
1.0
1.0
1.0
1.0
1.0
0.999997
1.0
0.9999999
1.0
1.0
0.9998776
1.0
1.0
1.0
1.0
1.0
1.0
1.0
0.9999999
1.0
0.9999999
1.0
1.0
1.0
1.0
1.0
1.0
0.99999964
1.0
1.0
1.0
0.9999987
1.0
1.0
1.0
1.0
1.0
1.0
1.0
0.9974458
1.0
1.0
1.0
1.0
1.0
0.9985978
1.0
1.0
1.0
0.99995506
1.0
1.0
0.99965775
0.99370295
1.0
1.0
1.0
1.0
1.0
1.0
1.0
0.9999999
1.0
1.0
0.99998796
0.99999785
0.98566216
1.0
1.0
0.99999595
1.0
0.9999771
0.9999976
1.0
1.0
0.9999989
1.0
1.0
1.0
1.0
1.0
0.99918133
1.0
1.0
1.0
1.0
1.0
0.9999213
1.0
1.0
1.0
0.9999993
1.0
0.99999714
1.0
1.0
1.0
1.0
1.0
0.9998288
0.99999976
1.0
0.98058987
1.0
1.0
1.0
1.0
1.0
1.0
1.0
1.0
0.99999666
0.99999464
1.0
1.0
1.0
0.982599
1.0
1.0
1.0
1.0
1.0
1.0
1.0
0.99999475
1.0
1.0
1.0
1.0
1.0
1.0
0.9999981
1.0
1.0
1.0
1.0
0.9999999
1.0
1.0
1.0
1.0
1.0
0.92161655
1.0
0.9999882
1.0
1.0
1.0
1.0
1.0
0.99999917
0.99999964
1.0
0.96180516
1.0
0.9999995
1.0
1.0
1.0
0.99999607
0.99399406
1.0
1.0
1.0
1.0
0.9999999
0.9999987
1.0
0.99999845
1.0
0.99999976
0.9999932
1.0
0.99999857
1.0
1.0
1.0
1.0
0.9999993
0.9869719
1.0
0.9999995
1.0
1.0
1.0
1.0
1.0
0.8588452
0.99998176
1.0
1.0
1.0
1.0
1.0
1.0
0.99992716
1.0
1.0
0.9999999
0.9999895
1.0
1.0
1.0
1.0
1.0
1.0
0.9999876
0.9999999
1.0
1.0
0.98774624
0.9999999
1.0
1.0
1.0
1.0
1.0
1.0
1.0
1.0
0.96708393
0.99956435
0.9999999
1.0
1.0
1.0
1.0
0.73562205
0.99999785
1.0
0.9998472
1.0
1.0
0.9999999
1.0
0.9998252
1.0
0.99999917
1.0
1.0
1.0
1.0
1.0
1.0
1.0
1.0
1.0
1.0
1.0
0.99999404
1.0
0.99999475
1.0
0.99999976
0.99999964
0.9999989
1.0
0.9999988
1.0
1.0
1.0
0.92265147
0.99999976
1.0
1.0
1.0
1.0
1.0
1.0
0.9999987
1.0
1.0
1.0
1.0
1.0
1.0
1.0
0.9999999
1.0
1.0
1.0
0.9999999
1.0
1.0
1.0
0.99999964
1.0
0.9971425
1.0
0.99977475
1.0
1.0
1.0
1.0
0.9999968
1.0
0.9999664
1.0
0.99998116
0.99799687
1.0
0.9999951
1.0
1.0
1.0
0.9997242
0.9999993
0.9934303
0.9999999
1.0
1.0
1.0
1.0
0.9999963
1.0
0.9999957
1.0
0.9999993
0.99999976
1.0
0.9999999
0.9953231
1.0
1.0
1.0
1.0
1.0
1.0
1.0
0.9999707
0.9999993
1.0
0.99997234
0.9999542
1.0
1.0
0.99999964
1.0
1.0
1.0
1.0
1.0
0.99972135
0.9999988
0.999998
1.0
0.9984363
0.99999976
1.0
1.0
0.9999995
0.98997974
1.0
1.0
0.99999845
0.83380425
1.0
1.0
0.99999976
0.99999976
1.0
1.0
0.99994874
1.0
1.0
1.0
0.99999976
1.0
1.0
0.99998844
0.9999349
0.9999999
1.0
1.0
1.0
1.0
0.99999654
0.99999404
1.0
1.0
0.99700826
1.0
0.99999976
0.99989855
1.0
1.0
1.0
1.0
1.0
1.0
0.9999999
0.9999993
1.0
0.9999974
1.0
1.0
0.9999999
1.0
1.0
1.0
1.0
1.0
1.0
0.99993503
0.9994074
1.0
1.0
1.0
0.9992162
0.9999993
1.0
1.0
1.0
1.0
0.99998236
1.0
1.0
1.0
0.99999976
1.0
1.0
0.9983413
1.0
1.0
0.99999964
1.0
0.99999344
0.9999871
1.0
1.0
1.0
1.0
0.9998807
1.0
1.0
1.0
1.0
1.0
0.99999905
1.0
1.0
0.9991196
1.0
0.99995565
0.9999881
0.99999464
0.9999999
1.0
1.0
1.0
1.0
0.99902856
1.0
1.0
1.0
1.0
0.9999901
1.0
1.0
0.9999796
1.0
1.0
0.9999896
1.0
1.0
1.0
1.0
1.0
0.9998776
1.0
1.0
0.99999964
1.0
0.99999964
1.0
1.0
0.9999988
0.99999964
0.9999716
1.0
1.0
1.0
1.0
1.0
1.0
1.0
0.998871
1.0
1.0
1.0
1.0
0.9999802
1.0
0.8756895
0.99999964
1.0
1.0
1.0
1.0
1.0
1.0
1.0
1.0
0.9978728
1.0
0.9999851
1.0
1.0
0.99999785
1.0
1.0
0.9999999
1.0
0.9999999
1.0
0.6813465
0.9999927
1.0
1.0
1.0
1.0
1.0
0.99999917
0.9999943
0.999992
1.0
0.9999999
0.9996469
0.9999999
0.99999905
1.0
0.99831784
1.0
0.9995621
0.99999976
1.0
1.0
1.0
1.0
1.0
1.0
1.0
0.9998822
0.95003223
0.9971131
1.0
1.0
1.0
1.0
1.0
1.0
0.999938
1.0
0.9997856
0.99999857
0.9999982
1.0
1.0
1.0
1.0
1.0
1.0
1.0
0.9999999
0.99999905
1.0
0.99999976
1.0
1.0
0.9999999
1.0
1.0
1.0
1.0
0.9999968
1.0
0.9999863
1.0
0.9999999
1.0
1.0
1.0
1.0
0.99917763
0.9999999
1.0
1.0
0.99605453
1.0
1.0
0.9999999
0.9999654
1.0
0.99999976
1.0
1.0
0.9971206
1.0
0.9999945
1.0
0.99999976
0.9999999
0.99999833
0.9999839
0.9999994
0.99998915
1.0
0.99999917
1.0
0.8486165
1.0
1.0
1.0
1.0
1.0
1.0
0.9999975
1.0
0.9999999
1.0
1.0
1.0
1.0
0.99999344
0.99950767
1.0
1.0
0.99999833
1.0
1.0
1.0
0.99999917
1.0
0.99572253
1.0
1.0
0.9995858
0.9999995
1.0
1.0
1.0
1.0
1.0
1.0
1.0
0.9999994
1.0
1.0
1.0
0.99999654
0.99999905
1.0
1.0
1.0
1.0
1.0
1.0
1.0
1.0
1.0
1.0
1.0
1.0
1.0
0.99999046
1.0
1.0
0.9999951
1.0
0.9999685
1.0
1.0
1.0
1.0
1.0
0.99999774
1.0
1.0
1.0
0.9999999
0.99999356
1.0
1.0
0.99999666
1.0
1.0
0.9999995
1.0
0.99971
0.9999727
1.0
1.0
0.9999999
1.0
0.8943294
1.0
1.0
0.9999999
0.99993277
1.0
0.5047663
1.0
0.99999917
0.9669804
1.0
1.0
0.9999999
1.0
1.0
0.9999999
1.0
0.9999546
0.934299
0.99998116
1.0
1.0
0.9999999
1.0
0.9999989
0.99999607
1.0
1.0
1.0
1.0
1.0
0.9991799
0.57100683
1.0
1.0
0.9999815
1.0
1.0
0.99970645
0.9999999
0.9999926
1.0
1.0
1.0
1.0
0.99977356
1.0
1.0
1.0
0.9957398
1.0
0.999998
1.0
1.0
0.9999999
0.99998724
0.9999969
1.0
0.99960655
1.0
1.0
1.0
1.0
1.0
1.0
0.9999988
1.0
1.0
1.0
0.9999236
0.99999976
1.0
0.9999999
1.0
0.6648917
1.0
1.0
1.0
1.0
0.9999963
1.0
1.0
1.0
0.99999964
0.997338
1.0
0.9999994
1.0
1.0
1.0
0.9999999
0.999997
1.0
1.0
1.0
1.0
1.0
1.0
1.0
1.0
0.9999926
0.9999999
0.99994946
1.0
1.0
0.99999976
1.0
1.0
0.9999999
0.53342
1.0
1.0
0.9999999
1.0
1.0
1.0
1.0
0.99999976
1.0
1.0
1.0
1.0
1.0
1.0
1.0
1.0
1.0
1.0
1.0
1.0
1.0
1.0
1.0
1.0
1.0
0.9999647
1.0
0.9999988
0.9997913
0.99919814
1.0
0.9993461
1.0
1.0
1.0
1.0
1.0
1.0
0.9999963
1.0
1.0
1.0
0.9627166
1.0
1.0
1.0
1.0
0.99999976
1.0
1.0
1.0
1.0
1.0
1.0
1.0
1.0
1.0
1.0
1.0
1.0
0.999998
0.9999994
1.0
1.0
1.0
1.0
1.0
0.9999993
1.0
0.99965024
1.0
0.99993384
0.99999404
1.0
1.0
0.99999964
1.0
0.99756455
0.9985623
1.0
1.0
1.0
1.0
0.9998605
0.99997914
1.0
0.99972576
1.0
1.0
1.0
0.9999995
0.99999654
1.0
1.0
1.0
1.0
0.99999976
1.0
0.9774965
0.9969047
1.0
0.9997551
0.99816895
0.99996555
1.0
0.99999917
1.0
1.0
1.0
1.0
1.0
1.0
1.0
1.0
0.99999976
0.9999999
1.0
1.0
1.0
1.0
1.0
1.0
1.0
1.0
1.0
1.0
0.99951184
1.0
1.0
1.0
1.0
1.0
1.0
1.0
1.0
0.99999857
1.0
1.0
1.0
1.0
1.0
0.999936
0.99980253
1.0
1.0
0.9999988
1.0
1.0
1.0
1.0
0.9999988
1.0
1.0
0.9999999
0.99999964
1.0
1.0
1.0
0.99940574
1.0
1.0
0.9999999
1.0
1.0
1.0
0.99998975
1.0
1.0
1.0
1.0
1.0
0.9999999
1.0
1.0
0.9999993
0.9999993
1.0
1.0
0.9999999
1.0
1.0
1.0
0.9999932
1.0
1.0
1.0
1.0
0.99998295
1.0
1.0
1.0
0.9999887
1.0
1.0
0.8675561
1.0
1.0
1.0
0.9999969
1.0
1.0
1.0
1.0
1.0
0.99998236
0.9999236
1.0
0.9999969
0.9999958
0.9999981
1.0
1.0
1.0
1.0
1.0
1.0
1.0
1.0
1.0
0.9967849
0.9998388
0.99999976
1.0
0.99999523
1.0
0.9999999
1.0
1.0
1.0
0.99986947
0.9999995
0.99999964
0.999941
1.0
1.0
0.99999964
1.0
1.0
0.9999999
1.0
1.0
1.0
0.9999987
1.0
1.0
1.0
0.9999999
1.0
1.0
0.9998747
1.0
1.0
1.0
0.9999999
1.0
1.0
0.99999976
0.9998976
0.958552
1.0
0.99999905
0.9999999
1.0
1.0
0.99999964
1.0
1.0
1.0
1.0
1.0
1.0
1.0
0.9999962
1.0
1.0
1.0
1.0
1.0
1.0
1.0
1.0
0.9999974
1.0
1.0
1.0
0.99908173
0.9999999
0.99999964
0.9999999
1.0
0.99999917
1.0
0.99999964
1.0
1.0
0.99999106
1.0
0.9999993
0.9997856
0.9962728
0.9999999
1.0
1.0
1.0
1.0
0.9996051
0.9998747
0.9999994
1.0
1.0
1.0
0.9953318
1.0
0.9999918
0.99999213
1.0
0.99999976
1.0
1.0
1.0
1.0
0.99978846
1.0
1.0
1.0
0.9999999
1.0
0.999997
1.0
1.0
0.99999976
1.0
1.0
0.9999982
0.9999976
1.0
0.9999999
1.0
0.9997365
1.0
1.0
1.0
0.99996996
1.0
0.9999999
0.99999917
0.99998367
1.0
1.0
1.0
1.0
1.0
0.9999944
0.5379287
1.0
1.0
1.0
0.9999373
1.0
1.0
0.9999999
0.99999833
1.0
0.9999999
1.0
1.0
1.0
1.0
1.0
1.0
1.0
0.9999777
0.9999975
1.0
1.0
1.0
1.0
0.9999999
1.0
0.9999763
0.99999976
1.0
1.0
0.9999999
1.0
0.99997985
1.0
0.9999995
1.0
1.0
1.0
0.9951599
1.0
1.0
0.9999999
0.9999963
0.9999995
1.0
0.99999774
0.9999999
1.0
1.0
1.0
1.0
1.0
0.9999999
1.0
1.0
1.0
1.0
0.9997023
0.99999964
1.0
0.9999994
1.0
1.0
0.99999666
0.99995446
1.0
1.0
0.99921525
1.0
0.9999963
1.0
1.0
1.0
0.9999815
1.0
0.9999999
1.0
1.0
1.0
1.0
0.99999785
1.0
1.0
1.0
0.99999905
1.0
1.0
1.0
1.0
1.0
0.99976236
0.9870389
1.0
0.99999964
1.0
1.0
1.0
1.0
1.0
1.0
1.0
0.9999999
1.0
1.0
0.9999498
0.99999785
0.99999917
0.99999833
0.999998
1.0
0.9999999
1.0
1.0
1.0
0.99999034
1.0
1.0
1.0
1.0
0.52526844
1.0
0.99999976
0.9999938
1.0
1.0
0.99999976
1.0
0.99039596
1.0
1.0
1.0
1.0
1.0
1.0
0.9999994
1.0
0.99892104
1.0
0.99999726
1.0
0.9999993
0.9998005
1.0
1.0
1.0
0.99998975
0.99999785
1.0
1.0
0.99998844
0.8082127
1.0
0.99999595
0.99999976
1.0
0.99999917
1.0
0.9999963
1.0
1.0
1.0
1.0
1.0
0.9999999
1.0
0.9999918
0.99934953
1.0
0.9999994
1.0
1.0
0.99999964
1.0
0.99999344
0.7064147
0.9886358
1.0
1.0
1.0
0.9999999
1.0
0.9999994
1.0
0.9999945
1.0
1.0
1.0
0.99999964
1.0
0.999992
0.99992895
0.9999999
0.99999964
1.0
1.0
1.0
0.99998546
1.0
1.0
1.0
1.0
0.99997485
1.0
1.0
1.0
0.99997675
1.0
0.9999683
1.0
1.0
0.99999964
1.0
0.9999999
0.9618195
0.99999785
0.9932996
0.9999924
0.999926
1.0
1.0
1.0
1.0
1.0
0.9999995
1.0
1.0
1.0
1.0
1.0
1.0
1.0
1.0
0.99999976
1.0
0.9999745
1.0
1.0
1.0
1.0
0.9999999
0.9999999
1.0
0.94720197
1.0
1.0
0.99999416
1.0
1.0
0.9999999
1.0
1.0
0.9999982
0.99999976
1.0
1.0
1.0
1.0
1.0
1.0
1.0
1.0
1.0
0.99999905
1.0
1.0
1.0
1.0
1.0
1.0
0.9999999
1.0
1.0
1.0
1.0
0.99989796
1.0
1.0
1.0
0.997569
1.0
0.9999987
1.0
1.0
0.99999976
1.0
0.9999994
1.0
1.0
0.99999845
1.0
1.0
1.0
1.0
1.0
1.0
1.0
0.9999999
0.9986865
1.0
1.0
1.0
1.0
1.0
1.0
0.99995947
1.0
0.99999666
1.0
1.0
1.0
0.99999857
1.0
1.0
1.0
1.0
1.0
1.0
1.0
0.7643825
1.0
1.0
1.0
0.9999987
1.0
1.0
0.9999999
0.99999976
1.0
1.0
1.0
0.99999774
1.0
0.9999999
1.0
0.966013
1.0
1.0
0.999481
1.0
0.9999989
0.9999993
0.9999995
0.9492048
0.9749419
1.0
0.99995255
0.9987676
1.0
1.0
1.0
1.0
1.0
0.9999989
1.0
0.9999999
0.99999094
0.9999999
1.0
0.99907994
1.0
1.0
1.0
1.0
1.0
1.0
0.9999465
1.0
0.9978375
1.0
1.0
0.9999987
0.99959296
0.9999927
0.99999964
1.0
1.0
1.0
1.0
0.99983406
0.9999987
1.0
0.9999999
0.99940944
0.5864721
1.0
1.0
1.0
1.0
0.99999654
1.0
1.0
1.0
0.99995875
1.0
0.78013843
1.0
0.99914277
1.0
0.9999994
1.0
1.0
1.0
0.9999999
0.99999964
1.0
0.9999987
0.9999999
0.99999726
1.0
1.0
0.98241156
1.0
0.9999223
1.0
1.0
0.99999905
1.0
0.999926
1.0
1.0
1.0
1.0
0.9815356
1.0
0.9857361
1.0
0.99999774
0.9863696
1.0
1.0
1.0
1.0
1.0
0.99999976
0.9999988
1.0
0.99999976
0.9997844
1.0
1.0
1.0
1.0
1.0
1.0
1.0
1.0
1.0
0.99794835
1.0
0.99999976
1.0
1.0
0.99999905
1.0
0.9924792
1.0
0.99999833
1.0
1.0
1.0
1.0
1.0
1.0
1.0
0.9999999
1.0
0.59684616
1.0
0.99999976
0.60510784
1.0
1.0
0.9999789
0.99999917
1.0
0.9998913
1.0
0.9999982
0.99982053
1.0
1.0
1.0
1.0
1.0
1.0
0.999871
1.0
0.9999994
1.0
1.0
1.0
1.0
0.99999976
1.0
0.99998903
0.9999994
1.0
1.0
1.0
1.0
0.9999995
0.9999994
1.0
1.0
1.0
1.0
1.0
1.0
1.0
0.9927898
0.9999988
1.0
1.0
1.0
0.99999964
1.0
0.99999905
1.0
0.99853754
1.0
1.0
1.0
0.95411134
1.0
0.9999999
0.99999976
1.0
1.0
1.0
1.0
1.0
1.0
1.0
1.0
0.9999999
1.0
1.0
1.0
1.0
1.0
0.99999845
0.9999999
0.99937123
1.0
1.0
1.0
1.0
1.0
1.0
1.0
1.0
1.0
1.0
1.0
0.9999999
0.9997987
0.99999905
0.66157436
1.0
0.9998319
1.0
1.0
0.9999652
1.0
1.0
1.0
0.99999404
0.9998733
0.9999994
1.0
1.0
1.0
1.0
0.9999999
1.0
1.0
1.0
1.0
0.9999956
1.0
1.0
1.0
1.0
1.0
0.85049176
0.9999684
1.0
0.9999882
1.0
1.0
1.0
1.0
0.9985927
1.0
0.99999964
1.0
1.0
0.9999999
1.0
1.0
0.99998593
0.99973816
0.9999988
0.9999987
1.0
1.0
1.0
1.0
1.0
1.0
0.99999845
0.99601763
1.0
0.9999989
1.0
1.0
0.999997
0.9999982
0.99999917
1.0
1.0
1.0
1.0
0.7547272
1.0
0.99999976
1.0
0.9999999
0.99999976
1.0
1.0
0.9998877
1.0
0.9778281
0.999938
1.0
1.0
1.0
0.99999726
1.0
1.0
1.0
1.0
0.97352487
1.0
0.9999999
0.99985754
0.99999857
1.0
1.0
1.0
1.0
1.0
0.9999974
1.0
1.0
0.9999999
1.0
1.0
1.0
1.0
1.0
1.0
0.99999857
1.0
1.0
1.0
1.0
0.99991584
0.99998724
1.0
1.0
0.99999964
1.0
1.0
0.9999982
1.0
1.0
1.0
0.99826497
1.0
0.9995521
1.0
0.99999285
1.0
1.0
1.0
0.99999213
1.0
1.0
1.0
0.5856394
1.0
1.0
0.7270073
1.0
1.0
1.0
1.0
1.0
1.0
1.0
0.9999893
1.0
0.9999995
1.0
1.0
1.0
0.99999976
0.9937622
1.0
1.0
1.0
1.0
0.9999995
0.9999994
0.9999937
1.0
0.9998981
1.0
1.0
1.0
1.0
0.99999917
1.0
1.0
1.0
0.9999951
1.0
0.9999988
1.0
1.0
0.9999951
0.9996809
1.0
0.999998
0.9999999
1.0
1.0
1.0
1.0
0.99999344
0.99971944
1.0
1.0
1.0
1.0
0.99998856
1.0
1.0
0.9999982
1.0
1.0
1.0
1.0
0.9999999
0.9999987
1.0
0.99998784
1.0
1.0
0.9999999
0.9999995
1.0
0.99999225
0.99999106
1.0
1.0
0.9999175
1.0
0.9972029
1.0
0.99988663
1.0
0.9999845
0.9999987
1.0
1.0
1.0
0.9795982
1.0
1.0
1.0
1.0
1.0
1.0
1.0
0.99996436
1.0
1.0
0.99999726
1.0
0.97436136
0.9999995
1.0
1.0
0.9999989
1.0
0.99999976
0.99999964
0.9999995
1.0
1.0
1.0
1.0
1.0
1.0
1.0
0.9999994
0.99995553
1.0
1.0
0.9999945
1.0
0.9999999
0.9999856
1.0
0.9990258
1.0
1.0
0.99999964
0.53464925
1.0
1.0
1.0
1.0
1.0
0.9995018
0.9998481
1.0
1.0
1.0
0.9999988
1.0
1.0
1.0
1.0
1.0
1.0
0.9999943
0.9959776
1.0
1.0
1.0
0.99999654
1.0
1.0
1.0
1.0
1.0
1.0
1.0
1.0
1.0
0.99229187
0.9999957
1.0
1.0
1.0
0.9999995
0.9999695
1.0
1.0
1.0
0.8971813
1.0
1.0
1.0
1.0
1.0
0.9999993
0.99493057
0.9152946
1.0
1.0
0.9999937
0.99999905
0.99999976
1.0
0.9999958
1.0
0.999936
0.9999914
1.0
0.99999976
0.9999826
1.0
0.9999937
0.99999976
1.0
1.0
1.0
1.0
0.9999999
1.0
1.0
1.0
1.0
1.0
1.0
0.9972427
0.99999976
1.0
0.99999475
1.0
0.9077679
1.0
1.0
1.0
0.99999964
0.99999523
0.99999976
1.0
0.9999167
1.0
0.99999857
0.9994174
0.99999917
0.99999976
1.0
1.0
1.0
0.99886644
1.0
1.0
1.0
1.0
1.0
1.0
0.99995744
0.99999905
0.99986947
1.0
0.99999917
1.0
0.9999999
1.0
1.0
1.0
0.9996375
1.0
0.99999356
1.0
1.0
1.0
0.99999976
0.9999987
1.0
1.0
0.99999905
1.0
1.0
1.0
1.0
0.9999994
1.0
1.0
0.99999976
1.0
1.0
0.96157223
1.0
0.9999999
1.0
1.0
0.99987435
0.999943
1.0
1.0
1.0
0.99999976
0.9999968
1.0
0.9999999
1.0
0.99875355
0.98438245
1.0
1.0
0.9999474
1.0
1.0
1.0
0.9999999
1.0
0.97922933
1.0
1.0
1.0
1.0
0.99992025
1.0
1.0
0.99999976
1.0
1.0
0.9999727
1.0
0.9478878
0.99999976
0.99983275
1.0
0.9999989
1.0
1.0
1.0
0.99999785
0.9999795
1.0
0.99999976
1.0
1.0
1.0
1.0
1.0
0.9999969
0.9820998
0.99999917
1.0
0.9999739
1.0
0.9993043
1.0
1.0
0.9999999
1.0
1.0
1.0
1.0
0.99999905
1.0
1.0
1.0
1.0
1.0
1.0
0.9999993
0.9999975
0.9999988
1.0
1.0
0.7209479
1.0
0.9999995
1.0
0.9999516
1.0
1.0
1.0
0.9992324
0.999998
0.99999654
1.0
0.9999987
0.99999976
0.9999989
0.99999714
1.0
0.9999999
0.73279184
1.0
1.0
1.0
1.0
1.0
0.9999912
1.0
0.99999654
1.0
1.0
0.99476695
0.9999894
1.0
1.0
0.9999999
1.0
0.9999969
1.0
1.0
0.9999988
1.0
1.0
1.0
1.0
1.0
1.0
0.99999976
1.0
1.0
1.0
1.0
1.0
1.0
0.9975452
1.0
0.99999285
0.9999956
1.0
0.9999999
1.0
1.0
1.0
1.0
0.99972874
0.9999174
0.99999726
1.0
1.0
1.0
1.0
0.99934536
1.0
1.0
0.9385892
0.99963367
0.9999994
0.91568553
1.0
1.0
0.9999989
0.976265
0.9984163
1.0
0.95026773
1.0
1.0
1.0
0.9999752
1.0
0.99999964
1.0
1.0
1.0
1.0
1.0
0.99995077
0.9999999
0.99999845
0.9999995
1.0
1.0
1.0
1.0
1.0
0.99999905
1.0
1.0
1.0
1.0
1.0
0.9999162
1.0
0.692272
1.0
1.0
1.0
0.9999995
1.0
1.0
0.9999994
1.0
1.0
1.0
0.9996642
0.9999598
1.0
1.0
0.9996792
0.9999999
1.0
0.9999999
0.9999999
1.0
1.0
0.99980825
1.0
1.0
1.0
1.0
0.99999905
1.0
1.0
0.9999913
0.9999987
1.0
0.9999819
0.9999994
0.874625
0.99999976
1.0
1.0
0.97028077
1.0
1.0
0.99890065
0.9981098
1.0
1.0
1.0
1.0
0.99999976
0.9999999
1.0
1.0
1.0
1.0
1.0
1.0
0.9999987
0.99999976
0.9999926
1.0
1.0
1.0
0.9999987
1.0
1.0
0.86577857
1.0
1.0
0.99989843
1.0
1.0
0.9999999
1.0
1.0
1.0
1.0
1.0
1.0
0.99999833
0.68330526
1.0
0.99999976
0.9999995
0.9994796
0.9372012
1.0
1.0
1.0
1.0
1.0
1.0
1.0
1.0
1.0
1.0
1.0
1.0
0.9999999
1.0
0.9999945
1.0
1.0
1.0
0.7707583
0.99999833
1.0
1.0
0.9999869
1.0
1.0
1.0
1.0
1.0
1.0
1.0
1.0
1.0
1.0
1.0
1.0
0.9999653
1.0
0.99999976
0.9999999
0.9999769
1.0
0.9972953
0.9999999
1.0
1.0
1.0
1.0
0.9999993
1.0
1.0
0.99998474
1.0
0.99999964
1.0
1.0
1.0
1.0
1.0
0.9999713
1.0
0.99999607
1.0
1.0
1.0
1.0
1.0
1.0
1.0
1.0
0.99995935
1.0
0.9999995
0.99999964
1.0
0.9999949
0.9998461
1.0
0.9999738
0.72397894
1.0
1.0
0.99999964
1.0
1.0
1.0
1.0
1.0
1.0
1.0
1.0
1.0
0.9997178
0.9999999
1.0
1.0
1.0
1.0
1.0
1.0
0.9999931
1.0
1.0
0.9999951
0.99997914
1.0
1.0
1.0
1.0
0.99999833
1.0
0.99943656
1.0
1.0
1.0
0.99999535
0.99999523
1.0
0.99994874
0.99999547
0.9829196
1.0
0.9999999
0.9988747
0.9999993
1.0
0.99999976
1.0
1.0
1.0
1.0
0.998164
1.0
1.0
1.0
0.99999976
1.0
1.0
1.0
0.99997675
0.99999094
0.97889805
1.0
0.9967585
1.0
1.0
1.0
1.0
1.0
1.0
1.0
1.0
1.0
1.0
1.0
1.0
0.9999993
0.99999976
1.0
1.0
1.0
1.0
1.0
0.9360208
1.0
1.0
1.0
1.0
1.0
1.0
0.9999999
1.0
1.0
1.0
0.99999917
1.0
1.0
1.0
0.998596
1.0
1.0
0.9999999
1.0
1.0
1.0
1.0
1.0
0.74602354
0.99996614
1.0
1.0
1.0
0.99999976
1.0
0.96089363
0.99998677
0.99654996
1.0
1.0
1.0
1.0
1.0
1.0
0.9897636
1.0
1.0
0.99999905
1.0
0.9999989
0.9999994
1.0
0.99999404
1.0
1.0
0.99999917
1.0
1.0
0.9977519
0.9982584
0.9999937
1.0
1.0
0.9999999
1.0
0.9999999
1.0
0.99999976
1.0
1.0
1.0
1.0
0.99999976
1.0
1.0
1.0
1.0
0.99999976
0.9999994
1.0
1.0
0.6044703
0.9984517
1.0
1.0
1.0
1.0
1.0
0.99999726
1.0
1.0
1.0
1.0
1.0
1.0
0.9331546
1.0
0.999864
0.9999999
1.0
0.9994404
0.99997544
0.9999993
0.99999654
0.9999999
0.9999999
1.0
0.99602616
0.9999999
0.99999475
1.0
0.9999689
1.0
1.0
1.0
1.0
1.0
1.0
0.9999999
0.99999976
1.0
0.9999976
1.0
0.9999782
1.0
1.0
1.0
1.0
0.99999654
1.0
0.9999999
0.99999964
0.999908
1.0
1.0
1.0
0.9999932
1.0
1.0
0.99999976
1.0
1.0
0.9999995
1.0
1.0
0.99999976
1.0
1.0
1.0
1.0
1.0
1.0
1.0
1.0
1.0
0.9999815
1.0
1.0
1.0
0.9999999
0.9998913
1.0
0.99999905
0.99995077
0.9999441
0.9999993
1.0
1.0
1.0
1.0
1.0
0.9999877
0.99994063
0.9999392
1.0
1.0
1.0
0.9884956
1.0
1.0
0.9999987
1.0
1.0
1.0
1.0
1.0
1.0
0.9999845
1.0
0.9999995
1.0
0.9999999
0.9999993
1.0
1.0
1.0
1.0
1.0
1.0
0.9978593
0.9999995
1.0
1.0
0.9999995
1.0
0.9999999
0.9999976
1.0
1.0
1.0
0.9999683
0.99933136
1.0
1.0
0.99999976
1.0
0.99993944
1.0
0.9997688
1.0
1.0
1.0
1.0
1.0
1.0
1.0
1.0
1.0
1.0
1.0
0.99999857
1.0
1.0
1.0
1.0
1.0
0.99999976
1.0
1.0
1.0
1.0
1.0
0.9999995
1.0
1.0
1.0
1.0
1.0
1.0
1.0
1.0
1.0
1.0
1.0
1.0
1.0
0.99999595
1.0
1.0
1.0
1.0
1.0
1.0
1.0
1.0
1.0
1.0
0.99999774
1.0
1.0
1.0
1.0
0.9999999
1.0
1.0
1.0
1.0
1.0
1.0
1.0
1.0
1.0
1.0
0.99999917
1.0
1.0
1.0
1.0
0.99878985
0.9998926
1.0
1.0
1.0
1.0
1.0
0.9999975
1.0
1.0
1.0
0.9999999
1.0
1.0
1.0
1.0
0.99999964
1.0
0.9999993
0.999961
1.0
0.9999993
1.0
1.0
1.0
1.0
1.0
1.0
1.0
1.0
1.0
1.0
1.0
1.0
1.0
1.0
1.0
1.0
0.9999989
0.99999964
1.0
1.0
1.0
1.0
1.0
1.0
1.0
0.9999999
1.0
1.0
1.0
1.0
1.0
0.9999999
1.0
1.0
1.0
1.0
0.9999999
1.0
0.9941843
1.0
1.0
1.0
1.0
1.0
1.0
1.0
0.9999987
0.99999964
1.0
1.0
1.0
0.99942124
1.0
1.0
1.0
1.0
0.9999999
0.9999963
1.0
1.0
1.0
1.0
1.0
0.99999905
1.0
1.0
0.9999993
1.0
1.0
1.0
0.89529264
1.0
1.0
1.0
1.0
1.0
0.9796521
1.0
0.99999976
1.0
1.0
1.0
1.0
1.0
1.0
1.0
1.0
0.99999976
1.0
1.0
1.0
1.0
1.0
1.0
0.9999999
1.0
1.0
1.0
0.9999995
1.0
1.0
1.0
1.0
1.0
1.0
0.9999802
1.0
1.0
1.0
1.0
0.9993549
1.0
0.9991689
1.0
0.999987
1.0
1.0
0.9999999
0.999998
1.0
1.0
0.9999999
1.0
1.0
1.0
1.0
1.0
1.0
0.99999964
1.0
0.9999999
1.0
0.9999931
1.0
1.0
1.0
1.0
1.0
1.0
0.9971545
1.0
1.0
1.0
1.0
1.0
1.0
1.0
1.0
0.9999999
1.0
1.0
1.0
1.0
1.0
1.0
1.0
1.0
0.9636642
1.0
1.0
1.0
0.9999713
1.0
1.0
1.0
1.0
1.0
1.0
1.0
1.0
1.0
1.0
0.9999926
0.9999989
1.0
0.9999999
0.9999573
1.0
1.0
0.99964786
0.99999833
0.99999523
1.0
1.0
1.0
1.0
1.0
1.0
1.0
0.9993105
1.0
1.0
1.0
1.0
1.0
0.99999976
1.0
1.0
1.0
0.9992368
1.0
1.0
1.0
1.0
1.0
1.0
1.0
1.0
1.0
0.99999726
1.0
1.0
1.0
1.0
1.0
1.0
1.0
1.0
1.0
1.0
1.0
1.0
0.9999982
1.0
1.0
1.0
1.0
1.0
1.0
1.0
1.0
1.0
1.0
1.0
1.0
1.0
1.0
1.0
1.0
1.0
1.0
1.0
0.8738784
1.0
1.0
1.0
0.9999993
1.0
1.0
1.0
0.99999976
1.0
1.0
1.0
0.9999908
1.0
1.0
1.0
1.0
1.0
1.0
1.0
1.0
1.0
1.0
1.0
1.0
1.0
1.0
1.0
1.0
0.9999989
1.0
1.0
1.0
1.0
1.0
1.0
0.9999999
1.0
1.0
1.0
1.0
1.0
1.0
1.0
1.0
1.0
1.0
1.0
0.99999964
0.9999999
1.0
1.0
1.0
1.0
1.0
1.0
1.0
1.0
1.0
1.0
1.0
1.0
1.0
1.0
1.0
1.0
0.99999833
1.0
1.0
1.0
0.9999995
1.0
1.0
1.0
0.99999917
1.0
0.9999987
1.0
0.99999857
1.0
1.0
1.0
1.0
1.0
1.0
0.9999999
0.9999999
1.0
1.0
1.0
1.0
1.0
1.0
0.99999976
1.0
1.0
1.0
1.0
1.0
1.0
1.0
1.0
1.0
1.0
1.0
1.0
1.0
1.0
1.0
1.0
1.0
1.0
1.0
1.0
1.0
1.0
1.0
1.0
0.9999553
0.99814
1.0
1.0
1.0
1.0
1.0
1.0
0.9982881
1.0
0.9999989
1.0
1.0
1.0
1.0
1.0
1.0
1.0
1.0
1.0
0.9999999
0.99999905
1.0
1.0
1.0
1.0
1.0
1.0
1.0
1.0
1.0
1.0
1.0
1.0
1.0
1.0
1.0
1.0
1.0
1.0
1.0
1.0
1.0
1.0
1.0
1.0
1.0
1.0
1.0
1.0
1.0
1.0
1.0
0.99999976
1.0
1.0
1.0
1.0
1.0
1.0
1.0
0.9999987
1.0
1.0
1.0
1.0
1.0
1.0
1.0
0.9999999
0.99998116
1.0
1.0
0.99871945
0.9999982
1.0
0.9999988
1.0
0.9999982
0.99999964
1.0
0.9999999
1.0
0.9999993
1.0
1.0
1.0
0.9999999
0.99999917
1.0
1.0
1.0
1.0
1.0
1.0
1.0
1.0
0.99999213
0.9997707
1.0
1.0
1.0
1.0
1.0
1.0
1.0
1.0
0.9999995
1.0
0.99999964
0.9999994
1.0
0.99999046
1.0
1.0
0.99872476
1.0
1.0
1.0
1.0
0.9999906
1.0
1.0
1.0
0.99999964
1.0
1.0
1.0
0.9999995
0.9999999
1.0
0.99999976
0.9999999
0.99999964
0.9999999
1.0
1.0
0.98464394
1.0
1.0
1.0
1.0
1.0
1.0
1.0
0.999995
1.0
1.0
1.0
1.0
1.0
0.99998057
0.9999999
0.9999987
0.9999999
1.0
0.99999976
1.0
1.0
0.99999976
1.0
0.99999976
1.0
1.0
0.9999987
0.99999976
1.0
1.0
0.9999987
1.0
0.9999999
0.9999982
1.0
1.0
0.99971944
1.0
1.0
0.9999323
1.0
1.0
1.0
1.0
1.0
1.0
1.0
0.91393566
1.0
0.99999845
1.0
1.0
0.9999871
0.9999993
0.9999889
0.99597484
0.9999876
1.0
1.0
1.0
0.9999912
0.99995255
0.9998271
1.0
1.0
1.0
0.9999999
0.99952805
0.99999845
1.0
1.0
1.0
1.0
1.0
1.0
0.9999994
0.9999999
0.9999981
1.0
1.0
0.9999976
1.0
1.0
0.9999999
1.0
1.0
1.0
1.0
1.0
0.9992824
0.9998671
0.9999993
1.0
1.0
1.0
1.0
0.9999989
1.0
1.0
1.0
1.0
0.99998784
1.0
1.0
0.99999976
1.0
1.0
1.0
1.0
1.0
1.0
1.0
1.0
1.0
1.0
1.0
0.999997
0.99999964
1.0
1.0
1.0
0.9999988
0.9999988
1.0
1.0
1.0
1.0
0.999995
1.0
1.0
0.9999987
1.0
0.9999975
0.99990416
1.0
1.0
1.0
1.0
1.0
0.99999535
0.9999999
0.9999999
1.0
1.0
1.0
0.99999833
1.0
0.99705124
0.9995153
0.9020021
1.0
1.0
1.0
0.99999976
1.0
0.9999466
0.99999654
1.0
0.9999404
1.0
1.0
1.0
0.54708296
1.0
1.0
0.9980028
0.9999999
0.9999999
1.0
1.0
0.99999976
1.0
1.0
1.0
1.0
1.0
0.9999999
1.0
1.0
1.0
1.0
1.0
0.99999523
0.99999976
1.0
1.0
0.9999913
1.0
1.0
1.0
1.0
1.0
1.0
1.0
1.0
1.0
1.0
1.0
1.0
1.0
1.0
1.0
1.0
1.0
1.0
1.0
1.0
1.0
1.0
1.0
1.0
1.0
1.0
0.99999964
0.99990964
0.9999696
1.0
1.0
1.0
1.0
0.9999708
1.0
1.0
1.0
1.0
1.0
1.0
1.0
1.0
1.0
1.0
1.0
1.0
1.0
0.9999999
1.0
0.9999981
1.0
1.0
1.0
0.99999964
0.99996996
1.0
0.9999994
1.0
1.0
0.99999034
1.0
0.9999709
1.0
1.0
1.0
1.0
1.0
1.0
0.99999976
0.9999993
1.0
1.0
1.0
1.0
1.0
1.0
1.0
1.0
1.0
1.0
1.0
1.0
1.0
1.0
1.0
1.0
1.0
1.0
1.0
1.0
1.0
1.0
1.0
1.0
1.0
1.0
1.0
0.9999999
1.0
1.0
0.9999993
1.0
1.0
0.9380277
0.9999999
1.0
1.0
1.0
1.0
1.0
1.0
0.9999925
1.0
0.99070716
0.8345446
1.0
0.9999838
0.9999995
1.0
1.0
1.0
1.0
1.0
0.99999964
1.0
1.0
1.0
1.0
1.0
0.99999666
1.0
1.0
0.9999974
1.0
1.0
1.0
1.0
1.0
0.99999344
1.0
1.0
1.0
1.0
1.0
0.9999993
1.0
1.0
0.9999931
0.9999769
1.0
0.9999994
1.0
0.9999776
1.0
1.0
1.0
1.0
1.0
1.0
1.0
0.9999981
0.99999964
0.6358845
0.98814964
0.99999523
0.9999845
1.0
1.0
1.0
0.9999999
1.0
1.0
1.0
1.0
0.99999964
0.99998665
0.9999994
1.0
1.0
1.0
0.9999999
0.9606226
1.0
1.0
0.99999857
0.99996996
0.9999993
0.9999167
1.0
0.9993699
1.0
1.0
0.9999987
0.9999999
1.0
1.0
1.0
1.0
0.9998714
0.9999633
1.0
0.9999999
0.99999964
0.9999989
1.0
1.0
0.9999982
0.98353183
0.9700998
0.99999857
1.0
0.99996126
1.0
0.99992836
0.99999213
0.99999547
1.0
1.0
0.9999945
1.0
1.0
1.0
0.9999989
0.9952655
0.9999999
0.9999995
0.9999975
1.0
0.99994755
0.9999999
0.9999956
1.0
0.99983835
0.9999988
0.99999964
0.9999999
0.99999976
0.99999833
1.0
1.0
1.0
1.0
1.0
1.0
1.0
1.0
0.9997743
1.0
1.0
0.9999746
0.9999999
1.0
0.99781007
0.99999976
0.99979895
0.99999046
1.0
0.99999535
1.0
0.9999999
1.0
0.99993813
1.0
0.99999905
0.9999993
1.0
1.0
1.0
0.9999887
0.99999845
1.0
0.99999964
1.0
1.0
0.99999917
1.0
0.99999976
0.99999964
1.0
0.99997914
0.99999964
1.0
1.0
1.0
1.0
1.0
1.0
1.0
1.0
0.99999976
1.0
0.99988186
1.0
1.0
1.0
1.0
0.9999987
0.99712014
0.999997
0.99999917
1.0
1.0
1.0
1.0
1.0
1.0
0.9999913
0.96863896
0.9999993
1.0
1.0
1.0
1.0
1.0
1.0
1.0
0.9999987
0.94860846
1.0
0.9999846
1.0
1.0
1.0
1.0
1.0
1.0
1.0
0.99999535
1.0
1.0
1.0
1.0
1.0
1.0
1.0
0.9999995
1.0
1.0
0.97886705
1.0
1.0
0.9999995
1.0
1.0
1.0
1.0
1.0
1.0
1.0
1.0
0.9999982
1.0
0.9999964
1.0
1.0
1.0
1.0
1.0
1.0
1.0
1.0
1.0
1.0
0.99999964
1.0
1.0
1.0
1.0
1.0
1.0
1.0
1.0
1.0
0.9999999
1.0
1.0
1.0
1.0
1.0
1.0
1.0
1.0
1.0
0.9979608
1.0
1.0
1.0
0.9996532
1.0
1.0
1.0
1.0
0.57712257
1.0
0.99995613
1.0
0.99999976
1.0
0.99319094
0.93813545
0.99999595
1.0
1.0
1.0
0.9999964
0.99999964
0.99999917
0.9999999
1.0
1.0
1.0
1.0
1.0
1.0
1.0
1.0
1.0
1.0
1.0
1.0
1.0
1.0
1.0
1.0
1.0
1.0
0.9999999
1.0
1.0
1.0
1.0
1.0
1.0
1.0
1.0
1.0
1.0
1.0
1.0
1.0
1.0
1.0
1.0
1.0
1.0
1.0
1.0
1.0
1.0
1.0
1.0
1.0
1.0
0.99999774
0.9999999
1.0
1.0
1.0
1.0
1.0
1.0
1.0
1.0
1.0
1.0
1.0
1.0
1.0
1.0
0.9999995
1.0
1.0
1.0
1.0
1.0
1.0
0.9999999
1.0
1.0
1.0
1.0
1.0
1.0
1.0
1.0
1.0
1.0
1.0
1.0
1.0
1.0
1.0
1.0
1.0
1.0
1.0
1.0
1.0
1.0
1.0
1.0
1.0
1.0
1.0
1.0
1.0
1.0
1.0
1.0
1.0
1.0
1.0
1.0
1.0
1.0
1.0
1.0
1.0
1.0
1.0
1.0
1.0
1.0
1.0
1.0
1.0
1.0
1.0
1.0
0.9999999
1.0
0.99999964
1.0
1.0
0.99999964
1.0
1.0
1.0
1.0
1.0
1.0
1.0
1.0
1.0
1.0
1.0
1.0
1.0
1.0
1.0
0.9999999
1.0
1.0
1.0
1.0
1.0
1.0
1.0
1.0
1.0
1.0
1.0
1.0
1.0
1.0
1.0
1.0
1.0
1.0
1.0
0.9999999
1.0
1.0
0.9999999
1.0
1.0
1.0
1.0
1.0
1.0
1.0
1.0
1.0
1.0
1.0
1.0
1.0
1.0
1.0
1.0
1.0
1.0
0.9999999
1.0
1.0
1.0
1.0
1.0
1.0
1.0
1.0
1.0
0.9999999
1.0
1.0
1.0
1.0
1.0
1.0
1.0
1.0
1.0
1.0
1.0
0.99999964
1.0
0.9999999
0.9999552
0.9999527
0.99998796
1.0
1.0
1.0
1.0
0.99995863
1.0
0.99999785
0.9999999
0.9999999
1.0
1.0
1.0
1.0
1.0
1.0
1.0
0.99999535
0.99997556
1.0
1.0
1.0
1.0
1.0
1.0
0.9999809
1.0
1.0
1.0
0.99999976
1.0
1.0
0.9999999
0.9999664
1.0
0.99999976
1.0
1.0
1.0
1.0
1.0
1.0
1.0
1.0
1.0
1.0
1.0
1.0
0.9999995
1.0
0.99999976
1.0
1.0
1.0
1.0
1.0
1.0
1.0
1.0
0.9999999
1.0
1.0
1.0
1.0
1.0
0.9999999
1.0
1.0
1.0
1.0
1.0
1.0
1.0
1.0
1.0
1.0
1.0
1.0
0.99999547
1.0
1.0
1.0
1.0
1.0
0.9999999
1.0
1.0
0.999997
1.0
1.0
1.0
1.0
1.0
1.0
1.0
1.0
1.0
1.0
1.0
1.0
1.0
1.0
0.99997485
1.0
1.0
1.0
1.0
1.0
1.0
1.0
1.0
1.0
0.9987676
1.0
1.0
1.0
1.0
1.0
0.9999999
0.99999917
1.0
1.0
1.0
1.0
0.99999785
1.0
1.0
1.0
1.0
1.0
1.0
0.9999999
1.0
1.0
1.0
0.99999595
0.9999999
0.9999995
1.0
0.99833316
1.0
0.9999999
1.0
1.0
0.9999999
0.9985701
0.99999917
1.0
1.0
0.9999993
1.0
0.9999924
1.0
0.99999857
1.0
0.99999774
0.9999939
1.0
1.0
1.0
0.9999789
0.9981711
0.7004273
0.9999988
0.9999869
0.8190716
0.9998653
0.90408325
0.9995813
0.9999995
1.0
1.0
0.99999774
1.0
0.9999999
0.9999918
0.99999785
0.99997115
0.9030197
0.9998517
0.9999795
0.99974054
0.9999999
0.8709661
0.99999297
0.9987998
1.0
0.99999845
0.9999999
1.0
1.0
0.9999944
1.0
1.0
1.0
1.0
1.0
0.9999995
1.0
0.99955744
1.0
0.99999976
1.0
0.99994445
0.9987833
0.9940877
0.99705076
0.9999999
1.0
0.999998
0.99853635
1.0
0.9999653
1.0
1.0
0.99954575
1.0
1.0
1.0
1.0
0.99996567
0.99975806
0.9999218
1.0
0.9999614
0.9999995
1.0
1.0
0.9999907
0.9999776
1.0
0.99999976
0.65843797
1.0
0.99999666
0.99999976
1.0
1.0
0.9999802
0.9982455
1.0
1.0
1.0
0.99999833
0.9999999
1.0
1.0
1.0
1.0
1.0
1.0
1.0
1.0
1.0
1.0
1.0
1.0
0.99999976
0.6715859
1.0
1.0
1.0
1.0
1.0
1.0
1.0
1.0
1.0
0.99999976
0.9999864
1.0
1.0
1.0
1.0
1.0
1.0
1.0
1.0
1.0
0.99999297
1.0
1.0
0.9999994
1.0
0.9999957
1.0
1.0
1.0
0.9999559
1.0
1.0
1.0
1.0
1.0
1.0
0.9999999
1.0
1.0
0.9999696
0.99999917
1.0
1.0
1.0
1.0
1.0
1.0
1.0
1.0
1.0
1.0
0.9999995
1.0
1.0
0.99988234
0.9999999
1.0
1.0
0.9999995
1.0
1.0
1.0
1.0
1.0
1.0
0.99999976
0.9999858
1.0
1.0
0.9998136
0.999979
1.0
0.99999976
0.9999982
1.0
1.0
1.0
1.0
1.0
1.0
0.9999989
1.0
1.0
1.0
1.0
1.0
1.0
1.0
0.9615559
0.99999535
1.0
1.0
0.996912
0.99999976
1.0
0.9994993
1.0
0.9999225
0.99999905
1.0
1.0
1.0
1.0
0.9511491
0.99984443
1.0
1.0
1.0
0.9999999
1.0
0.9999981
1.0
0.9999931
1.0
1.0
1.0
0.99999774
0.9999726
1.0
1.0
1.0
1.0
0.99999964
1.0
1.0
1.0
1.0
1.0
0.9999989
1.0
0.9999995
0.9658901
0.9999676
0.9999999
1.0
0.9999999
1.0
1.0
1.0
0.9999999
1.0
0.99999976
1.0
1.0
0.9998926
1.0
1.0
1.0
1.0
1.0
1.0
1.0
1.0
0.99999964
1.0
0.99999654
1.0
1.0
1.0
0.9999999
1.0
0.9999988
1.0
1.0
1.0
0.99998415
0.9999212
1.0
1.0
1.0
1.0
0.9999999
1.0
0.9999999
1.0
0.99999964
1.0
1.0
1.0
1.0
0.99999976
1.0
1.0
1.0
1.0
1.0
1.0
0.9999999
1.0
0.99999964
1.0
1.0
1.0
0.9999999
1.0
0.9967775
1.0
1.0
1.0
1.0
0.99999654
1.0
1.0
1.0
1.0
1.0
1.0
1.0
0.9999993
1.0
1.0
1.0
1.0
1.0
1.0
1.0
1.0
1.0
1.0
1.0
1.0
1.0
1.0
1.0
1.0
1.0
0.9999987
1.0
0.9999999
1.0
1.0
0.99997354
1.0
0.9999995
0.99999654
1.0
1.0
1.0
1.0
1.0
1.0
1.0
0.99996173
0.9955948
1.0
1.0
1.0
0.9999993
1.0
1.0
1.0
1.0
1.0
0.99999917
0.99995863
1.0
1.0
0.99999976
0.9999945
1.0
0.99999094
1.0
1.0
1.0
1.0
1.0
1.0
0.99999094
1.0
1.0
1.0
1.0
1.0
1.0
0.99999976
1.0
1.0
0.9999999
1.0
1.0
1.0
1.0
1.0
1.0
0.9999999
1.0
1.0
1.0
0.99995923
1.0
1.0
1.0
1.0
0.9998673
1.0
1.0
1.0
1.0
1.0
1.0
1.0
1.0
0.9999989
1.0
1.0
1.0
1.0
1.0
1.0
1.0
0.99999595
1.0
0.99999094
1.0
1.0
1.0
1.0
1.0
1.0
0.99999976
1.0
1.0
1.0
0.9999999
1.0
1.0
1.0
1.0
1.0
0.9999535
1.0
1.0
1.0
1.0
1.0
1.0
1.0
1.0
1.0
1.0
1.0
1.0
1.0
1.0
1.0
1.0
0.999998
1.0
1.0
1.0
1.0
1.0
1.0
1.0
1.0
1.0
1.0
1.0
1.0
1.0
1.0
1.0
1.0
1.0
1.0
1.0
1.0
1.0
1.0
1.0
1.0
1.0
1.0
1.0
1.0
1.0
1.0
1.0
0.99999857
0.9999995
1.0
1.0
1.0
1.0
1.0
1.0
1.0
1.0
1.0
1.0
1.0
1.0
1.0
1.0
1.0
1.0
1.0
0.9999542
1.0
1.0
1.0
1.0
0.9970796
1.0
1.0
1.0
1.0
1.0
1.0
1.0
1.0
1.0
0.9999739
1.0
1.0
1.0
0.9999999
0.99999976
1.0
0.9999957
1.0
1.0
0.9999994
1.0
1.0
1.0
1.0
0.9999993
1.0
0.9999924
1.0
1.0
1.0
1.0
1.0
1.0
1.0
0.999984
1.0
1.0
1.0
0.9995333
0.9998882
0.999995
1.0
1.0
0.9999995
1.0
0.99999785
1.0
1.0
1.0
1.0
1.0
1.0
0.99999964
0.9999993
1.0
1.0
1.0
1.0
1.0
1.0
0.99999547
1.0
1.0
1.0
1.0
1.0
0.99959034
1.0
1.0
1.0
1.0
1.0
1.0
1.0
1.0
1.0
1.0
0.99994063
1.0
1.0
0.99999046
0.99999976
1.0
1.0
1.0
1.0
1.0
1.0
1.0
1.0
1.0
1.0
1.0
0.99999774
1.0
1.0
0.9999999
1.0
1.0
0.9961428
1.0
0.9999925
1.0
1.0
1.0
1.0
1.0
1.0
0.99999976
1.0
1.0
1.0
1.0
1.0
1.0
1.0
1.0
1.0
1.0
1.0
1.0
1.0
1.0
1.0
0.99999857
1.0
1.0
0.99999857
1.0
1.0
1.0
1.0
1.0
1.0
1.0
1.0
1.0
1.0
1.0
1.0
0.99999917
1.0
1.0
0.999519
1.0
1.0
1.0
1.0
1.0
0.99999976
0.9999993
1.0
1.0
0.9995419
0.9999999
0.99999106
1.0
0.9998622
1.0
1.0
1.0
0.9999598
1.0
1.0
1.0
0.999997
1.0
1.0
1.0
1.0
1.0
1.0
1.0
1.0
0.9999645
1.0
1.0
1.0
0.9999895
1.0
0.9935737
1.0
0.99999964
1.0
1.0
0.99913067
0.999998
1.0
1.0
1.0
0.99999845
1.0
1.0
1.0
0.99993384
1.0
1.0
1.0
1.0
1.0
1.0
1.0
1.0
0.9999981
0.9998265
0.99999416
1.0
1.0
1.0
1.0
1.0
0.99999917
0.99984145
0.9999993
1.0
1.0
0.9999999
1.0
1.0
1.0
1.0
1.0
1.0
0.9999851
1.0
1.0
1.0
1.0
1.0
1.0
1.0
1.0
1.0
0.9999999
1.0
1.0
0.9999994
1.0
1.0
0.99999976
1.0
1.0
1.0
1.0
1.0
1.0
1.0
1.0
1.0
0.9999999
1.0
1.0
1.0
1.0
0.99984956
1.0
1.0
1.0
1.0
1.0
1.0
1.0
1.0
1.0
1.0
1.0
1.0
1.0
1.0
1.0
1.0
1.0
1.0
1.0
1.0
1.0
1.0
1.0
1.0
0.9999999
0.99999976
1.0
0.99999976
1.0
1.0
1.0
1.0
1.0
1.0
1.0
0.9999999
1.0
1.0
1.0
0.9999777
1.0
1.0
1.0
1.0
0.999821
1.0
1.0
1.0
1.0
1.0
1.0
1.0
1.0
1.0
1.0
1.0
1.0
1.0
1.0
1.0
0.9999994
0.9999999
1.0
1.0
1.0
1.0
1.0
1.0
1.0
1.0
1.0
0.9999999
1.0
1.0
0.9999958
1.0
0.9999994
1.0
1.0
0.9999999
0.9999994
1.0
1.0
1.0
1.0
1.0
1.0
1.0
1.0
1.0
1.0
0.9999999
1.0
0.99999833
0.9999988
1.0
1.0
1.0
1.0
1.0
1.0
1.0
1.0
0.9999982
1.0
0.99999976
0.9999999
1.0
1.0
1.0
1.0
1.0
1.0
1.0
1.0
1.0
1.0
0.9999994
1.0
1.0
0.9999826
1.0
0.9999839
1.0
0.9987841
1.0
1.0
0.99999976
1.0
0.99999976
1.0
0.9999057
1.0
0.99999917
1.0
0.99999976
1.0
0.99999976
0.99999845
1.0
1.0
0.9999075
1.0
1.0
1.0
1.0
1.0
0.9999945
1.0
1.0
1.0
0.9999919
1.0
1.0
1.0
1.0
1.0
1.0
1.0
1.0
1.0
1.0
0.98564106
0.9999974
1.0
1.0
0.99998426
0.9999994
1.0
1.0
1.0
1.0
1.0
0.999985
1.0
1.0
1.0
1.0
1.0
1.0
0.9999999
0.9999939
0.99995947
1.0
1.0
1.0
1.0
1.0
0.9998834
1.0
1.0
1.0
1.0
0.9999993
1.0
0.9999999
1.0
1.0
1.0
1.0
1.0
0.99958533
1.0
1.0
0.9994822
0.9999999
1.0
1.0
1.0
1.0
1.0
1.0
1.0
1.0
0.99999714
1.0
1.0
1.0
1.0
1.0
1.0
1.0
1.0
1.0
0.9999968
1.0
1.0
1.0
1.0
0.99999785
1.0
1.0
0.99999964
1.0
1.0
0.9999999
1.0
1.0
1.0
1.0
1.0
1.0
0.999998
1.0
1.0
0.9999999
1.0
1.0
1.0
1.0
1.0
1.0
1.0
1.0
1.0
0.9999995
0.9999999
1.0
1.0
0.9999877
1.0
1.0
1.0
1.0
0.99930453
1.0
1.0
1.0
1.0
1.0
0.9999931
1.0
1.0
1.0
1.0
1.0
1.0
1.0
1.0
1.0
1.0
1.0
1.0
1.0
1.0
1.0
1.0
1.0
1.0
1.0
1.0
1.0
1.0
1.0
1.0
1.0
0.99999976
1.0
1.0
1.0
1.0
1.0
1.0
0.9999999
1.0
1.0
1.0
1.0
1.0
0.9999721
1.0
1.0
1.0
1.0
1.0
1.0
1.0
0.99999666
1.0
1.0
1.0
1.0
1.0
1.0
1.0
1.0
1.0
0.99992895
0.99999976
0.9999999
1.0
1.0
1.0
1.0
0.9999999
1.0
1.0
1.0
1.0
0.99999905
1.0
1.0
1.0
1.0
1.0
1.0
1.0
1.0
1.0
0.9999994
1.0
1.0
1.0
1.0
1.0
1.0
1.0
1.0
1.0
1.0
1.0
0.9999999
0.9999968
1.0
1.0
1.0
0.9999999
1.0
1.0
0.9999981
1.0
1.0
1.0
0.99999976
1.0
1.0
1.0
1.0
1.0
1.0
1.0
1.0
1.0
1.0
1.0
0.9999999
1.0
0.9999999
0.99999905
1.0
1.0
1.0
1.0
1.0
1.0
1.0
1.0
1.0
1.0
1.0
1.0
0.9999999
1.0
1.0
1.0
1.0
1.0
1.0
1.0
1.0
0.9999982
1.0
1.0
1.0
0.9999999
1.0
1.0
1.0
0.9999982
0.99999547
1.0
1.0
0.9999664
0.99999523
0.9999994
0.99718434
0.99995565
1.0
0.9999999
1.0
1.0
1.0
1.0
0.99999917
1.0
1.0
1.0
0.9999999
1.0
0.9999969
1.0
1.0
1.0
1.0
1.0
1.0
1.0
1.0
1.0
1.0
1.0
1.0
1.0
1.0
1.0
1.0
1.0
1.0
1.0
1.0
1.0
1.0
0.9999975
0.9999995
1.0
1.0
1.0
0.9999902
1.0
0.9998567
1.0
0.999992
1.0
0.9999995
0.9999999
1.0
1.0
1.0
1.0
1.0
0.9999999
0.99999976
1.0
1.0
1.0
1.0
1.0
0.9998822
1.0
0.9999999
0.99999535
1.0
0.9999999
1.0
1.0
1.0
1.0
1.0
1.0
1.0
1.0
0.9999999
0.9999968
0.999962
1.0
0.99999917
1.0
0.9999999
1.0
0.9999999
0.9999989
0.99992347
1.0
0.99999833
0.99999917
1.0
0.9999944
1.0
1.0
1.0
0.9999999
1.0
1.0
1.0
1.0
1.0
1.0
0.9999999
1.0
0.99969363
0.9999995
0.999944
0.99893516
0.9999987
0.99999917
0.9945024
1.0
0.999987
1.0
0.9236817
0.99999166
0.9994461
0.99999976
0.99901855
1.0
1.0
0.9999695
0.99999714
0.9999995
0.9999659
0.9990006
1.0
1.0
1.0
1.0
1.0
1.0
1.0
1.0
1.0
0.99999964
1.0
1.0
1.0
0.999995
0.9999989
1.0
1.0
1.0
1.0
1.0
1.0
1.0
1.0
1.0
1.0
0.9999566
0.9999968
1.0
1.0
1.0
0.99997365
1.0
0.99999976
0.9999926
1.0
0.99999976
1.0
0.99999607
0.99995387
0.99999964
1.0
0.99988306
0.99999964
1.0
0.99999976
0.9999999
1.0
1.0
1.0
1.0
0.9999999
0.99999833
1.0
0.9999949
0.99995923
0.9999974
0.99998665
0.99991214
1.0
0.99999976
0.99992144
1.0
0.9999999
0.99999976
0.99953663
1.0
0.9999889
0.99993384
1.0
1.0
1.0
1.0
1.0
0.9999988
1.0
1.0
1.0
1.0
1.0
1.0
1.0
1.0
1.0
1.0
0.99998105
1.0
1.0
1.0
1.0
1.0
0.9999999
0.9999988
1.0
1.0
1.0
1.0
1.0
1.0
1.0
1.0
1.0
1.0
1.0
0.9999958
1.0
1.0
1.0
1.0
1.0
1.0
0.9881557
1.0
1.0
1.0
1.0
1.0
1.0
0.99999905
1.0
1.0
1.0
1.0
1.0
1.0
0.9999987
0.9999306
1.0
1.0
1.0
0.9999989
0.999979
1.0
1.0
0.9999995
1.0
1.0
1.0
0.9999863
0.9999975
1.0
1.0
1.0
0.99999976
1.0
1.0
1.0
1.0
0.9999949
1.0
1.0
1.0
1.0
1.0
1.0
1.0
0.99999404
1.0
1.0
0.99999976
0.9999958
1.0
1.0
1.0
1.0
1.0
1.0
1.0
1.0
1.0
0.9999988
0.9999994
1.0
1.0
1.0
1.0
1.0
1.0
1.0
1.0
1.0
1.0
1.0
0.99999905
0.9999999
1.0
1.0
0.9999963
1.0
1.0
1.0
1.0
1.0
1.0
1.0
0.9999999
1.0
1.0
1.0
0.9470332
1.0
0.978464
1.0
0.99998677
0.9999589
0.99932814
0.9999999
1.0
0.9999999
0.9990971
1.0
0.99997544
1.0
1.0
1.0
0.99985874
1.0
0.9999999
0.99999416
0.99996924
1.0
0.9999857
0.99999976
1.0
0.99999976
1.0
1.0
1.0
1.0
1.0
1.0
0.9997003
0.9920689
0.9993192
0.9168611
0.982488
0.99999976
0.9999492
1.0
1.0
1.0
1.0
0.9996469
0.9999933
0.99972564
0.9955922
0.99992883
0.99990964
1.0
0.9999999
0.99990153
1.0
1.0
1.0
1.0
0.9999019
1.0
1.0
1.0
1.0
1.0
1.0
1.0
0.9999968
1.0
1.0
0.9999974
1.0
0.9999713
1.0
1.0
1.0
1.0
1.0
1.0
1.0
0.9999901
1.0
1.0
0.9999995
1.0
1.0
1.0
0.99999857
1.0
1.0
1.0
1.0
1.0
0.9999994
0.9999999
0.99999964
1.0
1.0
1.0
1.0
1.0
1.0
1.0
1.0
1.0
1.0
1.0
1.0
1.0
0.9999944
1.0
1.0
0.9999988
1.0
1.0
0.9999999
1.0
1.0
1.0
1.0
1.0
1.0
1.0
1.0
0.9999995
0.99984455
0.9984376
0.9999999
0.99999857
0.9999994
1.0
1.0
1.0
1.0
1.0
1.0
1.0
1.0
1.0
1.0
0.9999616
0.9999993
0.99999976
1.0
1.0
1.0
1.0
0.9999999
1.0
1.0
1.0
1.0
0.99999976
1.0
1.0
1.0
1.0
0.9999994
1.0
1.0
1.0
0.99999726
1.0
1.0
1.0
1.0
1.0
1.0
1.0
1.0
1.0
0.9999989
1.0
1.0
0.99999845
1.0
0.9999995
1.0
1.0
1.0
1.0
1.0
1.0
1.0
1.0
1.0
1.0
0.99997485
0.9999999
0.99997234
0.99714416
1.0
1.0
1.0
0.9999993
1.0
1.0
0.99999917
0.99999905
0.99999976
0.9999993
1.0
1.0
0.99998844
1.0
1.0
0.99999774
1.0
1.0
1.0
1.0
1.0
1.0
1.0
1.0
1.0
0.9999995
0.9996086
0.99999225
0.99742776
1.0
0.9999993
0.9999852
0.99998724
1.0
1.0
0.9999999
1.0
1.0
1.0
0.9999974
0.99999905
0.99993765
1.0
1.0
1.0
0.9999994
1.0
1.0
0.99999595
1.0
1.0
1.0
0.9999927
1.0
1.0
1.0
1.0
1.0
1.0
1.0
1.0
1.0
1.0
0.9999943
0.9972192
1.0
0.9999999
1.0
0.9998567
0.9995159
1.0
1.0
0.99999976
0.9998387
0.9999949
0.9999722
0.9999862
1.0
0.64395636
0.9928919
0.99996376
1.0
1.0
1.0
1.0
0.9999471
1.0
0.9999993
1.0
1.0
1.0
1.0
0.99999917
1.0
1.0
1.0
1.0
1.0
1.0
1.0
1.0
1.0
0.9999912
1.0
1.0
0.9999999
1.0
0.9999999
1.0
1.0
1.0
0.9999993
1.0
1.0
1.0
0.9999999
1.0
1.0
1.0
1.0
1.0
1.0
1.0
1.0
1.0
0.99999964
1.0
0.9999995
0.99999964
0.99992394
1.0
1.0
1.0
1.0
0.9999993
0.9989882
0.9999938
1.0
1.0
1.0
1.0
1.0
0.9999999
1.0
0.99999976
1.0
0.9999994
1.0
1.0
1.0
0.9999993
1.0
1.0
1.0
1.0
1.0
1.0
1.0
1.0
0.9946044
1.0
0.8859881
1.0
0.99999976
1.0
0.9999995
1.0
1.0
1.0
1.0
1.0
1.0
1.0
1.0
1.0
0.9999999
1.0
1.0
1.0
0.99970454
1.0
1.0
1.0
1.0
0.9999982
1.0
1.0
1.0
1.0
0.9999999
1.0
1.0
1.0
1.0
0.9999999
1.0
1.0
1.0
1.0
1.0
1.0
1.0
1.0
1.0
1.0
1.0
1.0
1.0
1.0
0.99999976
1.0
1.0
0.9998692
1.0
1.0
1.0
0.99999607
1.0
1.0
1.0
1.0
1.0
0.99999714
1.0
1.0
1.0
1.0
0.9999995
1.0
0.9999999
1.0
1.0
1.0
1.0
0.9999999
1.0
1.0
1.0
1.0
0.99985564
1.0
1.0
1.0
0.9999993
0.9999994
0.9999969
1.0
1.0
0.9999753
1.0
0.9999639
0.9999994
1.0
1.0
1.0
0.99898654
0.99999964
0.9999969
1.0
1.0
1.0
0.99996316
0.9960498
0.9999987
0.9999994
1.0
0.9999995
1.0
0.99999547
1.0
1.0
1.0
0.99910945
0.9854167
1.0
0.99999917
0.9995271
0.9999995
0.99999654
1.0
0.787156
1.0
0.9999995
0.99999964
0.9999999
1.0
1.0
0.9999999
1.0
1.0
1.0
0.9999999
0.99988544
0.99999976
0.99999285
1.0
0.9999999
0.9999999
0.9999994
0.99999976
1.0
1.0
1.0
1.0
1.0
1.0
1.0
1.0
1.0
1.0
0.99999976
1.0
1.0
1.0
1.0
1.0
1.0
1.0
0.99999976
1.0
1.0
1.0
1.0
1.0
1.0
1.0
1.0
1.0
1.0
1.0
1.0
0.9999999
1.0
1.0
1.0
1.0
1.0
0.9998037
1.0
1.0
1.0
1.0
1.0
0.9999999
0.99999964
1.0
0.999992
1.0
1.0
1.0
1.0
1.0
1.0
1.0
1.0
1.0
1.0
1.0
1.0
0.9999988
0.9999937
0.99999976
1.0
1.0
1.0
1.0
1.0
1.0
0.9999999
1.0
1.0
1.0
1.0
1.0
1.0
1.0
0.9999974
1.0
1.0
1.0
1.0
1.0
1.0
1.0
1.0
0.9999993
1.0
1.0
1.0
1.0
1.0
1.0
1.0
1.0
1.0
1.0
1.0
1.0
1.0
1.0
0.9999999
1.0
1.0
1.0
1.0
1.0
0.99999285
1.0
1.0
1.0
1.0
1.0
1.0
1.0
1.0
1.0
1.0
1.0
1.0
0.9999999
1.0
1.0
1.0
1.0
1.0
1.0
1.0
1.0
1.0
1.0
1.0
1.0
0.99999964
1.0
1.0
1.0
1.0
1.0
1.0
1.0
1.0
1.0
1.0
1.0
1.0
1.0
1.0
1.0
1.0
1.0
1.0
1.0
1.0
1.0
1.0
1.0
1.0
1.0
1.0
1.0
1.0
1.0
1.0
1.0
1.0
1.0
1.0
1.0
1.0
1.0
1.0
1.0
1.0
1.0
1.0
1.0
1.0
1.0
1.0
1.0
1.0
1.0
1.0
1.0
1.0
1.0
1.0
1.0
1.0
0.9999999
1.0
0.9999503
1.0
1.0
1.0
0.9999995
1.0
1.0
1.0
1.0
1.0
1.0
1.0
1.0
1.0
1.0
1.0
1.0
1.0
1.0
1.0
1.0
1.0
1.0
1.0
1.0
1.0
1.0
1.0
1.0
1.0
1.0
1.0
1.0
1.0
1.0
1.0
1.0
1.0
1.0
1.0
1.0
1.0
1.0
0.9999999
0.99999976
1.0
1.0
1.0
1.0
1.0
0.9999987
1.0
1.0
1.0
1.0
1.0
1.0
1.0
1.0
1.0
1.0
1.0
1.0
1.0
1.0
1.0
1.0
1.0
0.99997485
1.0
1.0
1.0
1.0
1.0
1.0
1.0
1.0
1.0
1.0
1.0
1.0
1.0
1.0
1.0
1.0
1.0
1.0
1.0
0.9999999
1.0
1.0
1.0
1.0
1.0
1.0
1.0
1.0
1.0
1.0
1.0
1.0
1.0
1.0
1.0
1.0
0.9999999
1.0
1.0
0.99999964
0.9999919
0.9999999
1.0
1.0
1.0
1.0
1.0
1.0
1.0
1.0
1.0
1.0
0.9999994
1.0
1.0
1.0
1.0
1.0
1.0
1.0
1.0
1.0
1.0
1.0
1.0
1.0
1.0
1.0
1.0
1.0
1.0
1.0
1.0
1.0
1.0
0.9999982
1.0
1.0
1.0
1.0
1.0
1.0
0.9999596
1.0
1.0
1.0
1.0
1.0
1.0
1.0
1.0
1.0
1.0
1.0
1.0
1.0
1.0
1.0
1.0
0.99998593
1.0
1.0
1.0
1.0
1.0
1.0
0.9999994
1.0
1.0
1.0
1.0
1.0
1.0
1.0
1.0
1.0
1.0
1.0
1.0
1.0
1.0
1.0
1.0
1.0
0.9999999
1.0
0.99999976
1.0
1.0
1.0
1.0
1.0
1.0
1.0
1.0
1.0
1.0
0.99999917
1.0
1.0
1.0
1.0
1.0
1.0
1.0
0.99999976
1.0
1.0
1.0
1.0
1.0
1.0
1.0
1.0
1.0
0.9999999
0.9999999
1.0
1.0
1.0
0.9999993
1.0
1.0
1.0
1.0
1.0
1.0
1.0
1.0
1.0
1.0
1.0
1.0
0.99999976
0.9999993
1.0
1.0
1.0
1.0
1.0
1.0
1.0
1.0
1.0
1.0
1.0
1.0
1.0
1.0
1.0
1.0
0.99999666
1.0
1.0
1.0
1.0
1.0
0.9999999
0.9999999
1.0
1.0
1.0
0.98645234
0.99999535
1.0
0.9999739
1.0
0.99998343
0.9810292
0.9999969
0.9999994
0.9999999
0.97914815
1.0
1.0
1.0
1.0
0.999315
0.99999976
0.99999917
1.0
0.9999994
0.9999999
1.0
1.0
0.9999999
1.0
1.0
1.0
0.999995
1.0
0.9999993
1.0
1.0
1.0
1.0
1.0
0.9994822
0.9998801
0.9999995
1.0
1.0
1.0
0.99999976
1.0
1.0
1.0
0.9999989
1.0
1.0
0.999987
0.99999857
1.0
1.0
0.99999905
0.9999994
1.0
1.0
1.0
1.0
1.0
0.9999999
0.99891484
1.0
0.99288416
1.0
1.0
1.0
1.0
1.0
1.0
1.0
0.99999976
1.0
1.0
1.0
1.0
1.0
1.0
1.0
1.0
1.0
1.0
1.0
1.0
1.0
0.9999974
0.99999964
1.0
1.0
1.0
1.0
1.0
1.0
1.0
1.0
1.0
1.0
1.0
1.0
1.0
1.0
1.0
0.9999703
1.0
0.99999654
1.0
1.0
1.0
1.0
0.99998903
1.0
1.0
1.0
1.0
1.0
0.99999714
1.0
1.0
1.0
0.99999917
0.9999999
1.0
0.9999999
1.0
1.0
1.0
1.0
1.0
1.0
1.0
1.0
1.0
1.0
0.9999999
1.0
1.0
1.0
1.0
0.9999999
1.0
1.0
1.0
1.0
1.0
1.0
0.9999995
1.0
1.0
1.0
1.0
0.9999949
1.0
1.0
1.0
0.99999976
0.9999993
1.0
1.0
1.0
1.0
1.0
1.0
0.99998474
1.0
1.0
1.0
1.0
1.0
1.0
1.0
1.0
1.0
1.0
1.0
1.0
1.0
1.0
1.0
1.0
1.0
0.9999995
1.0
1.0
1.0
1.0
1.0
0.999998
1.0
1.0
1.0
1.0
1.0
1.0
1.0
1.0
1.0
0.9999999
1.0
0.9999994
1.0
1.0
1.0
1.0
1.0
1.0
1.0
0.9999882
1.0
0.99999976
1.0
0.9999999
1.0
1.0
1.0
1.0
1.0
1.0
0.9999988
1.0
1.0
1.0
1.0
1.0
1.0
1.0
1.0
1.0
1.0
1.0
1.0
1.0
1.0
1.0
1.0
1.0
1.0
1.0
0.99997616
1.0
1.0
1.0
1.0
1.0
1.0
0.99991035
0.9999813
1.0
0.99999785
1.0
1.0
1.0
0.9999989
0.9999951
1.0
1.0
1.0
1.0
1.0
1.0
1.0
0.99999905
1.0
1.0
1.0
1.0
1.0
1.0
1.0
1.0
1.0
1.0
1.0
0.9999753
1.0
1.0
1.0
1.0
1.0
1.0
1.0
1.0
0.9999999
0.9999999
1.0
1.0
1.0
1.0
1.0
0.99999964
1.0
1.0
1.0
1.0
1.0
1.0
1.0
1.0
1.0
1.0
1.0
1.0
1.0
1.0
1.0
1.0
1.0
1.0
1.0
0.9999989
1.0
1.0
1.0
1.0
1.0
1.0
1.0
1.0
1.0
1.0
1.0
1.0
1.0
1.0
0.999998
1.0
1.0
1.0
1.0
1.0
1.0
1.0
1.0
1.0
1.0
0.999946
1.0
1.0
1.0
1.0
1.0
1.0
1.0
1.0
1.0
1.0
1.0
1.0
1.0
1.0
1.0
1.0
1.0
0.9999999
1.0
1.0
1.0
1.0
1.0
1.0
1.0
1.0
1.0
1.0
1.0
0.99999857
1.0
1.0
0.9999994
0.9999993
0.9999999
1.0
1.0
1.0
1.0
0.99120015
1.0
1.0
0.99999964
1.0
1.0
0.9999999
1.0
1.0
0.99999654
0.9999999
1.0
1.0
1.0
1.0
1.0
0.9999778
1.0
0.9999995
1.0
1.0
1.0
1.0
1.0
1.0
1.0
0.9999994
1.0
1.0
0.99999976
1.0
0.999997
1.0
1.0
0.9999995
1.0
1.0
0.99999976
1.0
0.9998118
0.9987097
0.9999918
1.0
0.9999913
0.9999937
1.0
1.0
1.0
1.0
1.0
1.0
1.0
1.0
1.0
1.0
1.0
1.0
1.0
1.0
1.0
1.0
1.0
1.0
1.0
0.9999924
1.0
1.0
1.0
1.0
1.0
1.0
1.0
1.0
1.0
0.999985
1.0
1.0
1.0
1.0
1.0
1.0
0.99999917
1.0
1.0
1.0
1.0
1.0
1.0
1.0
1.0
1.0
1.0
1.0
1.0
1.0
0.99999905
0.9999993
1.0
1.0
1.0
0.99999833
1.0
1.0
1.0
1.0
1.0
1.0
1.0
1.0
0.99999535
0.9999839
1.0
1.0
0.99999356
1.0
0.99997365
1.0
1.0
0.99998856
0.9999999
0.99999976
1.0
1.0
0.9997577
1.0
1.0
0.99999833
1.0
1.0
1.0
0.9999988
0.9999994
1.0
0.9999999
1.0
0.9999976
1.0
1.0
1.0
1.0
0.99999976
0.9999999
1.0
1.0
0.99999964
0.999998
1.0
1.0
0.9872247
1.0
0.9999999
1.0
0.99999845
0.9999999
0.99999857
1.0
0.9989636
0.9999976
0.99998665
1.0
1.0
1.0
0.9998971
1.0
0.9999982
1.0
1.0
1.0
0.9999995
1.0
1.0
1.0
1.0
1.0
1.0
1.0
1.0
1.0
1.0
1.0
0.99999976
1.0
1.0
1.0
1.0
1.0
1.0
0.9999999
1.0
0.9999863
1.0
1.0
1.0
1.0
0.9999987
1.0
1.0
1.0
0.9999982
1.0
1.0
0.99999857
0.9999999
0.9999999
1.0
0.59518045
0.99999964
1.0
1.0
1.0
1.0
1.0
0.9999999
0.99999976
0.9999988
1.0
1.0
0.99999976
1.0
1.0
1.0
0.99999976
1.0
1.0
1.0
0.99998987
1.0
1.0
0.99999976
1.0
0.99999774
0.99999416
1.0
1.0
1.0
0.9999175
0.99999964
1.0
0.485465
1.0
0.9999908
0.9999831
0.9999995
0.9999424
0.9999883
0.98459333
1.0
1.0
1.0
1.0
1.0
1.0
0.96273625
1.0
0.9969687
0.999998
0.7407493
0.9999999
1.0
0.99999595
0.9511165
0.99991226
0.99999535
0.9999888
1.0
1.0
1.0
0.99999976
1.0
0.9999136
0.9999974
0.99950385
1.0
0.9999999
1.0
1.0
0.9999969
1.0
1.0
0.9999192
0.99999917
0.99999964
0.99951184
0.99999833
0.99999964
1.0
1.0
0.9693363
1.0
1.0
0.99999964
1.0
1.0
1.0
0.99998486
0.99999785
0.99999774
0.5848321
1.0
1.0
1.0
1.0
1.0
1.0
0.99993336
0.9999739
1.0
1.0
1.0
0.99999905
0.9775084
0.9994868
0.99997365
1.0
0.9999995
1.0
0.7412891
0.99999666
0.99999225
0.9999989
1.0
0.9999926
1.0
1.0
1.0
1.0
1.0
0.9999963
1.0
1.0
0.9999995
0.9999988
0.9998115
1.0
0.9999869
1.0
1.0
0.99999964
0.9999993
1.0
1.0
0.99999905
1.0
1.0
0.99999976
1.0
1.0
0.9999944
0.9999963
0.9999999
1.0
0.99955803
1.0
0.9998184
0.9999857
1.0
1.0
1.0
0.99994576
0.99635917
1.0
1.0
1.0
0.9999914
1.0
0.99999964
1.0
0.99836105
0.9999993
0.99997413
0.9999999
1.0
0.9971129
0.9999975
0.99999774
1.0
0.9999995
1.0
1.0
1.0
0.99947184
1.0
1.0
1.0
1.0
0.99999976
0.99014485
1.0
0.95492357
1.0
1.0
1.0
1.0
1.0
1.0
0.99873155
0.9999999
0.99976784
1.0
1.0
0.99966896
1.0
1.0
1.0
0.99999905
1.0
1.0
1.0
1.0
1.0
0.9391816
0.9999746
1.0
1.0
1.0
1.0
1.0
1.0
0.9999926
1.0
1.0
1.0
1.0
1.0
1.0
1.0
0.9999974
1.0
1.0
0.93623567
1.0
1.0
1.0
0.9999999
1.0
1.0
1.0
1.0
0.99999964
1.0
1.0
1.0
1.0
1.0
1.0
1.0
0.99988556
0.9999974
0.9999999
0.99999607
0.999998
1.0
1.0
1.0
1.0
1.0
1.0
0.9948671
0.9999552
1.0
1.0
1.0
1.0
1.0
1.0
0.99827385
1.0
1.0
0.998987
1.0
1.0
1.0
1.0
0.9999831
0.9999993
1.0
0.999962
1.0
1.0
1.0
0.9999989
1.0
1.0
1.0
1.0
0.99999464
1.0
1.0
0.99999976
1.0
1.0
1.0
0.9997018
1.0
1.0
1.0
1.0
0.99265224
1.0
1.0
1.0
0.9993771
0.9999794
0.9999999
0.99999905
1.0
0.97403926
1.0
0.9999988
0.99988914
1.0
0.99997056
1.0
1.0
1.0
1.0
1.0
1.0
1.0
1.0
0.99999976
1.0
0.99921036
0.9740727
0.9999206
1.0
1.0
1.0
1.0
1.0
1.0
0.99999785
1.0
1.0
0.9999994
1.0
0.99999976
1.0
1.0
1.0
0.9997547
1.0
0.9999999
1.0
1.0
1.0
1.0
1.0
1.0
0.9999999
1.0
1.0
1.0
0.9999999
1.0
1.0
1.0
0.99999976
0.9999999
0.9999033
1.0
1.0
1.0
1.0
1.0
1.0
1.0
1.0
1.0
1.0
1.0
0.9999999
0.9999999
1.0
1.0
1.0
1.0
1.0
1.0
1.0
1.0
1.0
1.0
1.0
1.0
1.0
1.0
1.0
0.9999813
0.9999987
1.0
1.0
1.0
0.99999976
0.999998
1.0
1.0
1.0
0.9999989
0.99999607
0.9503754
1.0
1.0
0.9999987
1.0
1.0
1.0
1.0
1.0
1.0
0.9999999
0.9999423
1.0
1.0
1.0
1.0
1.0
1.0
