1.0
1.0
1.0
1.0
1.0
1.0
0.99999654
0.9999999
0.9999069
1.0
1.0
1.0
1.0
1.0
1.0
1.0
0.99999976
1.0
0.9989839
1.0
1.0
0.99999964
1.0
1.0
1.0
1.0
1.0
1.0
1.0
1.0
1.0
1.0
1.0
0.9999995
1.0
1.0
0.9999999
1.0
0.99999976
1.0
1.0
0.9999999
0.9999999
0.99999917
0.9999994
1.0
0.99999833
1.0
1.0
1.0
1.0
1.0
1.0
1.0
1.0
1.0
1.0
1.0
1.0
0.9998976
1.0
1.0
0.9976827
0.9999881
1.0
0.9999995
1.0
1.0
1.0
1.0
1.0
1.0
1.0
0.9999975
1.0
1.0
1.0
1.0
0.9999995
1.0
0.99999964
1.0
1.0
1.0
1.0
1.0
1.0
0.99999547
1.0
1.0
1.0
1.0
0.9880972
0.9999995
1.0
0.9999939
0.99998236
1.0
1.0
1.0
1.0
1.0
1.0
1.0
0.99999857
1.0
1.0
0.99999964
1.0
1.0
1.0
0.9999995
1.0
1.0
1.0
0.97753954
1.0
1.0
1.0
0.99996924
1.0
0.9998982
1.0
1.0
0.9999999
0.9999888
0.9999995
1.0
1.0
1.0
1.0
1.0
1.0
1.0
1.0
1.0
1.0
1.0
1.0
0.9999907
1.0
1.0
1.0
1.0
1.0
1.0
1.0
1.0
1.0
0.9944488
1.0
0.9607126
1.0
1.0
1.0
1.0
1.0
1.0
0.9999995
1.0
0.9999821
1.0
1.0
1.0
1.0
1.0
1.0
0.9999821
1.0
1.0
1.0
0.9999999
1.0
1.0
1.0
0.99942577
1.0
1.0
1.0
1.0
1.0
1.0
1.0
1.0
0.99990535
0.9999999
1.0
1.0
1.0
0.9999999
1.0
0.99999905
1.0
0.99047464
1.0
0.99999213
1.0
1.0
1.0
0.99981326
1.0
1.0
1.0
1.0
1.0
1.0
0.99999964
1.0
1.0
0.9994229
1.0
0.9347381
1.0
1.0
1.0
1.0
1.0
0.99993074
1.0
1.0
0.99999976
0.99997187
1.0
1.0
1.0
1.0
0.9999999
1.0
1.0
0.99999976
1.0
1.0
1.0
1.0
1.0
1.0
1.0
1.0
1.0
1.0
1.0
0.9999906
1.0
0.99999905
0.9999994
0.99998355
1.0
0.97923845
1.0
1.0
1.0
0.9999999
1.0
1.0
1.0
0.9999908
0.9999999
0.99999964
1.0
0.5323693
1.0
1.0
1.0
1.0
0.9996344
1.0
0.99978274
1.0
1.0
1.0
1.0
1.0
0.9999999
1.0
1.0
1.0
1.0
1.0
1.0
1.0
1.0
1.0
0.9996464
1.0
1.0
1.0
0.99999833
0.99999845
1.0
1.0
0.99994624
1.0
0.9999995
1.0
1.0
1.0
1.0
1.0
1.0
1.0
1.0
1.0
1.0
1.0
1.0
1.0
1.0
1.0
1.0
1.0
1.0
1.0
1.0
0.9999943
1.0
1.0
0.9999999
1.0
1.0
1.0
0.97201
0.7577693
1.0
1.0
0.99997544
1.0
0.99343795
1.0
1.0
1.0
1.0
1.0
1.0
0.9999999
1.0
1.0
0.99999475
0.9999347
1.0
0.9999888
0.6094308
1.0
1.0
1.0
1.0
1.0
1.0
0.9999999
1.0
1.0
0.99999964
1.0
0.99999964
1.0
0.9999999
1.0
1.0
0.9999999
0.99990904
0.99842036
1.0
1.0
0.9999956
0.9999999
1.0
1.0
0.9999975
1.0
0.99968517
1.0
1.0
1.0
1.0
1.0
1.0
1.0
1.0
0.9999999
1.0
1.0
1.0
0.9999951
1.0
1.0
1.0
1.0
0.99999905
1.0
0.9999999
0.99999917
0.99999976
0.9999999
1.0
0.9999999
0.99999976
1.0
1.0
0.9999999
1.0
1.0
0.9999939
1.0
1.0
0.9999999
0.9999968
1.0
1.0
1.0
1.0
1.0
1.0
0.9999969
0.99999166
1.0
1.0
0.9999925
1.0
0.99985456
1.0
1.0
1.0
1.0
1.0
1.0
1.0
1.0
1.0
1.0
1.0
1.0
1.0
1.0
0.99999964
1.0
1.0
0.9999558
1.0
1.0
0.9999999
1.0
1.0
1.0
1.0
1.0
0.9989391
0.9762304
0.99999905
0.69220644
0.9999716
0.555815
0.99997866
1.0
1.0
1.0
1.0
1.0
0.9999981
0.99997926
1.0
1.0
0.9999987
1.0
0.9999981
1.0
0.99985826
1.0
1.0
1.0
1.0
1.0
1.0
1.0
1.0
1.0
1.0
1.0
1.0
1.0
0.999998
0.99997365
1.0
1.0
1.0
1.0
1.0
1.0
1.0
1.0
0.9999999
1.0
0.9999975
1.0
0.99999857
1.0
1.0
0.9948138
1.0
0.9999263
0.99999964
1.0
1.0
1.0
0.9999999
1.0
0.99999976
1.0
1.0
0.99999976
0.9999957
1.0
1.0
0.99999714
1.0
1.0
1.0
1.0
1.0
1.0
1.0
1.0
1.0
1.0
1.0
0.99999285
1.0
1.0
1.0
1.0
1.0
1.0
0.9999989
1.0
1.0
1.0
0.99999976
1.0
1.0
1.0
1.0
1.0
1.0
1.0
0.9999969
0.99702626
1.0
1.0
1.0
0.99999976
1.0
1.0
0.9999999
0.9962203
0.99999964
1.0
1.0
1.0
1.0
0.99999905
1.0
0.99999857
1.0
1.0
1.0
1.0
1.0
1.0
1.0
1.0
1.0
0.99999976
1.0
0.9998234
1.0
1.0
1.0
1.0
1.0
1.0
0.9999999
1.0
1.0
1.0
0.577509
0.941844
1.0
1.0
1.0
0.9999994
1.0
1.0
1.0
0.90986806
1.0
0.99976164
0.99999976
1.0
1.0
0.9999975
1.0
1.0
1.0
1.0
1.0
1.0
1.0
0.9999999
1.0
1.0
1.0
1.0
0.9999999
1.0
1.0
0.9999901
1.0
1.0
1.0
1.0
0.9999974
0.9994823
1.0
1.0
1.0
1.0
0.9999989
0.8823506
1.0
1.0
1.0
1.0
1.0
1.0
1.0
1.0
1.0
0.9999988
1.0
0.9999999
1.0
1.0
0.9999995
1.0
0.99999833
1.0
1.0
0.9999815
0.9875721
1.0
1.0
0.9999999
0.99999976
1.0
1.0
1.0
1.0
1.0
1.0
1.0
0.9999895
0.5816662
1.0
1.0
1.0
1.0
1.0
1.0
1.0
0.99999666
1.0
1.0
1.0
0.9999994
1.0
1.0
0.8240455
1.0
1.0
1.0
1.0
1.0
1.0
1.0
1.0
1.0
0.9442241
1.0
1.0
1.0
0.9999999
0.9927135
1.0
0.9998399
1.0
1.0
1.0
1.0
1.0
1.0
0.9999999
1.0
0.9999999
1.0
1.0
1.0
1.0
1.0
1.0
0.99999857
1.0
1.0
1.0
1.0
1.0
1.0
1.0
0.9999999
0.66782844
0.6286456
1.0
1.0
0.9834284
1.0
1.0
0.9999778
1.0
1.0
0.99848914
1.0
0.9999999
0.9999999
0.99999976
1.0
1.0
1.0
1.0
1.0
0.9999995
0.99999917
0.99911624
0.99999964
0.9871214
0.99999857
1.0
0.9999995
1.0
1.0
0.9999958
1.0
1.0
1.0
1.0
1.0
1.0
1.0
1.0
1.0
1.0
1.0
1.0
1.0
0.9999747
0.9999974
0.999998
1.0
1.0
1.0
1.0
0.99999845
1.0
0.99999976
1.0
1.0
1.0
1.0
1.0
1.0
1.0
1.0
1.0
1.0
0.99999845
0.999997
1.0
1.0
1.0
0.99999654
0.99637705
1.0
1.0
0.9998406
1.0
0.99999523
1.0
1.0
1.0
1.0
1.0
0.9999999
1.0
1.0
0.9999913
1.0
1.0
1.0
0.99999845
1.0
1.0
1.0
1.0
1.0
1.0
1.0
1.0
0.9972268
1.0
1.0
0.9999999
1.0
1.0
1.0
1.0
1.0
1.0
0.99999964
1.0
1.0
1.0
1.0
1.0
0.99998224
1.0
1.0
1.0
0.99999964
0.9999993
1.0
1.0
1.0
1.0
0.9999939
1.0
1.0
0.99999964
1.0
0.9338979
1.0
0.9573393
1.0
1.0
1.0
1.0
1.0
1.0
1.0
1.0
1.0
1.0
0.9999999
1.0
0.9999988
1.0
1.0
1.0
1.0
1.0
1.0
0.9999943
1.0
1.0
1.0
0.9999877
1.0
0.9999994
1.0
0.99999976
1.0
1.0
0.9999931
1.0
1.0
1.0
0.9998665
0.97980016
0.9967169
1.0
0.9999888
1.0
1.0
0.9999999
1.0
1.0
1.0
1.0
1.0
1.0
0.9985146
0.9999993
1.0
0.9999995
1.0
0.999864
1.0
0.99899226
0.9995239
1.0
1.0
1.0
0.99999976
1.0
0.9999999
1.0
1.0
1.0
1.0
1.0
1.0
0.9999989
1.0
0.99999976
1.0
1.0
1.0
1.0
1.0
0.9776343
1.0
0.9999989
1.0
1.0
1.0
1.0
1.0
1.0
1.0
1.0
1.0
0.99999285
1.0
0.950458
0.99935514
0.999972
1.0
1.0
0.9999999
1.0
1.0
0.99999857
0.9882386
1.0
0.9999999
0.9999846
0.9999821
1.0
1.0
1.0
0.9999994
0.9999254
1.0
0.99998903
0.99999976
0.9999999
1.0
0.99999774
0.99999964
0.9999988
0.99685174
0.999998
1.0
1.0
0.9999896
1.0
1.0
1.0
1.0
1.0
1.0
1.0
1.0
1.0
0.99999976
1.0
1.0
1.0
1.0
1.0
1.0
1.0
1.0
1.0
1.0
1.0
1.0
1.0
1.0
0.99999976
0.99999774
1.0
1.0
1.0
0.9999999
1.0
1.0
0.9999999
1.0
0.9999999
1.0
0.99997675
1.0
1.0
1.0
1.0
1.0
0.9999999
1.0
1.0
1.0
1.0
0.9999999
1.0
0.9999994
1.0
1.0
0.99999917
1.0
1.0
1.0
0.99999917
1.0
1.0
1.0
1.0
0.9999999
0.99999964
0.895871
1.0
1.0
1.0
1.0
1.0
0.42212138
1.0
1.0
1.0
1.0
0.99997354
0.999762
1.0
1.0
1.0
1.0
1.0
0.9999981
1.0
1.0
1.0
0.9999808
0.99999964
1.0
1.0
1.0
1.0
0.9999999
0.9999317
1.0
1.0
1.0
1.0
1.0
0.99999654
1.0
1.0
1.0
0.9999962
1.0
1.0
1.0
1.0
1.0
1.0
1.0
1.0
0.99997914
1.0
1.0
1.0
1.0
0.9999999
1.0
1.0
0.99999976
0.99999845
1.0
1.0
1.0
1.0
1.0
1.0
1.0
1.0
1.0
1.0
0.9999894
1.0
1.0
1.0
1.0
1.0
0.9993032
0.9999975
1.0
1.0
1.0
0.8401395
1.0
0.99744344
1.0
1.0
1.0
1.0
0.9999999
1.0
0.9999932
0.99999976
1.0
1.0
1.0
1.0
1.0
0.9993192
1.0
0.9999995
1.0
1.0
0.9999999
1.0
1.0
1.0
1.0
0.9999974
1.0
1.0
1.0
1.0
1.0
1.0
0.9999988
1.0
0.99998045
1.0
1.0
0.99999976
0.9999999
1.0
0.99999785
1.0
1.0
0.9999999
1.0
1.0
1.0
1.0
0.99999714
1.0
1.0
0.99999595
1.0
0.99994206
1.0
1.0
0.9999988
1.0
1.0
1.0
0.99997985
1.0
1.0
1.0
1.0
0.99999475
1.0
1.0
0.999067
0.8892542
1.0
0.9999999
1.0
1.0
1.0
1.0
1.0
1.0
0.99929523
0.9987987
1.0
1.0
1.0
1.0
1.0
1.0
0.9999995
1.0
1.0
0.9999715
1.0
0.99995387
1.0
0.99995434
1.0
1.0
0.99999774
1.0
1.0
0.99993503
1.0
1.0
1.0
0.9997576
0.9999999
1.0
1.0
1.0
1.0
1.0
1.0
0.9997881
1.0
0.98147774
1.0
0.99999785
1.0
0.9999999
1.0
0.99918824
0.99999976
1.0
1.0
1.0
1.0
1.0
0.9999995
1.0
1.0
0.9844253
0.9999999
0.99999905
1.0
0.9999999
0.96104485
0.9999993
1.0
1.0
0.99999976
1.0
1.0
1.0
1.0
0.99987555
1.0
1.0
0.99999917
0.8336313
1.0
1.0
0.9996563
0.99999964
1.0
1.0
1.0
1.0
1.0
1.0
1.0
1.0
0.9999989
0.9999989
1.0
1.0
1.0
1.0
0.9999435
1.0
0.9999999
0.99997866
1.0
1.0
1.0
1.0
1.0
1.0
0.9992899
0.99954647
1.0
0.999992
1.0
1.0
1.0
0.9999379
1.0
1.0
0.99988306
1.0
0.99999905
1.0
1.0
1.0
1.0
1.0
1.0
1.0
1.0
1.0
1.0
1.0
1.0
1.0
0.9999993
1.0
1.0
1.0
0.9921881
1.0
1.0
1.0
1.0
1.0
0.9999999
0.9998628
1.0
0.9995952
1.0
0.9999974
0.9999988
1.0
1.0
1.0
0.9999999
1.0
0.7379883
1.0
0.9999652
1.0
1.0
1.0
1.0
0.9999963
0.9999999
1.0
0.9999982
0.99999857
0.9999993
1.0
1.0
0.99999964
1.0
1.0
0.9999995
0.9999999
1.0
1.0
1.0
1.0
1.0
1.0
1.0
0.9995433
0.9999999
1.0
1.0
1.0
1.0
1.0
1.0
1.0
1.0
1.0
1.0
1.0
0.999997
0.9999939
1.0
1.0
1.0
1.0
1.0
1.0
0.9999827
1.0
1.0
1.0
1.0
1.0
0.9999908
1.0
0.85646677
0.9982741
0.9999385
1.0
0.9999958
1.0
1.0
1.0
1.0
0.99999464
0.999483
1.0
1.0
1.0
1.0
0.99999964
1.0
1.0
0.99999416
1.0
0.99999976
0.54177505
0.9985819
1.0
1.0
1.0
1.0
1.0
1.0
1.0
0.99999976
1.0
0.9999963
1.0
0.9999999
1.0
0.99996793
1.0
1.0
1.0
1.0
1.0
0.9999968
0.9999616
0.99999976
0.9996705
0.9999988
0.999992
0.9999695
1.0
1.0
0.999574
1.0
1.0
0.99999917
0.9999999
1.0
1.0
1.0
1.0
0.9999925
0.99999964
1.0
1.0
1.0
0.9999994
0.94295067
1.0
1.0
0.99999964
1.0
1.0
1.0
0.9999982
1.0
1.0
0.9999993
1.0
1.0
1.0
1.0
1.0
0.9999999
1.0
1.0
1.0
1.0
1.0
1.0
0.99991775
1.0
1.0
1.0
1.0
1.0
1.0
1.0
1.0
1.0
0.9999957
1.0
0.99998116
1.0
0.999998
1.0
1.0
1.0
0.99710435
1.0
0.9999999
1.0
1.0
0.99999917
1.0
0.99999976
0.9999981
0.99975806
0.9999999
1.0
1.0
1.0
0.99999917
1.0
0.9999746
1.0
1.0
1.0
0.9999993
1.0
0.8529389
0.99999917
1.0
1.0
1.0
0.994524
1.0
1.0
0.9787957
0.9999949
1.0
0.9999999
1.0
1.0
1.0
1.0
1.0
1.0
1.0
1.0
1.0
0.99999976
1.0
1.0
1.0
0.9999987
1.0
0.989794
1.0
0.9996946
1.0
0.9992592
0.9995881
1.0
1.0
1.0
0.99999964
0.99962234
1.0
1.0
1.0
1.0
1.0
1.0
0.9999987
1.0
1.0
0.9991641
0.9997831
1.0
1.0
1.0
1.0
1.0
0.9999999
1.0
1.0
0.99999964
1.0
0.99971825
1.0
0.9999999
1.0
1.0
1.0
0.9999479
1.0
1.0
1.0
1.0
1.0
1.0
0.9999995
0.99999785
1.0
1.0
1.0
1.0
0.99998677
0.9999999
1.0
1.0
1.0
1.0
1.0
0.9999802
1.0
0.9999814
1.0
0.9715828
1.0
1.0
0.9999999
1.0
1.0
1.0
0.9999999
1.0
0.9999988
0.93891937
1.0
1.0
1.0
1.0
0.99999535
1.0
1.0
1.0
1.0
1.0
1.0
1.0
0.99998796
1.0
1.0
0.9999654
1.0
1.0
1.0
0.9997712
1.0
1.0
1.0
1.0
1.0
1.0
1.0
0.9999999
1.0
1.0
1.0
1.0
0.99816835
1.0
1.0
1.0
1.0
0.9999999
1.0
1.0
1.0
1.0
1.0
1.0
1.0
0.99999976
1.0
1.0
0.99999857
0.99954
1.0
0.9997354
1.0
1.0
0.999987
1.0
0.9996176
1.0
1.0
0.87497205
0.9999963
1.0
1.0
1.0
0.99968565
1.0
1.0
0.99996436
1.0
0.9999999
1.0
1.0
1.0
1.0
0.9999993
1.0
1.0
1.0
1.0
0.999997
0.99999917
1.0
1.0
1.0
1.0
0.9999999
1.0
0.64046717
1.0
1.0
1.0
1.0
1.0
1.0
0.9999993
0.61112523
0.9993913
1.0
1.0
0.99944776
0.99660575
1.0
1.0
0.99999845
1.0
1.0
1.0
1.0
0.9999963
1.0
1.0
1.0
1.0
1.0
1.0
0.9802229
1.0
1.0
1.0
1.0
1.0
1.0
1.0
1.0
1.0
1.0
0.99999046
1.0
1.0
0.99968135
1.0
1.0
0.84204257
0.99999905
1.0
1.0
1.0
0.9999999
1.0
1.0
1.0
1.0
1.0
1.0
1.0
1.0
1.0
1.0
1.0
1.0
0.9999856
0.99996686
0.99999917
1.0
0.9999999
1.0
0.9999999
1.0
1.0
0.9999999
0.9999993
1.0
1.0
0.9999893
1.0
1.0
1.0
1.0
0.93833226
1.0
1.0
1.0
1.0
1.0
1.0
1.0
0.99999976
1.0
0.9643613
0.99999964
1.0
1.0
1.0
1.0
1.0
1.0
0.998776
0.9991462
1.0
0.99999917
1.0
0.9999999
1.0
1.0
0.9999999
1.0
1.0
0.9999987
1.0
1.0
0.99734974
1.0
1.0
1.0
1.0
1.0
0.9999535
0.9999999
1.0
0.9999993
1.0
0.9999999
1.0
1.0
0.99999976
1.0
0.999997
0.9999964
1.0
1.0
1.0
0.9999367
0.99999857
1.0
1.0
0.99999595
1.0
1.0
1.0
0.9999999
0.9999999
1.0
1.0
1.0
1.0
0.999997
1.0
1.0
1.0
1.0
1.0
1.0
1.0
0.9999852
1.0
1.0
0.99811244
1.0
1.0
0.9973406
1.0
1.0
1.0
1.0
1.0
1.0
0.9906669
1.0
0.9998023
1.0
0.9999995
0.9997545
1.0
0.9999999
1.0
1.0
0.99996495
1.0
1.0
1.0
1.0
1.0
1.0
0.9999999
1.0
1.0
0.9999944
0.99998033
0.9999113
0.9879512
1.0
0.9496627
1.0
1.0
1.0
1.0
1.0
0.99975544
0.9999999
0.99999976
1.0
1.0
1.0
1.0
1.0
1.0
1.0
1.0
1.0
1.0
1.0
1.0
0.99999726
1.0
0.99999964
1.0
1.0
0.99999905
1.0
1.0
1.0
1.0
1.0
1.0
1.0
0.99999964
0.99996066
1.0
1.0
0.9999926
1.0
0.9999999
0.9999982
1.0
1.0
0.9999777
1.0
0.99999976
1.0
1.0
0.99999654
1.0
0.999998
0.9999988
0.9995932
1.0
1.0
1.0
1.0
1.0
1.0
0.9999968
1.0
1.0
1.0
1.0
1.0
0.999998
1.0
1.0
1.0
1.0
1.0
1.0
0.9999999
1.0
1.0
1.0
1.0
0.9999999
0.9306902
1.0
0.99999964
1.0
1.0
0.9993399
0.99999046
0.9999999
1.0
1.0
0.99999976
0.9999893
0.99999905
1.0
0.9999999
1.0
0.99999607
0.9999907
0.99999964
1.0
1.0
1.0
1.0
0.9999999
1.0
1.0
1.0
0.99999726
1.0
1.0
1.0
1.0
1.0
1.0
0.99964106
1.0
0.93550897
1.0
1.0
1.0
1.0
0.99999976
0.99965084
0.99999785
1.0
1.0
1.0
0.99999905
1.0
1.0
1.0
0.9999999
1.0
0.9975177
1.0
0.99999106
1.0
1.0
0.9943277
1.0
1.0
0.6144301
0.9999422
1.0
1.0
0.99999535
0.9999877
0.9999999
1.0
1.0
0.99999976
0.50861883
1.0
1.0
1.0
1.0
0.9992306
1.0
1.0
1.0
1.0
0.99998796
1.0
1.0
1.0
0.99999976
0.9999993
1.0
0.9770896
0.9999999
1.0
1.0
0.9999999
1.0
1.0
1.0
1.0
1.0
1.0
1.0
1.0
1.0
0.99999523
1.0
1.0
1.0
1.0
1.0
0.9999883
1.0
1.0
0.99787104
1.0
0.9999999
1.0
1.0
0.9447732
0.9999999
1.0
0.9999982
1.0
1.0
1.0
0.9999981
1.0
0.97073257
1.0
0.9604825
1.0
1.0
1.0
0.99999917
1.0
1.0
0.9999943
1.0
0.66499966
1.0
1.0
1.0
1.0
1.0
1.0
0.9999956
1.0
1.0
1.0
0.75341386
0.9999062
0.9999851
1.0
1.0
1.0
0.82316285
0.99999976
1.0
0.999985
1.0
1.0
1.0
1.0
1.0
1.0
1.0
1.0
0.9999999
0.9980921
1.0
0.9999999
1.0
1.0
1.0
1.0
1.0
1.0
0.9999995
0.9999995
1.0
1.0
0.99999356
0.99999905
1.0
1.0
1.0
0.9999908
1.0
1.0
0.9999597
1.0
1.0
1.0
1.0
0.9999721
0.99999964
1.0
1.0
1.0
1.0
1.0
1.0
0.5670934
1.0
1.0
0.9908573
0.9349077
1.0
0.9999975
0.9717668
1.0
1.0
1.0
1.0
1.0
0.99986327
1.0
0.9999999
0.9999927
1.0
0.9999894
1.0
1.0
1.0
1.0
1.0
1.0
1.0
1.0
1.0
1.0
1.0
0.99999905
1.0
1.0
0.99965334
1.0
1.0
1.0
1.0
1.0
0.99999917
0.99999964
1.0
0.9999932
0.999985
1.0
1.0
1.0
1.0
1.0
1.0
1.0
1.0
1.0
0.9999988
1.0
0.99998486
1.0
1.0
1.0
1.0
0.99999464
1.0
1.0
1.0
1.0
1.0
1.0
1.0
1.0
1.0
1.0
1.0
1.0
1.0
1.0
1.0
0.99999595
1.0
1.0
1.0
1.0
1.0
1.0
1.0
0.99936825
1.0
0.99999976
1.0
1.0
1.0
0.99976283
0.9999968
1.0
1.0
0.99999356
0.9999999
1.0
0.99999964
0.7719565
1.0
1.0
1.0
1.0
1.0
1.0
1.0
1.0
1.0
1.0
1.0
0.99999845
0.51442164
1.0
1.0
0.9999999
1.0
0.9999993
0.99999595
1.0
1.0
0.99998665
1.0
1.0
1.0
1.0
1.0
0.99929225
1.0
1.0
1.0
1.0
1.0
0.9999951
1.0
1.0
1.0
0.99997973
1.0
0.9999943
1.0
1.0
1.0
1.0
1.0
0.9999987
0.999997
1.0
0.99717283
1.0
1.0
1.0
1.0
1.0
1.0
1.0
1.0
1.0
0.99999976
1.0
1.0
1.0
0.97580314
1.0
1.0
1.0
1.0
1.0
1.0
1.0
0.99999976
1.0
1.0
1.0
1.0
1.0
1.0
0.9999999
1.0
1.0
1.0
1.0
0.99999976
1.0
1.0
0.9999999
1.0
1.0
0.96400017
0.99997914
0.9998369
0.9999999
1.0
1.0
0.99999917
1.0
1.0
0.99966323
1.0
0.9946378
1.0
0.9999999
1.0
1.0
1.0
0.99999845
0.9855349
0.9999999
1.0
1.0
1.0
1.0
0.9999999
1.0
0.9999999
1.0
1.0
1.0
1.0
1.0
1.0
1.0
1.0
0.99999976
1.0
0.9830064
1.0
0.999997
0.99998915
1.0
1.0
1.0
1.0
0.6836353
0.99999714
1.0
0.9999968
1.0
1.0
1.0
1.0
0.99987245
1.0
1.0
0.99999976
0.99998057
1.0
1.0
1.0
1.0
1.0
1.0
0.99995446
1.0
1.0
1.0
0.999985
1.0
1.0
1.0
0.9999988
1.0
1.0
0.9999999
1.0
1.0
0.9994223
0.9999523
1.0
0.99999976
1.0
1.0
1.0
0.9686063
0.9999881
1.0
0.9999732
1.0
0.9999999
1.0
1.0
0.99969244
0.9999999
0.99999976
1.0
1.0
1.0
1.0
1.0
1.0
1.0
0.9999995
1.0
1.0
1.0
0.9999999
1.0
1.0
1.0
0.99973506
0.9999957
1.0
1.0
0.9999995
1.0
1.0
1.0
0.74390465
0.9999999
0.9999999
1.0
1.0
1.0
1.0
1.0
0.9999943
1.0
1.0
1.0
1.0
1.0
1.0
1.0
1.0
1.0
1.0
0.9999999
0.99999976
1.0
0.9999999
1.0
1.0
1.0
0.99722964
1.0
0.99998343
1.0
1.0
1.0
1.0
1.0
1.0
0.9998996
0.9999999
0.9999994
0.9999927
1.0
0.9999976
1.0
0.9999999
1.0
0.9997342
0.99999976
0.98649603
1.0
1.0
1.0
1.0
1.0
0.9999999
1.0
1.0
1.0
1.0
1.0
1.0
1.0
0.99999547
1.0
1.0
0.9999999
1.0
1.0
1.0
1.0
0.99999964
1.0
1.0
0.99999976
0.99975854
1.0
1.0
1.0
1.0
1.0
1.0
1.0
1.0
0.9999906
0.9999999
1.0
1.0
0.99996614
1.0
1.0
1.0
0.9999999
0.9984401
1.0
0.99999964
1.0
0.9929041
1.0
1.0
1.0
1.0
1.0
1.0
0.9999994
1.0
1.0
1.0
1.0
1.0
1.0
0.99999964
0.9996309
1.0
1.0
1.0
1.0
1.0
1.0
1.0
1.0
1.0
0.98982084
1.0
0.99999905
0.999984
1.0
0.99999976
1.0
1.0
1.0
1.0
1.0
0.9999926
1.0
0.99999905
1.0
1.0
1.0
0.9999994
1.0
1.0
1.0
1.0
1.0
0.9999776
0.99299425
1.0
1.0
1.0
0.9982582
1.0
1.0
1.0
1.0
1.0
0.9999989
1.0
1.0
1.0
0.99999976
1.0
1.0
0.9996531
1.0
1.0
0.9999999
1.0
1.0
0.99996006
1.0
1.0
1.0
1.0
0.999408
1.0
1.0
1.0
1.0
1.0
0.9999999
1.0
1.0
0.99986005
1.0
0.9999993
0.99999917
0.99999976
1.0
1.0
1.0
0.9999999
1.0
0.9984641
1.0
1.0
1.0
1.0
0.9999995
1.0
1.0
0.99999976
1.0
1.0
0.999997
1.0
1.0
1.0
1.0
1.0
0.9999949
1.0
1.0
1.0
0.9999999
1.0
1.0
1.0
0.9999995
1.0
0.9999987
1.0
1.0
1.0
1.0
1.0
1.0
1.0
0.99998736
1.0
1.0
1.0
1.0
0.9999802
1.0
0.9789337
1.0
1.0
1.0
1.0
1.0
1.0
1.0
1.0
1.0
0.9999784
0.9999999
0.99999917
1.0
1.0
0.9999999
0.99999976
1.0
1.0
1.0
1.0
1.0
0.42076397
0.9999918
1.0
1.0
1.0
1.0
1.0
1.0
0.9999989
0.99999964
1.0
0.99999857
0.99999535
1.0
0.99999845
1.0
0.96014124
1.0
0.99973613
0.9999976
1.0
1.0
1.0
1.0
1.0
1.0
1.0
0.99999344
0.99917656
0.94131535
1.0
1.0
1.0
1.0
1.0
0.99999964
0.99143124
1.0
0.9999062
1.0
0.9999994
1.0
1.0
1.0
1.0
1.0
1.0
1.0
1.0
1.0
1.0
1.0
1.0
1.0
1.0
1.0
1.0
1.0
1.0
1.0
1.0
0.99994266
1.0
1.0
1.0
1.0
1.0
1.0
0.9986675
0.9999999
1.0
1.0
0.9999894
1.0
1.0
1.0
0.9999938
1.0
0.9999999
1.0
1.0
0.99994254
1.0
0.9999995
1.0
0.99999976
0.99999523
0.99999964
0.99999976
0.99999964
0.99999964
1.0
1.0
1.0
0.99978167
1.0
1.0
1.0
1.0
1.0
1.0
0.99999964
1.0
1.0
1.0
0.9999999
1.0
1.0
0.99998903
0.99984944
1.0
1.0
0.9999994
1.0
1.0
1.0
0.99999905
1.0
0.9159623
1.0
1.0
0.9999548
0.9999995
1.0
1.0
1.0
1.0
1.0
1.0
1.0
0.9999994
1.0
1.0
1.0
0.99999714
0.9999999
1.0
1.0
0.9999999
1.0
1.0
1.0
1.0
0.9999999
1.0
1.0
1.0
1.0
1.0
0.99999964
1.0
1.0
0.9996855
1.0
0.99998343
1.0
0.9999999
1.0
1.0
0.99999976
0.99999964
1.0
1.0
1.0
0.9999999
0.99999905
1.0
1.0
0.9999758
1.0
1.0
1.0
1.0
0.99992573
0.99999917
1.0
1.0
1.0
1.0
0.9999856
1.0
1.0
1.0
0.99999976
0.99999857
0.5895396
1.0
0.9999999
0.9998882
1.0
1.0
1.0
1.0
1.0
1.0
0.99999905
0.99929094
0.96063274
0.99999964
1.0
1.0
1.0
1.0
0.99999845
0.9999999
1.0
1.0
1.0
1.0
1.0
0.999481
0.8604937
1.0
1.0
0.9999994
1.0
1.0
0.9999969
1.0
0.99998105
1.0
1.0
1.0
1.0
0.99999726
1.0
0.99999964
1.0
0.99743515
1.0
0.9999943
1.0
1.0
0.9999994
0.99997556
0.99999964
1.0
0.9998865
1.0
1.0
1.0
1.0
1.0
1.0
1.0
1.0
1.0
1.0
0.9999844
1.0
1.0
0.99999523
0.9999999
0.8817526
1.0
1.0
1.0
1.0
0.9999945
0.99999845
1.0
1.0
1.0
0.9770349
1.0
1.0
1.0
1.0
1.0
1.0
0.99998736
1.0
1.0
1.0
1.0
1.0
1.0
0.99999964
1.0
0.9999443
1.0
0.9996747
1.0
1.0
0.99998295
1.0
1.0
0.9999995
0.7504472
1.0
1.0
0.9999987
1.0
1.0
1.0
1.0
0.9999999
1.0
1.0
1.0
1.0
1.0
1.0
1.0
1.0
1.0
1.0
1.0
1.0
1.0
1.0
1.0
1.0
1.0
1.0
1.0
1.0
0.99997616
0.93479395
1.0
0.9995189
1.0
1.0
1.0
1.0
1.0
1.0
0.99997616
0.99999976
1.0
1.0
0.74767095
1.0
1.0
1.0
1.0
0.99999785
1.0
1.0
1.0
1.0
1.0
1.0
1.0
0.99999976
1.0
0.9999999
1.0
1.0
1.0
0.9999995
1.0
1.0
1.0
1.0
0.9999999
1.0
1.0
0.9999223
1.0
0.9990343
0.99999976
1.0
1.0
0.9999999
1.0
0.9997242
0.99649376
1.0
0.99999976
0.9999999
1.0
0.9987355
0.99999857
1.0
0.999288
1.0
1.0
1.0
0.9999975
1.0
1.0
0.9999999
1.0
1.0
1.0
1.0
0.9976144
0.9999808
1.0
0.9999608
0.99999344
0.9998541
1.0
1.0
1.0
0.9999993
1.0
1.0
1.0
1.0
1.0
1.0
1.0
1.0
1.0
0.99999976
1.0
1.0
1.0
1.0
1.0
1.0
1.0
1.0
0.99834764
1.0
1.0
0.9999994
1.0
1.0
1.0
1.0
1.0
0.99999547
1.0
1.0
1.0
1.0
1.0
0.99946684
0.99995327
1.0
1.0
0.99998844
1.0
1.0
1.0
1.0
0.99999976
1.0
1.0
1.0
0.9999995
1.0
1.0
1.0
0.999964
1.0
1.0
1.0
1.0
1.0
1.0
0.999632
1.0
1.0
1.0
1.0
1.0
0.9999999
1.0
1.0
0.99999774
0.9999273
1.0
1.0
0.9999999
1.0
0.9999995
1.0
0.9999906
0.99999976
1.0
1.0
1.0
0.99933475
1.0
1.0
1.0
0.9999994
1.0
1.0
0.7724288
1.0
1.0
1.0
0.9999968
1.0
1.0
1.0
1.0
1.0
0.99997723
0.99973696
1.0
0.9999769
0.9999927
0.9999993
1.0
0.9999999
1.0
1.0
1.0
1.0
1.0
1.0
1.0
0.9924568
0.99931383
0.9999999
1.0
0.9999974
0.9999999
1.0
1.0
1.0
1.0
0.9999989
0.9999999
0.9999994
0.99996305
1.0
1.0
0.9999995
1.0
1.0
0.99999964
1.0
1.0
1.0
0.99999976
1.0
1.0
1.0
1.0
1.0
1.0
0.9998909
1.0
1.0
1.0
1.0
1.0
1.0
1.0
0.998632
0.9884841
1.0
1.0
0.9999999
1.0
1.0
1.0
1.0
1.0
1.0
1.0
1.0
1.0
0.9999999
0.99999976
1.0
1.0
1.0
1.0
1.0
1.0
1.0
1.0
1.0
1.0
1.0
1.0
0.99994075
0.9999995
0.99999976
1.0
1.0
1.0
1.0
1.0
1.0
1.0
0.9999968
1.0
1.0
0.9999945
0.98353475
0.99999976
1.0
0.99999917
1.0
1.0
0.9999248
0.98424315
1.0
1.0
1.0
1.0
0.99918884
1.0
0.9999963
1.0
1.0
0.9999994
1.0
1.0
1.0
1.0
1.0
1.0
1.0
1.0
1.0
1.0
0.99999785
1.0
1.0
0.999998
1.0
1.0
1.0
1.0
1.0
0.99999964
1.0
0.999964
1.0
1.0
1.0
0.9999999
1.0
1.0
0.99999523
0.9999958
1.0
1.0
1.0
1.0
1.0
1.0
0.94025403
1.0
1.0
1.0
0.9999975
1.0
1.0
1.0
0.99999964
1.0
0.9999987
1.0
1.0
1.0
0.99999964
1.0
1.0
1.0
0.99999404
1.0
1.0
1.0
1.0
1.0
1.0
1.0
0.9999981
0.99999857
0.9999999
1.0
1.0
1.0
1.0
1.0
1.0
1.0
0.9999987
1.0
0.97032297
0.9999994
1.0
1.0
1.0
1.0
1.0
0.99999917
0.9999999
1.0
1.0
1.0
1.0
1.0
1.0
1.0
1.0
1.0
1.0
0.9999956
0.9999994
1.0
1.0
1.0
1.0
0.99997354
0.9999957
1.0
0.99999213
0.99621046
0.9999999
0.99999917
1.0
1.0
1.0
0.99999976
1.0
1.0
0.9999993
1.0
1.0
1.0
0.99999833
1.0
1.0
1.0
1.0
1.0
1.0
1.0
1.0
1.0
0.9999263
0.9974262
1.0
1.0
1.0
1.0
1.0
1.0
1.0
1.0
1.0
1.0
1.0
1.0
0.99999785
0.99999774
0.9999969
0.99999976
1.0
1.0
0.9999989
1.0
1.0
1.0
0.99999857
1.0
1.0
1.0
1.0
0.9258949
1.0
1.0
0.9999994
1.0
1.0
1.0
1.0
0.99419373
1.0
1.0
1.0
1.0
1.0
1.0
0.99999976
1.0
0.99999595
1.0
0.999998
1.0
1.0
0.9999994
1.0
1.0
1.0
0.9999733
0.9999999
1.0
1.0
0.9998437
0.88043505
1.0
0.99999976
1.0
1.0
0.99999964
0.99999976
0.9999993
1.0
1.0
1.0
1.0
1.0
1.0
1.0
0.9999999
0.9994723
1.0
1.0
1.0
1.0
0.9999951
1.0
0.99999964
0.37713096
0.995643
1.0
1.0
1.0
1.0
1.0
0.99999845
1.0
0.99999976
1.0
1.0
1.0
0.99999917
1.0
0.9999994
0.9997534
1.0
1.0
1.0
1.0
1.0
0.9999999
0.9999999
1.0
1.0
1.0
0.9999994
1.0
1.0
1.0
0.9999994
1.0
0.99999726
1.0
1.0
1.0
1.0
0.9999999
0.99796236
0.99997735
0.5852438
0.9999883
0.99996316
1.0
1.0
1.0
1.0
1.0
0.9999999
1.0
1.0
1.0
1.0
1.0
1.0
1.0
0.9999999
1.0
1.0
0.99998355
1.0
1.0
1.0
1.0
1.0
1.0
1.0
0.9544874
1.0
1.0
1.0
1.0
1.0
1.0
1.0
0.9999999
0.999997
1.0
1.0
1.0
0.9999999
1.0
1.0
1.0
1.0
1.0
1.0
1.0
1.0
1.0
1.0
1.0
1.0
1.0
0.9999807
1.0
1.0
1.0
1.0
0.99992096
1.0
1.0
1.0
0.99969125
1.0
0.9999999
1.0
1.0
0.9999999
1.0
0.9999988
1.0
1.0
0.99999917
1.0
1.0
1.0
1.0
1.0
1.0
1.0
1.0
0.9913412
1.0
1.0
1.0
1.0
1.0
1.0
0.9998809
1.0
0.9999471
1.0
1.0
1.0
0.99999726
1.0
1.0
1.0
1.0
1.0
1.0
1.0
0.9310927
1.0
1.0
1.0
0.99999964
1.0
1.0
1.0
0.99999976
1.0
1.0
1.0
1.0
1.0
1.0
1.0
0.9993104
1.0
1.0
0.9999988
1.0
0.99999976
0.9999949
1.0
0.99930346
0.94836015
1.0
0.9966294
0.99865544
1.0
1.0
1.0
1.0
1.0
1.0
1.0
1.0
0.9999999
1.0
1.0
0.99890375
1.0
0.9999999
1.0
1.0
1.0
1.0
0.99993134
1.0
0.9852742
1.0
1.0
0.9999999
0.99985194
0.9999918
0.9999995
1.0
1.0
1.0
1.0
0.99956995
0.9999999
1.0
1.0
0.9999614
0.91034395
1.0
1.0
1.0
1.0
0.9999964
1.0
1.0
1.0
0.9999548
1.0
0.93391484
1.0
0.99954957
1.0
0.9999999
1.0
1.0
1.0
1.0
0.99999976
1.0
1.0
1.0
0.9999999
1.0
1.0
0.5327301
1.0
0.9991279
1.0
1.0
1.0
1.0
0.9999993
1.0
1.0
1.0
1.0
0.99988854
1.0
0.9973398
1.0
0.99999976
0.9994696
1.0
1.0
1.0
1.0
1.0
1.0
0.99881965
1.0
1.0
0.9944218
1.0
1.0
1.0
1.0
1.0
1.0
1.0
1.0
1.0
0.99984527
1.0
1.0
1.0
1.0
0.99999785
1.0
0.9993686
1.0
1.0
1.0
1.0
1.0
1.0
1.0
0.9999821
1.0
1.0
1.0
0.8730477
1.0
0.9999994
0.70485365
1.0
0.9999999
0.9999995
1.0
0.9999999
0.9999708
1.0
1.0
0.999961
1.0
0.9999999
1.0
1.0
0.9999994
1.0
0.9999399
1.0
0.9999999
1.0
1.0
1.0
1.0
0.99999833
1.0
0.9999995
1.0
1.0
1.0
1.0
1.0
1.0
1.0
1.0
1.0
1.0
1.0
1.0
1.0
1.0
0.68691355
0.9999994
1.0
1.0
1.0
1.0
1.0
0.9999999
1.0
0.9999236
1.0
1.0
1.0
0.8641546
1.0
1.0
1.0
1.0
1.0
1.0
1.0
1.0
1.0
1.0
1.0
1.0
1.0
1.0
1.0
1.0
1.0
1.0
0.99999976
0.9999645
1.0
1.0
1.0
1.0
0.9999999
1.0
1.0
1.0
1.0
1.0
1.0
0.99999976
0.9999018
0.99999774
0.7631804
0.9999999
0.99973565
1.0
1.0
0.9992723
1.0
0.9999999
1.0
0.9999999
0.9999621
1.0
1.0
0.9999999
1.0
1.0
1.0
1.0
1.0
1.0
0.9999999
0.9999949
1.0
1.0
1.0
1.0
1.0
0.8899731
0.9999987
0.9999995
0.99995637
1.0
1.0
1.0
1.0
0.99978286
1.0
0.99999964
1.0
1.0
1.0
1.0
0.9999931
0.9999831
0.9999714
0.9999927
1.0
1.0
1.0
1.0
1.0
1.0
1.0
0.9999999
0.9999672
1.0
0.99998903
1.0
1.0
0.99999976
0.9999993
0.9999999
1.0
1.0
0.9999999
1.0
0.99631506
1.0
1.0
1.0
1.0
0.9999999
1.0
1.0
0.9999294
1.0
0.9992818
0.99999857
1.0
1.0
1.0
0.999992
1.0
1.0
1.0
1.0
0.95395815
1.0
0.99999964
0.99999714
0.9999999
1.0
1.0
1.0
1.0
1.0
0.99999845
1.0
1.0
1.0
1.0
1.0
1.0
0.99999905
1.0
1.0
0.9999995
1.0
1.0
1.0
1.0
0.9999273
0.9999914
1.0
1.0
1.0
1.0
1.0
1.0
1.0
1.0
1.0
0.99869776
1.0
0.9997814
1.0
1.0
1.0
1.0
1.0
0.9999901
1.0
1.0
1.0
0.8152251
1.0
1.0
0.90546185
1.0
1.0
1.0
1.0
1.0
1.0
1.0
0.9999981
1.0
0.99999976
1.0
1.0
0.99999976
1.0
0.99995434
1.0
1.0
1.0
1.0
0.99999976
1.0
0.99999905
1.0
0.9998629
1.0
1.0
0.9999999
1.0
1.0
1.0
1.0
0.9999988
0.9999914
1.0
1.0
1.0
1.0
0.9999957
0.9999894
1.0
1.0
1.0
1.0
1.0
1.0
1.0
0.9999976
0.9999018
1.0
1.0
1.0
1.0
0.99999976
1.0
1.0
0.9999994
1.0
1.0
1.0
1.0
0.99999964
0.9999982
1.0
0.9999999
1.0
1.0
1.0
0.99999964
0.99999976
0.99999666
0.99999976
1.0
1.0
0.9999995
1.0
0.99999166
1.0
0.9999852
1.0
0.99999964
0.9999976
1.0
1.0
1.0
0.98585236
1.0
1.0
1.0
1.0
1.0
1.0
1.0
0.9999995
1.0
1.0
0.99999094
1.0
0.9949824
0.99999964
0.99999917
1.0
0.9999999
1.0
1.0
1.0
0.99999964
0.9999609
1.0
1.0
1.0
1.0
1.0
1.0
0.9999975
0.9999902
0.99999785
1.0
0.9999914
1.0
1.0
0.98239523
1.0
0.99990344
1.0
1.0
1.0
0.9847344
1.0
0.9999901
1.0
1.0
1.0
0.99981064
0.99996996
1.0
1.0
1.0
0.9999609
1.0
1.0
1.0
1.0
0.9999999
1.0
0.9999993
0.9990637
1.0
1.0
1.0
1.0
1.0
1.0
1.0
1.0
1.0
1.0
1.0
1.0
1.0
0.9993772
0.9999893
1.0
1.0
1.0
0.99999964
0.9999962
1.0
1.0
1.0
0.9828666
1.0
1.0
1.0
1.0
1.0
0.9999999
0.9986915
0.9998925
1.0
1.0
0.999967
0.9999944
1.0
1.0
0.9999999
1.0
0.75554013
0.99999964
1.0
1.0
0.99999857
1.0
0.8459824
1.0
1.0
1.0
1.0
1.0
1.0
1.0
1.0
1.0
0.99999964
1.0
1.0
0.97901493
0.9999994
1.0
0.99999964
1.0
0.98430634
1.0
0.9999999
1.0
0.9999999
0.9999995
1.0
1.0
0.9999989
1.0
0.99999785
0.9999534
1.0
1.0
1.0
1.0
1.0
0.9986279
1.0
0.9999974
1.0
1.0
1.0
1.0
0.9999857
0.9999995
0.9998826
1.0
0.9999958
1.0
1.0
1.0
0.99999976
1.0
0.9999994
1.0
0.9999995
1.0
0.9999999
1.0
0.9999999
0.99999046
1.0
1.0
0.99999976
1.0
1.0
1.0
1.0
1.0
1.0
1.0
0.99999964
1.0
1.0
0.9940745
1.0
1.0
1.0
1.0
0.9999999
0.99969685
1.0
1.0
1.0
1.0
0.9999993
1.0
1.0
1.0
0.998664
0.9948154
1.0
1.0
0.99993634
1.0
1.0
1.0
1.0
1.0
0.5856613
1.0
1.0
1.0
1.0
0.9999988
1.0
1.0
0.99999464
1.0
1.0
0.99995947
1.0
0.9980044
1.0
0.9997582
1.0
1.0
1.0
1.0
1.0
0.99999976
0.999995
1.0
0.9999999
1.0
1.0
1.0
1.0
1.0
1.0
0.9995895
1.0
1.0
0.99922013
1.0
0.99998164
1.0
1.0
1.0
1.0
1.0
1.0
1.0
0.9999989
1.0
1.0
1.0
1.0
1.0
0.99999964
1.0
1.0
0.9999999
1.0
0.99999976
0.9704095
1.0
0.9999994
1.0
0.9999856
1.0
1.0
1.0
0.9997651
0.9999999
0.99999285
1.0
0.9999995
1.0
0.9999999
0.9999999
0.9999999
1.0
0.99887806
1.0
1.0
1.0
1.0
1.0
1.0
1.0
0.99999857
1.0
1.0
0.99963164
0.9999999
1.0
1.0
0.9999999
1.0
0.99999714
1.0
1.0
0.99999964
1.0
1.0
1.0
1.0
1.0
1.0
1.0
1.0
1.0
1.0
1.0
1.0
1.0
0.98608
1.0
0.9999999
1.0
1.0
0.9999809
0.9999999
1.0
1.0
1.0
0.9999987
0.999998
0.99999964
1.0
1.0
1.0
1.0
0.99999213
1.0
1.0
0.5576341
0.99997056
1.0
0.99520385
1.0
1.0
0.99999976
0.9968125
0.99462897
0.9999999
0.5531491
1.0
1.0
1.0
0.9999864
1.0
0.99999356
1.0
1.0
1.0
1.0
1.0
0.9999956
1.0
0.99999726
1.0
1.0
1.0
1.0
1.0
1.0
0.9999938
1.0
1.0
1.0
1.0
1.0
0.99999535
1.0
0.9431273
1.0
1.0
1.0
1.0
1.0
1.0
0.9999976
1.0
1.0
1.0
0.99819535
0.9999908
1.0
1.0
0.9997974
0.99999976
1.0
0.9999982
1.0
1.0
1.0
0.9999994
1.0
0.9999999
0.9999999
1.0
0.9990472
1.0
0.9999999
0.99999905
0.999995
1.0
0.99999905
0.9999814
0.53469294
1.0
1.0
1.0
0.99272996
1.0
1.0
0.9895522
0.99779296
1.0
1.0
1.0
1.0
1.0
0.9999999
1.0
1.0
1.0
0.9999999
1.0
1.0
1.0
1.0
0.99997854
1.0
1.0
0.9999999
1.0
1.0
1.0
0.9814773
1.0
1.0
0.9999732
1.0
0.9999999
0.99999976
1.0
1.0
1.0
1.0
1.0
1.0
0.9999999
0.8622371
1.0
1.0
1.0
0.9999329
0.99852365
1.0
1.0
1.0
1.0
1.0
1.0
1.0
1.0
1.0
0.9999999
1.0
1.0
1.0
1.0
0.99999475
1.0
1.0
1.0
0.98522586
0.9999944
1.0
1.0
0.9999981
1.0
1.0
1.0
1.0
1.0
1.0
1.0
1.0
1.0
1.0
1.0
1.0
0.97338074
1.0
1.0
1.0
0.9999981
1.0
0.99927396
1.0
1.0
1.0
1.0
1.0
1.0
1.0
1.0
0.9999565
1.0
1.0
0.999987
1.0
1.0
1.0
1.0
0.9999995
1.0
0.9999994
1.0
1.0
1.0
1.0
1.0
1.0
1.0
1.0
0.99995947
1.0
1.0
1.0
1.0
0.99999845
0.99999475
1.0
0.99999976
0.71581686
1.0
1.0
0.9999999
1.0
1.0
1.0
1.0
1.0
1.0
1.0
1.0
1.0
0.99998534
0.9998698
1.0
1.0
1.0
1.0
1.0
1.0
0.99999964
1.0
1.0
0.99998283
0.99997413
1.0
1.0
1.0
1.0
0.9999999
1.0
0.99899715
1.0
0.99999976
1.0
0.9999999
0.9999999
1.0
0.99998224
0.9997664
0.980875
1.0
1.0
0.99997234
0.99999976
1.0
1.0
1.0
1.0
1.0
1.0
0.99992514
1.0
1.0
1.0
0.99999964
1.0
1.0
1.0
0.99688846
1.0
0.9973894
1.0
0.99991417
1.0
1.0
1.0
1.0
1.0
1.0
1.0
1.0
1.0
1.0
1.0
1.0
0.9999999
1.0
1.0
1.0
1.0
1.0
1.0
0.975321
1.0
1.0
1.0
1.0
1.0
1.0
1.0
1.0
1.0
1.0
1.0
1.0
1.0
1.0
0.9999664
1.0
1.0
1.0
1.0
1.0
1.0
1.0
1.0
0.99978894
0.9999
1.0
1.0
1.0
0.99999905
1.0
0.99596596
0.99997115
0.9998522
1.0
1.0
0.99999976
1.0
1.0
1.0
0.9987601
1.0
1.0
0.9999964
1.0
0.9999999
1.0
1.0
1.0
1.0
1.0
0.9999999
1.0
1.0
0.9996666
0.96905434
0.9999999
1.0
1.0
0.9999999
1.0
1.0
0.9999999
0.9999999
1.0
1.0
1.0
1.0
1.0
1.0
1.0
0.9999999
1.0
0.9999999
0.99999833
0.9999999
1.0
0.56629324
0.9999895
1.0
1.0
1.0
1.0
0.99999976
1.0
1.0
1.0
1.0
1.0
0.9999999
1.0
0.978998
1.0
0.9998079
1.0
1.0
0.99998605
0.99999094
1.0
0.9999429
1.0
0.9999999
1.0
0.99995315
1.0
0.9998147
1.0
1.0
1.0
1.0
1.0
1.0
1.0
1.0
0.9999999
0.99999976
1.0
1.0
1.0
1.0
1.0
1.0
1.0
1.0
0.9999999
1.0
0.9999993
1.0
0.9995407
1.0
1.0
1.0
0.9999993
1.0
1.0
0.9999987
1.0
1.0
0.9999821
1.0
1.0
0.999982
1.0
1.0
1.0
1.0
0.9999994
1.0
1.0
1.0
1.0
0.9999999
1.0
1.0
1.0
1.0
0.9997348
1.0
1.0
0.99998367
0.99999404
0.9998889
1.0
1.0
1.0
1.0
1.0
0.99832016
0.9992453
0.9996735
1.0
1.0
1.0
0.6844912
1.0
1.0
0.99999964
1.0
1.0
1.0
1.0
1.0
1.0
0.9998871
0.99999976
1.0
1.0
1.0
0.9999999
0.99999964
1.0
1.0
1.0
1.0
1.0
0.9925053
1.0
1.0
1.0
1.0
1.0
1.0
0.9999999
1.0
1.0
1.0
0.99999356
0.9998198
1.0
1.0
1.0
1.0
0.99994695
1.0
0.99975926
1.0
1.0
1.0
1.0
1.0
1.0
1.0
1.0
1.0
1.0
1.0
0.9999999
1.0
1.0
1.0
1.0
1.0
0.9999999
1.0
1.0
1.0
1.0
1.0
1.0
1.0
1.0
1.0
1.0
1.0
1.0
1.0
1.0
1.0
1.0
1.0
1.0
1.0
0.9999999
1.0
1.0
1.0
1.0
0.9999999
1.0
1.0
1.0
1.0
1.0
0.99999976
1.0
1.0
1.0
1.0
0.99999917
1.0
1.0
1.0
1.0
1.0
1.0
1.0
1.0
1.0
1.0
0.9999993
1.0
1.0
1.0
1.0
0.9999995
0.9999957
1.0
1.0
1.0
1.0
1.0
1.0
1.0
1.0
1.0
0.99999976
1.0
1.0
1.0
1.0
1.0
0.9999993
0.9999999
0.9999995
1.0
1.0
1.0
1.0
1.0
1.0
1.0
1.0
1.0
1.0
1.0
1.0
1.0
1.0
1.0
1.0
1.0
1.0
1.0
1.0
1.0
1.0
1.0
1.0
1.0
1.0
1.0
0.9999999
1.0
1.0
1.0
1.0
1.0
1.0
1.0
1.0
1.0
1.0
1.0
1.0
0.97913295
1.0
1.0
1.0
1.0
1.0
1.0
1.0
1.0
1.0
1.0
1.0
1.0
0.99998045
1.0
1.0
0.9999989
1.0
1.0
0.9999999
1.0
1.0
1.0
1.0
1.0
1.0
1.0
1.0
0.9999999
1.0
1.0
1.0
0.9746407
1.0
1.0
0.99999464
1.0
1.0
0.9931519
1.0
1.0
1.0
1.0
1.0
1.0
1.0
1.0
1.0
1.0
0.9999987
0.99999547
1.0
1.0
0.99999976
1.0
1.0
1.0
1.0
1.0
1.0
1.0
1.0
1.0
1.0
1.0
1.0
0.9999999
0.99999666
1.0
1.0
1.0
1.0
0.99818665
1.0
0.9997756
1.0
0.9982297
1.0
1.0
1.0
0.9999995
1.0
1.0
1.0
1.0
1.0
0.9999999
1.0
1.0
1.0
1.0
1.0
1.0
1.0
0.9999975
1.0
1.0
1.0
1.0
1.0
1.0
0.9975891
1.0
1.0
1.0
1.0
1.0
1.0
1.0
1.0
1.0
1.0
1.0
1.0
1.0
0.9999999
1.0
0.9999994
1.0
0.9310718
1.0
1.0
1.0
0.99999976
1.0
0.9999995
1.0
1.0
1.0
1.0
1.0
1.0
1.0
1.0
0.9999362
0.99999964
1.0
1.0
0.99986124
1.0
1.0
0.9997273
0.99999774
1.0
1.0
1.0
1.0
1.0
1.0
1.0
1.0
0.99986124
1.0
1.0
1.0
1.0
1.0
1.0
1.0
1.0
1.0
0.9998281
1.0
1.0
1.0
1.0
1.0
1.0
1.0
1.0
1.0
0.9999988
1.0
1.0
1.0
1.0
1.0
1.0
1.0
1.0
1.0
1.0
1.0
1.0
1.0
1.0
1.0
1.0
1.0
1.0
1.0
1.0
1.0
1.0
1.0
1.0
1.0
1.0
1.0
1.0
1.0
1.0
1.0
1.0
0.9304849
1.0
1.0
1.0
1.0
1.0
1.0
1.0
1.0
1.0
1.0
1.0
0.9999999
1.0
1.0
1.0
1.0
1.0
1.0
1.0
1.0
1.0
1.0
1.0
1.0
1.0
1.0
1.0
1.0
1.0
1.0
1.0
1.0
1.0
1.0
1.0
1.0
1.0
1.0
1.0
1.0
1.0
1.0
1.0
1.0
1.0
1.0
1.0
1.0
1.0
1.0
1.0
1.0
1.0
1.0
1.0
1.0
1.0
1.0
1.0
1.0
1.0
1.0
1.0
1.0
1.0
1.0
1.0
1.0
1.0
0.9999994
1.0
1.0
1.0
1.0
0.9999999
0.9999994
1.0
1.0
1.0
1.0
1.0
1.0
1.0
1.0
0.99999964
1.0
1.0
1.0
1.0
1.0
1.0
1.0
1.0
1.0
1.0
1.0
1.0
1.0
1.0
1.0
1.0
1.0
1.0
1.0
1.0
1.0
1.0
1.0
1.0
1.0
1.0
1.0
1.0
1.0
1.0
1.0
1.0
0.9999529
0.9999554
1.0
1.0
1.0
1.0
1.0
1.0
0.9996979
1.0
0.9999999
1.0
1.0
1.0
1.0
1.0
1.0
1.0
1.0
1.0
1.0
1.0
1.0
1.0
1.0
1.0
1.0
1.0
1.0
1.0
1.0
1.0
1.0
1.0
1.0
1.0
1.0
1.0
1.0
1.0
1.0
1.0
1.0
1.0
1.0
1.0
1.0
1.0
1.0
1.0
1.0
1.0
1.0
1.0
1.0
1.0
1.0
1.0
1.0
1.0
1.0
1.0
1.0
1.0
1.0
1.0
1.0
1.0
1.0
1.0
0.9999951
1.0
1.0
0.99999547
1.0
1.0
1.0
1.0
1.0
1.0
1.0
1.0
1.0
1.0
1.0
1.0
1.0
0.9999995
1.0
1.0
1.0
1.0
1.0
1.0
1.0
1.0
1.0
1.0
0.9999809
1.0
1.0
1.0
1.0
1.0
1.0
1.0
1.0
1.0
1.0
1.0
1.0
1.0
1.0
1.0
1.0
0.9999577
1.0
1.0
1.0
1.0
0.9999999
1.0
1.0
1.0
0.99999905
1.0
1.0
1.0
0.9999999
1.0
1.0
1.0
1.0
1.0
0.99999833
1.0
1.0
0.99999034
1.0
1.0
1.0
1.0
1.0
1.0
0.9999994
1.0
0.99999976
1.0
0.9999995
1.0
1.0
0.9999156
1.0
1.0
1.0
1.0
1.0
1.0
0.9999999
1.0
1.0
1.0
1.0
1.0
0.99999964
1.0
1.0
1.0
0.9999877
1.0
1.0
0.99999964
1.0
1.0
0.99992037
1.0
1.0
0.99998057
1.0
1.0
1.0
0.99999976
0.9999846
1.0
1.0
0.97643274
1.0
0.99991107
1.0
0.99999976
0.9999988
1.0
0.99999964
0.99584156
0.9999995
1.0
1.0
1.0
0.9999989
0.9999931
0.99999726
1.0
1.0
1.0
1.0
0.99822456
0.99999034
1.0
1.0
1.0
1.0
1.0
1.0
0.9999999
1.0
0.9999999
1.0
1.0
0.9999999
1.0
1.0
1.0
1.0
1.0
1.0
1.0
1.0
0.99999845
0.9999833
0.9999999
1.0
1.0
1.0
1.0
1.0
1.0
1.0
1.0
1.0
0.9999999
1.0
1.0
0.99999785
1.0
1.0
1.0
1.0
0.9999999
1.0
0.99999654
1.0
1.0
1.0
1.0
0.999997
1.0
1.0
1.0
1.0
0.9999993
0.9999994
1.0
1.0
1.0
1.0
0.99999726
1.0
1.0
0.99999905
1.0
0.99999976
0.99991333
1.0
1.0
1.0
1.0
1.0
0.9999999
0.9999999
1.0
1.0
1.0
1.0
0.99999964
1.0
0.97803396
0.9997478
0.63960403
1.0
1.0
1.0
1.0
1.0
0.9999999
0.9999926
1.0
0.999997
1.0
1.0
1.0
0.96220666
1.0
1.0
0.9909492
1.0
1.0
1.0
0.9999995
1.0
1.0
0.9999995
1.0
1.0
1.0
1.0
1.0
1.0
1.0
1.0
1.0
0.9999974
1.0
1.0
0.9999999
0.99999976
1.0
1.0
1.0
1.0
0.99999714
1.0
1.0
1.0
1.0
1.0
1.0
1.0
1.0
1.0
1.0
1.0
1.0
1.0
1.0
1.0
1.0
1.0
1.0
1.0
1.0
1.0
1.0
0.9999801
0.9998615
1.0
1.0
1.0
0.9999999
0.9999974
1.0
1.0
1.0
1.0
1.0
1.0
1.0
1.0
1.0
1.0
1.0
1.0
0.9999999
0.99999905
1.0
0.9999999
1.0
1.0
1.0
0.9999957
0.999212
1.0
1.0
1.0
0.9999999
0.9999993
1.0
0.99998724
1.0
1.0
1.0
1.0
1.0
1.0
0.9999994
1.0
1.0
1.0
1.0
1.0
1.0
1.0
1.0
1.0
1.0
1.0
1.0
1.0
1.0
1.0
1.0
1.0
1.0
0.9999999
1.0
1.0
1.0
1.0
1.0
1.0
1.0
1.0
1.0
1.0
1.0
1.0
1.0
1.0
1.0
0.994768
1.0
1.0
1.0
1.0
1.0
1.0
1.0
0.9999999
1.0
0.99980444
0.9816684
1.0
0.9999999
1.0
1.0
1.0
1.0
0.9999999
1.0
1.0
1.0
1.0
1.0
1.0
1.0
0.9999982
1.0
1.0
0.9998493
1.0
1.0
1.0
1.0
1.0
0.9999968
1.0
1.0
1.0
0.99999845
1.0
1.0
1.0
1.0
0.99999857
0.9999994
1.0
0.9999994
1.0
0.9999982
1.0
1.0
1.0
1.0
1.0
1.0
1.0
0.99999046
0.9999989
0.9984143
0.99517703
0.9999279
0.9998847
1.0
1.0
1.0
1.0
1.0
1.0
1.0
1.0
0.9999999
0.9999933
0.9999995
1.0
1.0
1.0
1.0
0.9918588
1.0
1.0
1.0
0.99992585
1.0
0.99999726
1.0
0.9999074
1.0
1.0
0.9999994
1.0
1.0
1.0
1.0
1.0
0.99999976
0.9999914
1.0
0.99999917
1.0
0.9999999
1.0
0.9999999
1.0
0.9977714
0.9979966
0.9999995
1.0
0.9999987
1.0
0.99999785
0.99999976
0.99999523
1.0
1.0
0.99999785
1.0
1.0
1.0
1.0
0.9975321
0.9999963
1.0
0.9999999
1.0
0.99999654
1.0
0.99989736
0.9999999
0.99995565
0.9999993
0.99999976
0.9999995
1.0
0.99999857
1.0
1.0
1.0
1.0
1.0
1.0
1.0
0.9999999
0.99997604
1.0
1.0
0.99989855
1.0
1.0
0.99979645
1.0
0.99999845
0.9999999
1.0
0.99999976
1.0
1.0
1.0
0.99942774
1.0
0.9999901
0.9999999
1.0
1.0
1.0
0.99999726
0.99999976
1.0
0.9999989
1.0
1.0
0.99999833
1.0
0.99999976
1.0
1.0
0.99999976
0.999998
1.0
1.0
1.0
1.0
0.99999034
1.0
1.0
1.0
1.0
1.0
0.9995913
1.0
1.0
1.0
1.0
1.0
0.9997696
0.99999845
1.0
1.0
1.0
1.0
1.0
1.0
1.0
0.99999964
0.9910256
1.0
1.0
1.0
1.0
1.0
1.0
1.0
1.0
0.9999999
0.9618654
1.0
0.99992085
1.0
1.0
1.0
1.0
1.0
1.0
1.0
0.9999988
1.0
1.0
1.0
1.0
1.0
1.0
1.0
0.99999833
1.0
1.0
0.9996439
1.0
1.0
1.0
1.0
1.0
1.0
1.0
1.0
1.0
1.0
1.0
0.9999999
1.0
0.9999999
1.0
1.0
1.0
1.0
1.0
1.0
1.0
1.0
1.0
1.0
1.0
1.0
1.0
1.0
1.0
1.0
1.0
1.0
1.0
1.0
1.0
1.0
1.0
1.0
1.0
1.0
1.0
1.0
1.0
1.0
0.9999428
1.0
1.0
1.0
0.9999937
1.0
1.0
1.0
1.0
0.89158046
1.0
0.99998486
1.0
1.0
1.0
0.96507174
0.99612397
0.99998605
1.0
1.0
1.0
1.0
1.0
1.0
1.0
1.0
1.0
1.0
1.0
1.0
1.0
1.0
1.0
1.0
1.0
1.0
1.0
1.0
1.0
1.0
1.0
1.0
1.0
1.0
1.0
1.0
1.0
1.0
1.0
1.0
1.0
1.0
1.0
1.0
1.0
1.0
1.0
1.0
1.0
1.0
1.0
1.0
1.0
1.0
1.0
1.0
1.0
1.0
1.0
1.0
1.0
1.0
1.0
1.0
1.0
1.0
1.0
1.0
1.0
1.0
1.0
1.0
1.0
1.0
1.0
1.0
0.9999999
1.0
1.0
1.0
1.0
1.0
1.0
1.0
1.0
1.0
1.0
1.0
1.0
1.0
1.0
1.0
1.0
1.0
1.0
1.0
1.0
1.0
1.0
1.0
1.0
1.0
1.0
1.0
1.0
1.0
1.0
1.0
1.0
1.0
1.0
1.0
1.0
1.0
1.0
1.0
1.0
1.0
1.0
1.0
1.0
1.0
1.0
1.0
1.0
1.0
1.0
1.0
1.0
1.0
1.0
1.0
1.0
1.0
1.0
1.0
1.0
1.0
0.9999999
1.0
1.0
1.0
1.0
1.0
1.0
1.0
1.0
1.0
1.0
1.0
1.0
1.0
1.0
1.0
1.0
1.0
1.0
1.0
1.0
1.0
1.0
1.0
1.0
1.0
1.0
1.0
1.0
1.0
1.0
1.0
1.0
1.0
1.0
1.0
1.0
1.0
1.0
0.9999995
1.0
1.0
1.0
1.0
1.0
1.0
1.0
1.0
1.0
1.0
1.0
0.9999999
1.0
1.0
1.0
1.0
1.0
1.0
1.0
1.0
1.0
1.0
1.0
1.0
1.0
1.0
1.0
1.0
1.0
1.0
1.0
0.9999999
1.0
1.0
1.0
1.0
1.0
1.0
1.0
1.0
1.0
1.0
1.0
1.0
1.0
1.0
0.9999975
0.99999976
0.99992156
1.0
1.0
1.0
1.0
1.0
1.0
0.9999981
0.9999989
1.0
1.0
1.0
1.0
1.0
1.0
1.0
1.0
1.0
0.9999857
1.0
1.0
1.0
1.0
1.0
1.0
0.99988735
1.0
1.0
1.0
1.0
1.0
1.0
0.99999976
0.99945575
1.0
0.99999523
1.0
1.0
1.0
1.0
1.0
1.0
1.0
1.0
1.0
1.0
1.0
1.0
0.9999999
1.0
1.0
1.0
1.0
0.9999999
1.0
1.0
1.0
1.0
1.0
1.0
1.0
1.0
1.0
1.0
1.0
1.0
1.0
1.0
1.0
1.0
1.0
1.0
1.0
1.0
1.0
1.0
1.0
1.0
0.9999988
1.0
1.0
1.0
1.0
1.0
1.0
1.0
1.0
0.9999716
0.99999964
1.0
1.0
1.0
1.0
1.0
1.0
1.0
1.0
1.0
1.0
1.0
1.0
1.0
0.9999975
1.0
1.0
1.0
1.0
1.0
1.0
1.0
1.0
1.0
0.9985057
1.0
1.0
1.0
1.0
1.0
1.0
1.0
1.0
1.0
1.0
1.0
0.99999094
1.0
1.0
1.0
1.0
1.0
1.0
1.0
1.0
0.9999999
1.0
0.99999905
1.0
1.0
1.0
0.9898491
1.0
1.0
1.0
1.0
1.0
0.9986609
1.0
0.9999999
1.0
1.0
1.0
0.9999864
1.0
1.0
1.0
1.0
0.9999988
1.0
1.0
1.0
0.9999981
0.9979899
0.5166352
0.99999344
0.9999685
0.96666616
0.999995
0.81880426
0.99777514
1.0
1.0
1.0
1.0
1.0
1.0
0.9999889
0.99997044
0.9999976
0.9932494
0.9808803
0.99999917
0.9926959
0.99999976
0.6187455
0.9999943
0.9997738
1.0
0.9999999
0.9999999
1.0
1.0
0.9999969
1.0
1.0
1.0
1.0
1.0
0.99999976
1.0
0.9950512
1.0
0.99999857
1.0
0.9999988
0.5327085
0.999111
0.9984548
1.0
1.0
0.9999987
0.9997377
1.0
0.99997413
1.0
1.0
0.9988803
0.9999999
1.0
1.0
1.0
0.99998164
0.9999907
0.99998593
1.0
0.99999666
0.99990714
1.0
1.0
0.9999995
0.9999083
0.9999995
0.99999905
0.65665925
1.0
1.0
0.99999976
1.0
1.0
0.99996555
0.9999218
1.0
1.0
1.0
0.9999994
0.99999964
1.0
1.0
1.0
1.0
1.0
1.0
0.9999999
0.99999976
1.0
1.0
1.0
1.0
1.0
0.540021
0.99999976
1.0
1.0
1.0
1.0
1.0
1.0
1.0
1.0
0.9999993
0.9999994
1.0
1.0
1.0
1.0
0.9999999
0.99999976
1.0
0.99999976
1.0
0.99999
0.9999999
1.0
0.9999994
1.0
0.9999815
1.0
1.0
0.99999976
0.9999999
1.0
1.0
1.0
1.0
1.0
1.0
0.9999994
1.0
1.0
0.99998975
1.0
1.0
0.999998
1.0
1.0
1.0
1.0
1.0
1.0
1.0
1.0
1.0
1.0
1.0
0.9999852
1.0
1.0
0.9999976
0.9999999
1.0
1.0
1.0
1.0
1.0
1.0
1.0
0.9999863
1.0
1.0
0.99236226
0.9999974
1.0
1.0
0.99999964
1.0
1.0
1.0
1.0
1.0
1.0
0.99999654
1.0
1.0
1.0
1.0
1.0
1.0
1.0
0.99976796
0.9999999
1.0
1.0
0.9775098
0.9999964
1.0
0.99999547
1.0
0.9999852
1.0
1.0
1.0
1.0
1.0
0.99951065
0.999966
1.0
1.0
0.99999976
1.0
1.0
1.0
1.0
0.9999988
1.0
1.0
1.0
1.0
0.99999356
1.0
1.0
1.0
1.0
1.0
1.0
1.0
1.0
1.0
1.0
0.9999982
1.0
0.9999993
0.96903026
1.0
0.9999994
1.0
1.0
0.99999976
1.0
1.0
1.0
1.0
1.0
1.0
1.0
0.97479093
1.0
1.0
1.0
1.0
1.0
1.0
1.0
1.0
1.0
1.0
0.9999999
1.0
1.0
1.0
1.0
1.0
0.9999999
1.0
1.0
1.0
0.99999857
0.9999999
1.0
1.0
1.0
1.0
1.0
1.0
1.0
1.0
0.9999999
1.0
1.0
1.0
1.0
1.0
1.0
1.0
1.0
1.0
1.0
1.0
1.0
1.0
1.0
1.0
1.0
1.0
1.0
1.0
0.61703134
1.0
1.0
1.0
1.0
0.99999845
1.0
1.0
1.0
1.0
1.0
1.0
1.0
1.0
1.0
1.0
1.0
1.0
1.0
1.0
1.0
1.0
1.0
1.0
1.0
1.0
1.0
1.0
1.0
1.0
1.0
0.99997735
1.0
1.0
1.0
1.0
0.9999486
1.0
0.99999964
1.0
1.0
1.0
1.0
1.0
1.0
1.0
1.0
0.99999607
0.9999989
1.0
1.0
1.0
0.99999976
1.0
1.0
1.0
1.0
1.0
1.0
0.9999844
1.0
1.0
1.0
0.99999774
1.0
0.999995
1.0
1.0
1.0
1.0
1.0
1.0
0.9999962
1.0
1.0
1.0
1.0
1.0
1.0
0.9999988
1.0
1.0
1.0
1.0
1.0
1.0
1.0
1.0
1.0
1.0
1.0
1.0
1.0
0.9999981
1.0
1.0
1.0
1.0
0.99996924
1.0
1.0
1.0
1.0
1.0
1.0
1.0
1.0
0.9999999
1.0
1.0
1.0
1.0
1.0
1.0
1.0
0.9999999
1.0
0.9999999
1.0
1.0
1.0
1.0
1.0
1.0
0.9999999
1.0
1.0
1.0
1.0
1.0
1.0
1.0
1.0
1.0
0.99999404
1.0
1.0
1.0
1.0
1.0
1.0
1.0
1.0
1.0
0.9999999
1.0
1.0
1.0
1.0
1.0
1.0
0.99999976
1.0
1.0
1.0
1.0
1.0
1.0
1.0
1.0
1.0
1.0
1.0
1.0
1.0
1.0
1.0
1.0
1.0
1.0
1.0
1.0
1.0
1.0
0.9999999
1.0
1.0
1.0
1.0
1.0
1.0
1.0
1.0
0.9999994
0.9999975
1.0
1.0
1.0
0.9999999
1.0
1.0
1.0
1.0
1.0
1.0
1.0
1.0
0.9999999
1.0
1.0
1.0
1.0
0.99483657
1.0
1.0
1.0
1.0
0.9994342
1.0
1.0
1.0
1.0
1.0
1.0
1.0
1.0
1.0
0.9999976
1.0
1.0
1.0
1.0
1.0
1.0
0.9999989
1.0
1.0
1.0
1.0
1.0
1.0
1.0
1.0
1.0
0.99999976
1.0
1.0
1.0
1.0
1.0
1.0
1.0
0.99999976
1.0
1.0
1.0
0.999997
0.9999982
0.9999989
1.0
1.0
1.0
1.0
0.9999993
1.0
1.0
1.0
1.0
1.0
1.0
0.9999999
1.0
1.0
1.0
1.0
1.0
1.0
1.0
0.99999857
1.0
1.0
1.0
1.0
1.0
0.99988043
1.0
1.0
1.0
1.0
1.0
1.0
1.0
1.0
1.0
1.0
0.9999999
1.0
1.0
0.99991846
1.0
1.0
1.0
1.0
1.0
1.0
1.0
1.0
1.0
1.0
1.0
1.0
0.99999976
1.0
1.0
1.0
1.0
1.0
0.99805605
1.0
0.9999988
1.0
1.0
1.0
1.0
1.0
1.0
1.0
1.0
1.0
1.0
1.0
1.0
1.0
1.0
1.0
1.0
1.0
1.0
1.0
1.0
1.0
1.0
0.99997175
1.0
1.0
1.0
1.0
1.0
1.0
1.0
1.0
1.0
1.0
1.0
0.9999999
1.0
1.0
1.0
1.0
1.0
1.0
0.9989311
1.0
1.0
1.0
1.0
1.0
0.9999989
0.9999995
1.0
1.0
0.9999962
0.9999999
0.9999939
1.0
0.9597997
1.0
1.0
1.0
0.9995691
0.9999981
1.0
1.0
0.9999988
1.0
1.0
0.99999976
1.0
1.0
0.9999995
1.0
1.0
0.9999982
1.0
1.0
1.0
0.9999119
1.0
0.9924418
1.0
1.0
1.0
1.0
0.99987197
1.0
1.0
1.0
1.0
0.9999999
1.0
0.99999976
1.0
0.99994993
1.0
1.0
1.0
1.0
1.0
0.9999999
1.0
1.0
0.9999919
0.99999905
0.9999999
1.0
1.0
1.0
1.0
1.0
1.0
0.99999964
0.99998724
1.0
1.0
0.99999964
1.0
1.0
1.0
1.0
1.0
1.0
1.0
1.0
1.0
1.0
1.0
1.0
1.0
1.0
1.0
0.9999999
0.9999999
1.0
1.0
0.99999964
1.0
1.0
1.0
1.0
1.0
1.0
1.0
1.0
1.0
1.0
1.0
1.0
0.99999976
1.0
1.0
1.0
1.0
0.99988246
1.0
1.0
1.0
1.0
1.0
1.0
1.0
1.0
1.0
1.0
1.0
1.0
1.0
1.0
1.0
1.0
1.0
1.0
1.0
1.0
1.0
1.0
1.0
1.0
1.0
0.9999999
1.0
1.0
0.9999964
1.0
1.0
1.0
1.0
1.0
1.0
1.0
1.0
1.0
1.0
0.999998
1.0
1.0
1.0
1.0
0.99979275
1.0
1.0
1.0
1.0
1.0
1.0
1.0
1.0
1.0
1.0
1.0
1.0
1.0
1.0
1.0
1.0
1.0
1.0
1.0
1.0
1.0
1.0
1.0
1.0
0.9999999
1.0
1.0
1.0
1.0
0.9999995
1.0
1.0
1.0
1.0
1.0
0.9999999
1.0
1.0
1.0
1.0
1.0
1.0
1.0
1.0
1.0
1.0
0.9999999
1.0
0.99999917
1.0
1.0
1.0
1.0
1.0
1.0
1.0
1.0
1.0
0.9999958
1.0
1.0
0.9999995
1.0
1.0
0.99999976
0.9999999
1.0
0.9999999
1.0
1.0
1.0
1.0
1.0
1.0
1.0
0.99999964
0.9999988
0.99998426
1.0
0.9994362
1.0
1.0
0.999997
1.0
1.0
1.0
0.99675554
1.0
0.99999976
1.0
0.99999964
1.0
0.99998796
1.0
1.0
1.0
0.99907696
1.0
1.0
1.0
1.0
1.0
0.99999917
1.0
1.0
1.0
0.9999994
1.0
0.99999976
1.0
0.9999993
1.0
1.0
0.9999999
1.0
1.0
1.0
0.9938029
0.99999976
1.0
1.0
0.9999864
1.0
1.0
1.0
1.0
1.0
0.9999994
0.9999238
1.0
1.0
1.0
1.0
1.0
1.0
0.99999917
0.9999908
0.99998224
0.9999999
1.0
1.0
1.0
1.0
0.99997103
1.0
1.0
1.0
1.0
0.99999976
1.0
0.9999727
1.0
1.0
1.0
1.0
1.0
0.9999999
1.0
1.0
0.9999999
1.0
1.0
1.0
1.0
1.0
1.0
1.0
1.0
1.0
0.99999964
1.0
1.0
1.0
1.0
1.0
1.0
1.0
1.0
1.0
1.0
1.0
1.0
1.0
0.9999999
0.9999976
1.0
1.0
1.0
1.0
1.0
0.9999999
1.0
1.0
1.0
1.0
1.0
1.0
1.0
1.0
1.0
1.0
1.0
1.0
0.9999989
1.0
1.0
1.0
1.0
1.0
1.0
0.9999999
1.0
1.0
1.0
0.99999964
1.0
1.0
1.0
0.99999976
0.9998927
1.0
1.0
1.0
1.0
1.0
0.9999999
1.0
1.0
1.0
1.0
1.0
1.0
1.0
1.0
1.0
1.0
1.0
1.0
1.0
1.0
1.0
1.0
1.0
1.0
1.0
1.0
1.0
1.0
1.0
1.0
0.9999999
0.99999976
1.0
1.0
1.0
1.0
1.0
1.0
1.0
1.0
1.0
1.0
1.0
1.0
0.9999815
1.0
1.0
1.0
1.0
1.0
1.0
1.0
0.9999962
1.0
1.0
1.0
1.0
1.0
1.0
1.0
1.0
1.0
0.99999905
0.9999999
0.9999999
1.0
0.99999964
1.0
1.0
1.0
1.0
1.0
1.0
1.0
0.9999999
1.0
0.9999877
1.0
1.0
1.0
1.0
0.9999999
1.0
1.0
1.0
1.0
1.0
1.0
1.0
1.0
1.0
1.0
1.0
1.0
1.0
1.0
0.99999905
0.9999988
0.99999976
1.0
1.0
1.0
1.0
1.0
1.0
1.0
1.0
1.0
0.99999976
1.0
1.0
1.0
0.9999993
1.0
1.0
1.0
1.0
1.0
1.0
1.0
1.0
1.0
0.9999999
1.0
1.0
1.0
1.0
1.0
1.0
1.0
1.0
1.0
1.0
1.0
1.0
1.0
1.0
1.0
1.0
1.0
1.0
1.0
1.0
1.0
1.0
1.0
1.0
1.0
1.0
1.0
1.0
1.0
1.0
1.0
0.99999976
1.0
1.0
0.9999895
0.9999999
1.0
0.99982494
0.9999896
1.0
1.0
1.0
1.0
1.0
1.0
1.0
1.0
1.0
1.0
1.0
1.0
0.9999999
1.0
1.0
1.0
1.0
1.0
1.0
1.0
1.0
1.0
1.0
1.0
1.0
1.0
0.9999999
1.0
1.0
1.0
1.0
1.0
1.0
1.0
1.0
1.0
1.0
1.0
1.0
1.0
1.0
1.0
1.0
1.0
0.99999964
1.0
1.0
1.0
1.0
0.9999999
1.0
1.0
1.0
1.0
1.0
1.0
1.0
1.0
1.0
1.0
0.99998224
1.0
1.0
0.9997532
1.0
1.0
1.0
1.0
1.0
1.0
1.0
1.0
1.0
1.0
1.0
1.0
0.9999999
1.0
0.9999995
1.0
1.0
1.0
1.0
1.0
0.9999975
1.0
1.0
1.0
1.0
1.0
1.0
1.0
1.0
1.0
1.0
1.0
1.0
1.0
1.0
1.0
1.0
1.0
0.9999994
0.99999964
0.9999881
0.99979836
1.0
1.0
0.9980021
1.0
1.0
1.0
0.72241503
0.99999833
0.9999943
1.0
0.9998646
1.0
1.0
0.99999976
0.99999917
1.0
0.99999857
0.99999726
1.0
0.9999993
1.0
1.0
1.0
1.0
1.0
1.0
1.0
1.0
1.0
1.0
1.0
1.0
1.0
1.0
1.0
1.0
1.0
1.0
1.0
1.0
1.0
1.0
1.0
0.9999862
0.9999999
1.0
1.0
1.0
1.0
1.0
0.9999999
0.99999917
1.0
1.0
1.0
0.9999994
0.99999833
1.0
1.0
0.99997985
1.0
1.0
0.9999999
1.0
1.0
1.0
0.9999995
1.0
1.0
1.0
1.0
0.9999995
0.99999845
1.0
0.99999976
0.999997
1.0
1.0
0.9999417
1.0
1.0
1.0
0.999943
1.0
0.99999964
0.99999297
1.0
1.0
1.0
1.0
1.0
0.9999999
1.0
1.0
1.0
1.0
1.0
1.0
1.0
1.0
1.0
1.0
0.9999999
1.0
1.0
1.0
1.0
1.0
1.0
0.9999999
1.0
1.0
1.0
1.0
1.0
1.0
1.0
1.0
1.0
1.0
1.0
0.9999975
1.0
1.0
1.0
1.0
1.0
1.0
0.9995895
1.0
1.0
1.0
1.0
1.0
1.0
1.0
1.0
1.0
1.0
1.0
1.0
1.0
0.9999995
0.9999776
1.0
1.0
1.0
0.99999964
0.9999937
1.0
1.0
1.0
1.0
1.0
1.0
1.0
0.9999932
1.0
1.0
1.0
1.0
1.0
1.0
1.0
1.0
1.0
1.0
1.0
1.0
1.0
1.0
1.0
1.0
0.999979
1.0
1.0
1.0
0.9999994
1.0
1.0
1.0
1.0
1.0
1.0
1.0
1.0
1.0
1.0
1.0
1.0
1.0
1.0
1.0
1.0
1.0
1.0
1.0
1.0
1.0
1.0
1.0
1.0
1.0
1.0
0.99999917
1.0
1.0
1.0
1.0
1.0
1.0
1.0
1.0
1.0
1.0
1.0
0.9472892
1.0
0.96676934
1.0
0.99998343
1.0
0.9999639
1.0
1.0
1.0
0.9893394
1.0
0.99996674
1.0
1.0
1.0
0.99999905
1.0
1.0
1.0
0.9992488
1.0
0.9999819
1.0
1.0
0.9999999
1.0
1.0
1.0
1.0
1.0
1.0
0.99956685
0.99369735
0.99994195
0.98714125
0.99492985
1.0
0.99999964
1.0
1.0
1.0
1.0
0.9925701
0.9999902
0.99662954
0.99987304
0.9999957
0.9999349
1.0
0.99999976
0.99998915
1.0
0.9999943
1.0
1.0
0.9999795
1.0
1.0
1.0
1.0
1.0
1.0
1.0
0.9999999
1.0
1.0
0.9999994
1.0
0.9999609
1.0
1.0
1.0
1.0
1.0
1.0
1.0
1.0
1.0
1.0
0.9999999
1.0
1.0
1.0
0.99999905
1.0
1.0
1.0
1.0
1.0
1.0
1.0
0.99999845
1.0
1.0
1.0
1.0
0.9999999
1.0
1.0
1.0
1.0
1.0
1.0
1.0
1.0
0.99997985
1.0
1.0
1.0
1.0
1.0
0.99999964
1.0
1.0
1.0
1.0
1.0
1.0
1.0
1.0
1.0
0.9998497
0.99988496
0.9999999
0.9999975
1.0
1.0
1.0
1.0
1.0
1.0
1.0
1.0
1.0
1.0
1.0
0.9999999
0.9999999
0.99999905
1.0
1.0
1.0
1.0
0.9999988
1.0
1.0
1.0
1.0
1.0
1.0
1.0
1.0
1.0
0.9999999
1.0
1.0
1.0
0.9999995
0.99999917
1.0
1.0
1.0
1.0
1.0
1.0
1.0
1.0
1.0
0.99999905
1.0
1.0
0.9999999
1.0
1.0
1.0
1.0
1.0
1.0
1.0
1.0
1.0
1.0
1.0
0.99996245
1.0
0.99999785
0.96605796
1.0
1.0
1.0
0.9999999
1.0
1.0
0.9999988
0.9999995
0.9999994
1.0
1.0
1.0
0.9999949
1.0
1.0
0.9999994
1.0
1.0
1.0
1.0
1.0
1.0
1.0
1.0
1.0
1.0
0.8608803
0.9999993
0.9999995
1.0
0.99995565
0.9999404
0.9999943
1.0
1.0
1.0
0.99999976
1.0
1.0
0.9999995
0.9999882
0.999956
1.0
1.0
1.0
0.9999999
1.0
1.0
0.99999416
1.0
1.0
1.0
0.99999976
1.0
1.0
1.0
1.0
1.0
1.0
1.0
1.0
0.9999999
1.0
0.9999988
0.82796264
1.0
1.0
1.0
0.9993507
0.9999589
1.0
1.0
1.0
0.9998235
0.99999964
0.9999925
0.9999974
1.0
0.96618205
0.9999162
1.0
1.0
1.0
1.0
1.0
0.99647313
1.0
0.9999943
1.0
1.0
1.0
1.0
0.9999987
1.0
1.0
1.0
1.0
1.0
1.0
1.0
1.0
1.0
0.999997
1.0
0.9999999
1.0
1.0
1.0
1.0
1.0
1.0
0.9999999
1.0
1.0
1.0
0.99999976
1.0
1.0
1.0
1.0
1.0
1.0
1.0
1.0
1.0
1.0
1.0
0.99999905
0.99999917
0.9999974
0.9999993
1.0
1.0
1.0
0.99999976
0.998938
0.9999999
1.0
1.0
1.0
1.0
0.9999999
1.0
1.0
1.0
1.0
0.9999999
1.0
1.0
1.0
0.9999989
1.0
1.0
1.0
1.0
1.0
1.0
1.0
1.0
0.9976478
1.0
0.90981233
1.0
1.0
1.0
1.0
1.0
1.0
1.0
1.0
1.0
1.0
1.0
1.0
1.0
0.9999999
1.0
1.0
0.9999987
0.9999895
1.0
1.0
1.0
1.0
0.9999999
1.0
1.0
1.0
1.0
1.0
1.0
1.0
1.0
1.0
1.0
1.0
1.0
1.0
1.0
1.0
1.0
1.0
1.0
1.0
1.0
1.0
1.0
1.0
1.0
1.0
1.0
1.0
0.99999976
1.0
1.0
1.0
1.0
1.0
1.0
1.0
1.0
1.0
0.9999999
1.0
1.0
1.0
1.0
1.0
1.0
0.9999993
1.0
1.0
1.0
1.0
1.0
1.0
1.0
1.0
1.0
0.9999982
1.0
1.0
1.0
1.0
1.0
0.9999999
1.0
1.0
0.999997
1.0
1.0
0.9999989
1.0
1.0
1.0
0.9999474
0.9999999
0.9999968
1.0
0.9999999
1.0
0.99996877
0.9999974
1.0
1.0
1.0
1.0
1.0
0.9999999
1.0
1.0
1.0
0.99996436
0.9424268
0.99999774
0.99999976
0.99998367
1.0
1.0
1.0
0.6754859
1.0
1.0
0.9999995
1.0
1.0
1.0
1.0
1.0
1.0
1.0
1.0
0.9999889
1.0
0.9999999
0.99999976
1.0
1.0
1.0
1.0
1.0
1.0
1.0
1.0
1.0
1.0
1.0
1.0
1.0
1.0
1.0
1.0
1.0
1.0
1.0
1.0
1.0
1.0
1.0
1.0
1.0
1.0
1.0
1.0
1.0
1.0
1.0
1.0
1.0
1.0
1.0
1.0
1.0
1.0
1.0
1.0
1.0
0.99999344
1.0
1.0
1.0
1.0
1.0
1.0
1.0
1.0
0.9999995
1.0
1.0
1.0
1.0
1.0
1.0
1.0
1.0
1.0
1.0
1.0
1.0
1.0
0.9999994
1.0
1.0
1.0
1.0
1.0
1.0
1.0
1.0
1.0
1.0
1.0
1.0
1.0
1.0
1.0
1.0
1.0
1.0
1.0
1.0
1.0
1.0
1.0
0.9999999
1.0
1.0
1.0
1.0
1.0
0.9999999
1.0
1.0
1.0
1.0
1.0
1.0
1.0
1.0
1.0
1.0
1.0
1.0
1.0
1.0
1.0
0.9999994
1.0
1.0
1.0
1.0
1.0
1.0
1.0
1.0
1.0
1.0
1.0
1.0
1.0
1.0
1.0
1.0
1.0
1.0
1.0
1.0
1.0
1.0
1.0
1.0
1.0
1.0
1.0
1.0
1.0
1.0
1.0
1.0
1.0
1.0
1.0
1.0
1.0
1.0
1.0
1.0
1.0
1.0
1.0
1.0
1.0
1.0
1.0
1.0
1.0
1.0
1.0
1.0
1.0
1.0
1.0
1.0
1.0
1.0
1.0
1.0
1.0
1.0
1.0
1.0
1.0
1.0
1.0
1.0
1.0
1.0
1.0
1.0
1.0
1.0
1.0
1.0
1.0
1.0
1.0
1.0
1.0
1.0
1.0
1.0
0.9999912
1.0
1.0
1.0
1.0
1.0
1.0
1.0
1.0
1.0
1.0
1.0
1.0
1.0
1.0
1.0
1.0
1.0
1.0
1.0
1.0
1.0
1.0
1.0
1.0
1.0
1.0
1.0
1.0
1.0
1.0
1.0
1.0
1.0
1.0
1.0
1.0
1.0
1.0
1.0
1.0
1.0
1.0
1.0
1.0
1.0
1.0
1.0
1.0
1.0
1.0
1.0
1.0
1.0
1.0
1.0
1.0
1.0
1.0
1.0
1.0
1.0
1.0
1.0
1.0
1.0
1.0
1.0
1.0
1.0
1.0
1.0
1.0
1.0
1.0
1.0
1.0
1.0
1.0
1.0
1.0
0.99999976
1.0
1.0
1.0
1.0
1.0
1.0
1.0
1.0
1.0
1.0
1.0
1.0
1.0
1.0
1.0
1.0
1.0
1.0
1.0
1.0
1.0
1.0
1.0
1.0
1.0
1.0
1.0
1.0
1.0
1.0
1.0
1.0
1.0
1.0
1.0
1.0
1.0
1.0
1.0
1.0
1.0
1.0
1.0
1.0
1.0
1.0
1.0
1.0
1.0
1.0
1.0
1.0
1.0
1.0
1.0
1.0
1.0
1.0
1.0
1.0
1.0
1.0
0.9999889
1.0
1.0
1.0
1.0
0.99999833
1.0
0.99999726
1.0
1.0
1.0
1.0
1.0
1.0
1.0
1.0
1.0
1.0
1.0
1.0
1.0
1.0
1.0
1.0
0.9999987
1.0
1.0
1.0
1.0
1.0
1.0
0.99999976
1.0
1.0
1.0
1.0
1.0
1.0
1.0
1.0
1.0
1.0
1.0
1.0
1.0
1.0
1.0
1.0
1.0
1.0
1.0
1.0
1.0
1.0
1.0
1.0
1.0
1.0
1.0
1.0
1.0
1.0
0.9999976
1.0
1.0
1.0
1.0
1.0
1.0
1.0
0.9999918
1.0
1.0
1.0
1.0
1.0
1.0
1.0
1.0
1.0
1.0
0.9999999
1.0
1.0
1.0
1.0
1.0
1.0
1.0
1.0
1.0
1.0
1.0
1.0
1.0
1.0
1.0
1.0
0.9999999
1.0
1.0
1.0
1.0
1.0
0.9999999
1.0
1.0
1.0
1.0
1.0
1.0
1.0
1.0
0.99999964
1.0
1.0
1.0
1.0
1.0
1.0
1.0
1.0
1.0
1.0
1.0
1.0
1.0
0.9944811
0.99998724
1.0
0.999998
1.0
0.9999976
0.7953762
0.9999647
0.9999988
0.9999994
0.9962136
1.0
1.0
1.0
1.0
0.98808205
0.99999607
1.0
1.0
1.0
1.0
1.0
1.0
1.0
1.0
1.0
1.0
0.9999982
1.0
1.0
1.0
1.0
1.0
1.0
0.9999995
0.99999666
0.9999987
0.9999976
1.0
1.0
1.0
0.99999964
1.0
1.0
1.0
1.0
1.0
1.0
0.9999939
0.9999999
1.0
1.0
1.0
0.9999999
1.0
1.0
1.0
1.0
1.0
0.9999958
0.9999981
1.0
0.99960405
1.0
1.0
1.0
1.0
1.0
1.0
1.0
0.99999964
1.0
1.0
1.0
1.0
1.0
1.0
1.0
1.0
1.0
1.0
1.0
1.0
1.0
1.0
0.99999964
1.0
1.0
1.0
1.0
1.0
1.0
1.0
1.0
1.0
1.0
1.0
1.0
1.0
1.0
1.0
0.99955875
1.0
1.0
1.0
1.0
1.0
1.0
0.99999964
1.0
1.0
1.0
1.0
1.0
1.0
1.0
1.0
1.0
0.99999976
1.0
1.0
1.0
1.0
1.0
1.0
1.0
1.0
1.0
1.0
1.0
1.0
1.0
1.0
1.0
1.0
1.0
1.0
1.0
1.0
1.0
1.0
0.99999976
1.0
1.0
1.0
1.0
1.0
1.0
1.0
0.99973446
1.0
1.0
1.0
1.0
1.0
1.0
1.0
1.0
1.0
1.0
1.0
0.99999976
1.0
1.0
1.0
1.0
1.0
1.0
1.0
1.0
1.0
1.0
1.0
1.0
1.0
1.0
1.0
1.0
1.0
1.0
1.0
1.0
1.0
1.0
1.0
1.0
1.0
1.0
1.0
1.0
1.0
1.0
1.0
1.0
1.0
1.0
1.0
1.0
1.0
1.0
1.0
0.9999999
1.0
1.0
1.0
0.99999964
1.0
1.0
1.0
1.0
1.0
1.0
1.0
0.9999999
1.0
1.0
0.9999411
1.0
1.0
1.0
1.0
1.0
1.0
1.0
1.0
1.0
1.0
1.0
1.0
1.0
1.0
1.0
1.0
1.0
1.0
1.0
1.0
1.0
1.0
1.0
1.0
1.0
1.0
0.9999993
0.99999976
1.0
0.9999999
1.0
1.0
1.0
0.9999995
1.0
1.0
1.0
1.0
1.0
1.0
1.0
1.0
1.0
1.0
1.0
1.0
1.0
1.0
1.0
1.0
1.0
1.0
1.0
1.0
0.99999213
1.0
1.0
1.0
1.0
1.0
1.0
1.0
1.0
1.0
1.0
1.0
1.0
1.0
1.0
1.0
0.9999993
1.0
1.0
1.0
1.0
1.0
1.0
1.0
1.0
1.0
1.0
1.0
1.0
1.0
1.0
1.0
1.0
1.0
1.0
1.0
1.0
1.0
1.0
1.0
1.0
1.0
1.0
1.0
1.0
1.0
1.0
1.0
1.0
1.0
1.0
0.99999976
1.0
1.0
1.0
1.0
1.0
1.0
1.0
1.0
1.0
1.0
0.9999951
1.0
1.0
1.0
0.9999939
1.0
1.0
1.0
1.0
1.0
1.0
1.0
1.0
1.0
1.0
1.0
1.0
1.0
1.0
1.0
1.0
1.0
1.0
1.0
1.0
1.0
1.0
0.9999999
1.0
1.0
0.99999785
1.0
1.0
0.9999987
1.0
0.9999999
1.0
1.0
1.0
1.0
0.99885595
1.0
1.0
0.99999964
1.0
1.0
1.0
1.0
1.0
0.9999982
0.99999607
1.0
1.0
1.0
1.0
1.0
0.9999999
1.0
0.9999999
1.0
1.0
1.0
1.0
1.0
1.0
1.0
1.0
1.0
1.0
0.9999999
1.0
0.9999999
1.0
1.0
1.0
1.0
1.0
1.0
1.0
0.9988728
0.9993075
0.9999988
1.0
0.99994755
0.9999876
1.0
1.0
1.0
1.0
1.0
1.0
1.0
1.0
1.0
1.0
1.0
1.0
1.0
1.0
1.0
1.0
1.0
1.0
1.0
0.9998708
1.0
1.0
1.0
1.0
1.0
1.0
1.0
1.0
1.0
0.9999987
1.0
1.0
1.0
1.0
1.0
1.0
0.9999995
1.0
1.0
1.0
1.0
1.0
1.0
1.0
1.0
1.0
1.0
1.0
1.0
1.0
1.0
0.9999944
1.0
1.0
1.0
1.0
1.0
1.0
1.0
1.0
1.0
0.9999999
1.0
1.0
0.99999595
0.99998903
1.0
0.9999999
0.9999994
1.0
0.99999976
1.0
1.0
0.9989054
1.0
1.0
1.0
1.0
0.99988747
1.0
1.0
0.9999982
1.0
1.0
1.0
0.9999999
1.0
1.0
1.0
1.0
0.99998665
1.0
1.0
1.0
1.0
1.0
1.0
1.0
1.0
1.0
0.9999614
1.0
1.0
0.7191898
1.0
1.0
1.0
0.99999523
0.9999999
0.99999774
1.0
0.9999497
0.99999917
0.99494994
1.0
1.0
1.0
1.0
1.0
1.0
1.0
1.0
0.99999976
1.0
1.0
1.0
1.0
1.0
1.0
1.0
1.0
1.0
1.0
1.0
1.0
1.0
1.0
1.0
1.0
1.0
1.0
1.0
1.0
1.0
0.99999356
1.0
1.0
1.0
1.0
1.0
1.0
1.0
1.0
0.99999964
1.0
1.0
1.0
1.0
1.0
1.0
0.9988386
1.0
1.0
1.0
1.0
1.0
1.0
1.0
1.0
0.9999999
1.0
1.0
0.9999999
1.0
1.0
1.0
1.0
1.0
1.0
1.0
0.999992
1.0
1.0
1.0
1.0
0.9999839
0.999998
1.0
1.0
1.0
0.9999975
0.9999994
1.0
0.98003197
1.0
0.99993706
0.9999999
1.0
0.9999176
1.0
0.9783353
1.0
1.0
1.0
1.0
0.99999964
1.0
0.91519535
1.0
0.97137207
0.99988055
0.9976871
1.0
1.0
0.9999958
0.81747866
0.9998679
0.9999999
0.9996099
0.9999999
1.0
1.0
0.9999999
1.0
0.99999917
0.9999939
0.9999057
1.0
0.9999999
1.0
1.0
0.99999917
1.0
1.0
0.9999982
1.0
0.99999964
0.9988319
0.99999976
0.99999404
1.0
1.0
0.9988324
1.0
1.0
0.99946934
1.0
1.0
1.0
0.9999999
0.9999944
0.9999981
0.7812253
1.0
1.0
1.0
0.9999974
1.0
1.0
0.99999356
0.99997365
1.0
1.0
1.0
1.0
0.79088134
0.9997055
0.9999901
1.0
0.99999917
1.0
0.99844944
0.9999958
0.99999356
1.0
1.0
0.99999785
1.0
1.0
1.0
1.0
1.0
0.99999976
1.0
1.0
1.0
0.9999993
0.99980325
1.0
0.9999784
1.0
1.0
1.0
0.99999714
1.0
1.0
0.9999999
1.0
0.99999976
0.99999225
1.0
1.0
0.99999046
0.99998665
0.9999993
1.0
0.99994195
1.0
0.99995744
0.9999232
1.0
1.0
1.0
0.99999917
0.9999987
1.0
1.0
1.0
0.99999833
1.0
1.0
1.0
0.99998915
0.9999999
0.9990742
0.99999404
1.0
0.9999801
0.9999939
0.9999999
1.0
0.9999999
1.0
0.9999999
1.0
0.9999864
1.0
1.0
1.0
1.0
0.9999999
0.9600719
1.0
0.79555196
1.0
1.0
1.0
0.9999999
1.0
1.0
0.99999857
0.9999999
0.9994531
1.0
0.9999995
0.99878997
1.0
1.0
1.0
1.0
1.0
1.0
1.0
1.0
1.0
0.758478
0.99886286
1.0
0.9999995
1.0
1.0
1.0
1.0
0.9999261
1.0
1.0
1.0
1.0
1.0
1.0
1.0
0.9999987
0.99999976
1.0
0.8144677
1.0
1.0
1.0
0.9999999
0.9999999
1.0
1.0
1.0
0.9999999
1.0
1.0
1.0
1.0
1.0
0.9999999
1.0
0.99999607
0.99999976
1.0
0.9999821
0.99998987
1.0
1.0
1.0
1.0
1.0
1.0
0.9986601
0.9999887
0.99999976
1.0
1.0
1.0
1.0
1.0
0.99911064
1.0
1.0
0.9934483
1.0
1.0
1.0
1.0
0.99999166
0.9999924
1.0
0.9999976
1.0
1.0
1.0
0.9999999
1.0
1.0
1.0
1.0
0.99999833
1.0
1.0
1.0
1.0
1.0
1.0
0.9999614
1.0
1.0
1.0
0.9999999
0.98688406
0.9999999
1.0
1.0
0.9995627
0.9999993
0.9999993
0.9999994
1.0
0.9998381
1.0
0.9999994
0.9999963
1.0
0.9999864
1.0
1.0
1.0
1.0
1.0
1.0
1.0
1.0
0.9999994
0.99999917
0.9971795
0.9983057
0.9997893
1.0
1.0
1.0
1.0
1.0
1.0
0.999967
1.0
1.0
0.99999666
1.0
1.0
1.0
1.0
1.0
0.999491
1.0
1.0
1.0
1.0
1.0
1.0
1.0
1.0
0.9999999
1.0
1.0
1.0
0.9999999
1.0
1.0
1.0
0.9999999
0.9999993
0.9999987
1.0
1.0
1.0
1.0
1.0
1.0
1.0
1.0
1.0
1.0
1.0
1.0
0.9999999
1.0
1.0
1.0
1.0
1.0
1.0
1.0
1.0
1.0
1.0
1.0
1.0
1.0
1.0
0.9999999
0.9999846
1.0
1.0
1.0
1.0
0.9999982
0.9999995
1.0
0.9999999
1.0
0.999995
0.99999785
0.79131675
1.0
1.0
0.99999976
1.0
1.0
1.0
1.0
1.0
1.0
1.0
0.99999833
1.0
1.0
1.0
1.0
1.0
1.0
