1.0
1.0
1.0
1.0
1.0
1.0
0.99992025
1.0
0.9996817
1.0
1.0
1.0
1.0
1.0
1.0
1.0
1.0
1.0
0.9945845
1.0
0.9999999
0.9999999
1.0
1.0
1.0
1.0
1.0
1.0
0.9999999
1.0
1.0
0.99999976
1.0
0.9996805
1.0
1.0
1.0
1.0
1.0
1.0
1.0
0.99999976
0.99999404
0.9999995
0.999997
1.0
0.9999976
1.0
0.99999774
1.0
1.0
1.0
1.0
1.0
1.0
1.0
1.0
1.0
1.0
0.9999988
1.0
1.0
0.99987125
0.9999877
1.0
1.0
0.9999999
0.99999726
1.0
1.0
1.0
1.0
1.0
0.99997044
1.0
1.0
1.0
1.0
0.99999523
1.0
0.99999964
1.0
1.0
1.0
1.0
1.0
1.0
0.9994708
1.0
1.0
1.0
1.0
0.99805814
1.0
1.0
0.99991953
0.9999963
0.9999962
1.0
1.0
1.0
1.0
1.0
1.0
0.99999607
1.0
1.0
0.99999976
1.0
1.0
1.0
0.99999714
1.0
1.0
1.0
0.8452489
0.9999999
1.0
1.0
0.99999857
0.9999999
0.9999838
1.0
1.0
0.9999999
0.99995375
0.9999993
1.0
1.0
1.0
1.0
1.0
1.0
1.0
1.0
1.0
1.0
1.0
1.0
0.9997739
1.0
1.0
1.0
1.0
1.0
1.0
1.0
1.0
1.0
0.9998803
1.0
0.9984451
1.0
1.0
1.0
1.0
1.0
1.0
0.9999474
1.0
0.99969757
1.0
1.0
1.0
1.0
1.0
1.0
0.9999906
1.0
1.0
1.0
0.9999858
1.0
1.0
1.0
0.99954516
1.0
1.0
1.0
1.0
1.0
1.0
1.0
1.0
0.9987914
1.0
1.0
1.0
1.0
0.9999999
0.9999987
0.9999994
1.0
0.9279381
1.0
0.9997391
1.0
1.0
0.9999989
0.99999964
1.0
1.0
1.0
1.0
1.0
1.0
0.9999994
1.0
1.0
0.9999081
1.0
0.9981464
1.0
1.0
0.9999999
1.0
1.0
0.9998331
1.0
1.0
1.0
0.99999976
1.0
1.0
1.0
1.0
0.9999999
1.0
1.0
1.0
1.0
1.0
0.99999976
1.0
1.0
1.0
1.0
1.0
1.0
1.0
0.9999999
0.9999968
0.99999976
0.9999827
1.0
0.99999714
1.0
0.9749535
0.9999981
1.0
0.9999999
0.9999994
1.0
1.0
1.0
0.9999999
1.0
1.0
1.0
0.62100583
1.0
1.0
1.0
1.0
0.99952483
1.0
0.99996126
1.0
1.0
1.0
1.0
1.0
1.0
0.9999999
1.0
0.99999964
1.0
1.0
1.0
1.0
1.0
1.0
0.999928
1.0
1.0
1.0
0.99999964
0.9999945
1.0
1.0
0.99757427
1.0
0.9999994
1.0
1.0
1.0
1.0
0.99999964
1.0
1.0
1.0
1.0
1.0
1.0
1.0
1.0
1.0
1.0
0.99999964
1.0
1.0
1.0
1.0
0.99999964
1.0
1.0
1.0
0.9999999
1.0
1.0
0.98272026
0.7042178
1.0
1.0
0.9999949
1.0
0.99979764
1.0
1.0
1.0
1.0
1.0
1.0
0.9999999
1.0
1.0
0.99999213
0.9999571
1.0
0.9999993
0.56021696
1.0
1.0
1.0
1.0
1.0
1.0
0.9999999
1.0
1.0
0.9999994
1.0
0.99999976
1.0
1.0
1.0
1.0
0.9999999
0.9998115
0.99524117
0.9999968
1.0
0.99994457
1.0
1.0
1.0
0.9995788
1.0
0.9999826
1.0
1.0
1.0
1.0
1.0
1.0
1.0
1.0
1.0
1.0
1.0
1.0
0.9984101
1.0
1.0
1.0
1.0
0.99999726
1.0
1.0
0.9999919
1.0
0.9999995
1.0
1.0
0.9999999
1.0
1.0
1.0
1.0
0.99999964
0.99999976
1.0
1.0
0.9999975
0.99999976
1.0
1.0
1.0
1.0
1.0
1.0
0.999995
0.99999917
1.0
0.9999999
0.9999224
1.0
0.99954516
1.0
1.0
0.99998665
1.0
1.0
1.0
1.0
1.0
1.0
1.0
1.0
1.0
1.0
1.0
0.9999987
1.0
1.0
0.9999988
1.0
1.0
1.0
1.0
1.0
1.0
0.9999999
1.0
0.9999863
0.98719865
1.0
0.8387073
0.99993837
0.9903528
0.99973744
1.0
1.0
1.0
1.0
1.0
0.9999988
0.9999999
1.0
1.0
0.9999808
1.0
1.0
1.0
0.9999565
0.99999976
1.0
1.0
0.9999958
0.99999964
1.0
0.9999999
1.0
1.0
1.0
1.0
1.0
1.0
0.9999435
0.9999937
1.0
1.0
1.0
1.0
1.0
1.0
1.0
1.0
1.0
1.0
0.9999999
0.9999999
0.9999944
1.0
1.0
0.9707351
1.0
0.99934536
1.0
0.9999999
1.0
1.0
0.9999999
1.0
1.0
1.0
1.0
0.99999833
0.999998
1.0
1.0
0.99997866
1.0
1.0
1.0
1.0
1.0
1.0
1.0
1.0
1.0
0.9999999
1.0
0.99999845
1.0
1.0
1.0
1.0
0.99998903
1.0
0.99999774
1.0
0.9999988
1.0
1.0
1.0
1.0
1.0
1.0
1.0
0.9999993
1.0
0.999997
0.9977627
1.0
1.0
1.0
0.9999981
0.99999976
1.0
1.0
0.99936396
0.99999666
1.0
1.0
1.0
1.0
0.99999964
1.0
0.9999995
1.0
1.0
1.0
1.0
1.0
1.0
1.0
1.0
0.9999995
0.99999976
1.0
0.9952493
0.99999917
1.0
1.0
1.0
1.0
1.0
1.0
1.0
1.0
1.0
0.9093908
0.97709614
1.0
1.0
1.0
1.0
1.0
1.0
1.0
0.9997081
1.0
0.9999893
1.0
1.0
1.0
0.99999845
1.0
1.0
1.0
1.0
1.0
0.99999964
1.0
1.0
1.0
1.0
1.0
1.0
0.99999976
0.9999999
1.0
0.9999976
1.0
0.99999964
0.9999999
0.99999976
0.9999597
0.98087305
1.0
1.0
1.0
1.0
0.9999994
0.9811963
1.0
1.0
1.0
0.99999595
1.0
1.0
1.0
1.0
1.0
0.9999987
1.0
0.99999833
1.0
1.0
0.9999999
1.0
0.9999999
1.0
1.0
0.999788
0.9996008
1.0
1.0
0.9999999
0.9999999
1.0
1.0
1.0
1.0
1.0
1.0
1.0
0.99999464
0.42987546
1.0
0.99999964
1.0
1.0
1.0
1.0
1.0
0.9999925
1.0
1.0
0.9999999
0.9999999
1.0
0.9999999
0.97767806
1.0
0.9998286
0.9999999
1.0
1.0
1.0
1.0
1.0
1.0
0.9848927
1.0
1.0
1.0
0.9999999
0.999882
1.0
0.99999154
1.0
1.0
1.0
1.0
1.0
1.0
0.99998546
1.0
0.99999964
1.0
1.0
1.0
1.0
1.0
1.0
0.9999995
1.0
1.0
1.0
1.0
0.99999905
1.0
1.0
1.0
0.9964217
0.9993236
1.0
0.9999999
0.9997693
1.0
1.0
0.9999938
1.0
1.0
0.99970055
1.0
0.9999993
1.0
0.9999999
1.0
1.0
1.0
1.0
1.0
0.9999995
0.9999999
0.9999901
1.0
0.96480036
0.99999857
1.0
1.0
1.0
1.0
0.99999905
1.0
0.9999999
1.0
1.0
1.0
1.0
1.0
1.0
1.0
1.0
1.0
1.0
1.0
0.9998982
0.9999927
0.99999464
0.9999999
1.0
0.9999999
1.0
1.0
1.0
0.9999999
1.0
1.0
1.0
1.0
1.0
1.0
1.0
1.0
1.0
1.0
0.99998486
0.9999808
1.0
1.0
1.0
0.9999999
0.9997485
1.0
1.0
0.9999975
1.0
0.9999963
1.0
1.0
1.0
1.0
1.0
0.9998871
1.0
1.0
0.9999579
1.0
1.0
1.0
0.99999964
1.0
1.0
1.0
1.0
1.0
0.99999917
1.0
1.0
0.99564075
1.0
1.0
0.9999995
0.99999404
1.0
1.0
1.0
1.0
1.0
0.9999999
1.0
1.0
1.0
0.9999999
1.0
0.9988257
1.0
1.0
1.0
0.9999994
0.9999994
1.0
1.0
1.0
1.0
0.99999285
0.9999999
1.0
1.0
1.0
0.948103
1.0
0.9988887
1.0
1.0
1.0
1.0
1.0
1.0
1.0
1.0
1.0
1.0
0.99999905
1.0
0.9999999
1.0
1.0
1.0
1.0
1.0
1.0
0.9999902
1.0
1.0
1.0
0.9999951
1.0
0.99999905
1.0
0.99999905
0.99999964
1.0
0.9999964
0.99999976
1.0
0.9999999
0.9956671
0.9317883
0.7327389
1.0
0.9999999
1.0
1.0
1.0
1.0
0.9999995
1.0
1.0
1.0
0.9999999
0.99987626
0.9999995
1.0
0.9999939
1.0
0.9999975
0.99999964
0.9997938
0.9999887
1.0
1.0
0.9999999
1.0
1.0
0.99999774
1.0
1.0
1.0
1.0
1.0
1.0
0.9998709
1.0
0.9999999
1.0
1.0
1.0
1.0
1.0
0.98665965
1.0
0.9999157
1.0
1.0
1.0
0.99999976
1.0
0.9999999
1.0
1.0
1.0
0.99999535
1.0
0.5645367
0.9998099
0.99999857
1.0
1.0
1.0
0.9999993
1.0
0.9999999
0.9824004
1.0
0.99999976
0.99998116
1.0
1.0
1.0
1.0
0.9999857
0.99836856
1.0
0.9861623
1.0
0.9999988
1.0
0.9999945
1.0
1.0
0.743479
0.99999976
1.0
1.0
0.9993693
1.0
1.0
1.0
1.0
1.0
1.0
1.0
0.9999999
1.0
1.0
1.0
1.0
0.99998677
1.0
1.0
1.0
1.0
1.0
1.0
1.0
1.0
1.0
0.999998
1.0
0.99999905
0.9999987
1.0
1.0
1.0
1.0
0.9999999
1.0
1.0
1.0
0.9999995
1.0
0.9999957
1.0
1.0
1.0
0.9999795
1.0
0.9999999
1.0
0.9999994
1.0
1.0
0.99999976
1.0
1.0
1.0
0.99996424
0.9996939
1.0
0.99999905
1.0
0.99999976
1.0
1.0
1.0
1.0
1.0
0.9998267
0.97153455
1.0
1.0
1.0
1.0
1.0
0.6366148
1.0
1.0
0.9999999
0.9999999
0.9999403
0.99973804
1.0
1.0
1.0
1.0
0.99999917
0.9999652
1.0
1.0
1.0
0.9999999
1.0
0.9999999
1.0
0.9997867
1.0
0.99999976
0.9982998
1.0
1.0
1.0
1.0
1.0
0.99999964
0.9999999
1.0
1.0
0.9999502
1.0
1.0
1.0
1.0
0.9999999
1.0
1.0
1.0
0.999995
0.9999995
1.0
1.0
1.0
1.0
1.0
1.0
1.0
0.99999976
1.0
1.0
1.0
1.0
1.0
1.0
1.0
1.0
1.0
1.0
0.999913
1.0
1.0
1.0
0.9999999
1.0
0.9965803
1.0
1.0
1.0
1.0
0.9021039
1.0
0.7885468
1.0
1.0
1.0
0.99998665
0.9999901
1.0
0.99998033
0.9999999
1.0
1.0
1.0
1.0
1.0
0.9993918
1.0
0.99999976
1.0
1.0
0.9999999
1.0
1.0
1.0
1.0
0.99999976
1.0
1.0
0.9999999
1.0
0.9999132
1.0
0.99999905
1.0
0.9994999
1.0
1.0
0.99999917
0.9999999
0.9999999
0.9999995
1.0
1.0
0.99999666
1.0
1.0
1.0
1.0
1.0
1.0
1.0
0.9999722
1.0
0.9999565
1.0
1.0
0.9999399
1.0
1.0
1.0
0.9999255
1.0
1.0
1.0
1.0
0.99770844
1.0
1.0
0.9991291
0.87231416
1.0
1.0
1.0
1.0
1.0
1.0
1.0
1.0
0.9999695
0.99971765
1.0
1.0
1.0
1.0
1.0
0.9999999
0.99999964
1.0
1.0
0.97437197
1.0
0.9998859
1.0
0.99975425
1.0
0.9999995
0.99999595
1.0
0.99999964
0.99999917
1.0
1.0
1.0
0.9999995
0.9999976
1.0
1.0
1.0
0.9999999
1.0
1.0
0.9999987
1.0
0.99739575
1.0
0.99988294
1.0
1.0
1.0
0.98568094
0.9999999
1.0
1.0
1.0
1.0
1.0
0.9999974
1.0
1.0
0.97594815
0.9999789
0.99999964
1.0
1.0
0.9211706
0.9999571
1.0
1.0
0.99999774
1.0
1.0
1.0
1.0
0.99992216
1.0
1.0
0.99999976
0.7022162
1.0
1.0
0.99966204
0.99999344
1.0
0.99999976
1.0
1.0
1.0
0.99996614
1.0
0.99999964
0.9999964
0.9999988
1.0
1.0
1.0
1.0
0.9992267
1.0
0.99999857
0.9999852
0.99999964
1.0
1.0
1.0
1.0
0.9999988
0.9992337
0.9983896
1.0
0.99999607
1.0
1.0
1.0
0.9999987
1.0
1.0
0.9991048
1.0
0.9999918
0.9999999
0.9999999
1.0
1.0
1.0
1.0
1.0
1.0
0.99999976
1.0
1.0
1.0
1.0
0.9999665
1.0
1.0
1.0
0.83205444
1.0
1.0
1.0
1.0
1.0
0.9999993
0.9711655
1.0
0.9993293
1.0
0.9999918
0.99999774
1.0
1.0
0.9999993
1.0
1.0
0.99913424
1.0
0.99993706
1.0
1.0
1.0
1.0
0.9999968
1.0
1.0
1.0
1.0
1.0
1.0
1.0
1.0
1.0
1.0
0.9999999
0.9999994
1.0
1.0
1.0
1.0
1.0
1.0
1.0
0.98558635
1.0
0.9999999
1.0
1.0
1.0
1.0
1.0
1.0
1.0
1.0
1.0
1.0
0.99991524
0.99999416
1.0
1.0
1.0
1.0
1.0
1.0
0.9999418
1.0
1.0
1.0
1.0
1.0
0.9999709
1.0
0.86904454
0.9963666
0.99999857
1.0
0.9999975
0.9999999
1.0
1.0
1.0
0.999992
0.99950266
0.99999917
1.0
1.0
1.0
1.0
1.0
1.0
0.9999964
1.0
0.999985
0.8336644
0.9991335
1.0
1.0
1.0
0.9999999
1.0
1.0
0.9999995
0.99999344
1.0
0.9998323
1.0
0.9999547
0.9999999
0.99999976
1.0
1.0
1.0
0.9999999
1.0
0.9999956
0.99998677
0.9999999
0.9999957
0.9999964
0.99846846
0.9999833
1.0
1.0
0.9998567
1.0
1.0
0.9999999
1.0
1.0
1.0
1.0
1.0
0.99971205
1.0
1.0
1.0
1.0
0.9999999
0.9901855
1.0
1.0
1.0
0.9999999
0.9999993
0.99999917
0.9999999
1.0
1.0
0.9999976
1.0
1.0
1.0
1.0
1.0
0.99999344
1.0
1.0
1.0
1.0
1.0
1.0
0.99997735
1.0
1.0
1.0
1.0
1.0
0.9999999
1.0
1.0
1.0
0.9999026
1.0
0.99999
1.0
0.99999964
1.0
1.0
1.0
0.9998859
1.0
1.0
1.0
1.0
0.9999999
1.0
1.0
0.9999863
0.99995625
0.99999964
0.99999976
1.0
1.0
1.0
1.0
0.9999989
1.0
1.0
1.0
0.96898377
1.0
0.98115987
0.99997103
1.0
1.0
1.0
0.5520747
1.0
1.0
0.7760185
0.99998546
1.0
1.0
1.0
1.0
0.9999999
1.0
1.0
1.0
1.0
1.0
1.0
0.9999802
1.0
1.0
1.0
0.99999905
1.0
0.9969779
1.0
0.99935216
1.0
0.86142194
0.9672062
1.0
1.0
1.0
0.9999993
0.99804556
1.0
1.0
0.9999995
1.0
1.0
1.0
0.9999995
1.0
1.0
0.99766254
0.99999464
1.0
1.0
1.0
1.0
1.0
0.99999976
1.0
1.0
0.9999989
1.0
0.99998736
1.0
1.0
0.9999999
1.0
1.0
0.9999995
1.0
1.0
1.0
1.0
0.9999994
1.0
1.0
0.99999154
1.0
0.9999999
1.0
1.0
0.9990355
0.99999976
1.0
1.0
1.0
1.0
1.0
0.9999659
1.0
0.99959356
1.0
0.98659813
1.0
1.0
0.9999964
1.0
1.0
1.0
1.0
1.0
1.0
0.7254318
1.0
1.0
1.0
1.0
0.99999917
0.99999976
1.0
1.0
1.0
0.99999905
1.0
1.0
0.9998016
1.0
1.0
0.9999522
0.9999999
1.0
1.0
0.9750152
1.0
1.0
1.0
1.0
1.0
1.0
0.99999833
0.9999945
1.0
1.0
0.9999999
1.0
0.99951327
1.0
1.0
1.0
1.0
1.0
0.99999964
1.0
1.0
1.0
1.0
1.0
1.0
1.0
1.0
1.0
0.9999995
0.999984
1.0
0.99999654
1.0
1.0
0.99999917
1.0
0.9963373
1.0
1.0
0.8876203
0.9999938
1.0
1.0
1.0
0.94197345
1.0
1.0
0.9999999
1.0
0.9999881
1.0
1.0
1.0
0.99999917
0.9999999
0.9999999
1.0
1.0
1.0
0.99984777
0.99999845
1.0
1.0
1.0
0.9999993
0.9999989
1.0
0.47710028
1.0
1.0
1.0
1.0
1.0
1.0
0.9999937
0.94647694
0.9996511
1.0
1.0
0.9998441
0.99850875
1.0
1.0
0.99999917
1.0
1.0
1.0
0.99999976
0.99999857
1.0
0.99999964
1.0
1.0
1.0
1.0
0.83321
1.0
1.0
1.0
0.99999976
1.0
1.0
1.0
1.0
1.0
1.0
0.99974257
1.0
1.0
0.99996936
1.0
1.0
0.93950963
0.9999999
1.0
1.0
1.0
1.0
1.0
0.99999976
1.0
1.0
1.0
1.0
1.0
1.0
1.0
0.9999999
1.0
0.9999999
0.99997747
0.9999931
0.9999999
1.0
1.0
1.0
1.0
1.0
1.0
1.0
0.9999299
1.0
1.0
0.9999852
1.0
1.0
1.0
1.0
0.95885956
1.0
0.9999999
1.0
1.0
1.0
1.0
1.0
1.0
1.0
0.9995616
1.0
1.0
1.0
1.0
1.0
1.0
1.0
0.999943
0.99958795
1.0
0.9999995
1.0
0.99999726
1.0
1.0
0.9999995
1.0
0.9999999
0.99999774
1.0
1.0
0.9983297
0.9999999
1.0
1.0
1.0
1.0
0.99934727
1.0
1.0
1.0
1.0
0.99999905
1.0
1.0
1.0
1.0
0.9999788
0.9999988
1.0
1.0
1.0
0.999987
1.0
1.0
1.0
0.9999299
1.0
0.9999987
1.0
0.9999999
1.0
0.9999999
1.0
1.0
0.9999999
0.99999964
1.0
1.0
1.0
1.0
1.0
1.0
1.0
0.9999558
1.0
1.0
0.99978
1.0
1.0
0.99997354
1.0
1.0
1.0
1.0
1.0
1.0
0.9500771
1.0
0.99984896
1.0
1.0
0.9998716
1.0
1.0
1.0
1.0
0.999998
1.0
1.0
1.0
1.0
1.0
1.0
1.0
1.0
1.0
0.99999523
0.99998915
0.99969184
0.7739404
1.0
0.53680503
1.0
1.0
1.0
1.0
1.0
0.9999963
0.9999999
0.99999654
1.0
0.99999976
1.0
1.0
1.0
1.0
1.0
1.0
1.0
1.0
1.0
1.0
0.9999689
1.0
1.0
1.0
1.0
0.99999285
1.0
1.0
1.0
1.0
1.0
1.0
1.0
0.9999999
0.99999785
0.9999999
1.0
0.9999993
1.0
1.0
0.99998474
1.0
1.0
0.9999999
1.0
0.99999225
1.0
1.0
0.9999968
1.0
1.0
0.9999044
0.9631256
1.0
1.0
1.0
1.0
1.0
1.0
0.9999987
1.0
1.0
1.0
1.0
1.0
0.9999604
0.9999988
1.0
1.0
0.9999999
1.0
1.0
0.99999917
1.0
0.99999976
1.0
1.0
0.9999989
0.9953798
1.0
0.9999969
1.0
1.0
0.99987733
0.9999999
0.99999845
0.9999995
1.0
1.0
0.99999785
0.9999999
1.0
1.0
1.0
0.9999999
0.9999889
0.99999964
1.0
1.0
1.0
0.9999999
1.0
1.0
1.0
1.0
1.0
0.9999999
1.0
1.0
1.0
1.0
1.0
0.97358954
1.0
0.9996593
1.0
1.0
1.0
1.0
0.99999905
0.99826235
0.9997085
1.0
1.0
0.99999976
0.99999964
1.0
1.0
1.0
0.9999999
1.0
0.68441147
1.0
0.9999999
1.0
1.0
0.96829164
1.0
1.0
0.8444082
0.9999962
0.9999999
1.0
0.99999976
0.9999876
0.9999999
1.0
1.0
1.0
0.86749756
1.0
1.0
1.0
0.9999995
0.9999938
1.0
1.0
1.0
1.0
0.99997044
1.0
1.0
0.99999964
0.9999999
0.99999225
1.0
0.62987703
0.9999999
1.0
1.0
0.9999902
1.0
1.0
1.0
1.0
1.0
1.0
1.0
1.0
1.0
0.9997403
1.0
1.0
1.0
1.0
0.9999999
0.9999957
0.9999999
1.0
0.85676926
0.9999981
1.0
1.0
1.0
0.75610346
0.99999654
1.0
1.0
1.0
1.0
1.0
0.999997
1.0
0.99117285
1.0
0.8499444
1.0
1.0
1.0
0.99998784
1.0
1.0
0.9999958
1.0
0.53292876
1.0
1.0
1.0
1.0
1.0
1.0
0.9999672
1.0
1.0
1.0
0.6266641
0.99993
0.9999715
1.0
1.0
1.0
0.7903535
0.9999988
1.0
0.9999999
1.0
1.0
1.0
1.0
1.0
1.0
1.0
1.0
0.9999999
0.99978286
1.0
1.0
1.0
1.0
0.99999976
1.0
1.0
1.0
1.0
0.9999999
1.0
1.0
0.99999523
0.9999988
1.0
1.0
1.0
0.9999938
1.0
0.99999654
0.99999845
1.0
1.0
1.0
1.0
0.9999907
1.0
1.0
1.0
1.0
1.0
1.0
1.0
0.8096462
1.0
1.0
0.9994499
0.95425177
1.0
0.99999905
0.7175394
1.0
1.0
1.0
0.999992
1.0
0.9991511
1.0
1.0
0.9999939
1.0
0.99999917
1.0
1.0
1.0
1.0
1.0
1.0
1.0
1.0
1.0
1.0
1.0
0.9999999
1.0
1.0
0.9997719
1.0
1.0
1.0
1.0
1.0
1.0
0.99999976
1.0
0.9999771
0.9976822
1.0
1.0
1.0
1.0
1.0
1.0
0.9999982
1.0
1.0
1.0
1.0
0.9999213
1.0
1.0
1.0
1.0
0.99999976
1.0
1.0
1.0
1.0
1.0
1.0
1.0
1.0
1.0
1.0
1.0
1.0
1.0
1.0
1.0
0.9999994
1.0
1.0
1.0
1.0
1.0
1.0
1.0
0.81039244
1.0
0.99999964
1.0
1.0
1.0
0.9988882
1.0
1.0
1.0
0.999998
1.0
1.0
0.9999993
0.9809006
1.0
1.0
1.0
1.0
1.0
0.99999976
1.0
0.9999993
1.0
1.0
1.0
0.9999994
0.9120922
1.0
1.0
0.99999905
1.0
0.9999995
0.999997
0.9999938
1.0
1.0
1.0
1.0
1.0
1.0
1.0
0.9970385
1.0
1.0
1.0
1.0
1.0
0.9999181
1.0
1.0
1.0
0.999998
1.0
0.9999969
1.0
1.0
1.0
1.0
1.0
0.9999635
0.99999547
1.0
0.5941952
1.0
1.0
1.0
1.0
1.0
1.0
1.0
1.0
0.9999957
0.9999999
1.0
1.0
1.0
0.9990306
1.0
1.0
1.0
1.0
1.0
1.0
1.0
0.99999964
1.0
1.0
1.0
0.9999995
1.0
1.0
0.9999993
1.0
1.0
1.0
1.0
0.9999999
1.0
1.0
1.0
1.0
1.0
0.68087655
1.0
0.9999689
1.0
1.0
1.0
1.0
1.0
0.9999939
0.99999213
1.0
0.99889463
1.0
0.9999962
1.0
1.0
1.0
0.9999753
0.8998558
0.9999999
1.0
1.0
1.0
0.99999976
0.9999994
0.9999994
0.9999914
1.0
1.0
0.9999993
1.0
1.0
1.0
1.0
1.0
0.99999964
0.9999994
0.9731761
1.0
0.9999757
1.0
1.0
1.0
1.0
1.0
0.74046487
1.0
1.0
0.9999958
1.0
1.0
1.0
1.0
0.99981946
1.0
1.0
0.9999994
0.9999449
1.0
1.0
1.0
1.0
1.0
1.0
0.9991385
0.9999994
1.0
1.0
0.9999882
0.99999976
1.0
1.0
0.9999937
1.0
1.0
1.0
1.0
1.0
0.9631134
0.9999962
0.9999999
0.9999995
1.0
1.0
1.0
0.9840958
0.9999964
1.0
0.9999597
1.0
1.0
0.99999785
1.0
0.9940019
1.0
0.9999999
1.0
1.0
1.0
1.0
1.0
0.9999999
1.0
0.9999999
0.99999845
1.0
1.0
1.0
1.0
1.0
1.0
0.9999989
0.99999976
0.9999999
1.0
1.0
1.0
1.0
1.0
0.50004184
0.9999994
0.9999999
1.0
1.0
1.0
1.0
1.0
0.99999964
1.0
1.0
1.0
1.0
1.0
1.0
1.0
0.99999976
1.0
1.0
0.9999987
0.99999917
1.0
1.0
1.0
0.9999982
0.9999994
0.9226452
0.9999999
0.9999912
1.0
1.0
1.0
1.0
0.9999987
1.0
0.99998915
1.0
0.9998696
0.99990404
1.0
0.99999905
1.0
1.0
1.0
0.99979717
0.9999734
0.98288745
0.99999976
1.0
1.0
1.0
1.0
0.9999994
1.0
0.99999905
1.0
1.0
1.0
1.0
0.9999999
0.9998529
1.0
1.0
1.0
1.0
1.0
1.0
1.0
0.9999956
1.0
1.0
0.99999917
0.9997193
1.0
1.0
1.0
1.0
1.0
1.0
1.0
1.0
0.99999726
0.9999999
0.99999976
1.0
0.9985989
1.0
1.0
1.0
0.9999999
0.9994313
1.0
1.0
1.0
0.9994424
1.0
1.0
1.0
0.9999999
1.0
1.0
0.99999857
1.0
1.0
1.0
1.0
0.9999999
1.0
0.9999999
0.99977666
0.999997
1.0
1.0
1.0
1.0
1.0
1.0
1.0
1.0
0.9869833
1.0
0.99999976
0.99995625
1.0
0.9999999
1.0
1.0
1.0
1.0
0.99999535
0.99997604
1.0
1.0
1.0
1.0
0.9999987
0.9999999
1.0
1.0
1.0
1.0
1.0
0.9988663
0.9999585
1.0
1.0
1.0
0.99997246
1.0
1.0
1.0
1.0
1.0
0.99999905
1.0
1.0
1.0
0.99999785
1.0
1.0
0.9998672
1.0
1.0
0.9999988
1.0
1.0
0.9975667
1.0
1.0
1.0
1.0
0.9950288
1.0
1.0
1.0
1.0
1.0
0.99999976
1.0
1.0
0.9997346
1.0
0.99999607
0.99991775
0.99999833
1.0
1.0
1.0
1.0
1.0
0.5777374
1.0
1.0
1.0
1.0
0.99999344
0.99999976
1.0
0.99999976
1.0
1.0
0.99999416
1.0
1.0
1.0
1.0
1.0
0.9999982
1.0
1.0
1.0
1.0
0.9999999
1.0
1.0
1.0
1.0
0.99999404
1.0
1.0
1.0
1.0
1.0
1.0
1.0
0.99996483
1.0
1.0
1.0
1.0
0.9999999
1.0
0.99319357
0.9999999
1.0
1.0
1.0
1.0
1.0
1.0
1.0
1.0
0.9999435
0.9999999
0.9999995
1.0
0.99999714
1.0
0.99997807
1.0
1.0
1.0
0.99999976
1.0
0.9621617
0.999913
1.0
1.0
1.0
1.0
1.0
1.0
0.99998975
0.9999994
1.0
0.9999999
0.9999256
1.0
0.99999917
1.0
0.99926835
1.0
0.99874794
0.9999999
1.0
1.0
1.0
1.0
1.0
1.0
1.0
0.99999917
0.99759895
0.9307497
1.0
1.0
1.0
1.0
1.0
1.0
0.99689496
1.0
0.99981993
1.0
0.99999964
1.0
1.0
1.0
1.0
1.0
1.0
1.0
1.0
0.9999999
1.0
0.999997
1.0
1.0
1.0
1.0
1.0
1.0
1.0
1.0
0.9999999
0.9999933
1.0
1.0
1.0
1.0
1.0
1.0
0.99987936
1.0
0.9999994
1.0
0.9999304
1.0
1.0
1.0
0.99972945
1.0
0.99999917
1.0
0.9999995
0.9997936
1.0
0.9999982
1.0
0.9999994
0.99987817
0.99997306
0.9999999
1.0
0.9999999
1.0
0.9999999
1.0
0.997147
1.0
1.0
1.0
1.0
1.0
1.0
0.99997246
1.0
0.9999999
1.0
0.9999999
1.0
1.0
0.9999932
0.99916875
1.0
0.9999993
0.99999976
1.0
1.0
1.0
0.99999976
1.0
0.99990535
1.0
1.0
0.9996062
1.0
1.0
1.0
1.0
1.0
1.0
1.0
1.0
0.9999999
1.0
1.0
0.99999905
1.0
0.9999999
1.0
1.0
1.0
1.0
1.0
1.0
1.0
1.0
1.0
1.0
0.9999999
1.0
1.0
0.99999905
1.0
1.0
0.99897075
1.0
0.9996685
1.0
1.0
1.0
1.0
1.0
0.9999969
1.0
1.0
1.0
1.0
0.9999908
1.0
1.0
0.9999993
1.0
1.0
0.99999905
0.99999964
0.9999937
0.99999785
1.0
1.0
1.0
1.0
0.952538
1.0
1.0
1.0
0.998949
1.0
0.9668834
1.0
1.0
0.9999008
1.0
1.0
1.0
1.0
1.0
0.99999964
1.0
0.99920243
0.982018
0.99999964
1.0
1.0
1.0
0.9999969
0.9999747
0.99999964
1.0
1.0
1.0
1.0
1.0
0.98265624
0.70844674
1.0
1.0
0.99999654
1.0
1.0
0.9999989
1.0
0.99999774
1.0
1.0
1.0
1.0
0.99999905
1.0
1.0
1.0
0.9997008
1.0
0.9999994
1.0
1.0
1.0
0.9999945
1.0
1.0
0.9999722
1.0
1.0
1.0
1.0
1.0
1.0
0.99999225
1.0
1.0
1.0
0.9990951
0.9999999
1.0
0.99999976
1.0
0.9207909
1.0
1.0
0.99999976
1.0
0.9999995
0.9999999
1.0
1.0
0.9999995
0.9762917
1.0
0.9999999
1.0
1.0
1.0
1.0
0.9999759
1.0
1.0
1.0
1.0
1.0
1.0
1.0
1.0
0.9999975
1.0
0.99986446
1.0
1.0
0.9999989
1.0
1.0
0.99999964
0.9679109
1.0
1.0
0.99999976
1.0
1.0
1.0
1.0
1.0
1.0
1.0
1.0
1.0
1.0
1.0
1.0
1.0
1.0
1.0
1.0
1.0
1.0
1.0
1.0
1.0
1.0
0.99999166
1.0
0.9999999
0.99819463
0.93336016
0.99999976
0.99787736
1.0
1.0
1.0
1.0
1.0
1.0
0.9999887
0.9999999
1.0
1.0
0.9801239
1.0
1.0
1.0
1.0
0.9999989
1.0
1.0
1.0
1.0
1.0
1.0
1.0
0.9999999
1.0
1.0
1.0
1.0
0.99999917
1.0
1.0
1.0
1.0
1.0
1.0
1.0
1.0
0.9999815
1.0
0.99999785
0.9999999
1.0
1.0
0.9999999
1.0
0.99973005
0.9999521
1.0
1.0
1.0
1.0
0.9990349
0.99999964
1.0
0.99992347
1.0
1.0
1.0
0.99999976
0.9999645
1.0
0.9999999
1.0
1.0
1.0
1.0
0.95807993
0.99979085
1.0
0.9990132
0.9999825
0.9999968
1.0
1.0
1.0
0.9999995
1.0
1.0
1.0
1.0
1.0
1.0
0.99999964
0.9999999
1.0
1.0
1.0
1.0
1.0
1.0
1.0
1.0
1.0
1.0
0.9999765
1.0
1.0
0.9999999
1.0
1.0
1.0
1.0
1.0
0.99970967
1.0
1.0
1.0
1.0
1.0
0.9975279
0.99999976
1.0
0.99999964
0.99999607
1.0
0.9999999
1.0
1.0
0.99999917
1.0
1.0
0.9999999
0.99999964
1.0
1.0
1.0
0.9998888
1.0
1.0
1.0
0.9999999
1.0
1.0
0.9999913
1.0
1.0
1.0
1.0
1.0
0.9999964
1.0
1.0
0.9999906
0.9999927
1.0
1.0
1.0
1.0
1.0
1.0
0.9999833
1.0
1.0
1.0
1.0
0.9995266
1.0
1.0
1.0
0.9999732
1.0
1.0
0.6431504
1.0
1.0
0.9999999
1.0
1.0
1.0
1.0
0.99999976
1.0
0.99885356
0.9999689
1.0
0.9999988
0.99999917
0.9999989
1.0
0.9999995
1.0
1.0
1.0
1.0
1.0
1.0
1.0
0.99687296
0.9996567
0.99999976
1.0
0.9999987
1.0
1.0
1.0
1.0
1.0
0.99999297
1.0
0.9999982
0.9999914
1.0
1.0
0.9999989
0.99999964
1.0
0.99999905
1.0
1.0
1.0
0.9999999
1.0
1.0
1.0
1.0
1.0
1.0
0.9996861
1.0
1.0
1.0
1.0
1.0
1.0
1.0
0.9980388
0.97782737
1.0
0.99993896
0.9999999
1.0
1.0
1.0
0.99999917
1.0
1.0
1.0
1.0
1.0
1.0
0.9999968
1.0
1.0
1.0
1.0
1.0
1.0
1.0
1.0
0.9999968
1.0
1.0
1.0
0.99996614
0.99999976
0.9999999
0.99997795
1.0
1.0
1.0
1.0
1.0
1.0
0.99999225
1.0
0.9999995
0.9999213
0.9990701
1.0
1.0
0.99999905
1.0
1.0
0.9999862
0.99999714
1.0
1.0
1.0
1.0
0.99992704
0.9999993
0.9999517
1.0
1.0
0.9999999
1.0
1.0
1.0
1.0
1.0
1.0
1.0
1.0
1.0
1.0
0.9999994
1.0
1.0
0.9999999
1.0
1.0
1.0
0.9999999
1.0
1.0
1.0
0.99995244
1.0
1.0
1.0
0.99999595
1.0
1.0
0.99999964
0.9998741
1.0
1.0
1.0
1.0
1.0
0.9999993
0.902366
1.0
1.0
1.0
0.9999411
1.0
1.0
1.0
1.0
1.0
1.0
1.0
1.0
1.0
1.0
1.0
1.0
1.0
1.0
1.0
1.0
1.0
1.0
1.0
1.0
1.0
0.9999025
0.99999666
0.99999905
1.0
1.0
1.0
0.9999999
1.0
1.0
1.0
1.0
1.0
0.9991098
1.0
1.0
0.9999987
1.0
0.9999994
1.0
0.9999964
0.9999995
1.0
0.99999976
1.0
1.0
1.0
1.0
1.0
1.0
1.0
1.0
0.99866855
1.0
1.0
1.0
1.0
1.0
0.9999765
0.9999832
1.0
0.9999993
0.99994123
1.0
0.9999932
1.0
1.0
1.0
0.9999089
1.0
1.0
1.0
0.9999999
1.0
1.0
0.99999666
1.0
1.0
1.0
0.9999999
1.0
1.0
1.0
1.0
1.0
0.9999857
0.9959221
1.0
1.0
1.0
1.0
1.0
1.0
1.0
1.0
1.0
1.0
1.0
1.0
1.0
0.9999976
0.99999404
1.0
0.99999857
1.0
0.99999785
1.0
1.0
1.0
0.9999999
1.0
1.0
1.0
1.0
0.97125286
1.0
1.0
0.9999988
1.0
1.0
0.9999993
1.0
0.99790454
1.0
1.0
1.0
1.0
1.0
1.0
1.0
1.0
0.99824095
1.0
0.99999976
1.0
1.0
0.9991412
1.0
1.0
1.0
0.9999528
0.99999976
1.0
1.0
0.99937016
0.6304792
1.0
0.99999976
1.0
1.0
0.99999976
1.0
0.9999974
1.0
1.0
1.0
1.0
1.0
1.0
1.0
0.9999951
0.9996964
1.0
1.0
1.0
1.0
0.9999964
1.0
0.9999944
0.53098315
0.9983039
1.0
1.0
1.0
1.0
0.9999999
0.999995
1.0
1.0
1.0
1.0
1.0
0.99997294
1.0
0.9999883
0.9999863
0.9999999
1.0
1.0
1.0
1.0
0.99995303
1.0
0.99999964
1.0
1.0
0.9999995
1.0
1.0
1.0
0.9999994
1.0
0.9999995
0.99999976
1.0
1.0
1.0
0.9999995
0.9995629
0.9999831
0.99384224
1.0
0.99988127
1.0
1.0
0.99999964
1.0
1.0
0.9999999
1.0
1.0
1.0
1.0
1.0
1.0
1.0
0.9999999
1.0
1.0
0.99999547
1.0
1.0
1.0
1.0
1.0
1.0
1.0
0.9820384
1.0
1.0
0.9999999
1.0
1.0
1.0
1.0
1.0
0.9999981
1.0
1.0
1.0
1.0
1.0
1.0
1.0
1.0
1.0
1.0
1.0
1.0
1.0
1.0
1.0
1.0
1.0
0.9999993
0.9999993
1.0
1.0
1.0
0.9999417
1.0
1.0
1.0
0.99999154
1.0
0.9999994
0.99999976
1.0
1.0
1.0
0.9999969
1.0
1.0
0.9999373
1.0
1.0
1.0
1.0
1.0
1.0
1.0
1.0
0.9055196
1.0
1.0
1.0
1.0
1.0
1.0
0.99999094
1.0
0.9999987
1.0
1.0
1.0
0.9999976
0.9999999
1.0
1.0
1.0
1.0
1.0
1.0
0.9992157
1.0
1.0
1.0
1.0
1.0
1.0
1.0
0.99999833
1.0
1.0
1.0
1.0
1.0
0.99999976
1.0
0.9927285
1.0
1.0
0.99999166
1.0
0.9999999
0.99999964
0.99999976
0.941122
0.9957094
0.9999999
0.99999714
0.99903536
1.0
1.0
1.0
1.0
1.0
0.99999976
1.0
0.9999999
0.999977
1.0
1.0
0.9876062
1.0
0.9999999
1.0
1.0
1.0
1.0
0.994013
1.0
0.95653105
1.0
1.0
0.9999993
0.99996483
0.9999999
1.0
1.0
1.0
1.0
1.0
0.9891139
1.0
1.0
0.9999999
0.9996877
0.82304454
1.0
1.0
1.0
0.9999999
1.0
1.0
1.0
1.0
0.99997663
1.0
0.9796244
1.0
0.9577007
1.0
0.9999908
1.0
1.0
0.9999999
0.9999999
1.0
1.0
0.9999999
1.0
0.9999999
1.0
1.0
0.9659076
1.0
0.9990854
1.0
1.0
0.99999607
1.0
0.9999827
1.0
1.0
1.0
1.0
0.9973654
1.0
0.9974559
1.0
0.99999857
0.99800426
1.0
1.0
1.0
1.0
1.0
0.99999976
0.9999982
1.0
1.0
0.9994578
1.0
1.0
1.0
1.0
1.0
1.0
1.0
1.0
1.0
0.9999858
1.0
0.99999785
1.0
1.0
0.99999833
1.0
0.9986197
1.0
1.0
1.0
1.0
1.0
1.0
1.0
0.9999994
1.0
1.0
1.0
0.8962795
1.0
1.0
0.54010963
1.0
0.9999999
0.99996984
1.0
1.0
0.9999999
1.0
0.9999999
0.999995
1.0
1.0
1.0
1.0
1.0
1.0
0.9998771
1.0
0.99999964
1.0
1.0
1.0
1.0
0.9999999
1.0
0.99999344
1.0
1.0
1.0
1.0
1.0
1.0
1.0
1.0
1.0
1.0
1.0
1.0
1.0
1.0
0.99868995
1.0
1.0
1.0
0.9999999
1.0
1.0
1.0
1.0
0.99905807
1.0
1.0
1.0
0.92450726
1.0
1.0
0.9999933
1.0
1.0
1.0
0.99999976
1.0
1.0
1.0
1.0
1.0
1.0
1.0
1.0
1.0
0.9999999
1.0
1.0
0.99995565
1.0
1.0
1.0
1.0
1.0
1.0
1.0
1.0
1.0
1.0
1.0
0.9999999
0.9896047
0.99999964
0.8933558
1.0
0.99981576
1.0
1.0
0.9999938
1.0
0.9999999
1.0
0.99999976
0.9999844
1.0
1.0
0.9999949
1.0
1.0
1.0
1.0
1.0
1.0
1.0
0.99985945
1.0
1.0
1.0
1.0
1.0
0.9288495
0.9999993
0.9999994
0.99992216
1.0
1.0
1.0
1.0
0.9915911
0.99999905
0.99999964
1.0
1.0
1.0
1.0
0.9999999
0.9999862
0.9999627
0.9999993
1.0
1.0
1.0
1.0
1.0
1.0
1.0
1.0
0.9989035
0.99999976
0.99999535
1.0
1.0
0.9999957
0.9999982
1.0
1.0
1.0
1.0
1.0
0.96154565
1.0
1.0
1.0
1.0
0.999998
1.0
1.0
0.99996495
1.0
0.947312
0.99995613
1.0
1.0
1.0
0.9999999
1.0
1.0
1.0
1.0
0.9703907
1.0
0.9999914
0.99997747
1.0
1.0
1.0
1.0
1.0
1.0
0.9999994
1.0
1.0
1.0
1.0
1.0
1.0
0.99999285
1.0
1.0
0.99999964
1.0
1.0
1.0
1.0
0.9999881
0.9999269
1.0
1.0
0.9999988
1.0
1.0
1.0
0.99999976
1.0
1.0
0.9996325
1.0
0.9954787
1.0
1.0
1.0
1.0
1.0
0.9993222
1.0
1.0
1.0
0.9281021
1.0
0.9999999
0.9459305
1.0
1.0
1.0
1.0
1.0
1.0
1.0
0.9999994
1.0
0.9999999
1.0
1.0
1.0
0.9999999
0.9999815
1.0
1.0
1.0
1.0
1.0
0.99998665
0.99999845
1.0
0.9999927
1.0
1.0
1.0
1.0
1.0
1.0
1.0
1.0
0.9999999
1.0
1.0
1.0
1.0
0.9999964
1.0
1.0
1.0
1.0
1.0
1.0
1.0
0.99999917
0.99995124
0.9999949
1.0
1.0
1.0
1.0
0.9999999
1.0
1.0
0.99999976
1.0
1.0
0.9999999
1.0
0.99999845
0.999998
1.0
0.9999901
1.0
1.0
0.99999964
0.99999964
1.0
0.9999989
0.9999999
1.0
0.99999964
0.99999857
1.0
0.9999348
1.0
0.9999962
1.0
0.99999845
0.9999999
1.0
1.0
1.0
0.99639124
1.0
1.0
1.0
1.0
1.0
1.0
0.9999999
0.99999666
1.0
1.0
0.9999721
1.0
0.6281777
0.9999995
0.9999999
1.0
0.9999974
1.0
1.0
1.0
1.0
0.9999995
1.0
1.0
1.0
1.0
1.0
1.0
0.9999864
0.999967
0.9999999
1.0
0.9999671
1.0
1.0
0.99989355
1.0
0.8955347
1.0
1.0
1.0
0.7636158
1.0
0.99998426
1.0
1.0
1.0
0.99989593
0.9999871
1.0
1.0
1.0
0.99999976
1.0
1.0
1.0
1.0
0.99999726
1.0
0.99999714
0.9992817
1.0
1.0
1.0
0.99999976
1.0
1.0
1.0
1.0
1.0
1.0
1.0
1.0
1.0
0.98635024
0.9999999
1.0
1.0
1.0
0.99999964
0.999995
1.0
1.0
1.0
0.85059595
1.0
1.0
1.0
1.0
1.0
1.0
0.99939847
0.7783969
1.0
1.0
0.9999815
0.99993026
0.9999999
1.0
1.0
1.0
0.9983469
0.99999785
1.0
0.9999999
0.99999344
1.0
0.99898165
1.0
1.0
1.0
1.0
1.0
0.9999999
1.0
1.0
0.9999999
0.9999999
1.0
1.0
0.78068596
0.9999999
0.9999994
1.0
1.0
0.9348979
1.0
0.9999994
1.0
0.99999976
0.9999404
1.0
1.0
0.9999448
1.0
0.9999994
0.99987614
0.9999999
1.0
1.0
1.0
1.0
0.996811
1.0
0.9999994
1.0
1.0
0.9999999
1.0
0.99976534
0.99999833
0.9998641
1.0
0.99999976
1.0
1.0
1.0
1.0
1.0
1.0
1.0
0.99999666
1.0
1.0
1.0
0.9999995
0.99999857
1.0
1.0
0.99999964
1.0
1.0
1.0
1.0
1.0
1.0
1.0
1.0
1.0
1.0
0.99690944
1.0
1.0
1.0
1.0
0.99999607
0.99998724
1.0
1.0
1.0
1.0
0.99999976
1.0
1.0
1.0
0.99848324
0.9969465
1.0
1.0
0.99998355
1.0
1.0
1.0
0.9999999
1.0
0.9965509
1.0
1.0
1.0
1.0
0.9999863
1.0
1.0
0.999984
1.0
1.0
0.9999987
1.0
0.51810795
0.9999999
0.9999695
1.0
1.0
0.9999999
1.0
1.0
1.0
0.9999888
1.0
0.9999989
1.0
1.0
1.0
1.0
1.0
0.99999785
0.9917026
1.0
1.0
0.99942696
1.0
0.99999785
1.0
1.0
0.9999999
1.0
1.0
1.0
1.0
0.99999976
1.0
1.0
1.0
1.0
1.0
0.9999933
1.0
0.9999825
0.99999917
1.0
0.9999999
0.899488
1.0
0.99999964
1.0
0.9999993
1.0
1.0
1.0
0.9999459
0.99999654
0.99995196
1.0
0.9999838
0.99999976
0.9999548
1.0
0.99999917
1.0
0.8881598
1.0
1.0
1.0
1.0
1.0
0.9999982
1.0
0.9999987
1.0
1.0
0.9952893
0.9999988
1.0
1.0
0.9999999
1.0
0.99999976
1.0
1.0
0.99998724
1.0
0.99999976
1.0
1.0
1.0
0.9999999
1.0
1.0
1.0
1.0
1.0
1.0
1.0
0.99841464
1.0
0.9999912
1.0
1.0
1.0
0.99999964
1.0
1.0
1.0
0.98288834
0.99999905
0.99999356
1.0
0.9999999
1.0
1.0
0.99750334
1.0
1.0
0.92074406
0.99812526
0.9999999
0.7429389
1.0
1.0
0.99999976
0.99994385
0.9987243
1.0
0.9321095
1.0
1.0
1.0
0.9999902
1.0
0.99999964
0.999995
1.0
1.0
1.0
1.0
0.99863017
1.0
0.9999975
1.0
1.0
1.0
1.0
1.0
1.0
0.99994814
1.0
1.0
1.0
1.0
1.0
0.999997
1.0
0.63564754
1.0
0.9999999
1.0
0.99999714
1.0
1.0
0.99994886
1.0
1.0
1.0
0.99993193
0.9999616
1.0
1.0
0.9999883
1.0
1.0
0.9999982
0.99999976
1.0
1.0
0.9999199
1.0
1.0
1.0
1.0
0.9999974
1.0
1.0
0.99999833
0.9999981
1.0
0.9999956
0.99999964
0.9730005
0.9999981
1.0
0.99999976
0.9369412
1.0
1.0
0.9997942
0.99998355
1.0
1.0
1.0
1.0
1.0
1.0
1.0
1.0
1.0
1.0
1.0
1.0
1.0
0.99999976
0.9999974
1.0
1.0
1.0
0.99999964
1.0
1.0
0.9988263
1.0
1.0
0.9999924
1.0
1.0
0.9999999
1.0
1.0
1.0
1.0
1.0
1.0
1.0
0.9868895
1.0
1.0
1.0
0.999998
0.9983512
1.0
1.0
1.0
1.0
1.0
1.0
1.0
1.0
1.0
1.0
1.0
1.0
1.0
1.0
0.99995995
1.0
1.0
1.0
0.50040114
0.99999976
1.0
1.0
0.9999993
1.0
1.0
1.0
1.0
1.0
1.0
1.0
1.0
1.0
1.0
1.0
0.9999999
0.99998474
0.99998987
0.9999976
1.0
0.99999976
1.0
0.99953544
1.0
1.0
1.0
1.0
1.0
1.0
1.0
1.0
0.9999993
1.0
1.0
0.99999917
1.0
1.0
1.0
1.0
0.99999917
1.0
0.99999964
1.0
1.0
1.0
1.0
1.0
1.0
1.0
0.9999999
0.99994576
1.0
1.0
0.9999999
1.0
0.99997556
0.99998856
1.0
1.0
0.917611
1.0
1.0
0.9999999
1.0
1.0
1.0
1.0
1.0
1.0
1.0
1.0
1.0
0.9983677
0.99998355
1.0
1.0
1.0
1.0
1.0
1.0
0.9999479
0.9999999
1.0
0.9999224
0.99999475
1.0
1.0
0.99999976
1.0
0.9999995
1.0
0.9999838
1.0
1.0
1.0
1.0
0.9999982
1.0
0.99998546
0.999985
0.9912053
1.0
1.0
0.99939513
0.9999993
1.0
1.0
1.0
1.0
1.0
1.0
0.9992673
1.0
1.0
1.0
0.99999785
1.0
1.0
1.0
0.99999046
1.0
0.9913771
1.0
0.99998546
1.0
1.0
1.0
1.0
0.99999976
1.0
1.0
1.0
1.0
1.0
1.0
1.0
0.9999999
1.0
1.0
1.0
1.0
1.0
1.0
0.9806762
1.0
1.0
1.0
1.0
1.0
0.9999982
1.0
0.9999994
1.0
1.0
1.0
1.0
1.0
1.0
0.9999645
1.0
1.0
1.0
1.0
1.0
1.0
1.0
1.0
0.6095898
0.9999951
1.0
1.0
1.0
0.9999999
0.9999995
0.6108149
1.0
0.99995375
1.0
1.0
1.0
1.0
1.0
1.0
0.9986093
1.0
1.0
0.99999917
1.0
0.9999999
1.0
1.0
1.0
1.0
1.0
1.0
1.0
0.9999999
0.97525376
0.9962888
0.9999975
1.0
1.0
0.9999999
1.0
1.0
0.9999995
1.0
1.0
1.0
1.0
1.0
0.99999964
1.0
1.0
1.0
1.0
0.99999154
0.99999964
1.0
1.0
0.6305583
0.99983656
1.0
1.0
1.0
1.0
0.9999999
0.9999999
1.0
1.0
1.0
1.0
1.0
1.0
0.9722188
1.0
0.9999999
0.99999976
1.0
0.999686
0.99998355
1.0
0.9999989
1.0
0.99999976
1.0
0.9689173
1.0
0.99999845
1.0
0.9999733
1.0
1.0
1.0
0.99999976
1.0
0.99999964
1.0
0.99999976
1.0
0.9999993
1.0
0.99999905
1.0
1.0
1.0
1.0
0.99999785
1.0
0.99999976
1.0
0.9995432
1.0
1.0
1.0
0.99999523
1.0
1.0
0.99999905
1.0
1.0
0.9999987
1.0
1.0
1.0
1.0
1.0
1.0
1.0
0.9999975
1.0
1.0
1.0
1.0
0.999987
1.0
1.0
0.99999976
1.0
0.9997172
1.0
1.0
0.99996233
0.99988365
0.99999976
1.0
1.0
1.0
1.0
1.0
0.99999785
0.9999714
0.9999951
1.0
1.0
1.0
0.9724334
1.0
1.0
1.0
1.0
1.0
1.0
1.0
1.0
1.0
0.999736
0.9999999
1.0
1.0
1.0
0.99999976
1.0
1.0
1.0
1.0
1.0
1.0
0.9998816
0.9999993
1.0
1.0
0.9999994
1.0
0.99999964
0.99999964
1.0
1.0
1.0
0.9999987
0.9988355
1.0
1.0
1.0
1.0
0.9999908
1.0
0.99999213
1.0
1.0
1.0
0.9999995
1.0
1.0
1.0
1.0
1.0
1.0
1.0
0.99999905
1.0
1.0
1.0
1.0
1.0
0.9999994
1.0
1.0
1.0
1.0
0.9999999
1.0
1.0
1.0
1.0
1.0
1.0
1.0
1.0
0.9999999
1.0
1.0
1.0
1.0
1.0
0.99999976
1.0
1.0
1.0
1.0
1.0
1.0
1.0
1.0
1.0
1.0
0.99999666
1.0
0.99999976
1.0
1.0
1.0
1.0
1.0
1.0
1.0
1.0
1.0
1.0
1.0
1.0
1.0
1.0
1.0
1.0
1.0
1.0
0.9997235
0.99999976
1.0
1.0
1.0
1.0
1.0
0.9999924
1.0
1.0
1.0
1.0
1.0
1.0
1.0
1.0
1.0
0.9999999
0.9999999
0.9999987
1.0
0.99999917
1.0
0.9999999
0.99999976
1.0
1.0
1.0
1.0
1.0
0.9999999
1.0
0.9999974
1.0
1.0
1.0
1.0
1.0
1.0
1.0
1.0
0.9999999
1.0
1.0
1.0
1.0
1.0
0.9999995
1.0
1.0
0.9999999
1.0
1.0
1.0
1.0
1.0
1.0
1.0
1.0
1.0
0.9993699
1.0
1.0
1.0
1.0
1.0
1.0
1.0
1.0
0.99999964
1.0
1.0
1.0
0.9999784
1.0
1.0
1.0
1.0
0.9999999
0.9999999
1.0
1.0
1.0
1.0
1.0
0.9999995
1.0
1.0
1.0
1.0
1.0
1.0
0.9506762
1.0
1.0
1.0
1.0
1.0
0.9928543
1.0
1.0
1.0
1.0
1.0
1.0
1.0
1.0
1.0
1.0
0.9999994
1.0
1.0
1.0
0.9999999
1.0
1.0
0.99999976
1.0
1.0
1.0
1.0
1.0
1.0
1.0
1.0
1.0
1.0
0.9999633
1.0
1.0
1.0
1.0
0.99892956
0.99999976
0.9987204
1.0
0.9999989
1.0
0.99999976
1.0
0.9999933
1.0
1.0
0.9999999
1.0
1.0
0.9999999
1.0
1.0
1.0
1.0
1.0
1.0
1.0
0.9999603
1.0
1.0
1.0
1.0
1.0
1.0
0.9995359
1.0
1.0
1.0
1.0
1.0
1.0
1.0
1.0
1.0
1.0
1.0
1.0
1.0
0.9999999
1.0
1.0
1.0
0.95203143
1.0
1.0
1.0
0.9999999
1.0
1.0
1.0
1.0
1.0
1.0
1.0
1.0
1.0
0.99999976
0.999931
0.9999999
1.0
1.0
0.9999814
1.0
1.0
0.99970764
0.9999987
0.99999964
1.0
1.0
1.0
1.0
1.0
1.0
1.0
0.9995253
1.0
1.0
1.0
1.0
1.0
1.0
1.0
1.0
1.0
0.9995363
1.0
1.0
1.0
1.0
1.0
1.0
1.0
1.0
1.0
0.99999714
1.0
1.0
1.0
1.0
1.0
1.0
1.0
1.0
1.0
1.0
1.0
1.0
0.9999995
1.0
1.0
1.0
1.0
1.0
1.0
1.0
1.0
1.0
1.0
1.0
1.0
1.0
1.0
1.0
1.0
1.0
1.0
1.0
0.93824095
1.0
1.0
1.0
0.9999993
1.0
1.0
1.0
1.0
1.0
1.0
1.0
0.99999833
1.0
1.0
1.0
1.0
1.0
1.0
1.0
1.0
1.0
1.0
1.0
0.9999999
1.0
1.0
1.0
1.0
0.9999999
1.0
1.0
1.0
1.0
1.0
1.0
1.0
1.0
1.0
1.0
1.0
1.0
1.0
1.0
1.0
1.0
1.0
1.0
1.0
1.0
1.0
1.0
1.0
1.0
1.0
1.0
1.0
1.0
1.0
1.0
1.0
1.0
1.0
0.9999999
1.0
1.0
0.99999976
1.0
1.0
1.0
0.99999964
1.0
1.0
1.0
0.99999976
1.0
0.99999964
1.0
0.99997663
1.0
1.0
1.0
1.0
1.0
1.0
1.0
1.0
1.0
1.0
1.0
1.0
1.0
1.0
0.99999976
1.0
1.0
1.0
1.0
1.0
1.0
1.0
1.0
1.0
1.0
1.0
1.0
1.0
1.0
1.0
1.0
1.0
1.0
1.0
1.0
1.0
1.0
1.0
1.0
0.99999905
0.99995494
1.0
1.0
1.0
1.0
1.0
1.0
0.99994373
1.0
1.0
1.0
1.0
1.0
1.0
1.0
1.0
1.0
1.0
1.0
1.0
1.0
1.0
1.0
1.0
1.0
1.0
1.0
1.0
1.0
1.0
1.0
1.0
1.0
1.0
1.0
1.0
1.0
1.0
1.0
1.0
1.0
1.0
1.0
1.0
1.0
1.0
1.0
1.0
1.0
1.0
1.0
1.0
0.9999999
1.0
1.0
1.0
1.0
1.0
1.0
1.0
1.0
1.0
1.0
1.0
1.0
1.0
1.0
1.0
1.0
0.99999905
1.0
1.0
0.9996667
0.99999976
1.0
0.99999976
1.0
1.0
1.0
1.0
1.0
1.0
1.0
1.0
1.0
1.0
1.0
1.0
1.0
1.0
1.0
1.0
1.0
1.0
1.0
1.0
0.9999989
0.9999939
1.0
1.0
1.0
1.0
1.0
1.0
1.0
1.0
0.99999726
1.0
1.0
0.99999464
1.0
0.9999641
1.0
1.0
0.9992772
1.0
1.0
1.0
1.0
0.999977
1.0
1.0
1.0
0.99999285
1.0
1.0
1.0
0.9999999
0.99999917
1.0
0.9999999
1.0
1.0
0.9999753
1.0
1.0
0.9997166
1.0
1.0
1.0
1.0
1.0
1.0
1.0
0.9999995
1.0
1.0
1.0
1.0
1.0
0.99993515
0.99999976
1.0
1.0
1.0
0.9999999
1.0
0.9999988
1.0
1.0
1.0
1.0
1.0
0.9999999
0.9999999
1.0
1.0
0.99998975
1.0
1.0
0.99999976
1.0
1.0
0.99988973
1.0
1.0
0.9999987
1.0
1.0
1.0
1.0
0.99999726
1.0
1.0
0.9842988
1.0
0.99999654
1.0
0.9999999
0.99999344
1.0
0.9999999
0.9969824
0.9999987
1.0
1.0
1.0
0.9999995
0.9999999
0.99998975
1.0
1.0
1.0
1.0
0.9998165
0.9999875
1.0
1.0
1.0
1.0
1.0
1.0
1.0
1.0
1.0
1.0
1.0
0.99999976
1.0
1.0
1.0
1.0
1.0
1.0
1.0
1.0
0.99850285
0.9999213
0.99999917
1.0
1.0
1.0
1.0
0.99999964
1.0
1.0
1.0
1.0
0.9999999
1.0
1.0
0.9999945
1.0
1.0
1.0
1.0
0.9999987
1.0
0.99999845
1.0
1.0
1.0
1.0
0.99999166
1.0
1.0
1.0
1.0
0.9999993
0.9999969
1.0
1.0
1.0
1.0
1.0
1.0
1.0
0.99999976
1.0
1.0
0.9998579
1.0
1.0
1.0
1.0
1.0
0.9999995
0.9999999
1.0
1.0
1.0
0.9999999
0.99999964
1.0
0.99479926
0.99976844
0.9812727
1.0
1.0
1.0
1.0
1.0
0.99999917
0.9999999
1.0
0.9999472
1.0
1.0
1.0
0.9980323
1.0
1.0
0.99917835
1.0
0.9999999
1.0
0.99999976
1.0
1.0
1.0
1.0
1.0
1.0
1.0
1.0
1.0
1.0
1.0
1.0
0.9999994
1.0
1.0
1.0
0.99999654
1.0
1.0
1.0
1.0
0.99999964
1.0
1.0
1.0
1.0
1.0
1.0
1.0
1.0
1.0
1.0
1.0
1.0
1.0
1.0
1.0
1.0
1.0
1.0
1.0
1.0
1.0
1.0
0.9994221
0.9999968
1.0
1.0
1.0
1.0
1.0
1.0
1.0
1.0
1.0
1.0
1.0
1.0
1.0
1.0
1.0
1.0
1.0
1.0
1.0
1.0
0.9999999
1.0
1.0
1.0
0.9999478
0.999985
1.0
1.0
1.0
1.0
0.9999951
1.0
0.99998605
1.0
1.0
1.0
1.0
1.0
1.0
0.9999969
1.0
1.0
1.0
1.0
1.0
1.0
1.0
1.0
1.0
1.0
1.0
1.0
1.0
1.0
1.0
1.0
1.0
1.0
1.0
1.0
1.0
1.0
1.0
1.0
1.0
1.0
1.0
1.0
1.0
1.0
1.0
1.0
1.0
1.0
0.9944965
1.0
1.0
1.0
1.0
1.0
1.0
1.0
0.99999976
1.0
0.999856
0.9980578
1.0
0.99999857
0.9999999
1.0
1.0
1.0
1.0
1.0
1.0
1.0
1.0
1.0
1.0
1.0
0.9999995
1.0
1.0
0.9999989
1.0
1.0
1.0
1.0
1.0
0.9999962
1.0
1.0
1.0
1.0
1.0
0.99999845
1.0
1.0
0.9999999
0.99999785
1.0
0.9999999
1.0
0.99976224
1.0
1.0
1.0
1.0
1.0
1.0
1.0
1.0
0.9999988
0.7495843
0.9952827
1.0
0.9999943
1.0
1.0
1.0
0.9999999
1.0
1.0
1.0
1.0
1.0
0.9999951
0.99999976
1.0
1.0
1.0
1.0
0.9767244
1.0
1.0
1.0
0.9999974
1.0
0.99991536
1.0
0.99999905
1.0
0.9999999
1.0
1.0
1.0
1.0
0.9999999
1.0
0.9999912
0.99982446
1.0
0.9999989
1.0
1.0
0.9999999
1.0
0.99999917
0.99647224
0.9979759
0.9999999
0.99999964
0.9999995
0.9999999
0.99999654
1.0
0.9999999
1.0
0.9999999
0.99999917
1.0
1.0
1.0
1.0
0.99834824
0.99999595
0.9999999
0.9999994
1.0
1.0
1.0
0.99941325
0.9999999
0.99999774
0.99999905
0.99999833
0.9999958
0.9999994
0.999539
1.0
1.0
1.0
0.9999999
1.0
1.0
1.0
1.0
0.9999988
1.0
1.0
0.9995295
1.0
1.0
0.99991703
1.0
0.99999917
0.9999999
1.0
0.9999976
1.0
1.0
1.0
0.9997627
1.0
0.9999974
0.9999999
1.0
1.0
1.0
0.9999584
0.99999964
1.0
0.99999833
1.0
1.0
0.9999993
1.0
0.9999999
1.0
1.0
0.99999833
0.9999989
1.0
1.0
1.0
1.0
0.9999081
1.0
1.0
1.0
0.9999999
1.0
0.9919478
1.0
1.0
1.0
1.0
0.9999999
0.99936885
0.9999994
0.99999976
1.0
0.9999999
1.0
1.0
1.0
1.0
0.9999994
0.9967572
1.0
0.9999999
1.0
1.0
1.0
1.0
1.0
1.0
1.0
0.97166437
1.0
0.99998057
1.0
1.0
1.0
1.0
1.0
1.0
1.0
0.99998605
1.0
1.0
1.0
1.0
1.0
1.0
1.0
1.0
0.99999964
1.0
0.9994035
1.0
1.0
0.99999964
1.0
1.0
1.0
1.0
1.0
1.0
1.0
1.0
0.99999905
1.0
0.99999976
1.0
1.0
1.0
1.0
1.0
1.0
1.0
1.0
1.0
1.0
1.0
1.0
1.0
1.0
1.0
1.0
1.0
1.0
1.0
1.0
0.9999999
1.0
1.0
1.0
1.0
1.0
1.0
1.0
1.0
1.0
0.99994457
1.0
1.0
1.0
0.9999926
1.0
1.0
1.0
1.0
0.94320595
1.0
0.9999751
1.0
1.0
1.0
0.9981311
0.98492384
0.99988043
1.0
1.0
1.0
1.0
1.0
1.0
1.0
1.0
1.0
1.0
1.0
1.0
1.0
1.0
1.0
1.0
1.0
1.0
1.0
1.0
1.0
1.0
1.0
1.0
1.0
1.0
1.0
1.0
1.0
1.0
1.0
1.0
1.0
1.0
1.0
1.0
1.0
1.0
1.0
1.0
1.0
1.0
1.0
1.0
1.0
1.0
1.0
1.0
1.0
1.0
1.0
1.0
1.0
1.0
1.0
1.0
1.0
1.0
1.0
0.9999999
1.0
1.0
1.0
1.0
1.0
1.0
1.0
1.0
0.9999993
1.0
1.0
1.0
1.0
1.0
1.0
1.0
1.0
1.0
1.0
1.0
1.0
1.0
1.0
1.0
1.0
1.0
1.0
1.0
1.0
1.0
1.0
1.0
1.0
1.0
1.0
1.0
1.0
1.0
1.0
1.0
1.0
1.0
1.0
1.0
1.0
1.0
1.0
1.0
1.0
1.0
1.0
1.0
1.0
1.0
1.0
1.0
1.0
1.0
1.0
1.0
1.0
1.0
1.0
1.0
1.0
1.0
1.0
1.0
1.0
1.0
0.99999905
1.0
1.0
1.0
1.0
1.0
1.0
1.0
1.0
1.0
1.0
1.0
1.0
1.0
1.0
1.0
1.0
1.0
1.0
0.9999999
1.0
1.0
1.0
1.0
1.0
1.0
1.0
1.0
1.0
1.0
1.0
1.0
1.0
1.0
1.0
1.0
1.0
1.0
1.0
1.0
1.0
1.0
0.99999964
1.0
1.0
1.0
1.0
1.0
1.0
1.0
1.0
1.0
1.0
1.0
1.0
1.0
1.0
1.0
1.0
1.0
1.0
1.0
1.0
1.0
1.0
1.0
1.0
1.0
1.0
1.0
1.0
1.0
1.0
1.0
1.0
1.0
1.0
1.0
1.0
1.0
1.0
1.0
1.0
1.0
1.0
1.0
0.9999995
0.99999976
0.99997985
1.0
1.0
1.0
1.0
0.99999976
1.0
0.9999604
1.0
1.0
1.0
1.0
1.0
1.0
1.0
0.99999976
1.0
1.0
0.99999523
1.0
1.0
1.0
1.0
1.0
1.0
0.99999964
1.0
0.9999999
1.0
1.0
1.0
1.0
1.0
0.99999523
1.0
0.99999976
1.0
1.0
1.0
1.0
1.0
1.0
1.0
1.0
1.0
1.0
1.0
1.0
1.0
1.0
1.0
1.0
1.0
1.0
1.0
1.0
1.0
1.0
1.0
1.0
1.0
1.0
1.0
1.0
1.0
1.0
1.0
1.0
1.0
1.0
1.0
1.0
1.0
1.0
1.0
1.0
1.0
1.0
0.9999924
1.0
1.0
1.0
1.0
1.0
1.0
1.0
1.0
0.99996066
1.0
1.0
1.0
1.0
1.0
1.0
1.0
1.0
1.0
1.0
1.0
1.0
1.0
1.0
0.9996946
1.0
1.0
1.0
1.0
1.0
1.0
1.0
1.0
1.0
0.99956197
1.0
1.0
1.0
1.0
1.0
0.9999999
0.9999999
1.0
1.0
1.0
1.0
0.9999999
1.0
1.0
1.0
1.0
1.0
0.99999964
1.0
1.0
1.0
1.0
0.99999976
1.0
1.0
1.0
0.99938774
1.0
1.0
1.0
1.0
1.0
0.9998135
1.0
0.9999999
1.0
0.9999988
0.99999976
0.99999726
1.0
0.9999999
1.0
1.0
0.9999987
1.0
1.0
0.9999999
0.99999833
0.99898
0.51063836
0.99999976
0.9973622
0.9768464
0.9999926
0.77455306
0.9967368
1.0
1.0
1.0
0.9999926
1.0
0.9999999
0.99988806
0.9998109
0.9999975
0.8831564
0.9980337
0.99998283
0.99999666
0.99999917
0.78665155
0.99999416
0.9992755
0.9999999
0.9999982
1.0
1.0
1.0
0.9999999
1.0
1.0
1.0
1.0
1.0
1.0
1.0
0.9999758
1.0
1.0
1.0
0.9999844
0.9995196
0.962715
0.99872166
0.9999999
1.0
0.9999839
0.9936208
1.0
0.9997818
1.0
1.0
0.99990237
0.9999999
0.99999976
1.0
1.0
0.9999975
0.99998796
0.99991953
1.0
0.9999784
0.99999964
1.0
1.0
0.999997
0.99999833
1.0
0.9999999
0.7360744
1.0
0.9999999
0.9999999
1.0
1.0
0.99997365
0.99041045
1.0
1.0
1.0
0.9999993
1.0
1.0
1.0
1.0
0.9999999
1.0
1.0
1.0
0.99999964
1.0
1.0
1.0
1.0
1.0
0.8989906
1.0
1.0
1.0
1.0
1.0
1.0
1.0
1.0
1.0
0.9999993
0.9999808
1.0
1.0
1.0
1.0
0.99999976
0.9999999
1.0
1.0
1.0
0.99999666
1.0
1.0
1.0
1.0
1.0
1.0
1.0
1.0
0.99999976
1.0
1.0
1.0
1.0
1.0
1.0
0.9999988
1.0
1.0
0.99999857
1.0
1.0
0.99999976
1.0
1.0
1.0
1.0
1.0
0.9999999
1.0
1.0
1.0
1.0
1.0
0.9999825
1.0
1.0
1.0
0.9999989
1.0
1.0
1.0
1.0
0.99999976
1.0
1.0
0.9999964
1.0
0.9999999
0.99989057
0.9999995
1.0
0.9999995
0.99999976
1.0
1.0
1.0
1.0
1.0
1.0
0.99999917
1.0
1.0
1.0
1.0
1.0
1.0
1.0
0.9991036
0.9999994
1.0
0.99999976
0.9998698
0.9999989
1.0
0.99997485
1.0
0.9999995
1.0
0.9999999
1.0
1.0
0.9999999
0.9996501
0.99965644
1.0
1.0
0.9999962
1.0
1.0
0.9999999
1.0
1.0
1.0
1.0
1.0
0.999923
0.99930286
1.0
1.0
1.0
1.0
1.0
1.0
1.0
1.0
1.0
1.0
0.9998573
1.0
1.0
0.86883813
0.99999905
0.99999976
1.0
0.9999999
1.0
1.0
1.0
0.99999917
1.0
0.9999999
1.0
1.0
0.9999609
1.0
1.0
1.0
1.0
1.0
1.0
1.0
1.0
1.0
0.9999999
0.99999166
1.0
1.0
1.0
0.9999989
1.0
0.9999989
1.0
1.0
1.0
0.99999297
1.0
1.0
1.0
1.0
1.0
1.0
1.0
1.0
1.0
0.99999845
1.0
1.0
1.0
1.0
1.0
1.0
1.0
1.0
1.0
1.0
1.0
0.99999726
1.0
1.0
1.0
1.0
1.0
1.0
1.0
0.9949537
1.0
1.0
1.0
1.0
1.0
1.0
1.0
1.0
1.0
1.0
1.0
1.0
1.0
1.0
1.0
1.0
1.0
1.0
1.0
1.0
1.0
1.0
1.0
1.0
0.99999976
1.0
1.0
1.0
1.0
1.0
0.99999964
1.0
0.9999999
1.0
1.0
0.9999734
1.0
1.0
0.9999993
1.0
1.0
1.0
1.0
1.0
1.0
1.0
1.0
0.9992569
1.0
1.0
1.0
0.9999987
1.0
1.0
1.0
1.0
1.0
1.0
0.99999964
1.0
1.0
0.9999999
0.9999989
1.0
1.0
1.0
0.9999999
1.0
1.0
1.0
1.0
0.9999809
1.0
1.0
1.0
0.99999976
1.0
1.0
0.9999995
1.0
1.0
1.0
1.0
1.0
1.0
1.0
1.0
1.0
1.0
1.0
1.0
1.0
0.9999993
1.0
1.0
1.0
1.0
0.9999881
1.0
1.0
1.0
1.0
1.0
1.0
1.0
1.0
0.99999845
1.0
1.0
1.0
1.0
1.0
1.0
1.0
0.99999976
1.0
0.9999999
1.0
1.0
1.0
1.0
1.0
1.0
0.99999774
1.0
1.0
1.0
1.0
1.0
1.0
1.0
1.0
0.9999994
0.9999999
1.0
1.0
1.0
1.0
1.0
1.0
1.0
1.0
1.0
1.0
1.0
1.0
1.0
1.0
1.0
1.0
0.99999964
1.0
1.0
1.0
1.0
1.0
1.0
1.0
1.0
1.0
1.0
1.0
1.0
1.0
1.0
1.0
1.0
1.0
1.0
1.0
1.0
1.0
1.0
1.0
1.0
1.0
1.0
1.0
1.0
1.0
0.9999999
1.0
0.99999857
0.99999976
1.0
1.0
1.0
1.0
1.0
1.0
1.0
1.0
1.0
1.0
1.0
0.99999976
1.0
1.0
1.0
1.0
1.0
0.99950075
0.9999999
1.0
1.0
1.0
0.99857366
1.0
1.0
1.0
1.0
1.0
1.0
0.9999999
1.0
1.0
0.99999976
1.0
1.0
1.0
1.0
0.9999999
0.9999999
0.99999964
1.0
1.0
0.99999964
1.0
1.0
1.0
1.0
0.99999964
1.0
0.9999993
1.0
1.0
0.9999999
1.0
1.0
1.0
1.0
0.9999999
1.0
1.0
1.0
0.999987
0.9999516
0.99999976
1.0
1.0
0.9999999
1.0
0.9999999
1.0
1.0
1.0
1.0
1.0
1.0
0.99999726
1.0
1.0
1.0
1.0
1.0
1.0
1.0
0.9999995
1.0
1.0
1.0
1.0
1.0
0.99665064
1.0
1.0
1.0
1.0
1.0
1.0
1.0
1.0
1.0
1.0
0.9999988
1.0
1.0
0.9999993
1.0
1.0
1.0
1.0
1.0
1.0
1.0
1.0
1.0
1.0
1.0
1.0
0.99999964
1.0
1.0
1.0
1.0
1.0
0.99985075
1.0
1.0
1.0
1.0
1.0
1.0
1.0
1.0
1.0
1.0
1.0
1.0
1.0
1.0
1.0
1.0
1.0
1.0
1.0
0.9999999
1.0
1.0
0.9999999
1.0
0.99999976
1.0
1.0
1.0
1.0
1.0
1.0
1.0
1.0
1.0
1.0
1.0
1.0
1.0
1.0
1.0
0.9999999
1.0
1.0
0.9980147
1.0
1.0
1.0
1.0
1.0
0.9999995
1.0
1.0
1.0
0.9999565
0.9999999
0.99999964
1.0
0.99999213
1.0
1.0
1.0
0.9972996
0.99999976
1.0
1.0
0.9999844
1.0
1.0
1.0
1.0
1.0
0.9999999
1.0
1.0
0.99999964
1.0
1.0
1.0
0.99999857
1.0
0.99960595
1.0
1.0
1.0
1.0
0.99991846
0.9999999
1.0
1.0
1.0
1.0
1.0
0.9999999
1.0
0.9999995
1.0
1.0
1.0
1.0
1.0
1.0
1.0
1.0
0.9999994
0.99999774
1.0
1.0
0.99999976
1.0
1.0
0.9999999
1.0
0.9999931
0.9999982
1.0
1.0
0.99999964
1.0
1.0
1.0
1.0
1.0
1.0
0.99999964
1.0
1.0
1.0
1.0
1.0
1.0
1.0
1.0
1.0
0.9999999
1.0
1.0
0.99999976
1.0
1.0
0.9999999
1.0
1.0
1.0
1.0
1.0
1.0
1.0
1.0
1.0
0.9999982
1.0
1.0
1.0
1.0
0.99995565
1.0
1.0
1.0
1.0
1.0
1.0
1.0
1.0
1.0
1.0
1.0
1.0
1.0
1.0
1.0
1.0
1.0
1.0
1.0
1.0
1.0
1.0
1.0
1.0
0.9999994
1.0
1.0
1.0
1.0
1.0
1.0
1.0
1.0
1.0
1.0
1.0
1.0
1.0
1.0
0.9999958
1.0
1.0
1.0
1.0
0.9999447
1.0
1.0
1.0
1.0
1.0
1.0
1.0
1.0
1.0
1.0
1.0
1.0
1.0
1.0
1.0
0.99999964
1.0
1.0
1.0
1.0
0.99999976
1.0
1.0
1.0
1.0
1.0
1.0
1.0
1.0
0.9999963
1.0
1.0
1.0
0.9999999
1.0
0.99999976
1.0
1.0
1.0
1.0
1.0
1.0
1.0
1.0
1.0
1.0
0.99999976
1.0
0.99999905
0.9999956
1.0
1.0
1.0
0.9999999
1.0
1.0
1.0
1.0
0.9999366
1.0
0.99999976
0.9999927
1.0
1.0
1.0
0.9999999
1.0
1.0
0.9999981
1.0
0.99999976
1.0
0.9999988
1.0
1.0
0.99999964
0.99999964
0.9997212
1.0
0.9941549
1.0
1.0
1.0
1.0
0.9999999
1.0
0.9999912
1.0
0.9999995
1.0
0.9999912
1.0
0.9999994
1.0
1.0
1.0
0.9997482
1.0
1.0
1.0
1.0
0.99999976
0.9999999
1.0
1.0
1.0
0.9999769
1.0
0.9999999
1.0
0.9999994
1.0
1.0
1.0
1.0
1.0
1.0
0.9982133
0.9999982
1.0
1.0
0.9999863
0.9999999
1.0
1.0
1.0
1.0
1.0
0.9999896
1.0
1.0
1.0
1.0
0.9999999
1.0
0.99999857
0.9999974
0.99998796
1.0
1.0
1.0
1.0
1.0
0.99994946
1.0
1.0
1.0
1.0
0.99999857
0.99999976
0.9999981
1.0
1.0
1.0
1.0
1.0
0.99999976
1.0
1.0
0.9999554
1.0
1.0
1.0
1.0
1.0
1.0
1.0
1.0
1.0
0.9999962
1.0
1.0
1.0
1.0
1.0
1.0
1.0
1.0
1.0
0.99999976
1.0
1.0
1.0
1.0
0.9999994
1.0
1.0
1.0
1.0
1.0
0.9998741
1.0
1.0
1.0
1.0
1.0
1.0
0.9999999
1.0
1.0
1.0
1.0
1.0
0.9999999
1.0
1.0
1.0
1.0
1.0
1.0
0.99999964
1.0
1.0
1.0
0.9999852
1.0
1.0
1.0
0.99999964
0.99927455
1.0
1.0
1.0
1.0
1.0
0.9999975
1.0
1.0
1.0
1.0
1.0
0.9999995
1.0
1.0
1.0
1.0
1.0
1.0
1.0
1.0
1.0
1.0
1.0
1.0
1.0
1.0
1.0
1.0
1.0
1.0
1.0
0.9999975
1.0
0.99999964
1.0
1.0
1.0
1.0
1.0
1.0
1.0
1.0
1.0
1.0
0.9999982
1.0
1.0
1.0
1.0
1.0
1.0
1.0
0.9999981
1.0
1.0
1.0
1.0
1.0
1.0
1.0
1.0
1.0
0.9999995
0.99999976
0.9999999
1.0
1.0
1.0
1.0
1.0
1.0
1.0
1.0
1.0
1.0
1.0
0.9999988
1.0
1.0
1.0
1.0
0.9999999
1.0
1.0
0.99999976
1.0
1.0
1.0
1.0
1.0
1.0
1.0
1.0
1.0
1.0
1.0
1.0
0.99999595
0.9999994
1.0
1.0
1.0
1.0
1.0
0.9999995
1.0
1.0
1.0
0.9999995
1.0
1.0
1.0
1.0
1.0
0.9999999
1.0
1.0
0.99999976
1.0
1.0
1.0
1.0
1.0
1.0
1.0
1.0
1.0
1.0
1.0
1.0
1.0
1.0
1.0
1.0
1.0
1.0
1.0
1.0
1.0
1.0
1.0
1.0
1.0
1.0
1.0
0.9999994
1.0
1.0
1.0
1.0
1.0
1.0
1.0
0.99999976
0.99999964
1.0
1.0
0.99999917
1.0
0.9999943
0.99998903
0.9999329
1.0
1.0
1.0
1.0
1.0
1.0
1.0
1.0
1.0
0.9999999
1.0
1.0
0.9999994
1.0
1.0
1.0
1.0
1.0
1.0
1.0
1.0
1.0
1.0
1.0
1.0
1.0
1.0
1.0
1.0
1.0
1.0
1.0
1.0
1.0
1.0
1.0
1.0
1.0
1.0
1.0
0.9999999
1.0
1.0
1.0
0.9999999
1.0
0.9999993
0.9999999
1.0
0.99999523
1.0
1.0
1.0
0.9999995
1.0
1.0
1.0
1.0
1.0
1.0
0.9999615
1.0
1.0
0.9999505
1.0
0.9999993
1.0
1.0
1.0
0.99999976
1.0
1.0
1.0
1.0
1.0
0.99998677
0.9999337
1.0
1.0
1.0
1.0
1.0
1.0
1.0
0.99993086
0.9999969
0.9999999
1.0
1.0
0.99999964
1.0
1.0
1.0
1.0
1.0
1.0
1.0
1.0
1.0
1.0
0.9999999
1.0
0.9989581
1.0
0.9999944
0.99997354
1.0
0.9999995
0.9999398
1.0
0.9999099
1.0
0.97404784
0.9999975
0.99918646
0.99999976
0.9997693
1.0
1.0
0.99981827
0.9999958
0.9999989
0.99999964
0.99974185
1.0
1.0
1.0
1.0
0.9999999
1.0
1.0
0.99999964
0.9999999
1.0
1.0
1.0
1.0
1.0
0.9999999
0.9999999
1.0
1.0
1.0
1.0
1.0
1.0
1.0
1.0
1.0
0.9999999
0.99999976
1.0
1.0
1.0
0.9999999
1.0
1.0
1.0
1.0
0.99999976
1.0
0.99999917
0.9990526
0.9999914
1.0
0.9993218
0.9999989
1.0
1.0
1.0
1.0
1.0
1.0
1.0
0.9999975
0.9999958
1.0
0.9999999
0.999009
0.999984
0.99999964
0.9999685
1.0
0.9999975
0.99999297
1.0
1.0
0.9999994
0.9999745
1.0
0.9999908
0.9888837
1.0
1.0
1.0
1.0
1.0
0.99999917
1.0
1.0
1.0
1.0
1.0
1.0
1.0
1.0
1.0
1.0
0.99999976
1.0
1.0
1.0
1.0
1.0
1.0
0.99999964
1.0
1.0
1.0
1.0
1.0
1.0
1.0
0.99999976
1.0
1.0
1.0
0.9999994
1.0
1.0
1.0
1.0
1.0
1.0
0.9991984
1.0
1.0
1.0
1.0
1.0
1.0
0.99998057
1.0
1.0
1.0
1.0
1.0
1.0
0.9999025
1.0
1.0
1.0
1.0
0.9999449
0.999329
1.0
1.0
1.0
1.0
1.0
1.0
0.99999976
0.9999982
0.9999999
1.0
1.0
0.99999964
1.0
1.0
1.0
1.0
0.999905
1.0
1.0
1.0
1.0
1.0
1.0
1.0
0.99999654
1.0
1.0
1.0
0.99998915
1.0
0.99999905
1.0
1.0
1.0
1.0
1.0
0.9999999
1.0
0.9999969
1.0
1.0
1.0
1.0
1.0
1.0
1.0
1.0
1.0
1.0
1.0
1.0
0.9999846
0.9999999
1.0
1.0
0.99999344
1.0
1.0
1.0
1.0
1.0
1.0
1.0
1.0
1.0
1.0
1.0
0.9791322
1.0
0.98617387
0.99999976
0.99999857
0.9999981
0.99999905
1.0
1.0
1.0
0.9997199
1.0
0.9999292
1.0
1.0
1.0
0.999997
1.0
1.0
0.9999993
0.9999713
1.0
0.9999428
1.0
1.0
0.99999905
1.0
1.0
1.0
1.0
1.0
1.0
0.9999846
0.9999796
0.9999261
0.8361225
0.9998981
1.0
0.99999857
1.0
1.0
1.0
0.9999999
0.9999685
1.0
0.9999709
0.9999709
0.99999166
0.9999174
1.0
1.0
0.99995244
1.0
1.0
1.0
1.0
0.9999914
1.0
1.0
1.0
1.0
1.0
1.0
1.0
1.0
1.0
1.0
0.99999964
1.0
0.99714833
1.0
1.0
1.0
1.0
1.0
1.0
1.0
1.0
1.0
1.0
1.0
1.0
1.0
1.0
0.9999999
0.99999964
1.0
1.0
1.0
1.0
1.0
1.0
0.99998856
1.0
1.0
1.0
1.0
1.0
1.0
1.0
1.0
1.0
1.0
1.0
1.0
1.0
0.99999964
1.0
1.0
1.0
1.0
1.0
1.0
1.0
1.0
1.0
1.0
1.0
1.0
1.0
1.0
1.0
0.99997044
0.99989736
0.99999976
0.9999987
0.99999976
1.0
1.0
1.0
1.0
1.0
1.0
1.0
1.0
1.0
1.0
0.99956316
0.9999999
0.9999999
1.0
1.0
1.0
1.0
0.9999989
1.0
1.0
1.0
1.0
1.0
1.0
0.9999999
1.0
1.0
0.9999999
1.0
1.0
1.0
0.99999034
1.0
1.0
1.0
1.0
1.0
1.0
1.0
1.0
1.0
1.0
0.9999988
1.0
1.0
1.0
1.0
1.0
1.0
1.0
1.0
1.0
1.0
1.0
1.0
1.0
1.0
0.99999905
0.99999464
1.0
0.9812214
1.0
1.0
1.0
1.0
1.0
0.9999999
1.0
0.99999774
0.9999962
0.99999917
0.9999999
1.0
0.9999789
1.0
1.0
1.0
1.0
1.0
0.9999994
1.0
0.99999976
1.0
1.0
1.0
1.0
0.9999999
0.9979634
0.9999995
1.0
1.0
0.999928
0.99996924
0.99999976
1.0
0.99999976
0.9999974
1.0
0.99999964
1.0
0.9999999
0.9999994
0.99999774
1.0
1.0
1.0
1.0
1.0
1.0
1.0
0.9999994
1.0
1.0
1.0
1.0
1.0
1.0
1.0
0.9999994
0.9999999
1.0
1.0
1.0
1.0
0.99999976
0.99972445
1.0
0.99999523
1.0
0.9999298
0.97763264
0.9999968
1.0
1.0
0.99998486
0.99999976
0.99999905
1.0
1.0
0.9999101
0.9929396
1.0
1.0
1.0
0.99999976
1.0
0.9987066
0.9999999
0.99999964
1.0
1.0
1.0
1.0
0.99999976
1.0
1.0
1.0
1.0
1.0
1.0
1.0
1.0
1.0
0.9999999
1.0
1.0
1.0
1.0
1.0
1.0
1.0
1.0
1.0
1.0
1.0
1.0
1.0
1.0
1.0
1.0
1.0
1.0
1.0
1.0
1.0
1.0
1.0
1.0
0.99991703
0.99999714
0.9999974
1.0
0.9999999
1.0
1.0
1.0
0.99930453
0.9999994
1.0
1.0
1.0
1.0
1.0
0.99999976
1.0
1.0
1.0
1.0
1.0
1.0
1.0
0.9999995
1.0
1.0
1.0
1.0
1.0
1.0
1.0
1.0
0.93349165
1.0
0.83715236
1.0
0.9999999
1.0
1.0
1.0
1.0
1.0
1.0
1.0
1.0
1.0
1.0
1.0
1.0
1.0
1.0
1.0
0.9999956
1.0
1.0
1.0
1.0
0.99999905
1.0
1.0
1.0
1.0
1.0
1.0
1.0
1.0
1.0
1.0
1.0
1.0
1.0
1.0
1.0
1.0
1.0
1.0
1.0
1.0
1.0
1.0
1.0
1.0
1.0
1.0
1.0
0.9999987
1.0
1.0
1.0
1.0
1.0
1.0
1.0
1.0
1.0
0.9999999
1.0
1.0
1.0
1.0
1.0
1.0
1.0
1.0
1.0
1.0
1.0
1.0
1.0
1.0
1.0
1.0
0.99999917
1.0
1.0
1.0
1.0
0.99999857
1.0
0.99999547
1.0
0.99999833
0.9999999
0.99999964
0.9999999
1.0
1.0
1.0
0.9999639
1.0
0.9999994
1.0
1.0
1.0
0.99996805
0.99991286
0.9999999
0.99999905
1.0
1.0
1.0
1.0
1.0
1.0
1.0
0.9999925
0.98896044
0.99999964
0.99999976
0.9999511
1.0
0.9999995
1.0
0.76872164
1.0
1.0
0.9999939
1.0
1.0
1.0
1.0
1.0
0.9999999
1.0
1.0
1.0
0.9999999
1.0
1.0
1.0
1.0
0.99999976
1.0
1.0
1.0
1.0
1.0
1.0
1.0
1.0
1.0
1.0
1.0
1.0
1.0
1.0
1.0
1.0
1.0
1.0
1.0
1.0
1.0
1.0
1.0
1.0
1.0
1.0
1.0
1.0
1.0
1.0
1.0
1.0
1.0
1.0
1.0
1.0
1.0
1.0
0.99998856
1.0
1.0
1.0
1.0
1.0
1.0
1.0
1.0
0.9999999
1.0
1.0
1.0
1.0
1.0
1.0
1.0
1.0
1.0
1.0
1.0
1.0
1.0
0.99993145
1.0
1.0
1.0
1.0
1.0
1.0
1.0
1.0
1.0
1.0
1.0
1.0
1.0
1.0
1.0
1.0
1.0
1.0
1.0
1.0
1.0
1.0
1.0
1.0
1.0
1.0
1.0
1.0
1.0
0.99999714
1.0
1.0
1.0
1.0
1.0
1.0
1.0
1.0
1.0
1.0
1.0
1.0
1.0
1.0
1.0
1.0
1.0
1.0
1.0
1.0
1.0
1.0
1.0
1.0
1.0
1.0
1.0
1.0
1.0
1.0
1.0
1.0
1.0
1.0
1.0
1.0
1.0
1.0
1.0
1.0
1.0
1.0
1.0
1.0
1.0
1.0
1.0
1.0
1.0
1.0
1.0
1.0
1.0
1.0
1.0
1.0
1.0
1.0
1.0
1.0
1.0
1.0
1.0
1.0
1.0
1.0
1.0
1.0
1.0
1.0
1.0
1.0
1.0
1.0
1.0
1.0
1.0
1.0
1.0
1.0
1.0
1.0
1.0
1.0
1.0
1.0
1.0
1.0
1.0
1.0
1.0
1.0
1.0
1.0
1.0
1.0
1.0
1.0
0.9999999
1.0
0.9999987
1.0
1.0
1.0
1.0
1.0
1.0
1.0
1.0
1.0
1.0
1.0
1.0
1.0
1.0
1.0
1.0
1.0
1.0
1.0
1.0
1.0
1.0
1.0
1.0
1.0
1.0
1.0
1.0
1.0
1.0
1.0
1.0
1.0
1.0
1.0
1.0
1.0
1.0
1.0
1.0
1.0
1.0
0.99999964
1.0
1.0
1.0
1.0
1.0
1.0
0.9999999
1.0
1.0
1.0
1.0
1.0
1.0
1.0
1.0
1.0
1.0
1.0
1.0
1.0
1.0
1.0
1.0
1.0
0.9999932
1.0
1.0
1.0
1.0
1.0
1.0
1.0
1.0
1.0
1.0
1.0
1.0
1.0
1.0
1.0
1.0
1.0
1.0
1.0
1.0
1.0
1.0
1.0
1.0
1.0
1.0
1.0
1.0
1.0
1.0
1.0
1.0
1.0
1.0
1.0
1.0
1.0
1.0
1.0
1.0
1.0
1.0
1.0
1.0
1.0
1.0
1.0
1.0
1.0
1.0
1.0
1.0
1.0
1.0
1.0
1.0
1.0
1.0
1.0
1.0
1.0
1.0
1.0
1.0
1.0
1.0
1.0
1.0
1.0
1.0
1.0
1.0
1.0
1.0
1.0
0.9999968
1.0
1.0
0.9999999
1.0
0.9999999
1.0
0.9999988
1.0
1.0
1.0
1.0
1.0
1.0
1.0
1.0
1.0
1.0
1.0
1.0
1.0
1.0
1.0
1.0
0.9999982
1.0
1.0
1.0
1.0
1.0
1.0
1.0
1.0
1.0
1.0
1.0
1.0
1.0
1.0
1.0
1.0
1.0
1.0
1.0
1.0
1.0
1.0
1.0
1.0
0.99999976
1.0
1.0
1.0
1.0
1.0
1.0
1.0
1.0
1.0
1.0
1.0
1.0
0.99999976
1.0
1.0
1.0
1.0
1.0
1.0
1.0
0.99999595
1.0
1.0
1.0
1.0
1.0
1.0
1.0
1.0
1.0
1.0
0.9999999
1.0
1.0
1.0
0.9999999
1.0
1.0
1.0
1.0
1.0
1.0
1.0
1.0
1.0
1.0
1.0
1.0
0.9999999
1.0
1.0
1.0
1.0
1.0
1.0
1.0
1.0
1.0
1.0
1.0
1.0
1.0
1.0
1.0
1.0
1.0
0.99999976
1.0
1.0
1.0
1.0
1.0
1.0
0.99999976
1.0
1.0
1.0
0.9999385
0.9999994
1.0
0.99867475
1.0
0.99999344
0.99999344
0.9999962
0.9999968
1.0
0.79368484
1.0
1.0
1.0
1.0
0.86388665
0.9999995
0.9999999
1.0
0.99999976
1.0
1.0
1.0
1.0
1.0
1.0
1.0
0.999323
1.0
1.0
0.99999976
1.0
1.0
1.0
1.0
0.99992967
0.9999913
0.9999999
1.0
1.0
1.0
1.0
0.9999995
1.0
1.0
1.0
1.0
1.0
0.99996877
1.0
1.0
1.0
0.99999976
1.0
1.0
1.0
1.0
1.0
1.0
1.0
0.99996233
1.0
0.9810472
1.0
1.0
1.0
1.0
1.0
1.0
1.0
0.99998343
1.0
1.0
1.0
1.0
1.0
1.0
1.0
1.0
1.0
1.0
1.0
1.0
0.99999976
1.0
1.0
1.0
1.0
1.0
1.0
1.0
1.0
1.0
1.0
0.99999523
1.0
1.0
1.0
1.0
1.0
1.0
0.99989355
1.0
0.9999994
1.0
1.0
1.0
1.0
1.0
1.0
1.0
1.0
1.0
1.0
0.99999976
1.0
1.0
1.0
1.0
0.99999976
1.0
1.0
1.0
1.0
1.0
1.0
1.0
1.0
1.0
1.0
1.0
1.0
1.0
1.0
1.0
1.0
1.0
1.0
1.0
1.0
1.0
1.0
1.0
1.0
1.0
1.0
1.0
1.0
1.0
0.9998004
1.0
1.0
1.0
1.0
0.9999906
1.0
1.0
1.0
1.0
0.99999964
1.0
0.9999999
1.0
1.0
1.0
1.0
1.0
1.0
1.0
1.0
1.0
1.0
1.0
1.0
1.0
1.0
1.0
1.0
1.0
0.9999999
1.0
1.0
1.0
1.0
1.0
1.0
1.0
1.0
1.0
1.0
1.0
1.0
1.0
1.0
1.0
1.0
1.0
1.0
1.0
0.9999999
1.0
0.99999833
0.99999976
1.0
1.0
0.99999976
1.0
1.0
1.0
1.0
1.0
1.0
1.0
1.0
1.0
1.0
0.99999046
1.0
1.0
1.0
1.0
1.0
1.0
1.0
0.9999999
1.0
1.0
1.0
1.0
1.0
1.0
1.0
1.0
1.0
1.0
1.0
0.9999999
1.0
1.0
1.0
1.0
1.0
1.0
0.9999857
0.9999999
1.0
1.0
1.0
1.0
1.0
0.99999964
1.0
1.0
1.0
1.0
1.0
1.0
1.0
1.0
1.0
1.0
1.0
1.0
1.0
1.0
1.0
1.0
1.0
1.0
1.0
1.0
0.99979657
1.0
1.0
1.0
1.0
1.0
1.0
1.0
1.0
1.0
1.0
1.0
1.0
1.0
1.0
1.0
0.99999917
1.0
1.0
1.0
1.0
1.0
1.0
1.0
1.0
1.0
1.0
1.0
1.0
1.0
1.0
1.0
1.0
1.0
1.0
1.0
0.9999999
1.0
1.0
1.0
1.0
1.0
1.0
1.0
1.0
1.0
1.0
1.0
1.0
1.0
1.0
0.99999976
1.0
1.0
1.0
1.0
1.0
1.0
1.0
1.0
1.0
1.0
0.9999536
1.0
1.0
1.0
0.999998
1.0
1.0
1.0
1.0
1.0
1.0
1.0
1.0
1.0
1.0
1.0
1.0
1.0
1.0
1.0
1.0
1.0
1.0
1.0
1.0
1.0
1.0
1.0
1.0
1.0
1.0
1.0
1.0
0.99999225
1.0
1.0
1.0
1.0
1.0
0.99999976
0.9994803
1.0
1.0
0.9999995
1.0
1.0
1.0
1.0
1.0
1.0
0.9999999
1.0
1.0
1.0
1.0
1.0
0.99999964
1.0
1.0
1.0
1.0
1.0
1.0
1.0
0.99999976
1.0
1.0
1.0
1.0
0.9999907
1.0
0.9999999
1.0
1.0
1.0
1.0
1.0
1.0
1.0
0.99976176
0.9999244
0.99999964
1.0
0.9999813
0.9999993
1.0
1.0
1.0
1.0
1.0
1.0
1.0
1.0
1.0
1.0
1.0
1.0
1.0
1.0
1.0
1.0
1.0
1.0
1.0
0.9999993
1.0
1.0
1.0
1.0
1.0
1.0
1.0
1.0
1.0
0.99999976
1.0
1.0
1.0
1.0
1.0
1.0
0.999998
1.0
1.0
1.0
1.0
1.0
1.0
1.0
0.9999999
1.0
1.0
1.0
1.0
1.0
1.0
1.0
1.0
1.0
1.0
1.0
1.0
1.0
1.0
1.0
1.0
1.0
1.0
1.0
0.99999464
0.9999852
1.0
0.9999963
0.9999989
1.0
0.99999607
1.0
1.0
0.9999933
1.0
0.9999981
1.0
1.0
0.9987312
1.0
1.0
0.9999988
1.0
1.0
1.0
0.9999839
1.0
1.0
1.0
1.0
0.9999715
1.0
1.0
1.0
1.0
0.9999999
1.0
1.0
1.0
0.99999976
0.99999225
1.0
1.0
0.861345
1.0
0.9999989
1.0
0.9999999
0.99999905
0.9999989
1.0
0.9999232
0.99998844
0.9999951
1.0
1.0
1.0
0.9999999
1.0
0.99999964
1.0
1.0
1.0
0.9999969
1.0
0.9999999
1.0
0.9999994
1.0
0.9999999
1.0
1.0
1.0
0.99999976
1.0
0.9999969
1.0
1.0
1.0
1.0
1.0
1.0
1.0
1.0
0.9999926
1.0
1.0
1.0
1.0
1.0
1.0
1.0
1.0
1.0
1.0
1.0
0.9999999
1.0
1.0
0.9999999
0.98795545
0.99999964
1.0
1.0
1.0
1.0
1.0
0.99998534
1.0
0.99999666
1.0
1.0
0.9999815
1.0
1.0
1.0
1.0
1.0
1.0
1.0
0.9999454
0.9999995
1.0
1.0
1.0
0.9999864
0.99999774
0.9999999
1.0
1.0
0.99999857
1.0
1.0
0.7752928
1.0
0.9999993
0.9999999
0.99999976
0.9996691
1.0
0.99860793
0.9999994
1.0
1.0
1.0
1.0
1.0
0.7685102
1.0
0.9958234
0.99999845
0.5524922
1.0
0.99999976
0.9999988
0.8620131
0.99973613
0.99999976
0.99999607
1.0
1.0
1.0
0.99999964
1.0
1.0
0.9999982
0.9998938
1.0
0.99999976
1.0
1.0
0.9999926
1.0
1.0
0.99998724
1.0
0.99999833
0.9489864
0.9999831
0.9999995
1.0
1.0
0.9974746
1.0
1.0
0.9999182
1.0
1.0
1.0
1.0
0.99999547
0.999998
0.4287863
1.0
1.0
1.0
0.9999995
1.0
1.0
0.9999995
0.9999956
1.0
1.0
1.0
0.99999964
0.97944325
0.9996935
0.9999304
1.0
1.0
1.0
0.96233547
0.99999976
0.9999974
0.99999344
1.0
0.99999976
1.0
1.0
1.0
1.0
1.0
1.0
1.0
1.0
1.0
0.99999976
0.9999391
1.0
0.9999106
1.0
1.0
1.0
1.0
1.0
1.0
0.9999999
1.0
1.0
0.9999747
1.0
1.0
0.99999785
1.0
0.99999857
1.0
0.9996772
1.0
0.9999932
0.9999999
1.0
1.0
0.99999976
0.99997234
0.99995196
1.0
1.0
1.0
0.9999995
1.0
1.0
1.0
0.9995629
0.997323
0.9999275
0.9999975
1.0
0.9999418
0.99999964
1.0
1.0
0.99999774
1.0
1.0
1.0
0.9998623
1.0
1.0
1.0
1.0
1.0
0.9995104
1.0
0.8662813
1.0
1.0
1.0
1.0
1.0
1.0
0.99999225
1.0
0.9999808
1.0
0.9999995
0.99998
1.0
1.0
1.0
1.0
1.0
1.0
0.99999976
1.0
1.0
0.89406085
0.99989176
1.0
0.9999999
1.0
1.0
1.0
1.0
0.9999738
1.0
1.0
1.0
1.0
1.0
1.0
1.0
0.99999976
1.0
1.0
0.9995061
1.0
1.0
1.0
1.0
1.0
1.0
1.0
1.0
1.0
1.0
1.0
1.0
1.0
1.0
0.9999999
1.0
0.99988806
0.99999547
1.0
0.9999912
0.9999999
1.0
0.9999999
1.0
1.0
1.0
1.0
0.92114687
0.9999441
0.9999987
1.0
1.0
1.0
1.0
1.0
0.9988097
1.0
1.0
0.8777125
1.0
1.0
1.0
1.0
0.9999937
0.99995613
1.0
0.9999069
1.0
0.9999999
1.0
0.9999969
1.0
1.0
1.0
1.0
0.9999988
1.0
1.0
0.9999999
1.0
1.0
1.0
0.9999782
1.0
1.0
1.0
1.0
0.99782664
1.0
1.0
1.0
0.9996637
0.99999976
1.0
0.9999999
1.0
0.9981974
1.0
0.999954
0.9999778
0.99999917
0.9999554
0.9999999
1.0
1.0
1.0
1.0
1.0
1.0
1.0
0.9999995
0.99999964
0.996527
0.987988
0.9999424
1.0
1.0
1.0
1.0
1.0
1.0
0.99999976
1.0
1.0
0.99999964
1.0
1.0
1.0
1.0
1.0
0.9986149
1.0
0.9999999
1.0
1.0
1.0
1.0
1.0
1.0
1.0
1.0
1.0
1.0
0.99999905
1.0
0.9999994
1.0
1.0
0.9999945
0.9999975
1.0
1.0
1.0
1.0
1.0
0.99999726
1.0
1.0
1.0
1.0
1.0
1.0
1.0
1.0
1.0
1.0
1.0
1.0
1.0
1.0
1.0
1.0
1.0
0.9999994
1.0
1.0
1.0
1.0
0.9999994
1.0
1.0
1.0
1.0
0.9999902
1.0
1.0
1.0
1.0
0.99999964
0.9999993
0.7771503
1.0
1.0
0.99999964
1.0
1.0
1.0
1.0
1.0
1.0
0.9999999
0.99998367
1.0
1.0
1.0
1.0
1.0
1.0
