1.0
1.0
1.0
1.0
1.0
1.0
1.0
0.99999976
0.9965636
0.9999999
1.0
1.0
0.99999905
1.0
1.0
0.99999726
0.99999964
1.0
0.9995394
1.0
0.9999999
1.0
1.0
1.0
1.0
1.0
1.0
1.0
1.0
1.0
1.0
0.9999999
1.0
1.0
1.0
1.0
0.99999917
1.0
0.9999999
1.0
1.0
1.0
1.0
0.9999696
0.9999993
0.9999999
0.99999964
1.0
1.0
1.0
1.0
1.0
1.0
1.0
1.0
1.0
1.0
1.0
0.9999999
0.99999976
1.0
1.0
0.99421704
0.9999145
1.0
1.0
1.0
1.0
1.0
1.0
1.0
1.0
1.0
0.9999914
1.0
1.0
1.0
1.0
0.9999945
1.0
1.0
1.0
1.0
1.0
1.0
1.0
1.0
0.9999994
1.0
1.0
1.0
1.0
0.97243667
0.99999964
1.0
0.9999994
0.99995637
0.9999987
1.0
1.0
1.0
1.0
1.0
1.0
0.9999974
1.0
1.0
1.0
1.0
1.0
1.0
0.9999919
1.0
1.0
1.0
0.9997576
1.0
1.0
0.9999999
0.99998224
1.0
1.0
1.0
1.0
0.999998
0.9995969
0.99999976
1.0
1.0
1.0
1.0
1.0
1.0
0.9999999
1.0
1.0
1.0
1.0
1.0
1.0
1.0
1.0
1.0
1.0
1.0
1.0
1.0
1.0
1.0
0.997106
0.99999964
0.7570829
1.0
1.0
1.0
1.0
1.0
1.0
0.99998856
1.0
0.99999785
1.0
1.0
1.0
1.0
1.0
1.0
0.99981207
1.0
1.0
1.0
0.99999535
0.9999999
1.0
1.0
0.9999845
1.0
1.0
1.0
1.0
1.0
1.0
1.0
1.0
0.9999645
0.999998
1.0
1.0
1.0
0.9999999
0.9999999
0.9999981
1.0
0.9999356
1.0
0.99994946
1.0
1.0
1.0
0.99999857
1.0
1.0
1.0
1.0
1.0
1.0
0.9999956
0.9999995
1.0
0.9986142
1.0
0.9999778
1.0
1.0
0.99998474
1.0
1.0
0.9999987
1.0
1.0
1.0
0.9999552
1.0
1.0
1.0
1.0
1.0
1.0
1.0
1.0
1.0
1.0
1.0
1.0
1.0
0.9999999
1.0
1.0
1.0
1.0
1.0
0.99994624
0.99999857
0.99999535
1.0
0.99999857
1.0
0.9967692
1.0
1.0
1.0
0.99999905
1.0
1.0
1.0
0.9999988
1.0
0.99999964
1.0
0.76453376
1.0
1.0
1.0
1.0
0.99853086
1.0
0.9999908
1.0
1.0
1.0
1.0
1.0
1.0
0.9999974
1.0
1.0
1.0
1.0
1.0
1.0
1.0
1.0
0.9983979
1.0
0.99999833
1.0
1.0
0.9999999
1.0
1.0
0.99978584
0.9999999
0.9999459
1.0
1.0
1.0
1.0
0.9999964
0.9999993
1.0
1.0
1.0
1.0
1.0
1.0
0.9999999
1.0
1.0
1.0
1.0
1.0
1.0
1.0
0.99999964
1.0
1.0
1.0
0.99999654
0.99999845
1.0
0.9374431
0.84533376
0.99999964
1.0
0.9987639
1.0
0.9955777
1.0
1.0
1.0
1.0
1.0
1.0
1.0
1.0
1.0
0.99982834
0.9999759
1.0
0.99999917
0.56880826
1.0
1.0
1.0
1.0
1.0
1.0
0.9999999
1.0
1.0
1.0
1.0
0.9999999
1.0
1.0
1.0
1.0
1.0
0.998779
0.5502279
1.0
1.0
0.9999987
0.9999999
1.0
1.0
0.9999987
1.0
0.99999917
1.0
1.0
1.0
1.0
1.0
1.0
1.0
1.0
1.0
1.0
1.0
0.99999964
0.9999896
1.0
1.0
1.0
1.0
1.0
1.0
1.0
0.99999905
1.0
0.99999976
1.0
1.0
0.9999951
1.0
1.0
0.9999999
1.0
1.0
1.0
1.0
1.0
1.0
0.9999994
1.0
0.9999994
1.0
1.0
1.0
1.0
0.9999938
0.99991715
1.0
0.99999595
0.9999993
1.0
0.99863064
1.0
1.0
1.0
1.0
0.99999905
1.0
1.0
1.0
1.0
1.0
1.0
1.0
1.0
1.0
1.0
1.0
1.0
0.9999933
1.0
1.0
1.0
1.0
1.0
0.9999999
1.0
1.0
0.9998841
0.97326094
0.9999995
0.996905
0.999925
0.56172127
0.9999747
1.0
1.0
1.0
0.99999976
1.0
1.0
1.0
1.0
1.0
0.99999905
1.0
0.99999905
1.0
0.99999535
1.0
1.0
1.0
0.9999999
0.99999964
1.0
1.0
1.0
1.0
1.0
1.0
1.0
1.0
0.9999529
0.9999014
1.0
1.0
1.0
1.0
1.0
1.0
1.0
0.99999976
1.0
1.0
0.99986935
0.9999999
0.9999968
1.0
1.0
0.99550986
1.0
0.9999994
0.9999999
1.0
1.0
1.0
0.9999981
1.0
1.0
1.0
1.0
0.9999999
1.0
1.0
1.0
1.0
1.0
1.0
1.0
1.0
1.0
1.0
1.0
1.0
1.0
0.99999964
0.99999976
1.0
1.0
1.0
1.0
1.0
0.9999995
1.0
0.9997769
0.9999999
1.0
1.0
1.0
1.0
1.0
1.0
1.0
0.99999964
1.0
1.0
0.9999999
0.9654827
1.0
1.0
1.0
0.9999914
1.0
1.0
1.0
0.938064
0.9992861
1.0
1.0
1.0
1.0
0.9999727
0.9999999
0.99999976
1.0
0.9999987
1.0
1.0
1.0
1.0
1.0
1.0
1.0
0.9999993
1.0
0.9999771
1.0
1.0
1.0
0.9999999
1.0
1.0
1.0
1.0
1.0
1.0
0.9134449
0.98476285
1.0
1.0
1.0
1.0
0.9999999
1.0
1.0
0.99969697
1.0
0.99999297
1.0
1.0
1.0
0.9999987
1.0
1.0
1.0
1.0
1.0
1.0
1.0
0.99999976
1.0
1.0
1.0
1.0
1.0
1.0
1.0
0.9999875
1.0
1.0
1.0
1.0
0.99999845
0.98526055
1.0
1.0
1.0
1.0
0.9999988
0.9780806
1.0
0.9999999
1.0
0.99998605
0.9999987
1.0
1.0
1.0
1.0
0.9999993
1.0
1.0
1.0
0.9999995
1.0
1.0
0.9999999
1.0
1.0
0.9999641
0.8689953
1.0
1.0
0.99999785
1.0
1.0
1.0
1.0
1.0
1.0
1.0
1.0
0.9999995
0.5105666
1.0
0.9999988
1.0
1.0
1.0
1.0
1.0
1.0
1.0
1.0
1.0
0.99998724
1.0
0.9999981
0.9087273
1.0
1.0
1.0
0.9999999
1.0
1.0
1.0
1.0
0.9999999
0.4530187
0.9999999
1.0
1.0
1.0
0.9905838
1.0
0.99998593
1.0
1.0
1.0
1.0
1.0
1.0
1.0
0.9999999
0.9999999
1.0
1.0
1.0
1.0
1.0
1.0
0.99999964
1.0
1.0
1.0
1.0
1.0
1.0
1.0
0.9999999
0.99838996
0.97705066
1.0
1.0
0.99991107
1.0
1.0
0.99847955
1.0
1.0
0.96698517
1.0
0.9999995
1.0
1.0
1.0
1.0
1.0
1.0
1.0
1.0
1.0
0.9998883
0.9999995
0.9999411
1.0
1.0
1.0
1.0
1.0
0.9999988
1.0
1.0
1.0
1.0
1.0
1.0
1.0
1.0
1.0
1.0
1.0
1.0
1.0
1.0
0.99999607
1.0
1.0
1.0
1.0
1.0
1.0
1.0
1.0
1.0
1.0
1.0
1.0
1.0
1.0
1.0
1.0
1.0
1.0
0.9999995
0.999998
1.0
1.0
1.0
0.99999356
0.9987956
1.0
1.0
0.99999976
1.0
1.0
1.0
1.0
1.0
1.0
1.0
0.99999964
1.0
1.0
0.99999976
1.0
1.0
1.0
0.99999833
1.0
1.0
1.0
1.0
1.0
0.9999999
1.0
1.0
0.9885212
1.0
1.0
0.99999964
1.0
1.0
1.0
1.0
1.0
1.0
0.9999999
1.0
1.0
1.0
1.0
1.0
0.9999995
1.0
1.0
1.0
0.99997723
1.0
1.0
1.0
1.0
1.0
0.99999964
1.0
1.0
1.0
1.0
0.999453
1.0
0.9969212
1.0
1.0
1.0
1.0
1.0
1.0
1.0
1.0
1.0
1.0
0.9999994
1.0
0.9999999
1.0
1.0
1.0
1.0
1.0
1.0
0.99999547
1.0
1.0
1.0
0.99999917
1.0
1.0
1.0
0.99998534
0.9999994
1.0
0.9999995
1.0
1.0
1.0
0.9999975
0.5043227
0.78988796
1.0
0.9999993
1.0
1.0
0.99999964
1.0
1.0
1.0
1.0
1.0
1.0
0.9878615
0.99999607
1.0
0.99999785
1.0
0.9999988
1.0
0.99999976
0.9999975
1.0
1.0
0.9999994
1.0
1.0
0.9999975
1.0
1.0
1.0
0.9999999
1.0
1.0
1.0
1.0
1.0
1.0
1.0
1.0
1.0
1.0
0.9799264
1.0
0.9999994
1.0
0.99999964
1.0
0.9999999
1.0
0.99999976
1.0
1.0
1.0
0.9999968
1.0
0.8484264
0.9927248
0.99999917
1.0
1.0
1.0
1.0
1.0
0.9999994
0.98341423
1.0
1.0
0.99999917
0.9999999
0.9999995
1.0
1.0
0.99999297
0.9690525
1.0
0.9997199
1.0
0.9999987
1.0
0.99999917
1.0
1.0
0.94835824
1.0
1.0
1.0
0.9999956
1.0
1.0
1.0
1.0
1.0
1.0
1.0
1.0
1.0
1.0
1.0
1.0
0.9999893
1.0
1.0
1.0
1.0
1.0
1.0
1.0
1.0
1.0
0.99999774
1.0
0.99999964
0.9999999
1.0
1.0
1.0
0.9999938
1.0
0.9999999
1.0
1.0
0.99999976
1.0
0.9999974
1.0
1.0
1.0
1.0
1.0
0.9999989
0.99999964
0.9999933
1.0
1.0
1.0
1.0
1.0
1.0
0.9997528
0.9999993
1.0
1.0
1.0
0.9999999
1.0
1.0
1.0
1.0
0.9999999
0.9999745
0.99907494
1.0
1.0
1.0
1.0
1.0
0.80606484
1.0
1.0
0.9999999
1.0
0.99987864
0.9824901
1.0
1.0
1.0
1.0
0.9999993
1.0
1.0
1.0
1.0
1.0
1.0
1.0
1.0
1.0
1.0
0.9999999
0.9999943
1.0
1.0
1.0
1.0
1.0
0.99921143
1.0
1.0
1.0
0.99999154
1.0
1.0
1.0
1.0
1.0
1.0
1.0
1.0
0.9969861
0.9999993
1.0
1.0
1.0
0.99999917
1.0
1.0
1.0
0.9999958
1.0
0.9999999
1.0
1.0
1.0
1.0
1.0
1.0
1.0
1.0
0.9998573
1.0
0.99999917
1.0
1.0
1.0
0.9994754
0.9999999
1.0
1.0
1.0
0.57895106
1.0
0.9821816
1.0
1.0
1.0
0.9999999
0.9999999
1.0
0.9996283
1.0
1.0
1.0
1.0
1.0
1.0
0.99930274
1.0
0.9999987
1.0
1.0
1.0
1.0
1.0
1.0
1.0
0.99999976
1.0
1.0
1.0
1.0
0.9999852
1.0
1.0
0.99999917
0.9999993
0.9999994
1.0
1.0
1.0
0.99999845
0.9999999
1.0
1.0
0.99997807
1.0
1.0
1.0
1.0
1.0
1.0
1.0
0.9999999
0.99999964
0.9998754
1.0
1.0
0.99998975
1.0
1.0
1.0
0.9999999
1.0
1.0
1.0
1.0
1.0
1.0
1.0
0.9991929
0.89149475
1.0
0.9999993
1.0
1.0
0.9999994
1.0
1.0
1.0
0.9999336
0.997715
1.0
1.0
1.0
1.0
1.0
1.0
1.0
1.0
1.0
0.99551
1.0
0.9999988
1.0
0.9996099
1.0
1.0
1.0
1.0
1.0
1.0
1.0
1.0
1.0
0.99996996
0.9999999
1.0
1.0
1.0
1.0
1.0
0.99999964
0.998432
1.0
0.99428225
1.0
0.9999999
1.0
1.0
1.0
0.99988186
0.99999905
1.0
1.0
1.0
1.0
1.0
0.99999857
1.0
0.9999995
0.76833564
0.9999671
0.99999785
1.0
0.9999999
0.5809539
0.9999894
1.0
1.0
0.99998045
0.99999976
1.0
1.0
1.0
0.999985
1.0
1.0
1.0
0.85103434
1.0
1.0
0.99997175
1.0
1.0
0.99999905
1.0
1.0
1.0
1.0
1.0
0.9999995
0.9999982
1.0
1.0
1.0
1.0
1.0
1.0
1.0
0.99999905
0.9999672
0.9999999
1.0
1.0
1.0
1.0
0.9999999
0.9999299
0.9999771
1.0
0.99999905
1.0
1.0
1.0
0.99999905
1.0
1.0
0.9982498
1.0
1.0
1.0
1.0
1.0
1.0
1.0
1.0
1.0
1.0
0.99999964
1.0
1.0
1.0
1.0
0.9999931
1.0
1.0
1.0
0.80612093
1.0
1.0
1.0
1.0
1.0
1.0
0.999143
1.0
0.99993324
1.0
0.9999999
0.9999951
1.0
1.0
1.0
1.0
1.0
0.55338424
1.0
0.9998242
1.0
1.0
1.0
0.99999976
1.0
1.0
1.0
0.99999964
0.99999976
1.0
1.0
1.0
0.9999999
1.0
1.0
1.0
1.0
1.0
1.0
1.0
1.0
1.0
1.0
1.0
0.9049756
1.0
1.0
1.0
1.0
1.0
1.0
1.0
1.0
1.0
1.0
1.0
1.0
0.99996257
0.9988475
1.0
1.0
1.0
1.0
1.0
1.0
0.99984014
1.0
1.0
1.0
1.0
1.0
1.0
1.0
0.9325893
0.99964
0.99999857
1.0
0.9999988
1.0
1.0
1.0
1.0
0.9999974
0.9999995
1.0
1.0
1.0
1.0
1.0
1.0
1.0
0.99999833
1.0
1.0
0.6470878
0.9944963
1.0
0.99999964
1.0
1.0
1.0
1.0
1.0
0.99999595
1.0
0.9973018
1.0
1.0
0.9999994
0.99895096
1.0
1.0
1.0
0.9999995
1.0
0.99991584
0.99999905
1.0
0.9998211
0.9999938
1.0
0.99999964
1.0
1.0
0.99999666
1.0
1.0
0.9998894
1.0
1.0
1.0
1.0
1.0
0.9999968
1.0
0.9999994
0.9999999
1.0
0.9999994
0.99764925
1.0
1.0
1.0
1.0
0.999998
1.0
0.9999937
1.0
0.9999999
0.99999535
1.0
1.0
1.0
1.0
1.0
1.0
1.0
1.0
1.0
1.0
1.0
1.0
0.9999707
1.0
1.0
1.0
1.0
1.0
1.0
1.0
1.0
1.0
0.999998
1.0
0.9999968
1.0
0.9999975
1.0
1.0
1.0
0.9998578
1.0
0.9999999
1.0
1.0
0.9999999
1.0
1.0
0.9999883
0.99999964
1.0
1.0
1.0
1.0
0.99999523
1.0
1.0
1.0
0.9999999
1.0
0.9992944
1.0
0.9235275
0.9999981
1.0
1.0
1.0
0.83469814
1.0
1.0
0.9932352
0.99999964
1.0
0.9999976
1.0
1.0
1.0
1.0
1.0
1.0
1.0
1.0
1.0
0.99999833
1.0
1.0
1.0
1.0
1.0
0.99860954
1.0
0.9949409
1.0
0.9960905
0.98941517
1.0
1.0
1.0
0.999997
0.99579936
1.0
1.0
0.9999999
1.0
1.0
1.0
1.0
1.0
1.0
0.9982488
0.99480516
1.0
1.0
1.0
1.0
1.0
0.9999995
1.0
1.0
1.0
1.0
0.9999423
1.0
1.0
0.9999999
1.0
1.0
0.9999999
1.0
1.0
1.0
1.0
1.0
1.0
0.9999974
0.999997
1.0
1.0
1.0
1.0
0.9999733
0.9999999
1.0
1.0
1.0
1.0
1.0
0.9999831
1.0
0.99872905
1.0
0.9957419
1.0
1.0
1.0
1.0
1.0
1.0
1.0
1.0
0.99999833
0.9821071
1.0
1.0
1.0
1.0
1.0
0.9999999
1.0
1.0
1.0
1.0
1.0
1.0
1.0
1.0
1.0
0.9999945
1.0
1.0
0.99999976
0.9928018
1.0
1.0
1.0
1.0
1.0
1.0
0.9999999
1.0
1.0
1.0
1.0
1.0
0.99319106
0.9999999
1.0
1.0
1.0
1.0
1.0
1.0
1.0
1.0
1.0
1.0
1.0
0.99999714
1.0
1.0
0.99999774
0.99876666
1.0
0.9999901
1.0
1.0
0.999998
1.0
0.9849879
1.0
1.0
0.99039614
0.99999523
1.0
1.0
1.0
0.98263645
1.0
1.0
0.99999976
1.0
0.9999958
1.0
1.0
1.0
0.99999845
0.9999999
1.0
1.0
1.0
1.0
1.0
0.9999999
1.0
1.0
1.0
1.0
0.9999956
1.0
0.60731095
1.0
1.0
1.0
1.0
0.9999999
1.0
0.99999964
0.8722627
0.99957114
1.0
1.0
0.9999062
0.99495405
1.0
1.0
0.9999999
1.0
1.0
1.0
1.0
0.9999994
1.0
0.99999905
1.0
1.0
1.0
1.0
0.87023574
1.0
1.0
1.0
1.0
1.0
0.99999964
1.0
1.0
1.0
1.0
0.9999449
1.0
1.0
0.99999094
1.0
1.0
0.98845404
0.99999905
1.0
0.99999964
1.0
1.0
1.0
1.0
0.9999999
1.0
0.9999994
1.0
1.0
1.0
1.0
0.99999964
1.0
1.0
0.9998894
0.99983203
1.0
1.0
1.0
1.0
1.0
1.0
1.0
1.0
1.0
0.9999999
1.0
0.99999166
1.0
1.0
0.9999989
1.0
0.6192271
1.0
1.0
0.9999999
1.0
1.0
0.9999999
1.0
1.0
1.0
0.9967975
0.99999905
1.0
1.0
1.0
1.0
1.0
1.0
0.999476
0.9953341
1.0
0.99999976
1.0
0.99999774
1.0
1.0
1.0
1.0
1.0
0.9999999
1.0
1.0
0.999944
1.0
1.0
0.9999902
1.0
1.0
0.99988484
1.0
1.0
1.0
1.0
0.9999995
1.0
1.0
1.0
1.0
1.0
0.999998
1.0
1.0
1.0
0.9999678
1.0
1.0
1.0
0.9997987
1.0
1.0
1.0
0.999998
1.0
0.99999833
1.0
1.0
0.9999999
0.999998
1.0
1.0
1.0
1.0
1.0
1.0
1.0
0.9999994
1.0
1.0
0.999967
0.99999976
1.0
0.9999864
1.0
1.0
0.99999905
1.0
1.0
1.0
0.61974925
1.0
0.9985165
1.0
1.0
0.99844474
1.0
1.0
1.0
1.0
0.99999976
1.0
1.0
1.0
1.0
1.0
0.9999995
0.99999964
1.0
1.0
0.99999726
0.99935967
0.99999225
0.9999758
1.0
0.91095865
0.99999905
1.0
0.9999999
1.0
1.0
0.99998343
0.9999999
0.99999833
1.0
1.0
1.0
1.0
1.0
1.0
1.0
1.0
1.0
1.0
1.0
1.0
0.99999976
1.0
1.0
1.0
1.0
1.0
0.99999857
1.0
1.0
1.0
1.0
1.0
1.0
1.0
0.99999845
1.0
1.0
0.99980205
1.0
1.0
0.99999547
1.0
1.0
0.9999999
0.99999964
0.999985
1.0
1.0
0.99998677
1.0
0.99999344
0.9985232
0.99999964
0.9999999
1.0
1.0
1.0
1.0
1.0
1.0
1.0
1.0
1.0
1.0
0.99999964
0.9999999
1.0
1.0
1.0
1.0
1.0
1.0
1.0
1.0
1.0
1.0
1.0
1.0
0.99954826
1.0
0.99998784
1.0
1.0
0.99904794
1.0
1.0
1.0
1.0
0.9999999
1.0
1.0
1.0
1.0
1.0
0.99998975
0.99995494
1.0
1.0
1.0
1.0
1.0
1.0
1.0
1.0
1.0
0.9999999
1.0
1.0
1.0
1.0
1.0
1.0
0.9999176
1.0
0.89193374
1.0
1.0
1.0
1.0
0.9999964
0.9995896
0.99998295
1.0
1.0
0.99997056
0.99999976
1.0
1.0
1.0
0.9999993
1.0
0.97531664
1.0
0.99999666
1.0
1.0
0.85582733
1.0
1.0
0.9868506
0.99999464
0.99999964
1.0
1.0
0.9999809
0.99999976
1.0
1.0
0.9999956
0.5050173
1.0
1.0
1.0
1.0
0.9999975
1.0
1.0
1.0
1.0
0.9999702
1.0
1.0
1.0
1.0
0.9999982
1.0
0.76583683
0.9999999
1.0
1.0
1.0
1.0
1.0
1.0
1.0
1.0
1.0
1.0
1.0
1.0
0.99999666
1.0
1.0
1.0
1.0
0.9999994
0.99999964
1.0
1.0
0.8716801
1.0
0.9999994
1.0
1.0
0.5364202
0.9999982
1.0
1.0
1.0
1.0
0.9999981
0.99999976
1.0
0.97778416
1.0
0.8044529
0.9999999
1.0
1.0
0.9999963
1.0
1.0
0.99999976
1.0
0.7402598
1.0
1.0
1.0
1.0
1.0
1.0
0.9999989
1.0
1.0
1.0
0.98012996
0.9999517
0.9999999
1.0
1.0
1.0
0.9919871
0.9999999
1.0
0.9999999
1.0
1.0
1.0
1.0
1.0
1.0
1.0
1.0
0.99999976
1.0
1.0
1.0
1.0
1.0
0.9999988
1.0
0.9999999
1.0
1.0
0.9999999
1.0
1.0
0.9999702
0.9999988
1.0
1.0
1.0
0.99999654
1.0
0.99999976
1.0
1.0
1.0
1.0
1.0
0.9999933
1.0
1.0
1.0
1.0
1.0
1.0
1.0
0.91217226
1.0
1.0
0.99961877
0.58293784
1.0
0.9999995
0.94813067
1.0
1.0
1.0
0.9999999
1.0
0.98911244
1.0
1.0
0.9999417
1.0
0.9999906
1.0
1.0
1.0
1.0
1.0
1.0
1.0
1.0
1.0
1.0
1.0
0.99998295
1.0
1.0
0.9999341
0.9999999
1.0
1.0
1.0
1.0
1.0
0.9999999
1.0
0.9999615
0.99999774
1.0
1.0
1.0
1.0
1.0
1.0
0.9999999
1.0
1.0
1.0
1.0
0.99935216
1.0
1.0
1.0
1.0
1.0
1.0
0.99999964
1.0
1.0
1.0
1.0
1.0
1.0
1.0
1.0
1.0
1.0
1.0
1.0
1.0
0.99999964
0.9999999
1.0
1.0
1.0
1.0
1.0
1.0
0.9443268
1.0
0.99999976
0.9999999
1.0
1.0
0.99991703
1.0
1.0
1.0
0.9999975
1.0
1.0
0.999997
0.9329266
1.0
1.0
1.0
1.0
1.0
0.9999999
1.0
1.0
1.0
1.0
1.0
0.9999912
0.71679205
1.0
1.0
1.0
1.0
1.0
0.9999994
0.9999993
1.0
1.0
1.0
1.0
1.0
1.0
1.0
0.99990773
1.0
1.0
1.0
1.0
1.0
0.99999785
1.0
1.0
1.0
0.99909496
1.0
0.9995584
1.0
1.0
1.0
1.0
1.0
0.99996316
0.9999999
1.0
0.9683212
1.0
1.0
1.0
1.0
1.0
1.0
1.0
1.0
0.9999999
1.0
1.0
0.99999976
0.9999995
0.999894
1.0
1.0
1.0
1.0
1.0
1.0
1.0
0.9999999
1.0
1.0
1.0
1.0
1.0
1.0
0.99999857
1.0
1.0
1.0
1.0
1.0
1.0
1.0
1.0
1.0
1.0
0.4247459
0.9995604
0.9999995
1.0
1.0
1.0
1.0
1.0
0.99999833
0.9997905
1.0
0.9989447
1.0
0.99999976
1.0
1.0
1.0
1.0
0.52339995
1.0
1.0
1.0
1.0
1.0
0.9999994
0.99999976
0.99999976
1.0
1.0
0.9999994
1.0
0.9999999
1.0
1.0
1.0
1.0
1.0
0.5259942
1.0
0.99999964
1.0
1.0
1.0
1.0
1.0
0.97701275
0.99999905
1.0
0.99997306
1.0
1.0
1.0
1.0
0.9991093
1.0
1.0
0.9999999
0.99226344
1.0
1.0
1.0
1.0
1.0
1.0
0.999959
1.0
1.0
1.0
0.99979883
1.0
1.0
1.0
0.99999607
1.0
1.0
1.0
1.0
1.0
0.9998233
0.9988601
1.0
0.9999999
1.0
1.0
1.0
0.81145686
0.9999162
1.0
1.0
1.0
1.0
0.999998
1.0
0.919601
1.0
0.9999999
1.0
1.0
1.0
1.0
1.0
1.0
1.0
0.99998176
1.0
1.0
1.0
0.99999976
1.0
0.99999964
1.0
0.9999999
0.9999999
1.0
1.0
1.0
1.0
1.0
1.0
0.9929462
1.0
1.0
1.0
1.0
1.0
0.99999976
1.0
0.99638087
0.99999964
1.0
1.0
1.0
1.0
1.0
1.0
0.9999999
1.0
0.99999976
0.99999535
1.0
1.0
1.0
1.0
0.99999964
1.0
0.99999976
0.9999987
0.9999677
1.0
1.0
1.0
1.0
1.0
1.0
0.99998724
1.0
0.99999976
0.999967
1.0
0.99997616
1.0
1.0
1.0
0.9999722
0.9999894
0.98024404
1.0
1.0
1.0
1.0
1.0
0.99999964
1.0
0.9999999
1.0
0.99999857
1.0
1.0
1.0
0.99988425
1.0
1.0
0.9999993
1.0
1.0
1.0
1.0
0.9998878
1.0
1.0
0.9999982
0.99994636
1.0
1.0
1.0
1.0
1.0
1.0
1.0
1.0
0.99999774
0.9999913
0.99999917
1.0
0.999361
1.0
1.0
1.0
1.0
0.9989562
1.0
1.0
1.0
0.9775442
1.0
1.0
0.9999999
1.0
1.0
1.0
0.99999976
1.0
1.0
1.0
1.0
1.0
1.0
0.99999976
0.9999002
0.9999999
1.0
1.0
1.0
1.0
0.9999995
0.9999999
1.0
1.0
0.94754285
1.0
1.0
0.99923944
1.0
1.0
1.0
1.0
1.0
1.0
1.0
0.99999666
1.0
1.0
1.0
1.0
1.0
0.9999999
1.0
1.0
1.0
1.0
1.0
0.9999995
0.9679294
1.0
1.0
1.0
0.9981346
0.99999976
1.0
1.0
1.0
1.0
0.9999999
1.0
1.0
1.0
1.0
1.0
1.0
0.99956053
1.0
1.0
1.0
1.0
1.0
0.9999329
1.0
1.0
1.0
1.0
1.0
1.0
1.0
1.0
1.0
1.0
1.0
1.0
1.0
0.99973387
1.0
0.999977
0.99999976
1.0
0.99999857
1.0
1.0
1.0
1.0
0.9999852
1.0
1.0
1.0
1.0
1.0
0.9999999
0.9999999
1.0
1.0
1.0
0.999995
1.0
1.0
1.0
1.0
1.0
0.99997854
1.0
1.0
1.0
1.0
0.9999989
1.0
1.0
0.9999999
1.0
0.99994147
1.0
1.0
1.0
1.0
1.0
1.0
1.0
0.9996014
1.0
1.0
1.0
1.0
0.9999989
1.0
0.7349074
0.99999857
1.0
1.0
1.0
1.0
1.0
1.0
1.0
1.0
0.9990626
0.9999999
1.0
1.0
1.0
0.9999994
1.0
1.0
1.0
1.0
0.9999999
1.0
0.8460014
0.99999154
1.0
1.0
1.0
1.0
1.0
1.0
1.0
0.99999976
1.0
1.0
0.9999782
0.99999976
0.99999976
1.0
0.9982987
1.0
0.7010079
0.99981457
1.0
1.0
1.0
1.0
1.0
1.0
1.0
0.9999931
0.98548293
0.99813676
1.0
1.0
1.0
1.0
1.0
1.0
0.9995432
1.0
0.99931335
0.9999999
0.9999993
1.0
1.0
1.0
1.0
1.0
1.0
1.0
1.0
1.0
1.0
0.9999999
1.0
1.0
1.0
1.0
1.0
1.0
1.0
0.9999999
0.99999917
0.9999988
1.0
0.9999999
1.0
1.0
1.0
1.0
0.9998826
0.9999974
0.9999516
1.0
0.9999722
0.9999999
1.0
0.9999999
1.0
1.0
0.99999976
0.99999964
1.0
0.9940906
1.0
0.9999994
1.0
1.0
1.0
0.9999999
1.0
1.0
1.0
1.0
0.9999999
1.0
0.97706234
1.0
1.0
1.0
1.0
1.0
1.0
0.9999995
1.0
0.99999976
1.0
1.0
1.0
1.0
0.99999404
0.9992481
1.0
1.0
0.99999845
1.0
1.0
1.0
0.9999875
1.0
0.99330914
1.0
1.0
0.9776833
1.0
1.0
1.0
1.0
1.0
1.0
1.0
1.0
1.0
1.0
1.0
0.99999964
0.9999994
1.0
1.0
1.0
1.0
1.0
1.0
1.0
1.0
1.0
1.0
1.0
1.0
1.0
1.0
0.9999974
1.0
1.0
0.9997003
1.0
0.9999845
1.0
1.0
1.0
1.0
1.0
0.9999995
1.0
1.0
1.0
1.0
1.0
1.0
1.0
0.99999654
1.0
1.0
0.99999845
1.0
0.99190724
0.99998665
1.0
1.0
1.0
0.9999999
0.7492745
1.0
1.0
1.0
0.9999926
0.9999943
0.8632601
1.0
0.99999976
0.8391941
1.0
0.99999976
1.0
1.0
1.0
1.0
1.0
0.999984
0.86854535
0.9999875
1.0
1.0
1.0
1.0
0.99997926
1.0
1.0
1.0
1.0
1.0
1.0
0.9985096
0.9853807
1.0
1.0
0.99999857
1.0
1.0
0.999977
1.0
0.9998872
1.0
1.0
0.9999987
1.0
0.99989104
1.0
1.0
1.0
0.999253
1.0
0.9999962
1.0
1.0
1.0
0.9999995
1.0
1.0
0.9999275
1.0
1.0
1.0
1.0
1.0
1.0
0.99997365
1.0
1.0
1.0
0.99999976
0.9999999
1.0
0.9999975
1.0
0.9935921
1.0
1.0
1.0
1.0
1.0
1.0
1.0
1.0
0.999985
0.9947083
1.0
1.0
1.0
1.0
1.0
1.0
0.9997639
1.0
1.0
1.0
1.0
1.0
1.0
1.0
1.0
0.99998224
1.0
0.99999535
1.0
1.0
1.0
1.0
1.0
1.0
0.98881686
1.0
1.0
0.99999905
1.0
1.0
1.0
1.0
1.0
1.0
1.0
1.0
1.0
1.0
1.0
1.0
1.0
1.0
1.0
1.0
1.0
1.0
1.0
1.0
1.0
1.0
0.9999958
1.0
1.0
0.9999546
0.99869627
1.0
0.96829087
1.0
1.0
1.0
1.0
1.0
1.0
0.99999845
1.0
1.0
1.0
0.72660196
1.0
1.0
1.0
1.0
0.9999943
1.0
1.0
1.0
1.0
1.0
1.0
1.0
1.0
1.0
1.0
1.0
1.0
1.0
1.0
1.0
1.0
1.0
1.0
1.0
1.0
1.0
0.99993646
1.0
0.9999989
0.9999995
1.0
1.0
0.9999994
1.0
0.99967027
0.99978286
1.0
1.0
0.9999999
1.0
0.99993634
0.9999999
1.0
0.9999957
1.0
1.0
1.0
0.99999976
0.99998045
1.0
1.0
1.0
1.0
1.0
1.0
0.9405295
0.9999882
1.0
0.99993074
1.0
0.9999839
1.0
0.9999968
1.0
1.0
1.0
1.0
1.0
1.0
1.0
1.0
0.99999964
0.9999999
1.0
1.0
1.0
1.0
1.0
1.0
1.0
1.0
1.0
1.0
0.9988593
1.0
1.0
0.9991272
1.0
1.0
1.0
1.0
0.9999999
0.9999995
0.9999999
1.0
1.0
1.0
1.0
0.99998164
0.9999999
1.0
1.0
0.99999905
1.0
1.0
1.0
1.0
1.0
1.0
1.0
0.9999995
0.9999919
1.0
1.0
1.0
0.99995494
0.9999995
1.0
0.99999976
1.0
1.0
1.0
0.9999999
1.0
1.0
1.0
1.0
1.0
1.0
1.0
1.0
0.9999949
0.9999908
1.0
1.0
1.0
1.0
1.0
1.0
0.99999857
1.0
1.0
1.0
1.0
0.9999988
0.9999999
1.0
1.0
0.9999981
1.0
1.0
0.9471489
1.0
1.0
1.0
1.0
1.0
1.0
1.0
1.0
1.0
0.9999999
0.9999769
1.0
0.99999976
0.9999982
0.9999964
1.0
1.0
1.0
1.0
1.0
1.0
1.0
1.0
1.0
0.99867404
0.9995671
1.0
1.0
1.0
1.0
1.0
1.0
1.0
1.0
0.99962986
0.99999833
0.9999999
0.99998665
1.0
1.0
0.99999785
1.0
1.0
0.9999999
1.0
1.0
1.0
1.0
1.0
1.0
1.0
0.99999964
1.0
1.0
0.9999951
1.0
1.0
1.0
1.0
1.0
1.0
0.9999999
0.9999591
0.993321
1.0
1.0
1.0
1.0
1.0
1.0
1.0
1.0
1.0
1.0
1.0
1.0
1.0
1.0
1.0
0.9999999
1.0
1.0
1.0
1.0
1.0
1.0
1.0
1.0
1.0
1.0
0.99671954
0.9999881
1.0
1.0
1.0
1.0
1.0
1.0
1.0
1.0
0.99999416
1.0
0.99999976
0.9999261
0.9892267
1.0
1.0
0.9999522
1.0
1.0
0.9999641
0.9984945
0.9999994
1.0
1.0
1.0
0.9998317
1.0
1.0
0.99999964
1.0
0.9999989
1.0
1.0
1.0
1.0
0.9999999
1.0
1.0
1.0
1.0
1.0
1.0
1.0
1.0
0.9999653
1.0
1.0
0.99999976
1.0
1.0
1.0
1.0
0.9998838
1.0
1.0
1.0
0.9999938
1.0
0.99999917
0.9999987
0.99999654
1.0
1.0
1.0
1.0
1.0
1.0
0.989939
1.0
1.0
1.0
0.99999905
1.0
1.0
1.0
0.9999975
1.0
0.9999989
1.0
1.0
1.0
1.0
1.0
1.0
1.0
0.9999999
1.0
1.0
1.0
1.0
1.0
1.0
1.0
0.99999976
0.99999607
0.99999845
1.0
1.0
1.0
0.99999976
1.0
1.0
1.0
1.0
1.0
0.6128585
1.0
1.0
1.0
0.99999785
1.0
1.0
1.0
1.0
1.0
1.0
1.0
1.0
1.0
1.0
1.0
1.0
1.0
1.0
0.99965787
1.0
1.0
1.0
1.0
1.0
0.9999995
0.99970895
1.0
1.0
0.9999684
1.0
0.99999666
1.0
1.0
1.0
0.99991834
1.0
1.0
0.999997
1.0
1.0
1.0
0.99999666
1.0
1.0
1.0
0.99999964
1.0
1.0
1.0
1.0
1.0
0.9998153
0.9624937
1.0
0.99999917
0.9999999
1.0
1.0
1.0
1.0
0.99999976
1.0
1.0
1.0
1.0
0.9999999
0.9999988
1.0
0.99999714
0.9999999
1.0
1.0
1.0
1.0
1.0
1.0
1.0
1.0
1.0
1.0
0.3557068
1.0
1.0
0.9999865
1.0
1.0
1.0
1.0
0.9984365
1.0
1.0
1.0
1.0
1.0
1.0
1.0
1.0
0.9999443
1.0
0.9999999
1.0
0.9999999
0.9994011
1.0
1.0
1.0
0.9999815
1.0
1.0
1.0
1.0
0.97021806
1.0
0.9999988
1.0
1.0
1.0
0.99999976
1.0
1.0
1.0
1.0
1.0
1.0
1.0
1.0
0.99999976
0.99997365
1.0
1.0
1.0
1.0
0.99999535
1.0
1.0
0.47176754
0.9974367
1.0
1.0
1.0
1.0
1.0
0.9999951
1.0
0.99999905
1.0
1.0
1.0
1.0
1.0
0.9999989
0.9999981
0.99999964
1.0
1.0
1.0
1.0
0.9991208
1.0
0.9999999
1.0
1.0
0.99999714
1.0
1.0
1.0
0.9999975
1.0
0.99999726
0.9999987
1.0
1.0
1.0
0.9999999
0.9937674
0.9999957
0.99753004
0.9999995
0.9857641
1.0
1.0
0.9999995
1.0
1.0
1.0
1.0
1.0
1.0
1.0
1.0
1.0
1.0
1.0
1.0
1.0
0.9999548
1.0
1.0
1.0
1.0
1.0
1.0
1.0
0.99743396
1.0
1.0
0.9999999
1.0
1.0
1.0
1.0
1.0
0.9999999
1.0
1.0
1.0
1.0
1.0
1.0
1.0
1.0
1.0
1.0
0.9999993
1.0
1.0
1.0
1.0
1.0
1.0
1.0
0.99999964
1.0
1.0
1.0
0.9999943
1.0
1.0
1.0
0.99998236
1.0
0.9998307
1.0
1.0
1.0
1.0
0.9999995
1.0
1.0
0.9999994
1.0
1.0
1.0
1.0
1.0
1.0
1.0
1.0
0.9808625
1.0
1.0
1.0
1.0
1.0
0.9999999
0.9999993
1.0
1.0
1.0
1.0
1.0
0.9999907
1.0
1.0
1.0
1.0
1.0
1.0
1.0
0.9836126
1.0
1.0
1.0
0.9999999
1.0
1.0
1.0
0.99999595
0.9999994
1.0
1.0
1.0
1.0
0.99999833
1.0
0.99997115
1.0
0.9999999
0.99998736
1.0
1.0
1.0
1.0
0.9999062
0.9746941
1.0
0.99998844
0.9999573
1.0
1.0
1.0
1.0
1.0
0.9999999
1.0
1.0
0.99999714
1.0
1.0
0.9998946
1.0
1.0
1.0
1.0
1.0
1.0
0.99999666
1.0
0.9937908
1.0
1.0
0.99999976
0.9998945
0.99999917
0.99999976
1.0
1.0
1.0
1.0
0.9998696
1.0
1.0
1.0
0.99995124
0.5810738
1.0
1.0
1.0
1.0
1.0
1.0
1.0
1.0
0.9987068
1.0
0.7282163
1.0
0.99988925
1.0
0.99999976
1.0
1.0
0.9999999
1.0
0.9999994
1.0
1.0
0.9999999
0.9999995
1.0
1.0
0.9885889
1.0
0.9996288
1.0
1.0
0.99999976
1.0
0.9999974
1.0
1.0
1.0
1.0
0.9999666
1.0
0.9975343
1.0
0.99999905
0.9946759
1.0
1.0
1.0
1.0
1.0
0.9999918
0.99786735
1.0
1.0
0.9046347
1.0
1.0
1.0
1.0
1.0
1.0
1.0
1.0
1.0
0.9999149
1.0
1.0
1.0
1.0
0.9999988
1.0
0.5471002
1.0
0.9999981
1.0
1.0
1.0
1.0
1.0
0.9999999
1.0
0.9999999
1.0
0.9890331
1.0
1.0
0.6602723
1.0
1.0
0.9999987
0.9999987
1.0
0.9999757
1.0
0.9999999
0.9998876
1.0
1.0
1.0
1.0
0.9999993
1.0
0.8771162
1.0
1.0
1.0
1.0
1.0
1.0
0.99998915
1.0
0.9999901
1.0
1.0
1.0
1.0
1.0
1.0
0.99999976
1.0
1.0
1.0
1.0
1.0
1.0
1.0
0.99139684
1.0
1.0
1.0
1.0
1.0
1.0
1.0
1.0
0.9984976
1.0
1.0
1.0
0.9197665
1.0
1.0
0.9999999
1.0
1.0
1.0
1.0
1.0
1.0
1.0
1.0
0.9999999
1.0
1.0
1.0
1.0
1.0
0.9999987
1.0
0.99959
1.0
1.0
1.0
1.0
1.0
1.0
1.0
1.0
1.0
1.0
1.0
1.0
0.99989057
0.99999976
0.66915804
0.99999845
0.9997187
1.0
1.0
0.9999356
1.0
1.0
1.0
0.9999994
0.9996761
0.9999999
1.0
1.0
1.0
1.0
1.0
1.0
1.0
1.0
1.0
0.9999901
1.0
1.0
1.0
1.0
1.0
0.88928014
0.9999956
0.9999951
0.9999999
1.0
1.0
1.0
1.0
0.99258876
0.9999999
1.0
1.0
1.0
1.0
1.0
1.0
0.9999403
0.7453497
1.0
0.99999917
1.0
1.0
1.0
1.0
1.0
1.0
0.9999999
0.99997795
1.0
0.9999995
1.0
1.0
0.9999975
1.0
0.99999976
1.0
1.0
1.0
1.0
0.9335979
1.0
0.9999999
1.0
1.0
1.0
1.0
1.0
0.9999825
1.0
0.9986065
0.99987197
1.0
1.0
1.0
0.9999999
1.0
1.0
1.0
1.0
0.56917673
1.0
1.0
0.9999404
1.0
1.0
1.0
1.0
1.0
1.0
0.9999999
1.0
1.0
0.9999999
1.0
1.0
1.0
1.0
1.0
1.0
0.9999989
1.0
1.0
1.0
1.0
0.9999815
0.9999956
1.0
1.0
1.0
1.0
1.0
0.9999993
1.0
1.0
1.0
0.99998975
1.0
0.99935526
1.0
0.9999999
1.0
1.0
1.0
1.0
1.0
1.0
1.0
0.5355181
1.0
1.0
0.4353788
1.0
1.0
1.0
1.0
1.0
1.0
1.0
0.99999547
1.0
0.9999912
1.0
1.0
1.0
0.9999999
0.99991226
1.0
1.0
1.0
1.0
1.0
0.9999994
0.9999907
1.0
0.99999976
1.0
1.0
1.0
1.0
1.0
1.0
1.0
1.0
0.99997747
1.0
0.9999988
1.0
1.0
0.99999976
0.9999995
1.0
0.99999964
0.9999999
1.0
1.0
0.9999999
1.0
0.99999964
0.9999113
1.0
1.0
1.0
1.0
0.99999976
1.0
1.0
0.9999993
1.0
1.0
1.0
1.0
0.9999995
1.0
1.0
0.99999475
0.9999999
1.0
1.0
0.9998056
1.0
0.99999654
0.9999995
1.0
1.0
0.999495
1.0
0.999974
1.0
0.9999962
1.0
0.9999999
1.0
1.0
1.0
1.0
0.9978098
1.0
0.9999993
1.0
1.0
1.0
1.0
1.0
0.9999956
1.0
1.0
0.99953794
1.0
0.9461715
0.99997485
1.0
1.0
0.9999876
1.0
0.99999547
0.99999917
0.99999785
1.0
1.0
1.0
1.0
1.0
1.0
1.0
1.0
0.9998443
1.0
1.0
0.99998116
1.0
1.0
0.99998534
1.0
0.9997967
1.0
1.0
1.0
0.50353587
1.0
0.99999845
0.9999999
1.0
1.0
0.99999726
0.9998184
1.0
1.0
1.0
1.0
1.0
1.0
1.0
1.0
1.0
1.0
0.9999999
0.9694325
1.0
1.0
1.0
1.0
1.0
1.0
1.0
1.0
1.0
1.0
1.0
1.0
0.99999964
0.9673439
0.99999976
1.0
1.0
1.0
1.0
0.9999919
0.99999964
1.0
1.0
0.9929784
1.0
1.0
1.0
1.0
1.0
1.0
0.9994848
0.6001161
1.0
1.0
0.9956671
1.0
0.9999994
1.0
1.0
1.0
0.99988234
1.0
1.0
0.9999999
0.9999683
1.0
0.98145604
0.9999999
1.0
1.0
1.0
1.0
1.0
1.0
0.9999999
0.99999976
0.9999999
1.0
1.0
0.99525166
1.0
1.0
0.99999654
1.0
0.970547
1.0
1.0
1.0
0.999995
0.999998
1.0
1.0
0.9836428
0.99999726
0.99998665
0.99998355
0.9999999
0.9999999
1.0
1.0
1.0
0.99989295
1.0
1.0
0.9999999
1.0
1.0
1.0
0.99999475
0.999985
0.9997985
1.0
0.99999845
1.0
0.9999999
1.0
1.0
1.0
0.99999964
1.0
0.9999999
1.0
1.0
1.0
0.99998736
0.9999994
1.0
1.0
0.99999976
1.0
1.0
1.0
1.0
1.0
1.0
1.0
1.0
1.0
1.0
0.98085886
1.0
1.0
1.0
1.0
0.9999918
0.9996761
1.0
1.0
1.0
1.0
0.99999964
1.0
0.9999995
1.0
0.9981351
0.9933106
1.0
1.0
0.9999603
1.0
1.0
1.0
1.0
0.9999975
0.7490251
1.0
1.0
1.0
1.0
0.99979466
1.0
1.0
1.0
1.0
1.0
0.9999943
1.0
0.9979988
0.9999993
0.99982625
1.0
1.0
0.9999999
1.0
1.0
0.9999999
0.9999999
1.0
0.99999976
1.0
1.0
1.0
1.0
1.0
0.999995
0.99657756
1.0
1.0
0.99987936
1.0
0.5303775
1.0
1.0
0.9999982
1.0
1.0
1.0
1.0
1.0
1.0
1.0
1.0
1.0
1.0
1.0
1.0
1.0
1.0
1.0
0.99999905
0.8621996
1.0
1.0
1.0
0.99999833
1.0
1.0
1.0
0.99992645
0.9999995
0.99999976
1.0
0.9999881
1.0
0.9999931
1.0
1.0
1.0
0.9645037
1.0
1.0
1.0
1.0
1.0
0.9999999
1.0
1.0
1.0
1.0
0.99920386
0.9999999
1.0
1.0
1.0
1.0
0.9999999
1.0
1.0
0.99999917
1.0
1.0
1.0
1.0
1.0
0.9999999
1.0
1.0
1.0
1.0
1.0
1.0
1.0
0.7499935
1.0
0.999998
1.0
1.0
0.99999964
1.0
1.0
1.0
1.0
0.99840623
0.9999999
0.9999782
1.0
1.0
1.0
1.0
0.9999409
1.0
1.0
0.77935123
0.9996307
1.0
0.6592493
0.9999999
1.0
0.9999994
0.999451
0.99793756
1.0
0.9980324
1.0
1.0
1.0
0.99896777
1.0
1.0
1.0
1.0
1.0
1.0
1.0
1.0
1.0
0.9999969
1.0
1.0
1.0
1.0
1.0
1.0
0.9999957
1.0
1.0
1.0
1.0
1.0
0.99997056
1.0
0.5344683
1.0
1.0
1.0
0.99999726
1.0
1.0
0.9999988
1.0
1.0
1.0
0.9987534
0.9997167
1.0
0.9999999
0.99219006
0.9999999
1.0
1.0
0.99996233
0.9999994
1.0
1.0
1.0
0.9999975
1.0
1.0
1.0
1.0
1.0
0.9999521
0.9999999
1.0
0.9999993
0.99992514
0.6109698
1.0
1.0
1.0
0.999923
1.0
1.0
0.9615397
0.9999989
1.0
1.0
1.0
1.0
1.0
0.99999595
1.0
1.0
1.0
1.0
1.0
1.0
0.9999994
0.99999905
0.99998736
1.0
1.0
1.0
1.0
1.0
1.0
0.9642527
1.0
1.0
0.99986637
1.0
1.0
1.0
1.0
1.0
1.0
1.0
1.0
1.0
1.0
0.50827676
1.0
0.9999995
1.0
0.9999877
0.9985625
1.0
1.0
1.0
1.0
1.0
1.0
1.0
1.0
1.0
1.0
1.0
0.99999976
0.99999976
1.0
0.99998474
1.0
1.0
1.0
0.9799753
1.0
1.0
1.0
0.99999976
1.0
1.0
1.0
1.0
1.0
1.0
1.0
1.0
1.0
1.0
1.0
1.0
0.9988605
1.0
1.0
1.0
0.9999981
1.0
0.99925023
0.99999976
1.0
0.99999535
1.0
1.0
0.9999999
1.0
1.0
0.9999993
1.0
0.99999964
1.0
1.0
1.0
1.0
1.0
0.9999937
1.0
0.9999051
1.0
1.0
1.0
1.0
1.0
1.0
1.0
1.0
0.9921131
1.0
0.99999785
1.0
1.0
1.0
0.9999474
1.0
0.9999995
0.9372717
0.9999999
1.0
1.0
1.0
1.0
1.0
1.0
1.0
1.0
1.0
1.0
1.0
0.9999894
0.9999957
1.0
1.0
1.0
1.0
1.0
1.0
0.99999964
1.0
1.0
0.9999995
0.9999993
1.0
1.0
1.0
1.0
1.0
1.0
0.9999794
1.0
1.0
1.0
0.9999993
0.9999981
1.0
0.9999993
0.9999478
0.9945122
0.9999982
1.0
0.99958414
1.0
1.0
1.0
1.0
1.0
1.0
1.0
0.9999312
0.9999999
1.0
1.0
0.9999993
1.0
1.0
1.0
0.9999963
0.99999964
0.9405512
1.0
0.9155793
1.0
1.0
1.0
1.0
1.0
1.0
1.0
1.0
1.0
1.0
1.0
1.0
0.9999994
1.0
1.0
1.0
1.0
1.0
1.0
0.99775094
1.0
1.0
1.0
1.0
0.99999976
1.0
1.0
1.0
1.0
1.0
1.0
1.0
1.0
1.0
0.9999989
1.0
1.0
1.0
1.0
1.0
0.9999999
1.0
1.0
0.94361997
0.99999833
1.0
1.0
1.0
1.0
1.0
0.9879739
0.99999726
0.999161
1.0
1.0
1.0
1.0
1.0
1.0
0.9585197
1.0
1.0
0.99999976
1.0
1.0
1.0
1.0
1.0
1.0
1.0
0.9999989
1.0
1.0
0.998863
0.99988306
0.99999845
1.0
1.0
1.0
1.0
1.0
1.0
0.9999989
1.0
1.0
1.0
1.0
1.0
1.0
1.0
0.9999995
1.0
1.0
0.99999905
1.0
1.0
0.9935586
0.9986772
1.0
1.0
1.0
1.0
1.0
1.0
1.0
1.0
1.0
1.0
1.0
1.0
0.9941391
1.0
0.99933016
1.0
1.0
0.9970011
0.9999604
1.0
0.9999989
1.0
0.99999917
1.0
0.9355536
1.0
0.9994862
1.0
0.99999905
1.0
1.0
1.0
1.0
1.0
1.0
1.0
1.0
1.0
0.9999926
0.9999999
0.9999999
1.0
1.0
1.0
1.0
0.9999993
1.0
0.9999999
0.99999976
0.9999901
1.0
1.0
1.0
0.9999871
1.0
1.0
0.99997747
1.0
1.0
0.9999999
1.0
0.9999995
1.0
1.0
1.0
1.0
1.0
1.0
1.0
1.0
1.0
1.0
0.99999964
1.0
1.0
1.0
1.0
0.9999727
1.0
0.9999999
0.99999285
0.9998841
1.0
1.0
1.0
1.0
1.0
1.0
0.9997726
0.9999999
0.9999995
1.0
1.0
1.0
0.9453824
1.0
1.0
1.0
1.0
1.0
1.0
1.0
0.9999999
1.0
0.99979895
0.99999845
1.0
1.0
1.0
1.0
1.0
1.0
1.0
1.0
1.0
1.0
0.9999138
0.9999999
1.0
1.0
1.0
1.0
0.9999995
0.9999993
1.0
1.0
1.0
0.99996734
0.992423
1.0
1.0
1.0
1.0
0.9998925
1.0
0.9996873
1.0
1.0
1.0
0.99999964
1.0
1.0
1.0
1.0
1.0
1.0
1.0
0.999998
1.0
1.0
1.0
1.0
1.0
0.9999994
1.0
1.0
1.0
1.0
1.0
1.0
0.9999999
1.0
1.0
1.0
1.0
1.0
1.0
0.99999976
1.0
1.0
1.0
1.0
1.0
1.0
1.0
1.0
1.0
1.0
1.0
1.0
1.0
1.0
1.0
1.0
0.9999826
1.0
1.0
1.0
1.0
0.99999976
1.0
1.0
1.0
1.0
1.0
1.0
1.0
1.0
1.0
1.0
0.99999905
1.0
1.0
1.0
1.0
0.99994195
1.0
1.0
1.0
1.0
1.0
1.0
0.9999999
1.0
1.0
1.0
1.0
1.0
1.0
1.0
1.0
1.0
1.0
1.0
0.9999974
1.0
1.0
1.0
1.0
1.0
1.0
1.0
1.0
1.0
1.0
1.0
1.0
0.9999999
0.9999981
1.0
1.0
1.0
1.0
0.9999999
1.0
1.0
1.0
1.0
1.0
1.0
1.0
1.0
1.0
1.0
1.0
1.0
1.0
1.0
0.99999845
1.0
1.0
1.0
1.0
1.0
1.0
0.9891633
1.0
1.0
1.0
1.0
1.0
1.0
1.0
0.9999988
1.0
1.0
1.0
1.0
0.9999906
1.0
1.0
1.0
1.0
1.0
1.0
1.0
1.0
1.0
1.0
1.0
1.0
1.0
1.0
1.0
1.0
1.0
1.0
0.9998325
1.0
1.0
0.99999976
1.0
1.0
0.99889874
1.0
0.99999857
1.0
1.0
1.0
1.0
1.0
1.0
1.0
1.0
0.9999975
0.9999999
1.0
1.0
1.0
1.0
1.0
0.99999845
1.0
1.0
1.0
1.0
1.0
1.0
1.0
1.0
1.0
1.0
0.99999976
1.0
1.0
1.0
1.0
0.99948776
1.0
0.9999943
1.0
0.9999995
1.0
1.0
1.0
0.9999999
1.0
1.0
0.9999995
1.0
1.0
1.0
1.0
1.0
1.0
0.9999999
1.0
1.0
1.0
0.99999547
1.0
1.0
1.0
1.0
1.0
1.0
0.99987686
1.0
1.0
1.0
1.0
1.0
1.0
1.0
1.0
1.0
1.0
1.0
1.0
1.0
1.0
1.0
0.9999995
1.0
0.99344563
0.99999976
1.0
1.0
0.99996614
1.0
1.0
1.0
1.0
1.0
1.0
1.0
1.0
1.0
1.0
0.9999914
0.9999994
1.0
1.0
0.99998677
1.0
1.0
0.9987173
0.9999999
0.9999999
1.0
1.0
1.0
1.0
1.0
1.0
1.0
0.9998741
1.0
1.0
1.0
1.0
1.0
1.0
1.0
1.0
1.0
0.99996483
1.0
1.0
1.0
1.0
1.0
1.0
1.0
1.0
1.0
0.9999999
1.0
1.0
1.0
1.0
1.0
1.0
1.0
1.0
1.0
1.0
1.0
1.0
1.0
1.0
1.0
1.0
1.0
1.0
1.0
1.0
1.0
1.0
1.0
1.0
1.0
1.0
1.0
1.0
1.0
1.0
1.0
1.0
0.9408104
1.0
1.0
1.0
1.0
1.0
1.0
1.0
1.0
1.0
1.0
1.0
0.9999999
1.0
1.0
1.0
1.0
1.0
1.0
1.0
1.0
1.0
1.0
1.0
1.0
1.0
1.0
1.0
1.0
0.9999999
1.0
1.0
1.0
1.0
1.0
1.0
1.0
1.0
1.0
1.0
1.0
1.0
1.0
1.0
0.9999999
1.0
1.0
1.0
1.0
0.99999964
1.0
1.0
1.0
1.0
1.0
1.0
1.0
1.0
1.0
1.0
1.0
1.0
1.0
1.0
1.0
1.0
1.0
1.0
1.0
1.0
1.0
1.0
1.0
1.0
1.0
1.0
0.99999976
1.0
1.0
1.0
1.0
1.0
1.0
1.0
1.0
1.0
1.0
1.0
1.0
1.0
1.0
1.0
1.0
0.99999905
1.0
1.0
1.0
1.0
1.0
1.0
1.0
1.0
1.0
1.0
1.0
1.0
1.0
1.0
1.0
1.0
1.0
1.0
1.0
1.0
1.0
1.0
1.0
1.0
0.9999844
0.9999788
1.0
1.0
1.0
1.0
1.0
1.0
0.999982
1.0
1.0
1.0
1.0
1.0
1.0
1.0
1.0
1.0
1.0
1.0
1.0
0.9999999
1.0
1.0
1.0
1.0
1.0
1.0
1.0
1.0
1.0
1.0
1.0
1.0
1.0
1.0
1.0
1.0
1.0
1.0
1.0
1.0
1.0
1.0
1.0
1.0
1.0
1.0
1.0
1.0
1.0
1.0
1.0
0.99999917
1.0
1.0
1.0
1.0
1.0
1.0
1.0
1.0
1.0
1.0
1.0
1.0
1.0
1.0
1.0
1.0
0.9999434
1.0
1.0
0.99999857
0.9999999
1.0
1.0
1.0
0.99999714
1.0
1.0
1.0
1.0
1.0
1.0
1.0
1.0
1.0
1.0
1.0
1.0
1.0
1.0
1.0
1.0
1.0
1.0
0.9999999
0.9999933
1.0
1.0
1.0
1.0
1.0
1.0
1.0
1.0
1.0
1.0
1.0
1.0
1.0
1.0
0.9999999
1.0
0.9999728
1.0
1.0
1.0
1.0
0.9999989
1.0
1.0
1.0
0.9999925
1.0
1.0
1.0
1.0
1.0
1.0
0.9999937
1.0
0.99999976
0.9999958
1.0
1.0
0.9999535
1.0
1.0
1.0
1.0
1.0
1.0
0.9999957
0.9999994
0.99999964
1.0
1.0
1.0
1.0
0.9986253
1.0
0.9999999
0.9999999
1.0
0.9999995
1.0
1.0
1.0
1.0
1.0
1.0
1.0
0.9999901
1.0
1.0
1.0
1.0
1.0
1.0
1.0
1.0
1.0
0.99994993
1.0
1.0
0.9999981
0.99999976
1.0
1.0
1.0
0.9999999
1.0
1.0
0.95081604
1.0
0.9999945
1.0
1.0
0.9999944
1.0
0.9999943
0.9999627
0.9999844
1.0
1.0
1.0
0.99999964
0.9999701
0.9999982
1.0
1.0
1.0
0.99986637
0.99969697
0.9999999
1.0
1.0
1.0
1.0
1.0
1.0
0.9999999
1.0
1.0
1.0
1.0
0.9999982
1.0
1.0
1.0
1.0
1.0
1.0
1.0
1.0
0.999982
0.9999963
0.9999993
1.0
1.0
1.0
1.0
0.9999995
1.0
1.0
1.0
1.0
1.0
1.0
1.0
0.9999995
1.0
1.0
1.0
1.0
1.0
1.0
1.0
1.0
1.0
1.0
1.0
0.99999964
0.99999976
1.0
1.0
1.0
0.9999863
0.9999912
1.0
1.0
1.0
1.0
1.0
1.0
1.0
0.9999995
1.0
0.9999987
0.99998844
1.0
1.0
1.0
1.0
1.0
0.99999976
1.0
1.0
1.0
1.0
0.9999999
1.0
1.0
0.99223244
0.99997735
0.98427755
1.0
1.0
1.0
1.0
1.0
1.0
1.0
1.0
0.99986994
1.0
1.0
1.0
0.97322357
1.0
1.0
0.9784799
1.0
0.9999999
1.0
0.9999999
1.0
1.0
1.0
1.0
1.0
1.0
1.0
1.0
1.0
1.0
1.0
0.99999976
0.999998
1.0
1.0
1.0
0.99999976
1.0
1.0
1.0
1.0
0.9999999
1.0
1.0
1.0
1.0
1.0
0.99999964
1.0
1.0
1.0
1.0
1.0
1.0
0.9999999
1.0
1.0
1.0
1.0
1.0
1.0
1.0
1.0
0.9999999
0.99999535
0.99993026
1.0
1.0
1.0
1.0
1.0
1.0
1.0
1.0
1.0
1.0
1.0
1.0
1.0
1.0
1.0
1.0
1.0
1.0
0.9999993
1.0
1.0
1.0
1.0
1.0
0.99980646
0.99859935
1.0
0.99999976
1.0
1.0
1.0
1.0
0.9999877
1.0
1.0
1.0
1.0
1.0
1.0
1.0
1.0
1.0
1.0
1.0
1.0
1.0
1.0
1.0
1.0
1.0
1.0
1.0
1.0
1.0
1.0
1.0
1.0
1.0
1.0
1.0
1.0
1.0
1.0
1.0
1.0
1.0
1.0
1.0
0.9999995
1.0
1.0
0.9999999
1.0
1.0
0.986347
1.0
1.0
1.0
1.0
1.0
1.0
1.0
0.99999964
1.0
0.99721295
0.9996184
1.0
0.99998224
0.99999976
1.0
1.0
1.0
1.0
1.0
0.9999994
1.0
0.9999999
1.0
1.0
1.0
1.0
1.0
1.0
0.9999784
0.9999999
1.0
1.0
1.0
1.0
0.9999968
1.0
1.0
1.0
0.9999999
1.0
0.9999993
1.0
1.0
0.9999968
1.0
1.0
0.9999999
1.0
1.0
1.0
1.0
1.0
1.0
1.0
1.0
1.0
0.99999344
0.9999989
0.99842846
0.9996007
0.9999995
0.9999597
1.0
1.0
0.9999999
1.0
1.0
1.0
1.0
1.0
1.0
0.9999976
1.0
0.9999999
1.0
1.0
1.0
0.9806754
1.0
1.0
1.0
0.99998736
1.0
0.999987
1.0
0.9999862
1.0
1.0
1.0
1.0
1.0
1.0
1.0
1.0
0.99997616
0.99998343
1.0
1.0
0.99999976
0.99999905
1.0
1.0
0.9999993
0.9976247
0.9458536
0.9999989
0.9999999
0.9999938
1.0
0.99999464
0.9999994
0.9999999
1.0
1.0
0.99999964
1.0
1.0
1.0
0.9999999
0.996799
0.99999905
0.9999999
0.9999931
1.0
0.9999999
0.99999976
0.99899095
0.9999994
0.9999895
0.9999989
0.99999976
0.9999999
0.99999964
0.9999933
1.0
1.0
1.0
1.0
1.0
1.0
1.0
1.0
0.9999925
1.0
0.9999995
0.9999907
0.9999999
1.0
0.95820963
1.0
0.99998915
1.0
1.0
1.0
1.0
1.0
1.0
0.9998723
1.0
0.9999995
1.0
1.0
1.0
1.0
0.9999981
1.0
1.0
0.9999999
1.0
1.0
0.9999994
1.0
1.0
1.0
1.0
0.99999964
0.999995
1.0
1.0
1.0
1.0
0.9999994
1.0
1.0
1.0
0.9999999
1.0
0.9999968
1.0
1.0
1.0
1.0
0.9999999
0.99688715
0.9999975
0.9999994
1.0
0.9999993
1.0
1.0
1.0
1.0
0.9999999
0.99101955
0.9999999
1.0
0.9999999
1.0
1.0
1.0
1.0
1.0
0.9999999
0.97165954
1.0
0.9999993
1.0
1.0
1.0
1.0
1.0
1.0
1.0
0.9999963
1.0
1.0
1.0
1.0
1.0
1.0
1.0
1.0
1.0
1.0
0.99972934
1.0
1.0
0.99999964
1.0
1.0
1.0
1.0
1.0
1.0
1.0
1.0
0.99999905
1.0
0.99999976
1.0
1.0
1.0
1.0
1.0
1.0
1.0
1.0
1.0
1.0
1.0
1.0
1.0
1.0
1.0
1.0
1.0
1.0
1.0
1.0
1.0
1.0
1.0
1.0
1.0
1.0
1.0
1.0
1.0
1.0
0.99885535
1.0
1.0
1.0
0.99999106
1.0
1.0
1.0
1.0
0.7227795
1.0
0.9984263
1.0
1.0
1.0
0.99472296
0.56052184
0.9999838
1.0
1.0
1.0
1.0
1.0
1.0
1.0
1.0
1.0
1.0
1.0
1.0
1.0
1.0
1.0
1.0
1.0
1.0
1.0
1.0
1.0
1.0
1.0
1.0
1.0
0.9999999
1.0
1.0
1.0
1.0
1.0
1.0
1.0
1.0
1.0
1.0
1.0
1.0
1.0
1.0
1.0
1.0
1.0
1.0
1.0
1.0
1.0
1.0
1.0
1.0
1.0
1.0
1.0
0.9999999
1.0
1.0
1.0
1.0
1.0
1.0
1.0
1.0
1.0
1.0
1.0
1.0
1.0
1.0
0.9997037
1.0
1.0
1.0
1.0
1.0
1.0
0.99999785
1.0
1.0
1.0
1.0
1.0
1.0
1.0
1.0
1.0
1.0
1.0
1.0
1.0
1.0
1.0
1.0
1.0
1.0
1.0
1.0
1.0
1.0
1.0
1.0
1.0
1.0
1.0
1.0
1.0
1.0
1.0
1.0
1.0
1.0
1.0
1.0
1.0
1.0
1.0
1.0
1.0
1.0
1.0
1.0
1.0
1.0
1.0
1.0
1.0
1.0
1.0
1.0
1.0
1.0
0.9999999
1.0
1.0
1.0
1.0
1.0
1.0
1.0
1.0
1.0
1.0
1.0
1.0
1.0
1.0
1.0
1.0
1.0
1.0
1.0
1.0
1.0
1.0
1.0
1.0
1.0
1.0
1.0
1.0
1.0
1.0
1.0
1.0
1.0
1.0
1.0
1.0
1.0
1.0
0.9999989
1.0
1.0
0.9999995
1.0
1.0
1.0
0.9999999
1.0
1.0
1.0
1.0
1.0
1.0
1.0
1.0
1.0
1.0
1.0
1.0
1.0
1.0
1.0
1.0
1.0
1.0
1.0
1.0
1.0
1.0
1.0
1.0
0.9999974
1.0
1.0
1.0
1.0
1.0
1.0
1.0
1.0
1.0
1.0
1.0
1.0
1.0
1.0
0.9999912
0.9999863
0.99861634
1.0
1.0
1.0
1.0
0.9999995
1.0
0.99958736
0.9999856
1.0
1.0
1.0
1.0
1.0
1.0
1.0
0.9999993
0.99999964
0.9998977
1.0
1.0
1.0
1.0
1.0
1.0
0.9999826
1.0
0.9999995
1.0
0.9999999
1.0
0.9999999
1.0
0.9845361
1.0
0.9999846
1.0
1.0
1.0
1.0
1.0
1.0
1.0
1.0
1.0
1.0
1.0
1.0
1.0
1.0
0.9999999
1.0
1.0
1.0
1.0
1.0
1.0
1.0
1.0
1.0
1.0
1.0
0.99999964
1.0
1.0
0.9999999
1.0
1.0
1.0
1.0
1.0
1.0
1.0
1.0
1.0
1.0
1.0
1.0
0.9986885
1.0
1.0
1.0
1.0
1.0
1.0
1.0
1.0
0.99972135
0.99999976
1.0
1.0
1.0
1.0
1.0
1.0
1.0
1.0
1.0
1.0
1.0
1.0
1.0
0.9999939
1.0
1.0
1.0
1.0
1.0
1.0
1.0
1.0
1.0
0.93435675
1.0
1.0
1.0
1.0
1.0
1.0
0.99999964
1.0
1.0
1.0
1.0
0.9999945
1.0
1.0
1.0
1.0
1.0
1.0
1.0
1.0
1.0
1.0
0.9999889
1.0
1.0
1.0
0.9992405
1.0
1.0
1.0
1.0
1.0
0.999985
1.0
1.0
1.0
0.99999917
1.0
0.9999987
1.0
0.99999976
1.0
0.99999976
0.99999833
1.0
1.0
1.0
1.0
0.99414766
0.59708476
1.0
0.99998176
0.99954814
1.0
0.57264334
0.99987066
1.0
1.0
1.0
0.99999857
1.0
0.9999989
0.9999958
0.99999964
0.9999958
0.5585847
0.99997497
0.9999182
0.94229925
0.9999964
0.978918
0.9999654
0.9997079
1.0
0.99999964
1.0
1.0
1.0
0.9999999
1.0
1.0
1.0
1.0
1.0
1.0
1.0
0.9999453
1.0
0.9999994
1.0
1.0
0.89469534
0.9877586
0.98907566
1.0
1.0
0.9999807
0.9999621
1.0
0.99999976
1.0
1.0
0.9994031
1.0
0.9999999
1.0
1.0
0.99999857
0.9999697
0.99999917
1.0
0.99965835
1.0
1.0
1.0
0.9999938
0.99999976
1.0
0.9999993
0.56296736
1.0
0.99999833
1.0
1.0
1.0
0.99999595
0.99977964
1.0
1.0
0.99999976
0.9999924
1.0
1.0
1.0
1.0
1.0
1.0
1.0
1.0
0.9999999
1.0
1.0
1.0
1.0
0.9999999
0.85851276
1.0
1.0
1.0
1.0
1.0
1.0
1.0
1.0
1.0
1.0
0.99999404
1.0
1.0
1.0
1.0
1.0
1.0
1.0
1.0
1.0
0.99999976
1.0
1.0
1.0
1.0
0.99999607
1.0
1.0
1.0
0.9999994
1.0
1.0
1.0
1.0
1.0
1.0
0.99999964
1.0
1.0
0.99999976
0.99999857
1.0
1.0
1.0
1.0
1.0
1.0
1.0
1.0
1.0
1.0
0.9999999
1.0
1.0
0.9998204
1.0
1.0
1.0
1.0
1.0
1.0
1.0
1.0
1.0
1.0
1.0
0.9999945
1.0
1.0
0.9999727
0.99981993
1.0
0.9999999
0.9999995
1.0
1.0
1.0
1.0
0.9999995
1.0
0.9998067
1.0
1.0
1.0
1.0
1.0
1.0
1.0
0.99898714
0.9999988
1.0
1.0
0.9963534
0.9999968
1.0
0.99995124
1.0
1.0
1.0
1.0
1.0
1.0
0.9999999
0.999845
0.99996614
1.0
1.0
1.0
1.0
1.0
0.9999989
1.0
1.0
1.0
1.0
1.0
0.99998987
1.0
1.0
1.0
1.0
1.0
1.0
1.0
1.0
1.0
1.0
1.0
1.0
1.0
1.0
0.5517969
0.9999386
0.99999964
1.0
0.99999976
1.0
1.0
1.0
0.99999964
1.0
0.99999046
1.0
1.0
0.99798965
1.0
1.0
1.0
1.0
1.0
1.0
1.0
1.0
1.0
0.99999976
0.99999845
1.0
1.0
1.0
0.999998
1.0
0.9999958
1.0
1.0
1.0
0.9999924
0.99999976
1.0
1.0
1.0
1.0
1.0
1.0
1.0
1.0
0.99999917
1.0
1.0
1.0
1.0
1.0
1.0
1.0
1.0
1.0
1.0
1.0
1.0
1.0
0.9999999
1.0
1.0
1.0
1.0
1.0
0.99685526
1.0
1.0
1.0
1.0
0.9999999
1.0
1.0
1.0
1.0
1.0
1.0
1.0
1.0
1.0
1.0
1.0
1.0
1.0
1.0
1.0
1.0
1.0
0.9999999
1.0
1.0
1.0
1.0
1.0
1.0
1.0
0.99999714
1.0
1.0
1.0
1.0
0.99986744
1.0
0.9999999
1.0
1.0
1.0
1.0
1.0
1.0
1.0
1.0
0.99999464
0.99992895
1.0
1.0
1.0
0.9999999
1.0
1.0
1.0
1.0
1.0
1.0
0.9999794
1.0
1.0
1.0
0.9999938
1.0
0.9999974
1.0
0.9999994
1.0
0.9999999
1.0
1.0
0.9999982
1.0
1.0
1.0
1.0
1.0
1.0
0.99999976
1.0
1.0
0.99999976
1.0
1.0
1.0
1.0
1.0
1.0
1.0
1.0
1.0
1.0
0.9999962
1.0
1.0
1.0
1.0
0.9999894
1.0
1.0
1.0
1.0
0.9999999
1.0
1.0
1.0
0.99998903
1.0
1.0
1.0
1.0
1.0
1.0
1.0
0.9999994
1.0
0.9999999
1.0
1.0
0.9999994
1.0
1.0
1.0
1.0
1.0
1.0
1.0
1.0
1.0
1.0
1.0
1.0
1.0
0.9999999
1.0
1.0
1.0
1.0
1.0
1.0
1.0
1.0
1.0
1.0
1.0
1.0
1.0
1.0
1.0
1.0
0.9999958
1.0
1.0
1.0
1.0
1.0
1.0
1.0
1.0
1.0
0.9999999
1.0
1.0
1.0
1.0
1.0
1.0
1.0
1.0
1.0
1.0
1.0
1.0
1.0
1.0
1.0
1.0
1.0
1.0
1.0
1.0
1.0
0.99999976
1.0
1.0
1.0
1.0
1.0
1.0
1.0
1.0
1.0
1.0
1.0
1.0
1.0
1.0
1.0
1.0
1.0
1.0
0.9991454
1.0
1.0
1.0
1.0
0.9999409
1.0
1.0
1.0
1.0
1.0
1.0
1.0
1.0
1.0
0.9999987
1.0
1.0
1.0
1.0
1.0
1.0
0.99999833
1.0
1.0
1.0
1.0
1.0
1.0
1.0
1.0
1.0
0.99999547
1.0
1.0
1.0
1.0
1.0
1.0
1.0
0.99998236
1.0
1.0
1.0
0.9999993
0.99991333
0.9999721
1.0
1.0
1.0
1.0
0.99999547
1.0
1.0
1.0
1.0
1.0
1.0
0.99999976
1.0
1.0
1.0
1.0
1.0
1.0
1.0
0.99999714
1.0
1.0
1.0
1.0
1.0
0.993167
1.0
1.0
1.0
1.0
1.0
1.0
1.0
1.0
1.0
1.0
0.99999475
1.0
1.0
0.9999424
0.99999976
1.0
1.0
1.0
1.0
1.0
1.0
1.0
1.0
1.0
1.0
1.0
0.99999857
1.0
1.0
1.0
1.0
1.0
0.9999906
1.0
0.9999999
1.0
1.0
1.0
1.0
1.0
1.0
1.0
1.0
1.0
1.0
1.0
1.0
1.0
1.0
1.0
1.0
1.0
0.999998
1.0
1.0
1.0
1.0
0.9999995
1.0
1.0
0.99999976
1.0
1.0
1.0
1.0
1.0
1.0
1.0
1.0
1.0
1.0
1.0
1.0
0.99999976
1.0
1.0
0.9998716
1.0
1.0
1.0
1.0
1.0
1.0
0.99999154
1.0
1.0
0.9999968
1.0
0.9999999
1.0
0.99970466
1.0
1.0
1.0
0.9903902
1.0
1.0
1.0
0.9999999
1.0
1.0
1.0
1.0
1.0
1.0
1.0
1.0
0.99999964
1.0
1.0
1.0
0.9999782
1.0
0.9988852
1.0
0.9999994
1.0
1.0
0.9996246
1.0
1.0
1.0
1.0
0.99999964
1.0
1.0
1.0
0.99997115
1.0
1.0
1.0
1.0
1.0
1.0
1.0
1.0
1.0
0.9999994
1.0
1.0
1.0
1.0
1.0
0.99999976
1.0
1.0
0.9999989
1.0
1.0
1.0
1.0
1.0
1.0
1.0
1.0
1.0
0.9999913
1.0
1.0
1.0
1.0
1.0
1.0
1.0
1.0
1.0
0.9999999
1.0
1.0
0.99999964
1.0
1.0
1.0
1.0
1.0
1.0
1.0
1.0
1.0
1.0
1.0
1.0
1.0
1.0
1.0
1.0
1.0
0.9999994
1.0
1.0
1.0
1.0
1.0
1.0
1.0
1.0
1.0
1.0
1.0
1.0
1.0
1.0
1.0
1.0
1.0
1.0
1.0
1.0
1.0
1.0
1.0
1.0
1.0
1.0
1.0
0.9999999
1.0
1.0
1.0
1.0
1.0
1.0
1.0
1.0
1.0
1.0
1.0
0.9999974
1.0
1.0
1.0
1.0
0.99825233
1.0
1.0
1.0
1.0
1.0
1.0
1.0
1.0
1.0
1.0
1.0
1.0
1.0
1.0
1.0
1.0
1.0
1.0
1.0
1.0
1.0
1.0
1.0
1.0
1.0
1.0
0.9999999
1.0
1.0
0.9999882
1.0
0.9999999
1.0
1.0
1.0
1.0
1.0
1.0
1.0
1.0
1.0
1.0
1.0
1.0
1.0
0.99999976
0.99999964
1.0
1.0
1.0
1.0
1.0
1.0
1.0
1.0
0.99999976
1.0
1.0
0.9999944
1.0
1.0
1.0
1.0
1.0
1.0
0.9999999
1.0
1.0
1.0
1.0
1.0
0.9999999
1.0
1.0
1.0
0.99999833
0.99999845
0.99968874
1.0
0.9998134
1.0
1.0
1.0
1.0
1.0
1.0
0.99999344
1.0
0.9999995
1.0
1.0
1.0
1.0
1.0
1.0
1.0
0.99987125
1.0
1.0
1.0
1.0
1.0
0.99998975
1.0
1.0
1.0
0.9999937
0.9999999
1.0
1.0
1.0
1.0
1.0
1.0
1.0
1.0
1.0
0.9999181
1.0
1.0
1.0
0.9999926
1.0
1.0
1.0
1.0
1.0
1.0
0.99995613
1.0
1.0
1.0
0.99999905
1.0
1.0
1.0
1.0
0.99999845
1.0
1.0
1.0
1.0
1.0
0.99999666
1.0
1.0
1.0
1.0
1.0
1.0
0.999997
1.0
1.0
1.0
1.0
1.0
0.99999964
1.0
1.0
0.9999995
1.0
1.0
1.0
1.0
1.0
1.0
1.0
1.0
0.99999547
0.99999905
1.0
1.0
1.0
1.0
1.0
1.0
1.0
1.0
1.0
0.9999999
1.0
1.0
1.0
1.0
0.99999845
1.0
1.0
1.0
1.0
1.0
0.9999995
1.0
1.0
1.0
1.0
1.0
0.9999999
1.0
1.0
1.0
1.0
1.0
1.0
1.0
1.0
1.0
1.0
1.0
1.0
1.0
0.99997747
1.0
1.0
1.0
0.99999845
1.0
0.9999999
1.0
1.0
0.99995697
1.0
1.0
1.0
1.0
0.9999999
0.9999753
1.0
1.0
1.0
1.0
1.0
0.99999976
1.0
1.0
1.0
1.0
1.0
1.0
1.0
1.0
1.0
1.0
1.0
1.0
1.0
1.0
1.0
1.0
1.0
1.0
1.0
1.0
1.0
1.0
1.0
1.0
1.0
1.0
1.0
1.0
1.0
0.9999999
1.0
1.0
0.9999987
1.0
1.0
1.0
1.0
1.0
1.0
1.0
0.9999999
1.0
1.0
1.0
1.0
1.0
1.0
1.0
0.9999999
1.0
0.99989414
0.9999999
1.0
0.99999905
0.9999945
1.0
1.0
1.0
1.0
1.0
1.0
1.0
0.99999964
1.0
0.9999975
1.0
1.0
1.0
1.0
1.0
1.0
1.0
0.9999999
1.0
1.0
1.0
1.0
1.0
1.0
1.0
1.0
1.0
1.0
1.0
0.9999987
0.9999982
1.0
1.0
1.0
1.0
1.0
1.0
0.9999999
0.99999964
1.0
1.0
0.9999993
1.0
1.0
1.0
1.0
1.0
1.0
1.0
1.0
0.9999999
1.0
1.0
1.0
1.0
0.9999994
0.9999999
1.0
1.0
1.0
1.0
1.0
1.0
1.0
1.0
1.0
1.0
1.0
1.0
1.0
1.0
1.0
1.0
1.0
1.0
1.0
1.0
1.0
0.9999982
1.0
1.0
1.0
1.0
1.0
1.0
1.0
1.0
0.9999987
1.0
1.0
0.9999901
0.99999964
0.9999995
0.99974376
0.9999746
1.0
1.0
0.9999957
1.0
1.0
1.0
1.0
1.0
1.0
0.99999964
1.0
1.0
0.99999976
1.0
1.0
1.0
1.0
1.0
1.0
1.0
1.0
1.0
1.0
1.0
1.0
1.0
1.0
1.0
1.0
1.0
1.0
1.0
1.0
1.0
1.0
0.9999995
0.99999774
1.0
1.0
1.0
0.99999917
1.0
1.0
1.0
0.99999917
1.0
1.0
1.0
1.0
0.99999976
1.0
1.0
1.0
1.0
1.0
1.0
1.0
1.0
1.0
1.0
0.99990404
1.0
0.9999999
0.9985753
1.0
0.9999994
1.0
1.0
1.0
1.0
1.0
1.0
1.0
1.0
1.0
0.99999046
0.9999962
1.0
0.99999845
1.0
1.0
1.0
1.0
0.99999964
0.99852705
1.0
0.9999999
1.0
1.0
0.9999945
1.0
0.9999999
1.0
1.0
1.0
1.0
1.0
1.0
1.0
1.0
1.0
1.0
0.9999889
0.99999857
0.9999875
0.9998616
1.0
1.0
0.9989697
1.0
0.9999989
1.0
0.826012
0.99991596
0.99998295
0.9999999
0.9969856
1.0
1.0
0.99998796
0.9999975
0.99992394
0.99998116
0.99998426
0.99999857
0.99999976
1.0
1.0
1.0
1.0
1.0
1.0
1.0
0.99999976
1.0
1.0
1.0
0.9999999
1.0
0.9999995
1.0
1.0
1.0
1.0
1.0
1.0
1.0
1.0
1.0
0.9999976
0.99999917
1.0
1.0
1.0
0.9999999
1.0
1.0
0.9999994
1.0
1.0
1.0
0.9999963
0.9999896
1.0
1.0
0.9990069
0.9999987
1.0
0.9999653
1.0
1.0
1.0
0.9999976
1.0
1.0
0.9999975
1.0
0.9999995
0.9999063
0.99999976
0.99995697
0.999972
1.0
1.0
0.99949396
1.0
0.9999999
0.99999464
0.9999646
1.0
0.9999615
0.9999095
1.0
1.0
1.0
1.0
1.0
1.0
1.0
1.0
1.0
1.0
1.0
1.0
1.0
1.0
1.0
1.0
0.9999999
1.0
1.0
1.0
1.0
1.0
1.0
1.0
1.0
1.0
1.0
1.0
1.0
1.0
1.0
1.0
1.0
1.0
1.0
0.99984646
1.0
1.0
1.0
1.0
1.0
1.0
0.99910235
1.0
1.0
1.0
1.0
1.0
1.0
0.9999999
1.0
1.0
1.0
1.0
1.0
1.0
0.9999987
0.99999857
1.0
1.0
1.0
0.9999995
0.9999002
1.0
1.0
1.0
1.0
1.0
1.0
0.9999999
0.99999964
1.0
1.0
1.0
0.9999999
1.0
1.0
1.0
1.0
0.9999995
1.0
1.0
1.0
1.0
1.0
1.0
1.0
0.9999957
1.0
1.0
1.0
0.999997
1.0
1.0
1.0
1.0
1.0
1.0
1.0
1.0
1.0
1.0
0.99999976
1.0
1.0
1.0
1.0
1.0
1.0
1.0
1.0
1.0
1.0
1.0
0.99999917
1.0
1.0
1.0
0.9999975
1.0
1.0
1.0
1.0
1.0
1.0
1.0
1.0
1.0
1.0
1.0
0.9946572
1.0
0.998033
1.0
0.99999905
0.99999917
0.9999261
1.0
1.0
1.0
0.99982846
1.0
0.99995804
1.0
1.0
1.0
0.99999714
1.0
1.0
0.99999774
0.9999969
1.0
0.9998977
1.0
1.0
0.9999981
1.0
1.0
1.0
1.0
1.0
1.0
0.99997246
0.9982969
0.9999391
0.9496443
0.9998826
1.0
0.9999988
1.0
1.0
1.0
0.9999999
0.99999535
0.9999999
0.99999475
0.99991155
0.999998
0.99999917
1.0
0.9999994
0.9999764
1.0
1.0
1.0
1.0
0.99970454
1.0
1.0
1.0
1.0
1.0
1.0
1.0
0.99999976
1.0
1.0
0.99999774
1.0
0.9999981
1.0
1.0
1.0
1.0
1.0
1.0
1.0
0.99999976
1.0
1.0
0.99999774
1.0
1.0
1.0
1.0
1.0
1.0
1.0
1.0
1.0
1.0
1.0
0.9999989
1.0
0.9999964
1.0
1.0
0.99999976
1.0
1.0
1.0
1.0
1.0
1.0
1.0
1.0
0.99997795
1.0
1.0
0.99999976
1.0
1.0
0.9999999
1.0
1.0
1.0
1.0
1.0
1.0
1.0
1.0
1.0
0.99981946
0.9989679
1.0
0.9999896
1.0
1.0
1.0
1.0
1.0
1.0
1.0
0.9999999
1.0
1.0
1.0
0.9999788
1.0
0.9999994
1.0
1.0
1.0
1.0
1.0
1.0
1.0
1.0
1.0
1.0
1.0
1.0
1.0
1.0
0.99999976
1.0
1.0
1.0
1.0
1.0
1.0
1.0
1.0
1.0
1.0
1.0
0.99999976
1.0
0.99999857
0.99999964
1.0
0.9999999
1.0
1.0
1.0
1.0
1.0
1.0
1.0
1.0
1.0
1.0
1.0
1.0
0.9999927
1.0
0.99996233
0.9931712
1.0
1.0
1.0
0.9999968
1.0
1.0
0.99999964
0.9999969
1.0
1.0
1.0
1.0
0.9999988
0.99999976
1.0
0.9999982
1.0
1.0
1.0
1.0
1.0
1.0
1.0
1.0
1.0
1.0
0.9974375
0.99999964
0.99995947
1.0
0.9999465
0.9999919
0.9999939
1.0
1.0
1.0
0.9999999
1.0
1.0
1.0
1.0
0.9993529
1.0
1.0
1.0
1.0
1.0
1.0
0.99999833
1.0
1.0
1.0
1.0
1.0
1.0
1.0
1.0
1.0
1.0
1.0
1.0
1.0
1.0
0.9999999
0.92920136
1.0
1.0
1.0
0.99974614
0.9978986
1.0
1.0
0.9999999
0.99997234
1.0
0.99994445
0.99999
1.0
0.6955736
0.9999825
0.99999964
1.0
1.0
1.0
1.0
0.99983656
1.0
0.99994624
1.0
1.0
1.0
1.0
0.9999999
1.0
1.0
1.0
1.0
1.0
1.0
1.0
1.0
1.0
0.9999906
1.0
1.0
1.0
0.99999976
1.0
1.0
1.0
1.0
0.9999999
1.0
1.0
1.0
0.9999989
1.0
1.0
1.0
1.0
1.0
1.0
1.0
1.0
1.0
1.0
1.0
0.9999981
0.99999595
0.99999845
1.0
1.0
1.0
1.0
0.99999213
0.9999808
0.9999906
1.0
1.0
1.0
1.0
1.0
1.0
1.0
1.0
1.0
1.0
1.0
1.0
1.0
0.9999993
1.0
1.0
1.0
1.0
1.0
1.0
1.0
1.0
1.0
1.0
0.43903175
1.0
1.0
1.0
1.0
1.0
1.0
1.0
1.0
1.0
1.0
1.0
1.0
1.0
1.0
1.0
1.0
0.99999976
0.9988091
1.0
1.0
1.0
1.0
0.99999726
1.0
1.0
1.0
1.0
1.0
1.0
1.0
1.0
1.0
1.0
1.0
1.0
1.0
1.0
1.0
1.0
1.0
1.0
1.0
1.0
1.0
1.0
1.0
1.0
1.0
1.0
1.0
0.9999919
1.0
1.0
1.0
1.0
1.0
0.9999999
1.0
1.0
1.0
0.9999989
1.0
1.0
1.0
1.0
1.0
1.0
0.99999964
1.0
1.0
1.0
1.0
1.0
1.0
1.0
1.0
1.0
0.99999964
1.0
1.0
1.0
1.0
0.9999982
1.0
1.0
1.0
0.99999356
1.0
0.99999356
0.9999969
1.0
1.0
1.0
0.9998584
0.9999981
0.99999917
1.0
0.9999999
1.0
0.9999875
0.99991024
0.9999993
1.0
1.0
1.0
1.0
0.9999999
1.0
1.0
1.0
0.99888796
0.99962056
0.9999994
0.9999994
0.9993592
0.9999995
0.9999999
1.0
0.5442669
1.0
1.0
0.99999964
1.0
1.0
1.0
0.9999999
1.0
1.0
1.0
1.0
0.99997616
1.0
0.99999964
1.0
1.0
1.0
1.0
1.0
1.0
1.0
1.0
1.0
1.0
1.0
1.0
1.0
1.0
1.0
1.0
0.9999999
1.0
1.0
1.0
1.0
1.0
1.0
1.0
1.0
1.0
1.0
1.0
1.0
1.0
1.0
1.0
1.0
1.0
1.0
1.0
1.0
1.0
1.0
1.0
1.0
1.0
0.9999993
1.0
1.0
1.0
1.0
1.0
0.99999964
1.0
1.0
0.9999963
1.0
1.0
1.0
1.0
1.0
1.0
1.0
1.0
1.0
1.0
1.0
1.0
1.0
0.9999963
1.0
1.0
1.0
1.0
1.0
1.0
1.0
1.0
1.0
1.0
1.0
1.0
1.0
1.0
1.0
0.9999875
1.0
1.0
1.0
1.0
1.0
1.0
1.0
1.0
1.0
1.0
1.0
1.0
1.0
0.99999905
1.0
1.0
1.0
1.0
1.0
1.0
1.0
1.0
1.0
1.0
1.0
1.0
1.0
1.0
1.0
0.99999976
1.0
1.0
1.0
1.0
1.0
1.0
1.0
1.0
1.0
1.0
1.0
1.0
1.0
1.0
1.0
1.0
1.0
1.0
1.0
1.0
1.0
1.0
1.0
1.0
1.0
1.0
1.0
1.0
1.0
1.0
1.0
1.0
1.0
1.0
1.0
1.0
1.0
1.0
1.0
1.0
1.0
1.0
1.0
1.0
1.0
1.0
0.99999964
1.0
1.0
1.0
1.0
1.0
1.0
1.0
1.0
1.0
1.0
1.0
1.0
1.0
1.0
1.0
1.0
1.0
1.0
1.0
1.0
1.0
1.0
1.0
1.0
1.0
1.0
1.0
1.0
1.0
1.0
1.0
1.0
1.0
1.0
1.0
0.9999999
1.0
0.99983406
1.0
1.0
1.0
0.9999994
1.0
1.0
1.0
1.0
1.0
1.0
1.0
1.0
1.0
1.0
1.0
1.0
1.0
1.0
1.0
1.0
1.0
1.0
1.0
1.0
1.0
1.0
1.0
1.0
1.0
1.0
1.0
1.0
1.0
1.0
1.0
1.0
1.0
1.0
1.0
1.0
1.0
1.0
0.99999976
1.0
1.0
1.0
1.0
1.0
1.0
1.0
1.0
1.0
1.0
1.0
1.0
1.0
1.0
1.0
1.0
1.0
1.0
1.0
1.0
1.0
1.0
1.0
1.0
0.9999999
0.99999964
1.0
1.0
1.0
1.0
1.0
1.0
1.0
1.0
1.0
1.0
1.0
1.0
1.0
1.0
1.0
1.0
1.0
1.0
1.0
1.0
1.0
1.0
1.0
1.0
1.0
1.0
1.0
1.0
1.0
1.0
1.0
1.0
1.0
1.0
1.0
1.0
1.0
1.0
0.9999993
0.99999976
1.0
1.0
1.0
1.0
1.0
1.0
1.0
1.0
1.0
1.0
1.0
1.0
1.0
1.0
1.0
1.0
1.0
1.0
1.0
1.0
1.0
1.0
1.0
1.0
1.0
1.0
1.0
1.0
1.0
1.0
1.0
1.0
1.0
1.0
0.99992204
1.0
1.0
1.0
1.0
1.0
1.0
0.9999999
1.0
1.0
1.0
1.0
1.0
1.0
1.0
1.0
1.0
1.0
0.9999994
1.0
1.0
1.0
1.0
1.0
0.99981946
1.0
1.0
1.0
1.0
1.0
1.0
0.99999976
1.0
1.0
1.0
1.0
1.0
1.0
1.0
1.0
1.0
0.99999976
1.0
1.0
1.0
1.0
1.0
1.0
1.0
1.0
1.0
1.0
1.0
1.0
1.0
1.0
1.0
1.0
1.0
1.0
1.0
1.0
1.0
1.0
1.0
1.0
1.0
1.0
1.0
1.0
0.9999989
1.0
1.0
1.0
0.9999995
0.9999993
1.0
1.0
1.0
1.0
1.0
0.9999987
1.0
1.0
1.0
1.0
1.0
1.0
1.0
1.0
1.0
1.0
1.0
1.0
1.0
1.0
1.0
1.0
1.0
0.99999976
1.0
1.0
1.0
1.0
1.0
1.0
1.0
1.0
1.0
1.0
1.0
1.0
1.0
1.0
1.0
1.0
0.9999969
1.0
1.0
1.0
1.0
1.0
1.0
1.0
1.0
1.0
1.0
0.9998179
0.9999988
1.0
0.9999999
1.0
0.9999995
0.98432493
0.99999905
1.0
0.99999964
0.98620343
1.0
1.0
1.0
1.0
0.9954705
1.0
0.9999989
1.0
1.0
1.0
1.0
1.0
1.0
1.0
1.0
1.0
0.9999925
1.0
0.99999964
1.0
1.0
1.0
1.0
0.9999999
0.99999404
0.99995077
1.0
1.0
1.0
1.0
1.0
0.9999999
1.0
1.0
1.0
1.0
1.0
0.9999733
1.0
1.0
1.0
0.9999999
1.0
1.0
1.0
1.0
1.0
1.0
0.9999995
0.9999548
1.0
0.9872147
1.0
1.0
1.0
1.0
1.0
1.0
1.0
0.9999913
1.0
1.0
1.0
1.0
1.0
1.0
1.0
1.0
1.0
0.9999999
1.0
1.0
1.0
0.9999987
0.9999999
1.0
1.0
1.0
1.0
1.0
1.0
1.0
1.0
1.0
1.0
1.0
1.0
1.0
1.0
1.0
0.99996006
1.0
0.9999987
1.0
1.0
1.0
1.0
1.0
1.0
1.0
1.0
1.0
1.0
0.9999987
1.0
1.0
1.0
1.0
1.0
1.0
1.0
1.0
1.0
1.0
1.0
1.0
1.0
1.0
1.0
1.0
1.0
1.0
1.0
1.0
0.99999976
1.0
1.0
1.0
1.0
1.0
1.0
1.0
1.0
0.99999845
1.0
1.0
1.0
1.0
0.9996942
1.0
1.0
1.0
1.0
0.99999964
1.0
0.99999905
1.0
1.0
0.99999964
1.0
0.9999809
1.0
1.0
1.0
1.0
1.0
1.0
1.0
1.0
1.0
1.0
1.0
1.0
1.0
1.0
1.0
1.0
1.0
0.9999975
1.0
1.0
1.0
1.0
1.0
1.0
1.0
1.0
1.0
1.0
1.0
1.0
1.0
1.0
1.0
1.0
1.0
0.99999917
1.0
1.0
1.0
1.0
1.0
1.0
1.0
0.999987
0.9999995
1.0
1.0
0.9999999
1.0
1.0
1.0
1.0
1.0
1.0
0.9999989
1.0
1.0
1.0
1.0
1.0
1.0
1.0
1.0
1.0
1.0
1.0
1.0
1.0
1.0
1.0
1.0
1.0
1.0
1.0
0.9999964
1.0
1.0
1.0
1.0
1.0
1.0
0.99998605
1.0
1.0
0.99998355
1.0
1.0
1.0
0.99999905
1.0
1.0
1.0
1.0
1.0
1.0
1.0
1.0
1.0
1.0
1.0
1.0
0.9999999
1.0
1.0
1.0
1.0
1.0
1.0
1.0
0.9998141
1.0
1.0
1.0
1.0
1.0
1.0
1.0
1.0
1.0
1.0
1.0
1.0
1.0
1.0
1.0
0.9999994
1.0
1.0
1.0
1.0
1.0
1.0
1.0
1.0
1.0
1.0
1.0
1.0
1.0
1.0
1.0
1.0
1.0
1.0
1.0
1.0
1.0
1.0
1.0
1.0
1.0
1.0
1.0
1.0
1.0
1.0
1.0
1.0
1.0
1.0
1.0
1.0
1.0
1.0
1.0
1.0
1.0
1.0
1.0
1.0
1.0
0.9999448
1.0
1.0
1.0
0.9999987
1.0
1.0
1.0
1.0
1.0
1.0
1.0
1.0
1.0
1.0
1.0
1.0
1.0
1.0
1.0
1.0
1.0
1.0
1.0
1.0
1.0
1.0
1.0
1.0
1.0
1.0
1.0
1.0
0.99999213
0.99999976
0.9999981
1.0
1.0
1.0
1.0
0.9996014
1.0
1.0
0.9999814
1.0
1.0
1.0
1.0
1.0
1.0
0.99999976
1.0
1.0
1.0
1.0
0.9999999
0.99999976
1.0
1.0
1.0
1.0
1.0
1.0
1.0
1.0
1.0
0.9999999
1.0
1.0
1.0
1.0
0.99999976
1.0
1.0
1.0
1.0
1.0
1.0
1.0
0.999954
0.99989414
0.9999957
1.0
0.9917476
0.99999857
1.0
1.0
1.0
1.0
1.0
1.0
1.0
1.0
1.0
1.0
1.0
1.0
1.0
1.0
1.0
1.0
1.0
1.0
1.0
0.9999064
1.0
1.0
1.0
1.0
1.0
1.0
1.0
1.0
1.0
0.9999925
0.99999976
1.0
1.0
1.0
1.0
1.0
1.0
1.0
1.0
0.9999999
0.9999999
1.0
1.0
1.0
1.0
1.0
1.0
1.0
1.0
1.0
1.0
0.99999976
1.0
1.0
1.0
1.0
1.0
1.0
1.0
1.0
1.0
0.9999999
1.0
0.99999976
0.9999943
0.9999987
1.0
1.0
0.9999976
1.0
0.99999654
1.0
1.0
0.9999957
0.9999982
1.0
1.0
1.0
0.99964774
1.0
1.0
1.0
1.0
0.9999999
1.0
1.0
1.0
1.0
1.0
1.0
0.9999651
1.0
1.0
1.0
1.0
1.0
1.0
1.0
1.0
1.0
0.99956506
1.0
1.0
0.9751496
1.0
1.0
1.0
0.9999999
1.0
0.9999999
1.0
0.99999845
0.99998844
0.99999213
1.0
1.0
1.0
0.99999917
1.0
0.99999976
1.0
1.0
1.0
1.0
1.0
0.9999995
1.0
0.9999999
1.0
1.0
1.0
1.0
1.0
0.99999976
1.0
1.0
1.0
1.0
1.0
1.0
1.0
1.0
1.0
1.0
0.99999654
1.0
1.0
1.0
1.0
1.0
1.0
1.0
1.0
1.0
1.0
1.0
1.0
1.0
1.0
1.0
0.66429305
1.0
1.0
1.0
1.0
1.0
1.0
1.0
1.0
0.9999999
1.0
1.0
0.99999964
1.0
1.0
1.0
1.0
1.0
1.0
1.0
0.999997
1.0
1.0
1.0
1.0
0.9999995
0.9999981
1.0
1.0
1.0
0.9999907
0.9999999
1.0
0.996845
1.0
1.0
0.9999995
0.9999989
1.0
0.99999976
0.9998504
1.0
1.0
1.0
1.0
1.0
1.0
0.9634969
1.0
0.9989761
0.99999595
0.75916046
1.0
1.0
1.0
0.9509605
0.99999964
0.99999976
0.9999995
1.0
1.0
1.0
1.0
1.0
0.9999995
0.99999976
1.0
1.0
0.9999999
1.0
1.0
1.0
1.0
1.0
0.9999999
0.9999994
1.0
0.99759907
0.9999999
1.0
1.0
1.0
0.9999949
1.0
1.0
1.0
1.0
1.0
1.0
1.0
0.9999975
1.0
0.9840567
1.0
1.0
1.0
1.0
1.0
1.0
0.99990356
0.99999964
1.0
1.0
1.0
1.0
0.8005258
0.99999857
0.999998
1.0
0.9999999
1.0
0.99981195
1.0
0.99998105
0.9999993
1.0
0.9999995
1.0
1.0
1.0
1.0
1.0
0.9999995
1.0
1.0
1.0
1.0
0.9999448
1.0
0.9999261
1.0
1.0
1.0
1.0
1.0
1.0
1.0
1.0
1.0
0.9999925
1.0
1.0
1.0
0.99999976
0.99999976
1.0
0.9999757
1.0
1.0
1.0
1.0
1.0
1.0
0.99978036
0.99991035
1.0
1.0
1.0
1.0
1.0
1.0
1.0
0.99605405
0.9999999
0.99996424
0.9999982
1.0
0.99171317
0.99998164
1.0
1.0
0.9999975
1.0
1.0
1.0
0.922596
1.0
1.0
1.0
1.0
0.9999957
0.9990478
1.0
0.99859446
1.0
1.0
1.0
1.0
1.0
1.0
0.99979895
1.0
0.9999778
1.0
0.99999964
0.9999957
1.0
1.0
1.0
0.9999999
1.0
1.0
1.0
1.0
1.0
0.9602669
0.9999945
1.0
1.0
1.0
1.0
1.0
1.0
0.99999464
1.0
1.0
1.0
1.0
1.0
1.0
1.0
0.99967825
1.0
1.0
0.9979309
1.0
1.0
1.0
1.0
1.0
1.0
1.0
1.0
1.0
1.0
1.0
1.0
1.0
1.0
1.0
1.0
0.9991696
0.999998
1.0
0.99996376
0.9999999
1.0
1.0
1.0
1.0
1.0
1.0
0.9868052
0.99982077
0.99999416
1.0
1.0
1.0
1.0
1.0
0.99993443
1.0
1.0
0.9986028
1.0
1.0
1.0
1.0
0.99999964
0.99999595
1.0
0.99999976
1.0
0.9999999
1.0
0.99999976
1.0
1.0
1.0
1.0
0.99999917
1.0
1.0
0.99999917
1.0
1.0
1.0
0.9999994
1.0
1.0
1.0
1.0
0.99804866
1.0
1.0
1.0
0.99981743
1.0
1.0
1.0
1.0
0.99943775
1.0
0.9999151
0.9982059
1.0
0.9999889
1.0
1.0
1.0
1.0
1.0
1.0
1.0
1.0
0.9999999
1.0
0.9987204
0.998292
0.9999999
1.0
1.0
1.0
1.0
1.0
1.0
0.9999989
1.0
1.0
1.0
1.0
0.99999666
1.0
1.0
1.0
1.0
1.0
0.99999964
1.0
1.0
1.0
1.0
1.0
1.0
1.0
1.0
1.0
1.0
1.0
1.0
0.9999999
1.0
1.0
0.9999989
0.99999475
1.0
1.0
1.0
0.9999995
1.0
1.0
1.0
1.0
1.0
1.0
1.0
1.0
0.99996936
1.0
1.0
1.0
1.0
1.0
1.0
1.0
1.0
1.0
1.0
0.9999994
1.0
1.0
1.0
1.0
0.9999987
0.99999976
1.0
0.99999976
1.0
0.99991226
0.99999845
1.0
1.0
1.0
0.99999845
1.0
0.80972993
1.0
1.0
1.0
1.0
1.0
1.0
1.0
1.0
1.0
0.99999964
0.9999989
1.0
1.0
1.0
1.0
1.0
1.0
