1.0
1.0
1.0
1.0
1.0
0.99999976
0.9999988
0.9999999
0.99994373
0.99999547
1.0
1.0
0.99999774
1.0
1.0
1.0
0.9999975
1.0
0.995148
1.0
0.9999999
0.9999887
1.0
1.0
1.0
1.0
1.0
1.0
0.99999976
1.0
1.0
0.9999999
1.0
0.99998045
1.0
1.0
0.9999999
1.0
0.9999988
0.9999994
1.0
0.9999993
0.9999999
0.9999813
0.99999523
1.0
0.99999976
1.0
0.9999378
1.0
0.99999046
1.0
1.0
1.0
1.0
1.0
1.0
1.0
0.9999975
1.0
0.9999999
1.0
0.9989103
0.9999999
1.0
0.9999995
1.0
0.99999714
1.0
1.0
1.0
1.0
1.0
0.99988246
0.99999976
1.0
1.0
1.0
0.9999908
0.999984
0.99999976
1.0
1.0
1.0
1.0
1.0
0.9999907
0.9999994
1.0
0.9999987
1.0
1.0
0.99916804
0.9999993
0.99999297
0.99885905
0.99997246
0.9999981
1.0
1.0
1.0
1.0
1.0
1.0
0.9999926
1.0
1.0
0.99999964
0.99999964
1.0
1.0
0.9999652
1.0
1.0
1.0
0.9755644
0.9999999
1.0
0.99999356
0.9996673
1.0
0.9997321
0.9999999
1.0
0.99996734
0.9999827
0.9999995
1.0
1.0
1.0
1.0
0.9999999
0.9999999
0.99999964
1.0
1.0
1.0
0.99999964
1.0
0.99993646
1.0
1.0
1.0
1.0
1.0
1.0
1.0
1.0
0.9999999
0.9824149
1.0
0.9688588
1.0
1.0
1.0
1.0
1.0
1.0
0.9999994
1.0
0.9995024
1.0
1.0
1.0
1.0
1.0
1.0
0.99999845
1.0
1.0
1.0
0.9994704
1.0
1.0
1.0
0.99937195
1.0
1.0
1.0
1.0
1.0
1.0
0.9999999
1.0
0.9990594
0.99999833
1.0
1.0
1.0
0.9999993
0.99992275
0.99999964
1.0
0.9914215
0.9999999
0.9999957
1.0
1.0
0.99999833
0.99816364
1.0
1.0
0.9999999
0.9999999
0.9999999
1.0
0.99997973
0.9999995
1.0
0.9992716
1.0
0.9955509
1.0
1.0
0.9999912
0.9999999
1.0
0.99779177
1.0
1.0
0.99999654
0.99960536
1.0
1.0
1.0
1.0
0.99999976
1.0
1.0
0.9999999
1.0
1.0
0.9999999
0.9999999
0.9999999
1.0
1.0
1.0
1.0
1.0
0.9999995
0.9999771
0.99999905
0.99999964
0.99999905
0.9999964
1.0
0.98306054
0.999995
1.0
0.9999902
0.99999785
1.0
1.0
1.0
0.9999975
0.9999994
0.9999994
0.99999976
0.7970985
1.0
1.0
1.0
1.0
0.9996797
1.0
0.99990344
1.0
0.99999964
1.0
1.0
0.9999999
1.0
0.99997723
1.0
0.9999995
1.0
1.0
1.0
1.0
1.0
1.0
0.9830483
1.0
0.99999917
1.0
0.99997914
0.9999999
0.9999999
0.999998
0.99989176
0.9999995
0.9999765
1.0
1.0
1.0
1.0
0.9999995
0.99999917
1.0
1.0
0.9999999
1.0
0.9999988
1.0
0.9999993
1.0
1.0
0.99998724
1.0
1.0
1.0
1.0
0.99999964
1.0
1.0
0.9999993
0.99999654
0.99999595
1.0
0.8962385
0.86591816
0.99999917
1.0
0.99993515
0.9999989
0.9952415
1.0
0.99999964
1.0
1.0
1.0
1.0
1.0
1.0
1.0
0.99988616
0.9999219
0.99999976
0.99999094
0.7164429
0.99999785
1.0
1.0
1.0
1.0
0.99999976
0.9999999
1.0
1.0
0.99999785
1.0
0.99999976
0.9999999
0.9999999
1.0
1.0
0.99999964
0.9986223
0.9634242
1.0
1.0
0.9999851
0.99999976
1.0
1.0
0.99998343
1.0
0.9995383
1.0
1.0
1.0
0.99999964
1.0
1.0
1.0
1.0
1.0
1.0
1.0
0.99999964
0.9998332
1.0
1.0
1.0
1.0
0.99987113
1.0
0.9999994
0.9999616
1.0
0.9999999
1.0
0.99999976
0.9999999
0.9999999
1.0
0.99999857
1.0
0.9999994
0.9999696
1.0
1.0
0.9999963
0.9999932
1.0
0.9999999
1.0
1.0
0.99999976
1.0
0.9999597
0.9999889
0.9999999
0.9999999
0.9998888
1.0
0.9978815
1.0
1.0
0.9999988
0.99999964
0.99999833
1.0
1.0
1.0
1.0
1.0
1.0
1.0
1.0
1.0
0.9999999
1.0
1.0
0.99999404
1.0
1.0
0.9999999
0.9999982
1.0
0.9999999
0.9999999
0.9999999
0.99727553
0.92009145
0.9999893
0.96543837
0.99986315
0.52475035
0.999131
1.0
0.9999995
1.0
0.99999976
1.0
0.9999963
0.9999752
1.0
0.9999999
0.9999809
1.0
0.9999025
1.0
0.9999242
1.0
1.0
1.0
0.999998
0.99999964
1.0
1.0
1.0
1.0
1.0
1.0
1.0
1.0
0.999943
0.99997234
1.0
1.0
1.0
1.0
1.0
1.0
1.0
0.9999999
0.99999034
1.0
0.999964
1.0
0.99997735
1.0
1.0
0.98617953
1.0
0.99948406
0.9999937
0.99999964
1.0
1.0
1.0
1.0
0.99999964
1.0
1.0
0.9999995
0.9998348
1.0
1.0
0.9999877
1.0
1.0
1.0
1.0
1.0
1.0
1.0
0.99999976
1.0
0.9999995
1.0
0.9999386
1.0
1.0
1.0
1.0
1.0
1.0
0.9999819
0.99999964
0.99999213
1.0
0.9999993
1.0
0.9999989
1.0
1.0
0.9999999
0.99999976
1.0
0.9998996
0.9978108
1.0
0.9999999
1.0
0.99997866
1.0
1.0
0.9999993
0.9682853
0.9994104
1.0
1.0
1.0
1.0
0.99994624
0.9999994
0.9999969
1.0
0.9999994
1.0
0.9999999
1.0
1.0
1.0
1.0
0.99999833
0.9999999
1.0
0.9985923
1.0
1.0
1.0
1.0
1.0
1.0
1.0
1.0
1.0
0.99999976
0.9479176
0.8378677
0.9999999
1.0
1.0
0.9999993
0.99999976
1.0
1.0
0.9913613
1.0
0.99996734
0.9999989
1.0
1.0
0.99997747
0.99999833
1.0
1.0
0.9999999
1.0
0.9999999
1.0
0.99999535
1.0
1.0
1.0
1.0
0.99999976
0.9999994
1.0
0.9999386
1.0
0.99999833
0.9999995
1.0
0.99999535
0.82116985
0.99999976
1.0
1.0
0.9999999
0.9999771
0.9815341
1.0
1.0
1.0
0.99999833
1.0
1.0
1.0
1.0
1.0
0.999997
1.0
1.0
1.0
0.99998283
0.9999999
1.0
0.9999819
1.0
1.0
0.99990904
0.9959204
1.0
1.0
1.0
0.9999926
0.9999999
1.0
1.0
1.0
0.9999999
1.0
1.0
0.9999186
0.49918047
1.0
0.99999905
1.0
1.0
1.0
1.0
0.99999964
0.99998903
1.0
1.0
1.0
0.99999964
1.0
0.99999964
0.5847727
1.0
0.9999999
1.0
0.9999994
0.99999607
1.0
0.99999964
1.0
1.0
0.8918081
0.99999475
1.0
1.0
0.99998164
0.9976291
0.99999917
0.99853766
1.0
1.0
1.0
0.9999995
1.0
1.0
0.9999981
0.99999976
0.99999964
1.0
0.99999964
1.0
1.0
1.0
1.0
0.999995
1.0
1.0
1.0
1.0
0.99999845
1.0
1.0
0.9999994
0.68777525
0.6853317
1.0
0.99999976
0.99889696
1.0
1.0
0.99999666
1.0
1.0
0.9935696
1.0
0.999918
0.9999995
0.9999993
1.0
1.0
1.0
0.99999976
1.0
0.9999666
0.99999666
0.9984861
0.9999993
0.98633784
0.99999905
1.0
0.9999869
0.9999999
0.9999993
0.99998355
1.0
0.9999999
1.0
1.0
1.0
1.0
1.0
1.0
1.0
0.9999995
1.0
1.0
0.99999976
0.9999548
0.9999994
0.99999654
1.0
1.0
1.0
1.0
0.9999994
1.0
0.9999951
1.0
0.99995565
1.0
1.0
0.9999999
1.0
1.0
1.0
1.0
1.0
0.99999845
0.99999917
1.0
1.0
1.0
0.99998
0.9984024
1.0
1.0
0.99958307
0.99999464
0.9999987
1.0
1.0
1.0
1.0
1.0
0.999998
1.0
1.0
0.9999989
1.0
1.0
1.0
0.9999932
1.0
1.0
1.0
1.0
1.0
0.9999982
1.0
1.0
0.9860308
0.9999999
1.0
0.9999902
0.999998
0.9999999
1.0
1.0
1.0
1.0
0.9999846
1.0
1.0
0.9999999
0.9999999
1.0
0.99999416
1.0
0.9999994
1.0
0.99994683
0.9999975
1.0
1.0
1.0
1.0
0.99992263
0.99998486
1.0
0.9999993
1.0
0.98167795
0.9999999
0.98895943
1.0
1.0
1.0
1.0
0.99999917
1.0
1.0
1.0
1.0
1.0
0.99991393
1.0
0.99999833
1.0
1.0
1.0
0.9999994
1.0
1.0
0.9999888
1.0
1.0
1.0
0.9996327
1.0
0.99999917
1.0
0.999967
0.99999714
1.0
0.9999982
0.9999999
1.0
0.99999964
0.9782681
0.93162245
0.90209633
1.0
0.99999046
1.0
1.0
0.9999945
1.0
1.0
1.0
1.0
1.0
1.0
0.9987525
0.99999595
1.0
0.9999348
1.0
0.95254654
1.0
0.99970764
0.99993503
1.0
0.9999999
0.9999993
0.99999976
1.0
0.99999964
1.0
1.0
1.0
0.99999976
1.0
1.0
0.99998784
1.0
0.99999964
1.0
1.0
1.0
1.0
1.0
0.9438018
1.0
0.9999956
1.0
0.99999976
1.0
0.9999994
1.0
0.9999999
1.0
1.0
0.9999999
0.99950016
1.0
0.9145077
0.9995572
0.9998994
1.0
0.9999994
0.99999964
0.9999999
1.0
0.9999995
0.8561877
1.0
0.9999999
0.99979955
0.9999999
0.9999999
1.0
0.9999999
0.9999968
0.99856853
1.0
0.9999696
1.0
1.0
1.0
0.9999999
0.99999917
0.9999995
0.99851066
0.9999938
1.0
1.0
0.99966
1.0
1.0
1.0
1.0
1.0
1.0
0.99999976
0.99999905
1.0
1.0
1.0
0.99999976
0.9999808
1.0
1.0
0.99999976
0.9999999
1.0
1.0
1.0
1.0
1.0
0.99998045
0.9999993
0.99999905
0.99999976
1.0
1.0
1.0
0.9999831
0.99999976
0.9999999
0.99999547
1.0
0.99999964
1.0
0.99876297
1.0
1.0
1.0
0.9999968
1.0
0.9999993
0.9999999
0.99999917
0.99999976
1.0
0.99999976
1.0
0.99999917
1.0
0.9999994
0.9999924
1.0
0.9999995
1.0
0.9999503
1.0
1.0
1.0
0.9999999
0.99999976
0.9999989
0.9996908
0.9999999
0.9999999
1.0
1.0
1.0
0.35139912
1.0
1.0
0.9999994
1.0
0.9999622
0.9942819
1.0
1.0
1.0
1.0
0.999998
0.9999651
1.0
1.0
1.0
0.9999094
0.9999989
1.0
0.9999994
0.99997795
1.0
0.999997
0.9997882
0.9999999
1.0
1.0
1.0
1.0
0.9999987
1.0
1.0
0.9999993
0.9999988
1.0
1.0
1.0
1.0
0.9999999
1.0
1.0
1.0
0.9999479
0.9999987
1.0
1.0
1.0
0.99999976
1.0
1.0
0.9999994
0.9999949
1.0
1.0
1.0
0.9999999
0.99999976
1.0
1.0
1.0
0.99999976
0.99999976
0.9999999
1.0
1.0
1.0
0.99999976
1.0
0.9996917
0.9999981
1.0
1.0
1.0
0.9411428
1.0
0.98575497
1.0
1.0
1.0
0.9999887
0.999997
1.0
0.99993706
0.99999154
1.0
0.9999993
1.0
0.99999976
1.0
0.99873215
1.0
0.9999931
1.0
1.0
0.9999964
1.0
1.0
0.99999976
1.0
0.99990034
1.0
1.0
0.99999595
0.9999999
0.99997675
1.0
0.9999982
0.99999976
0.999987
0.99999976
1.0
0.99999785
0.9999994
1.0
0.99991703
1.0
1.0
0.9999926
0.99999976
1.0
1.0
1.0
0.9999912
1.0
1.0
0.9977254
1.0
0.99999654
1.0
1.0
0.9999858
1.0
1.0
1.0
0.9997309
1.0
1.0
0.9999999
1.0
0.9999889
1.0
1.0
0.9982193
0.6685967
1.0
0.99999917
1.0
1.0
0.99999964
1.0
1.0
1.0
0.9992607
0.99931943
1.0
1.0
0.99999774
1.0
0.9999999
0.9999999
0.9999989
1.0
1.0
0.9991177
1.0
0.9999815
1.0
0.9995413
1.0
0.9999999
0.99996257
1.0
0.9999896
0.999539
1.0
0.9999908
1.0
0.9999068
0.99998915
1.0
0.99999976
1.0
0.9999999
1.0
0.99999976
0.999913
1.0
0.93103266
1.0
0.9999893
1.0
1.0
0.9999999
0.9837082
1.0
0.99999976
0.9999999
1.0
1.0
1.0
0.9999999
0.99999833
0.9999999
0.8080147
0.99999976
0.99997115
1.0
0.9999988
0.98313624
0.99997985
1.0
0.9999988
0.9999995
0.9999982
1.0
1.0
1.0
0.9992567
1.0
1.0
0.99999964
0.88858044
1.0
0.9999994
0.9996736
0.99999845
1.0
0.9999987
1.0
1.0
1.0
0.99999964
1.0
0.9999993
0.9999237
0.9999987
1.0
1.0
0.9999999
1.0
0.9997353
1.0
0.9999999
0.99962103
1.0
1.0
1.0
0.9999999
0.9999951
0.99999905
0.99960905
0.998195
1.0
0.9999418
1.0
1.0
1.0
0.9999044
1.0
1.0
0.9982175
1.0
0.9999963
0.99999964
0.9999993
1.0
1.0
1.0
0.99999976
1.0
1.0
1.0
0.9999999
1.0
1.0
1.0
0.99999917
1.0
1.0
0.99999046
0.93917114
1.0
0.9999994
1.0
1.0
1.0
1.0
0.9962501
1.0
0.9977253
1.0
0.99996257
0.99997294
1.0
1.0
0.99997747
0.9999975
1.0
0.99110764
1.0
0.99970764
1.0
1.0
1.0
0.99999976
0.99999535
0.9999999
1.0
0.9999963
0.9999999
0.9999995
1.0
0.9999999
1.0
1.0
0.99999976
0.9999944
0.9999064
1.0
1.0
1.0
1.0
1.0
1.0
1.0
0.9723893
0.99999917
0.9999999
1.0
1.0
0.9999999
1.0
1.0
1.0
1.0
1.0
1.0
1.0
0.99956053
0.99999964
1.0
1.0
1.0
1.0
1.0
1.0
0.99986315
1.0
1.0
1.0
1.0
1.0
0.9999715
1.0
0.73306865
0.98967874
0.9994517
1.0
0.9999764
0.9999994
1.0
0.99999976
0.99999964
0.99997497
0.999918
0.9999765
1.0
1.0
1.0
0.9999982
0.99999857
1.0
0.99967444
1.0
0.9999999
0.475161
0.99792945
1.0
1.0
1.0
1.0
1.0
1.0
0.99999917
0.9999957
1.0
0.99887174
1.0
0.9999981
0.99999976
0.9991013
1.0
1.0
1.0
0.9999993
1.0
0.9998958
0.99858105
0.9999938
0.9724249
0.99997413
0.99981993
0.999899
1.0
1.0
0.9999132
1.0
0.9999999
1.0
0.9999999
1.0
1.0
1.0
1.0
0.99993765
0.9999987
1.0
1.0
1.0
0.9999989
0.8064195
1.0
1.0
0.9999999
1.0
0.9999975
0.99999964
0.99999917
0.99999964
1.0
0.9999995
1.0
1.0
0.9999999
1.0
1.0
0.9999982
0.99999976
1.0
0.9999999
1.0
1.0
1.0
0.9999577
1.0
1.0
1.0
1.0
1.0
1.0
1.0
1.0
1.0
0.9999893
1.0
0.999956
1.0
0.99998486
1.0
1.0
0.9999999
0.9942325
0.99999964
0.99999976
1.0
0.99999964
0.999998
1.0
0.9999994
0.99998677
0.99995756
0.9999994
0.9999999
1.0
1.0
0.99998724
0.9999995
0.9999924
1.0
0.99999964
1.0
0.99996316
1.0
0.9923574
0.99998903
1.0
0.9999999
0.99999964
0.79413927
1.0
1.0
0.75507206
0.999997
0.9999999
0.9999993
0.9999999
1.0
1.0
1.0
1.0
1.0
1.0
1.0
1.0
0.9999565
1.0
1.0
0.99999976
0.9999254
0.9999999
0.99405247
1.0
0.9959998
1.0
0.91323394
0.9642745
1.0
1.0
1.0
0.9999887
0.9982552
1.0
1.0
1.0
0.9999999
1.0
1.0
0.99999464
1.0
1.0
0.96380544
0.99938726
1.0
1.0
1.0
1.0
1.0
0.9999993
1.0
1.0
0.99972695
1.0
0.99923444
1.0
0.99999976
0.99999964
1.0
1.0
0.9998149
1.0
1.0
0.9999999
1.0
0.9999993
0.9999995
0.99999964
0.999992
1.0
0.99999976
1.0
1.0
0.99955946
0.9999981
0.9999999
1.0
1.0
1.0
0.9999989
0.9999678
1.0
0.99987924
1.0
0.97783124
1.0
0.9999999
0.9999827
1.0
1.0
1.0
0.99999905
1.0
0.9999603
0.96745515
1.0
1.0
0.9999987
1.0
0.99969304
1.0
1.0
1.0
1.0
0.9999988
1.0
1.0
0.9996848
1.0
1.0
0.99996316
0.99999964
1.0
0.99999964
0.998415
1.0
1.0
1.0
1.0
1.0
1.0
0.9999999
0.999995
0.9999995
1.0
1.0
1.0
0.9922293
1.0
1.0
1.0
1.0
0.99999976
0.9999974
1.0
1.0
1.0
1.0
1.0
1.0
0.99996686
1.0
1.0
0.9999994
0.99996126
1.0
0.9999479
0.9999999
1.0
0.99937975
1.0
0.98160917
1.0
1.0
0.5671741
0.99741423
1.0
1.0
1.0
0.9994867
1.0
0.9999964
0.99998975
1.0
0.99995935
1.0
1.0
0.9999994
0.9999988
0.9999999
0.9999987
1.0
1.0
1.0
0.9999949
0.9999777
1.0
1.0
1.0
0.99999976
0.9999981
1.0
0.5496191
0.999998
0.99999976
0.9999995
1.0
0.9999999
1.0
0.9999914
0.9920109
0.9999541
1.0
1.0
0.9944793
0.9746668
1.0
1.0
0.999997
1.0
1.0
1.0
0.9999739
0.99999475
1.0
0.9999958
1.0
1.0
1.0
1.0
0.8494947
1.0
0.99999964
1.0
0.9999995
1.0
0.9999987
1.0
0.9999999
1.0
1.0
0.9989837
1.0
1.0
0.9999422
1.0
1.0
0.9887034
0.9999993
1.0
0.9999995
0.9999999
0.9999894
0.9999994
1.0
0.9999962
1.0
0.99999976
1.0
1.0
1.0
1.0
0.9999999
1.0
0.99999917
0.99990356
0.99995947
0.9999839
0.9999999
0.9999957
1.0
1.0
1.0
1.0
0.9999987
0.9994592
0.9999995
1.0
0.99997103
1.0
0.9999999
0.9999994
1.0
0.71386653
1.0
1.0
0.9999999
0.99999976
1.0
1.0
1.0
0.9999999
1.0
0.9878472
1.0
0.9999894
1.0
1.0
1.0
0.9999989
1.0
0.99867237
0.99783915
1.0
0.9999566
0.9999999
0.9999993
1.0
1.0
0.9999999
1.0
0.99999845
0.99999404
1.0
1.0
0.99653095
0.9999995
1.0
0.9999987
0.9999995
1.0
0.99999595
0.99999964
1.0
0.99999714
1.0
0.9999993
0.9999995
1.0
0.9999999
1.0
0.9992636
0.9998789
1.0
1.0
0.9999999
0.9999906
0.9999988
1.0
1.0
0.9997565
1.0
0.9999999
0.99999285
0.9999956
0.9999994
0.9999993
1.0
0.99999964
1.0
0.9999994
1.0
1.0
1.0
1.0
1.0
1.0
1.0
0.99994504
1.0
1.0
0.99786514
1.0
1.0
0.9985299
1.0
1.0
1.0
1.0
1.0
1.0
0.9921847
1.0
0.99977463
0.99999976
0.99999976
0.9982924
0.9999987
0.99999845
0.9999995
1.0
0.9999825
1.0
1.0
1.0
1.0
1.0
0.9999914
1.0
1.0
1.0
0.9998795
0.9995503
0.9971692
0.9928785
1.0
0.5621417
0.99999976
1.0
0.9999995
1.0
0.99999964
0.9936144
1.0
1.0
1.0
0.99999785
1.0
1.0
0.9999999
1.0
0.99999833
1.0
1.0
1.0
1.0
1.0
0.99999785
1.0
1.0
0.99999976
1.0
0.99998987
1.0
1.0
0.9999999
1.0
1.0
0.9999999
1.0
0.99999714
0.9999944
1.0
1.0
0.999998
1.0
0.9999944
0.9999981
0.9999931
1.0
0.99999714
1.0
0.999969
1.0
1.0
0.9999962
1.0
0.9999858
0.99993515
0.99985397
1.0
1.0
1.0
1.0
1.0
1.0
0.9999964
1.0
0.9999995
1.0
1.0
0.999998
0.99999833
1.0
0.9999999
1.0
0.99999976
1.0
1.0
0.99999976
1.0
0.9999999
1.0
1.0
0.9999994
0.98691547
1.0
0.9999777
1.0
1.0
0.9999201
0.99997437
0.99998486
0.9999993
1.0
0.9999857
0.99994814
0.99999905
1.0
0.99999857
1.0
0.9999918
0.9999466
0.99999464
0.99999917
1.0
1.0
1.0
1.0
0.999998
1.0
1.0
0.9999999
1.0
1.0
1.0
1.0
0.99999964
1.0
0.9999559
1.0
0.39414272
0.9999999
1.0
1.0
1.0
0.99993277
0.9995388
0.99998283
1.0
1.0
0.9999957
0.9999995
1.0
1.0
1.0
0.9999993
1.0
0.9773452
0.99999774
0.99999976
1.0
1.0
0.99801564
1.0
1.0
0.80711764
0.9999268
1.0
1.0
0.9999889
0.99995196
0.9999994
1.0
1.0
0.9999993
0.86407477
0.9999999
0.99999857
1.0
0.9999999
0.99996424
1.0
1.0
0.9999999
1.0
0.9999763
1.0
1.0
0.99999964
0.9999989
0.99997115
1.0
0.4907608
0.9999987
1.0
1.0
0.9999895
1.0
1.0
1.0
1.0
1.0
1.0
1.0
1.0
1.0
0.999476
1.0
1.0
1.0
1.0
0.9999989
0.99994123
0.9999999
1.0
0.9988858
0.99999917
0.99999976
1.0
0.9999995
0.6602473
0.999997
1.0
0.9999993
1.0
1.0
0.99999976
0.99999344
1.0
0.9991487
1.0
0.89207315
0.99999964
1.0
1.0
0.9999064
1.0
0.9999975
0.9998147
1.0
0.5688296
1.0
1.0
1.0
0.99999976
0.9999999
1.0
0.99999845
1.0
1.0
1.0
0.6068838
0.99986064
0.9998412
1.0
1.0
1.0
0.60355383
0.9999982
1.0
0.99989474
1.0
1.0
1.0
1.0
0.9999987
1.0
1.0
1.0
0.99998784
0.9999081
1.0
0.9999988
1.0
1.0
0.9999999
1.0
0.9999999
1.0
0.99999416
0.999982
1.0
0.9999995
0.9999355
1.0
1.0
1.0
1.0
0.9999801
1.0
0.9999951
0.9999964
1.0
1.0
1.0
1.0
0.99997735
0.99999976
1.0
1.0
1.0
0.9999988
1.0
1.0
0.92024446
1.0
0.99999976
0.78815436
0.98517126
1.0
0.9999889
0.9994017
1.0
1.0
1.0
0.9999994
1.0
0.9999976
0.9999999
0.99999976
0.99866974
0.9999999
0.99999547
1.0
1.0
1.0
0.9999988
1.0
1.0
1.0
1.0
0.99999905
1.0
1.0
0.9999652
1.0
1.0
0.999566
0.99999976
1.0
0.99999976
1.0
1.0
0.9999939
0.9999963
1.0
0.99991095
0.9952485
1.0
1.0
1.0
1.0
1.0
1.0
0.99998724
1.0
0.99999917
0.9999981
1.0
0.9996244
1.0
1.0
1.0
1.0
0.99999225
1.0
0.99999607
0.9999999
1.0
1.0
0.9999999
1.0
0.9999956
1.0
1.0
0.9999987
0.9999999
1.0
1.0
1.0
0.9998504
0.9999995
1.0
0.99999976
1.0
1.0
1.0
1.0
0.9855898
1.0
0.99999917
0.9999999
1.0
1.0
0.99962544
0.9999989
1.0
1.0
0.9999831
0.99999976
0.9999999
0.9999958
0.96501577
1.0
1.0
1.0
1.0
1.0
0.99999976
1.0
1.0
1.0
1.0
0.9999999
0.9999958
0.97827065
1.0
1.0
0.99999344
1.0
0.99999905
0.99993515
1.0
1.0
0.99998176
1.0
1.0
1.0
1.0
0.9999999
0.9958204
1.0
1.0
1.0
1.0
1.0
0.9995678
1.0
1.0
1.0
0.99992967
1.0
0.99999857
1.0
1.0
1.0
0.9999999
1.0
0.9998796
0.99997723
1.0
0.9944946
1.0
0.9999999
1.0
1.0
0.9999999
1.0
1.0
1.0
0.99999964
0.9999949
1.0
0.9999999
1.0
0.9958127
1.0
0.9999999
1.0
1.0
1.0
1.0
1.0
0.99999976
1.0
1.0
1.0
0.99998665
1.0
1.0
0.9999987
0.9999999
1.0
1.0
1.0
1.0
1.0
1.0
0.9999982
0.9999999
1.0
0.9919567
0.99998844
0.99979156
0.9999994
1.0
0.99999976
0.9999999
1.0
0.99998367
0.99995124
1.0
0.9908895
0.9999999
0.9999989
1.0
0.9999995
1.0
0.9999894
0.9683603
0.9999994
1.0
1.0
1.0
0.9999995
0.9999994
0.9999999
0.99996245
0.99999857
0.9999995
0.9998474
1.0
0.99999857
1.0
1.0
0.99999964
0.99999917
1.0
0.98022914
1.0
0.9999924
0.9999949
0.9999999
1.0
1.0
1.0
0.7970298
0.99999
1.0
0.9995277
0.9999999
0.9999974
1.0
1.0
0.999671
1.0
1.0
0.9999957
0.9999186
1.0
1.0
1.0
1.0
1.0
1.0
0.9863348
0.9999993
1.0
1.0
0.9998746
0.9999988
1.0
1.0
0.9999999
1.0
0.9999981
1.0
1.0
1.0
0.9987086
0.99938774
0.99999976
0.9999976
1.0
1.0
1.0
0.66664255
0.99976534
1.0
0.99969995
1.0
0.9999423
0.9999993
0.99999976
0.99940133
0.9999989
0.9999999
1.0
1.0
1.0
1.0
1.0
1.0
1.0
0.9999995
0.99996245
0.9999982
1.0
0.9999993
0.99999654
0.99999595
1.0
0.9999795
0.9999987
0.9999988
1.0
0.9999751
1.0
1.0
1.0
0.7589211
0.99999976
0.99999976
0.9999999
1.0
1.0
1.0
1.0
0.9988965
0.99999964
1.0
1.0
1.0
1.0
1.0
1.0
0.9999995
1.0
0.9999999
0.999944
0.99999416
1.0
0.9999999
1.0
0.9999864
0.99999905
0.98847055
1.0
0.99988496
1.0
1.0
1.0
1.0
0.99997914
1.0
0.9999809
0.9999999
0.9999926
0.9998951
1.0
0.99991477
0.9999999
0.99999964
1.0
0.9979672
0.9999994
0.99364233
1.0
1.0
1.0
1.0
1.0
0.9999994
1.0
0.99999964
0.9999999
0.9999962
1.0
1.0
1.0
0.9986463
1.0
1.0
0.9999994
0.99999964
1.0
1.0
1.0
0.99999535
1.0
1.0
0.999998
0.9999573
1.0
0.9999999
1.0
0.9999982
1.0
1.0
0.99999976
1.0
0.99999726
0.9999448
0.99999404
1.0
0.9998344
0.9999999
1.0
1.0
0.999995
0.9948678
1.0
0.99999917
1.0
0.99806553
1.0
1.0
0.99999964
1.0
1.0
1.0
0.99999356
0.99999857
1.0
1.0
0.99999964
0.9999999
1.0
0.9999746
0.9999012
0.9999999
0.99999917
1.0
1.0
0.9999994
0.9999937
0.99999964
1.0
1.0
0.999806
1.0
0.99999905
0.99980265
0.9999995
0.9999994
1.0
1.0
1.0
1.0
0.999992
0.99995625
0.9999999
0.9999989
1.0
1.0
0.99999845
0.9999999
0.9999999
1.0
1.0
1.0
1.0
0.99976534
0.9963212
1.0
1.0
1.0
0.9993881
0.99999964
0.99999976
0.9999995
1.0
1.0
0.9999995
0.9999976
0.99999905
1.0
0.9999987
1.0
1.0
0.9988832
1.0
1.0
0.99998057
0.9999999
1.0
0.9996705
1.0
1.0
1.0
0.99999976
0.9581246
1.0
1.0
1.0
1.0
0.9999994
0.9999999
1.0
1.0
0.9999764
1.0
0.9999491
0.9999906
0.9999937
0.9999999
1.0
1.0
0.9999999
1.0
0.9996069
1.0
0.99999976
1.0
1.0
0.99998987
1.0
0.99999964
0.999998
1.0
1.0
0.99984646
1.0
1.0
1.0
0.99999976
1.0
0.9999193
1.0
1.0
1.0
0.9999988
0.9999995
1.0
1.0
0.99999845
1.0
0.9999057
1.0
1.0
1.0
1.0
1.0
1.0
1.0
0.99886656
1.0
0.99999654
1.0
0.9999999
0.9999783
1.0
0.8847769
0.9999994
1.0
1.0
0.9999999
1.0
1.0
1.0
1.0
1.0
0.9998926
0.99999976
0.99997497
1.0
0.99999523
0.9999989
0.99999046
1.0
1.0
1.0
0.99999845
1.0
0.7628824
0.9999927
1.0
1.0
1.0
1.0
1.0
0.9999993
0.99993277
0.9999974
1.0
0.9999939
0.9996314
0.9999993
0.99999976
1.0
0.9998524
1.0
0.9975624
0.99996924
0.99999976
1.0
0.9999995
1.0
1.0
1.0
1.0
0.99989045
0.99007857
0.94231606
1.0
1.0
1.0
1.0
1.0
0.999998
0.9658784
1.0
0.9965148
0.9999993
0.9999894
1.0
0.99999976
1.0
1.0
0.99999964
1.0
0.9999999
1.0
0.9999999
1.0
0.99999666
0.9999999
1.0
0.99999666
1.0
1.0
1.0
1.0
1.0
1.0
0.9996879
1.0
1.0
1.0
1.0
0.9999987
1.0
0.9996954
0.9999999
0.99999964
1.0
0.9999795
1.0
1.0
1.0
0.999793
1.0
1.0
0.9999995
0.9999999
0.9999496
1.0
0.99999523
1.0
0.9999994
0.99999774
0.99999547
0.9999999
0.99999344
0.99999857
1.0
0.9999987
1.0
0.9970974
1.0
1.0
1.0
1.0
1.0
1.0
0.99990785
1.0
0.99999475
1.0
0.99999964
0.9999999
1.0
0.99996984
0.9996991
1.0
1.0
0.9999715
1.0
1.0
1.0
0.99999464
1.0
0.99451715
1.0
1.0
0.96529573
0.9999999
1.0
0.9999999
1.0
1.0
1.0
1.0
1.0
1.0
1.0
1.0
0.9999988
0.9999658
0.9999988
1.0
1.0
0.9999999
1.0
1.0
0.9999989
1.0
1.0
1.0
1.0
0.9999951
1.0
1.0
0.99994874
1.0
1.0
0.99923205
1.0
0.9910652
1.0
0.9999999
1.0
0.9999999
1.0
0.9999981
1.0
1.0
1.0
0.9999999
0.9999999
1.0
1.0
0.9999769
1.0
1.0
0.9999994
1.0
0.99636096
0.99959284
1.0
1.0
1.0
0.99999976
0.99947006
1.0
0.99999785
1.0
0.99999976
0.9999968
0.93898547
1.0
0.9999993
0.99998975
1.0
0.9999995
0.9999987
1.0
1.0
0.99999976
0.99999225
0.92538095
0.9646519
0.99996126
0.9999999
1.0
1.0
0.99999845
0.99999523
0.9999875
1.0
1.0
1.0
1.0
1.0
0.99294746
0.94307876
0.9999995
1.0
0.9999678
1.0
1.0
0.99988484
1.0
0.99991584
1.0
1.0
0.99999964
1.0
0.9999287
1.0
0.9999999
1.0
0.9909837
1.0
0.9999925
1.0
1.0
1.0
0.99991775
0.9999995
1.0
0.9997975
1.0
0.9999994
1.0
1.0
1.0
1.0
0.9999988
1.0
1.0
1.0
0.9999521
0.9999988
1.0
0.999998
1.0
0.8049653
1.0
1.0
1.0
1.0
0.9999858
0.99999905
1.0
0.9999999
0.99999475
0.98671824
1.0
1.0
1.0
0.9999999
1.0
1.0
0.9999578
1.0
1.0
1.0
1.0
1.0
1.0
0.9999995
1.0
0.9998405
1.0
0.9999844
1.0
1.0
0.99998164
1.0
1.0
0.9999994
0.97120327
1.0
0.9999999
0.9999994
0.99999976
1.0
1.0
1.0
0.99999785
1.0
0.9999995
1.0
1.0
1.0
1.0
1.0
1.0
1.0
1.0
1.0
1.0
1.0
1.0
1.0
0.99999964
1.0
0.9999999
1.0
1.0
0.9993529
0.51886946
1.0
0.9827931
0.9999999
1.0
1.0
1.0
1.0
1.0
0.9999962
0.9999995
1.0
1.0
0.49461803
1.0
1.0
1.0
1.0
0.99999976
1.0
1.0
1.0
1.0
1.0
0.9999999
1.0
1.0
0.9999993
0.9999938
1.0
1.0
0.9999999
0.99999166
1.0
1.0
1.0
1.0
0.9999995
0.9999988
0.9999999
0.98380464
0.9999989
0.9997354
0.99999976
1.0
1.0
0.9999995
0.9999993
0.9999466
0.9999865
0.99999964
0.99999964
0.9999931
1.0
0.9902351
1.0
1.0
0.99963117
0.9999999
1.0
1.0
0.99999774
0.99999917
1.0
1.0
0.9999999
1.0
1.0
1.0
0.99934345
0.99996686
1.0
0.99985254
0.99952614
0.99983823
1.0
0.9999999
1.0
1.0
1.0
1.0
1.0
0.99999917
1.0
1.0
0.99999964
1.0
1.0
0.9999994
0.9999999
1.0
0.9999994
0.9999999
1.0
1.0
1.0
1.0
0.9992781
1.0
1.0
0.9999989
0.9999988
1.0
1.0
0.99999917
0.9999993
0.9999957
1.0
1.0
1.0
1.0
0.99999976
0.99990034
0.99993527
1.0
0.9999999
0.9999685
1.0
0.9999999
1.0
1.0
1.0
1.0
1.0
0.9999999
0.9999975
1.0
1.0
1.0
0.9997949
0.99999917
1.0
1.0
1.0
1.0
1.0
0.9999175
1.0
1.0
1.0
1.0
0.9999999
0.9999999
1.0
1.0
0.9999932
0.9991799
1.0
1.0
0.9999995
0.99999964
0.9999968
1.0
0.99991524
0.9999999
1.0
1.0
1.0
0.99600405
0.99999094
1.0
1.0
0.99999356
1.0
1.0
0.5807387
1.0
1.0
0.99999845
0.9999087
1.0
1.0
1.0
1.0
1.0
0.99999774
0.9987903
0.9999999
0.9998386
0.99999726
0.9999993
1.0
0.99999976
1.0
0.9999999
1.0
1.0
1.0
1.0
1.0
0.99692315
0.99984396
0.9999863
1.0
0.99998736
0.99999905
1.0
1.0
1.0
1.0
0.9993086
0.99999976
0.99996805
0.9999957
0.9999995
1.0
0.9999945
0.99999905
1.0
0.9999993
1.0
1.0
0.99999964
0.9999697
1.0
1.0
1.0
0.9999999
1.0
1.0
0.99991655
1.0
1.0
1.0
1.0
1.0
1.0
0.9999995
0.9978598
0.9901177
1.0
0.9999676
0.99999356
1.0
1.0
1.0
1.0
0.99999976
1.0
1.0
1.0
1.0
0.99999833
0.9998822
0.99999654
0.99999964
0.9999999
1.0
1.0
1.0
0.99999976
1.0
0.9999999
1.0
0.99999976
1.0
0.99840134
0.9999901
0.9999982
0.9999994
1.0
1.0
1.0
1.0
1.0
1.0
0.9999962
1.0
0.99999964
0.9997209
0.98044354
0.9999981
1.0
0.99999976
1.0
1.0
0.9997861
0.9981713
0.9999993
1.0
1.0
1.0
0.98961174
0.99999845
0.9998987
0.99999833
1.0
0.9999958
1.0
1.0
0.99999964
0.9999999
0.9999993
1.0
1.0
1.0
1.0
1.0
0.99999416
1.0
1.0
0.99999917
1.0
1.0
1.0
0.9999975
1.0
0.9999974
1.0
0.9996395
1.0
1.0
0.9999999
0.99999917
1.0
0.99999857
0.9999523
0.9999968
1.0
1.0
1.0
1.0
1.0
0.99999726
0.9603847
1.0
0.9999999
1.0
0.9999815
1.0
0.99999964
0.99999964
0.999998
1.0
0.9999951
1.0
0.99999917
1.0
0.9999943
1.0
1.0
1.0
0.9999964
0.999998
1.0
1.0
1.0
1.0
0.9999999
1.0
0.9999931
0.9999969
0.9999459
1.0
0.9999999
0.9999995
0.9999999
0.9999999
0.99999976
1.0
0.99999917
1.0
0.99431676
0.9999963
0.9999995
0.999992
0.99999833
0.99999714
1.0
0.9999727
0.9999993
1.0
1.0
0.9999999
1.0
1.0
1.0
0.9999999
1.0
0.9999995
1.0
0.99985015
0.9999974
1.0
1.0
1.0
1.0
0.999997
0.9999707
1.0
0.99999654
0.9332677
0.99999845
0.9999956
1.0
1.0
1.0
0.9982845
1.0
0.9999999
0.99999654
1.0
1.0
1.0
0.9999913
0.99999976
1.0
1.0
1.0
1.0
1.0
0.99999595
1.0
1.0
0.99041826
0.9999528
1.0
0.99999964
0.99999964
1.0
1.0
1.0
1.0
0.99999964
1.0
0.9999999
1.0
1.0
0.99999785
0.99999774
0.9999989
0.9999994
0.99999845
1.0
0.9999931
1.0
1.0
1.0
0.999982
1.0
1.0
1.0
1.0
0.9769101
0.9999994
1.0
0.99999607
1.0
1.0
0.9999989
1.0
0.99781597
0.99999845
1.0
1.0
1.0
1.0
1.0
0.99999833
1.0
0.99999154
1.0
0.99999285
0.999997
1.0
0.9999943
1.0
1.0
1.0
0.9998721
0.9999982
1.0
1.0
0.9999782
0.9885002
0.99999976
0.99999464
1.0
1.0
0.9999989
0.99999857
0.99999905
1.0
1.0
1.0
1.0
1.0
0.99999726
1.0
1.0
0.9634083
1.0
1.0
0.9999995
1.0
0.99999857
1.0
0.9999199
0.9029502
0.99919254
1.0
1.0
1.0
1.0
1.0
0.9999988
0.9999999
0.99999976
1.0
1.0
1.0
0.99997723
1.0
0.99999964
0.9999074
0.99999857
0.99999976
0.9999999
1.0
1.0
0.9999455
0.9999989
1.0
0.9999999
1.0
0.9999753
1.0
1.0
1.0
0.9999757
1.0
0.9999676
0.9999999
0.9999999
1.0
1.0
0.99999964
0.9998115
0.99999106
0.85321337
0.99998724
0.99951994
1.0
1.0
0.9999995
1.0
1.0
0.9999999
1.0
1.0
1.0
0.9999999
1.0
0.9999994
1.0
0.9999999
1.0
1.0
0.9977514
1.0
1.0
1.0
1.0
1.0
0.9999999
1.0
0.90939945
1.0
1.0
0.9999926
1.0
1.0
0.9999988
1.0
0.9999994
0.9999995
1.0
1.0
1.0
1.0
0.9999993
1.0
1.0
0.9999994
1.0
1.0
0.9999944
1.0
1.0
1.0
1.0
1.0
1.0
0.999998
1.0
1.0
1.0
1.0
0.99761826
1.0
1.0
1.0
0.99993086
1.0
0.9999938
1.0
1.0
0.9999906
1.0
0.9999976
1.0
1.0
0.9999994
1.0
1.0
1.0
1.0
1.0
1.0
0.9999999
0.9999988
0.92343324
1.0
1.0
1.0
1.0
1.0
0.99999964
0.9999126
1.0
0.9999347
1.0
1.0
1.0
0.99993074
1.0
0.9999999
0.9999993
1.0
1.0
1.0
1.0
0.9819432
1.0
1.0
1.0
0.99999774
1.0
1.0
0.9999999
0.99999774
0.99999976
1.0
1.0
0.9999994
1.0
0.99999976
1.0
0.99377394
1.0
1.0
0.9999933
1.0
0.9999993
0.9999962
0.9999995
0.9984653
0.94059306
0.99999905
0.9993086
0.9744794
1.0
1.0
0.9999999
1.0
1.0
0.9999945
1.0
1.0
0.999997
1.0
1.0
0.98580617
1.0
0.9999937
1.0
1.0
1.0
0.9999933
0.99984396
1.0
0.99969983
1.0
1.0
0.9999988
0.9996619
0.9999999
0.999954
1.0
1.0
1.0
1.0
0.9769752
0.99999976
0.9999999
0.9999999
0.99997663
0.9891354
1.0
1.0
1.0
1.0
0.99999785
1.0
1.0
1.0
0.99999785
1.0
0.897314
1.0
0.9998764
1.0
0.99997795
1.0
1.0
0.9999981
0.99999976
0.9999999
1.0
0.9999944
0.99999976
0.9999994
1.0
1.0
0.99088293
1.0
0.96437556
1.0
0.9999999
0.999997
0.9999988
0.9999641
1.0
1.0
0.9999993
0.99999964
0.9945148
1.0
0.950349
1.0
0.99999833
0.99673176
1.0
1.0
1.0
1.0
1.0
0.9999999
0.99954045
1.0
0.9999995
0.99974173
1.0
0.9999999
1.0
1.0
1.0
1.0
1.0
1.0
1.0
0.99889463
1.0
0.9999689
1.0
1.0
0.9999764
1.0
0.9981792
0.99999857
0.999998
1.0
1.0
1.0
1.0
1.0
0.9999995
1.0
0.9999987
1.0
0.97678906
1.0
0.99999917
0.722526
1.0
0.99999964
0.9999981
0.99999964
0.99999976
0.99864
1.0
0.9999999
0.9999367
1.0
0.99999774
1.0
1.0
0.99999726
1.0
0.99956006
0.9999999
0.9997267
0.9999999
1.0
1.0
1.0
0.9999908
1.0
0.9999994
1.0
1.0
1.0
1.0
1.0
1.0
0.99999964
1.0
1.0
1.0
0.9999999
1.0
0.99999976
1.0
0.52056473
0.9999999
1.0
1.0
1.0
0.99999964
1.0
0.99999344
1.0
0.99804807
1.0
0.99999905
1.0
0.92803574
1.0
0.99999905
0.9999939
1.0
0.9999999
1.0
1.0
1.0
1.0
1.0
1.0
1.0
1.0
1.0
1.0
0.99999964
0.9999999
0.99999726
0.9999993
0.9960006
1.0
1.0
1.0
1.0
0.9999989
1.0
1.0
1.0
1.0
1.0
1.0
0.9999999
0.99970466
0.9999963
0.8842261
0.9999981
0.9990262
1.0
1.0
0.99980754
1.0
1.0
1.0
0.9999957
0.99777657
0.99999976
1.0
0.99999905
1.0
1.0
1.0
1.0
1.0
1.0
0.9999981
0.9999982
1.0
1.0
1.0
1.0
0.9999999
0.96762407
0.9998982
0.999969
0.9999715
0.99999976
1.0
1.0
1.0
0.9985343
0.99999917
0.9999989
1.0
1.0
1.0
1.0
0.99999774
0.9998696
0.997315
0.9999939
0.9999999
0.9999994
0.99999964
1.0
0.9999999
1.0
1.0
1.0
0.99975413
0.9999999
0.9998442
0.9999999
1.0
0.9999988
0.9999994
1.0
1.0
1.0
0.9999999
1.0
0.4689183
1.0
0.99999964
1.0
1.0
0.9999888
0.9999999
1.0
0.99965775
1.0
0.96936774
0.99999464
0.99999917
1.0
1.0
0.9999902
1.0
1.0
1.0
1.0
0.9694948
0.99999976
0.9999987
0.9999926
1.0
0.99999917
1.0
1.0
1.0
1.0
0.99998164
0.9999999
1.0
0.9999993
1.0
1.0
1.0
0.9999976
1.0
0.9999999
0.9999827
1.0
1.0
1.0
1.0
0.99997365
0.999928
1.0
0.9999993
0.99999976
1.0
0.9999999
1.0
1.0
0.99999833
1.0
0.9708808
1.0
0.9935393
0.9999999
0.9999999
1.0
1.0
1.0
0.9999542
1.0
1.0
0.99999964
0.998278
1.0
1.0
0.80962354
1.0
0.99999964
0.9999999
1.0
1.0
1.0
1.0
0.99999905
1.0
0.99999857
0.99999976
0.99999964
0.9999989
1.0
0.99991584
1.0
1.0
1.0
1.0
0.99997437
0.99999845
0.9976851
0.99999917
0.99993134
0.99999905
0.99999976
0.99999976
1.0
0.9999999
1.0
1.0
0.9999999
0.9999895
1.0
0.999998
0.99999964
1.0
0.9999994
0.9999573
1.0
0.9999999
1.0
1.0
1.0
0.9999949
1.0
0.99998176
0.999798
1.0
1.0
1.0
1.0
0.9999999
1.0
1.0
0.99999285
1.0
1.0
1.0
0.9999999
0.99999857
0.9999871
1.0
0.999818
0.99999976
1.0
1.0
0.9999387
0.9999999
0.99999046
0.9999938
1.0
0.9999999
1.0
1.0
0.9993979
1.0
0.9999347
1.0
0.99999726
0.9999913
1.0
1.0
1.0
0.9995148
1.0
1.0
0.9999999
0.9999995
1.0
1.0
1.0
0.9999498
1.0
1.0
0.9998541
1.0
0.65410316
0.9999999
0.99999833
1.0
0.99999666
1.0
0.99997985
0.9999989
0.99999344
0.9999883
1.0
1.0
1.0
1.0
1.0
1.0
0.99999917
0.9999771
0.999998
1.0
0.99999607
1.0
0.9999995
0.9999925
1.0
0.9870629
1.0
1.0
1.0
0.81206274
0.9999995
0.9999894
0.9999988
0.99999964
1.0
0.99565154
0.9964036
1.0
1.0
1.0
0.99999726
1.0
1.0
1.0
1.0
1.0
1.0
0.99999654
0.99985635
1.0
1.0
1.0
1.0
1.0
1.0
1.0
1.0
1.0
1.0
1.0
1.0
0.9999993
0.8407111
0.99999094
1.0
1.0
1.0
0.99991715
0.9999627
0.9999995
1.0
0.99999964
0.5338827
1.0
1.0
1.0
1.0
1.0
0.99999917
0.9973199
0.99894756
1.0
1.0
0.9990921
0.9999927
1.0
1.0
0.9999999
1.0
0.9191847
0.9999198
1.0
1.0
0.9999428
1.0
0.98368233
0.9999999
0.9999999
1.0
1.0
1.0
1.0
1.0
0.99999976
0.99999964
0.9999932
1.0
0.9999999
0.9837546
0.99999535
0.99999976
0.99998987
1.0
0.6126011
1.0
0.9999999
1.0
0.999997
0.99999785
1.0
1.0
0.99882513
0.9999999
0.9999888
0.9999813
0.9999933
1.0
1.0
1.0
1.0
0.9998523
1.0
0.99999154
0.9999999
1.0
0.9999999
1.0
0.99836105
0.9999925
0.9998004
1.0
0.9999993
1.0
0.9999995
1.0
0.99999964
1.0
0.9999974
1.0
0.9999927
0.9999999
1.0
1.0
0.99999654
0.99998415
1.0
1.0
0.9999994
1.0
1.0
1.0
1.0
1.0
0.99999964
1.0
0.99998367
0.99999976
0.9999999
0.9995394
1.0
1.0
1.0
1.0
0.99970967
0.9921789
1.0
1.0
0.9999999
0.99999976
0.99999654
1.0
1.0
0.99999607
0.99608326
0.96343803
0.99999964
1.0
0.9999876
1.0
1.0
1.0
0.9999989
1.0
0.9091571
1.0
1.0
1.0
1.0
0.99999416
1.0
1.0
0.9999989
1.0
1.0
0.9999745
1.0
0.99648285
1.0
0.9998528
0.9999999
0.99999964
1.0
1.0
1.0
1.0
0.99998355
1.0
0.99999976
1.0
0.9999999
0.9999999
1.0
1.0
0.99999976
0.9994242
0.9998635
1.0
0.999086
1.0
0.9995639
1.0
1.0
0.99999976
1.0
0.99999964
1.0
1.0
0.9999895
1.0
0.99999154
1.0
1.0
1.0
0.99999523
0.9999999
0.9999995
0.9999999
1.0
0.999997
0.7644351
1.0
0.9999956
1.0
0.9995571
1.0
1.0
0.99999976
0.9999397
0.9999987
0.9999213
0.99999976
0.9999981
0.9999968
0.9999969
1.0
0.9999999
1.0
0.9929113
1.0
1.0
1.0
1.0
1.0
0.99999785
1.0
0.9999496
1.0
0.9999999
0.9953852
0.9999957
1.0
1.0
0.9999999
0.9999999
0.99998593
1.0
1.0
0.9999988
1.0
1.0
1.0
0.9999999
1.0
0.9999999
0.9999999
1.0
1.0
0.99999976
1.0
1.0
1.0
0.9930662
1.0
0.9999993
0.99999905
1.0
0.99998975
1.0
0.9999995
0.9999999
1.0
0.9998894
0.9999497
0.99999774
1.0
1.0
1.0
1.0
0.9999591
1.0
1.0
0.95792186
0.9996743
1.0
0.9954867
1.0
1.0
0.9999999
0.9920055
0.9983771
0.9999993
0.9455078
1.0
1.0
0.9999994
0.9999546
1.0
0.99999917
0.9999995
0.9999999
1.0
1.0
1.0
0.9997141
1.0
0.9999989
1.0
1.0
0.99999964
1.0
1.0
1.0
0.99996614
1.0
1.0
1.0
1.0
1.0
0.99999225
1.0
0.7609794
1.0
0.9999999
1.0
0.9999436
1.0
1.0
0.99998593
1.0
1.0
1.0
0.9988728
0.99999964
1.0
0.9999988
0.9998061
0.9999999
1.0
0.9999969
0.9999995
1.0
1.0
0.99985445
1.0
0.9999993
0.9999964
0.99999976
0.99974483
0.99999976
0.999997
0.9999975
0.9999677
0.9999994
0.99999726
0.9999969
0.9923693
0.9999999
1.0
0.99999857
0.9872307
1.0
1.0
0.98973596
0.99495924
0.9999999
1.0
1.0
1.0
0.99999976
0.9999994
1.0
1.0
1.0
0.9999982
1.0
0.9999999
0.9999994
0.99999964
0.9999964
1.0
1.0
0.9999999
0.99999964
1.0
1.0
0.9936069
1.0
1.0
0.99998975
1.0
0.9999999
0.99999976
1.0
1.0
0.99999964
1.0
1.0
1.0
0.99999857
0.7300017
1.0
0.99999964
0.99999976
0.99953616
0.9807943
1.0
1.0
1.0
1.0
0.9999989
1.0
1.0
1.0
1.0
0.9999999
1.0
0.9999981
0.9999999
1.0
0.9999888
1.0
1.0
1.0
0.85315496
0.9999995
1.0
1.0
0.9999807
0.9999995
1.0
1.0
0.99999976
1.0
1.0
1.0
1.0
1.0
1.0
1.0
1.0
0.9993685
1.0
1.0
0.9999999
0.9999728
1.0
0.9999753
0.99999714
1.0
1.0
1.0
1.0
0.9999993
1.0
1.0
0.9999945
0.99999964
0.99999523
0.9999385
1.0
1.0
0.9999999
1.0
0.9999981
1.0
0.999998
1.0
1.0
0.9999999
1.0
1.0
1.0
1.0
0.99999976
0.99978703
0.9999999
0.99999416
0.99999964
1.0
0.99998677
0.99998164
1.0
0.9999989
0.6222629
1.0
1.0
0.99999607
1.0
0.9999995
1.0
0.9999999
1.0
1.0
1.0
0.99999976
1.0
0.99993205
0.99998486
1.0
1.0
0.99999845
1.0
1.0
1.0
0.9999988
0.9999999
1.0
0.99933356
0.9999893
0.999997
1.0
1.0
1.0
0.9999974
1.0
0.9982767
0.9999999
0.9999994
0.99999976
0.99999917
0.99999976
1.0
0.99999297
0.99996114
0.9427891
0.9999999
1.0
0.9999378
0.99995255
1.0
0.9999968
1.0
1.0
1.0
1.0
0.99983454
0.9999999
1.0
0.9999999
0.99999976
1.0
1.0
1.0
0.999918
1.0
0.9984572
1.0
0.9999008
1.0
1.0
1.0
1.0
1.0
1.0
1.0
1.0
1.0
1.0
1.0
1.0
0.9999999
1.0
1.0
1.0
1.0
1.0
1.0
0.9921802
1.0
1.0
1.0
1.0
0.9999814
1.0
0.99999964
0.99999976
1.0
1.0
0.999995
1.0
1.0
1.0
0.9992459
1.0
1.0
0.99999976
1.0
1.0
1.0
1.0
1.0
0.8488322
0.9997998
1.0
1.0
1.0
0.99999976
0.9999999
0.98074245
0.9999546
0.99914145
1.0
1.0
0.999998
1.0
1.0
1.0
0.9894398
1.0
1.0
0.999995
1.0
0.99999917
1.0
1.0
0.99999917
1.0
1.0
0.99999964
0.9999999
1.0
0.9936929
0.78012425
0.9999988
0.9999999
0.99999964
0.9999999
0.99999976
1.0
0.9999962
0.9999838
1.0
0.9999999
1.0
1.0
0.9999995
0.9999999
0.9999999
1.0
1.0
0.9999994
0.9999734
0.99999964
1.0
0.6506433
0.99718803
1.0
0.9999993
1.0
1.0
0.9999995
0.99999845
1.0
1.0
1.0
1.0
1.0
1.0
0.8144837
1.0
0.9999702
0.9999987
1.0
0.9999343
0.9998148
1.0
0.9995066
1.0
0.99997795
1.0
0.99744993
0.99999964
0.9999894
1.0
0.99999917
1.0
1.0
1.0
0.9999999
1.0
1.0
0.99999726
0.99988866
1.0
0.99999917
1.0
0.9999987
1.0
1.0
1.0
1.0
0.99999833
1.0
0.9999993
0.99999857
0.99068964
0.99999976
1.0
0.9999999
0.99998355
1.0
1.0
0.99999905
1.0
1.0
0.99988735
1.0
0.9999999
0.99998903
1.0
1.0
1.0
1.0
0.99999714
1.0
1.0
1.0
1.0
0.99999225
1.0
0.99999976
1.0
1.0
0.9998504
1.0
0.9999988
0.99994683
0.977794
0.9999982
1.0
1.0
0.9999999
1.0
1.0
0.9987099
0.99979824
0.99978834
1.0
0.99999964
1.0
0.66382414
1.0
1.0
0.9999908
1.0
1.0
1.0
1.0
0.9999995
1.0
0.9996259
0.9999988
0.9999999
1.0
1.0
0.9999974
0.99999964
1.0
1.0
1.0
1.0
1.0
0.9997415
0.9999988
1.0
0.99999976
0.9999999
1.0
0.9999988
0.9999932
1.0
1.0
1.0
0.99992335
0.9994711
1.0
1.0
1.0
0.99999976
0.9997607
1.0
0.99961686
1.0
1.0
1.0
0.9999999
1.0
1.0
1.0
0.9999994
0.9999987
1.0
1.0
0.99999535
1.0
1.0
1.0
1.0
0.99999964
0.9999981
1.0
0.99999976
1.0
1.0
1.0
0.9999999
0.99999964
1.0
0.99999976
1.0
1.0
1.0
1.0
0.9999981
1.0
1.0
1.0
1.0
1.0
0.9999896
1.0
1.0
1.0
1.0
0.9999958
1.0
1.0
1.0
1.0
1.0
0.99999905
1.0
0.9999995
1.0
1.0
0.99996936
1.0
1.0
0.99999976
1.0
1.0
1.0
1.0
1.0
0.99999964
1.0
0.99999976
1.0
1.0
1.0
1.0
0.99999845
0.9999465
1.0
0.99999964
1.0
0.9999999
1.0
0.99999976
1.0
1.0
1.0
1.0
1.0
1.0
0.99999917
1.0
1.0
1.0
0.99999464
0.9999995
1.0
0.999998
1.0
0.9999957
0.9999931
0.9999995
0.9999994
0.99999976
1.0
1.0
0.99999464
1.0
0.99993634
0.9999982
1.0
1.0
1.0
1.0
0.9999982
0.9999944
1.0
0.9999989
1.0
0.9999999
1.0
1.0
0.9999999
0.9999889
1.0
1.0
1.0
1.0
0.9999914
0.99998593
0.999998
0.9999999
1.0
1.0
1.0
1.0
0.99907565
1.0
1.0
1.0
0.9999999
1.0
1.0
1.0
0.99999774
0.9999975
1.0
0.9999999
1.0
0.9999788
0.9999999
1.0
1.0
1.0
1.0
0.9999995
1.0
1.0
1.0
1.0
1.0
0.9999999
1.0
0.9999999
0.99999905
1.0
1.0
1.0
0.9968945
1.0
1.0
0.99996006
1.0
0.9999999
0.9896436
0.99999976
0.99999774
1.0
1.0
1.0
1.0
0.9999976
0.9999994
1.0
1.0
0.9999994
0.999938
1.0
1.0
0.99999654
1.0
1.0
0.9999993
1.0
1.0
1.0
1.0
1.0
1.0
0.99999917
1.0
1.0
0.9999999
0.9999534
0.9999999
1.0
1.0
1.0
0.997235
1.0
0.99911934
1.0
0.99989307
1.0
1.0
1.0
0.9999988
0.9999999
1.0
0.9999994
0.9999999
1.0
0.99999964
1.0
1.0
1.0
0.9999937
1.0
0.9999999
0.9999989
0.99996924
1.0
1.0
1.0
1.0
1.0
0.9999999
0.9937556
1.0
1.0
1.0
1.0
0.9999994
0.9999995
1.0
1.0
1.0
0.99999976
1.0
1.0
0.9999999
0.99999964
0.99999964
0.99999905
1.0
0.99280554
0.99999964
1.0
1.0
0.99999297
1.0
0.9999993
0.99999964
1.0
0.9999988
1.0
1.0
0.9999999
1.0
1.0
0.9999324
0.99999976
1.0
1.0
0.9996643
1.0
1.0
0.9993616
0.9999937
0.99999285
0.9999989
1.0
1.0
1.0
1.0
1.0
1.0
0.99750024
1.0
1.0
1.0
1.0
0.9999999
1.0
1.0
1.0
1.0
0.9999609
1.0
1.0
0.99999976
1.0
1.0
1.0
1.0
1.0
1.0
0.99999714
1.0
1.0
1.0
1.0
1.0
1.0
1.0
1.0
1.0
1.0
1.0
1.0
0.9999999
1.0
1.0
1.0
0.99999905
0.99999964
1.0
1.0
0.9999999
1.0
0.9999999
1.0
0.9999999
0.9999999
1.0
1.0
1.0
1.0
1.0
1.0
0.8871214
1.0
1.0
1.0
0.99999833
1.0
1.0
1.0
1.0
1.0
1.0
1.0
0.99999964
1.0
1.0
1.0
1.0
1.0
1.0
1.0
1.0
1.0
1.0
1.0
1.0
1.0
1.0
1.0
1.0
0.99999976
1.0
1.0
0.99999917
1.0
1.0
1.0
1.0
1.0
1.0
1.0
0.99999785
0.9999994
1.0
1.0
0.9999989
1.0
0.9999999
1.0
0.9999995
0.9999999
1.0
0.99999976
1.0
1.0
1.0
1.0
1.0
0.9999999
1.0
1.0
1.0
1.0
1.0
0.9999999
1.0
1.0
0.99999976
0.9999999
1.0
1.0
0.99999845
1.0
1.0
1.0
0.9999999
0.9999999
0.9999219
1.0
0.99999845
1.0
1.0
1.0
1.0
1.0
1.0
0.99972016
0.999987
1.0
1.0
1.0
0.9999999
1.0
1.0
0.9999913
1.0
1.0
0.9999974
1.0
1.0
1.0
0.9999993
1.0
1.0
1.0
1.0
1.0
1.0
1.0
1.0
1.0
1.0
1.0
1.0
1.0
1.0
1.0
0.99999964
1.0
0.996933
0.99798584
1.0
1.0
1.0
1.0
1.0
0.9999999
0.99755543
1.0
0.9999988
0.9999995
1.0
1.0
1.0
1.0
1.0
1.0
1.0
1.0
1.0
0.9999999
0.9999999
1.0
1.0
1.0
1.0
1.0
1.0
1.0
1.0
1.0
1.0
1.0
1.0
1.0
1.0
1.0
1.0
1.0
1.0
0.99999976
0.9999999
1.0
1.0
1.0
1.0
1.0
1.0
1.0
0.99999905
1.0
1.0
0.99954164
1.0
1.0
1.0
1.0
0.9999999
1.0
1.0
0.99999976
1.0
0.9999994
1.0
1.0
1.0
1.0
1.0
1.0
0.99991834
1.0
1.0
0.99999785
0.9999995
1.0
0.9999999
0.99999964
0.9999988
1.0
1.0
1.0
1.0
0.9999993
1.0
1.0
1.0
0.99998736
0.99999964
1.0
1.0
1.0
1.0
1.0
1.0
1.0
1.0
0.9999907
0.9999918
1.0
0.9999999
1.0
0.9999999
1.0
1.0
1.0
1.0
0.9999902
1.0
1.0
0.99999917
0.9999994
0.9999949
0.99999917
1.0
0.9999298
0.9999999
1.0
1.0
1.0
0.99999845
1.0
1.0
1.0
0.9999875
1.0
1.0
1.0
0.9999993
1.0
1.0
0.9999763
1.0
0.9999982
0.9999949
1.0
1.0
0.99948895
0.9999999
0.9999999
1.0
1.0
1.0
1.0
0.99999976
0.99997294
0.9999974
1.0
1.0
1.0
1.0
0.9966653
0.9999999
0.9999982
0.99999714
1.0
0.9999994
1.0
0.99999976
1.0
1.0
0.99999917
1.0
0.9999999
0.99992263
0.9999995
0.9999994
1.0
0.9999949
1.0
0.9999999
0.99991786
1.0
1.0
0.99979144
1.0
1.0
0.99629647
0.9999999
1.0
1.0
0.9999999
0.99999607
1.0
1.0
0.7028238
1.0
0.9901196
0.9999999
1.0
0.9999931
0.9999995
0.99999285
0.9977514
0.99997616
1.0
1.0
1.0
0.99999917
0.99999964
0.9989747
1.0
1.0
1.0
0.9999999
0.9849421
0.9999207
1.0
0.9999999
1.0
1.0
1.0
1.0
0.99999964
0.99999857
0.99999034
1.0
0.9999999
0.99985194
1.0
1.0
0.99999833
1.0
1.0
1.0
1.0
1.0
0.95944476
0.9988673
0.9999982
1.0
1.0
1.0
1.0
0.99999666
1.0
1.0
1.0
1.0
0.999998
1.0
1.0
0.9999993
1.0
1.0
1.0
1.0
0.99999976
1.0
0.99999976
1.0
1.0
1.0
1.0
0.9999988
1.0
1.0
1.0
1.0
0.99999845
0.99995184
1.0
1.0
1.0
1.0
0.99992025
1.0
1.0
0.999992
1.0
0.9999964
0.9999869
1.0
1.0
1.0
1.0
1.0
0.9999994
0.99999964
0.99999917
1.0
1.0
0.9999969
0.99999785
0.9999999
0.98667693
0.99990094
0.9016804
1.0
0.99999976
1.0
0.9999999
1.0
0.99999666
0.99999464
1.0
0.99996126
0.99999976
1.0
1.0
0.93505454
1.0
1.0
0.99915826
0.99999976
0.9999995
1.0
0.9999987
1.0
1.0
0.9999995
1.0
1.0
0.9999995
0.9999957
1.0
1.0
1.0
1.0
0.9999999
0.99999976
0.9999995
1.0
0.999998
0.99999106
1.0
1.0
1.0
1.0
0.9999974
1.0
1.0
1.0
1.0
1.0
0.9999999
1.0
1.0
0.9999999
1.0
1.0
1.0
1.0
1.0
1.0
1.0
1.0
1.0
1.0
1.0
0.9999999
0.9999999
0.9999881
0.9999963
1.0
1.0
1.0
0.9999989
0.99999976
0.9999999
1.0
1.0
1.0
1.0
1.0
1.0
1.0
1.0
1.0
1.0
0.99999976
0.99999785
0.9999989
1.0
0.9999958
1.0
1.0
1.0
0.9998429
0.9999503
1.0
0.99999964
1.0
1.0
0.9999999
1.0
0.99988925
1.0
1.0
1.0
0.9999999
0.9999999
1.0
0.9999994
1.0
1.0
1.0
1.0
1.0
0.9999994
0.9999995
1.0
1.0
0.9999999
0.99999976
1.0
1.0
1.0
1.0
1.0
1.0
1.0
0.9999993
1.0
1.0
1.0
1.0
0.99999917
1.0
1.0
1.0
1.0
0.9999957
1.0
1.0
1.0
1.0
1.0
0.9975079
1.0
0.9999987
1.0
1.0
1.0
1.0
1.0
0.9999987
0.9999999
0.9981238
0.9848704
1.0
0.9999589
1.0
1.0
1.0
1.0
1.0
1.0
0.99999976
1.0
0.9999999
1.0
1.0
1.0
0.9999224
1.0
1.0
0.99991024
0.99999964
1.0
1.0
1.0
1.0
0.99999917
1.0
0.99999845
1.0
0.99999475
1.0
0.99999833
0.9999999
1.0
0.9999821
0.99999964
1.0
0.99998844
1.0
0.99997807
1.0
1.0
1.0
1.0
1.0
1.0
1.0
0.9999471
0.99999857
0.97313154
0.860457
0.99997437
0.9998977
1.0
1.0
1.0
0.9999999
0.9999993
1.0
1.0
1.0
0.9999999
0.9999877
0.99999976
0.9999993
1.0
1.0
0.99999976
0.9997563
1.0
1.0
0.9999999
0.9998018
1.0
0.99999607
1.0
0.99939954
1.0
0.9999999
0.99999964
1.0
1.0
1.0
1.0
0.9999999
0.9999994
0.9997454
1.0
0.99999857
1.0
0.9999995
1.0
1.0
0.99999964
0.9985159
0.9967841
0.99998724
1.0
0.9999505
0.9999999
0.99999595
0.99999917
0.99999666
1.0
1.0
0.99999857
1.0
0.9999999
1.0
0.99999833
0.98600185
0.99998295
0.9999999
0.999984
0.9999999
0.99999833
1.0
0.99995625
0.9999999
0.99997413
0.9999993
0.9999999
0.999998
0.9999957
0.9999883
1.0
1.0
1.0
0.9999999
1.0
1.0
1.0
1.0
0.9999902
1.0
0.9999999
0.99775213
0.9999999
1.0
0.99965715
0.99999285
0.9999943
0.9999957
1.0
0.99999464
1.0
0.9999999
1.0
0.99163294
1.0
0.9999876
0.99999964
0.9999999
1.0
0.9999999
0.9999151
0.9999999
1.0
0.99999833
1.0
1.0
0.999997
0.9999999
0.9999958
0.9999995
1.0
0.9999944
0.9999994
1.0
0.9999995
1.0
1.0
0.99997866
1.0
1.0
1.0
0.99998534
1.0
0.9998479
1.0
1.0
1.0
1.0
1.0
0.9990609
0.99999857
0.9999387
1.0
0.9999995
1.0
1.0
1.0
0.9999999
0.9999999
0.97889405
0.9999999
0.99999166
0.9999988
1.0
1.0
1.0
1.0
1.0
1.0
0.9124701
1.0
0.9987174
1.0
1.0
1.0
1.0
1.0
1.0
1.0
0.9982875
1.0
1.0
1.0
1.0
1.0
1.0
0.99999976
0.9999982
0.99997425
0.9999999
0.9855942
0.9999993
1.0
0.99992526
1.0
1.0
0.9999999
1.0
1.0
0.9999975
1.0
1.0
0.9999993
1.0
0.9999976
1.0
1.0
1.0
1.0
1.0
1.0
1.0
1.0
1.0
1.0
1.0
1.0
1.0
1.0
1.0
1.0
1.0
1.0
1.0
1.0
0.9999999
1.0
0.99999976
1.0
1.0
1.0
1.0
1.0
1.0
1.0
0.9982673
0.9999995
1.0
1.0
0.99999845
1.0
1.0
1.0
1.0
0.79357064
1.0
0.9997366
1.0
0.9999839
1.0
0.99454945
0.9907252
0.99998534
1.0
1.0
1.0
1.0
0.9999944
0.9999999
0.99999976
1.0
1.0
1.0
1.0
1.0
1.0
0.999995
1.0
1.0
1.0
1.0
0.9999999
1.0
1.0
1.0
1.0
1.0
1.0
0.9999999
1.0
1.0
0.9999993
1.0
1.0
1.0
1.0
1.0
1.0
1.0
1.0
1.0
1.0
0.99999976
1.0
1.0
1.0
1.0
1.0
1.0
1.0
1.0
0.99999964
0.9999999
1.0
1.0
0.9999999
1.0
1.0
0.9999974
0.99999976
0.99999976
0.9999994
0.9999995
1.0
1.0
1.0
1.0
0.99999964
0.9999999
1.0
0.99999905
0.9999529
1.0
1.0
1.0
1.0
1.0
1.0
0.99999917
1.0
1.0
0.99999976
1.0
1.0
1.0
1.0
1.0
1.0
1.0
1.0
1.0
1.0
1.0
1.0
0.9999893
1.0
1.0
1.0
1.0
1.0
1.0
1.0
1.0
1.0
1.0
1.0
1.0
1.0
1.0
1.0
1.0
1.0
1.0
1.0
1.0
1.0
1.0
1.0
1.0
1.0
1.0
1.0
1.0
1.0
1.0
1.0
0.9999995
1.0
1.0
1.0
1.0
1.0
1.0
0.9999987
0.9999995
1.0
0.9999969
1.0
0.99999905
1.0
1.0
1.0
1.0
1.0
1.0
1.0
1.0
1.0
1.0
1.0
1.0
1.0
1.0
1.0
1.0
1.0
1.0
1.0
1.0
1.0
1.0
1.0
1.0
1.0
1.0
1.0
0.9999999
1.0
1.0
1.0
1.0
1.0
0.99999225
1.0
1.0
1.0
1.0
1.0
1.0
1.0
1.0
1.0
1.0
1.0
0.99999726
1.0
1.0
0.9999999
1.0
1.0
1.0
1.0
0.9999999
1.0
0.99999976
1.0
1.0
1.0
1.0
1.0
1.0
1.0
1.0
1.0
0.99999845
0.99999976
1.0
1.0
0.9999994
1.0
1.0
1.0
1.0
1.0
1.0
1.0
1.0
1.0
1.0
0.99999905
0.99999964
0.9995821
1.0
1.0
1.0
1.0
0.9999981
1.0
0.9999958
0.9999918
0.99999964
1.0
1.0
1.0
1.0
0.99999905
0.9999999
0.99999917
0.9999988
0.99990606
1.0
1.0
1.0
1.0
1.0
1.0
0.9999759
1.0
0.99999833
1.0
0.9999999
1.0
1.0
0.9999999
0.99983597
1.0
0.9999969
1.0
1.0
1.0
1.0
1.0
0.9999964
1.0
1.0
1.0
1.0
1.0
1.0
0.99999464
1.0
0.99996686
0.99999964
1.0
0.9999887
1.0
1.0
0.9999999
1.0
0.9999999
0.99999714
1.0
1.0
0.9999999
1.0
1.0
0.9999826
1.0
1.0
1.0
1.0
1.0
1.0
1.0
1.0
1.0
0.99999917
1.0
1.0
0.99994886
1.0
1.0
1.0
1.0
1.0
0.9999999
1.0
1.0
0.9999045
1.0
1.0
1.0
1.0
1.0
1.0
0.99999905
1.0
1.0
1.0
1.0
1.0
1.0
1.0
0.9999683
0.99999976
0.9999999
1.0
0.9999981
1.0
1.0
1.0
0.9999993
1.0
0.9957255
1.0
1.0
0.9999999
1.0
1.0
1.0
0.9999958
0.99999976
1.0
1.0
1.0
0.9999999
1.0
1.0
0.9999999
0.9999999
1.0
1.0
0.9999994
1.0
0.9999999
1.0
1.0
1.0
1.0
1.0
0.9643132
1.0
0.99999905
1.0
1.0
1.0
0.9989153
0.99999714
0.99999964
0.9999999
1.0
1.0
0.9999864
0.99999976
0.9999944
1.0
1.0
0.9999771
1.0
1.0
0.99999976
0.99996924
0.98754984
0.54912335
0.9999964
0.9995753
0.9486372
0.99999964
0.5109208
0.99213684
0.99999857
1.0
1.0
0.99999654
0.9999999
0.9999858
0.9998568
0.9999956
0.99999845
0.9408942
0.9709542
0.9999732
0.99211156
0.99999964
0.5900086
0.9999951
0.9952094
0.99999654
0.9999993
0.9999975
1.0
1.0
0.9999949
1.0
0.99999917
1.0
0.9999999
0.99999976
0.99996245
1.0
0.9797076
1.0
0.9999995
1.0
0.99998784
0.8209724
0.9892074
0.9829963
0.9999999
1.0
0.9999163
0.99984896
1.0
0.9988586
1.0
0.9999999
0.99504507
0.9999995
0.9999963
1.0
1.0
0.99999535
0.99996984
0.9989473
1.0
0.99678254
0.99999654
0.9999995
1.0
0.9997985
0.99990785
0.9999988
0.99999964
0.49330226
1.0
0.9999927
0.99999917
0.99999964
0.9999999
0.9995431
0.994371
1.0
1.0
0.99999857
0.99999475
0.9999995
1.0
1.0
1.0
0.9999999
0.99999976
1.0
0.9999999
0.9999968
1.0
1.0
1.0
1.0
0.99999976
0.6908386
1.0
1.0
1.0
1.0
0.99999976
1.0
0.99999976
1.0
1.0
0.9999957
0.9999945
1.0
1.0
1.0
1.0
0.99998295
0.9999995
0.99999714
0.9999993
1.0
0.99999416
0.99999964
1.0
0.99999714
1.0
0.99988735
0.9999999
1.0
0.9999989
1.0
1.0
0.9999999
0.9999999
1.0
1.0
1.0
0.99999475
1.0
1.0
0.9999857
0.9999993
1.0
0.9999981
1.0
1.0
1.0
1.0
1.0
1.0
1.0
1.0
0.99999976
1.0
0.9999999
0.9999925
0.9999999
1.0
0.9999993
0.99999845
1.0
0.99999976
1.0
1.0
0.9999999
1.0
0.9999995
0.99999857
1.0
0.9999995
0.9700897
0.9999926
1.0
0.99999857
0.99998856
0.9999999
1.0
1.0
1.0
0.99999654
0.9999999
0.9999287
1.0
1.0
1.0
1.0
0.9999994
1.0
1.0
0.9898211
0.99996924
1.0
0.99999785
0.97968197
0.99999917
1.0
0.9999273
1.0
0.9999895
0.9999989
0.9999999
1.0
1.0
0.9999982
0.99685884
0.9967283
1.0
1.0
0.9999995
1.0
1.0
0.9999987
1.0
0.99997437
0.9999999
1.0
1.0
0.9999964
0.99999344
1.0
1.0
1.0
1.0
0.9999999
1.0
1.0
1.0
1.0
1.0
0.9999633
1.0
0.99999654
0.7792148
0.9999988
0.9999988
1.0
0.9999993
1.0
1.0
1.0
0.9999968
1.0
0.999998
1.0
1.0
0.9980413
1.0
1.0
1.0
0.9999999
1.0
1.0
1.0
1.0
1.0
0.9999987
0.99993026
1.0
1.0
1.0
0.99999917
1.0
1.0
1.0
1.0
1.0
0.99994695
0.9999951
1.0
1.0
1.0
1.0
1.0
1.0
1.0
1.0
0.99999905
1.0
1.0
1.0
1.0
1.0
1.0
1.0
1.0
1.0
1.0
1.0
0.99999964
1.0
0.9999994
1.0
1.0
1.0
1.0
1.0
0.9677941
1.0
1.0
1.0
1.0
0.99996436
1.0
1.0
1.0
1.0
1.0
1.0
1.0
1.0
1.0
1.0
1.0
1.0
1.0
1.0
1.0
1.0
1.0
1.0
1.0
0.9999994
1.0
1.0
1.0
1.0
1.0
0.9999994
1.0
1.0
1.0
1.0
0.999998
1.0
1.0
0.99999976
0.9999999
1.0
1.0
1.0
1.0
1.0
1.0
0.99999905
0.99987495
1.0
1.0
1.0
0.99999917
1.0
1.0
0.9999999
1.0
1.0
0.99999976
0.9999987
1.0
1.0
1.0
0.99994314
1.0
0.99998784
1.0
0.9999994
1.0
0.99999976
1.0
1.0
0.99994075
1.0
1.0
1.0
0.9999999
1.0
1.0
0.99999917
1.0
1.0
0.9999869
1.0
1.0
1.0
1.0
1.0
1.0
0.99999917
0.99999964
1.0
1.0
0.99999964
1.0
1.0
0.9999999
0.99999714
0.9998056
1.0
1.0
1.0
1.0
1.0
1.0
1.0
1.0
0.99998975
1.0
1.0
1.0
1.0
1.0
1.0
0.9999999
0.9999981
0.9999999
0.9999993
1.0
1.0
0.99999964
1.0
1.0
1.0
0.9999988
1.0
1.0
1.0
1.0
1.0
1.0
1.0
1.0
0.99999845
0.99998677
1.0
0.9999995
1.0
1.0
0.9999989
1.0
1.0
1.0
1.0
1.0
1.0
1.0
0.99999964
1.0
0.9999999
1.0
0.9999919
1.0
1.0
0.9999999
0.9999999
0.9999999
1.0
1.0
1.0
1.0
0.99999976
1.0
1.0
1.0
1.0
1.0
1.0
0.9999999
1.0
1.0
1.0
0.9999999
0.9999999
0.99997616
1.0
0.9999993
1.0
0.9999999
1.0
1.0
0.999995
1.0
0.999974
0.9999925
0.9999993
1.0
1.0
1.0
1.0
0.99999964
1.0
1.0
1.0
1.0
1.0
1.0
0.99999976
1.0
1.0
1.0
1.0
0.99973184
1.0
0.99999976
1.0
0.99999774
0.9988784
1.0
1.0
1.0
0.9999999
1.0
1.0
0.99999774
1.0
0.99999976
0.999979
1.0
1.0
1.0
0.99999917
0.9999994
1.0
0.9999924
1.0
1.0
0.9999999
1.0
1.0
1.0
1.0
0.99999344
1.0
0.9999938
1.0
1.0
0.99999964
1.0
1.0
1.0
1.0
0.9996111
1.0
1.0
1.0
0.9999968
0.9999877
0.9998877
1.0
1.0
0.9999635
1.0
0.9999877
1.0
1.0
1.0
1.0
1.0
0.9999993
0.999918
1.0
1.0
1.0
0.9999999
1.0
1.0
1.0
0.999923
1.0
1.0
0.9999987
1.0
0.99999964
0.99977523
1.0
0.9999999
1.0
1.0
1.0
1.0
0.9999969
1.0
1.0
1.0
0.9998492
1.0
1.0
0.99997795
0.99999523
1.0
0.99999964
1.0
1.0
1.0
1.0
1.0
1.0
1.0
1.0
1.0
0.99997735
1.0
1.0
0.9999989
1.0
1.0
0.9914649
1.0
0.99998903
1.0
1.0
1.0
1.0
1.0
0.9999995
1.0
1.0
1.0
1.0
1.0
0.9999999
1.0
1.0
1.0
1.0
0.9999999
0.9999989
1.0
1.0
1.0
1.0
0.99999106
1.0
1.0
0.9999999
1.0
1.0
1.0
1.0
1.0
1.0
1.0
1.0
0.99999964
0.9999999
1.0
1.0
0.9999999
0.9999949
1.0
0.9997565
1.0
1.0
1.0
1.0
1.0
0.9999962
0.9999982
1.0
1.0
0.99532604
0.9999943
0.9996196
1.0
0.9977284
1.0
1.0
1.0
0.8199394
0.99999523
1.0
0.9999999
0.9999541
1.0
1.0
0.99999905
0.9999999
0.99999917
0.9999958
1.0
1.0
0.9999893
1.0
0.9999999
1.0
0.9999999
1.0
0.91482085
1.0
1.0
0.9999999
1.0
0.9999745
1.0
1.0
1.0
1.0
0.99999714
1.0
0.99999857
1.0
0.9998486
1.0
1.0
1.0
0.99999964
1.0
0.9999995
1.0
1.0
0.99995995
0.9999807
0.99999225
0.9999999
0.99999976
0.9999999
1.0
0.9999999
1.0
0.9999914
0.9999882
1.0
1.0
0.9999567
1.0
1.0
1.0
1.0
0.9999995
1.0
0.99998605
0.9999999
1.0
0.9999999
1.0
1.0
1.0
1.0
1.0
1.0
0.99999666
1.0
1.0
0.99961734
1.0
1.0
0.99999964
1.0
0.9999999
1.0
0.99999917
1.0
0.99999976
1.0
1.0
1.0
0.9999993
1.0
1.0
0.99999857
1.0
0.99994075
1.0
1.0
1.0
1.0
1.0
0.99999976
1.0
1.0
1.0
0.9999999
0.9999987
0.99999964
0.9999999
1.0
0.9999999
0.9999999
1.0
0.99999785
0.99999964
1.0
1.0
1.0
0.9999982
1.0
0.9999989
0.99999964
1.0
0.99999964
0.9999995
1.0
1.0
1.0
1.0
0.9999999
0.9999975
0.99999905
1.0
0.9999993
0.99999285
0.99979895
1.0
0.9999999
0.9999999
0.9999999
0.9999273
0.9999999
0.99999225
1.0
1.0
0.99998724
1.0
1.0
1.0
1.0
0.9999995
1.0
1.0
1.0
1.0
1.0
0.99999976
1.0
1.0
0.99999845
1.0
0.99999845
1.0
0.9999999
1.0
1.0
0.99999964
1.0
0.99999917
1.0
0.999977
1.0
0.99998796
1.0
0.9999999
1.0
0.9999925
1.0
0.9999981
1.0
0.99999976
0.9999999
1.0
1.0
1.0
0.9999999
0.9999906
1.0
1.0
0.9999995
0.999992
0.99999857
0.9999999
1.0
0.99999976
1.0
0.99999976
1.0
1.0
0.9998412
1.0
0.9999988
0.9999994
1.0
1.0
0.9999999
0.9999981
1.0
0.99999976
0.99999976
1.0
1.0
0.99999976
0.9999994
1.0
1.0
0.99999845
1.0
0.9999162
1.0
0.99963856
1.0
1.0
1.0
0.9999999
0.99999976
1.0
0.99986637
1.0
0.99999976
1.0
0.9999993
1.0
0.9999857
1.0
1.0
1.0
0.9996506
1.0
1.0
1.0
1.0
1.0
0.9996346
1.0
0.9999999
1.0
0.9999951
0.9999999
0.99999905
1.0
0.9999968
0.9999976
1.0
0.9999999
1.0
1.0
0.9999999
0.9948108
0.9999788
1.0
1.0
0.99999964
0.9999999
1.0
1.0
1.0
1.0
0.9999932
0.9998735
1.0
1.0
0.99997497
0.9999999
1.0
1.0
0.99999917
0.99987197
0.99996436
0.9999999
0.9999999
1.0
0.99999964
0.9999993
0.99877447
1.0
1.0
1.0
1.0
0.99999964
1.0
0.999964
1.0
0.99999976
1.0
1.0
1.0
0.99999714
1.0
1.0
0.9999995
0.9999994
1.0
0.9999999
0.9999999
1.0
1.0
1.0
1.0
0.9999989
0.99999976
1.0
1.0
0.9999999
1.0
1.0
1.0
1.0
1.0
0.9999999
1.0
0.9999999
1.0
1.0
0.9999993
0.9999927
1.0
1.0
1.0
1.0
0.9999995
0.9996247
1.0
1.0
1.0
1.0
1.0
1.0
0.9999993
1.0
1.0
0.9999993
0.99999666
1.0
0.9999995
1.0
0.9999995
1.0
1.0
1.0
1.0
0.99996006
1.0
0.9999994
1.0
0.99999595
0.99999976
0.99999976
0.9999974
0.9999982
0.99809986
1.0
1.0
1.0
1.0
1.0
0.999949
1.0
0.9999995
1.0
0.99999964
1.0
0.9999994
0.99999976
1.0
1.0
1.0
1.0
0.9999994
1.0
0.9999988
1.0
1.0
1.0
1.0
1.0
1.0
1.0
1.0
1.0
1.0
0.9999931
0.9999913
1.0
1.0
1.0
1.0
1.0
1.0
1.0
1.0
1.0
1.0
1.0
1.0
0.9996669
1.0
1.0
0.9999999
1.0
1.0
1.0
1.0
0.999997
1.0
1.0
1.0
1.0
1.0
1.0
0.9999999
1.0
1.0
0.9999999
0.9999995
0.9999999
0.9999999
0.99999774
1.0
1.0
1.0
1.0
1.0
1.0
1.0
1.0
1.0
0.9999932
0.9999993
1.0
1.0
1.0
0.99999857
1.0
1.0
0.9999999
1.0
1.0
1.0
1.0
1.0
0.9999999
1.0
1.0
1.0
1.0
1.0
0.9999975
0.9999982
0.9999999
1.0
1.0
0.99999976
1.0
1.0
0.9999982
0.99999917
1.0
1.0
0.9999956
1.0
1.0
1.0
0.9999999
1.0
1.0
1.0
1.0
0.9999995
1.0
1.0
1.0
1.0
0.9999963
1.0
1.0
1.0
1.0
0.9999999
1.0
1.0
1.0
1.0
0.99999976
0.99999976
1.0
1.0
1.0
1.0
1.0
1.0
1.0
1.0
1.0
1.0
1.0
0.99999964
1.0
1.0
1.0
1.0
1.0
1.0
1.0
0.9999176
0.9998591
1.0
1.0
0.99999654
0.9999993
0.9999671
0.9999918
0.9999846
1.0
0.999998
0.99999654
1.0
1.0
1.0
0.99999976
1.0
1.0
0.99999917
1.0
0.99999976
0.9999051
1.0
1.0
1.0
1.0
0.99999976
1.0
0.9999999
0.9999969
1.0
1.0
0.99999726
1.0
1.0
1.0
0.9999999
1.0
0.99999976
1.0
1.0
1.0
1.0
1.0
0.9999752
0.99998724
1.0
1.0
1.0
0.9999999
1.0
0.9999999
1.0
0.9999374
1.0
0.9999678
0.99999774
1.0
0.99999964
1.0
1.0
0.9999995
0.999972
1.0
1.0
1.0
1.0
0.9999999
0.9999995
0.99999297
1.0
0.9999995
1.0
0.99999166
0.99999714
1.0
1.0
1.0
0.99999905
1.0
1.0
1.0
1.0
0.99999666
0.9989831
0.9998628
1.0
0.9999994
1.0
1.0
1.0
1.0
0.99999964
1.0
0.9999956
0.9999963
1.0
1.0
0.99999857
1.0
0.99999976
1.0
0.99999976
1.0
1.0
1.0
1.0
1.0
1.0
0.99999714
1.0
0.99923706
0.99997616
0.99999535
0.9952819
0.9999999
0.9999902
0.9985121
1.0
0.99957603
0.9999999
0.9510448
0.9999676
0.9998623
0.99999726
0.99908864
0.9999999
1.0
0.9997011
0.9999994
0.9999999
0.99999595
0.9999217
0.99999917
1.0
0.99999976
1.0
0.9999958
1.0
1.0
1.0
0.9999999
1.0
1.0
1.0
1.0
0.99999917
1.0
0.99999917
0.99999845
1.0
1.0
1.0
0.99999976
1.0
1.0
1.0
1.0
0.999985
0.9999999
1.0
1.0
0.9999995
0.9999969
1.0
0.99999976
0.9999999
1.0
0.999997
0.9999999
0.99999714
0.9991866
0.9999918
1.0
0.9553206
0.99996233
0.99999964
0.9999999
1.0
1.0
0.9999976
0.99999964
1.0
0.99999416
0.9999201
1.0
0.99998736
0.97463256
0.9999852
0.99999917
0.9999716
1.0
0.9999982
0.9999535
0.99999976
1.0
0.99995804
0.99852943
1.0
0.9996544
0.9975598
0.99999964
0.9999993
1.0
1.0
1.0
0.9999274
0.99999964
1.0
1.0
1.0
1.0
1.0
1.0
1.0
1.0
1.0
0.999998
1.0
1.0
1.0
1.0
1.0
1.0
0.99999034
1.0
0.9999989
1.0
1.0
1.0
1.0
1.0
0.9999999
1.0
0.99999964
1.0
0.9997782
1.0
1.0
1.0
1.0
0.9999999
1.0
0.9949058
1.0
1.0
1.0
1.0
1.0
1.0
0.99999905
1.0
0.99999976
1.0
0.9999999
1.0
1.0
0.9998419
0.99999285
1.0
1.0
1.0
0.9996489
0.99889874
1.0
1.0
0.9999988
1.0
1.0
1.0
0.99999845
0.9999993
0.999997
1.0
1.0
0.99999106
0.99999976
1.0
1.0
1.0
0.9999945
1.0
1.0
1.0
1.0
1.0
1.0
1.0
0.99999154
1.0
1.0
0.99999356
0.99999785
0.9999999
0.99999714
1.0
1.0
1.0
1.0
1.0
0.99998665
1.0
0.9999987
0.99999917
1.0
1.0
1.0
1.0
1.0
1.0
1.0
1.0
1.0
1.0
1.0
0.9999975
0.99999905
1.0
1.0
0.9999968
1.0
1.0
1.0
1.0
0.9999993
1.0
1.0
1.0
1.0
1.0
0.9999995
0.9895955
1.0
0.5411623
0.99999964
0.998998
0.9998242
0.9999001
0.99999917
1.0
0.99999654
0.99455124
1.0
0.9999182
1.0
0.99999964
0.99999833
0.9999434
0.99999976
1.0
0.9999871
0.99999356
1.0
0.9997199
1.0
1.0
0.9999751
1.0
0.999998
1.0
0.9999927
1.0
0.9999993
0.99984586
0.99215347
0.9996978
0.67538357
0.99358636
0.9999999
0.9999999
1.0
0.99999964
0.9999999
0.99999607
0.98753136
0.9999908
0.9979285
0.9997564
0.99968994
0.99865294
1.0
0.99999845
0.9988175
1.0
0.9999763
0.9999989
1.0
0.99994123
1.0
1.0
1.0
1.0
1.0
1.0
1.0
0.99999964
1.0
1.0
0.9999914
1.0
0.99567175
1.0
1.0
1.0
1.0
1.0
1.0
1.0
0.99999905
1.0
1.0
0.99999654
1.0
1.0
1.0
0.9999987
1.0
1.0
1.0
1.0
1.0
1.0
0.9999989
0.9999982
1.0
0.9999646
1.0
1.0
0.9999999
1.0
1.0
0.99999964
1.0
1.0
1.0
1.0
0.99999964
0.999998
1.0
1.0
1.0
1.0
1.0
1.0
1.0
1.0
1.0
1.0
1.0
1.0
1.0
1.0
1.0
0.9996871
0.9997669
0.99999917
0.99999857
0.99999833
1.0
0.9999994
1.0
1.0
1.0
1.0
1.0
1.0
0.9999999
1.0
0.999951
0.99999964
0.99999666
1.0
1.0
1.0
1.0
0.9999901
1.0
1.0
1.0
0.9999995
0.9999995
1.0
0.9999974
1.0
1.0
0.99999964
1.0
1.0
1.0
0.9999802
0.9999988
1.0
1.0
1.0
1.0
1.0
1.0
0.99999917
1.0
0.9999988
0.99999833
0.99999964
0.99999607
0.99999964
1.0
0.99999976
1.0
1.0
1.0
1.0
1.0
1.0
1.0
1.0
1.0
0.99942493
0.99999046
0.9999691
0.9910802
1.0
1.0
1.0
0.9999981
1.0
0.9999981
0.9999995
0.99999976
0.9999988
0.9999995
1.0
1.0
0.99981266
0.99999976
1.0
0.9999889
1.0
1.0
0.9999989
1.0
0.9999999
0.9999999
1.0
1.0
1.0
1.0
0.98376954
0.9999981
1.0
1.0
0.9999969
0.9998128
0.9999515
1.0
0.99999833
0.9999989
0.99999666
1.0
1.0
0.9999713
0.9997917
0.9998776
0.9999999
1.0
1.0
0.99999964
1.0
1.0
0.99999654
1.0
1.0
1.0
0.99999905
1.0
1.0
1.0
0.9999999
0.99999917
0.99999976
0.9999999
1.0
1.0
1.0
0.99998176
0.8929591
1.0
0.99999917
1.0
0.9990675
0.9438742
0.99999976
0.9999999
0.9999989
0.999585
0.999998
0.99998975
0.9999958
0.9999999
0.9144771
0.9949077
0.99999905
1.0
1.0
0.99999976
1.0
0.9999201
0.99999964
0.9999881
1.0
1.0
1.0
1.0
0.99999976
1.0
1.0
1.0
0.9999999
1.0
1.0
1.0
0.9999999
1.0
0.9999988
0.9999999
0.99999964
0.99999726
0.9999999
1.0
1.0
0.9999999
0.9999999
0.9999968
0.99999964
0.99999774
1.0
1.0
1.0
1.0
1.0
1.0
1.0
1.0
1.0
1.0
1.0
0.9999993
0.9999999
0.9999571
0.99996376
0.9915769
0.9999999
0.99999976
1.0
1.0
0.9999982
0.7990256
0.99981076
1.0
1.0
1.0
1.0
0.9999957
0.9999813
0.9999999
0.9999981
1.0
1.0
1.0
1.0
0.9999993
0.9999989
1.0
1.0
1.0
1.0
0.99999976
1.0
1.0
1.0
0.9941128
1.0
0.58411473
1.0
0.9999975
1.0
1.0
1.0
0.99999964
1.0
1.0
1.0
0.99999964
1.0
1.0
1.0
0.99999976
0.9999989
1.0
0.9999969
0.99994946
1.0
0.9999999
1.0
1.0
0.99999595
1.0
1.0
1.0
1.0
0.9999999
1.0
1.0
0.9999995
1.0
0.9999999
0.9999999
1.0
1.0
1.0
1.0
1.0
1.0
1.0
1.0
1.0
1.0
1.0
1.0
1.0
1.0
1.0
1.0
0.9999131
1.0
1.0
1.0
1.0
1.0
0.99999964
1.0
1.0
1.0
0.999979
1.0
1.0
0.9999999
1.0
1.0
0.9999999
0.9999999
1.0
1.0
1.0
1.0
1.0
1.0
1.0
1.0
1.0
0.9999999
1.0
0.99999976
1.0
0.9999995
0.9999832
0.99999905
0.9999583
1.0
0.99998033
1.0
0.9999206
0.9999949
1.0
1.0
1.0
0.99999666
0.9999813
0.9998412
1.0
0.99997306
1.0
0.99999964
0.9948409
0.99998045
0.99999917
0.9999999
0.9999999
1.0
0.9999993
1.0
1.0
1.0
0.99816966
0.98831546
0.99998474
0.9999651
0.9998228
0.9999999
0.99998176
0.9999989
0.58720416
1.0
0.99999976
1.0
1.0
1.0
1.0
0.9999989
1.0
1.0
1.0
1.0
0.99999845
0.99999964
0.99998796
0.9999993
1.0
1.0
0.9999999
1.0
1.0
1.0
1.0
1.0
1.0
1.0
1.0
1.0
1.0
1.0
0.9999999
0.9999999
1.0
1.0
1.0
1.0
1.0
1.0
1.0
1.0
1.0
1.0
1.0
1.0
1.0
1.0
1.0
1.0
1.0
1.0
1.0
1.0
1.0
1.0
1.0
1.0
1.0
0.9980563
1.0
1.0
1.0
1.0
1.0
0.99999964
1.0
1.0
0.99999666
1.0
1.0
1.0
1.0
1.0
1.0
0.9999999
1.0
0.99999726
1.0
1.0
1.0
1.0
0.9999989
1.0
1.0
1.0
1.0
1.0
1.0
1.0
0.99999726
1.0
0.99999976
1.0
1.0
1.0
1.0
1.0
0.9999995
1.0
1.0
1.0
1.0
1.0
1.0
1.0
1.0
1.0
0.9999999
0.9999999
1.0
1.0
0.99999964
1.0
1.0
0.9999999
1.0
1.0
1.0
1.0
1.0
1.0
1.0
1.0
1.0
0.9999999
1.0
1.0
0.99999475
1.0
1.0
1.0
1.0
1.0
1.0
1.0
1.0
1.0
1.0
1.0
0.99999976
0.99999976
1.0
1.0
1.0
1.0
1.0
1.0
1.0
1.0
1.0
1.0
1.0
1.0
1.0
0.9999999
1.0
1.0
1.0
1.0
1.0
1.0
1.0
1.0
1.0
0.99999964
0.99999976
1.0
1.0
1.0
1.0
1.0
1.0
1.0
1.0
0.99999845
1.0
1.0
1.0
1.0
0.9999993
1.0
1.0
1.0
1.0
1.0
1.0
1.0
1.0
1.0
0.99999917
1.0
0.9999987
1.0
1.0
1.0
1.0
1.0
1.0
1.0
1.0
1.0
1.0
1.0
1.0
1.0
1.0
1.0
1.0
1.0
1.0
0.99999523
1.0
0.99998915
1.0
1.0
1.0
0.9999933
1.0
0.9999999
1.0
1.0
1.0
1.0
1.0
0.9999999
1.0
1.0
1.0
1.0
1.0
1.0
1.0
1.0
1.0
1.0
1.0
1.0
1.0
1.0
1.0
1.0
0.99999964
1.0
1.0
1.0
1.0
1.0
1.0
1.0
1.0
1.0
1.0
1.0
1.0
1.0
0.999995
0.9999994
1.0
0.9999999
1.0
0.99999917
1.0
1.0
1.0
1.0
1.0
1.0
1.0
1.0
1.0
1.0
1.0
1.0
1.0
1.0
1.0
1.0
1.0
1.0
1.0
1.0
0.99999785
1.0
0.99999964
1.0
1.0
1.0
1.0
1.0
0.9999999
1.0
1.0
1.0
0.99999976
1.0
1.0
1.0
1.0
1.0
1.0
1.0
0.9999999
1.0
0.9999999
1.0
1.0
1.0
1.0
1.0
1.0
1.0
1.0
1.0
0.9999994
1.0
1.0
1.0
1.0
1.0
1.0
0.9999989
1.0
1.0
1.0
1.0
1.0
1.0
1.0
1.0
1.0
1.0
1.0
1.0
0.99999964
1.0
1.0
1.0
1.0
1.0
1.0
1.0
1.0
1.0
1.0
1.0
1.0
1.0
1.0
1.0
1.0
1.0
1.0
1.0
1.0
1.0
1.0
0.99988914
1.0
1.0
1.0
1.0
0.99999857
1.0
0.99993527
1.0
1.0
0.9999999
1.0
1.0
1.0
1.0
1.0
1.0
1.0
0.9999995
1.0
1.0
1.0
0.99999976
0.99999964
0.9999789
1.0
0.99999976
1.0
1.0
1.0
1.0
0.99999845
1.0
1.0
1.0
1.0
1.0
1.0
1.0
0.9999999
1.0
1.0
1.0
1.0
0.9999999
1.0
1.0
1.0
0.9999999
0.9999993
1.0
0.9999999
1.0
1.0
1.0
1.0
0.99999976
1.0
1.0
1.0
0.99999976
1.0
0.99999046
1.0
1.0
1.0
1.0
1.0
1.0
1.0
1.0
1.0
1.0
1.0
0.9999994
1.0
1.0
1.0
1.0
1.0
1.0
0.99999964
1.0
1.0
1.0
0.99999774
1.0
1.0
1.0
1.0
1.0
1.0
0.9999939
1.0
1.0
1.0
1.0
0.99999964
0.99999917
1.0
1.0
1.0
0.99999726
1.0
0.99999964
1.0
0.9999999
1.0
1.0
1.0
1.0
1.0
0.99999976
0.99999964
1.0
1.0
0.9999937
1.0
1.0
1.0
1.0
1.0
0.9999995
0.99999833
0.9999995
1.0
1.0
0.9905247
0.9999473
1.0
0.9999764
1.0
0.9999901
0.9790658
0.9997807
0.99998903
0.99998546
0.9958456
1.0
1.0
1.0
1.0
0.9995921
0.99995565
0.999998
1.0
0.9999969
1.0
0.9999993
1.0
0.99999964
1.0
1.0
1.0
0.9999925
0.9999999
0.9999987
0.9999927
0.9999994
1.0
1.0
0.99999714
0.99999917
0.99999535
0.99999905
1.0
1.0
0.99999976
0.99999464
0.9847112
1.0
1.0
0.9999999
1.0
1.0
0.99999595
0.99999845
1.0
1.0
0.99999726
0.999998
1.0
1.0
1.0
1.0
1.0
1.0
0.99976
1.0
0.93066275
1.0
1.0
1.0
1.0
1.0
1.0
1.0
0.9999982
1.0
0.9999958
0.9999999
1.0
1.0
1.0
1.0
0.9999999
1.0
0.99999976
1.0
1.0
0.9999999
0.9999995
0.99999964
1.0
1.0
1.0
1.0
1.0
1.0
1.0
1.0
0.9999974
1.0
1.0
1.0
1.0
1.0
1.0
0.99999535
1.0
0.9999932
0.9999999
1.0
1.0
1.0
0.9999975
1.0
1.0
1.0
1.0
1.0
0.99997985
1.0
1.0
1.0
0.99998987
1.0
1.0
1.0
1.0
1.0
1.0
1.0
1.0
1.0
1.0
1.0
1.0
0.9999999
0.99999964
0.9999995
1.0
0.9999974
1.0
0.9999968
1.0
0.99999976
0.9999999
1.0
1.0
1.0
0.99999654
1.0
0.99999857
1.0
1.0
0.99993885
1.0
1.0
1.0
1.0
0.9999999
1.0
0.9999968
1.0
1.0
0.9999962
0.9999999
0.9999858
1.0
0.99999976
1.0
1.0
1.0
1.0
1.0
1.0
1.0
1.0
1.0
1.0
1.0
1.0
1.0
0.9999999
1.0
0.99999726
1.0
1.0
0.99999976
1.0
1.0
1.0
1.0
1.0
1.0
1.0
1.0
0.9999999
1.0
1.0
1.0
0.9999999
1.0
0.99999976
1.0
0.9999999
0.9999999
0.9999993
1.0
1.0
1.0
0.99998987
0.9999988
0.99999845
1.0
0.999995
1.0
1.0
1.0
0.99999976
1.0
1.0
0.99992716
1.0
1.0
1.0
1.0
1.0
1.0
1.0
0.9999999
1.0
1.0
0.9999999
1.0
1.0
1.0
1.0
0.9999999
1.0
1.0
0.99999976
0.99999607
1.0
1.0
0.9999993
0.99999976
1.0
1.0
0.99976856
0.9999995
1.0
0.999995
1.0
0.99999976
0.99999976
0.99996686
1.0
1.0
1.0
1.0
1.0
1.0
1.0
1.0
1.0
1.0
1.0
1.0
0.9999999
1.0
1.0
1.0
1.0
1.0
1.0
1.0
0.9993844
1.0
1.0
1.0
1.0
1.0
1.0
1.0
1.0
1.0
1.0
1.0
1.0
0.99999964
1.0
1.0
0.99999964
1.0
1.0
1.0
1.0
1.0
1.0
0.99999976
1.0
1.0
1.0
1.0
1.0
1.0
1.0
1.0
1.0
1.0
1.0
1.0
0.99999964
1.0
1.0
0.9999999
1.0
1.0
1.0
1.0
1.0
1.0
1.0
1.0
1.0
1.0
1.0
0.9999962
1.0
1.0
1.0
1.0
1.0
1.0
1.0
1.0
1.0
1.0
0.9999882
1.0
1.0
1.0
0.99999356
1.0
1.0
1.0
1.0
1.0
1.0
1.0
1.0
1.0
1.0
0.99999964
1.0
1.0
1.0
1.0
1.0
1.0
1.0
1.0
1.0
1.0
1.0
0.9999993
1.0
1.0
0.99999976
1.0
0.9999995
0.9999943
0.9999999
0.9999994
1.0
1.0
1.0
1.0
0.99830735
1.0
1.0
0.99999976
1.0
0.9999999
0.99999857
1.0
1.0
0.99999976
0.99999905
0.9999999
1.0
1.0
1.0
1.0
0.99999976
1.0
0.99999034
1.0
1.0
1.0
1.0
1.0
1.0
0.9999999
0.99999976
1.0
1.0
0.99999833
1.0
0.9999927
1.0
1.0
0.9999999
1.0
1.0
0.99999964
1.0
0.9982487
0.9939091
0.9999654
1.0
0.99992776
0.9999969
1.0
1.0
1.0
1.0
1.0
1.0
0.9999994
1.0
1.0
0.9999993
1.0
1.0
1.0
1.0
1.0
0.99999917
1.0
1.0
1.0
0.99993587
1.0
0.99999964
1.0
1.0
1.0
1.0
1.0
0.9999999
1.0
0.9999776
1.0
0.99999917
1.0
1.0
1.0
1.0
0.9999919
0.9999999
0.9999999
0.9999999
0.9999981
1.0
1.0
1.0
1.0
1.0
1.0
1.0
1.0
1.0
0.99999976
0.99994266
1.0
1.0
1.0
0.99999833
0.99999964
1.0
0.99999917
0.9999993
1.0
0.9999994
1.0
0.99999905
0.9999968
0.9999914
1.0
0.99999905
0.9999974
1.0
0.9997805
1.0
0.99999964
0.9999825
1.0
0.99999976
1.0
1.0
0.98217636
1.0
0.99999964
0.99997246
1.0
0.99999917
1.0
0.999998
0.9999999
1.0
0.99999666
1.0
0.9997037
1.0
1.0
1.0
0.9999999
0.99999535
1.0
1.0
1.0
0.99999917
0.99999964
1.0
1.0
0.963514
0.9999999
1.0
1.0
0.99961144
0.99999785
1.0
1.0
0.9997503
0.9999838
0.99420905
1.0
0.99999976
1.0
0.99999857
1.0
0.9999685
1.0
1.0
0.9999995
0.9999994
1.0
0.9999999
0.99999917
0.99999964
1.0
0.9999994
1.0
1.0
1.0
0.99999547
1.0
0.9999962
1.0
1.0
1.0
0.9999999
0.9999995
1.0
0.9999908
1.0
0.99997115
1.0
1.0
1.0
1.0
0.99991786
0.99999964
1.0
1.0
0.9999958
1.0
1.0
1.0
1.0
0.9999993
0.99999976
0.7495867
1.0
1.0
1.0
0.9999999
1.0
1.0
0.99967
1.0
0.99998546
1.0
1.0
0.99991107
1.0
1.0
1.0
1.0
1.0
1.0
1.0
0.99998355
1.0
1.0
1.0
1.0
0.9998764
0.9890708
0.9999999
0.9999999
1.0
0.9999305
0.9999999
1.0
0.49870554
0.9999994
0.9995358
0.9999949
1.0
0.9999782
0.9999999
0.9001588
1.0
1.0
1.0
1.0
0.9999988
0.9999989
0.9900857
1.0
0.9885315
0.999438
0.58312786
0.9999988
1.0
0.999974
0.62525874
0.99850595
0.99999964
0.99941206
1.0
1.0
1.0
0.99999917
0.9999999
0.99999976
0.99980325
0.99660563
1.0
1.0
1.0
0.99999917
0.9999833
0.9999995
1.0
0.9985239
1.0
0.99999523
0.99979395
0.99997675
0.9999988
1.0
1.0
0.9996636
1.0
1.0
0.9999933
1.0
1.0
1.0
0.9999964
0.9999765
0.9999789
0.54736495
1.0
1.0
0.99999964
0.99999297
0.9999999
1.0
0.9999982
0.9996792
0.9999994
0.99999964
1.0
0.99998724
0.87035865
0.9978126
0.9999274
0.99999976
0.999998
1.0
0.67398775
0.99996686
0.9999875
0.9999989
1.0
0.9999945
1.0
1.0
1.0
1.0
1.0
1.0
1.0
1.0
0.9999994
0.999998
0.9956072
1.0
0.99737227
1.0
1.0
0.99999976
0.99999547
0.99999976
1.0
0.99999607
0.99999976
0.99999976
0.99735045
1.0
1.0
0.99980205
0.9999825
0.9999945
1.0
0.9991936
0.99999976
0.99999464
0.9988142
1.0
1.0
0.99999857
0.9999782
0.99994946
1.0
1.0
1.0
0.99999046
0.99999845
0.9999999
1.0
0.99997723
0.99999917
0.9446424
0.9811188
0.9999988
0.9999989
0.99991965
0.9999988
1.0
0.9999963
1.0
0.9999999
0.9999994
0.99998987
0.9999993
1.0
0.9999995
1.0
0.99999785
0.43208176
1.0
0.93808
0.9999994
1.0
0.99999976
0.9999999
1.0
0.9999999
0.99999547
0.9999994
0.9964765
1.0
0.9999964
0.99934286
1.0
0.9999999
1.0
1.0
1.0
0.99999976
0.9999999
1.0
1.0
0.77027386
0.9829723
1.0
0.9999975
0.9999999
1.0
0.9999999
0.9999999
0.9999397
1.0
0.99999976
0.9999999
1.0
1.0
0.99999964
1.0
0.999967
0.99999523
1.0
0.8046618
1.0
1.0
1.0
0.99999404
0.9999964
1.0
0.9999999
0.9999995
0.9999987
1.0
1.0
1.0
1.0
1.0
0.99999964
1.0
0.99997437
0.9999721
1.0
0.9999896
0.9999844
0.99999976
0.9999999
1.0
0.99999976
0.9999974
0.99999976
0.8476929
0.9999628
1.0
1.0
0.9999999
0.9999999
0.99999917
0.9999982
0.99293935
0.9999999
0.99999297
0.7809812
1.0
1.0
1.0
1.0
0.9998698
0.9999268
1.0
0.99954814
1.0
1.0
1.0
0.99999404
1.0
0.9999993
0.99999976
1.0
0.99992096
1.0
1.0
0.9999999
1.0
1.0
1.0
0.9993906
1.0
0.9999994
1.0
0.99999964
0.99553263
0.99999726
1.0
1.0
0.9994962
0.999997
0.9999906
0.99995613
1.0
0.9992409
1.0
0.999899
0.9984383
0.9999999
0.9976209
0.9999999
1.0
0.9999999
1.0
1.0
0.9999999
1.0
1.0
0.9999974
0.9999957
0.9963586
0.9996055
0.9987068
1.0
1.0
1.0
1.0
1.0
0.9999999
0.9999883
1.0
1.0
0.9999752
1.0
0.9999981
0.99999976
1.0
1.0
0.9998834
1.0
1.0
1.0
1.0
1.0
1.0
1.0
1.0
0.99999964
1.0
1.0
1.0
0.99999845
1.0
0.9999982
1.0
0.9999963
0.99999285
0.99999523
1.0
1.0
1.0
0.9999999
0.9999999
1.0
0.99999833
1.0
0.9999999
0.99999785
1.0
1.0
0.99999976
0.99999976
0.9999999
1.0
1.0
1.0
1.0
1.0
0.99999964
0.9999999
0.9999987
0.9999999
1.0
1.0
1.0
0.9999995
0.99997616
0.99999976
1.0
0.9999999
1.0
1.0
0.9999999
1.0
0.99999976
1.0
0.9999695
0.99999833
0.9767695
1.0
0.9999981
0.99999297
1.0
1.0
1.0
1.0
1.0
1.0
0.9999995
0.99998486
1.0
1.0
1.0
1.0
1.0
1.0
