0.9999999
0.9999999
1.0
1.0
0.99999976
1.0
0.9999833
0.99999976
0.9991067
0.99999905
1.0
1.0
0.99999976
1.0
1.0
0.9999999
1.0
0.99999917
0.97005737
1.0
1.0
0.99999976
1.0
1.0
1.0
1.0
0.9999999
1.0
1.0
1.0
1.0
0.99999726
1.0
0.99957484
1.0
1.0
1.0
1.0
0.9999908
1.0
1.0
0.99999356
0.99999166
0.99999
0.9999628
1.0
0.999997
1.0
0.9999976
1.0
1.0
1.0
1.0
1.0
0.9999994
1.0
1.0
1.0
0.9999999
0.99999857
0.99999857
1.0
0.9992874
0.9999989
1.0
0.9999999
0.9999995
0.99999964
1.0
1.0
0.9999987
1.0
1.0
0.99999976
0.9999999
1.0
1.0
1.0
0.9999981
0.9999994
0.9999968
1.0
1.0
1.0
1.0
1.0
0.9999987
0.99999607
1.0
1.0
1.0
1.0
0.9997594
0.99998784
1.0
0.99999785
0.99698764
0.99999285
1.0
1.0
1.0
1.0
1.0
1.0
0.9999956
1.0
1.0
1.0
1.0
1.0
1.0
0.9999672
1.0
1.0
1.0
0.9938361
0.9999994
1.0
0.9999999
0.99997985
1.0
0.99998116
0.99999976
1.0
0.9998908
0.9999782
1.0
1.0
1.0
1.0
1.0
1.0
1.0
0.9999999
1.0
1.0
1.0
1.0
1.0
0.9999833
1.0
1.0
1.0
1.0
1.0
0.9999999
1.0
1.0
1.0
0.9999968
1.0
0.97373813
1.0
1.0
0.9999999
1.0
1.0
1.0
0.9998964
0.9999999
0.9997104
1.0
1.0
1.0
1.0
1.0
1.0
0.99995756
1.0
1.0
1.0
0.9999546
1.0
0.99999964
1.0
0.9987601
1.0
0.9999999
1.0
1.0
1.0
1.0
1.0
1.0
0.99992836
1.0
1.0
0.9999999
1.0
0.99999726
0.99999774
0.9999597
1.0
0.9995504
1.0
0.99934334
1.0
1.0
0.99999714
0.9999374
1.0
1.0
1.0
0.99999976
1.0
1.0
0.99999785
1.0
1.0
0.9996119
1.0
0.9999126
1.0
1.0
0.9999995
1.0
1.0
0.9995161
1.0
1.0
1.0
0.9998311
1.0
1.0
1.0
1.0
0.9999994
1.0
1.0
0.9999919
0.99999726
1.0
0.9999999
0.9999999
0.9999999
0.99999976
1.0
1.0
1.0
1.0
1.0
0.9998983
0.9999933
0.9998306
0.9999893
0.9999944
1.0
0.923181
0.9999999
0.9999999
0.99997663
0.9999975
1.0
1.0
1.0
0.9999993
0.99999416
0.9999994
0.99999976
0.66422284
1.0
1.0
1.0
0.9999994
0.99990356
1.0
0.9970387
1.0
0.99998534
1.0
0.99999404
1.0
0.9999999
1.0
0.9999999
0.9999999
1.0
1.0
1.0
1.0
1.0
1.0
0.99956185
1.0
0.99999964
1.0
0.99999905
0.9999931
1.0
0.99999976
0.9988815
0.9999993
0.9999492
1.0
1.0
1.0
1.0
0.9999926
0.99999976
1.0
0.99999964
0.99999976
1.0
1.0
1.0
1.0
1.0
1.0
1.0
1.0
1.0
0.99999964
1.0
0.999982
1.0
1.0
0.9999993
0.9999975
0.9999939
1.0
0.99358577
0.9974043
0.99999416
1.0
0.9995421
0.9999994
0.81357324
1.0
1.0
1.0
1.0
1.0
1.0
1.0
1.0
1.0
0.9998683
0.99937797
1.0
0.99998
0.94296956
0.9999988
1.0
0.9999999
0.9999999
1.0
1.0
0.9999999
1.0
1.0
0.99999666
1.0
1.0
1.0
1.0
0.9999993
1.0
1.0
0.9818318
0.9697715
0.99999404
1.0
0.9999912
0.99995613
1.0
1.0
0.99989796
1.0
0.9999964
1.0
0.99999964
1.0
0.9999999
1.0
1.0
1.0
0.99999857
1.0
1.0
1.0
0.9999999
0.92274
1.0
1.0
1.0
1.0
0.9999969
1.0
1.0
0.9999982
0.99999964
0.99999857
1.0
1.0
0.9999989
0.9999999
1.0
0.9999999
0.9999999
0.99999976
0.99937433
1.0
1.0
0.9999999
0.9976787
1.0
1.0
1.0
1.0
0.9999999
1.0
0.99992645
0.9998938
0.9999999
0.99999917
0.99982613
1.0
0.99702007
1.0
1.0
0.99999976
0.99999917
0.9999993
1.0
1.0
1.0
1.0
1.0
1.0
1.0
1.0
0.9999492
0.9999889
1.0
1.0
0.99938226
1.0
0.9999999
0.9999989
0.9999999
1.0
0.9999999
0.9999999
0.99999976
0.99856085
0.94153976
0.9999993
0.82943493
0.99992967
0.82702696
0.9988096
1.0
0.99999785
1.0
0.99999833
1.0
0.99999833
0.99998474
1.0
1.0
0.999956
1.0
0.99998415
1.0
0.9999168
0.99999964
1.0
1.0
0.9999999
0.99999964
1.0
1.0
1.0
1.0
0.9999999
0.9999999
1.0
1.0
0.9999846
0.99991536
1.0
1.0
0.9999989
1.0
1.0
1.0
1.0
0.9999994
1.0
1.0
0.9999987
0.99999976
0.99999964
1.0
1.0
0.5794763
1.0
0.99828076
0.9999993
0.9999999
1.0
1.0
1.0
1.0
0.99999964
1.0
1.0
0.999998
0.9999975
1.0
1.0
0.9999995
1.0
1.0
1.0
0.99999976
1.0
1.0
1.0
0.99999917
1.0
0.9999999
0.9999969
0.99999917
1.0
1.0
0.99999905
1.0
0.9999777
1.0
0.9999629
0.99999964
0.99999964
1.0
0.9999999
1.0
0.99999404
1.0
1.0
1.0
1.0
1.0
0.9999335
0.955227
1.0
1.0
1.0
0.99999833
0.9999999
0.99999976
0.9999989
0.9972601
0.99922514
0.9999999
1.0
1.0
1.0
0.9999951
1.0
0.9999993
1.0
0.9999994
1.0
1.0
1.0
1.0
1.0
1.0
1.0
0.9999995
1.0
0.99342656
0.99999976
1.0
1.0
0.9999999
1.0
1.0
0.9999999
1.0
1.0
0.99999785
0.992331
0.5779106
0.99999976
1.0
1.0
1.0
1.0
1.0
1.0
0.8687604
1.0
0.9999981
0.9999999
0.9999999
1.0
0.9999782
1.0
0.9999999
1.0
1.0
1.0
0.9999918
1.0
0.99999964
1.0
1.0
1.0
1.0
0.9999999
0.9999995
1.0
0.99999547
1.0
1.0
0.9999999
1.0
0.9999963
0.79090625
1.0
1.0
1.0
1.0
0.999995
0.99132544
1.0
1.0
1.0
0.99997187
1.0
1.0
1.0
1.0
1.0
0.99953854
1.0
0.9999912
1.0
0.9999995
0.99999857
1.0
0.9999938
1.0
1.0
0.9999958
0.8243155
1.0
1.0
0.9999987
0.9999999
1.0
1.0
1.0
1.0
0.9999994
1.0
1.0
0.99992037
0.74387866
1.0
0.9999957
1.0
1.0
1.0
1.0
0.9999994
0.99999475
1.0
1.0
0.9999999
0.9999989
1.0
0.99999833
0.9964619
1.0
1.0
1.0
0.9999999
0.99999976
1.0
0.99999976
1.0
0.9999994
0.9071946
0.9999987
1.0
1.0
0.9999993
0.9997863
1.0
0.99970716
0.9999999
1.0
1.0
1.0
1.0
1.0
0.999998
0.9999999
0.9999964
1.0
0.9999999
1.0
1.0
1.0
1.0
0.9999912
0.9999993
1.0
1.0
1.0
0.9999976
1.0
1.0
0.9999995
0.99340373
0.9674895
1.0
0.9999995
0.9994473
1.0
1.0
0.9996393
1.0
1.0
0.9985447
1.0
0.9999969
1.0
0.99999666
1.0
1.0
0.9999999
0.9999999
1.0
0.9999877
0.9999957
0.999992
1.0
0.9907026
0.99999976
1.0
1.0
1.0
1.0
0.99995816
1.0
0.99999964
1.0
1.0
1.0
1.0
1.0
1.0
1.0
1.0
1.0
1.0
1.0
0.99970955
0.99999607
0.99999475
1.0
1.0
1.0
1.0
1.0
1.0
1.0
1.0
1.0
1.0
1.0
1.0
1.0
1.0
1.0
1.0
1.0
0.9996594
0.99995697
1.0
1.0
0.9999999
1.0
0.99958175
0.9999999
1.0
0.9965115
0.9999999
0.99998605
1.0
1.0
1.0
0.9999982
1.0
0.9999869
1.0
1.0
0.99997795
0.9999999
1.0
1.0
0.99998856
1.0
1.0
1.0
1.0
1.0
0.9999887
1.0
1.0
0.9998802
1.0
1.0
0.9999988
0.9999999
1.0
1.0
1.0
1.0
0.9999994
0.9999975
1.0
1.0
1.0
1.0
1.0
0.99999845
1.0
1.0
1.0
0.99992776
0.99999964
1.0
1.0
0.9999999
1.0
0.99946755
1.0
1.0
0.9999968
1.0
0.93371546
0.9999995
0.9928007
1.0
1.0
1.0
1.0
1.0
1.0
1.0
0.9999999
1.0
0.9999995
1.0
1.0
0.9999987
1.0
1.0
1.0
0.9999999
1.0
1.0
0.99999845
1.0
1.0
1.0
0.99999094
1.0
0.99999404
1.0
0.9999999
0.99999976
1.0
0.9999981
0.99999964
1.0
1.0
0.99621177
0.9773423
0.88650906
1.0
0.9999951
1.0
1.0
0.99999976
1.0
0.99999547
1.0
1.0
1.0
1.0
0.9986167
0.99999845
1.0
0.99999464
1.0
0.9999273
0.99999964
0.99934894
0.9999813
1.0
1.0
0.99999607
1.0
1.0
0.9999347
1.0
1.0
1.0
0.99999976
1.0
0.9999999
0.99997556
0.9999999
0.9999994
0.9999999
1.0
1.0
0.99999976
1.0
0.9824012
1.0
0.999967
1.0
0.9999999
1.0
0.99999845
0.9999999
0.9999999
1.0
1.0
1.0
0.99811685
1.0
0.54982233
0.9978999
0.9999982
1.0
0.9999999
0.99999964
0.99999964
1.0
0.9999989
0.99141836
1.0
0.9999988
0.99999917
0.9999987
0.9999993
1.0
1.0
0.9999993
0.99428236
0.9999994
0.97713906
1.0
0.9999981
1.0
0.9999957
0.9999999
1.0
0.99122065
0.99999976
1.0
1.0
0.9999064
1.0
0.9999999
1.0
1.0
1.0
1.0
0.99999976
0.9999999
1.0
0.99999964
1.0
1.0
0.99992573
1.0
1.0
1.0
1.0
1.0
1.0
1.0
1.0
0.99999976
0.9999994
1.0
0.99999535
0.99995434
1.0
1.0
1.0
0.9999962
1.0
1.0
0.99999714
1.0
0.99999845
1.0
0.99995244
0.9999995
0.99999976
1.0
0.999997
1.0
0.99997246
1.0
0.99985313
0.9999989
1.0
0.99999964
1.0
1.0
1.0
0.99997175
0.9999685
1.0
0.9999989
1.0
0.99998486
1.0
0.99999964
1.0
1.0
1.0
0.9999833
0.9805797
1.0
1.0
1.0
1.0
1.0
0.8660933
1.0
1.0
0.9999989
0.9999999
0.9999976
0.99506855
1.0
0.9999999
1.0
1.0
0.99999905
0.999941
1.0
1.0
0.9999999
1.0
0.9999994
0.9999993
1.0
0.99999845
1.0
0.99999845
0.9997701
1.0
1.0
1.0
1.0
1.0
0.9999709
0.99999785
1.0
1.0
0.9750665
0.9999999
1.0
1.0
1.0
0.9999982
1.0
1.0
1.0
0.99990153
0.9999999
1.0
1.0
1.0
0.99999976
1.0
0.9999999
1.0
0.99999917
1.0
1.0
1.0
0.9999999
0.9999999
0.9999999
1.0
0.9999995
1.0
0.9999999
0.99988115
1.0
0.9999994
1.0
1.0
1.0
0.9931738
0.99999976
1.0
0.99999976
1.0
0.9571453
1.0
0.9977373
1.0
1.0
1.0
0.99999344
0.9999982
1.0
0.9999505
0.999997
1.0
0.99999964
0.9999999
0.9999999
1.0
0.9943216
1.0
0.999998
1.0
1.0
0.99999976
1.0
1.0
1.0
1.0
0.9999391
1.0
1.0
0.99999964
1.0
0.9999994
1.0
0.99996865
1.0
0.99993396
1.0
0.99999964
0.9999993
0.9999999
0.99999976
0.99999213
1.0
1.0
0.9999951
0.9999999
1.0
1.0
1.0
0.99999964
1.0
1.0
0.99964476
1.0
0.9999633
1.0
1.0
0.9999839
1.0
1.0
1.0
0.9999999
1.0
1.0
1.0
1.0
0.99998796
1.0
0.99999976
0.9989858
0.5269132
1.0
0.9999963
0.9999999
1.0
1.0
1.0
1.0
1.0
0.99937004
0.9936492
1.0
0.9999999
0.9999999
1.0
1.0
0.99999106
0.99999976
1.0
1.0
0.9998455
1.0
0.99974173
1.0
0.9999243
1.0
1.0
0.99999654
1.0
1.0
0.99999976
1.0
1.0
1.0
0.999861
0.9999981
1.0
0.99999964
1.0
0.9999999
1.0
0.9999999
0.99953115
1.0
0.9372008
0.9999999
0.9999721
1.0
1.0
0.9999999
0.9974963
1.0
0.9999863
1.0
1.0
0.99999964
1.0
0.9999722
1.0
0.9999999
0.822
0.99999833
0.99999666
1.0
0.999995
0.89619863
0.9977865
1.0
1.0
0.99998677
0.9999993
0.9999987
1.0
1.0
0.99990296
1.0
1.0
0.99999905
0.8877111
1.0
0.99999976
0.9975286
0.9999925
1.0
0.99999964
1.0
1.0
1.0
0.9999995
1.0
0.99993086
0.9999373
0.99999976
1.0
0.9999999
1.0
1.0
0.99995553
1.0
1.0
0.99993324
1.0
1.0
1.0
0.9999999
0.9999993
0.9999974
0.99983346
0.98724335
0.9999999
0.99998987
1.0
1.0
1.0
0.9999858
1.0
1.0
0.99873763
1.0
0.99999547
0.99999905
0.99999833
1.0
1.0
1.0
0.9999999
0.99999964
1.0
0.9999957
1.0
0.99999917
1.0
1.0
0.99999094
1.0
1.0
0.9999994
0.5263648
1.0
0.9999999
1.0
1.0
0.99999976
0.9999995
0.9990307
1.0
0.98695844
1.0
0.999951
0.9999956
1.0
1.0
0.99999964
0.9999943
0.9999982
0.98447025
1.0
0.99999774
1.0
1.0
1.0
1.0
0.9999945
0.9999993
1.0
0.9999827
0.9999999
0.99998677
1.0
1.0
0.99999666
1.0
0.99999917
0.9999993
0.9999908
0.99999976
1.0
1.0
1.0
1.0
1.0
1.0
0.98529935
0.99998355
1.0
1.0
1.0
0.99999964
1.0
1.0
1.0
1.0
1.0
1.0
1.0
0.9995813
0.99996483
1.0
1.0
1.0
1.0
0.99999
1.0
0.9999281
1.0
1.0
1.0
1.0
1.0
0.99996436
1.0
0.76295084
0.9982134
0.9999753
1.0
0.9999738
0.99999785
1.0
1.0
1.0
0.9999652
0.9999931
0.99999976
1.0
0.99999976
1.0
0.9999999
0.99999976
1.0
0.9999999
1.0
0.9999999
0.72859305
0.9601823
1.0
0.9999999
1.0
0.99999976
1.0
1.0
1.0
0.9999267
1.0
0.99987686
1.0
0.99983644
0.9999982
0.99946576
1.0
1.0
1.0
0.999997
1.0
0.99994683
0.99998057
0.99999535
0.9966794
0.9999987
0.99953187
0.9999256
1.0
1.0
0.99958044
1.0
1.0
0.99999976
1.0
1.0
1.0
1.0
1.0
0.99920183
0.99999964
1.0
1.0
1.0
0.9999999
0.9995197
1.0
1.0
0.9999988
1.0
0.9999974
0.99999225
1.0
0.99999964
1.0
0.9999547
1.0
1.0
0.99999976
1.0
1.0
0.99999976
1.0
1.0
1.0
1.0
1.0
1.0
0.99997497
0.9999999
1.0
1.0
1.0
1.0
0.9999999
0.9999999
1.0
1.0
0.99987006
1.0
0.9999733
1.0
0.9999889
1.0
1.0
0.9999999
0.9992078
1.0
0.99999595
1.0
1.0
0.99999475
1.0
0.99999845
0.9999957
0.9998869
0.99999976
0.9999999
0.9999999
1.0
1.0
1.0
0.99975127
1.0
0.99999714
1.0
0.9988833
1.0
0.9393291
0.9996536
1.0
1.0
1.0
0.80309343
1.0
1.0
0.9723468
0.99991715
1.0
0.9999999
1.0
0.9999999
1.0
1.0
1.0
1.0
1.0
1.0
1.0
0.99997723
1.0
1.0
1.0
0.9999894
1.0
0.91040665
1.0
0.9999174
1.0
0.6118106
0.9968658
1.0
1.0
1.0
0.99999225
0.9992872
1.0
1.0
0.9999987
1.0
0.9999999
1.0
0.999931
1.0
1.0
0.9985154
0.9973683
1.0
1.0
1.0
1.0
1.0
0.9999995
1.0
1.0
0.9999982
1.0
0.999803
1.0
0.9999989
0.99999917
1.0
1.0
0.9999883
1.0
1.0
0.9999999
1.0
0.99999857
1.0
0.9999994
0.99998236
1.0
1.0
1.0
1.0
0.97438735
0.99999106
1.0
0.9999999
1.0
1.0
1.0
0.9996526
1.0
0.99994814
1.0
0.8569204
0.99999964
1.0
0.99970955
1.0
1.0
0.9999999
0.99998593
1.0
0.99999976
0.84591115
1.0
1.0
0.9999974
1.0
0.9999567
0.9999999
0.9999989
1.0
1.0
0.99999714
1.0
1.0
0.9997775
1.0
1.0
0.99999857
0.99999976
1.0
0.9999999
0.88888806
1.0
1.0
1.0
1.0
1.0
1.0
0.99999964
0.9999989
1.0
1.0
1.0
1.0
0.9992811
1.0
0.9999999
1.0
1.0
1.0
0.9999999
1.0
1.0
1.0
1.0
0.9999999
1.0
0.9999894
1.0
1.0
0.9999994
0.99967897
1.0
0.99994266
1.0
1.0
0.99993396
1.0
0.9943733
1.0
1.0
0.96116036
0.9994832
1.0
1.0
1.0
0.9895755
0.99999964
1.0
0.99997294
0.9999987
0.9998636
1.0
1.0
0.99999857
0.9999976
0.9999939
0.99999964
1.0
1.0
1.0
0.9999676
0.9999622
1.0
1.0
1.0
0.9999976
0.99999034
1.0
0.95830595
0.99999917
0.9999999
1.0
1.0
0.9999999
1.0
0.9999435
0.62950534
0.99953973
1.0
1.0
0.9987596
0.99870574
1.0
1.0
0.9999995
1.0
1.0
1.0
0.9999999
0.9999747
1.0
0.9999995
1.0
1.0
1.0
1.0
0.90348804
1.0
1.0
1.0
0.9999999
1.0
1.0
1.0
1.0
0.9999994
1.0
0.9998779
1.0
1.0
0.99999106
1.0
1.0
0.9124577
0.99999976
1.0
0.9999999
0.99999905
0.999998
0.9999994
1.0
0.99999905
0.9999988
1.0
0.99999964
1.0
0.9999994
1.0
0.99999976
1.0
0.99999905
0.9938643
0.99999297
0.9999931
1.0
0.99999964
1.0
1.0
1.0
1.0
0.99999964
0.99981743
0.9999999
1.0
0.99995744
1.0
1.0
0.9999999
0.9999995
0.5059399
1.0
0.99999976
0.99999964
1.0
1.0
1.0
0.9999982
0.9999988
0.9999999
0.99765956
0.99999774
1.0
1.0
1.0
1.0
0.99999976
1.0
0.9999461
0.99369365
1.0
0.99999106
1.0
0.9999037
0.9999999
1.0
0.9999999
1.0
1.0
0.9999988
1.0
1.0
0.99895966
0.99999976
1.0
0.9999999
0.99999964
1.0
0.9985049
0.9999995
1.0
0.9999999
1.0
1.0
1.0
1.0
1.0
0.9999999
0.9999999
0.99999905
1.0
1.0
1.0
0.99998736
0.99999976
1.0
1.0
0.99991214
1.0
1.0
0.9999913
0.9999839
1.0
0.99999917
1.0
0.9999999
0.9999994
0.99999785
1.0
1.0
1.0
0.99999976
1.0
1.0
1.0
0.9995578
1.0
1.0
0.9996202
0.99999905
1.0
0.9995127
1.0
1.0
0.9999995
1.0
1.0
1.0
0.9713936
1.0
0.9996941
1.0
0.99999905
0.9983046
1.0
1.0
1.0
1.0
0.99999654
0.999998
1.0
1.0
1.0
1.0
0.9999999
0.9999994
0.9999999
1.0
0.9999827
0.99892443
0.99999154
0.9715096
1.0
0.9744709
0.99999976
1.0
1.0
1.0
1.0
0.9998542
0.99999976
0.9997718
1.0
0.9999995
1.0
1.0
1.0
1.0
1.0
1.0
0.99999964
1.0
1.0
1.0
0.99941826
1.0
0.9999987
0.9999999
1.0
0.9999162
1.0
1.0
1.0
1.0
1.0
0.99999464
1.0
1.0
0.9999944
0.9999995
1.0
0.99999726
1.0
0.99999976
0.9999908
1.0
1.0
0.99999917
0.9999999
0.99999845
0.9999994
1.0
0.99998224
1.0
0.99999297
0.99754816
0.9983444
1.0
1.0
1.0
1.0
1.0
1.0
0.9999453
1.0
0.99999905
1.0
1.0
0.99991584
0.9999906
0.99999976
1.0
1.0
0.9999999
1.0
1.0
0.9999945
1.0
0.99999964
1.0
1.0
0.9999999
0.99641967
1.0
0.9540481
1.0
1.0
0.99998343
0.9999441
0.9999634
1.0
1.0
1.0
0.99999785
0.9999975
1.0
0.99999905
1.0
0.99998784
0.9999994
1.0
0.99999833
1.0
1.0
0.9999995
1.0
0.99999976
1.0
1.0
0.9999999
0.99999976
1.0
1.0
1.0
0.9999999
1.0
0.9999403
1.0
0.9575285
1.0
1.0
1.0
1.0
0.99999917
0.99574125
0.9997218
1.0
1.0
0.99999964
0.9999999
1.0
1.0
1.0
0.9999993
1.0
0.76005834
0.99999964
0.9999989
1.0
1.0
0.9958702
1.0
1.0
0.99953854
0.99968064
0.9999912
1.0
0.99999297
0.99942905
0.9999999
1.0
1.0
0.99999106
0.90022135
1.0
0.99999785
1.0
0.9999994
0.9993999
1.0
0.9999995
1.0
1.0
0.99656963
1.0
0.99999976
1.0
0.99999976
0.9999944
1.0
0.85928345
0.9999919
1.0
1.0
0.99999917
1.0
1.0
1.0
1.0
1.0
1.0
1.0
1.0
1.0
0.99822813
1.0
1.0
1.0
1.0
0.9999976
0.99992406
0.9999962
1.0
0.7744031
0.9999999
0.99999976
1.0
1.0
0.9471829
0.999982
1.0
0.9999999
1.0
1.0
0.9999995
0.99999976
1.0
0.7052035
1.0
0.7783916
1.0
1.0
1.0
0.99999845
1.0
0.9999949
0.9999596
1.0
0.8612845
1.0
1.0
1.0
1.0
0.9999994
1.0
0.9999964
1.0
1.0
1.0
0.72074515
0.99991524
0.9999809
1.0
0.9999999
1.0
0.92111254
0.99999714
1.0
0.9999982
1.0
1.0
1.0
1.0
0.99999976
0.9999999
1.0
1.0
0.9999999
0.9919801
0.9999999
0.9999988
0.99999964
1.0
0.9999975
1.0
1.0
1.0
0.9999999
0.99999607
0.9999999
1.0
0.99986756
0.99999976
1.0
1.0
1.0
0.99996686
1.0
0.99996686
0.9999664
1.0
1.0
1.0
1.0
0.9996202
1.0
1.0
0.9999999
1.0
0.9999981
1.0
1.0
0.78275824
0.99999976
1.0
0.97719884
0.9885549
1.0
0.999997
0.99954164
1.0
1.0
1.0
0.99999964
1.0
0.99988425
1.0
0.9999927
0.99998486
1.0
0.9999844
1.0
1.0
1.0
0.99999964
1.0
1.0
1.0
0.9999999
1.0
1.0
1.0
0.99999595
1.0
1.0
0.9974954
0.9999988
1.0
0.9999994
1.0
1.0
1.0
0.99998426
1.0
0.9999857
0.990112
1.0
1.0
1.0
1.0
1.0
1.0
0.9999993
1.0
1.0
1.0
1.0
0.99988186
1.0
1.0
1.0
1.0
0.9999999
0.9999999
1.0
1.0
1.0
1.0
1.0
1.0
1.0
0.9999999
0.99999976
0.99999976
1.0
1.0
1.0
0.9999999
0.99999905
0.9999999
1.0
1.0
1.0
1.0
0.9999999
1.0
0.99612445
1.0
0.9999999
0.99999976
1.0
1.0
0.99673444
1.0
1.0
1.0
0.99999595
1.0
0.99999714
0.9999999
0.9158478
1.0
1.0
1.0
0.9999999
1.0
0.9999994
1.0
0.9999963
1.0
1.0
1.0
0.9999919
0.92299515
1.0
1.0
0.9999697
1.0
0.99998295
0.9999944
0.9999685
1.0
0.9999993
1.0
1.0
1.0
1.0
0.9999994
0.9870882
0.9999999
1.0
0.9999999
1.0
1.0
0.99958724
1.0
1.0
1.0
0.99998593
1.0
0.99999416
1.0
1.0
1.0
0.9999999
1.0
0.99996734
0.99999964
1.0
0.96873605
1.0
0.9999994
0.99999905
0.9999999
1.0
1.0
1.0
1.0
0.99999285
0.99999964
1.0
0.99999964
0.9999994
0.99794704
0.9999999
1.0
1.0
1.0
1.0
1.0
1.0
0.9998373
1.0
1.0
1.0
1.0
1.0
1.0
0.9999474
1.0
1.0
1.0
1.0
0.9999995
0.9999999
0.9999995
1.0
1.0
1.0
0.9752059
0.9999951
0.9999651
1.0
1.0
1.0
1.0
1.0
0.99996793
0.9999635
1.0
0.94896525
1.0
0.9999968
1.0
1.0
1.0
0.9999807
0.9965515
0.9999999
1.0
1.0
1.0
0.9999994
0.9999944
0.9999994
0.9999331
0.9999927
1.0
0.9999858
1.0
1.0
1.0
1.0
0.9999999
0.99999857
0.99999404
0.98974854
0.99999976
0.9999931
1.0
1.0
1.0
0.99999964
1.0
0.8874793
0.9999937
1.0
0.9996068
1.0
1.0
1.0
0.9999999
0.9972153
1.0
1.0
0.99998987
0.9999832
1.0
1.0
1.0
1.0
1.0
1.0
0.9996196
0.99999976
1.0
1.0
0.9994778
0.9999999
1.0
1.0
0.9999666
1.0
1.0
0.9999999
1.0
1.0
0.75057656
0.99999535
0.9999963
0.9999982
1.0
1.0
1.0
0.9028646
0.99997675
1.0
0.9996904
1.0
0.99997866
0.9999995
1.0
0.9999331
0.99999964
0.9999975
1.0
1.0
1.0
1.0
1.0
0.9999995
1.0
1.0
0.9999999
0.9999999
1.0
0.99999964
0.9999999
0.9999949
1.0
0.998326
0.9999994
0.9999995
1.0
0.99999523
1.0
1.0
1.0
0.732976
0.9999962
0.9999981
1.0
1.0
1.0
1.0
1.0
0.99999976
1.0
1.0
1.0
1.0
1.0
1.0
1.0
0.99999833
1.0
1.0
0.9999975
1.0
1.0
1.0
1.0
0.9999912
0.9999999
0.98639166
1.0
0.99988747
1.0
1.0
1.0
1.0
0.99999964
0.9999999
0.9999199
1.0
0.99999976
0.99997866
0.9999995
0.9997353
1.0
0.9999999
1.0
0.99996436
0.9999726
0.50445116
0.99999976
1.0
1.0
1.0
1.0
0.99999905
1.0
0.9999999
0.9999987
1.0
1.0
1.0
1.0
0.9999865
1.0
1.0
0.99994767
1.0
1.0
1.0
1.0
0.99999654
1.0
1.0
0.99999917
0.9998863
1.0
1.0
1.0
0.9999995
1.0
1.0
0.99999964
1.0
0.9999894
1.0
0.9999988
1.0
0.9999486
1.0
1.0
1.0
0.9999993
0.99983513
1.0
1.0
0.99999905
0.9996681
1.0
1.0
1.0
1.0
1.0
1.0
0.99989235
1.0
1.0
1.0
0.99999976
0.99999976
1.0
0.9999627
0.99014854
0.9999999
0.9999999
1.0
1.0
0.999998
0.9999993
1.0
1.0
1.0
0.9984199
1.0
0.99999666
0.99998724
0.9999999
0.99999726
1.0
1.0
1.0
1.0
0.9999995
0.9741211
1.0
0.99999976
1.0
1.0
0.9999999
0.99999905
0.9999969
1.0
1.0
1.0
0.9999945
0.9994832
0.99428034
1.0
1.0
1.0
0.99986565
0.9999989
0.9999999
1.0
1.0
1.0
0.9999789
0.99999607
1.0
1.0
0.99999535
1.0
1.0
0.99868435
1.0
1.0
0.99999905
0.9999999
1.0
0.9996511
1.0
1.0
1.0
0.9999999
0.999931
1.0
1.0
1.0
1.0
1.0
0.9999993
1.0
1.0
0.99986696
1.0
0.9999988
0.9999162
0.999997
0.99999976
1.0
1.0
1.0
1.0
0.99252784
1.0
0.99999976
1.0
1.0
0.99999297
0.9999962
1.0
0.99996245
1.0
1.0
0.99999976
1.0
1.0
1.0
1.0
1.0
0.9997987
1.0
1.0
1.0
1.0
0.9999994
1.0
1.0
0.9999962
0.99999964
0.99993396
1.0
1.0
0.99999976
0.9999999
1.0
1.0
1.0
0.9993728
1.0
1.0
1.0
1.0
0.99999726
1.0
0.99016047
0.99999917
1.0
1.0
0.9999999
1.0
1.0
1.0
1.0
1.0
0.9992101
0.999998
0.9999993
1.0
1.0
0.9999999
0.9999988
1.0
1.0
1.0
0.99999964
1.0
0.95034784
0.9999963
1.0
1.0
1.0
1.0
1.0
0.9999957
0.9999993
0.99999964
1.0
0.9999999
0.99992776
1.0
0.9999932
1.0
0.9959131
1.0
0.99993217
0.99999475
1.0
1.0
1.0
1.0
1.0
1.0
1.0
0.9999995
0.9696632
0.9048939
1.0
1.0
1.0
0.9999999
1.0
0.9999995
0.9754739
1.0
0.99600023
0.9999995
0.9999981
1.0
1.0
1.0
1.0
1.0
1.0
1.0
1.0
1.0
1.0
0.99999833
1.0
1.0
1.0
1.0
1.0
0.9999999
1.0
0.9999993
0.99999905
0.9999527
1.0
0.9999994
1.0
1.0
0.99999976
1.0
0.9999964
0.9999989
0.99999845
1.0
0.99999774
0.99999976
1.0
1.0
0.999977
1.0
1.0
0.99999905
0.9999999
0.99805045
1.0
0.99999475
1.0
0.9999975
0.99993515
0.99999917
0.99999905
0.99999976
1.0
0.9999999
0.9999994
1.0
0.9929315
1.0
1.0
1.0
1.0
1.0
1.0
0.99999154
1.0
1.0
1.0
0.9999467
1.0
1.0
0.9999993
0.9998641
1.0
0.9999999
0.99999964
1.0
1.0
1.0
0.9999683
1.0
0.9937703
1.0
0.99999607
0.9990113
0.99999964
1.0
1.0
1.0
1.0
1.0
1.0
1.0
0.9999995
1.0
1.0
0.9999989
0.9999963
0.9999976
1.0
1.0
1.0
1.0
0.99999964
0.9999999
1.0
1.0
1.0
1.0
1.0
1.0
1.0
0.9999982
1.0
1.0
0.999511
1.0
0.9999784
1.0
0.99999905
1.0
0.99999964
0.9999988
0.99999225
1.0
1.0
0.99999976
0.9999987
0.999998
1.0
1.0
0.999754
1.0
1.0
0.99999964
1.0
0.9999733
0.99997115
1.0
1.0
0.9999999
0.9999995
0.947152
1.0
1.0
0.9999968
0.9994879
0.99999964
0.97524816
1.0
0.9999764
0.9977337
0.9999999
1.0
0.9999999
1.0
1.0
0.99999976
1.0
0.99827063
0.99265903
0.9998883
0.99999976
1.0
1.0
1.0
0.999967
0.9999999
1.0
1.0
1.0
1.0
1.0
0.6019559
0.6744479
1.0
1.0
0.99999917
1.0
1.0
0.9999912
1.0
0.999992
1.0
1.0
0.9999999
1.0
0.99999356
1.0
0.99999774
1.0
0.99994826
1.0
0.99998677
1.0
1.0
0.9999895
0.99998903
0.9999999
1.0
0.9998815
1.0
0.9999999
1.0
1.0
1.0
0.9999999
0.9999995
1.0
1.0
1.0
0.99982685
0.9999976
1.0
1.0
1.0
0.7405691
1.0
1.0
1.0
1.0
0.99999833
0.9999993
1.0
0.99999976
0.9999722
0.99960214
1.0
1.0
1.0
1.0
1.0
0.9999999
0.99049324
1.0
1.0
1.0
1.0
1.0
1.0
0.9999999
1.0
0.9999263
0.99999857
0.99989235
1.0
1.0
0.9999982
1.0
1.0
0.99999964
0.9436118
1.0
1.0
0.99999857
1.0
1.0
1.0
1.0
0.9999999
0.99999976
0.9999988
1.0
1.0
1.0
1.0
1.0
1.0
1.0
1.0
1.0
1.0
1.0
1.0
1.0
1.0
1.0
0.99999976
1.0
1.0
0.99958163
0.8023593
1.0
0.998089
1.0
1.0
1.0
1.0
0.9999999
1.0
0.99998236
0.99999905
1.0
1.0
0.5995379
1.0
1.0
1.0
1.0
0.9998474
1.0
1.0
1.0
1.0
1.0
1.0
0.9999999
0.9999993
1.0
0.9999999
0.9999999
1.0
0.9999982
0.9999999
1.0
1.0
1.0
1.0
1.0
0.9999994
1.0
0.9999933
0.99999976
0.9999831
0.99999654
0.99999976
1.0
0.99999976
0.9999993
0.9642933
0.9998996
0.99999785
0.99999976
0.9999989
1.0
0.99960667
0.9999945
1.0
0.9999982
1.0
1.0
1.0
0.9999989
0.9998821
1.0
0.9999994
1.0
1.0
1.0
1.0
0.9998907
0.99997234
1.0
0.9995447
0.9999577
0.99997604
1.0
0.9999999
1.0
0.99998367
1.0
1.0
1.0
0.9999999
0.99999964
1.0
1.0
0.9999993
1.0
1.0
1.0
1.0
1.0
0.9999999
0.99999833
1.0
1.0
1.0
0.99997926
1.0
1.0
0.9999956
0.9999999
0.9999999
1.0
1.0
1.0
0.9999813
1.0
1.0
1.0
1.0
1.0
0.9990996
0.9999579
1.0
0.9999995
0.99999726
1.0
0.99999917
1.0
1.0
0.9999999
1.0
1.0
0.99997437
0.9999993
1.0
1.0
1.0
0.99929035
1.0
1.0
0.99999976
0.9999988
1.0
1.0
0.99999166
1.0
1.0
1.0
1.0
1.0
0.9999982
1.0
1.0
0.99995446
0.9999716
1.0
1.0
1.0
1.0
1.0
1.0
0.999892
1.0
1.0
1.0
1.0
0.9995084
0.99999976
1.0
1.0
0.9999956
1.0
1.0
0.79983586
1.0
1.0
0.9999999
0.9999994
1.0
1.0
0.9999999
0.99999905
1.0
0.99958664
0.9997757
0.99999976
0.99998975
0.9997925
0.99999976
1.0
1.0
1.0
1.0
1.0
0.9999964
1.0
1.0
1.0
0.97825235
0.9995115
0.99999917
1.0
0.99997663
1.0
1.0
1.0
1.0
0.99999976
0.9999987
0.9999988
0.99999976
0.9985177
1.0
1.0
0.9999912
0.999997
1.0
0.9999838
1.0
1.0
1.0
0.99999976
1.0
1.0
1.0
0.99999976
1.0
1.0
0.99989605
1.0
1.0
1.0
0.9999999
1.0
1.0
0.99999976
0.9945294
0.66001654
0.9999999
0.9999988
0.9999995
1.0
0.9999999
0.99999964
1.0
1.0
1.0
1.0
0.99999976
1.0
0.9999999
0.999982
1.0
1.0
1.0
1.0
0.9999999
0.9999999
1.0
1.0
0.9999999
1.0
1.0
1.0
0.9997296
0.99997175
0.9999981
0.9999927
1.0
1.0
0.9999999
0.9999958
0.9999999
1.0
0.9999801
1.0
0.9999994
0.9999126
0.99857736
0.9999999
1.0
0.99999654
1.0
1.0
0.9984388
0.9908408
1.0
1.0
1.0
1.0
0.9943679
0.99982303
0.9999546
0.9999999
1.0
0.9999881
1.0
1.0
0.9999999
1.0
0.9999994
0.99999964
1.0
1.0
0.99999905
1.0
0.9999999
0.9999999
0.9999999
0.9998746
1.0
1.0
0.9999993
0.99999857
1.0
0.99999917
1.0
0.99988794
1.0
1.0
1.0
0.9999944
1.0
1.0
0.99999976
0.9999347
1.0
1.0
1.0
1.0
1.0
1.0
0.9086445
1.0
1.0
0.9999999
0.9979188
1.0
0.99999964
1.0
0.9999999
1.0
0.9998684
1.0
1.0
1.0
0.9999999
1.0
1.0
1.0
0.9999999
0.9999999
1.0
0.9999999
0.9999999
1.0
1.0
1.0
0.9999205
0.9999757
0.9999999
1.0
1.0
1.0
0.99999976
1.0
0.9999732
1.0
0.99999976
1.0
0.99709725
1.0
1.0
0.99999774
0.9999988
0.9999999
1.0
0.9999782
0.9999957
1.0
0.99999976
1.0
1.0
1.0
1.0
1.0
1.0
1.0
1.0
0.99996936
0.99999976
1.0
1.0
1.0
1.0
0.9999949
0.99987054
1.0
0.9999987
0.9561122
1.0
0.9999893
1.0
1.0
1.0
0.9996182
1.0
0.9999999
0.9999993
1.0
1.0
1.0
0.9999658
0.999998
1.0
1.0
0.99999976
1.0
1.0
1.0
1.0
0.99999964
0.99960107
0.99972266
1.0
0.9999995
0.9999999
1.0
1.0
1.0
1.0
0.9999999
1.0
1.0
1.0
1.0
0.9999987
0.99999726
0.9999988
0.9999912
0.9999974
1.0
0.9999994
0.9999969
1.0
0.9999999
0.9999708
1.0
1.0
1.0
1.0
0.994705
1.0
1.0
0.9999938
1.0
1.0
0.9999963
1.0
0.99728024
1.0
1.0
1.0
1.0
0.99999976
1.0
1.0
0.99999976
0.99961555
0.9999999
0.999998
1.0
0.9999999
0.9999945
1.0
1.0
1.0
0.99991
0.999992
1.0
1.0
0.9998041
0.51894695
0.9999999
0.9999893
1.0
1.0
0.9999999
0.9999999
0.9999924
1.0
1.0
1.0
1.0
1.0
0.99999964
1.0
1.0
0.9999199
1.0
1.0
1.0
1.0
0.9999125
1.0
0.9999962
0.9053867
0.99469227
1.0
0.99999976
1.0
0.99999905
1.0
0.9999995
0.99999976
0.99990475
1.0
1.0
1.0
0.9999943
1.0
0.99999964
0.9993193
0.99999857
0.9999994
1.0
1.0
1.0
0.99870527
1.0
0.99999917
0.9999999
1.0
0.9999925
1.0
1.0
1.0
0.9999423
1.0
0.99995506
0.9999999
1.0
0.9999999
1.0
0.9999865
0.99964654
0.99995434
0.7118918
0.99995935
0.9999267
1.0
1.0
0.9999968
1.0
1.0
0.99999964
1.0
1.0
1.0
1.0
1.0
1.0
1.0
0.999997
1.0
1.0
0.99990666
1.0
0.99999976
1.0
1.0
0.9999999
1.0
1.0
0.9925834
1.0
1.0
0.99992085
1.0
1.0
0.9999981
1.0
0.9999999
0.99999416
0.99999833
1.0
1.0
0.9999999
1.0
1.0
1.0
1.0
1.0
1.0
0.99999726
0.99999964
1.0
1.0
1.0
0.9999999
1.0
0.9999528
1.0
0.9999999
1.0
1.0
0.9996699
1.0
1.0
1.0
0.99952674
1.0
0.9999981
1.0
1.0
1.0
1.0
0.9999908
1.0
1.0
0.9999932
1.0
1.0
1.0
1.0
1.0
1.0
1.0
0.99999964
0.9981091
1.0
0.9999999
1.0
1.0
1.0
1.0
0.9999887
1.0
0.9999962
1.0
1.0
1.0
0.9999924
1.0
1.0
1.0
1.0
1.0
1.0
1.0
0.99018747
0.9999987
1.0
1.0
1.0
1.0
1.0
1.0
0.9999999
1.0
1.0
1.0
1.0
1.0
0.99999833
1.0
0.9450031
1.0
0.9999981
0.9999467
1.0
0.9999995
0.99999607
0.99999976
0.9784424
0.7829488
0.9999838
0.9999536
0.9702978
1.0
1.0
1.0
1.0
1.0
0.9999994
1.0
0.9999871
0.99998605
0.9999994
1.0
0.9987576
1.0
1.0
1.0
1.0
0.99999976
0.9999995
0.9997743
1.0
0.9976584
1.0
1.0
0.9999995
0.99999046
0.9999987
0.9999989
1.0
1.0
1.0
1.0
0.99376136
0.999998
1.0
0.9999993
0.9870942
0.9417874
0.9999999
1.0
1.0
1.0
0.9999994
1.0
1.0
1.0
0.999987
1.0
0.5978717
1.0
0.99098516
1.0
0.99999535
0.99999976
1.0
0.999977
0.9999994
0.999998
1.0
0.9999989
0.9999932
0.99999714
1.0
0.99999964
0.99617815
0.9999999
0.9994487
1.0
1.0
0.99998105
1.0
0.9999769
1.0
1.0
0.9999999
1.0
0.99971384
1.0
0.5996893
1.0
0.9999851
0.98631984
1.0
1.0
1.0
1.0
1.0
0.9999794
0.999778
1.0
0.9999999
0.99940026
1.0
1.0
1.0
0.9999999
1.0
1.0
1.0
1.0
1.0
0.9999943
1.0
0.9999927
1.0
1.0
0.99998367
1.0
0.99888915
0.9999999
0.99999857
1.0
1.0
1.0
1.0
1.0
0.9999329
1.0
0.9999999
1.0
0.9702665
1.0
0.9999999
0.76687026
0.99999917
1.0
0.99988246
1.0
1.0
0.9998586
1.0
1.0
0.9998863
1.0
1.0
1.0
1.0
0.99999976
1.0
0.9999335
1.0
0.9999356
1.0
1.0
1.0
1.0
0.9999995
1.0
0.99996567
0.9999994
0.9999993
0.9999999
1.0
1.0
1.0
0.99999976
1.0
1.0
1.0
1.0
1.0
1.0
1.0
0.98690885
1.0
1.0
1.0
0.9999994
1.0
1.0
0.9999999
1.0
0.9999795
1.0
0.9999999
1.0
0.9320423
1.0
1.0
0.99999833
1.0
1.0
1.0
0.99998367
1.0
1.0
1.0
1.0
1.0
1.0
1.0
1.0
1.0
1.0
0.99999964
0.9999999
0.99830085
1.0
1.0
1.0
1.0
1.0
1.0
1.0
1.0
0.9999999
1.0
1.0
0.99999785
0.9973225
0.9999933
0.5998454
0.99999774
0.9953484
1.0
1.0
0.9999943
1.0
0.99999964
1.0
0.99999595
0.9994043
0.9999999
1.0
0.99999845
1.0
1.0
1.0
1.0
1.0
1.0
0.9999999
0.9992343
1.0
1.0
0.9999999
1.0
1.0
0.8564537
0.9999796
0.99999964
0.9999968
1.0
1.0
1.0
1.0
0.9997845
0.9999993
1.0
1.0
1.0
1.0
1.0
0.9999999
0.9999994
0.9997216
0.9999434
0.99999917
0.9999937
0.9999945
1.0
1.0
0.9999999
0.9999999
1.0
0.9328836
0.99999964
0.99989367
1.0
1.0
0.99999857
0.99999607
0.99999976
1.0
1.0
0.9999999
1.0
0.91524255
1.0
1.0
1.0
0.99999976
0.9999982
0.9999994
1.0
0.99979335
1.0
0.92467266
0.99724245
1.0
1.0
1.0
0.9999807
1.0
1.0
1.0
1.0
0.96835625
0.99999976
0.999948
0.9998375
1.0
1.0
1.0
1.0
1.0
1.0
0.99998164
0.99999964
1.0
1.0
1.0
1.0
1.0
0.9999341
1.0
1.0
0.99999845
1.0
1.0
1.0
1.0
0.999998
0.9999938
1.0
1.0
0.999997
1.0
1.0
0.9999989
0.9999999
0.9999987
1.0
0.9820357
1.0
0.9997292
1.0
1.0
0.9999999
1.0
1.0
0.9999685
1.0
1.0
0.9999995
0.9632775
1.0
0.99999905
0.8705605
1.0
1.0
1.0
0.9999999
1.0
0.9999999
1.0
0.99998534
1.0
0.99999475
1.0
0.9999999
1.0
0.9999999
0.999969
1.0
0.99999964
1.0
1.0
0.99999976
1.0
0.99999523
1.0
0.999729
1.0
1.0
1.0
1.0
0.9999999
1.0
1.0
1.0
0.9998124
0.99999964
0.9999989
0.9999944
1.0
0.99999845
0.9999753
1.0
0.99999964
0.9999999
1.0
1.0
0.9999937
0.99999964
0.9999994
0.9994142
1.0
0.9999993
1.0
1.0
0.9999999
1.0
1.0
0.9999975
1.0
0.9999999
0.99999964
1.0
0.99999833
0.9998017
1.0
0.9999888
0.9999999
1.0
0.9999994
0.99999666
1.0
0.9999262
0.99999964
1.0
0.9999999
0.99999547
1.0
0.99925464
1.0
0.9999696
1.0
0.9999981
0.9999925
1.0
1.0
1.0
0.9992791
1.0
0.99999976
1.0
1.0
1.0
1.0
0.99999976
0.9999808
1.0
1.0
0.9999827
1.0
0.59240246
0.9999932
1.0
1.0
0.9999987
1.0
0.9999999
0.9999993
1.0
0.9999989
1.0
1.0
1.0
1.0
1.0
1.0
0.99993896
0.9999937
0.9999198
1.0
0.9999988
1.0
0.99999964
0.9999385
1.0
0.8029178
1.0
0.9999999
0.9999999
0.93122727
1.0
0.99999547
1.0
1.0
1.0
0.9999809
0.99931014
1.0
1.0
1.0
0.9999988
1.0
1.0
1.0
1.0
0.9999975
1.0
0.9999827
0.9998473
1.0
1.0
1.0
0.9999999
1.0
1.0
1.0
1.0
1.0
1.0
1.0
1.0
0.9999999
0.8950448
0.9999893
1.0
1.0
1.0
1.0
0.999995
1.0
1.0
1.0
0.8600057
1.0
0.9999999
1.0
1.0
1.0
1.0
0.99901545
0.9803373
1.0
1.0
0.9999951
0.9999907
0.9999999
1.0
1.0
1.0
0.959348
0.999984
1.0
0.9999999
0.99992704
1.0
0.99996614
0.9999999
1.0
1.0
1.0
1.0
0.99999416
1.0
1.0
1.0
0.9999981
1.0
1.0
0.95190907
0.9999995
1.0
0.9999976
1.0
0.9699896
0.9999999
0.999998
1.0
0.99999905
0.99999845
0.9999999
1.0
0.9984848
0.9999994
0.9999993
0.9999709
0.99999976
0.9999999
1.0
1.0
1.0
0.99807954
1.0
1.0
0.9999999
1.0
0.9999975
1.0
0.9998272
0.9999994
0.9998956
1.0
0.9999994
1.0
1.0
1.0
0.9999999
1.0
1.0
0.9999999
0.9999999
1.0
1.0
1.0
0.9999974
0.9999999
0.9999999
1.0
1.0
1.0
1.0
1.0
1.0
1.0
0.9999981
1.0
0.9999999
1.0
0.9999994
0.8120675
1.0
1.0
1.0
1.0
0.99999166
0.9988513
1.0
1.0
1.0
0.9999993
0.9999999
1.0
0.99999833
1.0
0.999556
0.9982828
0.9999999
1.0
0.99996865
1.0
1.0
1.0
0.99999547
1.0
0.99850047
1.0
1.0
1.0
1.0
0.99986863
1.0
1.0
0.99998856
1.0
1.0
0.9992675
1.0
0.979114
1.0
0.99920964
0.9999999
0.9999999
0.99999964
1.0
1.0
0.9999999
0.99996686
1.0
0.99993753
1.0
0.99999976
0.9999999
0.9999999
1.0
0.9999887
0.94064814
0.99999416
1.0
0.9998845
1.0
0.9995103
1.0
1.0
0.9999987
1.0
1.0
1.0
1.0
0.99999857
1.0
0.9999999
1.0
1.0
1.0
0.99991906
1.0
0.999995
0.9999999
1.0
0.99999976
0.73064667
1.0
0.99999964
1.0
0.9997464
1.0
1.0
0.99999976
0.9995363
0.9999963
0.99996126
0.9999999
0.9999994
0.99999714
0.9999883
1.0
0.9999999
1.0
0.891785
1.0
1.0
1.0
1.0
1.0
0.9999995
1.0
0.9999958
1.0
1.0
0.9999919
0.99999833
1.0
1.0
0.9999987
0.9999999
0.99999297
1.0
1.0
0.9999976
1.0
1.0
1.0
1.0
1.0
0.99999976
1.0
1.0
1.0
1.0
1.0
1.0
1.0
0.9598095
1.0
0.99999845
0.9999982
1.0
0.999992
0.9999964
1.0
1.0
0.99999976
0.99992883
0.9999949
0.99996805
1.0
0.99999964
1.0
1.0
0.9954945
1.0
1.0
0.9437542
0.99990284
0.9999995
0.99854124
0.99999976
1.0
0.999998
0.9922132
0.9995703
0.9999995
0.996197
1.0
0.9999993
1.0
0.9999076
1.0
0.9999956
0.99999976
1.0
1.0
1.0
1.0
0.99967957
1.0
0.9999881
0.9999999
1.0
1.0
1.0
1.0
1.0
0.9999516
1.0
1.0
1.0
1.0
1.0
0.99998367
1.0
0.747945
1.0
0.999998
1.0
0.99999774
1.0
1.0
0.9999871
1.0
1.0
1.0
0.9988605
0.9999976
1.0
1.0
0.99889356
0.99999845
1.0
1.0
0.99999714
1.0
1.0
0.9999926
1.0
0.99999833
0.99999976
1.0
0.9999993
1.0
1.0
0.9998273
0.9999956
0.99999976
0.9999989
0.99999976
0.68909466
0.99999976
1.0
1.0
0.9676224
1.0
1.0
0.9995177
0.99993896
0.9999999
1.0
1.0
1.0
1.0
0.99999964
0.9999999
1.0
0.9999999
1.0
1.0
1.0
0.99999976
0.9999987
0.999941
1.0
1.0
1.0
0.99999964
1.0
1.0
0.94674283
1.0
1.0
0.999889
1.0
1.0
0.9999995
1.0
0.9999995
1.0
1.0
1.0
1.0
0.99999845
0.5939596
1.0
0.9999987
1.0
0.99993455
0.9982759
1.0
1.0
1.0
1.0
1.0
0.9999999
0.9999999
1.0
1.0
0.9999989
1.0
0.9999993
0.99999976
1.0
0.99967897
1.0
1.0
1.0
0.7804581
0.9999845
1.0
1.0
0.99999
1.0
1.0
1.0
1.0
1.0
1.0
1.0
1.0
1.0
1.0
1.0
0.99999976
0.99996126
1.0
0.9999994
0.9999994
0.9999809
1.0
0.9998653
0.99999976
1.0
0.9999963
1.0
1.0
0.9999994
1.0
1.0
0.9997385
0.99999785
1.0
0.9999964
1.0
1.0
0.9999999
1.0
0.99998
1.0
0.99999046
0.9999999
1.0
1.0
1.0
1.0
1.0
1.0
1.0
0.999912
1.0
0.999998
0.9999969
1.0
0.9999974
0.9999993
1.0
0.9999999
0.89091367
1.0
0.9999995
0.99999845
1.0
1.0
1.0
0.9999999
1.0
1.0
1.0
1.0
1.0
0.99999964
0.99998057
1.0
0.99999976
1.0
1.0
1.0
1.0
0.9999876
1.0
1.0
0.9999908
0.99999154
0.9999982
1.0
1.0
1.0
0.9999975
0.99999976
0.999652
1.0
1.0
1.0
0.99999714
0.9999963
1.0
0.9999715
0.9999914
0.9993026
1.0
1.0
0.9996232
0.9999949
1.0
1.0
0.9999999
1.0
1.0
1.0
0.99975914
1.0
1.0
1.0
0.9999975
1.0
1.0
1.0
0.99999535
0.99999917
0.52232623
1.0
0.99998224
1.0
1.0
1.0
0.99999666
0.9999999
1.0
1.0
1.0
1.0
1.0
1.0
1.0
0.99999976
0.9999994
1.0
1.0
1.0
1.0
1.0
0.9879282
1.0
1.0
1.0
1.0
0.9999913
0.9999902
0.9999999
0.99999845
1.0
1.0
0.99999976
1.0
1.0
1.0
0.999961
1.0
0.9999999
0.99999976
0.9999999
1.0
0.9999999
1.0
1.0
0.92237383
0.99987984
1.0
1.0
1.0
0.99999976
1.0
0.9641748
0.9999926
0.9988544
1.0
1.0
0.9999999
0.9999999
1.0
1.0
0.9937211
1.0
1.0
0.9999279
1.0
0.9999999
0.9999994
1.0
0.99999917
1.0
0.9999995
0.9999944
1.0
0.99999964
0.9993259
0.9648058
0.9999994
0.99999976
0.99999964
0.99999964
1.0
1.0
1.0
0.9999999
0.99999976
1.0
1.0
1.0
1.0
0.99999714
1.0
0.9999945
0.9999993
0.9999907
0.99999785
1.0
1.0
0.6238628
0.9999579
1.0
0.99999976
1.0
1.0
0.9999988
1.0
1.0
1.0
1.0
1.0
1.0
0.99999905
0.457923
1.0
0.99998176
0.99999917
1.0
0.9561755
0.999819
0.9999999
0.9999937
1.0
0.99999964
1.0
0.9825152
0.9999994
0.999967
1.0
0.99886996
1.0
1.0
0.99999964
0.99999833
1.0
1.0
0.9999999
0.9999999
1.0
0.9999988
1.0
1.0
1.0
1.0
1.0
1.0
0.9999583
1.0
0.99999046
0.999998
0.9992636
0.9999999
1.0
0.99999976
0.99998295
1.0
1.0
0.9999957
1.0
1.0
0.9997348
0.9999999
0.9999995
0.9999938
0.99999964
1.0
1.0
1.0
0.99999976
0.9999999
1.0
1.0
1.0
0.99999917
1.0
0.999998
1.0
0.9999994
0.99976164
1.0
1.0
0.99999404
0.9995371
0.9999925
1.0
1.0
1.0
1.0
1.0
0.9999908
0.9999559
0.9999696
1.0
1.0
0.9999999
0.78998744
1.0
1.0
0.99999905
1.0
1.0
1.0
1.0
1.0
1.0
0.99986315
0.9999999
0.9999989
1.0
0.9999994
1.0
1.0
1.0
1.0
1.0
1.0
1.0
0.9926684
0.9999988
1.0
1.0
0.99999905
1.0
0.9999962
0.9999894
1.0
1.0
1.0
0.9999888
0.9995921
1.0
1.0
0.999998
0.99999976
0.99966025
1.0
0.9984664
1.0
1.0
1.0
1.0
1.0
1.0
1.0
1.0
0.9999999
1.0
1.0
0.9999995
1.0
1.0
1.0
1.0
1.0
1.0
1.0
1.0
1.0
1.0
1.0
1.0
0.9999999
1.0
0.9999999
1.0
1.0
1.0
1.0
0.99999964
1.0
1.0
1.0
1.0
1.0
0.9999974
1.0
1.0
0.9999999
1.0
0.9999962
1.0
1.0
1.0
1.0
1.0
0.9998634
1.0
0.9999989
1.0
1.0
0.99999905
1.0
1.0
0.99999976
1.0
1.0
1.0
0.99999976
1.0
1.0
1.0
0.9999964
1.0
0.9999999
1.0
1.0
0.99881613
0.9999969
1.0
1.0
1.0
1.0
1.0
0.99998903
1.0
1.0
0.9999999
0.9999933
1.0
1.0
1.0
1.0
0.9999994
0.9999999
1.0
0.99997365
1.0
1.0
1.0
1.0
1.0
1.0
1.0
0.9999999
1.0
1.0
0.99998903
1.0
1.0
1.0
1.0
1.0
1.0
1.0
0.999992
1.0
1.0
0.9999995
1.0
1.0
1.0
1.0
1.0
0.999956
1.0
1.0
1.0
1.0
1.0
0.99999976
0.9999994
0.9999995
1.0
1.0
0.99999976
1.0
0.89103764
1.0
1.0
1.0
1.0
1.0
1.0
1.0
0.99999976
1.0
1.0
1.0
1.0
0.99683774
1.0
1.0
0.99999833
1.0
1.0
0.9999999
1.0
1.0
1.0
1.0
1.0
0.9999999
1.0
1.0
0.99999857
1.0
1.0
1.0
0.8905765
1.0
1.0
0.99999154
1.0
1.0
0.9953082
1.0
0.9999989
1.0
1.0
1.0
1.0
0.9999995
0.9999999
1.0
0.9999999
0.9999994
0.9999993
1.0
1.0
0.9999994
1.0
1.0
0.9999999
1.0
1.0
1.0
1.0
1.0
1.0
1.0
1.0
1.0
1.0
0.99995804
1.0
1.0
1.0
1.0
0.9927608
0.9999993
0.99799454
1.0
0.99999166
1.0
1.0
1.0
0.9999999
1.0
1.0
0.999998
1.0
1.0
1.0
1.0
1.0
1.0
0.99999976
0.9999999
1.0
0.9999999
0.99997914
1.0
1.0
1.0
1.0
1.0
1.0
0.98626155
1.0
1.0
1.0
1.0
1.0
0.9999999
0.9999999
1.0
1.0
1.0
1.0
0.9999988
1.0
0.99999964
0.99999976
0.9999995
1.0
0.99904066
1.0
1.0
1.0
0.9999031
1.0
1.0
1.0
1.0
1.0
1.0
1.0
1.0
1.0
0.9999993
0.9999877
0.9999999
1.0
1.0
0.9997845
1.0
1.0
0.9999833
1.0
0.99999976
1.0
1.0
1.0
1.0
1.0
1.0
1.0
0.99370736
1.0
1.0
1.0
1.0
0.9999999
1.0
1.0
1.0
1.0
0.99942625
1.0
1.0
1.0
0.9999993
1.0
1.0
1.0
1.0
1.0
0.99999547
1.0
1.0
1.0
1.0
1.0
1.0
1.0
1.0
1.0
1.0
1.0
0.9999999
1.0
1.0
1.0
1.0
1.0
1.0
0.9999999
1.0
1.0
1.0
1.0
1.0
1.0
1.0
1.0
1.0
1.0
1.0
1.0
1.0
0.92564726
1.0
1.0
1.0
0.9999957
1.0
1.0
1.0
1.0
1.0
1.0
1.0
0.9999875
1.0
1.0
1.0
1.0
1.0
1.0
1.0
1.0
1.0
1.0
1.0
1.0
1.0
1.0
1.0
1.0
0.9999796
1.0
1.0
0.9999999
1.0
1.0
1.0
0.9999994
1.0
1.0
1.0
1.0
1.0
1.0
1.0
1.0
1.0
1.0
1.0
0.9998659
0.99999857
1.0
1.0
1.0
1.0
1.0
1.0
1.0
1.0
1.0
1.0
1.0
1.0
1.0
0.99998784
1.0
1.0
1.0
1.0
1.0
1.0
0.9999999
1.0
1.0
1.0
1.0
1.0
0.9999975
1.0
1.0
1.0
1.0
1.0
1.0
1.0
1.0
0.9999987
0.999995
1.0
1.0
1.0
1.0
1.0
1.0
0.9999999
1.0
1.0
1.0
1.0
1.0
1.0
1.0
1.0
1.0
1.0
1.0
1.0
1.0
1.0
1.0
1.0
1.0
1.0
0.9999999
1.0
1.0
1.0
1.0
1.0
0.9999491
0.99993956
1.0
1.0
1.0
1.0
1.0
1.0
0.9963271
1.0
0.9999999
0.9999999
1.0
1.0
1.0
1.0
1.0
1.0
1.0
1.0
1.0
1.0
1.0
1.0
1.0
1.0
1.0
1.0
1.0
1.0
1.0
1.0
1.0
1.0
1.0
1.0
1.0
1.0
1.0
1.0
1.0
1.0
1.0
1.0
1.0
1.0
1.0
1.0
1.0
1.0
0.9999999
1.0
1.0
0.9999999
1.0
0.9999987
1.0
1.0
0.9999989
1.0
1.0
1.0
1.0
1.0
1.0
1.0
1.0
1.0
1.0
1.0
0.99992836
1.0
1.0
0.99983716
0.9999999
1.0
0.9999825
1.0
0.999998
1.0
1.0
1.0
1.0
1.0
1.0
1.0
1.0
0.99999845
1.0
1.0
1.0
1.0
1.0
1.0
1.0
1.0
1.0
0.99999726
0.99992096
0.9999999
1.0
1.0
1.0
1.0
1.0
1.0
1.0
0.9999993
1.0
1.0
0.99999607
0.9999999
0.9999907
1.0
1.0
0.99915123
1.0
1.0
1.0
1.0
0.9999502
1.0
1.0
1.0
0.99914503
1.0
1.0
1.0
0.9999988
0.99999964
1.0
0.99999976
1.0
1.0
0.9997013
1.0
1.0
0.9995004
1.0
1.0
1.0
1.0
1.0
1.0
0.99999964
0.99999607
0.99999917
1.0
0.9999999
1.0
1.0
0.99960107
0.99998987
0.99999976
0.999997
1.0
0.99999845
1.0
0.999998
1.0
1.0
1.0
1.0
1.0
0.999961
0.99999964
0.9999999
1.0
0.99999964
1.0
0.99999976
0.99990475
1.0
1.0
0.99939764
1.0
1.0
0.99995434
0.9999999
1.0
1.0
0.99999964
0.9999969
1.0
1.0
0.88102204
1.0
0.99995875
0.99999976
0.9999974
0.99996805
0.9999999
0.9999174
0.99854183
0.9999422
1.0
1.0
1.0
0.99999845
0.9999354
0.9985476
1.0
1.0
1.0
0.99999976
0.9985268
0.9999995
1.0
0.9999999
1.0
1.0
1.0
0.9999999
1.0
0.9999999
0.99999976
1.0
1.0
0.9999975
1.0
1.0
0.9999999
1.0
1.0
1.0
1.0
1.0
0.99969625
0.99997294
0.999864
1.0
0.99999976
1.0
1.0
0.9999989
1.0
1.0
1.0
1.0
0.9999932
1.0
1.0
0.9999635
1.0
1.0
1.0
1.0
0.99999714
1.0
0.9999974
0.99999976
0.99999976
1.0
1.0
0.9999963
0.99999976
1.0
1.0
1.0
0.99996674
0.99996686
1.0
1.0
1.0
1.0
0.99999976
1.0
1.0
1.0
1.0
0.9999995
0.99982375
1.0
1.0
1.0
1.0
1.0
0.9999982
0.99999666
0.9999989
1.0
1.0
0.99999964
0.99999964
1.0
0.9935895
0.99999464
0.9474896
1.0
1.0
1.0
0.9999933
1.0
0.9999995
0.99999404
1.0
0.9998876
1.0
1.0
1.0
0.5111555
1.0
1.0
0.9996778
1.0
0.9999999
1.0
0.9999999
0.9999999
1.0
1.0
1.0
1.0
1.0
1.0
1.0
1.0
1.0
1.0
0.9999994
0.99999917
0.99999976
1.0
0.99999976
0.99999285
0.9999999
1.0
1.0
1.0
0.99998426
1.0
1.0
1.0
1.0
1.0
0.99999964
1.0
1.0
1.0
1.0
1.0
1.0
1.0
1.0
1.0
1.0
1.0
1.0
1.0
1.0
1.0
0.9999999
0.9999994
0.999997
1.0
1.0
1.0
0.9999999
0.99999964
0.99999976
1.0
1.0
1.0
1.0
1.0
0.9999993
1.0
1.0
1.0
1.0
1.0
0.9999999
0.9999999
1.0
0.99999416
0.9999999
1.0
1.0
0.9999511
0.9977088
1.0
0.9999994
1.0
1.0
1.0
1.0
0.9999976
1.0
1.0
1.0
1.0
0.99999976
0.999998
0.9999999
1.0
1.0
1.0
1.0
1.0
1.0
1.0
1.0
0.9999999
1.0
1.0
1.0
1.0
1.0
1.0
1.0
1.0
1.0
1.0
1.0
1.0
1.0
1.0
1.0
1.0
1.0
1.0
1.0
0.9999999
1.0
1.0
1.0
1.0
1.0
0.99956053
0.9999927
1.0
1.0
1.0
1.0
1.0
1.0
0.99999976
1.0
0.9768803
0.9984811
1.0
0.99998844
1.0
1.0
1.0
1.0
0.9999999
1.0
0.99999964
1.0
1.0
1.0
1.0
1.0
0.99999917
1.0
1.0
0.99999905
1.0
1.0
1.0
1.0
1.0
0.99983203
1.0
1.0
1.0
0.9999993
1.0
0.9999999
1.0
1.0
0.999985
0.9999994
1.0
0.99999166
1.0
0.9999373
1.0
1.0
1.0
1.0
1.0
1.0
0.9999999
0.9999895
0.9999956
0.9926409
0.87291104
0.9999993
0.99878794
1.0
1.0
1.0
0.9999995
0.9999999
1.0
1.0
1.0
1.0
0.99988806
0.9999925
0.99999714
1.0
0.99999964
1.0
0.9776169
1.0
1.0
0.9999999
0.9985353
0.99999964
0.9999397
1.0
0.9999832
1.0
0.99999976
0.9999999
0.9999999
1.0
1.0
0.9999995
0.99999976
0.9999896
0.9998313
1.0
0.99999523
0.9999981
0.9999951
0.9999982
1.0
0.9999989
0.9994629
0.9996383
0.9999883
0.99999774
0.99999666
0.99999964
0.99996567
0.99997354
0.9999995
1.0
0.9999993
0.9998374
1.0
1.0
1.0
0.99999964
0.9969555
0.99998975
0.99998164
0.9998611
0.9999993
0.99999917
1.0
0.99932253
0.999998
0.9999809
0.9997867
0.9999945
0.9999937
0.99999964
0.99994457
0.99999964
1.0
1.0
1.0
1.0
1.0
1.0
0.99999714
0.9999871
1.0
0.99999976
0.9989857
0.9999995
1.0
0.9970837
0.99999106
0.9999993
0.9999995
1.0
0.9999989
1.0
1.0
1.0
0.9961223
1.0
0.99983215
0.9999981
1.0
1.0
1.0
0.9999995
1.0
0.9999999
0.999995
1.0
1.0
0.9999958
0.99999976
0.999912
1.0
1.0
0.99999964
0.99971575
1.0
0.99999917
0.9999999
1.0
0.9998634
0.9999999
1.0
1.0
0.99999976
1.0
0.99864775
1.0
1.0
1.0
1.0
0.99999976
0.9999639
0.99999917
0.999998
1.0
0.99999547
1.0
1.0
1.0
0.99999976
0.999984
0.83556676
0.99999976
0.9999999
1.0
0.9999999
1.0
1.0
1.0
1.0
0.9999994
0.6372659
1.0
0.9999094
1.0
1.0
1.0
1.0
1.0
1.0
1.0
0.99984217
1.0
0.9999999
1.0
1.0
1.0
0.9999975
1.0
0.99999917
1.0
1.0
0.98460627
1.0
1.0
0.99999964
0.99999976
1.0
1.0
1.0
1.0
0.99999917
1.0
1.0
0.999997
1.0
0.99999034
1.0
1.0
1.0
1.0
1.0
1.0
1.0
1.0
1.0
1.0
1.0
1.0
1.0
1.0
1.0
1.0
1.0
1.0
1.0
1.0
0.9999999
1.0
1.0
1.0
0.99999964
1.0
1.0
1.0
1.0
1.0
0.9953584
0.9999999
1.0
1.0
0.99998903
1.0
1.0
1.0
1.0
0.5924316
1.0
0.9999747
1.0
0.9999993
1.0
0.7309075
0.9709037
0.99970585
1.0
1.0
0.9999999
1.0
1.0
0.99999976
1.0
1.0
1.0
1.0
1.0
1.0
1.0
1.0
1.0
1.0
1.0
1.0
1.0
1.0
1.0
1.0
1.0
1.0
1.0
1.0
1.0
1.0
1.0
1.0
1.0
1.0
1.0
1.0
1.0
1.0
1.0
1.0
0.99999404
1.0
1.0
1.0
1.0
1.0
1.0
1.0
1.0
1.0
0.99999976
1.0
1.0
1.0
0.9999999
1.0
1.0
1.0
1.0
1.0
1.0
1.0
1.0
1.0
1.0
1.0
1.0
1.0
1.0
0.99999964
0.99999416
1.0
1.0
1.0
1.0
1.0
1.0
0.999997
1.0
1.0
1.0
1.0
1.0
1.0
1.0
1.0
1.0
1.0
1.0
1.0
1.0
1.0
1.0
0.99999976
1.0
1.0
1.0
1.0
1.0
1.0
1.0
1.0
1.0
1.0
1.0
1.0
1.0
1.0
1.0
1.0
1.0
1.0
1.0
1.0
1.0
1.0
1.0
1.0
1.0
1.0
1.0
1.0
1.0
1.0
1.0
1.0
1.0
1.0
1.0
1.0
1.0
1.0
0.99999964
0.9999994
1.0
0.9999999
1.0
1.0
1.0
1.0
1.0
1.0
1.0
1.0
1.0
1.0
1.0
1.0
1.0
1.0
1.0
1.0
1.0
1.0
1.0
1.0
1.0
1.0
1.0
1.0
1.0
1.0
1.0
1.0
1.0
1.0
1.0
1.0
1.0
1.0
1.0
1.0
1.0
1.0
0.99999905
1.0
1.0
1.0
0.9999999
1.0
1.0
1.0
1.0
1.0
1.0
1.0
1.0
1.0
1.0
1.0
1.0
1.0
1.0
0.9999999
1.0
1.0
1.0
1.0
1.0
1.0
1.0
1.0
1.0
0.9999993
1.0
1.0
1.0
1.0
1.0
1.0
1.0
1.0
0.9999999
1.0
1.0
1.0
1.0
1.0
0.99999046
0.99999094
0.99999857
1.0
1.0
1.0
1.0
0.99999464
1.0
0.99998736
1.0
0.9999999
1.0
1.0
1.0
1.0
1.0
0.99999976
0.99999964
0.99999774
0.99999905
0.99999976
1.0
1.0
1.0
1.0
1.0
0.9999404
1.0
0.99999714
1.0
0.9999999
1.0
0.9999999
1.0
0.9999646
1.0
0.99999976
1.0
1.0
1.0
0.9999999
1.0
0.9999999
1.0
1.0
1.0
1.0
1.0
1.0
0.99999857
1.0
0.9999999
1.0
1.0
1.0
1.0
1.0
1.0
1.0
1.0
0.99999666
0.99999964
1.0
0.9999974
1.0
1.0
0.9999999
1.0
1.0
1.0
1.0
1.0
1.0
0.9999995
1.0
1.0
1.0
1.0
1.0
0.99969363
1.0
1.0
1.0
1.0
1.0
0.9999968
1.0
1.0
0.99998415
0.9999999
1.0
1.0
1.0
1.0
1.0
1.0
1.0
1.0
1.0
1.0
1.0
1.0
0.99999976
0.99453706
1.0
1.0
1.0
1.0
1.0
1.0
1.0
0.9999999
1.0
0.9991805
1.0
1.0
1.0
1.0
1.0
0.99999976
0.99999964
1.0
1.0
1.0
1.0
0.999995
1.0
1.0
1.0
1.0
1.0
0.99990416
1.0
1.0
0.9999988
1.0
0.99997175
0.9999999
1.0
1.0
0.99974376
1.0
0.9999981
1.0
1.0
1.0
0.9998542
0.99994457
0.9999989
1.0
0.99999976
1.0
0.9999945
1.0
0.99997926
1.0
0.9999993
0.9999907
1.0
1.0
1.0
0.99999976
0.99286205
0.78626585
0.9999999
0.99998724
0.99892503
0.99999666
0.8519203
0.99402726
0.9999999
1.0
0.9999994
1.0
0.9999995
0.99999726
0.99997294
0.99682176
0.99999225
0.9607661
0.9999906
0.9999999
0.71356434
0.9999596
0.8746385
0.99996805
0.9967991
0.9999987
0.9999975
0.99999964
1.0
1.0
0.99997807
1.0
0.9999937
1.0
1.0
0.99999976
0.999998
1.0
0.99983203
1.0
0.9999999
1.0
0.99999964
0.98975044
0.99732745
0.9946548
0.99999976
1.0
0.99999785
0.9546056
1.0
0.998453
1.0
0.9999918
0.9998716
0.99999595
0.9999925
1.0
1.0
0.9999354
0.99991846
0.9999194
1.0
0.9982495
0.99999964
0.9999999
1.0
0.99998665
0.99999857
0.99999976
0.99998987
0.48337913
1.0
0.9999994
0.9999999
0.9999999
1.0
0.9997564
0.9959706
1.0
1.0
1.0
0.99998176
0.99999964
1.0
1.0
1.0
0.99999905
0.99999976
0.9999999
1.0
0.99999976
1.0
1.0
1.0
1.0
0.99999964
0.48790482
1.0
1.0
1.0
1.0
0.9999999
1.0
1.0
1.0
1.0
0.9999994
0.99965394
1.0
0.9999995
1.0
0.99999845
0.9999999
0.9999999
1.0
1.0
1.0
0.99999976
1.0
0.99999976
0.9999999
1.0
0.99997675
1.0
1.0
1.0
0.9999999
1.0
1.0
0.9999999
1.0
1.0
1.0
0.9999999
1.0
1.0
0.9999913
0.99999964
1.0
0.99999964
0.9999999
1.0
1.0
1.0
1.0
1.0
1.0
1.0
0.99999976
1.0
1.0
0.9999771
1.0
1.0
0.9999951
0.9999999
1.0
1.0
1.0
1.0
1.0
1.0
1.0
0.9999964
1.0
1.0
0.99987745
0.9999901
1.0
1.0
0.99997985
1.0
1.0
1.0
1.0
0.99999917
0.9999999
0.9999949
1.0
1.0
1.0
1.0
1.0
1.0
1.0
0.9867084
0.99993885
1.0
0.9999999
0.99889624
0.9999089
0.9999999
0.9999987
1.0
0.9999988
1.0
1.0
1.0
1.0
0.9999999
0.94926226
0.9993493
1.0
1.0
0.9999999
1.0
1.0
1.0
1.0
0.9999995
0.9999939
1.0
1.0
0.9999999
0.9999981
1.0
1.0
1.0
1.0
1.0
1.0
0.9999999
1.0
1.0
1.0
0.9999912
1.0
0.9999981
0.8373438
0.9999999
0.99999416
1.0
1.0
1.0
1.0
1.0
0.99999726
1.0
0.99999976
1.0
1.0
0.999094
0.99999976
1.0
1.0
1.0
0.99999976
1.0
1.0
1.0
0.9999999
0.9999852
0.9999583
1.0
1.0
1.0
0.9999833
1.0
0.9999981
1.0
1.0
1.0
0.9999771
0.99999714
1.0
0.9999999
1.0
1.0
1.0
1.0
0.9999999
1.0
0.99999714
1.0
1.0
1.0
1.0
1.0
1.0
1.0
1.0
1.0
1.0
1.0
0.99999976
0.99999964
0.99999976
1.0
1.0
1.0
0.9999999
1.0
0.976934
1.0
0.9999999
1.0
1.0
0.99999666
1.0
1.0
1.0
1.0
0.9999999
1.0
1.0
1.0
1.0
1.0
1.0
1.0
1.0
1.0
1.0
1.0
1.0
0.9999999
1.0
1.0
1.0
1.0
1.0
1.0
1.0
0.99998045
1.0
1.0
1.0
1.0
0.999762
1.0
0.99999964
1.0
0.9999999
1.0
1.0
1.0
1.0
1.0
1.0
0.9999943
0.99884784
1.0
0.9999994
1.0
0.99999964
1.0
1.0
1.0
1.0
1.0
1.0
0.99986374
1.0
1.0
0.9999999
0.999466
1.0
0.99999213
1.0
0.9999989
1.0
1.0
1.0
1.0
0.9999635
1.0
1.0
1.0
1.0
1.0
1.0
0.99999213
1.0
1.0
1.0
1.0
1.0
1.0
1.0
1.0
1.0
1.0
1.0
1.0
1.0
0.99999344
1.0
1.0
1.0
0.99999917
0.99970454
1.0
1.0
1.0
1.0
1.0
1.0
1.0
1.0
0.9999995
1.0
1.0
1.0
1.0
1.0
1.0
1.0
0.99999845
1.0
1.0
1.0
1.0
1.0
1.0
1.0
1.0
1.0
1.0
1.0
1.0
0.9999999
1.0
1.0
1.0
1.0
1.0
0.9999999
1.0
1.0
1.0
1.0
1.0
1.0
1.0
1.0
1.0
1.0
1.0
1.0
1.0
1.0
1.0
0.9999999
0.9999995
1.0
1.0
1.0
1.0
1.0
1.0
1.0
1.0
1.0
1.0
1.0
1.0
1.0
1.0
1.0
1.0
1.0
1.0
1.0
1.0
1.0
1.0
0.99999917
1.0
1.0
1.0
1.0
1.0
1.0
0.9999994
1.0
0.99999297
0.99999666
1.0
0.99999976
1.0
0.9999995
1.0
1.0
1.0
1.0
1.0
1.0
1.0
1.0
1.0
1.0
1.0
0.9999995
1.0
0.98861873
1.0
1.0
1.0
1.0
0.992562
1.0
1.0
1.0
1.0
1.0
1.0
0.9999999
1.0
1.0
0.9999629
1.0
1.0
1.0
1.0
0.99999976
1.0
0.9999999
1.0
1.0
0.99999857
1.0
1.0
1.0
1.0
0.9999958
1.0
0.9999877
1.0
1.0
0.9999999
1.0
1.0
1.0
1.0
0.99999976
1.0
1.0
1.0
0.9999304
0.999694
0.9999989
1.0
0.9999999
0.99999154
0.9999999
0.9999888
1.0
1.0
1.0
1.0
1.0
1.0
0.99999905
1.0
1.0
1.0
0.9999999
1.0
1.0
1.0
0.9999821
1.0
1.0
1.0
1.0
1.0
0.9149819
1.0
1.0
1.0
1.0
1.0
1.0
1.0
1.0
1.0
1.0
0.99999964
1.0
1.0
0.99979097
1.0
1.0
1.0
1.0
1.0
1.0
1.0
1.0
0.9999999
1.0
1.0
1.0
0.99999857
0.99999976
1.0
0.99999976
1.0
1.0
0.99248004
1.0
0.99999845
1.0
1.0
1.0
1.0
1.0
1.0
1.0
1.0
1.0
1.0
1.0
1.0
1.0
1.0
1.0
1.0
1.0
1.0
1.0
1.0
1.0
1.0
0.9999989
1.0
1.0
0.9999999
1.0
1.0
1.0
1.0
1.0
1.0
1.0
1.0
1.0
1.0
1.0
1.0
0.9999999
1.0
1.0
0.99393255
1.0
0.99999976
1.0
1.0
1.0
1.0
0.9999988
1.0
1.0
0.9999802
0.99999964
0.9999988
0.99999964
0.9995177
1.0
1.0
0.9999994
0.6468699
1.0
1.0
1.0
0.9999827
1.0
1.0
1.0
1.0
0.9999999
1.0
1.0
1.0
0.9999919
1.0
1.0
1.0
0.99997294
1.0
0.9973423
1.0
0.9999999
0.9999999
1.0
0.99990916
0.99999976
1.0
1.0
1.0
0.9999925
1.0
1.0
0.99999833
0.9997806
1.0
1.0
1.0
1.0
1.0
1.0
1.0
1.0
0.9999931
0.9999993
1.0
1.0
1.0
1.0
1.0
0.9999999
1.0
0.99999404
0.9999974
1.0
1.0
0.99999857
1.0
1.0
1.0
1.0
1.0
1.0
0.9999968
1.0
1.0
1.0
1.0
1.0
1.0
1.0
1.0
1.0
0.9999993
1.0
1.0
0.9999938
1.0
1.0
1.0
1.0
1.0
1.0
1.0
1.0
1.0
1.0
1.0
1.0
1.0
1.0
1.0
0.99999976
1.0
0.9999323
1.0
1.0
1.0
1.0
1.0
1.0
1.0
1.0
1.0
1.0
0.99999976
1.0
1.0
1.0
1.0
1.0
1.0
1.0
1.0
1.0
1.0
1.0
1.0
1.0
1.0
1.0
1.0
0.9999999
1.0
1.0
1.0
1.0
1.0
1.0
1.0
0.9999993
1.0
1.0
0.99999964
0.9999937
1.0
1.0
1.0
1.0
0.99998677
1.0
1.0
1.0
1.0
0.9999995
1.0
1.0
1.0
1.0
0.9999999
1.0
1.0
1.0
1.0
1.0
0.9999238
1.0
1.0
1.0
1.0
0.9999999
1.0
1.0
1.0
0.99999964
1.0
0.99999976
1.0
1.0
0.99999666
1.0
0.99999964
1.0
1.0
0.9999999
0.9999999
1.0
0.99999976
1.0
1.0
1.0
1.0
1.0
1.0
1.0
0.9999987
0.99999595
1.0
1.0
0.9999999
1.0
1.0
1.0
0.9999988
1.0
0.9999999
1.0
1.0
0.99991775
1.0
1.0
0.9999989
1.0
1.0
0.99999976
0.99999964
1.0
1.0
0.99999857
1.0
0.9999999
1.0
0.99999964
1.0
1.0
0.9999999
0.9999988
0.9999958
0.9999825
0.9994766
1.0
1.0
0.9999963
1.0
0.9999999
1.0
0.99977356
1.0
1.0
1.0
0.9999987
1.0
0.9999993
1.0
1.0
1.0
0.9995782
1.0
1.0
1.0
1.0
0.99999976
0.99994135
1.0
1.0
1.0
0.9999839
1.0
1.0
1.0
1.0
1.0
1.0
1.0
1.0
1.0
1.0
0.99979407
0.9999963
1.0
1.0
0.9999876
1.0
1.0
0.99999964
1.0
1.0
0.9999995
0.999874
1.0
1.0
0.9999993
1.0
1.0
1.0
0.9999999
0.9999896
0.9998778
0.99999845
1.0
1.0
1.0
0.99999976
0.9999919
1.0
1.0
1.0
1.0
0.99999905
0.9999999
0.9999826
1.0
1.0
1.0
1.0
1.0
0.9999993
1.0
1.0
0.99916065
1.0
1.0
1.0
1.0
1.0
1.0
1.0
1.0
0.9999995
0.9999994
1.0
1.0
1.0
1.0
1.0
1.0
1.0
1.0
1.0
0.99999905
1.0
1.0
1.0
0.99999845
0.9999913
1.0
1.0
1.0
1.0
1.0
0.99994934
1.0
1.0
1.0
1.0
1.0
1.0
0.9999753
0.9999993
1.0
1.0
1.0
1.0
1.0
1.0
0.9999999
1.0
1.0
1.0
1.0
0.9999918
1.0
1.0
1.0
0.99999523
1.0
1.0
1.0
0.99999523
0.9981027
1.0
1.0
1.0
1.0
1.0
0.9999989
1.0
1.0
1.0
1.0
1.0
0.9999647
1.0
1.0
1.0
1.0
1.0
1.0
1.0
1.0
1.0
1.0
0.9999999
1.0
1.0
1.0
1.0
1.0
0.99999976
0.99999976
0.9999974
0.99996424
1.0
1.0
1.0
0.99999917
1.0
1.0
0.9999999
1.0
1.0
1.0
1.0
1.0
0.9999112
0.9999999
1.0
1.0
1.0
1.0
1.0
1.0
0.99998546
1.0
1.0
1.0
0.9999999
1.0
1.0
1.0
1.0
0.9999999
0.9998022
0.99999523
0.9999957
0.9999999
1.0
1.0
1.0
0.9999994
0.9999993
1.0
1.0
1.0
0.99999976
1.0
0.9999999
1.0
1.0
1.0
1.0
0.99999654
0.9999995
1.0
0.9999999
1.0
1.0
1.0
1.0
1.0
1.0
1.0
1.0
1.0
1.0
1.0
0.999992
0.9999993
1.0
1.0
1.0
1.0
1.0
1.0
0.99999976
1.0
1.0
1.0
0.9999989
1.0
1.0
1.0
0.9999999
1.0
1.0
1.0
1.0
0.99999595
1.0
1.0
0.9999995
1.0
1.0
0.9999999
1.0
1.0
1.0
1.0
1.0
1.0
1.0
1.0
1.0
1.0
1.0
1.0
0.99999714
1.0
1.0
1.0
1.0
1.0
1.0
1.0
1.0
0.9999895
1.0
1.0
1.0
1.0
1.0
1.0
1.0
0.9999999
0.99999845
1.0
1.0
0.9999504
0.9999999
1.0
0.9999933
0.99986506
1.0
1.0
0.9999999
1.0
1.0
1.0
0.99999976
1.0
1.0
0.9999999
1.0
1.0
0.99999976
1.0
1.0
1.0
1.0
1.0
1.0
1.0
1.0
1.0
1.0
1.0
1.0
1.0
0.99999976
1.0
1.0
1.0
1.0
1.0
1.0
1.0
1.0
0.9999993
1.0
1.0
1.0
1.0
1.0
1.0
0.99999964
1.0
0.99999666
1.0
1.0
1.0
1.0
0.99999976
1.0
1.0
1.0
1.0
1.0
1.0
1.0
1.0
1.0
0.9999999
0.99993587
1.0
1.0
0.9999893
1.0
1.0
1.0
1.0
1.0
1.0
1.0
1.0
1.0
1.0
0.9999999
0.99998856
0.9999999
1.0
0.99999976
1.0
1.0
1.0
1.0
1.0
0.9999567
0.99999976
0.9999982
1.0
1.0
0.9999951
1.0
1.0
1.0
1.0
1.0
1.0
1.0
1.0
1.0
1.0
1.0
1.0
0.99986446
0.9999995
0.9999168
0.999899
0.9999999
1.0
0.99812156
1.0
0.999998
1.0
0.77695024
0.9999572
0.9986858
1.0
0.99753004
1.0
1.0
0.99999046
0.99999154
0.99999046
0.9999987
0.99958795
1.0
1.0
1.0
1.0
1.0
1.0
1.0
1.0
1.0
0.99999976
1.0
1.0
1.0
1.0
0.9999932
0.99999917
1.0
1.0
1.0
1.0
1.0
1.0
1.0
1.0
1.0
0.9999788
1.0
1.0
1.0
1.0
0.99999976
1.0
0.9999994
0.9999989
1.0
1.0
0.9999999
0.9999999
0.9999757
1.0
1.0
0.9993599
0.9999999
1.0
1.0
1.0
1.0
1.0
0.99999964
1.0
1.0
0.99999964
1.0
0.999998
0.99995553
0.9999999
0.99999607
0.9999852
1.0
1.0
0.99953234
0.9999999
1.0
1.0
0.99997973
1.0
0.99994195
0.9997038
0.9999999
1.0
1.0
1.0
1.0
0.9999999
1.0
1.0
1.0
1.0
1.0
1.0
1.0
1.0
1.0
1.0
0.99998593
1.0
1.0
1.0
1.0
1.0
0.9999999
0.9999995
1.0
1.0
1.0
1.0
1.0
1.0
1.0
1.0
1.0
1.0
1.0
0.99999833
1.0
1.0
1.0
1.0
1.0
1.0
0.9842481
1.0
1.0
1.0
1.0
1.0
1.0
0.99999964
1.0
1.0
1.0
1.0
1.0
1.0
0.9998741
0.9999976
1.0
1.0
1.0
0.99999094
0.99999917
1.0
1.0
0.99999964
1.0
1.0
1.0
0.9999999
0.99998116
1.0
1.0
1.0
0.9999989
1.0
1.0
1.0
1.0
0.99999976
1.0
1.0
1.0
1.0
1.0
1.0
1.0
0.99999964
1.0
1.0
1.0
0.99999535
1.0
1.0
1.0
1.0
1.0
1.0
1.0
1.0
1.0
0.9999999
0.9999995
1.0
1.0
1.0
1.0
1.0
1.0
1.0
1.0
1.0
1.0
1.0
0.9999999
1.0
1.0
1.0
0.999997
1.0
1.0
1.0
1.0
1.0
1.0
1.0
1.0
1.0
1.0
1.0
0.75716996
1.0
0.98949766
0.9999999
0.9999993
0.99999356
0.9999733
1.0
1.0
1.0
0.95082426
1.0
0.9987627
1.0
1.0
0.9999993
0.9999558
1.0
1.0
0.9999964
0.9996934
1.0
0.9999876
1.0
1.0
0.99999654
1.0
1.0
1.0
1.0
1.0
1.0
0.9995883
0.99982136
0.99999166
0.7677326
0.9999449
1.0
0.99999464
1.0
1.0
1.0
0.99999964
0.99775213
0.99999976
0.9999441
0.99947125
0.9998468
0.99999416
1.0
1.0
0.9995641
1.0
0.9999963
1.0
1.0
0.9926588
1.0
1.0
1.0
0.9999999
1.0
1.0
1.0
1.0
0.9999999
1.0
0.99997425
1.0
0.99968433
1.0
1.0
1.0
1.0
1.0
1.0
1.0
0.99999964
1.0
1.0
0.99999857
1.0
1.0
1.0
0.9999989
1.0
1.0
1.0
1.0
1.0
0.99999976
0.9999999
0.9999995
1.0
0.99999714
0.9999999
1.0
0.9998517
1.0
1.0
1.0
0.9999999
1.0
1.0
1.0
1.0
0.9999975
1.0
1.0
0.99999964
1.0
1.0
0.99999857
1.0
1.0
1.0
1.0
1.0
1.0
1.0
1.0
1.0
0.99970704
0.99964905
0.99999726
0.99999976
1.0
1.0
1.0
1.0
1.0
1.0
1.0
0.9999999
1.0
1.0
1.0
0.9995009
0.99999976
0.99998116
1.0
1.0
1.0
1.0
0.99999547
1.0
1.0
1.0
1.0
0.9999999
1.0
0.9999999
1.0
1.0
0.99999964
1.0
1.0
1.0
0.9996923
0.9999999
1.0
1.0
1.0
1.0
1.0
1.0
0.9999982
1.0
0.9999995
0.9999999
1.0
1.0
1.0
1.0
1.0
0.99999976
1.0
1.0
1.0
1.0
1.0
1.0
1.0
1.0
0.9998785
0.99999917
0.9999924
0.94708794
1.0
1.0
1.0
0.9999999
1.0
1.0
0.99999416
0.9999839
0.9999974
0.99999833
1.0
1.0
0.99997556
1.0
1.0
0.9999956
1.0
1.0
0.99999845
1.0
0.9999999
1.0
1.0
1.0
1.0
0.9999993
0.9949202
0.99997747
0.9999969
1.0
0.99991345
0.999967
0.9999572
1.0
0.9999999
1.0
0.9999999
0.9999846
0.99999976
0.99999964
0.9999734
0.9999862
1.0
1.0
1.0
0.9999999
1.0
1.0
0.9999896
1.0
1.0
1.0
0.99999917
1.0
1.0
1.0
1.0
0.99999
1.0
1.0
1.0
0.99999964
1.0
0.99998045
0.9238022
1.0
1.0
1.0
0.99970394
0.99982834
0.9999999
0.9999999
0.9999982
0.99966764
0.999938
0.99996746
0.999992
1.0
0.72161204
0.9853072
0.99999964
1.0
1.0
0.99999976
1.0
0.999858
0.99999964
0.99999654
0.9999999
1.0
0.9999999
1.0
0.9997451
1.0
1.0
1.0
1.0
1.0
1.0
1.0
0.9999999
1.0
0.9999907
1.0
0.99999976
1.0
0.99999976
0.9999989
1.0
1.0
1.0
0.99999917
1.0
1.0
1.0
0.99999726
1.0
1.0
1.0
1.0
1.0
1.0
1.0
1.0
1.0
0.99999917
1.0
0.9999238
0.9998871
0.99992037
0.9999999
1.0
1.0
1.0
0.9999976
0.997858
0.9999771
1.0
1.0
1.0
1.0
1.0
0.9999993
1.0
0.9999999
1.0
0.9999999
1.0
1.0
1.0
0.9999802
1.0
1.0
1.0
1.0
1.0
1.0
1.0
1.0
0.9945298
1.0
0.77978796
1.0
0.9999745
1.0
0.99999976
1.0
1.0
1.0
1.0
1.0
1.0
1.0
1.0
1.0
0.9999994
1.0
1.0
0.99999976
0.9998548
1.0
1.0
1.0
1.0
0.9999379
1.0
1.0
1.0
0.99999785
1.0
1.0
1.0
1.0
1.0
0.99999976
0.9999994
1.0
1.0
1.0
1.0
1.0
1.0
0.99999976
1.0
1.0
1.0
1.0
1.0
1.0
1.0
1.0
1.0
0.99998343
1.0
1.0
1.0
1.0
1.0
1.0
1.0
1.0
1.0
0.99998915
1.0
1.0
0.9999999
1.0
1.0
1.0
0.99999964
1.0
1.0
1.0
1.0
1.0
1.0
1.0
1.0
1.0
0.9999727
1.0
1.0
1.0
0.9999999
0.9999912
0.99999595
0.99999964
1.0
0.9999927
1.0
0.9999918
0.9999951
1.0
1.0
1.0
0.9999281
0.99999774
0.999995
1.0
0.99999917
1.0
0.99992836
0.9997124
0.9999747
0.9999988
1.0
0.99999666
1.0
0.9999987
1.0
1.0
1.0
0.99996436
0.97676075
0.9999999
0.9999999
0.999838
1.0
0.99999344
0.99999976
0.86969596
1.0
0.9999981
0.99999976
1.0
1.0
1.0
0.9999999
1.0
0.9999995
1.0
0.9999999
0.9999999
0.99999833
0.9999999
1.0
0.99999964
0.99999917
0.99999785
1.0
1.0
1.0
1.0
0.9999994
1.0
1.0
1.0
1.0
1.0
1.0
0.9999999
1.0
1.0
1.0
1.0
1.0
1.0
1.0
0.99999964
1.0
1.0
1.0
1.0
1.0
1.0
1.0
1.0
1.0
1.0
1.0
1.0
1.0
1.0
1.0
1.0
1.0
1.0
0.9999385
1.0
1.0
1.0
1.0
1.0
1.0
1.0
1.0
0.99999964
1.0
1.0
1.0
0.9999995
1.0
1.0
1.0
1.0
1.0
1.0
1.0
1.0
1.0
0.9999281
0.99999976
1.0
1.0
1.0
1.0
1.0
1.0
1.0
1.0
0.9999999
1.0
1.0
1.0
1.0
1.0
0.9999999
1.0
1.0
1.0
1.0
0.9999999
1.0
1.0
0.9999999
1.0
1.0
1.0
1.0
1.0
0.99999976
1.0
1.0
1.0
1.0
1.0
1.0
1.0
1.0
1.0
1.0
1.0
1.0
1.0
1.0
1.0
0.9999999
1.0
1.0
1.0
1.0
1.0
1.0
1.0
1.0
1.0
1.0
1.0
1.0
1.0
1.0
1.0
1.0
1.0
1.0
1.0
1.0
1.0
1.0
1.0
1.0
1.0
1.0
1.0
1.0
1.0
1.0
1.0
1.0
1.0
1.0
1.0
1.0
1.0
1.0
1.0
1.0
1.0
1.0
1.0
1.0
1.0
1.0
1.0
1.0
1.0
1.0
1.0
0.9999999
1.0
1.0
1.0
1.0
1.0
1.0
1.0
1.0
1.0
1.0
1.0
1.0
1.0
0.9999999
1.0
1.0
1.0
1.0
1.0
1.0
1.0
1.0
1.0
1.0
1.0
1.0
1.0
1.0
1.0
1.0
0.9999999
1.0
0.9999975
1.0
1.0
1.0
1.0
1.0
1.0
1.0
1.0
1.0
1.0
1.0
1.0
1.0
1.0
1.0
1.0
1.0
1.0
1.0
1.0
0.9999999
1.0
1.0
1.0
1.0
1.0
1.0
1.0
1.0
1.0
1.0
1.0
1.0
1.0
1.0
1.0
1.0
1.0
1.0
1.0
1.0
1.0
1.0
1.0
1.0
1.0
1.0
1.0
1.0
1.0
1.0
1.0
1.0
1.0
1.0
1.0
1.0
1.0
1.0
1.0
1.0
1.0
1.0
1.0
1.0
1.0
1.0
0.99999917
0.99999976
1.0
1.0
1.0
1.0
1.0
1.0
1.0
0.99999976
0.99999964
1.0
1.0
1.0
1.0
1.0
1.0
1.0
1.0
1.0
0.9999995
1.0
1.0
0.9999999
1.0
1.0
1.0
1.0
1.0
1.0
1.0
1.0
1.0
1.0
1.0
1.0
1.0
1.0
1.0
1.0
1.0
0.99999964
1.0
1.0
1.0
1.0
1.0
1.0
1.0
1.0
1.0
1.0
1.0
1.0
1.0
1.0
1.0
1.0
1.0
1.0
1.0
1.0
1.0
1.0
1.0
1.0
1.0
1.0
1.0
1.0
1.0
1.0
1.0
1.0
1.0
1.0
0.99997747
1.0
1.0
1.0
1.0
0.99999976
1.0
0.9999821
1.0
1.0
1.0
1.0
1.0
1.0
1.0
1.0
1.0
1.0
1.0
1.0
1.0
1.0
0.99999976
1.0
0.9999982
1.0
1.0
1.0
1.0
1.0
1.0
0.9999745
1.0
1.0
1.0
1.0
1.0
1.0
1.0
1.0
1.0
1.0
1.0
1.0
1.0
1.0
1.0
1.0
1.0
0.9999995
1.0
1.0
1.0
1.0
1.0
1.0
1.0
1.0
1.0
1.0
0.99995816
1.0
0.9999989
1.0
1.0
1.0
1.0
1.0
1.0
1.0
0.999143
1.0
1.0
1.0
0.9999989
0.9999999
1.0
1.0
1.0
1.0
1.0
0.9999634
1.0
1.0
1.0
1.0
1.0
1.0
1.0
1.0
1.0
1.0
0.99999857
1.0
1.0
1.0
1.0
1.0
1.0
0.99999964
1.0
1.0
1.0
1.0
1.0
1.0
1.0
1.0
1.0
1.0
1.0
1.0
1.0
1.0
1.0
1.0
0.9999994
1.0
1.0
1.0
1.0
1.0
1.0
1.0
1.0
1.0
1.0
0.9839587
0.9999924
1.0
0.9999683
1.0
0.9999958
0.96828663
0.999889
0.9999989
0.9999993
0.99679875
1.0
1.0
1.0
0.99999976
0.99977845
0.9999995
0.99999964
1.0
0.99999976
1.0
1.0
0.9999999
0.99999976
1.0
1.0
1.0
0.9999939
1.0
0.99999917
1.0
1.0
1.0
1.0
0.99999964
0.9999927
0.99989414
0.9999987
1.0
1.0
1.0
0.99999976
0.9999993
1.0
1.0
1.0
1.0
1.0
0.9999956
1.0
1.0
1.0
0.9999995
0.9999949
0.99999976
1.0
1.0
1.0
1.0
0.99999976
0.99133146
1.0
0.99577856
1.0
0.99999917
1.0
1.0
1.0
1.0
1.0
0.99999535
1.0
0.9999999
1.0
1.0
1.0
1.0
1.0
1.0
1.0
0.9999999
1.0
1.0
1.0
0.99999905
0.9999999
1.0
1.0
1.0
1.0
1.0
1.0
1.0
1.0
1.0
1.0
1.0
1.0
1.0
1.0
1.0
0.99999106
1.0
0.9999975
1.0
1.0
1.0
1.0
0.99999976
1.0
1.0
1.0
1.0
1.0
0.99995685
1.0
1.0
1.0
1.0
1.0
1.0
1.0
1.0
1.0
1.0
1.0
1.0
1.0
1.0
1.0
0.9999999
1.0
0.99999976
1.0
1.0
0.9999999
1.0
1.0
1.0
1.0
1.0
1.0
1.0
1.0
1.0
1.0
1.0
1.0
1.0
0.99998415
1.0
1.0
1.0
1.0
1.0
1.0
1.0
1.0
1.0
0.99999964
1.0
0.9999987
1.0
1.0
1.0
1.0
1.0
1.0
1.0
1.0
1.0
1.0
1.0
1.0
1.0
1.0
1.0
1.0
1.0
0.99999964
1.0
1.0
1.0
1.0
1.0
0.99999976
1.0
1.0
1.0
1.0
1.0
1.0
1.0
1.0
1.0
1.0
1.0
1.0
1.0
0.9999995
0.99999976
1.0
1.0
1.0
1.0
0.99999857
1.0
1.0
1.0
0.99999976
1.0
1.0
1.0
1.0
1.0
1.0
0.9999927
1.0
1.0
1.0
1.0
1.0
1.0
1.0
1.0
1.0
1.0
1.0
1.0
1.0
1.0
1.0
1.0
1.0
1.0
0.99999976
0.9999924
1.0
1.0
0.9999999
1.0
1.0
1.0
0.9999982
0.99998593
1.0
0.99999857
1.0
1.0
1.0
0.9999918
0.9999982
1.0
1.0
1.0
1.0
1.0
1.0
0.9999999
0.9999999
1.0
1.0
1.0
0.99999976
1.0
1.0
1.0
1.0
1.0
1.0
1.0
0.997239
1.0
1.0
1.0
1.0
1.0
1.0
1.0
1.0
1.0
1.0
1.0
1.0
1.0
1.0
1.0
0.9999999
1.0
1.0
1.0
1.0
1.0
0.9999999
1.0
1.0
1.0
1.0
1.0
1.0
1.0
1.0
1.0
1.0
1.0
1.0
1.0
0.9999995
1.0
1.0
1.0
1.0
1.0
1.0
1.0
1.0
1.0
1.0
1.0
1.0
1.0
1.0
1.0
1.0
1.0
1.0
1.0
1.0
1.0
1.0
1.0
1.0
1.0
0.9984629
1.0
1.0
1.0
0.9999939
1.0
1.0
1.0
0.9999999
1.0
1.0
0.99999976
1.0
1.0
1.0
1.0
1.0
1.0
1.0
1.0
1.0
1.0
1.0
1.0
1.0
1.0
1.0
1.0
1.0
1.0
0.9999999
1.0
1.0
0.99997175
0.9999995
0.9999994
1.0
1.0
1.0
0.9999999
0.9845073
1.0
1.0
0.99999857
1.0
1.0
0.9999994
1.0
1.0
0.9999999
0.9999995
1.0
1.0
1.0
1.0
1.0
0.9999999
1.0
1.0
1.0
1.0
1.0
0.9999999
1.0
0.99999964
0.9999999
1.0
1.0
1.0
0.99999833
1.0
0.9999989
1.0
1.0
1.0
1.0
1.0
0.9999999
1.0
0.9711034
0.9999634
0.99999857
1.0
0.9996263
0.9999989
0.9999999
1.0
1.0
1.0
1.0
1.0
1.0
1.0
1.0
0.9999999
1.0
1.0
1.0
1.0
1.0
1.0
1.0
1.0
1.0
0.9999863
1.0
0.9999999
1.0
1.0
1.0
1.0
1.0
1.0
1.0
0.99999774
1.0
1.0
1.0
1.0
1.0
1.0
0.99996316
1.0
1.0
1.0
0.9999999
1.0
1.0
1.0
1.0
0.9999999
1.0
1.0
1.0
1.0
0.99999666
0.9999994
1.0
1.0
1.0
1.0
1.0
1.0
1.0
0.9999989
1.0
0.99999976
1.0
0.999998
0.9999976
0.99994886
1.0
0.9999981
0.9999094
1.0
0.99999833
1.0
0.9999999
0.9994572
0.9999999
0.9999999
1.0
1.0
0.998643
1.0
1.0
0.99999917
1.0
1.0
0.99999976
0.99996376
0.99999833
0.9999999
0.9999994
1.0
0.9999968
1.0
1.0
1.0
1.0
0.9999958
1.0
1.0
1.0
1.0
0.9999628
1.0
1.0
0.9998932
1.0
1.0
1.0
0.99998045
0.99999976
0.9999932
1.0
0.9994246
0.9999993
0.9999862
1.0
1.0
1.0
0.9999999
1.0
0.999962
1.0
1.0
1.0
0.9999956
1.0
0.9999999
1.0
1.0
1.0
1.0
1.0
1.0
1.0
0.9999994
1.0
0.99999964
1.0
1.0
1.0
1.0
1.0
1.0
1.0
1.0
0.9999994
1.0
1.0
1.0
1.0
0.9999827
0.9999999
1.0
1.0
0.9999999
1.0
1.0
1.0
1.0
1.0
1.0
0.9822342
0.9999999
1.0
1.0
1.0
0.9999999
1.0
0.9999994
0.9999993
0.99994993
1.0
1.0
0.9999945
1.0
1.0
1.0
0.9999999
1.0
1.0
1.0
0.99999833
1.0
1.0
0.99999917
1.0
0.9999778
0.9999925
0.9999994
1.0
1.0
0.99999034
0.9999999
1.0
0.9868841
1.0
0.9999957
0.99998677
0.99999964
0.99998665
0.9999995
0.98429465
0.9999994
1.0
1.0
1.0
1.0
1.0
0.58741456
1.0
0.91485804
0.99767226
0.60247374
0.99999833
1.0
0.9999995
0.6197516
0.99993646
1.0
0.99984694
1.0
1.0
1.0
0.9999999
0.9999999
0.9999999
0.9999422
0.9998468
1.0
0.9999918
0.99999976
1.0
0.9999999
1.0
1.0
0.9999919
1.0
0.9999995
0.9962314
0.99999976
0.9999999
1.0
1.0
0.9941678
1.0
1.0
0.99999917
1.0
1.0
1.0
1.0
0.9999958
0.9999999
0.85544574
1.0
1.0
1.0
0.9996112
1.0
1.0
0.99999416
0.9999902
1.0
1.0
1.0
0.99999297
0.5581467
0.9999348
0.99999774
1.0
0.9999975
1.0
0.5480404
0.99999976
0.99980015
0.9999994
1.0
0.9999913
1.0
1.0
1.0
1.0
1.0
0.9999999
1.0
1.0
0.99999785
0.9999982
0.99223036
1.0
0.9913327
1.0
1.0
1.0
0.9999999
0.9999999
1.0
0.99999976
1.0
1.0
0.9998841
1.0
1.0
0.99999034
0.9999988
0.99999595
1.0
0.9997589
1.0
0.9998894
0.9999982
1.0
1.0
1.0
0.9999902
0.9995295
0.9999999
1.0
1.0
0.99999356
1.0
1.0
1.0
0.99989676
0.99998343
0.994795
0.9999635
1.0
0.9999808
0.99345595
0.9999988
1.0
0.9999995
1.0
1.0
1.0
0.9999559
1.0
0.9999995
0.9999958
1.0
0.9999988
0.9729911
1.0
0.97878736
1.0
1.0
0.9999999
1.0
1.0
1.0
0.9999969
0.99999976
0.9979777
0.9999999
0.99999917
0.99997556
1.0
1.0
1.0
0.99999964
1.0
0.99999964
0.9999993
1.0
1.0
0.5718498
0.99947494
1.0
1.0
1.0
1.0
1.0
1.0
0.9999695
1.0
1.0
1.0
1.0
1.0
1.0
1.0
0.99999297
1.0
1.0
0.9937104
1.0
1.0
1.0
0.9999999
0.9999869
1.0
1.0
1.0
1.0
1.0
1.0
1.0
1.0
1.0
0.99999917
1.0
0.9999782
0.99999464
0.9999999
0.9999924
0.99999464
1.0
0.99999964
1.0
1.0
0.9999981
1.0
0.99879825
0.9916079
0.9999995
1.0
1.0
1.0
1.0
1.0
0.99595755
1.0
0.99999917
0.5815312
1.0
1.0
1.0
1.0
0.9999678
0.9999703
1.0
0.9999995
1.0
0.9999994
1.0
0.99999976
1.0
0.99999917
1.0
1.0
0.99992216
1.0
1.0
0.99999964
1.0
1.0
1.0
0.9993672
1.0
1.0
1.0
1.0
0.99811906
1.0
1.0
1.0
0.99956244
0.9999927
1.0
0.99999964
1.0
0.99998057
1.0
0.9999858
0.99989426
0.9999969
0.9999081
0.9999989
1.0
1.0
1.0
1.0
1.0
1.0
1.0
0.99999976
0.9999999
0.9956833
0.9940795
0.9966356
1.0
1.0
0.9999999
0.99999976
1.0
1.0
0.99997735
0.9999995
1.0
0.9999901
1.0
0.99999976
0.99999976
1.0
1.0
0.99875236
1.0
0.9999999
0.9999988
1.0
1.0
1.0
0.9999999
1.0
1.0
1.0
1.0
1.0
0.9999902
1.0
1.0
1.0
1.0
0.9999709
0.9999958
1.0
0.99999917
1.0
0.9999994
1.0
1.0
0.9999999
1.0
1.0
1.0
1.0
1.0
1.0
1.0
1.0
1.0
1.0
0.9999924
1.0
1.0
1.0
0.99999976
1.0
0.99999607
1.0
1.0
1.0
1.0
0.99999964
0.99999964
1.0
1.0
1.0
0.99999964
0.999998
1.0
1.0
1.0
0.9999999
0.9999994
0.7450184
1.0
1.0
0.99999964
1.0
1.0
1.0
1.0
1.0
1.0
0.9999999
0.999995
1.0
1.0
1.0
1.0
0.9999999
1.0
