1.0
1.0
1.0
1.0
1.0
1.0
0.9999678
1.0
0.9962089
0.99999905
1.0
0.9999999
0.9999999
1.0
1.0
1.0
0.99999976
1.0
0.98849547
1.0
0.9999999
0.99999976
1.0
1.0
1.0
1.0
1.0
1.0
1.0
1.0
1.0
1.0
1.0
0.99999774
1.0
1.0
0.99999964
1.0
0.99998367
1.0
1.0
0.99999106
0.99999905
0.9999989
0.999998
1.0
1.0
1.0
0.99999905
1.0
0.99999785
1.0
1.0
1.0
1.0
1.0
1.0
1.0
0.9999999
0.99999917
1.0
1.0
0.99005556
0.99999857
1.0
1.0
0.99999046
0.9999999
1.0
1.0
1.0
1.0
1.0
0.99955434
1.0
1.0
1.0
1.0
0.9999058
0.9999993
0.9999999
1.0
1.0
1.0
1.0
1.0
1.0
0.9999974
1.0
1.0
1.0
1.0
0.9995505
1.0
1.0
0.9978669
0.99999166
0.99999976
1.0
1.0
1.0
1.0
1.0
1.0
0.99999535
1.0
1.0
0.9999995
1.0
1.0
1.0
0.99999774
1.0
1.0
1.0
0.9831813
0.9999999
1.0
0.99999654
0.99989116
1.0
0.9983424
1.0
1.0
0.99990845
0.99995553
1.0
1.0
1.0
1.0
1.0
1.0
1.0
0.9999999
1.0
1.0
1.0
1.0
1.0
0.9913722
1.0
1.0
1.0
1.0
0.9999999
1.0
1.0
1.0
1.0
0.9981152
1.0
0.99608946
1.0
1.0
1.0
1.0
1.0
1.0
0.9999919
1.0
0.9996081
1.0
1.0
1.0
1.0
1.0
1.0
0.99999654
1.0
1.0
1.0
0.9998228
1.0
0.9999999
1.0
0.99990916
1.0
1.0
1.0
1.0
1.0
1.0
1.0
1.0
0.9997527
0.99999726
1.0
1.0
1.0
0.9999999
0.99997175
0.9999999
1.0
0.9997874
1.0
0.9999877
1.0
1.0
0.99999976
0.99979144
1.0
1.0
1.0
1.0
1.0
1.0
0.9999447
1.0
1.0
0.999566
1.0
0.99732095
1.0
1.0
1.0
1.0
1.0
0.9997991
1.0
1.0
0.9999999
0.99999154
1.0
1.0
1.0
1.0
1.0
1.0
1.0
0.99999976
1.0
1.0
1.0
1.0
0.99999905
0.99999976
1.0
1.0
1.0
1.0
0.9999999
0.9999962
0.9999981
0.9999988
1.0
0.99999714
1.0
0.9963654
1.0
1.0
0.9999975
1.0
1.0
1.0
1.0
0.99997914
0.9999988
1.0
1.0
0.9945292
1.0
1.0
1.0
0.9999999
0.9998617
1.0
0.999728
1.0
1.0
1.0
0.99999976
1.0
1.0
0.99999964
1.0
0.9999999
1.0
1.0
1.0
1.0
0.99999976
1.0
0.9976012
1.0
1.0
1.0
0.9999988
0.9999993
1.0
1.0
0.9989135
0.99999607
0.99999845
1.0
1.0
1.0
1.0
0.9999999
0.9999988
1.0
1.0
1.0
1.0
1.0
1.0
1.0
1.0
1.0
1.0
1.0
1.0
1.0
1.0
0.9999993
1.0
1.0
0.99999976
0.99999964
0.99999976
1.0
0.9867771
0.770052
1.0
1.0
0.9999963
0.99999857
0.99802196
1.0
0.9999993
1.0
1.0
1.0
1.0
1.0
1.0
1.0
0.9999374
0.99995863
1.0
0.9999839
0.594672
1.0
1.0
1.0
1.0
1.0
0.99999976
1.0
1.0
1.0
1.0
1.0
1.0
0.99999607
1.0
1.0
1.0
1.0
0.9996898
0.9449539
1.0
1.0
0.99999344
0.9999982
1.0
1.0
0.99999535
1.0
0.9999927
1.0
1.0
1.0
1.0
1.0
1.0
1.0
1.0
1.0
1.0
1.0
1.0
0.9999093
1.0
1.0
1.0
1.0
0.99999666
1.0
1.0
0.99999213
0.99999976
0.9999993
1.0
1.0
0.9999993
1.0
1.0
1.0
0.9999999
1.0
0.9999902
1.0
1.0
1.0
0.99994504
1.0
1.0
1.0
1.0
1.0
1.0
0.99998045
0.9999876
1.0
0.9999999
0.9999764
1.0
0.9972893
1.0
1.0
0.999998
1.0
0.9999999
1.0
1.0
1.0
1.0
1.0
1.0
1.0
1.0
1.0
1.0
1.0
1.0
0.9999914
1.0
1.0
0.9999999
0.99999905
1.0
1.0
0.9999999
0.9999994
0.9978961
0.9665155
0.99999356
0.8631355
0.999861
0.73558974
0.9998441
1.0
0.9999999
1.0
0.9999999
1.0
0.99998176
0.9999964
1.0
1.0
0.99998975
1.0
0.9999988
1.0
0.9999677
1.0
1.0
0.9999999
0.99997807
0.99999964
1.0
0.99999833
1.0
1.0
1.0
1.0
1.0
1.0
0.999972
0.99999666
1.0
1.0
1.0
1.0
1.0
0.9999999
1.0
0.9999981
1.0
1.0
0.99999905
0.9999999
0.99989915
1.0
1.0
0.982137
1.0
0.9948304
0.9999907
1.0
1.0
1.0
1.0
1.0
1.0
1.0
1.0
0.9999995
0.9999994
1.0
1.0
0.9999496
1.0
1.0
1.0
0.99999964
1.0
1.0
1.0
1.0
1.0
1.0
1.0
0.99999964
1.0
1.0
1.0
1.0
0.99997807
1.0
0.99999213
0.9999999
0.9999995
1.0
0.99999976
1.0
1.0
1.0
1.0
1.0
1.0
1.0
0.9999981
0.9966544
1.0
0.9999999
1.0
0.99999225
0.99999976
1.0
1.0
0.99840444
0.9999975
1.0
1.0
1.0
1.0
0.9999939
1.0
0.9999995
1.0
1.0
1.0
1.0
1.0
1.0
0.9999999
1.0
0.9999999
0.9999999
1.0
0.99786806
1.0
1.0
1.0
1.0
1.0
1.0
1.0
1.0
1.0
1.0
0.5640996
0.9907512
1.0
1.0
1.0
1.0
1.0
1.0
1.0
0.99380255
1.0
0.99999285
1.0
1.0
1.0
0.9999958
1.0
1.0
1.0
1.0
1.0
0.99999976
1.0
0.99999964
1.0
1.0
1.0
1.0
1.0
1.0
1.0
0.99995613
1.0
0.9999994
1.0
1.0
0.99999213
0.98504144
0.9999994
1.0
1.0
1.0
0.99999845
0.95696545
1.0
0.9999999
1.0
1.0
1.0
1.0
1.0
1.0
1.0
0.99996865
1.0
0.9999999
1.0
0.99999976
1.0
1.0
0.999995
1.0
1.0
0.99960977
0.99786997
1.0
1.0
1.0
0.99999917
1.0
1.0
1.0
1.0
1.0
1.0
1.0
0.9996476
0.75900966
1.0
0.9999988
1.0
1.0
1.0
1.0
0.99999976
0.99999976
1.0
1.0
0.9999993
0.9999914
1.0
0.99985147
0.97377366
1.0
0.9999958
1.0
0.99999964
0.99999785
1.0
0.99999976
1.0
1.0
0.8919158
0.9999994
1.0
1.0
0.9999995
0.9995369
0.9999999
0.9997044
1.0
1.0
1.0
1.0
1.0
1.0
0.99986553
0.9999993
1.0
1.0
1.0
1.0
1.0
1.0
1.0
0.99997413
1.0
1.0
1.0
1.0
0.99999976
1.0
1.0
0.99997413
0.9655447
0.9696596
1.0
1.0
0.99667585
1.0
1.0
0.9999857
1.0
1.0
0.99841225
1.0
0.9999863
1.0
0.9999926
1.0
1.0
1.0
1.0
1.0
0.9999995
0.9999821
0.99746335
0.9999999
0.99845004
0.9999995
1.0
0.99999976
1.0
0.9999999
0.99998546
1.0
1.0
1.0
1.0
1.0
1.0
1.0
1.0
1.0
0.9999999
1.0
1.0
1.0
0.9998996
0.9999988
0.99999976
1.0
1.0
0.9999999
1.0
0.99999976
1.0
0.9999976
1.0
1.0
1.0
1.0
1.0
1.0
1.0
1.0
1.0
1.0
0.9997923
0.99998915
0.9999999
1.0
1.0
1.0
0.9998299
1.0
1.0
0.9998543
0.9999999
0.9999925
1.0
1.0
1.0
1.0
1.0
0.9999969
1.0
1.0
0.9999652
1.0
1.0
1.0
1.0
1.0
1.0
1.0
1.0
1.0
0.9999951
1.0
1.0
0.9392969
1.0
1.0
0.99998915
0.9999852
1.0
1.0
1.0
1.0
1.0
0.9999945
1.0
1.0
1.0
1.0
1.0
0.99899405
1.0
1.0
1.0
0.9999778
0.9999994
1.0
1.0
1.0
1.0
0.9999397
0.9999993
1.0
0.9999994
1.0
0.98229194
1.0
0.9944711
1.0
1.0
1.0
1.0
1.0
1.0
1.0
1.0
1.0
1.0
0.99999964
1.0
0.99999726
1.0
1.0
1.0
1.0
1.0
1.0
0.9999994
1.0
1.0
1.0
0.99999523
1.0
0.999995
1.0
0.9999932
0.9999987
1.0
1.0
1.0
1.0
0.99999845
0.75688434
0.51164234
0.6312257
1.0
0.9999981
0.9999999
1.0
0.999997
1.0
0.99999964
1.0
1.0
0.99999976
1.0
0.999985
0.99999607
1.0
0.9999956
1.0
0.9996929
1.0
0.9995388
0.9999896
1.0
1.0
0.99999845
1.0
1.0
0.9999999
1.0
1.0
1.0
1.0
1.0
1.0
0.9999999
1.0
0.9999999
1.0
1.0
1.0
0.99999964
1.0
0.7522968
1.0
0.99999976
1.0
0.9999999
1.0
0.9999999
1.0
1.0
1.0
1.0
1.0
0.9999839
1.0
0.9079208
0.9796083
0.99999917
1.0
0.9999999
0.99999964
1.0
1.0
0.9999987
0.86802673
1.0
1.0
0.99993575
0.9999987
0.99999976
1.0
1.0
0.99999785
0.99825937
1.0
0.9998374
1.0
0.99999976
1.0
0.99998975
1.0
0.9999999
0.9769514
0.9999988
1.0
1.0
0.99983394
1.0
1.0
1.0
1.0
1.0
1.0
1.0
0.9999999
1.0
1.0
1.0
1.0
0.9999969
1.0
1.0
0.9999999
1.0
1.0
1.0
1.0
1.0
1.0
0.9999987
0.99999964
1.0
1.0
1.0
1.0
1.0
0.9999999
1.0
1.0
0.9999937
1.0
1.0
1.0
0.9999862
1.0
1.0
1.0
0.9999813
1.0
0.9999958
1.0
0.9999999
0.99999976
1.0
1.0
1.0
0.9999999
1.0
0.99999964
0.9998572
1.0
0.99999857
1.0
0.9999994
1.0
1.0
1.0
1.0
0.9999999
0.9999573
0.99242616
1.0
1.0
1.0
1.0
1.0
0.4242027
1.0
1.0
0.9999999
1.0
0.9999771
0.9996164
1.0
1.0
1.0
1.0
0.9999999
0.9999585
1.0
1.0
1.0
0.9999939
0.9999763
0.99999917
0.9999999
0.99998367
1.0
1.0
0.9997372
1.0
1.0
1.0
1.0
1.0
0.99999976
1.0
1.0
1.0
0.99999964
1.0
1.0
1.0
1.0
1.0
1.0
0.9999999
1.0
0.999992
1.0
1.0
1.0
1.0
0.9999999
1.0
1.0
0.99999976
0.9999993
1.0
1.0
1.0
1.0
0.9999999
1.0
1.0
1.0
1.0
0.99999976
1.0
1.0
1.0
1.0
0.99999976
1.0
0.99954295
0.9999994
1.0
1.0
1.0
0.8171231
1.0
0.9960835
1.0
1.0
0.9999995
1.0
0.9999968
1.0
0.999941
0.9999993
1.0
1.0
1.0
1.0
1.0
0.9537682
1.0
0.99999726
1.0
1.0
0.9999944
1.0
1.0
0.9999999
1.0
0.99998724
1.0
1.0
1.0
1.0
0.9999987
1.0
1.0
1.0
0.99998355
1.0
1.0
0.9999987
0.9999994
0.9999976
0.99999833
1.0
1.0
0.9999634
0.9999994
1.0
1.0
1.0
1.0
1.0
1.0
0.9999882
1.0
0.9999869
1.0
1.0
0.9999168
1.0
1.0
1.0
0.9998559
1.0
1.0
0.9999982
1.0
0.9999887
1.0
1.0
0.9980914
0.90812683
1.0
1.0
1.0
1.0
1.0
0.9999995
1.0
1.0
0.9998242
0.99844605
1.0
1.0
0.9999987
1.0
1.0
0.9999999
0.99999535
0.9999999
1.0
0.99931145
1.0
0.9997609
1.0
0.9997538
1.0
0.9999999
0.9999969
1.0
0.99999917
0.9999343
1.0
1.0
1.0
0.9999809
0.9999993
1.0
1.0
1.0
0.99999976
1.0
1.0
0.9999989
1.0
0.98857224
1.0
0.99999714
1.0
1.0
1.0
0.9573048
0.9999999
1.0
1.0
1.0
1.0
1.0
1.0
1.0
0.9999988
0.8280843
1.0
0.999997
1.0
1.0
0.9498618
0.9997862
1.0
0.9999999
0.99999976
1.0
1.0
1.0
1.0
0.9993279
1.0
1.0
1.0
0.946867
1.0
1.0
0.9999944
0.99999905
1.0
0.99999964
1.0
1.0
1.0
1.0
1.0
0.99999475
0.9999995
0.9999852
1.0
1.0
0.9999999
1.0
0.9989442
1.0
1.0
0.999463
0.99999833
1.0
1.0
1.0
1.0
0.99999917
0.99941945
0.99969065
1.0
0.99998283
1.0
1.0
1.0
0.9999813
1.0
1.0
0.9962781
1.0
0.9999993
1.0
1.0
1.0
1.0
1.0
1.0
1.0
1.0
1.0
0.9999999
1.0
1.0
1.0
0.9999957
1.0
1.0
0.999998
0.6650386
1.0
1.0
1.0
1.0
1.0
0.99999964
0.9988575
1.0
0.99815196
1.0
0.99989367
0.99999714
1.0
1.0
0.99999905
0.9999999
0.99999976
0.9815025
1.0
0.999979
1.0
1.0
1.0
1.0
0.99999714
1.0
1.0
0.999984
1.0
0.99999225
1.0
1.0
1.0
1.0
1.0
0.99998975
0.99996173
1.0
1.0
1.0
1.0
1.0
1.0
1.0
0.97933894
0.9999999
1.0
1.0
1.0
1.0
1.0
1.0
0.9999999
1.0
1.0
1.0
1.0
0.9999578
0.99999905
1.0
1.0
1.0
1.0
1.0
1.0
0.99978524
0.99999976
1.0
1.0
1.0
1.0
0.9999995
1.0
0.96119374
0.99325365
0.9999943
1.0
0.99999964
0.9999993
1.0
1.0
0.9999999
0.9999794
0.99784863
0.99999106
1.0
1.0
1.0
0.9999988
1.0
1.0
0.9999981
1.0
1.0
0.45302358
0.9743814
1.0
1.0
1.0
1.0
1.0
1.0
0.9999999
0.99998724
1.0
0.99997795
1.0
0.9999995
1.0
0.9999155
1.0
1.0
1.0
1.0
1.0
0.9999964
0.99972874
1.0
0.99646676
0.9999968
0.9966092
0.9999732
1.0
1.0
0.9999819
1.0
0.9999989
1.0
1.0
1.0
1.0
1.0
1.0
0.99999857
0.9999963
1.0
1.0
1.0
0.9999995
0.9894243
1.0
1.0
0.9999999
1.0
0.9999987
0.9999995
1.0
1.0
1.0
0.9999999
1.0
1.0
1.0
1.0
1.0
0.99999964
0.99999964
1.0
1.0
1.0
1.0
1.0
0.99998844
1.0
1.0
1.0
1.0
1.0
1.0
1.0
1.0
1.0
0.99990344
1.0
0.99832326
0.99999964
0.99997866
1.0
1.0
1.0
0.9971625
0.9999994
1.0
1.0
1.0
0.9999989
1.0
0.99999845
0.9996712
0.99999774
0.9999974
0.9999999
1.0
1.0
0.9999937
1.0
0.99999094
1.0
1.0
1.0
0.9966853
1.0
0.92560047
0.9999869
1.0
1.0
1.0
0.79603565
1.0
1.0
0.9344272
0.9999969
1.0
0.99999976
0.99999976
1.0
1.0
1.0
1.0
1.0
1.0
1.0
1.0
0.9999552
1.0
1.0
1.0
0.9997706
1.0
0.99107623
1.0
0.99932957
1.0
0.9893338
0.9627212
1.0
1.0
0.9999999
0.99999976
0.9993068
1.0
1.0
0.9999913
1.0
1.0
1.0
0.9999956
1.0
1.0
0.9971355
0.9999201
1.0
1.0
1.0
1.0
1.0
0.99999654
1.0
1.0
0.99999166
1.0
0.99931157
1.0
1.0
0.99999666
1.0
1.0
0.999956
1.0
1.0
0.99999976
1.0
0.99999595
1.0
0.9999994
0.99998045
1.0
0.9999974
1.0
1.0
0.99972636
0.99999297
1.0
1.0
1.0
1.0
1.0
0.9999685
1.0
0.9999926
1.0
0.9955759
1.0
0.99999976
0.99999654
1.0
1.0
1.0
0.99999857
1.0
0.9999963
0.98626745
1.0
1.0
0.99999976
1.0
0.9999869
0.9999999
1.0
1.0
1.0
0.99999976
1.0
1.0
0.99832493
1.0
1.0
0.99998736
0.9999993
1.0
1.0
0.93741465
1.0
1.0
1.0
1.0
1.0
1.0
0.99999964
0.9999999
0.9999994
1.0
1.0
1.0
0.99811953
1.0
1.0
1.0
1.0
1.0
0.9999949
1.0
1.0
1.0
1.0
1.0
1.0
0.99999964
1.0
1.0
0.99999774
0.99999905
1.0
0.999997
1.0
1.0
0.99995685
1.0
0.98312587
1.0
1.0
0.962033
0.9993604
1.0
1.0
1.0
0.99705064
1.0
0.9999999
0.9999958
1.0
0.99999845
1.0
1.0
1.0
0.9999869
0.9999999
0.9999987
1.0
1.0
1.0
0.9999945
0.9999993
1.0
1.0
1.0
0.9999999
0.9999999
1.0
0.5526658
0.99999976
0.9999951
1.0
1.0
1.0
1.0
0.99992514
0.78443044
0.9999485
1.0
1.0
0.99824166
0.99802506
1.0
1.0
0.99999535
1.0
1.0
1.0
0.9999995
0.99999917
1.0
1.0
1.0
1.0
1.0
1.0
0.95713294
1.0
1.0
1.0
0.9999999
1.0
1.0
1.0
1.0
1.0
1.0
0.9998179
1.0
1.0
0.9999989
1.0
1.0
0.9971288
0.99999964
1.0
1.0
1.0
1.0
1.0
1.0
1.0
1.0
1.0
1.0
1.0
1.0
1.0
0.9999999
1.0
0.9999994
0.9999846
0.99996686
0.9999988
1.0
0.99999917
1.0
1.0
1.0
1.0
0.999998
0.99998033
0.9999995
1.0
0.99999976
1.0
1.0
1.0
1.0
0.37145248
1.0
1.0
1.0
0.9999987
1.0
1.0
1.0
0.99999976
1.0
0.9973072
0.99999976
0.9999999
1.0
1.0
1.0
0.99999976
1.0
0.99965906
0.99893755
1.0
0.99998283
1.0
0.99996996
1.0
1.0
0.99999833
1.0
0.99999976
0.9999846
1.0
1.0
0.99989843
0.9999956
1.0
1.0
1.0
1.0
0.9997168
1.0
1.0
0.9999999
1.0
0.9999995
1.0
1.0
0.9999999
1.0
0.9999962
0.9999747
1.0
1.0
1.0
0.99995923
0.9999976
1.0
1.0
0.999508
1.0
0.99999964
1.0
0.9999999
0.9999999
1.0
1.0
1.0
1.0
0.99999964
1.0
1.0
1.0
1.0
1.0
1.0
1.0
0.99907327
1.0
1.0
0.9966924
1.0
1.0
0.9996394
1.0
1.0
1.0
1.0
1.0
1.0
0.97972304
1.0
0.9999136
1.0
1.0
0.99982566
1.0
1.0
1.0
1.0
0.99999845
1.0
1.0
1.0
1.0
1.0
0.9999999
1.0
1.0
1.0
0.9999988
0.999992
0.9999294
0.99730694
1.0
0.61057794
1.0
1.0
1.0
0.99999976
1.0
0.999124
0.9999999
1.0
1.0
1.0
1.0
1.0
1.0
1.0
0.99996436
1.0
1.0
1.0
1.0
1.0
0.99999964
1.0
0.99999964
1.0
1.0
0.99999845
1.0
1.0
1.0
0.9999999
1.0
1.0
1.0
0.99999964
0.9999018
1.0
1.0
1.0
1.0
0.99999964
0.9999833
0.9999995
1.0
0.9999895
1.0
0.9983183
1.0
1.0
0.9999875
1.0
0.9999988
0.9999825
0.9989931
1.0
1.0
1.0
1.0
1.0
1.0
0.9999963
1.0
0.9999995
1.0
1.0
0.9999995
0.99999213
1.0
1.0
1.0
0.99999976
1.0
1.0
0.99999976
1.0
1.0
1.0
1.0
0.99999845
0.9931252
1.0
0.9999707
1.0
1.0
0.99971706
0.99999416
0.9999957
0.999962
1.0
0.9999995
0.9999931
0.9999999
1.0
0.99999976
1.0
0.9999962
0.9999982
0.9999943
1.0
1.0
1.0
1.0
0.99999976
0.9999999
1.0
1.0
0.9999994
1.0
1.0
1.0
1.0
1.0
1.0
0.9991178
1.0
0.93165743
0.9999999
1.0
1.0
1.0
0.99999917
0.99392843
0.9999944
1.0
1.0
0.99999905
1.0
1.0
1.0
1.0
0.9999722
1.0
0.973478
1.0
0.99999976
1.0
0.9999999
0.90637565
1.0
1.0
0.96036845
0.99998605
1.0
1.0
0.9999918
0.99999976
0.9999999
1.0
1.0
1.0
0.56092256
0.9999999
1.0
1.0
0.99999964
0.99997306
1.0
1.0
0.9999999
1.0
0.9998294
1.0
1.0
1.0
0.9999924
0.99999964
1.0
0.6594304
1.0
1.0
1.0
0.99998903
1.0
1.0
1.0
1.0
1.0
1.0
0.9999999
1.0
1.0
0.9994168
1.0
1.0
1.0
1.0
1.0
0.9995726
1.0
1.0
0.99902165
0.9999994
0.9999988
1.0
1.0
0.75321376
0.9999993
1.0
0.99999595
1.0
1.0
1.0
0.9999994
1.0
0.9981274
1.0
0.77883273
0.9999999
1.0
1.0
0.9999964
1.0
0.9999999
0.9999813
1.0
0.5731179
1.0
1.0
1.0
1.0
0.9999987
1.0
0.99999547
1.0
1.0
1.0
0.9556707
0.99972147
0.99993396
0.9999999
1.0
1.0
0.8482957
1.0
1.0
0.9999281
1.0
1.0
1.0
1.0
0.9999969
1.0
1.0
1.0
0.99999976
0.99996746
1.0
0.99999845
1.0
1.0
0.99999845
1.0
1.0
1.0
0.99999976
0.99999857
1.0
1.0
0.999984
1.0
1.0
1.0
1.0
0.9999995
1.0
0.99999106
0.9999999
1.0
1.0
1.0
1.0
0.999858
1.0
1.0
1.0
1.0
1.0
1.0
1.0
0.5809257
0.9999994
1.0
0.9991184
0.99712366
1.0
0.9999999
0.5711747
1.0
0.9999999
1.0
0.99999595
1.0
0.9993777
1.0
0.9999987
0.9991079
1.0
0.99998426
1.0
1.0
1.0
1.0
1.0
1.0
1.0
1.0
0.99999833
1.0
1.0
0.99999523
1.0
1.0
0.99941957
1.0
1.0
0.9999999
1.0
1.0
0.99999976
0.99999416
1.0
0.9998288
0.999848
1.0
1.0
1.0
1.0
1.0
1.0
0.9999981
1.0
0.99999297
0.99999964
1.0
0.9994985
1.0
1.0
1.0
1.0
0.9999615
1.0
0.9999999
1.0
1.0
1.0
1.0
1.0
1.0
1.0
0.9999999
1.0
1.0
1.0
1.0
1.0
0.99997973
1.0
1.0
1.0
1.0
1.0
1.0
1.0
0.98615646
1.0
0.9999964
1.0
1.0
1.0
0.9999325
0.9999999
1.0
1.0
0.9999995
1.0
1.0
0.99999976
0.94060975
1.0
1.0
1.0
1.0
1.0
0.99999964
1.0
0.99999976
1.0
1.0
1.0
0.9999993
0.99722725
1.0
1.0
0.99998987
1.0
0.99998295
0.9999784
0.9999988
1.0
0.999997
0.9999999
1.0
1.0
1.0
0.99999976
0.999711
1.0
1.0
1.0
1.0
1.0
0.99765956
1.0
1.0
1.0
0.99999523
1.0
0.99999917
1.0
1.0
1.0
1.0
1.0
0.9999924
0.99999726
1.0
0.99566853
1.0
1.0
1.0
0.99999964
0.9999999
1.0
1.0
1.0
0.99999976
0.9999976
1.0
1.0
1.0
0.9930032
1.0
1.0
1.0
1.0
1.0
1.0
1.0
0.99999976
1.0
1.0
1.0
1.0
1.0
1.0
0.99999607
1.0
1.0
1.0
1.0
0.99999857
1.0
1.0
0.9999999
1.0
1.0
0.69766855
1.0
0.9997485
1.0
1.0
1.0
1.0
1.0
0.999992
0.9999999
1.0
0.99233174
1.0
0.99999833
1.0
1.0
1.0
0.99999964
0.9955609
1.0
1.0
1.0
1.0
0.9999994
0.9999993
1.0
0.99995315
1.0
0.9999999
0.9999999
1.0
1.0
1.0
1.0
1.0
0.9999995
1.0
0.8982955
1.0
0.9999939
0.9999993
1.0
1.0
1.0
1.0
0.78170085
0.9999982
1.0
0.9999862
1.0
0.9999999
1.0
1.0
0.99058425
1.0
1.0
0.9999995
0.999998
1.0
1.0
0.9999995
1.0
1.0
1.0
0.9989209
0.9999999
1.0
1.0
0.99977225
0.99999976
1.0
1.0
0.99999225
1.0
1.0
1.0
1.0
1.0
0.99870324
0.9998877
0.99996364
0.9999987
1.0
1.0
1.0
0.9330549
0.99963367
1.0
0.99890614
1.0
0.99999833
0.9999883
1.0
0.9915801
0.9999995
1.0
1.0
1.0
1.0
1.0
0.99999964
1.0
1.0
0.9999999
1.0
0.9999999
1.0
0.9999975
0.9999919
1.0
1.0
0.99997854
0.99997616
0.9999994
1.0
0.999997
1.0
1.0
1.0
0.62074214
1.0
0.99999607
1.0
1.0
1.0
1.0
1.0
0.99999547
0.99999976
1.0
1.0
1.0
1.0
1.0
1.0
1.0
1.0
1.0
0.99992204
0.9999987
1.0
1.0
1.0
0.99999833
1.0
0.9817223
1.0
0.9997074
1.0
1.0
1.0
1.0
0.9993349
0.9999999
0.9999714
1.0
0.99999964
0.9998839
1.0
0.9999683
1.0
0.99999845
1.0
0.999838
0.9999988
0.9950099
0.99999964
1.0
1.0
1.0
1.0
1.0
1.0
0.9999994
1.0
0.99999976
1.0
1.0
1.0
0.999897
1.0
1.0
1.0
1.0
1.0
1.0
1.0
0.99999344
1.0
1.0
0.9999995
0.9999931
1.0
0.9999999
1.0
0.9999999
1.0
1.0
0.9999999
1.0
0.9999994
0.99997497
0.9999969
0.9999999
0.9693959
1.0
1.0
1.0
0.9999918
0.9887251
1.0
1.0
1.0
0.99584794
1.0
1.0
1.0
1.0
1.0
1.0
0.99999905
1.0
1.0
0.9999999
0.9999999
1.0
1.0
0.99995697
0.99996674
0.9999999
1.0
1.0
1.0
0.99999917
0.9999988
1.0
1.0
1.0
0.9937396
1.0
0.99999976
0.9989017
0.9999999
1.0
1.0
1.0
1.0
1.0
0.99999905
0.9999987
0.99999964
0.99999976
1.0
1.0
0.9999995
0.9999999
0.9999993
1.0
1.0
0.9999999
1.0
0.99908614
0.9998996
1.0
1.0
1.0
0.99953413
1.0
1.0
1.0
1.0
1.0
0.9999994
0.9999893
1.0
1.0
0.99999976
1.0
1.0
0.9850203
1.0
1.0
0.99999464
0.9999999
1.0
0.9999964
1.0
1.0
1.0
1.0
0.9632859
1.0
1.0
1.0
1.0
0.9999999
0.9999994
1.0
1.0
0.99994874
1.0
0.9999826
0.9999566
0.9999896
1.0
1.0
1.0
0.9999999
1.0
0.9836842
1.0
0.99999964
1.0
1.0
0.9999968
1.0
1.0
0.9999999
1.0
1.0
0.9999943
1.0
1.0
1.0
1.0
1.0
0.99998
1.0
1.0
1.0
1.0
1.0
1.0
1.0
0.9999982
1.0
0.99999917
1.0
1.0
1.0
1.0
1.0
1.0
1.0
0.99934036
1.0
1.0
1.0
1.0
0.9999994
1.0
0.9626851
1.0
1.0
1.0
1.0
1.0
1.0
1.0
1.0
1.0
0.9991462
0.9999999
0.99999774
1.0
0.999782
0.9999832
0.99998736
1.0
1.0
1.0
0.99999917
1.0
0.74924517
0.99999285
1.0
1.0
1.0
1.0
1.0
1.0
0.9999517
0.99999785
1.0
0.99999785
0.9996711
0.9999999
0.99999964
1.0
0.9962676
1.0
0.99987864
0.99999106
1.0
1.0
0.99999964
1.0
1.0
1.0
1.0
0.9998318
0.997721
0.8855928
1.0
1.0
1.0
1.0
1.0
0.99999726
0.9961665
1.0
0.9991008
1.0
0.9999964
1.0
1.0
1.0
1.0
1.0
1.0
1.0
1.0
0.99999475
1.0
0.9999926
1.0
1.0
0.99999976
1.0
1.0
1.0
1.0
0.99999726
1.0
0.9999987
1.0
1.0
1.0
1.0
0.9999993
1.0
0.9999602
1.0
0.99999976
1.0
0.9999976
1.0
1.0
1.0
0.998285
1.0
0.9999995
1.0
1.0
0.9998945
1.0
0.9999999
1.0
0.99999964
0.99999917
0.99999905
1.0
0.9999994
1.0
1.0
0.9999993
1.0
0.9997162
1.0
0.9999999
1.0
1.0
0.99999976
1.0
0.999925
1.0
0.99999714
1.0
0.99999976
0.9999999
1.0
0.999995
0.9997278
1.0
1.0
0.99999285
1.0
1.0
1.0
0.99999976
1.0
0.99973387
1.0
1.0
0.9993284
0.9999995
1.0
1.0
1.0
1.0
1.0
1.0
1.0
1.0
1.0
1.0
0.99999845
0.99999857
1.0
1.0
1.0
0.9999999
1.0
1.0
0.9999993
1.0
1.0
1.0
1.0
0.9999999
1.0
1.0
0.9999993
1.0
1.0
0.99999595
1.0
0.9999852
1.0
0.99999976
1.0
0.99999964
1.0
1.0
1.0
1.0
1.0
0.9999994
0.9999871
1.0
1.0
0.99994755
1.0
1.0
0.9999999
0.9999994
0.99968517
0.999997
1.0
1.0
0.9999993
1.0
0.99614763
1.0
0.9999999
0.9999999
0.99999917
0.9999999
0.9378091
1.0
0.9999999
0.9962894
1.0
1.0
1.0
1.0
1.0
1.0
0.99999845
0.94663286
0.98777485
0.999998
1.0
1.0
1.0
0.99999225
0.99999774
0.99999475
1.0
1.0
1.0
1.0
1.0
0.99976844
0.997147
0.99999976
1.0
0.9999995
1.0
1.0
0.9999975
1.0
0.99998164
1.0
1.0
1.0
1.0
0.99991095
1.0
1.0
1.0
0.9998977
1.0
0.99999046
1.0
1.0
1.0
0.9999902
0.99999905
1.0
0.99834585
1.0
0.99999976
1.0
1.0
1.0
1.0
0.9999937
1.0
1.0
1.0
0.9999944
0.9999999
1.0
0.9999995
1.0
0.90903485
1.0
1.0
1.0
1.0
0.99999964
0.9999988
1.0
1.0
0.999992
0.90952796
1.0
1.0
1.0
1.0
1.0
1.0
0.99999976
1.0
1.0
1.0
1.0
1.0
1.0
0.9999999
1.0
0.9999994
1.0
0.9999982
1.0
1.0
0.999992
1.0
1.0
0.99998736
0.99046177
1.0
1.0
0.9999999
1.0
1.0
1.0
1.0
1.0
1.0
0.9999987
1.0
1.0
1.0
1.0
1.0
1.0
0.99999976
1.0
1.0
1.0
1.0
1.0
1.0
1.0
1.0
0.99999976
1.0
0.99999905
0.9988721
0.99313885
0.99999976
0.99981767
1.0
1.0
1.0
1.0
1.0
1.0
0.9999994
0.99999976
1.0
1.0
0.7758274
1.0
1.0
1.0
1.0
0.9999993
1.0
1.0
1.0
1.0
1.0
0.9999999
1.0
1.0
1.0
1.0
1.0
1.0
0.9999995
0.9999964
1.0
1.0
1.0
1.0
0.99999976
0.99999833
1.0
0.99991894
1.0
0.9999348
0.99999976
1.0
1.0
0.99999905
0.9999999
0.9999869
0.99964356
0.9999999
0.99999905
1.0
1.0
0.9972126
1.0
1.0
0.9998739
0.9999999
1.0
1.0
0.9999988
0.9999956
1.0
1.0
1.0
1.0
1.0
1.0
0.97975004
0.99970645
1.0
0.99843305
0.99897134
0.99995005
1.0
0.9999993
1.0
1.0
1.0
0.9999987
1.0
0.9999988
1.0
1.0
0.99999964
1.0
1.0
0.9999999
1.0
1.0
1.0
1.0
1.0
1.0
1.0
1.0
0.99999726
1.0
1.0
0.99999964
0.9999974
1.0
1.0
1.0
1.0
0.99978465
1.0
1.0
1.0
1.0
0.9999999
0.999154
0.99999034
1.0
1.0
0.99999905
1.0
1.0
1.0
0.99999964
0.99999976
1.0
1.0
0.99999964
0.99999213
1.0
1.0
1.0
0.9997317
1.0
0.9999999
1.0
0.9999999
1.0
1.0
0.9999902
1.0
1.0
1.0
1.0
1.0
0.9999981
1.0
1.0
0.99999523
0.9998833
1.0
1.0
1.0
0.99999
0.9999999
1.0
0.99996734
1.0
1.0
1.0
1.0
0.9995303
0.9999976
1.0
1.0
0.99999726
1.0
1.0
0.6603625
1.0
1.0
1.0
0.9999987
1.0
1.0
1.0
0.9999999
1.0
0.99999976
0.99986887
1.0
0.99999726
0.9999949
0.99999845
1.0
1.0
1.0
1.0
1.0
1.0
1.0
1.0
1.0
0.99880004
0.99998915
0.99999464
1.0
0.9999856
1.0
1.0
1.0
1.0
1.0
0.999995
0.99999976
0.99999917
0.99999964
1.0
1.0
0.99999976
0.99999607
1.0
0.9999647
1.0
1.0
1.0
0.9999949
1.0
1.0
1.0
0.9999999
1.0
1.0
0.9999058
1.0
1.0
1.0
1.0
1.0
1.0
0.99999976
0.9871803
0.99914837
1.0
0.9999993
0.9999995
1.0
1.0
1.0
0.999998
1.0
1.0
1.0
1.0
1.0
1.0
0.99999726
0.99999833
1.0
1.0
1.0
1.0
1.0
1.0
1.0
1.0
1.0
1.0
1.0
0.99984443
1.0
0.99999416
0.99999964
1.0
1.0
1.0
0.999998
1.0
1.0
0.9999788
1.0
0.99999905
0.9999888
0.9984328
0.9999999
1.0
0.9999988
1.0
1.0
0.99986947
0.9990746
1.0
0.99999976
1.0
0.999998
0.9993463
0.99999857
0.9998215
1.0
1.0
1.0
1.0
0.9999999
0.99999976
1.0
0.9999999
1.0
1.0
1.0
1.0
1.0
0.9999931
1.0
1.0
0.99998665
1.0
1.0
1.0
0.99999976
1.0
0.9999989
1.0
0.997965
1.0
1.0
1.0
0.999998
1.0
1.0
0.99999964
0.9999924
1.0
1.0
1.0
1.0
1.0
0.99999785
0.9174651
1.0
1.0
1.0
0.99999917
1.0
1.0
1.0
0.9999989
1.0
0.9999999
1.0
1.0
1.0
0.99999964
1.0
1.0
1.0
1.0
0.9999999
0.9999999
0.9999999
1.0
1.0
1.0
1.0
0.9999999
0.999997
1.0
1.0
1.0
1.0
1.0
1.0
0.9999975
1.0
0.99999964
1.0
0.9989693
0.9999981
0.99999976
0.9999981
0.99999976
0.9999951
1.0
0.9999989
0.9999999
1.0
1.0
1.0
1.0
1.0
1.0
0.9999999
1.0
1.0
1.0
0.9998394
0.9999943
1.0
1.0
1.0
1.0
0.99999535
0.99955744
1.0
0.9999622
0.99394834
1.0
0.99999726
1.0
1.0
1.0
0.9999335
1.0
1.0
0.9999943
1.0
1.0
1.0
1.0
1.0
1.0
1.0
1.0
1.0
1.0
0.99999976
1.0
0.9999999
0.9958072
0.99972326
1.0
0.9999995
1.0
1.0
1.0
1.0
1.0
0.9999999
1.0
1.0
1.0
1.0
0.9999932
0.99999917
0.9999976
0.99999976
0.99999964
1.0
0.99999666
0.9999999
1.0
1.0
0.99999917
1.0
1.0
1.0
1.0
0.9936237
0.9999974
1.0
0.99999976
1.0
1.0
0.9999994
1.0
0.99883825
1.0
1.0
1.0
1.0
1.0
1.0
0.9999999
0.99999976
0.999997
1.0
0.9999999
1.0
0.9999999
0.9996557
1.0
1.0
1.0
0.99988306
0.9999901
1.0
1.0
0.9997831
0.5740068
1.0
0.9999989
1.0
1.0
0.99999917
0.9999999
0.99999964
1.0
1.0
1.0
1.0
1.0
1.0
1.0
0.9999999
0.9990318
1.0
1.0
0.9999999
1.0
0.99999964
1.0
0.9998815
0.9215937
0.99911946
1.0
1.0
1.0
1.0
0.99998415
1.0
1.0
1.0
1.0
1.0
1.0
0.99995613
1.0
0.9999964
0.99938715
0.9999926
1.0
1.0
1.0
1.0
0.99995697
0.99999905
1.0
1.0
1.0
0.9999999
1.0
0.99999964
1.0
0.999997
1.0
0.9999989
1.0
1.0
1.0
1.0
0.9999999
0.9999989
0.9999994
0.9874148
0.9999434
0.9995734
1.0
1.0
0.9999993
1.0
1.0
1.0
1.0
1.0
1.0
1.0
1.0
0.99999833
1.0
0.99999845
1.0
1.0
0.9995802
1.0
1.0
1.0
1.0
1.0
0.9999987
1.0
0.96500844
1.0
1.0
0.9999857
1.0
1.0
0.99999976
1.0
0.99999917
0.9999976
0.99999976
1.0
1.0
1.0
1.0
1.0
1.0
0.9999999
1.0
1.0
0.9999993
0.9999999
1.0
1.0
0.9999995
1.0
1.0
0.9999982
1.0
1.0
1.0
1.0
0.998667
1.0
1.0
1.0
0.999918
1.0
0.9999889
1.0
1.0
0.99999785
1.0
0.99999976
1.0
1.0
0.99999845
1.0
1.0
1.0
1.0
1.0
1.0
1.0
0.9999999
0.7398533
1.0
1.0
1.0
1.0
1.0
1.0
0.9999671
1.0
0.9999988
1.0
1.0
1.0
0.99999845
0.9999987
1.0
1.0
1.0
1.0
1.0
1.0
0.9972486
1.0
1.0
1.0
0.99995863
1.0
1.0
1.0
0.9999981
0.9999999
1.0
0.99999976
0.99999964
1.0
1.0
1.0
0.653251
1.0
1.0
0.99998665
1.0
0.9999975
0.99982387
1.0
0.9988902
0.98319316
0.9999974
0.9998079
0.99042237
1.0
1.0
1.0
1.0
1.0
0.9999907
1.0
1.0
0.9999988
1.0
1.0
0.9994979
1.0
0.99999964
1.0
0.9999999
1.0
0.99999535
0.99998057
1.0
0.99177176
1.0
1.0
0.999997
0.9999398
0.9999994
0.99999976
1.0
1.0
1.0
1.0
0.9753975
1.0
0.99999964
1.0
0.9999988
0.44560337
1.0
1.0
1.0
0.99999976
0.99999034
1.0
1.0
1.0
0.9999703
1.0
0.7027905
1.0
0.99944884
1.0
0.99999964
1.0
1.0
0.99999905
1.0
1.0
1.0
1.0
1.0
0.99999535
1.0
1.0
0.98965657
0.99999976
0.9989004
1.0
1.0
0.9999943
1.0
0.9997973
1.0
1.0
0.99999905
1.0
0.9878065
1.0
0.98824626
1.0
0.999998
0.9955146
1.0
1.0
1.0
1.0
1.0
0.9999999
0.99999976
1.0
0.9999999
0.9983394
1.0
1.0
1.0
1.0
1.0
1.0
1.0
1.0
1.0
0.9999168
1.0
0.9999981
1.0
0.9999999
0.99998784
1.0
0.99990296
0.9999993
0.9999982
1.0
1.0
1.0
1.0
1.0
0.9999126
1.0
0.9999994
1.0
0.9531324
1.0
0.9999999
0.48146582
1.0
0.99998426
0.9999999
0.99999976
1.0
0.9999614
1.0
1.0
0.99999166
1.0
0.99999976
1.0
1.0
0.99999976
1.0
0.9748786
1.0
0.9999981
1.0
1.0
1.0
1.0
0.99998975
1.0
0.9999964
1.0
1.0
1.0
1.0
1.0
1.0
0.9999999
1.0
1.0
1.0
1.0
1.0
1.0
1.0
0.8863385
0.9999994
1.0
1.0
0.99999964
1.0
1.0
0.9999999
1.0
0.9999274
1.0
1.0
1.0
0.9201407
1.0
1.0
0.9999988
1.0
1.0
1.0
1.0
1.0
1.0
1.0
1.0
1.0
1.0
1.0
1.0
1.0
0.9999982
1.0
0.9999999
0.999985
1.0
1.0
1.0
1.0
0.9999999
1.0
1.0
1.0
1.0
1.0
1.0
1.0
0.99740547
0.99999976
0.9881292
1.0
0.99948967
1.0
1.0
0.9998468
1.0
1.0
1.0
0.99999964
0.99691486
0.99999976
1.0
1.0
1.0
1.0
1.0
1.0
1.0
1.0
0.9999999
0.99997747
1.0
1.0
1.0
1.0
0.99999964
0.995827
0.99999523
0.9999982
0.9996178
1.0
1.0
1.0
1.0
0.99531317
0.99999917
0.99999774
1.0
1.0
0.9999999
1.0
0.9999993
0.99998224
0.9989674
0.99999726
0.9999993
0.99999976
0.99999917
1.0
1.0
1.0
1.0
0.99999964
0.99992025
1.0
0.99991393
0.9999999
1.0
0.99999857
0.9999933
1.0
1.0
1.0
1.0
1.0
0.5662613
1.0
1.0
1.0
1.0
0.99999964
1.0
1.0
0.99999607
1.0
0.99706286
0.9999981
0.99999964
1.0
1.0
0.9999987
1.0
1.0
1.0
1.0
0.9679804
1.0
0.999995
0.99998295
0.9999999
1.0
1.0
1.0
1.0
1.0
0.9999875
0.9999999
1.0
1.0
1.0
1.0
1.0
0.99999964
1.0
1.0
0.9999976
1.0
1.0
1.0
1.0
0.9999975
0.9999485
1.0
0.9999999
0.99999976
1.0
1.0
1.0
0.9999999
0.99999547
1.0
0.99347985
1.0
0.99866545
1.0
1.0
1.0
1.0
1.0
0.99770784
1.0
1.0
0.9999999
0.98349416
1.0
1.0
0.9077963
1.0
1.0
0.99999964
1.0
1.0
1.0
1.0
0.9999993
1.0
0.9999962
1.0
1.0
1.0
1.0
0.9999845
1.0
1.0
1.0
1.0
0.99999857
0.9999126
0.99996734
1.0
0.99999595
1.0
1.0
1.0
1.0
0.99999905
1.0
1.0
1.0
0.99999046
1.0
1.0
0.99999917
1.0
0.99999726
0.99990237
1.0
0.99999976
0.9999999
1.0
0.9999999
1.0
0.99999964
0.9989674
0.9996352
1.0
1.0
1.0
1.0
1.0
1.0
1.0
0.9999919
1.0
1.0
1.0
0.9999999
0.9999995
0.99991345
1.0
0.9999405
1.0
1.0
0.9999938
0.9999982
1.0
0.9999875
0.9999999
1.0
0.9999999
1.0
1.0
0.89858323
1.0
0.99992573
1.0
0.9999932
1.0
0.99999964
1.0
1.0
0.96430194
1.0
1.0
1.0
1.0
1.0
1.0
1.0
0.99999917
1.0
1.0
0.9998987
1.0
0.9188221
0.9999995
0.9999999
1.0
0.9999256
1.0
0.9999988
0.99999976
0.99999964
0.9999982
1.0
1.0
1.0
1.0
1.0
1.0
0.9999987
0.99999154
0.99999964
1.0
0.99998486
1.0
0.9999994
0.99999654
1.0
0.9588419
1.0
1.0
1.0
0.92307687
1.0
0.9999989
1.0
1.0
1.0
0.99433196
0.9999651
1.0
1.0
1.0
0.9999833
1.0
1.0
1.0
1.0
0.9999994
1.0
0.9999987
0.9989705
1.0
1.0
1.0
0.9999999
1.0
1.0
1.0
1.0
1.0
1.0
1.0
1.0
1.0
0.85327935
0.99999833
1.0
1.0
1.0
0.99999976
0.999987
0.99999964
1.0
1.0
0.7655893
1.0
1.0
1.0
1.0
1.0
1.0
0.99978775
0.9811064
1.0
1.0
0.9998541
0.99999475
1.0
1.0
1.0
1.0
0.76583743
0.9999902
1.0
1.0
0.9999982
1.0
0.96817946
1.0
1.0
1.0
1.0
1.0
0.9999988
1.0
1.0
0.99999976
0.99999213
1.0
1.0
0.98499215
0.99999964
1.0
0.9999994
1.0
0.69300115
1.0
1.0
1.0
0.9999964
0.9999958
1.0
1.0
0.999972
0.9999999
0.99999547
0.99991286
0.9999988
1.0
1.0
1.0
1.0
0.9496744
1.0
0.99999976
1.0
1.0
1.0
1.0
0.9994628
0.9999989
0.99987864
1.0
0.9999889
1.0
1.0
1.0
0.9999999
1.0
0.99999964
1.0
0.9999999
1.0
1.0
1.0
1.0
0.9999993
1.0
1.0
0.9999999
1.0
1.0
1.0
1.0
1.0
0.99999964
1.0
0.99999976
1.0
1.0
0.99976677
1.0
1.0
1.0
1.0
0.99999595
0.99955577
1.0
1.0
1.0
0.9999999
0.99999905
1.0
1.0
1.0
0.99914217
0.98458314
1.0
1.0
0.9999566
1.0
1.0
1.0
1.0
0.99999964
0.98102826
0.9999995
1.0
1.0
1.0
0.9998822
1.0
1.0
0.99999607
1.0
1.0
0.9982876
1.0
0.9980394
1.0
0.999987
0.9999969
0.9999999
1.0
1.0
1.0
1.0
0.999997
1.0
0.99999917
1.0
0.9999999
0.99999857
0.99999917
1.0
0.9999993
0.99418855
0.99999917
1.0
0.9999994
1.0
0.9999832
1.0
1.0
0.999997
1.0
1.0
1.0
1.0
0.999997
1.0
1.0
1.0
1.0
1.0
0.9999994
0.9999999
0.9999987
0.99999964
1.0
0.9999987
0.99902177
1.0
0.99999964
1.0
0.9999815
1.0
1.0
0.99999857
0.9996768
1.0
0.9999449
1.0
0.99999845
0.99999964
0.99999654
1.0
0.9999999
1.0
0.8892281
1.0
1.0
1.0
1.0
1.0
0.9998264
1.0
0.99993193
1.0
1.0
0.99966764
0.99999917
1.0
1.0
1.0
1.0
0.9999993
1.0
1.0
0.9999974
1.0
1.0
1.0
0.99999976
1.0
0.99999976
1.0
1.0
1.0
1.0
1.0
1.0
1.0
0.9954591
1.0
0.99999964
0.9999999
1.0
0.9999939
1.0
1.0
0.9999999
1.0
0.9999771
0.99999917
0.99999774
1.0
1.0
1.0
1.0
0.9999728
0.9999999
1.0
0.99297416
0.9995839
0.9999999
0.98153484
1.0
1.0
0.99999917
0.9934982
0.99942136
0.99999726
0.96952844
1.0
1.0
1.0
0.99999845
1.0
1.0
1.0
1.0
1.0
1.0
1.0
0.9996549
1.0
0.99999714
1.0
1.0
1.0
1.0
1.0
1.0
0.99999845
1.0
1.0
1.0
1.0
1.0
0.9999802
1.0
0.7408405
1.0
1.0
1.0
0.99997747
1.0
1.0
0.9999993
1.0
1.0
1.0
0.99915767
1.0
1.0
0.9999999
0.99987197
0.9999925
0.9999999
0.9999999
1.0
1.0
1.0
0.9999875
1.0
0.99999785
0.99999964
1.0
0.999946
1.0
0.99999976
0.9999939
0.9999981
0.9999999
0.99999857
0.99999404
0.8912781
1.0
1.0
1.0
0.9773022
1.0
1.0
0.9937807
0.99994004
0.9999999
1.0
1.0
1.0
0.9999994
0.9999982
1.0
1.0
1.0
0.99999964
1.0
1.0
0.99999905
0.9999999
0.99974746
1.0
1.0
1.0
0.9999999
1.0
1.0
0.98702466
1.0
1.0
0.9999982
1.0
1.0
1.0
1.0
1.0
1.0
1.0
1.0
1.0
0.9999995
0.9578764
1.0
1.0
0.99999964
0.99986506
0.9924563
1.0
1.0
1.0
1.0
1.0
0.99999905
1.0
1.0
1.0
0.99999976
1.0
0.9999995
0.99999976
1.0
0.9999304
1.0
1.0
1.0
0.88649136
0.99999964
1.0
1.0
0.99999976
0.9999999
1.0
1.0
1.0
1.0
1.0
1.0
1.0
1.0
1.0
1.0
1.0
0.9985001
1.0
0.99999976
0.9999999
0.9999795
1.0
0.9998846
0.99999964
1.0
0.9999999
1.0
1.0
0.9999993
1.0
1.0
0.9999999
0.9999994
0.99999785
0.9999989
1.0
1.0
0.9999999
1.0
0.99999857
1.0
0.9999962
1.0
1.0
1.0
1.0
0.9999999
1.0
1.0
1.0
0.99931467
1.0
0.9999993
0.9999999
1.0
0.9999958
0.9999951
1.0
0.99999905
0.74005765
1.0
1.0
1.0
1.0
0.9999994
1.0
0.9999958
1.0
1.0
1.0
0.99999905
1.0
0.99998283
0.999995
1.0
1.0
0.9999999
1.0
1.0
1.0
0.99999607
1.0
1.0
0.9999788
0.9999696
0.9999989
1.0
1.0
1.0
0.9999999
1.0
0.99950933
1.0
1.0
1.0
1.0
0.9999995
1.0
0.9999889
0.99996614
0.9874462
1.0
1.0
0.99997044
0.9999995
1.0
1.0
1.0
1.0
1.0
1.0
0.99972624
0.9999999
1.0
1.0
0.9999989
1.0
1.0
1.0
0.9999577
0.9999999
0.9745566
1.0
0.9998301
1.0
1.0
1.0
1.0
1.0
1.0
1.0
1.0
1.0
1.0
1.0
1.0
0.9999999
1.0
1.0
1.0
1.0
1.0
1.0
0.99976486
1.0
0.9999999
1.0
1.0
1.0
0.9999999
0.9999999
1.0
1.0
1.0
0.9999987
1.0
1.0
1.0
0.99994767
1.0
1.0
1.0
1.0
1.0
1.0
1.0
1.0
0.5127849
0.99998975
1.0
1.0
1.0
1.0
0.99999917
0.8666707
0.9999746
0.9999374
1.0
1.0
0.99994624
1.0
1.0
1.0
0.99584526
0.99999976
0.9999999
0.9999994
1.0
0.99999964
1.0
1.0
1.0
1.0
1.0
1.0
1.0
0.9999999
0.9989686
0.9922376
0.99999845
1.0
1.0
1.0
1.0
1.0
1.0
1.0
1.0
1.0
1.0
1.0
0.999998
0.9999995
1.0
1.0
1.0
0.9999987
0.99998856
1.0
1.0
0.8428891
0.999744
1.0
1.0
1.0
1.0
1.0
0.99999833
0.9999999
1.0
1.0
1.0
1.0
0.9999999
0.50613445
1.0
0.9999937
1.0
1.0
0.9999789
0.9999839
1.0
0.99999785
1.0
0.9999988
1.0
0.99684083
0.99999976
0.9999987
1.0
0.9999993
1.0
1.0
1.0
1.0
1.0
1.0
0.9999888
0.9999975
1.0
0.99999666
1.0
0.9999994
1.0
1.0
1.0
1.0
0.9999987
1.0
0.99999976
0.9999995
0.99925953
1.0
1.0
1.0
0.9999318
1.0
1.0
0.99999
1.0
1.0
0.99997556
1.0
0.9999999
0.99999976
1.0
1.0
1.0
1.0
0.9999355
1.0
1.0
1.0
1.0
0.99999654
1.0
0.99999976
1.0
1.0
0.9996761
1.0
0.999995
0.9999715
0.99811125
0.9999937
1.0
1.0
1.0
1.0
1.0
0.99995375
0.9998274
0.99999845
1.0
0.9999994
1.0
0.9947127
1.0
1.0
0.9999999
1.0
1.0
1.0
0.9999999
0.9999995
1.0
0.99989116
0.9999989
0.9999999
1.0
0.9999999
0.99999976
1.0
1.0
1.0
1.0
0.9999999
1.0
0.9999807
0.9999999
1.0
0.9999993
0.9999999
1.0
1.0
0.99999535
1.0
1.0
1.0
0.99999475
0.99878544
1.0
1.0
0.9999999
1.0
0.9996456
1.0
0.99675304
1.0
1.0
0.9999999
1.0
1.0
1.0
1.0
0.99999976
0.999998
1.0
0.999998
0.99999404
1.0
1.0
1.0
1.0
0.9999999
0.99999964
1.0
1.0
1.0
1.0
1.0
0.9999999
0.9999999
1.0
0.9999832
1.0
1.0
1.0
1.0
0.99998856
1.0
1.0
1.0
0.99999857
1.0
0.99999774
1.0
1.0
1.0
1.0
0.9999962
1.0
1.0
1.0
1.0
1.0
0.99999034
1.0
0.9999994
1.0
1.0
0.9999931
1.0
1.0
1.0
1.0
1.0
1.0
1.0
1.0
1.0
1.0
0.99999845
1.0
1.0
1.0
1.0
0.9999949
0.9999443
0.9999999
0.9999999
1.0
1.0
1.0
0.99999535
1.0
1.0
0.99999976
1.0
0.9999999
1.0
1.0
1.0
1.0
0.9999994
0.99999714
0.9999949
1.0
0.9999852
1.0
0.99999034
0.99999976
1.0
1.0
0.99999857
1.0
1.0
0.9999913
1.0
0.99999964
0.99999785
1.0
1.0
1.0
1.0
0.99999857
0.9999994
1.0
1.0
1.0
0.9999994
1.0
1.0
1.0
0.99998915
0.9999999
1.0
0.9999999
1.0
0.9999995
0.9999963
0.9999908
0.99999905
1.0
1.0
1.0
1.0
0.99645174
1.0
1.0
1.0
1.0
1.0
1.0
1.0
0.99999857
0.99999917
1.0
1.0
0.99999964
0.9997403
0.9999988
1.0
1.0
1.0
0.9999988
1.0
1.0
1.0
1.0
1.0
1.0
0.9999999
1.0
1.0
0.9999989
1.0
1.0
1.0
0.94520634
1.0
1.0
0.99999917
1.0
1.0
0.9551736
1.0
0.9999993
1.0
1.0
1.0
1.0
0.9999995
1.0
1.0
1.0
0.9999995
0.99998176
1.0
1.0
0.99999964
1.0
1.0
1.0
1.0
1.0
1.0
1.0
1.0
1.0
1.0
1.0
1.0
1.0
0.99998295
1.0
1.0
1.0
1.0
0.9998883
1.0
0.99976176
1.0
0.99992406
1.0
0.9999999
1.0
0.99999964
1.0
1.0
0.9999999
0.9999999
1.0
0.9999999
1.0
1.0
1.0
0.99999726
0.9999999
0.99999976
0.99999976
0.999944
1.0
1.0
1.0
1.0
1.0
1.0
0.997424
1.0
1.0
1.0
1.0
1.0
0.9999999
1.0
1.0
1.0
1.0
1.0
1.0
1.0
0.9999995
0.9999999
1.0
1.0
0.9329196
1.0
1.0
1.0
0.99999917
1.0
0.9999999
0.9999999
1.0
0.9999994
1.0
0.99999964
1.0
1.0
0.99999845
0.99985087
0.99999964
1.0
0.9999999
0.9944404
1.0
1.0
0.99880004
0.99999905
0.9999994
1.0
1.0
1.0
1.0
1.0
1.0
1.0
0.9999925
1.0
1.0
1.0
1.0
1.0
1.0
1.0
1.0
1.0
0.99995625
1.0
1.0
1.0
1.0
1.0
1.0
1.0
1.0
1.0
0.9999888
1.0
1.0
1.0
1.0
1.0
1.0
1.0
1.0
1.0
1.0
1.0
1.0
1.0
1.0
1.0
1.0
1.0
1.0
1.0
1.0
1.0
1.0
1.0
1.0
1.0
1.0
1.0
1.0
1.0
1.0
1.0
1.0
0.9850117
1.0
1.0
1.0
0.9999999
1.0
1.0
1.0
1.0
1.0
1.0
1.0
0.9999995
1.0
1.0
1.0
1.0
1.0
1.0
1.0
1.0
1.0
1.0
1.0
0.9999999
1.0
1.0
1.0
1.0
1.0
1.0
1.0
0.9999994
1.0
1.0
1.0
1.0
1.0
1.0
1.0
0.9999975
0.99999905
1.0
1.0
1.0
1.0
1.0
1.0
1.0
1.0
1.0
1.0
1.0
1.0
1.0
1.0
1.0
1.0
1.0
1.0
1.0
1.0
1.0
1.0
1.0
1.0
1.0
0.9999999
1.0
1.0
0.99999774
1.0
1.0
1.0
0.99999964
1.0
0.99993825
1.0
0.9999988
1.0
1.0
1.0
1.0
1.0
1.0
0.9999987
0.9999993
1.0
1.0
1.0
0.99999905
1.0
1.0
0.99999845
1.0
1.0
0.9999994
1.0
1.0
1.0
1.0
1.0
1.0
1.0
1.0
1.0
0.9999999
1.0
1.0
1.0
1.0
1.0
1.0
1.0
1.0
1.0
1.0
1.0
0.9999933
0.99991083
1.0
1.0
1.0
1.0
1.0
1.0
0.99899656
1.0
1.0
0.9999999
1.0
1.0
1.0
1.0
1.0
1.0
1.0
1.0
0.99999917
1.0
0.9999999
1.0
1.0
1.0
1.0
1.0
1.0
1.0
1.0
1.0
1.0
1.0
0.9999926
1.0
1.0
1.0
1.0
1.0
1.0
1.0
0.9999999
1.0
1.0
1.0
1.0
1.0
1.0
1.0
0.99999964
1.0
1.0
0.99999607
1.0
0.9999999
1.0
1.0
0.9999999
1.0
1.0
1.0
1.0
1.0
1.0
1.0
1.0
1.0
1.0
1.0
0.9999989
1.0
1.0
0.9999703
1.0
1.0
1.0
0.9999987
1.0
1.0
1.0
1.0
1.0
0.9999999
1.0
1.0
1.0
0.9999763
1.0
1.0
0.999997
1.0
0.9999999
1.0
1.0
1.0
1.0
0.999995
0.9993624
1.0
1.0
1.0
1.0
1.0
1.0
1.0
1.0
0.99999976
1.0
1.0
0.99999976
1.0
0.9999926
0.9999994
1.0
0.99991775
1.0
1.0
1.0
1.0
0.99998844
1.0
1.0
1.0
0.9999888
1.0
1.0
1.0
1.0
0.9999995
1.0
0.99999785
1.0
1.0
0.9999912
1.0
1.0
0.9999951
1.0
1.0
1.0
1.0
1.0
1.0
0.9999999
1.0
1.0
1.0
1.0
1.0
1.0
0.99969697
1.0
1.0
1.0
1.0
0.9999999
1.0
0.9999999
1.0
1.0
1.0
1.0
1.0
0.99999774
1.0
1.0
1.0
0.9999988
1.0
1.0
0.9999951
1.0
1.0
0.9995127
1.0
1.0
0.9999844
1.0
1.0
0.9999999
1.0
0.9999989
1.0
1.0
0.8688709
1.0
0.99958116
1.0
0.9999995
0.9999882
0.9999999
0.99999905
0.9998661
0.9998976
1.0
1.0
1.0
1.0
0.9999999
0.9997645
1.0
1.0
1.0
0.9999999
0.9195583
0.99994123
1.0
0.9999999
1.0
1.0
1.0
1.0
0.99999976
1.0
0.99999666
1.0
1.0
0.9999989
1.0
1.0
1.0
1.0
1.0
1.0
1.0
1.0
0.9999285
0.9999089
0.99999964
1.0
1.0
1.0
1.0
0.9999994
1.0
1.0
1.0
1.0
0.99999535
1.0
1.0
0.9999993
1.0
1.0
1.0
1.0
0.99999976
1.0
1.0
1.0
1.0
1.0
1.0
0.99999964
1.0
1.0
1.0
1.0
0.9999993
0.9999926
1.0
1.0
1.0
1.0
0.99999857
1.0
1.0
0.9999957
1.0
0.99999976
0.9999845
1.0
1.0
1.0
1.0
1.0
0.99999905
0.9999969
0.9999995
1.0
1.0
0.99999535
0.9999994
1.0
0.9629073
0.9991773
0.9660565
1.0
1.0
1.0
0.99999917
1.0
1.0
0.9999646
1.0
0.999972
1.0
1.0
1.0
0.9923355
1.0
1.0
0.9686761
1.0
0.9999999
1.0
0.9999962
0.9999999
1.0
1.0
1.0
1.0
1.0
0.9999999
1.0
1.0
1.0
1.0
1.0
0.9999995
0.99999714
1.0
1.0
0.99999964
1.0
1.0
1.0
1.0
0.99999344
1.0
1.0
1.0
1.0
1.0
0.99999976
1.0
1.0
0.9999999
1.0
1.0
1.0
1.0
1.0
1.0
1.0
1.0
1.0
1.0
1.0
1.0
0.9999994
0.9981552
0.99994934
1.0
1.0
1.0
0.9999944
0.99999726
0.9999999
1.0
1.0
1.0
1.0
1.0
1.0
1.0
1.0
1.0
1.0
1.0
0.9999999
0.9999999
1.0
0.99999523
1.0
1.0
1.0
0.9986286
0.99999833
1.0
1.0
1.0
1.0
1.0
1.0
0.9996668
1.0
1.0
1.0
1.0
0.9999999
1.0
0.9999944
1.0
1.0
0.9999994
1.0
1.0
1.0
0.9999999
1.0
1.0
1.0
1.0
1.0
1.0
1.0
1.0
1.0
1.0
1.0
1.0
1.0
1.0
1.0
1.0
0.9999999
1.0
1.0
1.0
1.0
0.9999999
1.0
1.0
1.0
1.0
1.0
0.99848026
1.0
1.0
1.0
1.0
1.0
1.0
1.0
0.99999964
1.0
0.9952514
0.9759613
1.0
0.9999989
0.9999999
1.0
1.0
1.0
1.0
1.0
0.9999999
1.0
1.0
1.0
1.0
1.0
0.9999981
1.0
1.0
0.99995387
1.0
1.0
1.0
1.0
1.0
0.9999974
1.0
0.9999999
1.0
0.9999999
1.0
0.9999994
1.0
1.0
0.9999863
0.9999995
1.0
0.9999964
1.0
0.99999464
1.0
1.0
1.0
1.0
1.0
1.0
1.0
0.99999774
0.99999905
0.9995214
0.9469515
1.0
0.99996674
1.0
1.0
1.0
1.0
1.0
1.0
1.0
1.0
1.0
0.9999993
0.9999999
1.0
1.0
1.0
1.0
0.9850609
1.0
1.0
1.0
0.9999678
1.0
0.9999987
1.0
0.9999976
1.0
1.0
1.0
1.0
1.0
1.0
1.0
1.0
0.99999976
0.9998006
1.0
1.0
1.0
1.0
1.0
1.0
1.0
0.9985018
0.9998789
1.0
1.0
0.9999964
1.0
0.99999964
1.0
1.0
1.0
1.0
0.99999976
1.0
1.0
1.0
0.9999999
0.9994603
0.9999999
1.0
0.9999949
1.0
0.99999964
1.0
0.9999516
1.0
0.9999529
0.9999999
1.0
0.99999404
1.0
0.9999833
1.0
1.0
1.0
1.0
1.0
1.0
1.0
1.0
0.9999988
1.0
1.0
0.99992263
1.0
1.0
0.9999082
0.99999917
0.9999943
0.9999999
1.0
0.99999845
1.0
1.0
1.0
0.9943573
1.0
1.0
1.0
1.0
1.0
1.0
0.9999993
1.0
1.0
0.99999654
1.0
1.0
0.9999945
0.99999976
0.9999993
1.0
1.0
0.99999976
0.99999976
1.0
1.0
1.0
1.0
0.99999774
1.0
1.0
1.0
1.0
1.0
0.99479795
1.0
1.0
1.0
1.0
1.0
0.99980754
0.99999964
0.99999976
1.0
0.9999999
1.0
1.0
1.0
1.0
0.99999964
0.97101206
1.0
1.0
0.9999999
1.0
1.0
1.0
1.0
1.0
1.0
0.72276086
1.0
0.9999143
1.0
1.0
1.0
1.0
1.0
1.0
1.0
0.9999937
1.0
1.0
1.0
1.0
1.0
0.9999993
1.0
0.99999857
1.0
1.0
0.9976809
0.99999976
1.0
0.9999993
0.9999999
1.0
1.0
1.0
1.0
0.99999845
1.0
1.0
0.99999976
1.0
0.99999774
1.0
1.0
1.0
1.0
1.0
1.0
1.0
1.0
1.0
1.0
1.0
1.0
1.0
1.0
1.0
1.0
1.0
1.0
1.0
1.0
0.9999999
1.0
0.99999976
1.0
1.0
1.0
1.0
1.0
1.0
1.0
0.99952626
1.0
1.0
1.0
0.99996376
1.0
1.0
1.0
1.0
0.83029985
1.0
0.9999192
1.0
0.99999285
0.9999999
0.9720909
0.8941525
0.9999461
1.0
1.0
1.0
1.0
0.99999976
0.9999995
1.0
1.0
1.0
1.0
1.0
1.0
1.0
0.99999976
1.0
1.0
1.0
1.0
1.0
1.0
1.0
1.0
1.0
1.0
1.0
1.0
1.0
1.0
1.0
1.0
1.0
1.0
1.0
1.0
1.0
1.0
1.0
1.0
1.0
1.0
1.0
1.0
1.0
1.0
1.0
1.0
1.0
1.0
0.9999995
1.0
1.0
1.0
1.0
1.0
1.0
0.99999976
1.0
1.0
1.0
1.0
1.0
1.0
1.0
1.0
1.0
1.0
1.0
0.9999999
0.99996865
1.0
1.0
1.0
1.0
1.0
1.0
0.99999964
1.0
1.0
1.0
1.0
1.0
1.0
1.0
1.0
1.0
1.0
1.0
1.0
1.0
1.0
1.0
0.99999976
1.0
1.0
1.0
1.0
1.0
1.0
1.0
1.0
1.0
1.0
1.0
1.0
1.0
1.0
1.0
1.0
1.0
1.0
1.0
1.0
1.0
1.0
1.0
1.0
1.0
1.0
1.0
1.0
1.0
1.0
1.0
1.0
1.0
1.0
1.0
1.0
0.99999976
1.0
0.9999999
0.9999994
1.0
0.9999994
1.0
1.0
1.0
1.0
1.0
1.0
1.0
1.0
1.0
1.0
1.0
1.0
1.0
1.0
1.0
1.0
1.0
1.0
1.0
1.0
1.0
1.0
1.0
1.0
1.0
1.0
1.0
1.0
1.0
1.0
1.0
1.0
1.0
1.0
1.0
1.0
1.0
1.0
1.0
1.0
1.0
1.0
1.0
1.0
1.0
1.0
1.0
0.9999999
1.0
1.0
1.0
1.0
1.0
1.0
1.0
1.0
1.0
1.0
1.0
1.0
1.0
1.0
1.0
1.0
1.0
1.0
1.0
1.0
1.0
1.0
0.9999999
1.0
1.0
1.0
1.0
1.0
1.0
1.0
1.0
1.0
1.0
1.0
1.0
0.99999547
0.99993265
1.0
1.0
1.0
1.0
0.99999905
1.0
0.999984
0.99999475
0.9999989
1.0
1.0
1.0
1.0
1.0
1.0
0.9999975
0.9999999
0.9999676
1.0
1.0
1.0
1.0
1.0
1.0
0.99999917
1.0
0.99999976
0.9999999
1.0
1.0
1.0
0.9999995
0.9999794
1.0
0.99999905
1.0
1.0
1.0
1.0
1.0
0.9999994
1.0
1.0
1.0
1.0
1.0
1.0
0.9999943
1.0
0.99999976
0.9999993
1.0
0.9999999
1.0
1.0
1.0
1.0
0.9999999
0.9999949
1.0
0.99999917
0.99999905
1.0
1.0
0.9999993
1.0
0.99999976
1.0
1.0
1.0
1.0
1.0
1.0
1.0
1.0
1.0
0.9999976
0.9999862
1.0
0.9999981
1.0
1.0
1.0
1.0
1.0
1.0
0.99999166
0.99999046
1.0
1.0
1.0
1.0
1.0
1.0
1.0
1.0
1.0
1.0
1.0
1.0
1.0
0.99999166
1.0
1.0
1.0
1.0
1.0
1.0
1.0
0.99999905
1.0
0.9992254
0.99999976
1.0
1.0
1.0
1.0
1.0
0.9999682
1.0
1.0
1.0
1.0
0.99999654
1.0
1.0
1.0
1.0
1.0
1.0
1.0
1.0
1.0
1.0
0.99999917
1.0
1.0
1.0
0.9952186
1.0
0.9999994
1.0
1.0
1.0
0.9972977
0.9999989
1.0
1.0
0.9999994
0.9999958
0.9999907
1.0
0.99999976
1.0
0.9999993
0.9999958
1.0
1.0
0.9999993
0.9998956
0.99675816
0.9773727
0.9999993
0.99611926
0.96550024
0.99999917
0.6513786
0.99867874
0.9999999
1.0
0.9999999
0.9999958
1.0
0.99999857
0.9997676
0.9995024
0.9999982
0.5757717
0.999366
0.9999943
0.99959964
0.9999988
0.9091038
0.9999913
0.99994993
0.99999976
0.9999995
1.0
1.0
1.0
0.9999995
1.0
0.99999976
1.0
0.9999988
0.99999964
0.9999994
1.0
0.9942871
1.0
1.0
1.0
0.99998665
0.99386346
0.9896477
0.99498475
1.0
1.0
0.99992645
0.9995167
1.0
0.99992585
0.9999999
1.0
0.99734265
0.99999964
0.9999988
1.0
1.0
0.99999034
0.99996173
0.9998592
1.0
0.99999666
0.99999964
0.9999994
1.0
0.9999994
0.9999944
1.0
0.9999989
0.3480455
1.0
0.999995
0.99999964
1.0
1.0
0.99998724
0.9801312
1.0
1.0
0.9999999
0.99995506
0.99999976
1.0
1.0
1.0
1.0
0.9999999
1.0
1.0
0.9999927
1.0
1.0
0.9999999
1.0
0.9999995
0.5183129
1.0
1.0
1.0
1.0
0.9999999
1.0
0.9999999
1.0
1.0
0.9999982
0.99998164
1.0
1.0
1.0
1.0
0.9999937
0.99999523
0.9999981
0.9999999
1.0
0.99991226
1.0
1.0
0.9999994
1.0
0.99999857
1.0
1.0
0.9999999
0.9999989
1.0
1.0
0.9999999
1.0
1.0
1.0
0.9999974
1.0
1.0
0.9995034
0.9999988
1.0
0.9999995
0.99999964
1.0
1.0
1.0
1.0
1.0
1.0
1.0
1.0
1.0
1.0
0.9999908
0.9999999
1.0
0.99999976
0.9996942
1.0
1.0
1.0
1.0
0.99999917
1.0
0.99999976
0.99961925
1.0
0.9999994
0.9996656
0.9999825
1.0
0.9999975
0.99999976
1.0
1.0
1.0
1.0
0.9999989
0.9999989
0.99994075
0.9999999
1.0
1.0
1.0
0.9999999
1.0
1.0
0.99017525
0.99998987
1.0
0.9999987
0.995876
0.9999869
1.0
0.9977768
1.0
0.9999995
0.9999999
0.9999999
1.0
1.0
0.9999951
0.9989039
0.9988432
1.0
0.99999964
0.99997425
0.99999976
1.0
0.99996376
1.0
0.99999857
1.0
1.0
1.0
0.9999902
0.99922717
1.0
0.99999964
0.9999999
1.0
0.99999964
1.0
1.0
1.0
1.0
0.9999999
0.99986446
1.0
0.9999976
0.6303652
0.9999505
0.9999999
1.0
0.99999905
1.0
1.0
1.0
0.9999788
1.0
0.99999535
1.0
1.0
0.9986557
1.0
1.0
1.0
1.0
0.9999999
1.0
1.0
1.0
1.0
1.0
0.9999883
1.0
1.0
1.0
0.99999785
1.0
0.9999939
1.0
1.0
1.0
0.9999963
1.0
1.0
1.0
1.0
1.0
1.0
1.0
1.0
1.0
0.9999999
1.0
1.0
1.0
1.0
1.0
1.0
1.0
1.0
1.0
1.0
1.0
0.9999999
1.0
0.99999964
1.0
1.0
1.0
1.0
1.0
0.9226064
1.0
1.0
1.0
1.0
0.999995
1.0
1.0
1.0
1.0
1.0
1.0
1.0
1.0
1.0
1.0
1.0
1.0
1.0
1.0
1.0
1.0
1.0
1.0
1.0
1.0
1.0
1.0
1.0
1.0
1.0
0.99999964
1.0
1.0
1.0
1.0
0.99998605
1.0
0.99999976
0.99999917
1.0
1.0
1.0
1.0
1.0
1.0
1.0
0.9999999
0.9991326
1.0
1.0
1.0
0.9999989
1.0
1.0
1.0
1.0
1.0
1.0
0.99999464
1.0
1.0
1.0
1.0
1.0
0.99999964
1.0
1.0
1.0
1.0
1.0
1.0
0.9999963
1.0
1.0
1.0
0.9999999
1.0
1.0
0.99999976
1.0
1.0
0.9999995
1.0
1.0
1.0
1.0
1.0
1.0
1.0
0.9999993
1.0
0.9999999
0.9999982
1.0
1.0
0.9999976
0.99999976
0.9999931
1.0
1.0
1.0
1.0
1.0
1.0
1.0
1.0
0.99999666
1.0
1.0
1.0
1.0
1.0
1.0
1.0
0.9999974
0.99999976
1.0
1.0
1.0
0.9999999
0.9999995
1.0
1.0
0.99999547
1.0
1.0
1.0
1.0
1.0
1.0
1.0
1.0
1.0
0.99999464
1.0
1.0
1.0
1.0
0.9999993
1.0
1.0
1.0
1.0
1.0
1.0
1.0
0.99999976
1.0
1.0
0.9999993
0.9999944
1.0
1.0
1.0
0.9999999
1.0
1.0
1.0
1.0
1.0
0.99999964
1.0
1.0
1.0
1.0
1.0
1.0
1.0
1.0
1.0
1.0
1.0
1.0
0.99999833
1.0
0.9999999
1.0
1.0
1.0
1.0
0.9999999
1.0
0.99997663
0.99990666
1.0
1.0
1.0
1.0
1.0
1.0
1.0
1.0
1.0
0.9999999
1.0
0.99999523
0.9999999
1.0
1.0
0.9999999
1.0
0.99992204
0.9999995
0.99999964
1.0
0.9999999
0.9881543
1.0
1.0
1.0
0.9999999
1.0
1.0
0.9999994
1.0
1.0
0.9999858
1.0
1.0
1.0
1.0
0.9999987
1.0
0.9999988
1.0
1.0
0.99999964
1.0
1.0
1.0
1.0
0.9999975
1.0
0.9999987
1.0
1.0
0.99999964
1.0
0.9999999
1.0
1.0
0.9999962
1.0
1.0
1.0
0.99998105
0.99999976
0.9999975
1.0
1.0
0.9999918
1.0
0.9999273
1.0
1.0
1.0
1.0
1.0
1.0
0.9999956
1.0
1.0
1.0
1.0
1.0
1.0
1.0
0.99998355
1.0
1.0
0.99999976
1.0
0.9999999
0.9999782
1.0
1.0
1.0
1.0
1.0
1.0
1.0
1.0
1.0
1.0
0.9999974
1.0
1.0
0.99993455
0.99999845
1.0
1.0
0.9999995
1.0
1.0
1.0
1.0
1.0
1.0
1.0
1.0
0.99995863
1.0
1.0
0.9999994
1.0
1.0
0.9964522
1.0
0.99997675
1.0
1.0
1.0
1.0
0.9999999
0.99999297
1.0
1.0
1.0
1.0
1.0
0.9999993
1.0
1.0
1.0
1.0
1.0
0.9999999
1.0
1.0
1.0
1.0
0.99999344
1.0
1.0
0.9999999
1.0
1.0
1.0
1.0
1.0
1.0
1.0
1.0
1.0
1.0
1.0
1.0
1.0
0.99999964
1.0
0.99979633
1.0
1.0
1.0
1.0
1.0
0.9999752
0.99999976
1.0
1.0
0.9999474
0.9999993
0.9999865
1.0
0.994848
1.0
1.0
1.0
0.98521125
0.9999944
1.0
1.0
0.9999939
0.99999976
1.0
0.9999999
0.99999976
0.9999999
0.99999905
1.0
1.0
0.99999225
1.0
0.99999464
1.0
0.9999995
1.0
0.9960795
1.0
1.0
0.99999964
0.9999999
0.99974793
1.0
0.9999999
1.0
1.0
0.9999939
1.0
0.9999995
1.0
0.9995788
1.0
1.0
1.0
1.0
1.0
0.9999994
1.0
1.0
0.9999926
0.99999654
0.99999833
0.99999535
1.0
0.9999999
1.0
0.99999976
1.0
0.9999832
0.9999304
1.0
1.0
0.99999595
1.0
1.0
1.0
1.0
1.0
1.0
0.99999166
1.0
1.0
1.0
1.0
1.0
1.0
1.0
1.0
1.0
0.99999905
1.0
1.0
0.99999714
1.0
1.0
1.0
1.0
1.0
1.0
1.0
1.0
1.0
1.0
1.0
1.0
1.0
1.0
1.0
0.99999976
1.0
0.99999356
1.0
1.0
1.0
1.0
1.0
1.0
1.0
1.0
1.0
1.0
1.0
1.0
1.0
1.0
0.9999999
1.0
1.0
1.0
1.0
1.0
1.0
1.0
1.0
1.0
0.9999976
0.99999976
1.0
1.0
0.9999999
1.0
1.0
1.0
1.0
0.9999999
0.9999999
1.0
1.0
1.0
0.9999999
0.9999769
1.0
1.0
1.0
1.0
0.9999869
1.0
0.9999982
1.0
1.0
1.0
1.0
1.0
1.0
1.0
1.0
1.0
1.0
1.0
1.0
1.0
0.99999964
1.0
1.0
1.0
1.0
0.9999969
1.0
1.0
1.0
1.0
1.0
1.0
1.0
1.0
0.99992263
1.0
0.9999994
1.0
0.99999976
1.0
0.9999335
1.0
0.9999964
1.0
0.9999989
1.0
1.0
1.0
1.0
1.0
0.99999917
1.0
1.0
0.9999999
0.9998981
0.9999999
1.0
1.0
0.99999976
1.0
1.0
1.0
1.0
0.9996178
1.0
0.9999908
0.99998915
1.0
1.0
0.99999964
0.9999995
0.99999976
1.0
0.9999852
1.0
0.9999999
0.9999989
0.99998486
1.0
1.0
0.9999993
1.0
0.99993646
1.0
0.98073304
1.0
1.0
0.99999964
0.9999995
0.9999958
1.0
0.9999771
1.0
0.99999917
1.0
0.99999595
0.9999999
0.99999106
0.9999999
1.0
1.0
0.9997094
1.0
1.0
1.0
1.0
0.9999949
0.99998593
1.0
0.9999999
0.9999994
0.9999894
0.9999999
0.99999964
1.0
0.99997723
0.99999917
1.0
0.9999999
1.0
1.0
0.9999999
0.99924016
0.9997665
1.0
1.0
0.99999964
0.99999905
1.0
1.0
1.0
1.0
0.9999962
0.99959916
1.0
1.0
0.9999995
1.0
1.0
1.0
0.99999464
0.99992836
0.9999919
0.99999964
0.99999857
1.0
1.0
0.9999995
0.99986494
1.0
1.0
1.0
1.0
0.9999988
0.99999917
0.99998975
1.0
1.0
1.0
1.0
1.0
0.99999833
1.0
1.0
0.99999
0.99999833
1.0
1.0
1.0
1.0
1.0
1.0
1.0
0.9999894
0.99999976
1.0
0.9999999
1.0
1.0
1.0
1.0
1.0
1.0
0.99999976
0.9999975
1.0
1.0
1.0
0.99999285
0.99995255
1.0
1.0
1.0
1.0
0.99999964
0.99998677
1.0
1.0
1.0
1.0
1.0
1.0
0.9999994
1.0
1.0
0.99999726
0.9999994
1.0
0.9999999
1.0
0.9999999
1.0
1.0
1.0
1.0
0.99999774
0.9999974
1.0
1.0
0.99999523
1.0
0.99999964
1.0
0.999997
0.9998498
0.9999999
1.0
1.0
1.0
1.0
0.9999956
1.0
0.9999999
1.0
0.99999833
1.0
0.99997723
0.9999995
1.0
1.0
1.0
1.0
1.0
1.0
1.0
1.0
1.0
1.0
1.0
1.0
1.0
0.9999999
1.0
0.99999964
0.9999999
0.9999951
0.99998367
1.0
1.0
1.0
0.9999999
1.0
1.0
1.0
1.0
1.0
1.0
1.0
1.0
0.9999964
1.0
1.0
1.0
1.0
1.0
1.0
1.0
0.9999995
1.0
1.0
1.0
1.0
1.0
1.0
1.0
1.0
1.0
0.99999976
1.0
0.9999999
1.0
0.9999963
1.0
1.0
0.9999999
0.9999999
1.0
1.0
1.0
1.0
1.0
0.9999796
1.0
1.0
1.0
1.0
0.99999976
1.0
1.0
1.0
1.0
1.0
1.0
1.0
1.0
1.0
1.0
1.0
1.0
1.0
1.0
1.0
0.9999993
0.99999976
1.0
1.0
0.9999999
1.0
1.0
0.99999976
1.0
1.0
1.0
0.9999994
1.0
1.0
1.0
1.0
1.0
1.0
1.0
1.0
0.9999993
1.0
1.0
1.0
1.0
0.9999999
1.0
1.0
1.0
1.0
1.0
1.0
1.0
1.0
1.0
1.0
1.0
1.0
1.0
0.99999964
1.0
1.0
1.0
1.0
1.0
1.0
1.0
1.0
0.9999999
1.0
1.0
1.0
1.0
1.0
1.0
1.0
0.9999981
0.99999845
1.0
1.0
0.9999883
1.0
0.9999745
0.999997
0.999933
1.0
0.99999917
0.9999999
1.0
1.0
1.0
0.9999999
1.0
1.0
0.99999917
0.99999976
0.9999999
0.9999993
1.0
1.0
1.0
1.0
0.9999982
1.0
0.9999999
0.9999999
1.0
1.0
0.9999993
1.0
1.0
1.0
1.0
1.0
0.9999999
1.0
1.0
1.0
1.0
1.0
0.9999999
0.9999995
1.0
1.0
1.0
1.0
1.0
0.99999976
1.0
0.999998
1.0
0.9999982
0.9999994
1.0
0.99999607
1.0
1.0
1.0
0.9999999
1.0
1.0
1.0
0.99999976
0.9999999
0.99999416
0.9999808
1.0
0.9999993
0.9999821
0.9999999
0.9999989
1.0
1.0
1.0
0.99999785
0.9999914
1.0
0.9999999
1.0
0.9999987
0.9999206
0.99961996
1.0
1.0
1.0
1.0
1.0
1.0
0.9999999
0.99999213
0.99999857
0.99999905
1.0
1.0
0.99999976
1.0
1.0
1.0
1.0
1.0
1.0
1.0
1.0
1.0
1.0
1.0
1.0
0.99981743
0.99999917
0.99999785
0.99983704
1.0
0.99999964
0.99890196
1.0
0.99956495
1.0
0.9632981
0.9999981
0.99958533
0.9999968
0.9980422
0.99999976
1.0
0.99887437
0.9999995
0.9999999
0.99999785
0.9991666
0.9999987
1.0
0.99999845
1.0
0.9999994
1.0
1.0
1.0
0.9999993
1.0
1.0
1.0
1.0
0.99993646
0.9999999
0.99999976
0.999997
1.0
1.0
0.9999999
1.0
1.0
1.0
1.0
1.0
0.9999926
0.9999999
1.0
1.0
0.9999999
0.9999927
1.0
0.9999999
0.9999995
1.0
0.9999981
1.0
1.0
0.998417
0.99998033
1.0
0.9846731
0.9997949
1.0
0.99999964
1.0
1.0
0.99999654
1.0
1.0
0.9999937
0.99995434
1.0
0.99999404
0.99303496
0.99995613
1.0
0.9999714
1.0
0.9999945
0.99997914
1.0
1.0
0.9999411
0.99993145
1.0
0.99950397
0.9958554
1.0
1.0
1.0
1.0
1.0
0.9999989
1.0
1.0
1.0
1.0
1.0
1.0
1.0
1.0
1.0
1.0
0.99999905
1.0
1.0
1.0
1.0
1.0
1.0
0.9999999
1.0
0.99999976
1.0
1.0
1.0
1.0
1.0
0.9999999
1.0
1.0
1.0
0.9998915
1.0
0.99999964
1.0
1.0
1.0
1.0
0.9999939
1.0
1.0
1.0
1.0
1.0
1.0
0.99992454
1.0
1.0
1.0
1.0
1.0
1.0
0.9999542
0.99998987
1.0
1.0
0.9999999
0.9984459
0.998801
1.0
1.0
0.9999999
1.0
1.0
1.0
0.99999356
0.9999994
0.9999994
1.0
1.0
0.9999896
1.0
1.0
1.0
1.0
0.9997758
1.0
1.0
1.0
1.0
1.0
1.0
1.0
0.99989223
1.0
1.0
1.0
0.9999994
1.0
0.999998
1.0
1.0
1.0
1.0
1.0
0.9999999
1.0
0.99999
0.99999976
1.0
1.0
1.0
1.0
1.0
1.0
1.0
1.0
1.0
1.0
1.0
0.9999739
0.99999976
0.9999999
1.0
0.99999964
1.0
1.0
1.0
1.0
1.0
1.0
1.0
1.0
1.0
1.0
1.0
0.9716977
1.0
0.71027815
1.0
0.99994004
0.9999418
0.9999815
1.0
1.0
1.0
0.9981077
1.0
0.9999467
1.0
0.9999999
0.9999974
0.99985814
1.0
1.0
0.99999976
0.9999976
1.0
0.9999808
1.0
1.0
0.9999994
1.0
1.0
1.0
1.0
1.0
1.0
0.99966216
0.9937769
0.9999517
0.9578607
0.9974963
1.0
0.9999999
1.0
1.0
1.0
0.99999964
0.9994973
0.99999905
0.99966455
0.9998241
0.9999815
0.99932635
1.0
1.0
0.99989414
1.0
0.9999999
1.0
1.0
0.9999739
1.0
1.0
1.0
1.0
1.0
1.0
1.0
0.9999981
0.99999976
1.0
0.999992
1.0
0.99915695
1.0
1.0
1.0
1.0
1.0
1.0
1.0
0.9999995
1.0
1.0
0.9999807
1.0
1.0
1.0
0.99999213
0.99999976
1.0
1.0
1.0
1.0
1.0
0.9999999
0.99994314
1.0
0.9999981
1.0
1.0
0.9999999
1.0
1.0
1.0
0.9999999
1.0
1.0
1.0
1.0
0.99999976
1.0
1.0
0.9999999
1.0
1.0
0.9999999
1.0
1.0
1.0
1.0
1.0
1.0
1.0
1.0
1.0
0.999918
0.9967932
0.9999999
0.99999106
0.99999964
1.0
1.0
1.0
1.0
0.9999999
0.9999999
1.0
1.0
0.9999995
1.0
0.9997632
0.99998546
0.99999535
1.0
0.9999999
1.0
0.9999988
0.99999845
1.0
1.0
1.0
1.0
0.9999999
1.0
0.9999989
1.0
1.0
0.99998677
1.0
1.0
1.0
0.9999963
0.99999857
1.0
1.0
1.0
1.0
1.0
1.0
0.99999976
1.0
0.99999785
0.99999654
1.0
0.99999964
0.9999999
1.0
1.0
1.0
1.0
1.0
1.0
1.0
1.0
1.0
1.0
1.0
0.999841
0.99999905
0.99976915
0.9964916
0.9999999
1.0
1.0
0.9999974
1.0
0.9999999
0.9999982
0.99999726
0.99995434
0.9999987
0.99999976
1.0
0.99997187
1.0
1.0
0.99996793
1.0
1.0
0.99999905
1.0
0.99999964
0.99999976
1.0
1.0
1.0
0.9999999
0.97202456
0.99999654
0.99999976
1.0
0.99996245
0.9998178
0.9999994
1.0
0.99997437
0.9999943
0.99999964
1.0
0.9999999
0.99998105
0.9997855
0.99997854
0.9999999
1.0
1.0
0.99999976
1.0
1.0
0.99999976
1.0
1.0
1.0
0.99999774
1.0
1.0
1.0
1.0
0.9999999
0.9999999
1.0
1.0
0.99999833
1.0
0.99999046
0.8072231
1.0
0.9999938
1.0
0.9977004
0.9907935
0.9999933
0.9999989
0.99998736
0.99918574
0.99999976
0.9999635
0.9998585
0.9999999
0.9858364
0.8640346
0.9999999
1.0
1.0
1.0
1.0
0.9986204
0.99999857
0.9999906
1.0
1.0
1.0
1.0
1.0
1.0
1.0
1.0
0.9999995
1.0
1.0
1.0
1.0
1.0
0.99999547
0.99999964
1.0
0.9999988
1.0
1.0
1.0
1.0
1.0
0.9999945
1.0
0.99999857
1.0
0.9999981
1.0
1.0
1.0
1.0
1.0
1.0
1.0
1.0
1.0
0.99997807
1.0
0.9995671
0.9999888
0.99998164
0.99999976
0.9999968
1.0
1.0
0.99999905
0.99943656
0.9998116
1.0
1.0
1.0
0.99999666
0.9999982
0.9999714
1.0
0.9999975
1.0
0.9999999
1.0
1.0
1.0
0.9999975
1.0
1.0
1.0
1.0
1.0
1.0
1.0
1.0
0.9921496
1.0
0.54021
1.0
1.0
1.0
1.0
1.0
0.9999999
1.0
1.0
1.0
1.0
1.0
1.0
1.0
0.9999993
0.99998546
1.0
0.99999714
0.99976104
1.0
0.99999976
1.0
0.9999999
0.99999464
1.0
1.0
1.0
1.0
1.0
1.0
1.0
1.0
1.0
0.9999999
1.0
1.0
1.0
1.0
1.0
1.0
1.0
1.0
1.0
1.0
1.0
1.0
1.0
1.0
1.0
1.0
1.0
0.9999993
1.0
1.0
1.0
1.0
1.0
1.0
1.0
1.0
1.0
0.99999964
1.0
1.0
1.0
1.0
1.0
1.0
0.9999999
1.0
1.0
1.0
1.0
1.0
1.0
1.0
1.0
1.0
0.9999999
1.0
1.0
1.0
0.9999993
1.0
0.9999914
1.0
1.0
0.99999166
1.0
0.99999714
0.9999999
1.0
1.0
1.0
0.9991529
0.99999285
0.9999751
1.0
0.9999999
1.0
0.9999981
0.9999794
0.9999982
0.99999976
1.0
0.9999999
1.0
1.0
1.0
1.0
1.0
0.99993205
0.9897976
0.9999999
0.99999785
0.9999825
0.9999999
0.9999982
1.0
0.67321545
1.0
1.0
0.99999964
1.0
1.0
1.0
1.0
1.0
1.0
1.0
1.0
1.0
1.0
1.0
0.9999999
1.0
1.0
1.0
1.0
1.0
1.0
1.0
1.0
1.0
1.0
1.0
1.0
1.0
1.0
1.0
1.0
1.0
1.0
1.0
1.0
1.0
1.0
0.99999964
1.0
1.0
1.0
1.0
1.0
1.0
1.0
1.0
1.0
1.0
1.0
1.0
1.0
1.0
1.0
1.0
1.0
1.0
0.9998574
1.0
1.0
1.0
1.0
1.0
1.0
1.0
1.0
0.99999976
1.0
1.0
1.0
1.0
1.0
1.0
1.0
1.0
1.0
1.0
1.0
1.0
1.0
0.99988985
1.0
1.0
1.0
1.0
1.0
1.0
1.0
0.9999999
1.0
1.0
1.0
1.0
1.0
1.0
1.0
0.99999905
1.0
1.0
1.0
1.0
1.0
1.0
1.0
1.0
1.0
1.0
1.0
1.0
1.0
0.9999999
1.0
1.0
0.9999999
1.0
1.0
1.0
1.0
1.0
1.0
1.0
1.0
1.0
1.0
1.0
1.0
0.99999964
1.0
1.0
1.0
1.0
1.0
1.0
1.0
1.0
1.0
1.0
1.0
0.99999976
1.0
1.0
1.0
1.0
1.0
1.0
1.0
1.0
1.0
1.0
1.0
1.0
1.0
1.0
1.0
0.99999964
1.0
1.0
1.0
1.0
1.0
1.0
1.0
1.0
0.9999999
1.0
1.0
1.0
1.0
1.0
1.0
1.0
0.9999999
1.0
0.99999976
1.0
1.0
1.0
1.0
0.9999999
1.0
1.0
1.0
1.0
1.0
1.0
1.0
0.99999976
1.0
1.0
1.0
0.99999964
0.99999976
1.0
1.0
1.0
1.0
1.0
1.0
1.0
1.0
1.0
1.0
1.0
1.0
1.0
1.0
1.0
1.0
1.0
0.9999932
1.0
0.9997944
1.0
1.0
1.0
0.99991536
1.0
1.0
1.0
1.0
1.0
1.0
1.0
1.0
1.0
1.0
1.0
1.0
1.0
1.0
1.0
1.0
1.0
1.0
1.0
1.0
1.0
1.0
0.99999976
1.0
1.0
1.0
1.0
1.0
1.0
1.0
1.0
1.0
1.0
1.0
1.0
1.0
1.0
1.0
0.99999213
0.9999994
1.0
1.0
1.0
0.9999999
1.0
1.0
1.0
1.0
1.0
1.0
1.0
1.0
0.999995
1.0
1.0
1.0
1.0
1.0
1.0
1.0
1.0
1.0
1.0
1.0
0.99999905
1.0
1.0
1.0
1.0
1.0
1.0
1.0
1.0
1.0
1.0
1.0
0.99999976
1.0
1.0
1.0
1.0
1.0
1.0
1.0
1.0
1.0
1.0
1.0
1.0
1.0
0.99999964
1.0
1.0
1.0
1.0
1.0
1.0
1.0
1.0
1.0
1.0
1.0
1.0
0.99999964
0.99999976
0.9999999
1.0
1.0
0.99999976
1.0
1.0
1.0
1.0
1.0
1.0
1.0
0.9999995
1.0
1.0
1.0
1.0
1.0
1.0
1.0
1.0
1.0
1.0
1.0
1.0
1.0
1.0
1.0
1.0
1.0
1.0
1.0
1.0
1.0
0.99999976
0.9999366
1.0
1.0
0.9999999
1.0
0.9999945
1.0
0.99999404
1.0
1.0
1.0
1.0
1.0
0.99999964
1.0
0.9999999
1.0
1.0
0.9999962
0.99999964
1.0
1.0
0.99999917
1.0
0.9999194
1.0
1.0
1.0
1.0
1.0
1.0
0.9999838
1.0
1.0
1.0
1.0
1.0
1.0
1.0
0.9999988
1.0
1.0
1.0
1.0
0.9999999
1.0
1.0
1.0
1.0
0.9999856
1.0
1.0
1.0
1.0
1.0
1.0
1.0
1.0
1.0
1.0
1.0
1.0
0.9999974
1.0
1.0
1.0
1.0
1.0
1.0
1.0
0.99999964
1.0
1.0
1.0
0.99999905
1.0
1.0
0.9999999
1.0
1.0
0.9999999
0.99999964
1.0
1.0
1.0
0.9999995
1.0
1.0
1.0
0.9999999
1.0
1.0
0.9999918
1.0
1.0
1.0
1.0
1.0
0.99999905
1.0
1.0
1.0
0.99999976
1.0
1.0
1.0
1.0
1.0
1.0
1.0
1.0
1.0
0.9999999
0.99999976
1.0
0.9999999
0.99999213
1.0
1.0
1.0
1.0
1.0
0.99999917
0.9999974
0.99999976
1.0
1.0
0.9559105
0.99995565
1.0
0.9996667
1.0
0.99979323
0.99983156
0.99984956
0.99999344
0.99999976
0.993167
1.0
1.0
1.0
0.99999714
0.9987018
0.99998295
0.99999404
1.0
0.9999989
0.99999964
0.9999999
0.99999976
0.9999958
1.0
1.0
1.0
0.99983335
0.9999993
0.99999917
0.999992
0.9999968
1.0
1.0
0.99999714
0.99988997
0.9999913
0.9999937
1.0
1.0
0.99999976
0.99999154
0.99988186
1.0
1.0
0.9999999
1.0
1.0
0.9999155
0.9999989
1.0
1.0
1.0
0.99999034
1.0
1.0
1.0
1.0
1.0
1.0
0.9998109
1.0
0.9996691
1.0
1.0
1.0
1.0
1.0
1.0
1.0
0.99999917
1.0
1.0
0.9999999
1.0
1.0
1.0
1.0
1.0
1.0
1.0
1.0
1.0
1.0
1.0
1.0
1.0
1.0
1.0
1.0
1.0
1.0
1.0
1.0
0.99999976
1.0
1.0
1.0
1.0
1.0
1.0
0.9999994
1.0
1.0
1.0
1.0
1.0
1.0
0.999997
1.0
1.0
1.0
1.0
1.0
0.99997723
1.0
1.0
1.0
1.0
1.0
1.0
0.9999999
1.0
1.0
1.0
1.0
1.0
1.0
1.0
1.0
1.0
1.0
0.9999994
1.0
1.0
0.99999976
1.0
0.9999988
1.0
0.99999976
0.9999999
1.0
1.0
1.0
0.99999964
1.0
1.0
1.0
1.0
0.9998752
1.0
1.0
1.0
1.0
0.99999976
1.0
0.99999607
1.0
1.0
0.99999726
1.0
0.999997
1.0
1.0
1.0
1.0
1.0
1.0
1.0
1.0
1.0
1.0
1.0
1.0
1.0
1.0
1.0
0.99999774
1.0
0.9999987
1.0
1.0
1.0
1.0
1.0
0.9999999
1.0
1.0
1.0
1.0
1.0
0.9999999
1.0
1.0
1.0
0.99999964
1.0
0.99999976
1.0
0.9999987
0.9999995
0.9999875
0.9999999
0.9999999
1.0
0.9999912
0.9999999
0.9999975
1.0
0.9999956
1.0
1.0
1.0
0.9999999
1.0
1.0
0.9999957
1.0
1.0
1.0
1.0
1.0
1.0
1.0
0.9999999
1.0
1.0
1.0
1.0
1.0
1.0
1.0
1.0
1.0
1.0
0.9999995
0.9999924
1.0
1.0
0.9999988
1.0
0.9999994
1.0
0.99999547
0.9998616
1.0
0.99999344
1.0
0.99999964
1.0
0.9999896
1.0
1.0
0.9999999
1.0
1.0
1.0
1.0
1.0
1.0
1.0
1.0
1.0
0.99999976
1.0
1.0
1.0
1.0
1.0
1.0
1.0
0.9999267
1.0
1.0
1.0
1.0
1.0
1.0
1.0
1.0
1.0
1.0
1.0
1.0
1.0
1.0
1.0
0.9999994
1.0
1.0
1.0
1.0
1.0
1.0
1.0
1.0
1.0
1.0
1.0
1.0
1.0
1.0
1.0
1.0
1.0
1.0
1.0
0.99998283
1.0
1.0
1.0
1.0
1.0
1.0
1.0
1.0
1.0
1.0
1.0
1.0
1.0
1.0
0.9999993
1.0
1.0
1.0
1.0
1.0
1.0
1.0
1.0
1.0
1.0
0.9997681
1.0
1.0
1.0
0.99999046
1.0
1.0
1.0
1.0
1.0
1.0
1.0
1.0
1.0
1.0
1.0
1.0
1.0
1.0
1.0
1.0
1.0
1.0
1.0
1.0
1.0
1.0
0.9999999
1.0
1.0
0.99999964
1.0
1.0
0.99999833
0.99999976
0.9999999
1.0
1.0
1.0
1.0
0.9962135
1.0
1.0
1.0
1.0
1.0
1.0
1.0
1.0
0.9999999
0.9999999
1.0
1.0
1.0
1.0
1.0
0.99999917
1.0
1.0
1.0
1.0
1.0
1.0
1.0
1.0
1.0
1.0
1.0
1.0
1.0
1.0
0.99999964
1.0
1.0
0.9999999
1.0
1.0
1.0
1.0
0.999584
0.99865794
0.99997807
1.0
0.9999993
0.9999987
1.0
1.0
1.0
1.0
1.0
1.0
1.0
1.0
1.0
1.0
1.0
1.0
1.0
1.0
1.0
1.0
1.0
1.0
1.0
0.9999765
1.0
1.0
1.0
1.0
1.0
1.0
1.0
1.0
1.0
0.99999666
1.0
0.9999999
1.0
1.0
1.0
1.0
0.9999969
1.0
1.0
1.0
1.0
1.0
1.0
1.0
1.0
1.0
1.0
1.0
1.0
1.0
0.99999976
0.9999989
1.0
1.0
1.0
1.0
1.0
1.0
1.0
0.9999999
1.0
1.0
1.0
0.99999976
0.99999964
0.9999958
1.0
1.0
0.99999905
1.0
0.9998362
1.0
1.0
0.99936134
1.0
0.9999988
1.0
1.0
0.9980726
1.0
0.99999976
0.9999831
1.0
0.99999976
1.0
0.9999912
0.9999999
1.0
1.0
1.0
0.99845004
1.0
1.0
1.0
1.0
0.99999714
1.0
1.0
1.0
0.99999774
0.99999964
1.0
1.0
0.8031104
1.0
0.99999046
1.0
0.9997482
0.9999989
0.9999995
0.99999976
0.99607676
0.999948
0.997781
1.0
1.0
1.0
0.9999995
1.0
0.99990845
1.0
1.0
0.9999999
0.9999987
1.0
0.9999999
1.0
0.99999654
1.0
0.9999995
1.0
1.0
1.0
0.9999988
1.0
0.99997246
1.0
1.0
1.0
1.0
0.9999999
1.0
0.99999964
1.0
0.9997557
1.0
1.0
1.0
1.0
0.9999976
1.0
1.0
1.0
0.9999995
1.0
1.0
1.0
1.0
0.99999857
1.0
0.96341825
1.0
1.0
1.0
0.9999999
0.9999999
1.0
0.99998045
1.0
0.99999297
1.0
1.0
0.99999726
1.0
1.0
1.0
1.0
1.0
1.0
1.0
0.99871516
0.9999999
1.0
1.0
1.0
0.9998067
0.99999654
0.9999999
1.0
1.0
0.99867296
0.99999845
1.0
0.9472
0.9999999
0.99993575
0.9999995
0.9999999
0.99998367
0.9999999
0.83691096
0.9999999
1.0
1.0
0.99999905
0.9999778
0.9999994
0.7802208
1.0
0.98041385
0.9995266
0.8623494
1.0
0.9999995
0.99999785
0.6040421
0.99996126
0.9999987
0.9997167
1.0
1.0
1.0
0.9999982
0.9999987
0.99999964
0.9991492
0.9993729
1.0
0.9999999
1.0
0.99999905
0.9991541
0.99999976
0.9999974
0.9999186
1.0
0.99999833
0.9866802
0.9998894
0.99999726
1.0
1.0
0.97819215
1.0
1.0
0.99999344
1.0
1.0
1.0
0.99995744
0.9999721
0.99974495
0.5246177
1.0
1.0
1.0
0.9999968
0.99999964
1.0
0.9996917
0.99964905
0.9999993
1.0
0.9999999
0.99999976
0.91769665
0.99623185
0.9999925
1.0
1.0
1.0
0.695817
0.9999839
0.9999683
0.999967
1.0
0.99999905
1.0
1.0
1.0
1.0
1.0
0.9999999
1.0
0.9999999
0.99999964
0.99997854
0.99841905
1.0
0.99987876
1.0
1.0
1.0
0.9999926
0.9999999
1.0
0.99998486
1.0
1.0
0.99107504
1.0
1.0
0.99999774
0.9999857
0.99999464
1.0
0.9961922
1.0
0.9999738
0.99999166
1.0
1.0
0.9999963
0.99997044
0.99993014
1.0
1.0
1.0
0.999979
0.9999995
1.0
1.0
0.99998116
0.99995685
0.988201
0.9992347
0.9999988
0.9999937
0.99988604
0.99999964
1.0
0.9999988
1.0
1.0
0.99999976
0.99995565
0.9999999
0.9999989
0.99999964
1.0
0.99999726
0.9852455
1.0
0.98515075
0.99999964
1.0
0.99999976
1.0
1.0
1.0
0.9999839
1.0
0.9966882
1.0
0.9999908
0.999819
1.0
1.0
1.0
1.0
1.0
0.99998057
1.0
1.0
1.0
0.8143147
0.99913174
1.0
0.99999964
0.9999999
1.0
1.0
0.9999995
0.99988437
1.0
1.0
0.9999999
1.0
1.0
1.0
1.0
0.9999291
0.9999232
1.0
0.9870725
1.0
1.0
1.0
0.9999994
0.99999833
1.0
0.99999976
0.99999964
0.9999989
1.0
1.0
1.0
1.0
1.0
0.99998415
1.0
0.9999858
0.9999956
1.0
0.9999734
0.99998045
0.99999475
1.0
1.0
1.0
0.99999976
1.0
0.9512681
0.99988925
1.0
1.0
1.0
1.0
1.0
1.0
0.9707209
1.0
0.99999976
0.9721987
1.0
1.0
1.0
1.0
0.99967086
0.9999964
1.0
0.9994962
0.9999999
0.9999999
1.0
0.9999709
1.0
0.9999995
0.9999982
1.0
0.9999769
1.0
1.0
0.9999999
1.0
1.0
1.0
0.9996729
1.0
0.9999999
1.0
1.0
0.9724504
0.99999964
1.0
1.0
0.9999598
0.99995995
0.99994254
0.9999993
1.0
0.9912475
1.0
0.9999944
0.9980406
1.0
0.99855083
0.9999999
1.0
1.0
1.0
1.0
0.9999999
1.0
1.0
0.9999888
0.99999845
0.99885607
0.9888214
0.99885106
1.0
1.0
0.99999976
1.0
1.0
1.0
0.99998724
1.0
1.0
0.99997115
1.0
0.9999999
0.999997
1.0
1.0
0.99732375
1.0
0.9999995
0.99999857
1.0
1.0
1.0
0.99999976
1.0
1.0
1.0
1.0
1.0
0.99999917
1.0
0.99999976
1.0
0.9999906
0.9997801
0.9999833
1.0
1.0
0.9999995
0.9999894
0.99999976
1.0
1.0
1.0
1.0
0.9999994
1.0
0.9999887
0.9999969
1.0
0.99999964
1.0
1.0
1.0
1.0
1.0
0.9999999
1.0
0.99999964
0.99999964
1.0
1.0
1.0
0.9999999
0.9999869
1.0
1.0
1.0
0.9999999
0.99996746
0.9999999
1.0
0.99999857
1.0
0.99989367
0.99983275
0.948585
1.0
1.0
0.9999949
1.0
1.0
1.0
1.0
1.0
1.0
0.99999976
0.99997807
1.0
1.0
1.0
1.0
1.0
1.0
