1.0
1.0
1.0
1.0
1.0
1.0
1.0
1.0
0.9999031
1.0
1.0
1.0
0.999997
1.0
1.0
1.0
0.99999964
1.0
0.9937953
1.0
1.0
0.9999995
1.0
1.0
1.0
1.0
1.0
1.0
0.9999995
1.0
1.0
1.0
1.0
0.9999306
1.0
1.0
1.0
1.0
0.99999976
1.0
1.0
0.9999993
0.9999999
0.99999905
0.99999833
1.0
0.9999999
1.0
0.99999917
1.0
1.0
1.0
1.0
1.0
1.0
1.0
1.0
1.0
1.0
1.0
1.0
1.0
0.9929543
0.99999404
1.0
0.99999905
1.0
0.9999999
1.0
1.0
1.0
1.0
1.0
0.99996877
1.0
1.0
1.0
1.0
0.99999785
0.9999999
0.99999976
1.0
1.0
1.0
1.0
1.0
1.0
0.99999976
1.0
1.0
1.0
1.0
0.97559184
0.99995255
1.0
0.99974376
0.9999943
0.999998
1.0
1.0
1.0
1.0
1.0
1.0
0.99999845
1.0
1.0
1.0
1.0
1.0
1.0
0.99998534
1.0
1.0
1.0
0.9773077
1.0
1.0
0.9999999
0.9999356
1.0
0.99999976
1.0
1.0
0.9999939
0.9999858
1.0
1.0
1.0
1.0
1.0
1.0
1.0
1.0
1.0
1.0
1.0
1.0
1.0
0.9999852
1.0
1.0
1.0
1.0
1.0
1.0
1.0
1.0
1.0
0.9972824
1.0
0.9936806
1.0
1.0
1.0
1.0
1.0
1.0
0.99999976
1.0
0.9996872
1.0
1.0
1.0
1.0
1.0
1.0
0.99999976
1.0
1.0
1.0
0.9999815
1.0
1.0
1.0
0.9998938
1.0
1.0
1.0
1.0
1.0
1.0
1.0
1.0
0.9990908
0.9999993
1.0
1.0
1.0
0.9999999
1.0
0.9999999
1.0
0.99969065
1.0
0.9999958
1.0
1.0
1.0
0.99993503
1.0
1.0
1.0
1.0
1.0
1.0
0.9999995
0.9999999
1.0
0.99971074
1.0
0.99975806
1.0
1.0
0.999998
1.0
1.0
0.99968934
1.0
1.0
1.0
0.99993956
0.9999999
1.0
1.0
1.0
0.9999999
1.0
1.0
1.0
1.0
1.0
1.0
0.9999999
1.0
0.99999976
1.0
1.0
1.0
1.0
1.0
0.9999653
0.999998
0.99999654
1.0
0.9999999
1.0
0.9843685
1.0
1.0
0.9999993
1.0
1.0
1.0
1.0
0.999998
1.0
0.99999976
1.0
0.64941347
1.0
1.0
1.0
1.0
0.9994721
1.0
0.99931645
1.0
0.9999995
1.0
0.9999999
1.0
1.0
1.0
1.0
1.0
1.0
1.0
1.0
1.0
1.0
1.0
0.99916184
1.0
1.0
1.0
0.99999547
0.99999976
1.0
1.0
0.9999331
0.99999976
0.99999857
1.0
1.0
1.0
1.0
0.9999995
1.0
1.0
0.9999988
0.99999976
1.0
1.0
1.0
1.0
1.0
1.0
1.0
1.0
1.0
0.9999999
1.0
1.0
1.0
1.0
0.9999999
1.0
0.9999993
1.0
0.9596366
0.76351327
0.999998
1.0
0.99996424
1.0
0.9977188
1.0
1.0
1.0
1.0
1.0
1.0
1.0
1.0
1.0
0.9999726
0.9999504
0.9999999
0.99999654
0.6695535
0.99998915
1.0
1.0
1.0
1.0
1.0
1.0
1.0
1.0
0.99999976
1.0
1.0
0.9999999
1.0
0.99999917
1.0
1.0
0.99988234
0.98990774
1.0
1.0
0.9999999
1.0
1.0
1.0
0.99992883
1.0
0.9998876
1.0
1.0
1.0
1.0
1.0
1.0
1.0
1.0
1.0
1.0
1.0
0.9999995
0.99923384
1.0
1.0
1.0
1.0
0.99999905
1.0
1.0
0.9999871
1.0
0.9999343
1.0
1.0
0.99999917
1.0
1.0
0.9999999
1.0
1.0
0.9999809
1.0
1.0
0.9999987
0.9999558
1.0
0.9999994
1.0
1.0
1.0
1.0
0.9999989
0.99972254
1.0
0.9999999
0.9999999
1.0
0.99140257
1.0
1.0
0.99999964
1.0
0.99999964
1.0
1.0
1.0
1.0
1.0
1.0
1.0
1.0
0.99999976
0.9999975
1.0
1.0
0.9999267
1.0
1.0
1.0
0.9999999
1.0
1.0
1.0
0.9999999
0.9993005
0.9628974
0.99999964
0.9946812
0.9999931
0.7498425
0.9993104
1.0
1.0
1.0
1.0
1.0
0.9999999
0.9999982
1.0
1.0
0.9999932
1.0
0.9999852
1.0
0.9998723
0.9999993
1.0
1.0
0.9999999
1.0
1.0
1.0
1.0
1.0
1.0
1.0
1.0
1.0
0.99999607
0.99999094
1.0
1.0
1.0
1.0
1.0
1.0
1.0
1.0
1.0
1.0
0.9999964
1.0
0.9999944
1.0
1.0
0.9464382
1.0
0.99052763
0.9999988
1.0
1.0
1.0
1.0
1.0
1.0
1.0
1.0
0.9999993
0.9999943
1.0
1.0
0.999998
1.0
1.0
1.0
1.0
1.0
1.0
1.0
1.0
1.0
1.0
1.0
0.9999999
1.0
1.0
1.0
0.9999999
0.99999905
1.0
0.999998
1.0
1.0
1.0
0.9999999
1.0
1.0
1.0
1.0
1.0
1.0
1.0
0.99999917
0.98824304
0.99999964
1.0
1.0
0.9999995
1.0
1.0
1.0
0.996765
0.998771
1.0
1.0
1.0
1.0
0.9999975
0.9999999
1.0
1.0
0.9999994
1.0
1.0
1.0
1.0
1.0
1.0
0.9999994
1.0
1.0
0.9985354
0.9999999
1.0
1.0
0.99999976
1.0
1.0
1.0
1.0
1.0
1.0
0.96409136
0.9514259
1.0
1.0
1.0
0.9999999
1.0
1.0
1.0
0.99906
1.0
0.99998367
1.0
1.0
1.0
0.9999989
1.0
1.0
1.0
1.0
1.0
0.99999905
1.0
1.0
1.0
1.0
1.0
1.0
1.0
1.0
1.0
0.99999917
1.0
1.0
1.0
1.0
0.999997
0.9878627
1.0
1.0
1.0
1.0
0.9999949
0.9944048
1.0
1.0
1.0
0.9999975
1.0
1.0
1.0
1.0
1.0
0.9999707
1.0
1.0
1.0
0.9999999
1.0
1.0
0.99999785
1.0
1.0
0.99996674
0.9951656
1.0
1.0
1.0
0.9999962
1.0
1.0
1.0
1.0
1.0
1.0
1.0
0.99999285
0.633916
1.0
0.99999034
1.0
1.0
1.0
1.0
1.0
0.9999987
1.0
1.0
1.0
1.0
1.0
0.99999976
0.9393371
1.0
0.9999999
1.0
0.99999917
1.0
1.0
1.0
1.0
0.9999999
0.74205595
0.999992
1.0
1.0
0.9999999
0.99944776
1.0
0.99998987
1.0
1.0
1.0
1.0
1.0
1.0
1.0
1.0
1.0
1.0
1.0
1.0
1.0
1.0
1.0
0.9999999
1.0
1.0
1.0
1.0
1.0
1.0
1.0
0.99999964
0.9962619
0.89585596
1.0
1.0
0.9996488
1.0
1.0
0.99991965
1.0
1.0
0.9991289
1.0
0.99999976
1.0
1.0
1.0
1.0
1.0
1.0
1.0
0.9999939
0.99999964
0.99998343
1.0
0.9385818
1.0
1.0
1.0
1.0
1.0
0.99999774
1.0
1.0
1.0
1.0
1.0
1.0
1.0
1.0
1.0
1.0
1.0
1.0
1.0
0.9999763
0.9994236
0.99999964
1.0
1.0
1.0
1.0
1.0
1.0
0.99999976
1.0
0.99999857
1.0
1.0
1.0
1.0
1.0
1.0
1.0
1.0
0.99997723
0.999987
1.0
1.0
1.0
0.9999999
0.99434304
1.0
1.0
0.9999614
1.0
0.99998486
1.0
1.0
1.0
1.0
1.0
0.9999994
1.0
1.0
0.99999607
1.0
1.0
1.0
0.9999999
1.0
1.0
1.0
1.0
1.0
0.99999917
1.0
1.0
0.9987521
1.0
1.0
0.9999993
0.99999976
1.0
1.0
1.0
1.0
1.0
0.99999166
1.0
1.0
1.0
1.0
1.0
0.99998903
1.0
1.0
1.0
0.9999975
0.9999999
1.0
1.0
1.0
1.0
0.9999696
1.0
1.0
1.0
1.0
0.9914597
0.99999976
0.9981673
1.0
1.0
1.0
1.0
1.0
1.0
1.0
1.0
1.0
1.0
0.99999964
1.0
0.99999976
1.0
1.0
1.0
1.0
1.0
1.0
0.9999769
1.0
1.0
1.0
0.99998975
1.0
0.9999995
1.0
0.9999995
1.0
1.0
0.9999994
0.9999994
1.0
1.0
0.9930453
0.9460747
0.7070167
1.0
0.99998415
1.0
1.0
0.9999999
1.0
0.99999964
1.0
1.0
1.0
1.0
0.99892277
0.99999976
1.0
0.9999938
1.0
0.99999154
1.0
0.99995506
0.99998367
1.0
1.0
0.9999995
1.0
1.0
0.9999999
1.0
1.0
1.0
1.0
1.0
0.9999999
0.9999993
1.0
1.0
1.0
1.0
1.0
1.0
1.0
0.8706414
1.0
0.99999535
1.0
1.0
1.0
1.0
1.0
1.0
1.0
1.0
1.0
0.99985635
1.0
0.9639012
0.9984029
0.9999939
1.0
1.0
0.9999999
1.0
1.0
0.99999964
0.91176665
1.0
1.0
0.9999993
0.99999845
1.0
1.0
1.0
0.9999925
0.9972742
1.0
0.9998926
1.0
1.0
1.0
0.99999976
1.0
1.0
0.97742385
1.0
1.0
1.0
0.99999666
1.0
1.0
1.0
1.0
1.0
1.0
1.0
1.0
1.0
1.0
1.0
1.0
0.9999995
1.0
1.0
1.0
1.0
1.0
1.0
1.0
1.0
1.0
0.9999969
1.0
1.0
0.99999964
1.0
1.0
1.0
0.99999976
1.0
1.0
0.9999999
0.99999976
1.0
1.0
0.99998105
1.0
1.0
1.0
1.0
1.0
0.99999976
1.0
1.0
1.0
1.0
1.0
1.0
1.0
1.0
0.9999995
0.99998105
1.0
0.9999995
1.0
0.99999535
1.0
1.0
1.0
1.0
1.0
0.9999994
0.99747294
1.0
1.0
1.0
1.0
1.0
0.436667
1.0
1.0
0.9999999
1.0
0.9999933
0.9769532
1.0
1.0
1.0
1.0
0.9999999
0.9999976
1.0
1.0
1.0
0.9999999
1.0
1.0
1.0
1.0
1.0
1.0
0.9968635
1.0
1.0
1.0
1.0
1.0
0.99999785
1.0
1.0
1.0
0.99950063
1.0
1.0
1.0
1.0
1.0
0.9999995
1.0
1.0
0.999998
1.0
1.0
1.0
1.0
1.0
1.0
1.0
1.0
0.9999962
1.0
1.0
1.0
1.0
1.0
1.0
1.0
1.0
1.0
1.0
0.9999696
1.0
1.0
1.0
1.0
1.0
0.9997662
0.9999999
1.0
1.0
1.0
0.5109465
1.0
0.98529875
1.0
1.0
1.0
0.9999999
1.0
1.0
0.99994683
1.0
1.0
0.99999905
1.0
1.0
1.0
0.995774
1.0
0.9999994
1.0
1.0
1.0
1.0
1.0
1.0
1.0
0.99999964
1.0
1.0
1.0
1.0
0.9999994
1.0
0.99999917
1.0
0.9998312
1.0
1.0
1.0
1.0
1.0
0.99999475
1.0
1.0
0.99998665
1.0
1.0
1.0
1.0
1.0
1.0
1.0
0.99999905
1.0
0.999985
1.0
1.0
0.99997425
1.0
1.0
1.0
0.9999591
1.0
1.0
0.99999976
1.0
1.0
1.0
1.0
0.99140376
0.56726885
1.0
1.0
1.0
1.0
1.0
1.0
1.0
1.0
0.9999591
0.99876815
1.0
1.0
1.0
1.0
1.0
0.9999999
0.9999999
1.0
1.0
0.9994875
1.0
0.9999732
1.0
0.99991333
1.0
1.0
0.99997544
1.0
1.0
0.9999963
1.0
1.0
1.0
0.999995
0.9999999
1.0
1.0
1.0
0.9999999
1.0
0.9999999
0.9999987
1.0
0.9797579
1.0
0.99995565
1.0
1.0
0.9999993
0.9899581
0.9999999
1.0
1.0
1.0
1.0
1.0
0.9999901
1.0
1.0
0.87338036
1.0
0.9999993
1.0
0.9999999
0.83819646
0.9992331
1.0
1.0
1.0
0.9999995
1.0
1.0
1.0
0.9999963
1.0
1.0
0.99999976
0.87357163
1.0
1.0
0.998616
0.9999999
1.0
0.99999976
1.0
1.0
1.0
1.0
1.0
1.0
0.9999404
0.99999833
1.0
1.0
1.0
1.0
0.9999939
1.0
0.9999994
0.9999255
1.0
1.0
1.0
1.0
0.9999999
0.9999999
0.9999672
0.9976221
1.0
0.99997365
1.0
1.0
1.0
0.99998236
1.0
1.0
0.9998504
1.0
0.9999944
1.0
0.99999857
1.0
1.0
1.0
1.0
1.0
1.0
0.99999964
1.0
0.99999976
1.0
1.0
0.99998176
1.0
1.0
1.0
0.9309877
1.0
1.0
1.0
1.0
1.0
1.0
0.9992663
1.0
0.99968004
1.0
0.9999832
0.9999876
1.0
1.0
0.9999994
1.0
1.0
0.9996624
1.0
0.99999523
1.0
1.0
1.0
1.0
0.9999989
1.0
1.0
0.9999999
1.0
0.99999905
1.0
1.0
0.9999995
1.0
1.0
0.99999964
0.9999988
1.0
1.0
1.0
1.0
1.0
1.0
1.0
0.8890007
0.999998
1.0
1.0
1.0
1.0
1.0
1.0
1.0
1.0
1.0
1.0
1.0
0.99986696
0.9999994
1.0
1.0
1.0
1.0
0.9999999
1.0
0.99997044
1.0
1.0
1.0
1.0
1.0
0.9998826
1.0
0.99179685
0.9996902
0.9999931
1.0
0.9999993
0.99999964
1.0
0.9999999
1.0
0.99996877
0.99999845
0.9999999
1.0
1.0
1.0
1.0
1.0
1.0
0.9997681
1.0
0.9999993
0.50761825
0.9938014
1.0
0.9999999
1.0
1.0
1.0
1.0
1.0
0.99999714
1.0
0.9999398
1.0
1.0
0.9999999
0.99998975
1.0
1.0
1.0
0.9999428
1.0
0.99997187
0.99998677
0.9999999
0.9986829
0.9999994
0.9999546
0.99999225
1.0
1.0
0.9998734
1.0
1.0
0.99999976
1.0
1.0
1.0
1.0
1.0
0.999984
1.0
1.0
1.0
1.0
0.9999994
0.90657556
1.0
1.0
1.0
1.0
0.9999981
0.9999968
0.9999999
0.9999999
1.0
0.99999905
1.0
1.0
1.0
1.0
1.0
0.9999995
1.0
1.0
1.0
1.0
1.0
1.0
0.9996804
1.0
1.0
1.0
1.0
1.0
1.0
1.0
0.9999999
1.0
0.99999464
1.0
0.9999995
1.0
0.99999297
1.0
1.0
1.0
0.9792741
1.0
0.9999999
1.0
1.0
0.9999999
1.0
1.0
0.99998677
0.9999908
1.0
1.0
1.0
1.0
1.0
1.0
0.99999917
1.0
0.9999999
1.0
0.99992514
1.0
0.9617085
0.9998487
1.0
1.0
0.9999999
0.898867
1.0
1.0
0.8212314
0.99999213
1.0
1.0
1.0
1.0
1.0
1.0
1.0
1.0
1.0
1.0
1.0
0.99999976
1.0
1.0
1.0
0.9999995
1.0
0.9987496
1.0
0.9999987
1.0
0.9951239
0.98875916
1.0
1.0
1.0
0.9999865
0.99896324
1.0
1.0
0.9999993
1.0
1.0
1.0
0.999998
1.0
1.0
0.9998884
0.99994326
1.0
1.0
1.0
1.0
1.0
0.9999999
1.0
1.0
0.9999968
1.0
0.99999774
1.0
0.99999976
0.99999976
1.0
1.0
0.9999989
1.0
1.0
1.0
1.0
1.0
1.0
1.0
0.99999666
1.0
0.99999905
1.0
1.0
0.99932384
0.99999845
1.0
1.0
1.0
1.0
1.0
0.9999676
1.0
0.9999728
1.0
0.9725051
1.0
0.9999999
0.9999982
1.0
1.0
1.0
0.9999956
1.0
0.99999917
0.5010077
1.0
1.0
0.9999994
1.0
0.9999937
1.0
1.0
1.0
1.0
0.99999976
1.0
1.0
0.99997985
1.0
1.0
0.9999958
1.0
1.0
1.0
0.99655896
1.0
1.0
1.0
1.0
1.0
1.0
0.9999999
1.0
1.0
1.0
1.0
1.0
0.99996674
1.0
1.0
1.0
1.0
1.0
1.0
1.0
1.0
1.0
1.0
1.0
1.0
0.99999917
1.0
1.0
0.99999964
0.9999473
1.0
0.9999933
1.0
1.0
0.9995969
1.0
0.9980574
1.0
1.0
0.5603393
0.9999958
1.0
1.0
1.0
0.9689396
0.9999999
1.0
0.9999987
1.0
0.9999982
1.0
1.0
0.9999999
0.9999999
1.0
1.0
1.0
1.0
1.0
0.99992514
0.9999999
1.0
1.0
1.0
1.0
0.99999976
1.0
0.7300606
1.0
1.0
1.0
1.0
1.0
1.0
0.9999969
0.9691594
0.9997272
1.0
1.0
0.9999752
0.9999424
1.0
1.0
0.999997
1.0
1.0
1.0
1.0
0.99999905
1.0
0.9999999
1.0
1.0
1.0
1.0
0.93067425
1.0
1.0
1.0
1.0
1.0
0.9999999
1.0
1.0
1.0
1.0
0.9999479
1.0
1.0
0.9999814
1.0
1.0
0.9815493
0.99999976
1.0
0.9999999
1.0
0.9999976
0.9999999
1.0
0.9999999
1.0
1.0
1.0
1.0
1.0
1.0
0.9999999
1.0
0.9999999
0.99997365
0.99999976
0.99997354
1.0
1.0
1.0
1.0
1.0
1.0
0.99999905
0.99983954
1.0
1.0
0.999998
1.0
1.0
1.0
1.0
0.61011
1.0
1.0
1.0
1.0
1.0
1.0
0.9999999
0.9999999
1.0
0.9999443
1.0
1.0
1.0
1.0
1.0
1.0
1.0
0.99992573
0.9994305
1.0
0.9999995
1.0
0.99999976
1.0
1.0
1.0
1.0
0.9999999
0.9999993
1.0
1.0
0.9988663
0.9999999
1.0
0.9999999
1.0
1.0
0.99995065
1.0
1.0
1.0
1.0
0.9999999
1.0
1.0
1.0
1.0
1.0
1.0
1.0
1.0
1.0
0.99999166
1.0
1.0
1.0
0.9999672
1.0
1.0
0.9999995
0.99999845
0.9999999
0.9999989
1.0
1.0
1.0
0.9999919
1.0
1.0
1.0
1.0
1.0
1.0
1.0
0.9999982
1.0
1.0
0.9997271
0.9999999
1.0
0.9996117
1.0
1.0
1.0
1.0
1.0
1.0
0.9602139
1.0
0.9998665
1.0
0.99999976
0.99958175
1.0
1.0
1.0
1.0
0.9999932
1.0
1.0
1.0
1.0
1.0
0.9999999
0.99999976
1.0
1.0
0.999997
0.99995077
0.9999968
0.99983156
1.0
0.98368365
0.9999999
1.0
1.0
1.0
1.0
0.9999956
1.0
1.0
1.0
1.0
1.0
1.0
1.0
1.0
0.99999976
1.0
1.0
1.0
1.0
1.0
0.9999999
1.0
0.9999999
1.0
1.0
0.99999785
1.0
1.0
1.0
1.0
1.0
1.0
1.0
0.9999999
0.99998844
1.0
1.0
1.0
1.0
0.99999976
0.99999857
1.0
1.0
0.9999976
1.0
0.99999976
1.0
1.0
0.99998987
1.0
0.9999999
0.9995944
0.99994254
1.0
1.0
0.9999999
1.0
1.0
1.0
0.9999994
1.0
1.0
1.0
1.0
0.9999788
1.0
1.0
1.0
1.0
0.9999999
1.0
1.0
0.9999932
1.0
1.0
1.0
1.0
0.9999999
0.9966059
1.0
0.99993384
1.0
1.0
0.99997175
0.9999994
0.9999989
1.0
1.0
0.9999995
1.0
1.0
1.0
0.99999964
1.0
0.99999917
0.9999975
1.0
1.0
1.0
1.0
1.0
1.0
0.9999994
1.0
1.0
0.9999999
1.0
1.0
1.0
1.0
1.0
1.0
0.99997795
1.0
0.84430283
1.0
1.0
1.0
1.0
0.9999995
0.97941566
0.9999957
1.0
1.0
0.99999976
0.9999999
1.0
1.0
1.0
0.9999994
1.0
0.5295884
0.9999999
0.9999995
1.0
1.0
0.99892575
1.0
1.0
0.87810886
0.99999225
1.0
1.0
0.9999993
0.999933
0.99999976
0.99999905
1.0
1.0
0.59889436
1.0
0.99999976
1.0
1.0
0.99944466
1.0
0.9999943
0.9999999
1.0
0.9999727
1.0
1.0
1.0
1.0
0.9999974
1.0
0.64681524
0.9999995
1.0
1.0
0.99999905
1.0
1.0
1.0
1.0
1.0
1.0
1.0
1.0
1.0
0.99999094
1.0
1.0
1.0
1.0
0.99999976
0.9996425
1.0
1.0
0.98675597
1.0
1.0
1.0
1.0
0.9638427
0.9999646
1.0
1.0
1.0
1.0
1.0
0.9999951
1.0
0.98959154
1.0
0.9523497
1.0
1.0
1.0
0.99998975
1.0
0.99999976
0.99998045
1.0
0.9658947
1.0
1.0
1.0
1.0
1.0
1.0
0.9999999
1.0
1.0
1.0
0.5034925
0.99972254
0.99997556
1.0
1.0
1.0
0.97900975
0.9999999
1.0
0.9999999
1.0
1.0
1.0
1.0
1.0
1.0
1.0
1.0
0.9999999
0.99997187
0.9999999
0.9999999
1.0
1.0
0.9999993
1.0
1.0
1.0
1.0
0.9999865
1.0
0.9999999
0.9999883
0.9999889
1.0
1.0
1.0
0.99999523
1.0
0.99999976
0.9999987
1.0
1.0
1.0
1.0
0.9998889
1.0
1.0
1.0
1.0
0.99999964
1.0
1.0
0.91636485
1.0
1.0
0.9883029
0.9954579
1.0
0.9999857
0.9992506
1.0
1.0
1.0
1.0
1.0
0.99999976
1.0
0.99999964
0.9999902
1.0
0.9999943
1.0
1.0
1.0
0.99999964
1.0
1.0
1.0
1.0
1.0
1.0
1.0
0.9999957
1.0
1.0
0.9997836
0.9999999
1.0
1.0
1.0
1.0
1.0
0.9999999
1.0
0.99999595
0.9973611
1.0
1.0
1.0
1.0
1.0
1.0
0.99998915
1.0
0.9999999
1.0
1.0
0.9997881
1.0
1.0
1.0
1.0
0.99999976
1.0
0.99999964
1.0
1.0
1.0
1.0
1.0
1.0
1.0
1.0
1.0
1.0
1.0
1.0
1.0
1.0
1.0
1.0
1.0
1.0
1.0
1.0
1.0
0.9981596
1.0
0.9999999
1.0
1.0
1.0
0.9987375
1.0
1.0
1.0
0.9999988
1.0
1.0
0.99997354
0.99127895
1.0
1.0
1.0
1.0
1.0
1.0
1.0
1.0
1.0
1.0
1.0
0.9999988
0.96457416
1.0
1.0
0.9999944
1.0
0.9999981
0.9999987
1.0
1.0
1.0
1.0
1.0
1.0
1.0
1.0
0.98902494
0.9999999
1.0
1.0
1.0
1.0
0.99998
1.0
1.0
1.0
0.99998844
1.0
0.99998844
1.0
1.0
1.0
1.0
1.0
0.9999981
1.0
1.0
0.8957402
1.0
1.0
1.0
1.0
1.0
1.0
1.0
1.0
0.99999964
1.0
1.0
1.0
1.0
0.99962497
1.0
1.0
1.0
1.0
1.0
1.0
1.0
1.0
1.0
1.0
1.0
1.0
1.0
1.0
0.9999907
1.0
1.0
1.0
1.0
1.0
1.0
1.0
1.0
1.0
1.0
0.94056207
0.99999845
0.999944
1.0
1.0
1.0
1.0
1.0
0.99999666
0.99999774
1.0
0.8952873
1.0
0.99999285
1.0
0.9999999
1.0
0.99999833
0.9995485
0.9999999
1.0
1.0
1.0
1.0
0.9999993
0.9999999
0.9999989
1.0
1.0
0.9999958
1.0
1.0
1.0
1.0
1.0
0.9999999
0.99999976
0.99575126
1.0
0.99999547
1.0
1.0
1.0
1.0
1.0
0.52383834
0.99999976
1.0
0.99999404
1.0
1.0
1.0
1.0
0.9983247
1.0
1.0
0.99999976
0.9999995
1.0
1.0
1.0
1.0
1.0
1.0
0.99942136
1.0
1.0
1.0
0.9995722
1.0
1.0
1.0
0.9999958
1.0
1.0
1.0
1.0
1.0
0.96000695
0.99997425
0.9999871
0.9999982
1.0
1.0
1.0
0.6882086
0.9999647
1.0
0.9999901
1.0
1.0
0.9999999
1.0
0.9998128
1.0
0.99999905
1.0
1.0
1.0
1.0
1.0
1.0
1.0
0.99999714
0.9999993
1.0
1.0
1.0
0.9999994
0.9999995
1.0
0.9999993
0.9999999
1.0
1.0
0.99999845
1.0
1.0
1.0
0.9618053
0.9999999
1.0
1.0
1.0
1.0
1.0
1.0
0.99999964
1.0
1.0
1.0
1.0
1.0
1.0
1.0
1.0
1.0
1.0
0.9999999
1.0
1.0
1.0
1.0
0.9999794
1.0
0.9829773
1.0
0.99998045
1.0
1.0
1.0
1.0
0.9999994
1.0
0.9999939
1.0
0.9999989
0.9998727
1.0
0.99976987
1.0
1.0
1.0
0.99803907
0.99999905
0.99659204
0.9999995
1.0
1.0
1.0
1.0
0.99999964
1.0
1.0
1.0
1.0
1.0
1.0
1.0
0.99957806
1.0
1.0
0.9999951
1.0
1.0
1.0
1.0
0.9999969
1.0
1.0
0.99999976
0.99981123
1.0
1.0
1.0
1.0
1.0
1.0
1.0
1.0
0.999992
0.99999964
0.9999993
1.0
0.99992514
1.0
1.0
1.0
0.9999999
0.9997439
1.0
1.0
1.0
0.99606895
1.0
1.0
1.0
1.0
1.0
1.0
1.0
1.0
1.0
1.0
1.0
1.0
1.0
0.9999989
0.999851
0.9999995
1.0
1.0
1.0
1.0
0.9999999
1.0
1.0
1.0
0.9954921
1.0
0.9999993
0.9999976
1.0
0.99999976
1.0
1.0
1.0
1.0
0.99997914
0.99988794
1.0
0.9999995
1.0
1.0
0.9999994
0.9999999
1.0
1.0
1.0
1.0
1.0
0.9999708
0.98450804
1.0
1.0
1.0
0.9999435
1.0
1.0
0.9999999
1.0
1.0
0.99999917
1.0
1.0
1.0
0.9999999
1.0
1.0
0.999113
1.0
1.0
0.99999964
1.0
0.9999999
0.99996984
1.0
1.0
1.0
0.9999995
0.99870646
1.0
1.0
1.0
1.0
1.0
1.0
1.0
1.0
0.9998276
1.0
0.9999751
0.99999905
0.9999999
1.0
1.0
1.0
1.0
1.0
0.99626094
1.0
1.0
1.0
1.0
0.9999994
1.0
1.0
0.9999999
1.0
1.0
0.99999917
1.0
1.0
1.0
1.0
1.0
0.9999957
1.0
1.0
1.0
1.0
1.0
1.0
1.0
1.0
1.0
0.999995
1.0
1.0
1.0
1.0
1.0
1.0
1.0
0.9923481
1.0
1.0
1.0
1.0
0.9999819
1.0
0.919015
0.99999976
1.0
1.0
0.99999833
1.0
1.0
1.0
1.0
1.0
0.999928
1.0
0.9999987
1.0
1.0
0.99999964
1.0
1.0
1.0
0.9999999
1.0
1.0
0.85218954
1.0
1.0
1.0
1.0
1.0
1.0
0.99999976
0.9999987
0.99999905
1.0
1.0
0.99996233
1.0
1.0
1.0
0.9968387
1.0
0.99993944
0.99999976
0.99999976
1.0
1.0
1.0
1.0
1.0
1.0
0.9997689
0.9009632
0.8608765
1.0
1.0
1.0
1.0
1.0
0.9999999
0.9912053
1.0
0.9978029
0.99999976
0.9999995
1.0
0.99999964
1.0
1.0
1.0
1.0
1.0
1.0
1.0
1.0
0.9999982
1.0
1.0
0.9999999
1.0
1.0
1.0
1.0
1.0
1.0
0.99997854
1.0
1.0
1.0
1.0
1.0
1.0
0.99990416
1.0
0.9999995
1.0
0.9999987
1.0
1.0
0.99999976
0.9999926
1.0
1.0
1.0
1.0
0.99996936
0.99999917
0.99999905
1.0
0.9999999
0.99999976
0.9999999
0.99999976
0.9999999
1.0
1.0
0.9999999
1.0
0.9873553
1.0
1.0
1.0
1.0
1.0
1.0
0.9999758
1.0
0.9999999
1.0
0.9999999
1.0
1.0
0.99999917
0.9902801
1.0
0.99999976
0.9999982
1.0
1.0
1.0
0.99999964
1.0
0.9977284
1.0
0.9999999
0.99994993
0.99999976
1.0
1.0
1.0
1.0
1.0
1.0
1.0
1.0
1.0
1.0
0.9999993
0.9999994
0.99999976
1.0
1.0
1.0
1.0
1.0
1.0
1.0
1.0
1.0
1.0
1.0
1.0
1.0
0.99999666
1.0
1.0
0.9999386
1.0
0.999532
1.0
1.0
1.0
0.9999999
1.0
0.9999995
1.0
1.0
1.0
0.9999999
0.9999995
1.0
1.0
0.99999225
1.0
1.0
1.0
1.0
0.9996811
0.9999888
1.0
1.0
1.0
1.0
0.9690991
1.0
1.0
1.0
1.0
1.0
0.9827544
1.0
1.0
0.9999784
1.0
1.0
1.0
1.0
1.0
1.0
1.0
0.99644226
0.95181054
0.99995327
1.0
1.0
1.0
1.0
0.9999795
1.0
1.0
1.0
1.0
1.0
1.0
0.99990344
0.5982424
1.0
1.0
0.9999901
1.0
1.0
0.99999857
0.99999964
0.99978775
1.0
1.0
0.9999999
1.0
0.9999726
1.0
1.0
1.0
0.99991024
1.0
0.9999871
1.0
1.0
0.99999976
0.9999682
0.9999999
1.0
0.99936754
1.0
1.0
1.0
1.0
1.0
1.0
1.0
1.0
1.0
1.0
0.99988246
0.9999999
1.0
1.0
1.0
0.9054996
1.0
1.0
1.0
1.0
0.9999851
0.9999999
1.0
1.0
1.0
0.9992692
1.0
1.0
1.0
1.0
1.0
1.0
0.99996614
1.0
1.0
1.0
1.0
1.0
1.0
1.0
1.0
0.9999666
1.0
0.999869
1.0
1.0
1.0
1.0
1.0
0.9999999
0.8050869
1.0
1.0
0.99999976
1.0
1.0
1.0
1.0
1.0
1.0
1.0
1.0
1.0
1.0
1.0
1.0
1.0
1.0
1.0
1.0
1.0
1.0
1.0
1.0
1.0
1.0
0.9999999
1.0
1.0
0.99999607
0.96135986
1.0
0.9983215
0.9999999
1.0
1.0
1.0
1.0
1.0
0.9999999
0.9999999
1.0
1.0
0.86285526
1.0
1.0
1.0
1.0
1.0
1.0
1.0
1.0
1.0
1.0
1.0
1.0
1.0
1.0
0.9999999
1.0
1.0
0.9999995
1.0
1.0
1.0
1.0
1.0
1.0
1.0
1.0
0.99971455
1.0
0.99998975
0.99999964
1.0
1.0
0.9999995
1.0
0.9999136
0.9999473
1.0
1.0
0.9999994
1.0
0.99903226
1.0
1.0
0.9999995
0.99999976
1.0
1.0
0.99999964
0.9999987
1.0
1.0
1.0
1.0
1.0
1.0
0.9995925
0.9998909
1.0
0.9999876
0.9999691
0.99986553
1.0
0.9999999
1.0
0.9999999
1.0
1.0
1.0
1.0
1.0
1.0
1.0
1.0
1.0
1.0
1.0
1.0
1.0
1.0
1.0
1.0
1.0
1.0
0.9999962
1.0
1.0
0.9999987
1.0
1.0
1.0
1.0
1.0
0.9999769
1.0
1.0
1.0
1.0
0.9999995
0.9986676
0.9999783
1.0
1.0
0.99999905
1.0
1.0
1.0
1.0
0.99999976
1.0
1.0
1.0
0.99999857
1.0
1.0
1.0
0.99994695
1.0
1.0
1.0
1.0
1.0
1.0
0.99999666
1.0
1.0
1.0
1.0
0.9999994
0.9999999
1.0
1.0
0.9999981
0.9999329
1.0
1.0
0.9999999
1.0
1.0
1.0
0.99997354
1.0
1.0
1.0
1.0
0.99996865
0.9999999
1.0
1.0
0.9999999
1.0
1.0
0.98762244
1.0
1.0
1.0
0.9999989
1.0
1.0
1.0
1.0
1.0
0.9999846
0.9999567
1.0
0.9999865
0.9999931
0.9999999
1.0
1.0
1.0
1.0
1.0
1.0
1.0
1.0
1.0
0.9951525
0.99999774
0.9999999
1.0
0.99998987
1.0
1.0
1.0
1.0
1.0
0.99994886
0.99999774
1.0
0.99994206
1.0
1.0
0.99999857
0.9999999
1.0
0.99999905
1.0
1.0
1.0
0.99999976
1.0
1.0
1.0
1.0
1.0
1.0
0.99996865
1.0
1.0
1.0
0.9999999
1.0
1.0
0.99999976
0.9998956
0.71710074
1.0
0.99999905
1.0
1.0
1.0
1.0
1.0
1.0
1.0
1.0
1.0
1.0
1.0
0.9999999
1.0
1.0
1.0
1.0
1.0
1.0
1.0
1.0
1.0
1.0
1.0
1.0
0.99984837
0.99999976
1.0
0.99999976
1.0
1.0
1.0
0.9999999
1.0
1.0
0.9999994
1.0
1.0
0.9999844
0.99588937
0.9999999
1.0
0.99999917
1.0
1.0
0.9999927
0.9998847
0.9999999
1.0
1.0
1.0
0.9997942
1.0
0.99999714
0.9999999
1.0
0.9999999
1.0
1.0
1.0
1.0
0.9999999
1.0
1.0
1.0
1.0
1.0
0.99999964
1.0
1.0
0.99999905
1.0
1.0
0.9999999
0.9999995
1.0
1.0
1.0
0.999065
1.0
1.0
1.0
1.0
1.0
1.0
0.99999833
0.99997675
1.0
1.0
1.0
1.0
1.0
0.99999976
0.999762
1.0
1.0
0.9999999
0.9997218
1.0
1.0
1.0
0.9999994
1.0
0.99999976
1.0
1.0
1.0
0.99999976
1.0
1.0
1.0
0.99999905
0.9999994
1.0
1.0
1.0
0.9999999
1.0
1.0
0.9999962
0.99993324
1.0
1.0
1.0
1.0
1.0
1.0
0.99999833
1.0
1.0
1.0
0.8244251
1.0
1.0
0.9999999
0.99999917
0.99999976
1.0
0.9999999
1.0
1.0
1.0
1.0
1.0
1.0
1.0
1.0
1.0
1.0
1.0
0.99989736
1.0
1.0
1.0
1.0
1.0
0.9999553
0.9999927
1.0
0.99999964
0.9948925
1.0
0.9999999
1.0
1.0
1.0
0.99998486
1.0
1.0
0.99999976
1.0
1.0
1.0
0.99999917
1.0
1.0
1.0
1.0
1.0
1.0
1.0
1.0
1.0
0.9999552
0.9998785
1.0
1.0
1.0
1.0
1.0
1.0
1.0
1.0
1.0
1.0
1.0
1.0
0.99999964
0.9999968
0.99999464
0.99999964
0.9999925
1.0
0.99999917
0.9999999
1.0
1.0
0.99999964
1.0
1.0
1.0
1.0
0.9910058
1.0
1.0
1.0
1.0
1.0
0.99999845
1.0
0.97817194
1.0
1.0
1.0
1.0
0.9999999
1.0
0.99999976
1.0
0.99989307
1.0
0.99999845
1.0
0.9999999
0.9999968
1.0
1.0
1.0
0.9999454
0.9999995
1.0
1.0
0.99998057
0.921357
1.0
0.9999975
1.0
1.0
1.0
0.9999999
0.9999999
1.0
1.0
1.0
1.0
1.0
1.0
1.0
0.99999
0.99759066
1.0
1.0
1.0
1.0
0.99999917
1.0
0.9999943
0.79161584
0.9983981
1.0
1.0
1.0
0.9999999
1.0
0.9999999
1.0
0.99999964
1.0
1.0
1.0
0.99999976
1.0
0.9999999
0.9991296
1.0
0.99999976
1.0
1.0
1.0
0.99998415
1.0
0.9999999
1.0
1.0
0.9999877
1.0
1.0
1.0
0.999997
1.0
0.9999994
1.0
1.0
1.0
1.0
0.99999964
0.99819916
0.9999994
0.9923624
0.9999993
0.99993074
1.0
1.0
0.99999964
1.0
1.0
1.0
1.0
1.0
1.0
1.0
1.0
1.0
1.0
1.0
1.0
1.0
0.99996793
1.0
1.0
1.0
1.0
1.0
1.0
1.0
0.9908818
1.0
1.0
0.9999975
1.0
1.0
1.0
1.0
1.0
0.9999957
1.0
1.0
1.0
1.0
1.0
1.0
1.0
1.0
1.0
1.0
0.9999969
1.0
1.0
1.0
1.0
1.0
1.0
0.9999931
1.0
1.0
1.0
1.0
0.9999379
1.0
1.0
1.0
0.9999443
1.0
0.9999945
1.0
1.0
1.0
1.0
0.99999905
1.0
1.0
0.9999994
1.0
1.0
1.0
1.0
1.0
1.0
1.0
1.0
0.99426526
1.0
1.0
1.0
1.0
1.0
1.0
0.9999608
1.0
0.9999747
1.0
1.0
1.0
0.9999825
0.9999999
1.0
1.0
1.0
1.0
1.0
1.0
0.99844545
1.0
1.0
1.0
0.99999857
1.0
1.0
1.0
0.99999905
0.9999999
1.0
1.0
1.0
1.0
1.0
1.0
0.9311532
1.0
1.0
0.9999987
1.0
0.9999999
0.9999958
0.9999999
0.94336975
0.9803578
0.9999994
0.99990416
0.9980952
1.0
1.0
1.0
1.0
1.0
1.0
1.0
0.9999999
0.9999995
1.0
1.0
0.9989396
1.0
1.0
1.0
1.0
1.0
0.9999999
0.9999021
1.0
0.7561837
1.0
1.0
0.99999964
0.9998739
0.9999999
0.99999964
1.0
1.0
1.0
1.0
0.9975261
1.0
1.0
1.0
0.99997354
0.87208146
0.9999995
1.0
1.0
0.99999857
0.9999988
1.0
1.0
1.0
0.9999989
1.0
0.7496296
1.0
0.99804664
1.0
0.9999989
1.0
1.0
0.99999905
1.0
0.99999654
1.0
0.99999976
0.9999999
0.99999976
1.0
1.0
0.99965703
1.0
0.9999496
1.0
1.0
1.0
1.0
0.99999833
1.0
1.0
1.0
1.0
0.9999629
1.0
0.9506814
1.0
0.99999976
0.99377394
1.0
1.0
1.0
1.0
1.0
0.9999994
0.99999976
1.0
1.0
0.99987876
1.0
1.0
1.0
1.0
1.0
1.0
1.0
1.0
1.0
0.9999212
1.0
0.99998665
1.0
1.0
0.9999957
1.0
0.9998086
1.0
0.99999964
1.0
1.0
1.0
1.0
1.0
0.99999905
1.0
1.0
1.0
0.83331805
1.0
1.0
0.8675672
1.0
1.0
0.9999988
1.0
1.0
0.99999666
1.0
1.0
0.9999976
1.0
1.0
1.0
1.0
0.9999999
1.0
0.9979417
1.0
0.9999974
1.0
1.0
1.0
1.0
0.9999999
1.0
0.9999995
1.0
0.9999999
1.0
1.0
1.0
0.9999999
1.0
1.0
1.0
1.0
1.0
1.0
1.0
1.0
0.9952815
1.0
1.0
1.0
1.0
1.0
1.0
1.0
1.0
0.9997383
1.0
1.0
1.0
0.9671506
1.0
1.0
0.99999833
1.0
1.0
1.0
1.0
1.0
1.0
1.0
1.0
1.0
1.0
1.0
1.0
1.0
1.0
0.9999988
1.0
0.99931145
1.0
1.0
1.0
1.0
1.0
1.0
1.0
1.0
1.0
1.0
1.0
1.0
0.99985445
0.9999995
0.6577811
0.99999905
0.99956363
1.0
1.0
0.9999995
1.0
1.0
1.0
0.99999714
0.99695396
1.0
1.0
0.9999999
1.0
1.0
1.0
1.0
1.0
1.0
0.9999999
0.9999943
1.0
1.0
1.0
1.0
1.0
0.9430151
0.9999933
0.9999958
0.99961275
1.0
1.0
1.0
1.0
0.99964774
0.9999999
0.9999999
1.0
1.0
1.0
1.0
1.0
0.999969
0.996018
0.9999988
0.9999907
0.9999993
0.9999999
1.0
1.0
1.0
1.0
1.0
0.9989104
1.0
0.9999995
1.0
1.0
0.99999917
0.9999995
0.99999976
1.0
1.0
1.0
1.0
0.96046424
1.0
1.0
1.0
1.0
0.9999999
1.0
1.0
0.99996316
1.0
0.98450875
0.999969
1.0
1.0
1.0
0.99999917
1.0
1.0
1.0
1.0
0.96654934
1.0
0.9999999
0.99999595
1.0
1.0
1.0
1.0
1.0
1.0
0.99999523
1.0
1.0
1.0
1.0
1.0
1.0
0.9999989
1.0
1.0
0.99999833
1.0
1.0
1.0
1.0
0.99993455
0.9999833
1.0
1.0
1.0
1.0
1.0
1.0
1.0
1.0
1.0
0.9980471
1.0
0.9969387
1.0
1.0
1.0
1.0
1.0
0.99999905
1.0
1.0
1.0
0.7092759
1.0
1.0
0.7261201
1.0
1.0
1.0
1.0
1.0
1.0
1.0
0.9999236
1.0
0.99999976
1.0
1.0
1.0
0.99999964
0.9997075
1.0
1.0
1.0
1.0
1.0
1.0
0.9999982
1.0
0.99997115
1.0
1.0
1.0
1.0
1.0
1.0
1.0
1.0
0.9999949
0.99998367
1.0
0.9999999
1.0
0.9999989
0.9999385
1.0
1.0
1.0
1.0
1.0
0.99999404
0.99999976
0.99999
0.9998498
1.0
1.0
1.0
1.0
1.0
1.0
1.0
0.9999913
1.0
1.0
0.9999993
1.0
0.9999995
0.99995303
0.99999964
0.9999739
0.9999999
1.0
1.0
0.99999654
1.0
0.9999894
0.99999964
1.0
1.0
0.99999976
1.0
0.99992406
1.0
0.9999907
0.99999976
0.9999999
0.9999999
1.0
1.0
1.0
0.9921238
1.0
0.9999999
1.0
1.0
1.0
1.0
1.0
0.99999297
1.0
1.0
0.9999877
1.0
0.7157571
1.0
1.0
1.0
0.9999995
1.0
0.9999999
1.0
1.0
1.0
1.0
1.0
1.0
1.0
1.0
1.0
0.99999964
0.99999213
0.9999993
1.0
0.9999882
0.9999999
1.0
0.99984753
1.0
0.99282247
1.0
0.9999999
1.0
0.89875597
1.0
0.9999951
1.0
1.0
1.0
0.99988914
0.999871
1.0
1.0
1.0
1.0
1.0
1.0
1.0
1.0
0.99999964
1.0
0.9999999
0.999959
1.0
1.0
1.0
1.0
1.0
1.0
1.0
1.0
1.0
1.0
1.0
1.0
1.0
0.98310375
0.99999917
1.0
1.0
1.0
0.9999995
0.9999995
1.0
1.0
1.0
0.93660456
1.0
1.0
1.0
1.0
1.0
1.0
0.9997919
0.8195825
1.0
1.0
0.99995923
0.9999993
1.0
1.0
1.0
1.0
0.8259136
0.9999995
1.0
1.0
0.999887
1.0
0.9935353
1.0
1.0
1.0
1.0
1.0
1.0
1.0
1.0
1.0
0.9999968
1.0
1.0
0.95964694
0.9999999
1.0
0.99999595
1.0
0.6645484
1.0
1.0
1.0
0.99999654
0.99999774
1.0
1.0
0.9999349
1.0
0.9999969
0.99999416
0.9999999
1.0
1.0
1.0
1.0
0.9998153
1.0
1.0
1.0
1.0
0.99999976
1.0
0.999838
0.9999995
0.9999695
1.0
0.9999995
1.0
1.0
1.0
0.99999964
1.0
0.99999917
1.0
0.99999964
1.0
0.9999999
1.0
0.9999999
1.0
1.0
1.0
0.9999999
1.0
1.0
1.0
1.0
1.0
1.0
1.0
0.9999999
1.0
1.0
0.9984445
1.0
1.0
1.0
1.0
0.99998856
0.99966323
1.0
1.0
1.0
1.0
0.99999976
1.0
1.0
1.0
0.99974257
0.9902332
1.0
1.0
0.9999362
1.0
1.0
1.0
1.0
1.0
0.8875188
1.0
1.0
1.0
1.0
0.999998
1.0
1.0
0.9999999
1.0
1.0
0.9999838
1.0
0.9956039
1.0
0.9990196
1.0
0.9999999
1.0
1.0
1.0
0.9999931
0.9999939
1.0
0.99999535
1.0
1.0
1.0
1.0
1.0
0.9999765
0.99979883
0.9999925
1.0
0.99962175
1.0
0.99986696
1.0
1.0
0.9999994
1.0
1.0
1.0
1.0
0.9999845
1.0
1.0
1.0
1.0
1.0
0.99999475
1.0
0.99999964
0.9999999
1.0
0.99999964
0.8744803
1.0
1.0
1.0
0.99970835
1.0
1.0
1.0
0.99919087
0.9999995
0.9999796
1.0
0.9999902
0.9999999
0.99999785
1.0
1.0
1.0
0.8888574
1.0
1.0
1.0
1.0
1.0
1.0
1.0
0.9999995
1.0
1.0
0.9998554
0.999982
1.0
1.0
1.0
1.0
0.99999964
1.0
1.0
0.9999999
1.0
1.0
1.0
1.0
1.0
0.99999976
0.9999999
1.0
1.0
1.0
1.0
1.0
1.0
0.9281941
1.0
0.9999981
0.9999995
1.0
0.9999994
1.0
1.0
1.0
1.0
0.99998844
0.9999988
0.99999976
1.0
1.0
1.0
1.0
0.9972753
1.0
1.0
0.9607713
0.9998851
0.9999999
0.9694847
1.0
1.0
1.0
0.9661382
0.9996811
1.0
0.9892356
1.0
1.0
1.0
0.9999994
1.0
0.99999416
1.0
1.0
1.0
1.0
1.0
0.99998343
1.0
0.99999964
1.0
1.0
1.0
1.0
1.0
1.0
0.9999585
1.0
1.0
1.0
1.0
1.0
0.99986637
1.0
0.87093806
1.0
1.0
1.0
0.9999994
1.0
1.0
0.99995685
1.0
1.0
1.0
0.99997175
0.9999994
1.0
1.0
0.999984
0.99999964
1.0
0.99999976
0.99999976
1.0
1.0
0.99999404
1.0
1.0
1.0
1.0
0.99999917
1.0
0.9999999
0.99999964
0.9999999
1.0
0.9999995
0.9999999
0.77645147
1.0
1.0
1.0
0.6880381
1.0
1.0
0.9796593
0.99982363
1.0
1.0
1.0
1.0
1.0
0.9999999
1.0
1.0
1.0
1.0
1.0
1.0
0.9999999
0.9999999
0.99999917
1.0
1.0
1.0
0.9999999
1.0
1.0
0.98649883
1.0
1.0
0.9989594
1.0
1.0
0.9999999
1.0
1.0
1.0
1.0
1.0
1.0
0.99999857
0.9024233
1.0
1.0
1.0
0.9996377
0.80872697
1.0
1.0
1.0
1.0
1.0
1.0
1.0
1.0
1.0
1.0
1.0
1.0
0.99999976
1.0
0.9998117
1.0
1.0
1.0
0.86710215
0.9999918
1.0
1.0
0.99999857
1.0
1.0
1.0
1.0
1.0
1.0
1.0
1.0
1.0
1.0
1.0
1.0
0.999954
1.0
1.0
0.99999976
0.9999994
1.0
0.99858934
1.0
1.0
1.0
1.0
1.0
1.0
1.0
1.0
0.9996966
1.0
1.0
0.99999917
1.0
1.0
1.0
1.0
0.9999968
1.0
0.9999974
1.0
1.0
1.0
1.0
1.0
1.0
1.0
1.0
0.9999151
1.0
0.9999999
0.99999964
1.0
0.99999976
0.9999925
1.0
0.99999857
0.9654952
1.0
1.0
0.9999999
1.0
1.0
1.0
0.9999999
0.99999964
1.0
1.0
1.0
1.0
0.9999994
0.99999976
1.0
1.0
1.0
1.0
1.0
1.0
0.99999523
1.0
1.0
0.99999774
0.9999846
0.9999999
1.0
1.0
1.0
0.99999976
1.0
0.99888366
1.0
1.0
1.0
0.9999994
0.9999993
0.9999999
0.99997723
0.99999666
0.9983644
1.0
1.0
0.996293
0.99999905
1.0
1.0
1.0
1.0
1.0
1.0
0.9993709
1.0
1.0
1.0
0.9999999
1.0
1.0
1.0
0.99997926
1.0
0.9736963
1.0
0.99999917
1.0
1.0
1.0
1.0
1.0
1.0
1.0
1.0
1.0
1.0
1.0
1.0
0.9999982
0.9999999
1.0
1.0
1.0
1.0
1.0
0.9951969
1.0
1.0
1.0
1.0
0.9999994
1.0
1.0
1.0
1.0
1.0
0.9999993
1.0
1.0
1.0
0.9999018
1.0
1.0
1.0
1.0
1.0
0.9999982
1.0
1.0
0.9874537
0.99993956
1.0
1.0
1.0
1.0
1.0
0.98101014
0.99999785
0.99999344
1.0
1.0
1.0
1.0
1.0
1.0
0.9960846
1.0
1.0
0.9999988
1.0
0.9999999
1.0
1.0
0.9999999
1.0
1.0
1.0
0.9999999
0.99999976
0.9945879
0.9844223
0.9997242
0.9999999
1.0
0.9999999
1.0
1.0
0.99999964
0.9999999
1.0
1.0
1.0
1.0
1.0
0.9999999
1.0
0.99999976
1.0
0.9999995
0.9999857
1.0
1.0
0.9072493
0.9997311
1.0
0.9999999
1.0
1.0
0.99999964
1.0
1.0
1.0
1.0
1.0
1.0
1.0
0.89722836
1.0
0.9999995
1.0
1.0
0.9983546
0.9998454
1.0
0.9999989
1.0
0.99999845
1.0
0.9873023
0.9999995
1.0
1.0
0.99998176
1.0
1.0
0.9999999
0.9999999
1.0
1.0
0.9999999
0.99999976
1.0
1.0
1.0
0.9999999
1.0
1.0
1.0
1.0
0.9999995
1.0
0.9999999
0.99999964
0.9987935
0.9999999
1.0
1.0
0.9999995
1.0
1.0
0.9999995
1.0
1.0
0.99999857
1.0
0.9999999
0.99999976
1.0
1.0
1.0
1.0
0.9999993
1.0
1.0
1.0
1.0
0.999998
1.0
1.0
1.0
1.0
0.999843
1.0
1.0
0.999995
0.9999503
0.99999964
1.0
1.0
1.0
1.0
1.0
0.99978894
0.99999976
0.99996424
1.0
1.0
1.0
0.8136809
1.0
1.0
0.9999962
1.0
1.0
1.0
1.0
1.0
1.0
0.9999888
0.9999989
0.9999999
1.0
1.0
0.9999999
1.0
1.0
1.0
1.0
1.0
1.0
0.9984237
1.0
1.0
1.0
0.999998
1.0
0.99999964
1.0
1.0
1.0
1.0
0.9999987
0.99717146
1.0
1.0
1.0
1.0
0.9999604
1.0
0.9999752
1.0
1.0
1.0
1.0
1.0
1.0
1.0
1.0
0.9999999
1.0
1.0
0.99999917
1.0
1.0
1.0
1.0
1.0
1.0
1.0
1.0
1.0
1.0
1.0
1.0
1.0
1.0
1.0
1.0
1.0
1.0
1.0
0.9999999
1.0
1.0
1.0
1.0
1.0
0.99999785
1.0
1.0
1.0
1.0
1.0
1.0
1.0
1.0
1.0
1.0
0.9999968
1.0
1.0
0.9999999
1.0
0.9999999
1.0
1.0
1.0
1.0
1.0
1.0
1.0
1.0
1.0
1.0
0.9999981
1.0
1.0
1.0
1.0
0.9984871
0.9999994
1.0
1.0
1.0
1.0
1.0
0.9999993
1.0
1.0
1.0
1.0
1.0
1.0
1.0
1.0
1.0
1.0
0.99999976
0.99999976
1.0
0.9999995
1.0
1.0
1.0
1.0
1.0
1.0
1.0
1.0
0.99999964
1.0
0.9999882
0.9999999
1.0
1.0
1.0
1.0
0.9999608
0.9999995
1.0
1.0
1.0
1.0
1.0
1.0
1.0
0.9999999
1.0
1.0
1.0
1.0
1.0
0.9999987
1.0
1.0
1.0
1.0
1.0
1.0
0.623033
1.0
1.0
1.0
1.0
1.0
1.0
1.0
0.9999995
1.0
1.0
1.0
1.0
0.99998486
1.0
1.0
0.99999964
1.0
1.0
1.0
1.0
1.0
1.0
1.0
1.0
1.0
1.0
1.0
0.9999999
1.0
1.0
1.0
0.9733228
1.0
1.0
0.9999999
1.0
1.0
0.98946464
1.0
1.0
1.0
1.0
1.0
1.0
1.0
0.99999905
1.0
1.0
0.99994314
1.0
1.0
1.0
1.0
1.0
1.0
0.99999905
1.0
1.0
1.0
1.0
1.0
1.0
1.0
1.0
1.0
1.0
0.9999895
1.0
1.0
1.0
1.0
0.99998486
1.0
0.99977607
1.0
0.99999964
1.0
1.0
1.0
0.99999976
1.0
1.0
1.0
1.0
1.0
0.99999976
1.0
1.0
1.0
1.0
1.0
1.0
1.0
0.99999905
1.0
1.0
1.0
1.0
1.0
1.0
0.9963084
1.0
1.0
1.0
1.0
1.0
1.0
1.0
1.0
1.0
1.0
1.0
1.0
1.0
0.9999999
1.0
1.0
1.0
0.9670725
0.9999999
1.0
1.0
0.99999976
1.0
1.0
1.0
1.0
0.9999999
1.0
1.0
1.0
1.0
1.0
0.9999964
0.9999999
1.0
1.0
0.9998909
1.0
1.0
0.99985564
1.0
0.99999964
1.0
1.0
1.0
1.0
1.0
1.0
1.0
0.9988174
1.0
1.0
1.0
1.0
1.0
1.0
1.0
1.0
1.0
0.99994195
1.0
1.0
1.0
1.0
1.0
1.0
1.0
1.0
1.0
0.9999994
1.0
1.0
1.0
1.0
1.0
1.0
1.0
1.0
1.0
1.0
1.0
1.0
1.0
1.0
1.0
1.0
1.0
1.0
1.0
1.0
1.0
1.0
1.0
1.0
1.0
1.0
1.0
1.0
1.0
1.0
1.0
1.0
0.8869085
1.0
1.0
1.0
1.0
1.0
1.0
1.0
1.0
1.0
1.0
1.0
0.99997306
1.0
1.0
1.0
1.0
1.0
1.0
1.0
1.0
1.0
1.0
1.0
1.0
1.0
1.0
1.0
1.0
0.9999963
1.0
1.0
1.0
1.0
1.0
1.0
1.0
1.0
1.0
1.0
1.0
1.0
1.0
1.0
1.0
1.0
1.0
1.0
0.999998
0.9999989
1.0
1.0
1.0
1.0
1.0
1.0
1.0
1.0
1.0
1.0
1.0
1.0
1.0
0.99999845
1.0
1.0
1.0
1.0
1.0
1.0
0.99999976
1.0
1.0
1.0
0.99999976
1.0
0.99999154
1.0
1.0
1.0
1.0
1.0
1.0
1.0
1.0
1.0
0.99999964
1.0
1.0
1.0
1.0
1.0
1.0
0.99999976
1.0
1.0
1.0
1.0
1.0
1.0
1.0
1.0
1.0
1.0
1.0
1.0
1.0
1.0
1.0
1.0
1.0
1.0
1.0
1.0
1.0
1.0
1.0
1.0
0.9990054
0.99892837
1.0
1.0
1.0
1.0
1.0
1.0
0.9993655
1.0
0.9999993
1.0
1.0
1.0
1.0
1.0
1.0
1.0
1.0
1.0
1.0
0.9999999
1.0
1.0
1.0
1.0
1.0
1.0
1.0
1.0
1.0
1.0
1.0
1.0
1.0
1.0
1.0
1.0
1.0
1.0
1.0
1.0
1.0
1.0
1.0
1.0
1.0
1.0
1.0
1.0
1.0
1.0
1.0
1.0
1.0
1.0
1.0
1.0
1.0
1.0
1.0
1.0
1.0
1.0
1.0
1.0
1.0
1.0
1.0
1.0
0.99998546
1.0
1.0
0.999941
0.99999976
1.0
0.9999981
0.99999964
0.9999999
1.0
1.0
1.0
1.0
1.0
1.0
1.0
1.0
0.99999976
1.0
1.0
1.0
1.0
1.0
1.0
1.0
1.0
1.0
0.9999982
0.9999825
1.0
1.0
1.0
1.0
1.0
1.0
1.0
1.0
0.9999987
1.0
1.0
0.99999976
1.0
0.99999416
0.9999999
1.0
0.9999852
1.0
1.0
1.0
1.0
0.9999927
1.0
1.0
1.0
0.9999918
1.0
1.0
1.0
1.0
0.9999995
1.0
0.9999993
1.0
1.0
0.99999034
1.0
1.0
0.9997702
1.0
1.0
1.0
1.0
1.0
1.0
1.0
0.99999976
1.0
1.0
0.99999976
1.0
1.0
0.9997155
0.99999905
0.99999976
0.9999999
1.0
1.0
1.0
0.9999995
1.0
1.0
1.0
1.0
1.0
0.9999963
1.0
1.0
1.0
0.99999976
1.0
1.0
0.9999976
1.0
1.0
0.99986255
1.0
1.0
0.99999166
1.0
1.0
1.0
1.0
0.99998677
1.0
1.0
0.74880236
1.0
0.9999945
1.0
1.0
0.99999547
1.0
0.99999905
0.99977595
0.9999987
1.0
1.0
1.0
0.99999976
0.9999002
0.9996755
1.0
1.0
1.0
1.0
0.9888517
0.9999716
1.0
1.0
1.0
1.0
1.0
1.0
1.0
1.0
1.0
1.0
1.0
1.0
1.0
1.0
1.0
1.0
1.0
1.0
1.0
0.9999999
0.9995054
0.9995409
0.99997926
1.0
1.0
1.0
1.0
0.9999994
1.0
1.0
1.0
1.0
0.9999999
1.0
1.0
0.9999988
1.0
1.0
1.0
1.0
0.9999994
1.0
1.0
1.0
1.0
1.0
1.0
0.99999917
1.0
1.0
1.0
1.0
0.9999697
1.0
1.0
1.0
1.0
1.0
0.99999917
1.0
1.0
0.99999404
1.0
0.99999976
0.9999441
1.0
1.0
1.0
1.0
1.0
0.9999999
1.0
1.0
1.0
1.0
0.99999976
1.0
1.0
0.9935455
0.9999902
0.99134934
1.0
1.0
1.0
1.0
1.0
1.0
0.9999982
1.0
0.9999664
1.0
1.0
1.0
0.7940222
1.0
1.0
0.9998252
1.0
1.0
1.0
1.0
1.0
1.0
1.0
1.0
1.0
1.0
1.0
1.0
1.0
1.0
1.0
1.0
0.9999956
1.0
1.0
1.0
0.99999404
1.0
1.0
1.0
1.0
0.9999999
1.0
1.0
1.0
1.0
1.0
1.0
1.0
1.0
1.0
1.0
1.0
1.0
1.0
1.0
1.0
1.0
1.0
1.0
1.0
1.0
1.0
1.0
0.9995933
0.99999917
1.0
1.0
1.0
1.0
0.9999988
1.0
1.0
1.0
1.0
1.0
1.0
1.0
1.0
1.0
1.0
1.0
1.0
0.99999774
1.0
1.0
0.9999833
0.99999964
1.0
1.0
0.9999747
0.99997675
1.0
0.99999905
1.0
1.0
0.9999999
1.0
0.9999995
1.0
1.0
1.0
1.0
1.0
1.0
0.99999964
1.0
1.0
1.0
1.0
1.0
1.0
1.0
1.0
1.0
1.0
1.0
1.0
1.0
1.0
1.0
1.0
1.0
1.0
1.0
1.0
1.0
1.0
1.0
1.0
1.0
1.0
1.0
1.0
1.0
1.0
1.0
1.0
1.0
1.0
0.99781126
0.9999999
1.0
1.0
1.0
1.0
1.0
1.0
0.9999995
1.0
0.99797004
0.9978241
1.0
0.9999889
1.0
1.0
1.0
1.0
0.9999999
1.0
1.0
1.0
1.0
1.0
1.0
1.0
0.9999995
1.0
1.0
0.99999547
1.0
1.0
1.0
1.0
1.0
0.99997926
1.0
1.0
1.0
0.9999999
1.0
0.9999995
1.0
1.0
0.9999927
1.0
1.0
0.99999225
1.0
0.99996626
1.0
1.0
1.0
1.0
1.0
1.0
1.0
0.9999589
0.99999654
0.9588086
0.99171174
0.99997914
0.99605453
1.0
1.0
0.9999999
1.0
1.0
1.0
1.0
0.9999999
1.0
0.99997497
0.9999969
1.0
1.0
1.0
1.0
0.9819728
1.0
1.0
1.0
0.9961798
1.0
0.99999917
1.0
0.998877
1.0
0.9999982
0.9999994
0.99999976
1.0
1.0
1.0
1.0
0.99999666
0.99987686
1.0
0.99999785
0.9999957
0.9999999
1.0
1.0
0.9999981
0.9882223
0.9718069
0.99999416
1.0
0.9999938
1.0
0.99996185
0.99999905
0.99997795
1.0
1.0
0.9999939
1.0
1.0
1.0
0.9999999
0.996482
0.99999964
1.0
0.99999666
1.0
0.999987
1.0
0.9996269
1.0
0.9999008
0.99999285
1.0
0.99999917
1.0
0.9999958
1.0
1.0
1.0
1.0
1.0
1.0
0.9999999
1.0
0.99999654
1.0
1.0
0.9998834
0.99999523
1.0
0.99980813
0.9999974
0.99998534
0.99999344
1.0
0.9999951
1.0
0.9999993
1.0
0.99154574
1.0
0.99998367
0.99999964
1.0
1.0
1.0
0.999987
1.0
1.0
0.9999999
1.0
1.0
0.9999989
0.9999994
0.9999881
1.0
1.0
0.9999974
0.9999304
1.0
1.0
1.0
1.0
0.9999995
1.0
1.0
1.0
0.9999999
1.0
0.9946937
1.0
1.0
1.0
1.0
0.9999982
0.9998934
0.99999785
0.99999857
1.0
0.9999993
1.0
1.0
1.0
0.9999999
0.99999976
0.99875414
0.9999999
1.0
1.0
0.9999999
1.0
1.0
1.0
1.0
0.9999999
0.9598425
1.0
0.9998764
1.0
1.0
1.0
1.0
1.0
1.0
1.0
0.9999813
1.0
1.0
1.0
1.0
1.0
0.999998
1.0
0.9999999
0.9999999
0.9999999
0.9883974
1.0
1.0
0.99999976
0.99999964
1.0
1.0
1.0
1.0
1.0
1.0
1.0
0.99999964
1.0
0.9999982
1.0
1.0
1.0
1.0
1.0
1.0
1.0
1.0
1.0
1.0
1.0
1.0
1.0
1.0
1.0
1.0
1.0
1.0
1.0
1.0
0.9999994
1.0
1.0
1.0
0.99999976
1.0
1.0
1.0
1.0
1.0
0.99343336
1.0
1.0
1.0
0.99997604
1.0
1.0
1.0
1.0
0.6291297
1.0
0.99986327
1.0
0.99999976
1.0
0.9967429
0.89083713
0.9998815
1.0
1.0
1.0
0.9999999
0.9999999
1.0
0.99999917
1.0
1.0
1.0
1.0
1.0
1.0
1.0
1.0
1.0
1.0
1.0
1.0
1.0
1.0
1.0
1.0
1.0
1.0
1.0
1.0
1.0
1.0
1.0
1.0
1.0
1.0
1.0
1.0
1.0
1.0
1.0
1.0
1.0
1.0
1.0
1.0
1.0
1.0
1.0
1.0
1.0
1.0
1.0
1.0
1.0
1.0
1.0
1.0
1.0
1.0
1.0
1.0
0.9999999
1.0
1.0
1.0
1.0
1.0
1.0
1.0
1.0
0.9999988
1.0
1.0
1.0
1.0
1.0
1.0
0.99999964
1.0
1.0
1.0
1.0
1.0
1.0
1.0
1.0
1.0
1.0
1.0
1.0
1.0
1.0
1.0
0.99999976
1.0
1.0
1.0
1.0
1.0
1.0
1.0
1.0
1.0
1.0
1.0
1.0
1.0
1.0
1.0
1.0
1.0
1.0
1.0
1.0
1.0
1.0
1.0
1.0
1.0
1.0
1.0
1.0
1.0
1.0
1.0
1.0
1.0
1.0
1.0
1.0
1.0
1.0
0.99999917
1.0
1.0
1.0
1.0
1.0
1.0
1.0
1.0
1.0
1.0
1.0
0.99999905
1.0
1.0
1.0
1.0
1.0
1.0
1.0
1.0
1.0
1.0
1.0
1.0
1.0
1.0
1.0
1.0
1.0
1.0
1.0
1.0
1.0
1.0
1.0
1.0
1.0
1.0
0.99999845
1.0
1.0
0.9999908
1.0
1.0
1.0
1.0
1.0
1.0
1.0
1.0
1.0
1.0
1.0
1.0
1.0
1.0
1.0
1.0
1.0
1.0
1.0
1.0
1.0
1.0
1.0
1.0
1.0
1.0
1.0
1.0
0.99999976
1.0
1.0
1.0
1.0
1.0
1.0
1.0
1.0
1.0
1.0
1.0
1.0
1.0
1.0
0.9999962
0.9999989
0.99999726
1.0
1.0
1.0
1.0
0.9999808
1.0
0.99999535
1.0
1.0
1.0
1.0
1.0
1.0
1.0
1.0
1.0
0.9999988
0.99999535
1.0
1.0
1.0
1.0
1.0
1.0
0.99999976
1.0
0.9999995
1.0
1.0
1.0
1.0
0.99999976
0.99973434
1.0
0.9999988
1.0
1.0
1.0
1.0
1.0
1.0
1.0
1.0
1.0
1.0
1.0
1.0
0.9999993
1.0
0.99999976
1.0
1.0
0.99999976
1.0
1.0
1.0
1.0
1.0
1.0
1.0
1.0
0.9999999
1.0
1.0
1.0
1.0
1.0
1.0
1.0
1.0
1.0
1.0
1.0
1.0
1.0
1.0
1.0
0.9999919
1.0
0.9999999
1.0
1.0
1.0
0.99999917
1.0
1.0
0.99999475
1.0
1.0
1.0
1.0
1.0
1.0
1.0
1.0
1.0
1.0
1.0
0.9999999
1.0
1.0
0.9999387
1.0
1.0
1.0
0.9999999
1.0
1.0
1.0
1.0
1.0
0.9993936
1.0
1.0
1.0
1.0
1.0
1.0
0.99999976
1.0
1.0
1.0
1.0
0.9999999
1.0
1.0
1.0
1.0
1.0
0.99999845
1.0
1.0
1.0
1.0
0.9999999
1.0
1.0
1.0
0.9986052
1.0
0.99999976
1.0
1.0
1.0
0.999915
0.9999999
1.0
1.0
1.0
1.0
0.99999607
1.0
0.99999607
1.0
1.0
0.9999999
1.0
1.0
1.0
0.99999976
0.9978137
0.4691455
1.0
0.99995816
0.9745252
0.9999993
0.82856244
0.9995747
1.0
1.0
1.0
0.9999994
1.0
0.99999976
0.99987614
0.99999833
0.99999905
0.8455674
0.99996054
1.0
0.9998115
1.0
0.7253879
0.9999987
0.96753424
1.0
0.99999917
1.0
1.0
1.0
0.99999726
1.0
1.0
1.0
1.0
1.0
1.0
1.0
0.99962413
1.0
1.0
1.0
0.99999833
0.73056746
0.9966698
0.9991425
1.0
1.0
0.9999981
0.9969355
1.0
0.99984574
1.0
1.0
0.981402
1.0
0.9999999
1.0
1.0
0.99999964
0.9999304
0.9999968
1.0
0.99996257
0.99999976
1.0
1.0
0.999995
1.0
1.0
1.0
0.7896941
1.0
0.99999976
1.0
0.9999988
1.0
0.99964345
0.98990566
1.0
1.0
1.0
0.99999714
0.9999999
1.0
1.0
1.0
1.0
1.0
1.0
1.0
0.999998
1.0
1.0
1.0
1.0
1.0
0.96873367
1.0
1.0
1.0
1.0
1.0
1.0
1.0
1.0
1.0
1.0
0.9999995
1.0
1.0
1.0
1.0
0.99999964
0.99999917
0.9999995
1.0
1.0
0.9999994
1.0
1.0
1.0
1.0
0.99999857
1.0
1.0
1.0
0.9999999
1.0
1.0
1.0
1.0
1.0
1.0
1.0
1.0
1.0
0.9999975
0.99999976
1.0
1.0
1.0
1.0
1.0
1.0
1.0
1.0
1.0
1.0
0.99999976
1.0
1.0
0.99999475
1.0
1.0
0.9999999
0.9999993
1.0
1.0
1.0
1.0
1.0
1.0
0.9999999
0.99999475
1.0
1.0
0.99980253
0.99999774
1.0
0.9999999
0.99999344
1.0
1.0
1.0
1.0
0.99999976
1.0
1.0
1.0
1.0
1.0
1.0
0.9999999
1.0
1.0
0.9998056
0.9999919
1.0
1.0
0.99500614
0.9999893
1.0
0.99979514
1.0
0.9999943
1.0
1.0
1.0
1.0
1.0
0.9783401
0.99989724
1.0
1.0
0.9999943
1.0
1.0
1.0
1.0
0.99998164
1.0
1.0
1.0
0.9999999
0.9998815
1.0
1.0
1.0
1.0
0.9999999
1.0
0.9999993
1.0
1.0
1.0
0.99999857
1.0
1.0
0.61217344
0.99999106
1.0
1.0
0.9999995
1.0
1.0
1.0
0.99999785
1.0
0.9999964
1.0
1.0
0.9996413
0.99999976
1.0
1.0
1.0
1.0
1.0
1.0
1.0
1.0
0.99999785
0.99995506
1.0
1.0
1.0
0.9999999
1.0
1.0
1.0
1.0
1.0
0.99998176
0.999997
1.0
1.0
1.0
1.0
1.0
1.0
1.0
1.0
0.99999976
1.0
1.0
1.0
1.0
1.0
1.0
1.0
0.9999999
1.0
1.0
1.0
0.99999964
1.0
0.99999964
1.0
1.0
1.0
1.0
1.0
0.99807286
1.0
1.0
1.0
1.0
0.9999999
1.0
1.0
1.0
1.0
1.0
1.0
1.0
1.0
1.0
1.0
1.0
1.0
1.0
1.0
1.0
1.0
1.0
1.0
1.0
0.9999993
1.0
1.0
1.0
1.0
1.0
0.9999995
1.0
1.0
1.0
1.0
0.99996686
1.0
1.0
1.0
1.0
1.0
1.0
1.0
1.0
1.0
1.0
0.99999416
0.9998221
1.0
1.0
1.0
0.99999964
1.0
1.0
1.0
1.0
1.0
1.0
0.99999964
1.0
1.0
0.99999976
0.9996119
1.0
1.0
1.0
0.9999999
1.0
1.0
1.0
1.0
0.999987
1.0
1.0
1.0
0.9999999
1.0
0.9999987
0.9999999
1.0
1.0
1.0
1.0
1.0
1.0
1.0
1.0
1.0
1.0
1.0
1.0
0.9999999
0.9999976
1.0
1.0
1.0
1.0
0.9996475
1.0
1.0
1.0
1.0
1.0
1.0
1.0
1.0
1.0
1.0
1.0
1.0
1.0
1.0
1.0
1.0
0.9999982
1.0
1.0
1.0
1.0
0.9999999
1.0
1.0
1.0
0.9999995
1.0
1.0
1.0
1.0
1.0
1.0
1.0
1.0
0.99999976
0.9999999
1.0
1.0
1.0
1.0
1.0
1.0
1.0
1.0
1.0
1.0
1.0
1.0
1.0
1.0
1.0
1.0
0.9999994
1.0
1.0
1.0
0.99999976
1.0
1.0
1.0
1.0
1.0
1.0
1.0
1.0
1.0
1.0
1.0
1.0
1.0
1.0
1.0
1.0
1.0
0.99999976
0.99999976
1.0
1.0
1.0
1.0
1.0
1.0
1.0
1.0
0.99999607
0.99999845
1.0
1.0
1.0
1.0
1.0
1.0
1.0
1.0
1.0
1.0
1.0
1.0
1.0
1.0
1.0
1.0
1.0
0.9975199
1.0
1.0
1.0
1.0
0.9962494
1.0
1.0
1.0
1.0
1.0
1.0
1.0
1.0
1.0
0.99999976
1.0
1.0
1.0
1.0
1.0
1.0
0.9999987
1.0
1.0
0.99999917
1.0
1.0
1.0
1.0
0.99999964
1.0
0.99999964
1.0
1.0
0.9999993
1.0
1.0
1.0
1.0
0.9999999
1.0
1.0
1.0
0.9999163
0.9999764
0.9999987
1.0
1.0
0.99999905
1.0
1.0
1.0
1.0
1.0
1.0
1.0
1.0
0.9999995
1.0
1.0
1.0
1.0
1.0
1.0
1.0
0.9999993
1.0
1.0
1.0
1.0
1.0
0.9978224
1.0
1.0
1.0
1.0
1.0
1.0
1.0
1.0
1.0
1.0
0.99998343
1.0
1.0
0.99999726
0.9999994
1.0
1.0
1.0
1.0
1.0
1.0
1.0
1.0
1.0
1.0
1.0
0.9999974
1.0
1.0
1.0
1.0
1.0
0.72598577
1.0
0.999998
1.0
1.0
1.0
1.0
1.0
1.0
1.0
1.0
1.0
1.0
1.0
1.0
1.0
1.0
1.0
1.0
1.0
0.9999999
1.0
1.0
1.0
1.0
0.9999988
1.0
1.0
1.0
1.0
1.0
1.0
1.0
1.0
1.0
1.0
1.0
1.0
1.0
1.0
1.0
1.0
1.0
1.0
0.9925761
1.0
1.0
1.0
1.0
1.0
0.9999999
0.99999976
1.0
1.0
0.9999858
0.99999917
0.9999877
1.0
0.99690586
1.0
1.0
1.0
0.9819249
1.0
1.0
1.0
0.99998724
1.0
1.0
1.0
1.0
1.0
1.0
1.0
1.0
0.99999964
1.0
1.0
1.0
0.9999976
1.0
0.9986909
1.0
1.0
1.0
1.0
0.99999833
1.0
1.0
1.0
1.0
0.99999964
1.0
1.0
1.0
0.999997
1.0
1.0
1.0
1.0
1.0
1.0
1.0
1.0
0.99999344
0.99999845
1.0
1.0
1.0
1.0
1.0
0.99999976
1.0
0.99999964
0.99999356
1.0
1.0
0.9999988
1.0
1.0
1.0
1.0
1.0
1.0
0.9999957
1.0
1.0
1.0
1.0
1.0
1.0
1.0
1.0
0.99999964
0.9999994
1.0
1.0
0.9999871
1.0
1.0
1.0
1.0
1.0
1.0
1.0
1.0
1.0
1.0
1.0
1.0
0.9999999
1.0
1.0
1.0
1.0
0.999956
1.0
1.0
1.0
1.0
1.0
1.0
1.0
1.0
1.0
1.0
1.0
1.0
1.0
1.0
1.0
1.0
1.0
1.0
1.0
1.0
1.0
1.0
1.0
0.99999976
1.0
1.0
1.0
0.9999999
0.9999999
1.0
1.0
1.0
1.0
1.0
1.0
0.9999989
1.0
1.0
0.9999995
0.9999465
1.0
1.0
1.0
1.0
0.9997347
1.0
1.0
1.0
1.0
1.0
1.0
1.0
1.0
1.0
1.0
1.0
1.0
1.0
1.0
1.0
0.9999988
1.0
1.0
1.0
1.0
1.0
1.0
0.9999999
0.9999999
0.9999993
1.0
1.0
1.0
1.0
0.9999981
1.0
0.9999994
1.0
1.0
1.0
1.0
1.0
1.0
1.0
1.0
1.0
1.0
1.0
1.0
1.0
1.0
0.9999999
1.0
0.9999995
1.0
1.0
1.0
1.0
1.0
1.0
1.0
1.0
1.0
0.9999862
1.0
1.0
1.0
1.0
1.0
1.0
1.0
1.0
1.0
0.9999999
1.0
1.0
1.0
0.99999976
1.0
1.0
1.0
1.0
0.9999883
0.99999976
0.99905235
1.0
1.0
1.0
1.0
1.0
1.0
0.9999149
1.0
1.0
1.0
1.0
1.0
1.0
1.0
1.0
1.0
0.9999616
1.0
1.0
1.0
1.0
1.0
0.99839103
1.0
1.0
1.0
0.99998975
1.0
1.0
1.0
1.0
0.9999999
1.0
1.0
1.0
1.0
0.9999999
0.9997335
0.9999938
1.0
1.0
0.9999999
1.0
1.0
1.0
1.0
1.0
1.0
0.9999546
1.0
1.0
0.9999999
1.0
1.0
1.0
1.0
0.9999919
0.99983525
1.0
1.0
1.0
1.0
1.0
0.99999523
1.0
1.0
1.0
1.0
0.99999845
1.0
0.9999944
1.0
1.0
1.0
1.0
1.0
1.0
1.0
1.0
0.99998105
1.0
1.0
1.0
1.0
1.0
1.0
1.0
1.0
0.9999999
0.9999938
1.0
1.0
1.0
1.0
1.0
1.0
1.0
1.0
1.0
0.9999995
1.0
1.0
1.0
1.0
0.99977595
1.0
1.0
1.0
1.0
1.0
0.999998
1.0
1.0
1.0
1.0
1.0
1.0
0.99999845
1.0
1.0
0.9999999
1.0
1.0
0.99999976
1.0
0.99999976
1.0
1.0
1.0
1.0
0.9999995
1.0
1.0
1.0
0.9999505
0.9999999
1.0
1.0
1.0
0.9993604
1.0
1.0
1.0
1.0
1.0
0.99999547
1.0
1.0
1.0
1.0
1.0
0.9999994
1.0
1.0
1.0
1.0
1.0
1.0
1.0
1.0
1.0
1.0
0.9999999
1.0
1.0
1.0
1.0
1.0
1.0
1.0
1.0
0.99999964
1.0
1.0
1.0
1.0
1.0
1.0
1.0
1.0
1.0
1.0
1.0
1.0
0.99999547
1.0
1.0
1.0
1.0
1.0
1.0
1.0
1.0
1.0
1.0
1.0
1.0
1.0
1.0
1.0
1.0
1.0
0.99999917
0.9999999
1.0
1.0
1.0
1.0
1.0
1.0
1.0
1.0
1.0
1.0
1.0
1.0
0.99999654
1.0
1.0
1.0
1.0
0.99999964
1.0
1.0
1.0
1.0
1.0
1.0
1.0
1.0
1.0
1.0
1.0
0.99999976
1.0
1.0
0.9999999
0.99999833
0.9999999
1.0
1.0
1.0
1.0
1.0
0.99999976
0.9999999
1.0
1.0
0.9999995
1.0
1.0
1.0
1.0
1.0
1.0
1.0
1.0
0.9999999
1.0
1.0
1.0
1.0
0.9999999
1.0
1.0
1.0
1.0
1.0
1.0
1.0
1.0
1.0
1.0
1.0
1.0
1.0
1.0
1.0
1.0
1.0
1.0
1.0
1.0
1.0
1.0
0.9999937
1.0
1.0
1.0
1.0
1.0
1.0
1.0
1.0
0.9999788
0.9999999
1.0
0.99998987
0.99999976
0.99999964
0.9999299
0.9999691
1.0
1.0
0.9999987
1.0
1.0
1.0
0.99999976
1.0
1.0
0.9999989
1.0
1.0
0.9999969
1.0
1.0
1.0
1.0
1.0
1.0
1.0
1.0
1.0
1.0
0.99999976
1.0
1.0
1.0
1.0
1.0
1.0
1.0
1.0
1.0
1.0
1.0
0.99999917
0.99999833
1.0
1.0
1.0
0.99999976
1.0
1.0
1.0
0.99998474
1.0
1.0
1.0
1.0
1.0
1.0
1.0
1.0
1.0
1.0
1.0
1.0
1.0
1.0
1.0
0.99994946
1.0
0.9999999
0.9999968
1.0
1.0
1.0
1.0
1.0
1.0
1.0
1.0
1.0
1.0
1.0
0.999985
0.9999907
1.0
0.99999964
1.0
1.0
1.0
1.0
1.0
0.99998677
1.0
0.9999999
1.0
1.0
1.0
1.0
0.9999999
1.0
0.9999999
1.0
1.0
1.0
1.0
1.0
1.0
0.99999905
1.0
0.9999707
0.9999981
0.9998754
0.99992776
1.0
0.99999774
0.9927084
1.0
0.9999995
1.0
0.82790816
0.9999951
0.9999343
0.9999999
0.9928268
1.0
1.0
0.99999523
0.99999976
0.99999917
1.0
0.999977
0.99999976
0.99999976
1.0
1.0
0.9999993
1.0
1.0
1.0
1.0
1.0
1.0
1.0
1.0
0.99999964
0.99999964
1.0
1.0
1.0
1.0
1.0
1.0
1.0
1.0
1.0
1.0
0.99999976
0.99999905
1.0
0.9999999
1.0
0.9999931
1.0
0.99999964
0.99999976
1.0
1.0
0.9999999
0.99999225
0.99999297
1.0
1.0
0.9751129
0.9999968
1.0
0.99999976
1.0
1.0
1.0
0.99999917
1.0
1.0
0.9999924
1.0
0.99998915
0.9937256
1.0
0.9999994
0.99999595
0.9999999
1.0
0.99998164
1.0
0.9999999
0.9999989
0.99848515
1.0
0.9999869
0.99995923
0.9999999
1.0
1.0
1.0
1.0
1.0
1.0
1.0
1.0
1.0
1.0
1.0
0.9999999
1.0
1.0
1.0
0.9999974
1.0
1.0
1.0
1.0
1.0
0.9999999
0.9999994
1.0
1.0
1.0
1.0
1.0
1.0
1.0
1.0
1.0
1.0
1.0
0.99999344
1.0
1.0
1.0
1.0
1.0
1.0
0.99276453
1.0
1.0
1.0
1.0
1.0
1.0
0.9999999
1.0
1.0
1.0
1.0
1.0
1.0
0.9999982
0.99999964
1.0
1.0
1.0
0.9999995
0.99984956
1.0
1.0
1.0
1.0
1.0
1.0
0.9999999
0.99999774
1.0
1.0
1.0
0.9999999
1.0
1.0
1.0
1.0
1.0
1.0
1.0
1.0
1.0
1.0
1.0
1.0
0.99995196
1.0
1.0
1.0
0.99999607
1.0
1.0
1.0
1.0
1.0
1.0
1.0
1.0
1.0
1.0
1.0
1.0
1.0
1.0
1.0
1.0
1.0
1.0
1.0
1.0
1.0
1.0
0.9999999
1.0
1.0
1.0
0.9999999
1.0
1.0
1.0
1.0
1.0
1.0
1.0
0.99999964
1.0
1.0
1.0
0.96635145
1.0
0.9863317
1.0
0.9999609
0.9999932
0.9990089
1.0
1.0
1.0
0.9906915
1.0
0.99995756
1.0
1.0
1.0
0.9999738
1.0
0.9999995
0.99999404
0.9999844
1.0
0.9999974
0.9999999
1.0
0.9999995
1.0
1.0
1.0
1.0
1.0
1.0
0.99931765
0.9453997
0.9994634
0.55038875
0.99297947
1.0
0.99999654
1.0
1.0
1.0
0.99999976
0.9984792
0.99999714
0.99926883
0.9985915
0.9999261
0.99999654
1.0
0.9999999
0.99997365
1.0
0.99999523
1.0
1.0
0.9995448
1.0
1.0
1.0
1.0
1.0
1.0
1.0
1.0
1.0
1.0
0.9999999
1.0
0.9999976
1.0
1.0
1.0
1.0
1.0
1.0
1.0
1.0
1.0
1.0
1.0
1.0
1.0
1.0
0.9999988
1.0
1.0
1.0
1.0
1.0
1.0
1.0
0.99999905
1.0
1.0
1.0
1.0
0.9999896
1.0
1.0
1.0
1.0
1.0
1.0
1.0
1.0
1.0
1.0
1.0
1.0
1.0
1.0
1.0
1.0
1.0
1.0
1.0
1.0
1.0
1.0
1.0
1.0
0.99999285
0.9993604
0.99999964
0.9999994
1.0
1.0
1.0
1.0
1.0
1.0
1.0
1.0
1.0
1.0
1.0
0.9999802
1.0
1.0
1.0
1.0
1.0
1.0
1.0
1.0
1.0
1.0
1.0
1.0
1.0
1.0
1.0
1.0
0.9999999
1.0
1.0
1.0
0.99996054
1.0
1.0
1.0
1.0
1.0
1.0
1.0
1.0
1.0
0.99999964
0.9999999
1.0
0.99999964
1.0
1.0
1.0
1.0
1.0
1.0
1.0
1.0
1.0
1.0
1.0
1.0
0.9999684
1.0
0.99999833
0.9767612
1.0
1.0
1.0
0.9999999
1.0
1.0
1.0
0.9999958
0.99999905
0.9999906
1.0
1.0
0.99999964
1.0
1.0
0.99999917
1.0
1.0
1.0
1.0
1.0
1.0
1.0
1.0
1.0
0.99999976
0.99843997
0.9999999
1.0
1.0
0.9999944
0.99998844
0.9997422
1.0
0.99999976
1.0
1.0
1.0
1.0
1.0
0.99686617
0.99998987
1.0
1.0
1.0
0.999997
1.0
1.0
0.99999785
1.0
1.0
1.0
1.0
1.0
1.0
1.0
1.0
1.0
1.0
1.0
1.0
1.0
1.0
0.9999995
0.99948454
1.0
1.0
1.0
0.9998623
0.99967635
1.0
1.0
0.99999976
0.9999553
0.99999964
0.9999988
0.99999464
1.0
0.86804825
0.9549765
1.0
1.0
1.0
0.9999999
1.0
0.99988043
1.0
0.99999833
1.0
1.0
1.0
1.0
0.999987
1.0
1.0
1.0
1.0
1.0
1.0
1.0
1.0
1.0
0.99999917
1.0
0.9999999
1.0
1.0
0.9999999
1.0
1.0
1.0
1.0
1.0
1.0
1.0
0.99999964
1.0
1.0
1.0
1.0
1.0
1.0
1.0
1.0
1.0
0.9999999
1.0
1.0
0.9999778
0.9999976
1.0
1.0
1.0
1.0
1.0
0.9980088
0.9999976
1.0
1.0
1.0
1.0
1.0
0.9999999
1.0
1.0
1.0
1.0
1.0
1.0
1.0
1.0
1.0
1.0
1.0
1.0
1.0
1.0
1.0
1.0
0.9997383
1.0
0.8121118
1.0
0.99999356
1.0
1.0
1.0
1.0
1.0
1.0
1.0
1.0
1.0
1.0
1.0
1.0
1.0
1.0
0.9999995
0.99997425
1.0
1.0
1.0
1.0
0.99999976
1.0
1.0
1.0
1.0
1.0
1.0
1.0
1.0
1.0
1.0
0.99999976
1.0
1.0
1.0
1.0
1.0
1.0
1.0
1.0
1.0
1.0
1.0
1.0
1.0
1.0
1.0
1.0
0.99999166
1.0
1.0
1.0
1.0
1.0
1.0
1.0
1.0
1.0
0.99999857
1.0
1.0
0.99999774
1.0
1.0
1.0
0.999998
1.0
1.0
1.0
1.0
1.0
1.0
1.0
1.0
1.0
0.9999683
1.0
1.0
0.9999999
0.9999995
0.99999976
1.0
1.0
1.0
0.9999974
1.0
0.9999894
0.9999989
1.0
1.0
1.0
0.9992169
0.99999833
0.99999917
1.0
0.9999993
1.0
0.9999027
0.99958485
0.99999106
0.9999981
1.0
0.9999994
1.0
0.99998355
1.0
1.0
1.0
0.99987876
0.9615524
1.0
0.9999974
0.99989283
0.99999964
0.9999989
1.0
0.5185436
1.0
0.9999999
0.9999721
1.0
1.0
1.0
1.0
1.0
1.0
1.0
1.0
0.9999999
0.9999999
0.99999976
0.99999917
1.0
1.0
1.0
0.99999976
1.0
1.0
1.0
1.0
1.0
1.0
1.0
1.0
1.0
1.0
1.0
1.0
1.0
1.0
1.0
1.0
1.0
1.0
1.0
1.0
1.0
1.0
1.0
1.0
1.0
1.0
1.0
1.0
1.0
1.0
1.0
1.0
1.0
1.0
1.0
1.0
1.0
0.99999785
1.0
1.0
1.0
1.0
1.0
1.0
1.0
1.0
0.9999993
1.0
1.0
1.0
1.0
1.0
1.0
1.0
1.0
1.0
1.0
1.0
1.0
1.0
0.99997914
1.0
1.0
1.0
1.0
1.0
1.0
1.0
0.9999999
1.0
1.0
1.0
1.0
1.0
1.0
1.0
1.0
1.0
1.0
1.0
1.0
0.9999999
1.0
1.0
1.0
1.0
1.0
1.0
1.0
1.0
0.9999999
1.0
1.0
1.0
1.0
1.0
1.0
1.0
1.0
1.0
1.0
1.0
1.0
1.0
1.0
1.0
0.9999999
1.0
1.0
1.0
1.0
1.0
1.0
1.0
1.0
1.0
1.0
1.0
1.0
1.0
1.0
1.0
1.0
1.0
1.0
1.0
1.0
1.0
1.0
1.0
1.0
1.0
1.0
1.0
1.0
1.0
1.0
1.0
1.0
1.0
1.0
1.0
1.0
1.0
0.9999999
1.0
1.0
1.0
1.0
1.0
1.0
1.0
1.0
1.0
1.0
1.0
1.0
1.0
0.9999999
1.0
1.0
1.0
1.0
1.0
1.0
1.0
1.0
1.0
1.0
1.0
1.0
1.0
1.0
1.0
1.0
1.0
1.0
1.0
1.0
1.0
1.0
1.0
1.0
1.0
1.0
1.0
1.0
1.0
0.99999976
0.9999999
1.0
0.99992335
1.0
1.0
1.0
0.99999976
1.0
1.0
1.0
1.0
1.0
1.0
1.0
1.0
1.0
1.0
1.0
1.0
1.0
1.0
1.0
1.0
1.0
1.0
1.0
1.0
1.0
1.0
1.0
1.0
1.0
1.0
1.0
1.0
1.0
1.0
1.0
1.0
1.0
1.0
1.0
1.0
1.0
1.0
0.9999999
1.0
1.0
1.0
1.0
1.0
1.0
0.9999999
1.0
1.0
1.0
1.0
1.0
1.0
1.0
1.0
1.0
1.0
1.0
1.0
1.0
1.0
1.0
1.0
1.0
0.99999034
0.9999999
1.0
1.0
1.0
1.0
1.0
1.0
1.0
1.0
1.0
1.0
1.0
1.0
1.0
1.0
1.0
1.0
1.0
1.0
0.99999976
1.0
1.0
1.0
1.0
1.0
1.0
1.0
1.0
1.0
1.0
1.0
1.0
1.0
1.0
1.0
1.0
1.0
1.0
1.0
0.99999964
1.0
1.0
1.0
1.0
1.0
1.0
1.0
1.0
1.0
1.0
1.0
1.0
1.0
1.0
1.0
1.0
1.0
1.0
1.0
1.0
1.0
1.0
1.0
1.0
1.0
1.0
1.0
1.0
1.0
1.0
1.0
1.0
1.0
1.0
1.0
0.9998863
1.0
1.0
1.0
1.0
1.0
1.0
0.99999034
1.0
1.0
1.0
1.0
1.0
1.0
1.0
1.0
1.0
1.0
0.9999999
1.0
1.0
1.0
1.0
1.0
0.9999894
1.0
1.0
1.0
1.0
1.0
1.0
0.99999833
1.0
1.0
1.0
1.0
1.0
1.0
1.0
1.0
1.0
1.0
1.0
1.0
1.0
1.0
1.0
1.0
1.0
1.0
1.0
1.0
1.0
1.0
1.0
1.0
1.0
1.0
1.0
1.0
0.9999963
1.0
0.99999666
1.0
1.0
1.0
1.0
1.0
1.0
1.0
0.999997
1.0
1.0
1.0
1.0
1.0
1.0
1.0
1.0
1.0
1.0
0.99997914
1.0
1.0
1.0
0.9999999
1.0
1.0
1.0
1.0
1.0
1.0
1.0
1.0
1.0
1.0
1.0
1.0
1.0
1.0
1.0
1.0
1.0
1.0
1.0
1.0
1.0
1.0
1.0
1.0
1.0
1.0
1.0
1.0
1.0
1.0
0.99999917
1.0
1.0
1.0
1.0
1.0
1.0
1.0
0.9999999
1.0
1.0
0.984703
0.9999863
1.0
0.9999423
1.0
0.99999225
0.9836178
0.99999154
1.0
1.0
0.9998635
1.0
1.0
1.0
1.0
0.9992674
1.0
0.9999918
1.0
0.9999999
1.0
1.0
1.0
1.0
1.0
1.0
1.0
0.9999999
1.0
0.99999976
1.0
1.0
1.0
1.0
1.0
0.9999993
0.99999726
0.99999607
1.0
1.0
1.0
0.9999999
0.99999976
0.9999999
1.0
1.0
1.0
1.0
0.99999976
1.0
1.0
1.0
0.99999976
0.9999994
1.0
1.0
1.0
1.0
1.0
0.9999989
0.99991095
1.0
0.9931403
1.0
1.0
1.0
1.0
1.0
1.0
1.0
0.99999964
1.0
1.0
1.0
1.0
1.0
1.0
1.0
1.0
1.0
0.99999976
1.0
1.0
0.9999999
0.9999995
0.9999999
1.0
1.0
1.0
1.0
1.0
1.0
1.0
1.0
1.0
1.0
1.0
1.0
1.0
1.0
1.0
0.99999106
1.0
0.99999917
1.0
1.0
1.0
0.9999999
1.0
1.0
1.0
1.0
1.0
1.0
1.0
1.0
1.0
1.0
0.99999857
1.0
1.0
1.0
1.0
1.0
1.0
1.0
1.0
1.0
1.0
1.0
0.99999976
1.0
0.9999999
1.0
1.0
1.0
1.0
1.0
1.0
1.0
1.0
1.0
1.0
1.0
1.0
1.0
1.0
1.0
1.0
0.99998736
1.0
1.0
1.0
1.0
1.0
1.0
0.99999964
1.0
1.0
1.0
1.0
0.99998975
1.0
1.0
1.0
1.0
1.0
1.0
1.0
1.0
1.0
1.0
1.0
1.0
1.0
1.0
1.0
1.0
1.0
0.9999995
1.0
1.0
1.0
1.0
1.0
1.0
1.0
1.0
1.0
1.0
1.0
1.0
1.0
1.0
1.0
1.0
1.0
1.0
1.0
1.0
1.0
0.99999976
1.0
1.0
1.0
0.9999981
1.0
0.99999964
1.0
1.0
1.0
1.0
1.0
1.0
1.0
1.0
0.99991333
1.0
1.0
1.0
1.0
1.0
1.0
1.0
1.0
1.0
1.0
1.0
1.0
1.0
1.0
1.0
1.0
1.0
1.0
0.99999976
0.9999982
1.0
1.0
1.0
1.0
1.0
1.0
0.99993336
0.99999845
1.0
0.99999964
1.0
1.0
1.0
1.0
1.0
1.0
1.0
1.0
1.0
1.0
1.0
1.0
1.0
1.0
1.0
1.0
1.0
1.0
1.0
1.0
1.0
1.0
1.0
1.0
0.999706
1.0
1.0
1.0
1.0
1.0
1.0
1.0
1.0
1.0
1.0
1.0
1.0
1.0
1.0
1.0
0.9999995
1.0
1.0
1.0
1.0
1.0
1.0
1.0
1.0
1.0
1.0
1.0
1.0
1.0
1.0
1.0
1.0
1.0
1.0
1.0
1.0
1.0
1.0
1.0
1.0
1.0
1.0
1.0
1.0
1.0
1.0
1.0
1.0
1.0
1.0
0.99999976
1.0
1.0
1.0
1.0
1.0
1.0
1.0
1.0
1.0
1.0
0.99993813
1.0
1.0
1.0
0.9999993
1.0
1.0
1.0
1.0
1.0
1.0
1.0
1.0
1.0
1.0
1.0
1.0
1.0
1.0
1.0
1.0
1.0
1.0
1.0
1.0
1.0
1.0
1.0
1.0
1.0
0.99999964
1.0
1.0
0.9999982
1.0
0.9999999
1.0
1.0
1.0
1.0
0.99172544
1.0
1.0
0.99998784
1.0
1.0
0.9999999
1.0
1.0
1.0
1.0
1.0
1.0
1.0
1.0
1.0
1.0
1.0
0.9999999
1.0
1.0
1.0
1.0
1.0
1.0
1.0
1.0
1.0
1.0
1.0
1.0
1.0
1.0
1.0
1.0
1.0
1.0
1.0
1.0
0.9998406
0.9993524
0.9999993
1.0
0.99997926
0.99999976
1.0
1.0
1.0
1.0
1.0
1.0
0.9999999
1.0
1.0
1.0
1.0
1.0
1.0
1.0
1.0
1.0
1.0
1.0
1.0
0.99999917
1.0
1.0
1.0
1.0
1.0
1.0
1.0
1.0
1.0
0.9999999
1.0
1.0
1.0
1.0
1.0
1.0
0.9999999
1.0
1.0
1.0
1.0
1.0
1.0
1.0
1.0
1.0
1.0
1.0
1.0
1.0
1.0
0.9999999
1.0
1.0
1.0
1.0
1.0
1.0
1.0
1.0
1.0
1.0
1.0
0.9999987
0.99999905
0.9999908
1.0
1.0
0.9999907
1.0
0.99999917
1.0
1.0
0.99997354
0.99999964
1.0
1.0
1.0
0.9982597
1.0
1.0
0.9999988
1.0
1.0
1.0
0.9999999
1.0
1.0
1.0
1.0
0.99996436
1.0
1.0
1.0
1.0
0.99999917
1.0
1.0
1.0
1.0
0.99999774
1.0
1.0
0.99845386
1.0
1.0
1.0
0.9999987
0.99999523
0.9999988
1.0
0.999622
0.9999969
0.9998179
1.0
0.99999976
1.0
0.9999999
1.0
0.99999785
1.0
1.0
1.0
0.9999999
1.0
0.99999964
1.0
1.0
1.0
1.0
1.0
1.0
1.0
1.0
1.0
0.9999988
1.0
1.0
1.0
1.0
1.0
1.0
1.0
1.0
0.9995814
1.0
1.0
1.0
1.0
0.99999964
0.9999999
1.0
1.0
0.9999999
1.0
1.0
1.0
1.0
1.0
1.0
0.92319757
1.0
1.0
1.0
1.0
1.0
1.0
0.99999964
1.0
0.999918
1.0
1.0
0.99999976
1.0
1.0
1.0
1.0
1.0
1.0
1.0
0.99995077
1.0
1.0
1.0
1.0
0.99999964
0.99999976
0.9999999
1.0
1.0
0.999946
1.0
1.0
0.99506456
1.0
0.9999999
0.9999777
1.0
0.9999964
1.0
0.9944383
1.0
1.0
1.0
1.0
1.0
0.9999999
0.4704607
1.0
0.9950826
0.9999857
0.9062814
1.0
1.0
0.9999999
0.8314562
0.9999877
1.0
0.99999976
1.0
1.0
1.0
1.0
1.0
1.0
0.99997807
0.99999964
1.0
0.9999994
1.0
1.0
0.99998987
1.0
1.0
0.99999845
1.0
0.9999999
0.9996147
0.9999976
1.0
1.0
1.0
0.9997602
1.0
1.0
0.99997556
1.0
1.0
1.0
1.0
0.9999956
0.9999982
0.745223
1.0
1.0
1.0
1.0
1.0
1.0
0.9999894
0.9999939
0.9999999
1.0
1.0
0.99999845
0.978213
0.999461
0.9997676
1.0
0.99999976
1.0
0.8923469
1.0
0.99999726
0.9999993
1.0
0.9999989
1.0
1.0
1.0
1.0
1.0
1.0
1.0
1.0
1.0
0.99999917
0.9999325
1.0
0.9716635
1.0
1.0
1.0
0.9999987
1.0
1.0
0.99999976
1.0
1.0
0.9999571
1.0
1.0
0.9999716
0.9999975
0.99999404
1.0
0.9998913
1.0
0.99998903
0.9999931
1.0
1.0
1.0
0.99999464
0.99989533
1.0
1.0
1.0
0.99999547
1.0
1.0
1.0
0.9999999
0.9999989
0.9928577
0.99773943
1.0
0.9999931
0.99998426
0.9999989
1.0
0.9999999
1.0
1.0
1.0
0.9992065
1.0
1.0
1.0
1.0
0.99999976
0.9842971
1.0
0.9898044
1.0
1.0
1.0
1.0
1.0
1.0
0.9999925
1.0
0.99991345
1.0
0.99999976
0.9999888
1.0
1.0
1.0
1.0
1.0
1.0
1.0
1.0
1.0
0.5345244
0.9996803
1.0
1.0
1.0
1.0
1.0
1.0
0.9999876
1.0
1.0
1.0
1.0
1.0
1.0
1.0
0.9999577
1.0
1.0
0.9953323
1.0
1.0
1.0
0.99999976
1.0
1.0
1.0
1.0
0.9999999
1.0
1.0
1.0
1.0
1.0
1.0
1.0
0.999972
0.99999344
1.0
0.99999976
0.99997354
1.0
0.99999976
1.0
1.0
1.0
1.0
0.99301696
0.9998411
1.0
1.0
1.0
1.0
1.0
1.0
0.99946827
1.0
0.9999999
0.994117
1.0
1.0
1.0
1.0
0.9999784
0.99998987
1.0
0.99999595
1.0
1.0
1.0
0.99999917
0.99999976
1.0
1.0
1.0
0.9999938
1.0
1.0
1.0
1.0
1.0
1.0
0.99996626
1.0
1.0
1.0
1.0
0.99920565
1.0
1.0
1.0
0.9999912
0.9999999
1.0
1.0
1.0
0.993845
1.0
0.99996936
0.9999689
0.99999976
0.99991786
1.0
1.0
1.0
1.0
1.0
1.0
1.0
1.0
0.9999993
1.0
0.9981179
0.98993355
0.999731
1.0
1.0
1.0
1.0
1.0
1.0
0.9999969
1.0
1.0
0.9999999
1.0
0.9999994
1.0
1.0
1.0
0.9996524
1.0
0.99999857
1.0
1.0
1.0
1.0
1.0
1.0
1.0
1.0
1.0
1.0
0.9999999
1.0
0.9999994
1.0
0.9999999
1.0
0.9999994
1.0
1.0
1.0
0.9999995
1.0
1.0
1.0
1.0
1.0
1.0
1.0
1.0
1.0
1.0
1.0
1.0
1.0
1.0
1.0
1.0
0.99999976
1.0
1.0
1.0
1.0
1.0
1.0
1.0
0.99999976
1.0
1.0
1.0
1.0
0.9999993
0.99999917
1.0
1.0
1.0
1.0
0.9999993
0.99939823
1.0
1.0
0.99999833
1.0
1.0
1.0
1.0
1.0
1.0
1.0
0.9999908
1.0
1.0
1.0
1.0
1.0
1.0
