1.0
1.0
1.0
1.0
1.0
1.0
0.99999964
1.0
0.99994206
1.0
1.0
1.0
0.9999995
1.0
1.0
1.0
0.9999994
1.0
0.99689037
1.0
1.0
0.9999974
1.0
1.0
1.0
1.0
1.0
1.0
1.0
1.0
1.0
1.0
1.0
0.9999999
1.0
1.0
1.0
1.0
1.0
1.0
1.0
0.9999999
0.9999999
0.9999988
0.9999987
1.0
0.9999999
1.0
1.0
1.0
1.0
1.0
1.0
1.0
1.0
1.0
1.0
1.0
1.0
0.99999845
1.0
1.0
0.99883825
0.9999969
1.0
1.0
1.0
0.99999964
1.0
1.0
1.0
1.0
1.0
0.9997292
1.0
1.0
1.0
1.0
0.99997556
0.99999666
1.0
1.0
1.0
1.0
1.0
1.0
1.0
0.9999982
1.0
1.0
1.0
1.0
0.8780277
0.99999404
1.0
0.99986947
0.9999987
0.9999994
1.0
1.0
1.0
1.0
1.0
1.0
0.99999976
1.0
1.0
0.99999964
1.0
1.0
1.0
0.9999665
1.0
1.0
1.0
0.99737537
1.0
1.0
0.9999999
0.9999914
1.0
0.9999988
1.0
1.0
0.9999949
0.9999987
0.9999988
1.0
1.0
1.0
1.0
1.0
1.0
1.0
1.0
1.0
1.0
1.0
1.0
0.9999653
1.0
1.0
1.0
1.0
1.0
1.0
1.0
1.0
1.0
0.99952745
1.0
0.99976784
1.0
1.0
1.0
1.0
1.0
1.0
0.9999976
1.0
0.99999833
1.0
1.0
1.0
1.0
1.0
1.0
0.99999654
1.0
1.0
1.0
0.99936515
1.0
1.0
1.0
0.99521613
1.0
1.0
1.0
1.0
1.0
1.0
1.0
1.0
0.9999372
0.9999999
1.0
1.0
1.0
1.0
1.0
0.9999999
1.0
0.99940884
1.0
0.99999774
1.0
1.0
1.0
0.99999976
1.0
1.0
1.0
1.0
1.0
1.0
0.9999994
1.0
1.0
0.9994885
1.0
0.9999894
1.0
1.0
1.0
1.0
1.0
0.99999464
1.0
1.0
1.0
0.99999964
1.0
1.0
1.0
1.0
1.0
1.0
1.0
1.0
1.0
1.0
1.0
1.0
1.0
1.0
1.0
1.0
1.0
1.0
1.0
1.0
0.9999999
0.99999833
1.0
0.9999989
1.0
0.99777204
1.0
1.0
1.0
1.0
1.0
1.0
1.0
0.99999666
1.0
1.0
1.0
0.61739737
1.0
1.0
1.0
1.0
0.99944776
1.0
0.9999691
1.0
1.0
1.0
1.0
1.0
1.0
1.0
1.0
1.0
1.0
1.0
1.0
1.0
1.0
1.0
0.99960893
1.0
1.0
1.0
0.9999994
0.9999999
1.0
0.9999993
0.9999832
1.0
0.9999374
1.0
1.0
1.0
1.0
1.0
1.0
1.0
1.0
1.0
1.0
1.0
1.0
1.0
1.0
1.0
1.0
1.0
1.0
1.0
1.0
0.99999714
1.0
1.0
1.0
0.9999999
1.0
1.0
0.99779713
0.9298412
1.0
1.0
0.99999285
1.0
0.99997914
1.0
1.0
1.0
1.0
1.0
1.0
1.0
1.0
1.0
0.9999864
0.9999739
1.0
0.9999982
0.62835217
1.0
1.0
1.0
1.0
1.0
1.0
1.0
1.0
1.0
1.0
1.0
1.0
1.0
1.0
1.0
1.0
1.0
0.9999263
0.9940041
1.0
1.0
0.9999987
1.0
1.0
1.0
0.99999547
1.0
0.99988115
1.0
1.0
1.0
1.0
1.0
1.0
1.0
1.0
1.0
1.0
1.0
1.0
0.9996587
1.0
1.0
1.0
1.0
0.99999976
1.0
1.0
0.9999989
1.0
0.9999995
1.0
1.0
1.0
1.0
1.0
1.0
1.0
1.0
0.99999976
1.0
1.0
0.9999994
0.9999995
1.0
0.9999999
1.0
1.0
1.0
1.0
0.9997832
0.9999995
1.0
0.9999999
0.999913
1.0
0.9994161
1.0
1.0
0.9999993
1.0
1.0
1.0
1.0
1.0
1.0
1.0
1.0
1.0
1.0
1.0
1.0
1.0
1.0
1.0
1.0
1.0
1.0
0.9999999
1.0
1.0
1.0
1.0
0.9999865
0.95936316
0.9999994
0.97190416
0.9999213
0.97999704
0.9959268
1.0
1.0
1.0
1.0
1.0
0.999998
0.99999785
1.0
1.0
0.99999917
1.0
0.9999987
1.0
0.9999995
1.0
1.0
1.0
0.9999956
1.0
1.0
1.0
1.0
1.0
1.0
1.0
1.0
1.0
0.99999964
0.99999964
1.0
1.0
1.0
1.0
1.0
1.0
1.0
1.0
0.9999995
1.0
0.9999993
0.9999999
1.0
1.0
1.0
0.9916517
1.0
0.9996363
1.0
1.0
1.0
1.0
1.0
1.0
1.0
1.0
1.0
0.99999976
0.99999833
1.0
1.0
0.9999976
1.0
1.0
1.0
1.0
1.0
1.0
1.0
1.0
1.0
1.0
1.0
0.9999951
1.0
1.0
1.0
1.0
0.9999993
1.0
0.9999993
1.0
1.0
1.0
1.0
1.0
1.0
1.0
1.0
1.0
1.0
1.0
0.9999963
0.99505913
1.0
1.0
1.0
1.0
1.0
1.0
1.0
0.9942472
0.9999994
1.0
1.0
1.0
1.0
0.99999547
1.0
0.99999976
1.0
1.0
1.0
1.0
1.0
1.0
1.0
1.0
0.99999976
0.9999999
1.0
0.9999188
1.0
1.0
1.0
1.0
1.0
1.0
1.0
1.0
1.0
1.0
0.97567993
0.99392706
1.0
1.0
1.0
1.0
1.0
1.0
1.0
0.9996761
1.0
0.99997747
1.0
1.0
1.0
0.9999994
1.0
1.0
1.0
1.0
1.0
1.0
1.0
0.9999995
1.0
1.0
1.0
1.0
1.0
1.0
1.0
0.99999595
1.0
0.9999995
1.0
1.0
0.99999833
0.99856913
1.0
1.0
1.0
1.0
0.9999995
0.98175216
1.0
1.0
1.0
0.99999964
1.0
1.0
1.0
1.0
1.0
0.9999987
1.0
1.0
1.0
1.0
1.0
1.0
1.0
1.0
1.0
0.99999166
0.99635196
1.0
1.0
1.0
0.9999993
1.0
1.0
1.0
1.0
1.0
1.0
1.0
0.9999918
0.71774256
1.0
1.0
1.0
1.0
1.0
1.0
0.99999714
0.9999833
1.0
1.0
1.0
0.9999999
1.0
0.99999976
0.9998411
1.0
0.99999905
1.0
1.0
0.9999999
1.0
1.0
1.0
1.0
0.74469465
1.0
1.0
1.0
0.99999964
0.99976665
1.0
0.99989104
1.0
1.0
1.0
1.0
1.0
1.0
0.99999774
0.9999999
1.0
1.0
1.0
1.0
1.0
1.0
1.0
1.0
1.0
1.0
1.0
1.0
1.0
1.0
1.0
1.0
0.9900227
0.49224016
1.0
1.0
0.9991621
1.0
1.0
0.99999464
1.0
1.0
0.9888664
1.0
1.0
1.0
1.0
1.0
1.0
1.0
1.0
1.0
1.0
0.99999905
0.99999833
1.0
0.99926525
1.0
1.0
1.0
1.0
1.0
0.99999976
1.0
1.0
1.0
1.0
1.0
1.0
1.0
1.0
1.0
1.0
1.0
1.0
1.0
0.99999976
0.999998
0.9999993
0.9999999
1.0
1.0
1.0
1.0
1.0
0.99999976
1.0
0.99999964
1.0
1.0
1.0
1.0
1.0
1.0
1.0
1.0
0.999998
0.9999963
1.0
1.0
1.0
1.0
0.99977297
1.0
1.0
0.99998295
1.0
0.999992
1.0
1.0
1.0
1.0
1.0
0.99999964
1.0
1.0
0.9999999
1.0
1.0
1.0
1.0
1.0
1.0
1.0
1.0
1.0
0.99999905
1.0
1.0
0.9975204
1.0
1.0
1.0
1.0
1.0
1.0
1.0
1.0
1.0
0.9999999
1.0
1.0
1.0
1.0
1.0
0.99999833
1.0
1.0
1.0
0.9999958
1.0
1.0
1.0
1.0
1.0
0.9999982
1.0
1.0
0.9999999
1.0
0.9997757
1.0
0.9576972
1.0
1.0
1.0
1.0
1.0
1.0
1.0
1.0
1.0
1.0
0.9999994
1.0
0.9999999
1.0
1.0
1.0
1.0
1.0
1.0
0.99999833
1.0
1.0
1.0
0.99993896
1.0
1.0
1.0
0.99999464
1.0
1.0
1.0
1.0
1.0
1.0
0.99972683
0.90494776
0.763233
1.0
0.99999595
1.0
1.0
1.0
1.0
1.0
1.0
1.0
1.0
1.0
0.99996257
0.99999964
1.0
0.99999785
1.0
1.0
1.0
0.9996352
0.999998
1.0
1.0
1.0
1.0
1.0
0.9999999
1.0
1.0
1.0
1.0
1.0
1.0
1.0
1.0
1.0
1.0
1.0
1.0
1.0
1.0
0.9980945
1.0
0.99999976
1.0
1.0
1.0
1.0
1.0
0.9999999
1.0
1.0
1.0
0.99999225
1.0
0.7681332
0.99916065
0.999869
1.0
1.0
1.0
0.9999999
1.0
0.9999994
0.9102667
1.0
1.0
0.9999502
0.99999857
0.9999999
1.0
1.0
0.9999995
0.999985
1.0
0.999616
1.0
1.0
1.0
1.0
1.0
1.0
0.94675255
0.9999999
1.0
1.0
0.99999654
1.0
1.0
1.0
1.0
1.0
1.0
1.0
1.0
1.0
1.0
1.0
1.0
0.99999607
1.0
1.0
1.0
1.0
1.0
1.0
1.0
1.0
1.0
1.0
1.0
1.0
1.0
1.0
1.0
1.0
1.0
1.0
1.0
1.0
1.0
1.0
1.0
0.99999654
1.0
1.0
1.0
1.0
1.0
1.0
0.9999999
1.0
1.0
1.0
0.99999976
1.0
1.0
1.0
0.9999975
0.9996766
1.0
1.0
1.0
0.99999964
1.0
1.0
1.0
1.0
1.0
0.9999995
0.95633435
1.0
1.0
1.0
1.0
1.0
0.38914633
1.0
1.0
1.0
1.0
0.9999802
0.9997409
1.0
1.0
1.0
1.0
1.0
0.99999654
1.0
1.0
1.0
0.99999976
1.0
1.0
1.0
1.0
1.0
1.0
0.9999982
1.0
1.0
1.0
1.0
1.0
1.0
1.0
1.0
1.0
0.99995506
1.0
1.0
1.0
1.0
1.0
1.0
1.0
1.0
0.9999883
0.99999976
1.0
1.0
1.0
1.0
1.0
1.0
1.0
1.0
1.0
1.0
1.0
1.0
1.0
1.0
1.0
1.0
1.0
1.0
0.9999999
1.0
1.0
1.0
1.0
1.0
0.9999943
0.9999988
1.0
1.0
1.0
0.5769956
1.0
0.9976814
1.0
1.0
1.0
1.0
0.9999945
1.0
0.9999994
1.0
1.0
1.0
1.0
1.0
1.0
0.9807295
1.0
0.9999995
1.0
1.0
0.99999404
1.0
1.0
1.0
1.0
1.0
1.0
1.0
1.0
1.0
0.9999993
1.0
1.0
1.0
0.9999769
1.0
1.0
1.0
1.0
1.0
0.9999994
1.0
1.0
0.9999999
1.0
1.0
1.0
1.0
1.0
1.0
1.0
0.9998084
1.0
0.99996436
1.0
1.0
0.99999964
1.0
1.0
1.0
0.9999912
1.0
1.0
1.0
1.0
0.99999535
1.0
1.0
0.99982613
0.5080417
1.0
1.0
1.0
1.0
1.0
1.0
1.0
1.0
0.9999579
0.9998511
1.0
1.0
1.0
1.0
1.0
1.0
0.9999999
1.0
1.0
0.99645895
1.0
0.9999999
1.0
0.98927665
1.0
0.9999999
0.99999523
1.0
1.0
0.99999547
1.0
1.0
1.0
0.9999994
0.9999995
1.0
1.0
1.0
1.0
1.0
1.0
0.9998536
1.0
0.9994574
1.0
0.9999939
1.0
1.0
1.0
0.9773917
1.0
1.0
1.0
1.0
1.0
1.0
0.9999989
1.0
0.9999999
0.64172405
1.0
0.9999995
1.0
1.0
0.82205445
0.9999877
1.0
1.0
1.0
0.9999999
1.0
1.0
1.0
0.9999864
1.0
1.0
1.0
0.9801588
1.0
1.0
0.9999943
0.9999999
1.0
0.99999964
1.0
1.0
1.0
1.0
1.0
0.99999905
0.9999999
1.0
1.0
1.0
1.0
1.0
0.999749
1.0
1.0
0.9999825
1.0
1.0
1.0
1.0
1.0
1.0
0.9999747
0.99964714
1.0
0.9999912
1.0
1.0
1.0
0.99999416
1.0
1.0
0.9999329
1.0
0.9999999
1.0
1.0
1.0
1.0
1.0
0.9999999
1.0
1.0
0.9999999
1.0
1.0
1.0
1.0
0.9999982
1.0
1.0
1.0
0.6236583
1.0
1.0
1.0
1.0
1.0
1.0
0.8422109
1.0
0.99977463
1.0
0.99999833
1.0
1.0
1.0
0.9999994
1.0
1.0
0.98243046
1.0
0.9999974
1.0
1.0
1.0
1.0
1.0
1.0
1.0
0.99999845
1.0
1.0
1.0
1.0
1.0
1.0
1.0
0.99999976
1.0
1.0
1.0
1.0
1.0
1.0
1.0
1.0
0.9855127
1.0
1.0
1.0
1.0
1.0
1.0
1.0
1.0
1.0
1.0
1.0
1.0
0.9999995
0.9999989
1.0
1.0
1.0
1.0
1.0
1.0
0.9999019
0.9999999
1.0
1.0
1.0
1.0
0.9999999
1.0
0.79339993
0.90953493
0.99999774
1.0
0.9999999
1.0
1.0
0.9999999
1.0
0.99999523
0.9999157
0.9999993
1.0
1.0
1.0
1.0
1.0
1.0
0.99999774
1.0
1.0
0.92029524
0.99982953
1.0
1.0
1.0
1.0
1.0
1.0
1.0
0.99999964
1.0
0.99994195
1.0
0.9999989
1.0
0.9999944
1.0
1.0
1.0
0.99999917
1.0
0.99999976
0.99974245
1.0
0.99994683
0.99999845
0.9999497
0.9999958
1.0
1.0
0.99992657
1.0
1.0
0.9999999
1.0
1.0
1.0
1.0
1.0
0.99999964
1.0
1.0
1.0
1.0
0.9999999
0.9996045
1.0
1.0
1.0
1.0
0.99999976
1.0
1.0
0.9999999
1.0
0.99999917
1.0
1.0
1.0
1.0
1.0
1.0
1.0
1.0
1.0
1.0
1.0
1.0
0.99999404
1.0
1.0
1.0
1.0
1.0
1.0
1.0
1.0
1.0
0.9999969
1.0
0.99998677
1.0
0.99999785
1.0
1.0
1.0
0.99331164
1.0
0.9999999
1.0
1.0
0.9999994
1.0
0.9999999
0.99999726
0.9999938
0.99999976
1.0
1.0
1.0
1.0
1.0
0.99999666
1.0
1.0
1.0
0.9996587
1.0
0.9318554
0.9999999
1.0
1.0
1.0
0.9995844
1.0
1.0
0.9776444
0.99997807
1.0
1.0
1.0
1.0
1.0
1.0
1.0
1.0
1.0
1.0
1.0
0.9999887
1.0
1.0
1.0
0.9999931
1.0
0.9741192
1.0
0.99999154
1.0
0.99790573
0.9991542
1.0
1.0
1.0
1.0
0.9995795
1.0
1.0
0.9999999
1.0
1.0
1.0
0.9999993
1.0
1.0
0.98408484
0.9999883
1.0
1.0
1.0
1.0
1.0
0.99999833
1.0
1.0
0.99999726
1.0
0.9999496
1.0
0.99999976
1.0
1.0
1.0
0.99999547
1.0
1.0
1.0
1.0
0.99999976
1.0
0.9999999
0.9999708
1.0
0.9999999
1.0
1.0
0.99857783
0.99999976
1.0
1.0
1.0
1.0
1.0
0.9999776
1.0
0.9999958
1.0
0.9861654
1.0
1.0
1.0
1.0
1.0
1.0
1.0
1.0
1.0
0.8715631
1.0
1.0
1.0
1.0
0.99999607
1.0
1.0
1.0
1.0
0.9999999
1.0
1.0
0.9999926
1.0
1.0
0.9999995
1.0
1.0
1.0
0.9991936
1.0
1.0
1.0
1.0
1.0
1.0
0.99999964
1.0
1.0
1.0
1.0
1.0
0.99997747
1.0
1.0
1.0
1.0
1.0
0.99999976
1.0
1.0
1.0
1.0
1.0
1.0
1.0
1.0
1.0
1.0
0.999813
1.0
0.99989367
1.0
1.0
0.99999833
1.0
0.9990472
1.0
1.0
0.6640313
0.99999917
1.0
1.0
1.0
0.9958515
1.0
1.0
0.9999993
1.0
1.0
1.0
1.0
1.0
0.9999999
0.9999999
1.0
1.0
1.0
1.0
0.9999995
1.0
1.0
1.0
1.0
1.0
0.9999999
1.0
0.7836016
1.0
1.0
1.0
1.0
1.0
1.0
0.99997675
0.9138779
0.9986204
1.0
1.0
0.9985524
0.998252
1.0
1.0
0.99999785
1.0
1.0
1.0
1.0
0.99999964
1.0
1.0
1.0
1.0
1.0
1.0
0.9939996
1.0
1.0
1.0
1.0
1.0
1.0
1.0
1.0
1.0
1.0
0.99994564
1.0
1.0
0.9999994
1.0
1.0
0.65298265
0.9999999
1.0
1.0
1.0
1.0
1.0
0.9999999
1.0
1.0
1.0
1.0
1.0
1.0
1.0
1.0
1.0
1.0
0.99927396
0.9999907
0.99997485
1.0
1.0
1.0
1.0
1.0
1.0
1.0
0.9999989
1.0
1.0
0.9999999
1.0
1.0
1.0
1.0
0.78490907
1.0
1.0
1.0
1.0
1.0
1.0
1.0
1.0
1.0
0.95931226
0.9999999
1.0
1.0
1.0
1.0
1.0
1.0
0.9997634
0.99446845
1.0
1.0
1.0
0.9999982
1.0
1.0
1.0
1.0
0.9999999
1.0
1.0
1.0
0.9988556
1.0
1.0
1.0
1.0
1.0
0.9999268
1.0
1.0
0.99999845
1.0
1.0
1.0
1.0
1.0
1.0
0.999962
1.0
1.0
1.0
1.0
0.9998914
0.9999968
1.0
1.0
0.9999831
1.0
1.0
1.0
0.9999995
1.0
0.9999999
1.0
1.0
1.0
0.9999995
1.0
1.0
1.0
1.0
1.0
1.0
1.0
0.9999982
1.0
1.0
0.9999769
0.99999976
1.0
0.99999917
1.0
1.0
1.0
1.0
1.0
1.0
0.8201236
1.0
0.9998964
1.0
1.0
0.99548954
1.0
0.9999999
1.0
1.0
0.99992585
1.0
1.0
1.0
1.0
1.0
0.99999917
1.0
1.0
1.0
0.9999976
1.0
0.99994147
0.9990139
1.0
0.74552524
1.0
1.0
1.0
1.0
1.0
0.9999807
0.9999999
0.9999976
1.0
1.0
1.0
1.0
1.0
1.0
1.0
1.0
1.0
1.0
1.0
1.0
1.0
1.0
0.9999999
1.0
1.0
0.9999943
1.0
1.0
1.0
1.0
1.0
1.0
1.0
1.0
0.99999917
1.0
1.0
0.99999857
1.0
0.9999999
0.9999945
1.0
1.0
1.0
1.0
0.9996878
1.0
1.0
0.99999833
1.0
0.99999905
0.99993086
0.9999783
1.0
1.0
1.0
1.0
1.0
1.0
0.99999905
1.0
1.0
1.0
1.0
1.0
0.99868256
1.0
1.0
1.0
1.0
1.0
1.0
0.99999964
1.0
1.0
1.0
1.0
1.0
0.9938559
1.0
0.99982774
1.0
1.0
0.9984395
1.0
1.0
1.0
1.0
0.9999994
0.99999726
1.0
1.0
0.9999993
1.0
0.9999994
0.9999969
1.0
1.0
1.0
1.0
1.0
1.0
1.0
1.0
1.0
1.0
1.0
1.0
1.0
1.0
1.0
1.0
0.99967396
1.0
0.9953987
1.0
1.0
1.0
1.0
0.9999999
0.9974706
0.9999987
1.0
1.0
0.9999814
0.9999999
1.0
1.0
1.0
0.9999995
1.0
0.87996024
1.0
0.9999999
1.0
1.0
0.99887496
1.0
1.0
0.6396894
0.999997
1.0
1.0
0.9999999
0.99984336
1.0
1.0
1.0
0.9999999
0.92062783
1.0
1.0
1.0
1.0
1.0
1.0
1.0
1.0
1.0
0.99999917
1.0
1.0
1.0
1.0
0.99999976
1.0
0.93473905
1.0
1.0
1.0
0.99999654
1.0
1.0
1.0
1.0
1.0
1.0
1.0
1.0
1.0
0.99975914
1.0
1.0
1.0
1.0
1.0
0.9999999
1.0
1.0
0.9762175
1.0
0.99999976
1.0
1.0
0.7712889
0.9999999
1.0
1.0
1.0
1.0
1.0
0.99999976
1.0
0.97846276
1.0
0.9988423
1.0
1.0
1.0
0.9999988
1.0
0.9999999
0.99999285
1.0
0.7862064
1.0
1.0
1.0
1.0
1.0
1.0
0.9999956
1.0
1.0
1.0
0.9279901
0.9999293
0.99999726
1.0
1.0
1.0
0.93057656
1.0
1.0
1.0
1.0
1.0
1.0
1.0
0.9999999
1.0
1.0
1.0
0.9999999
0.99999976
1.0
1.0
1.0
1.0
0.99999964
1.0
1.0
1.0
1.0
1.0
1.0
1.0
0.9999974
0.9999999
1.0
1.0
1.0
0.99999833
1.0
1.0
1.0
1.0
1.0
1.0
1.0
0.99999034
1.0
1.0
1.0
1.0
1.0
1.0
1.0
0.9953974
1.0
1.0
0.99992883
0.99927086
1.0
1.0
0.75801617
1.0
1.0
1.0
0.9999999
1.0
0.9999304
1.0
1.0
0.9999999
1.0
0.9999999
1.0
1.0
1.0
1.0
1.0
1.0
1.0
1.0
1.0
1.0
1.0
0.99999523
1.0
1.0
0.9999378
0.9999999
1.0
1.0
1.0
1.0
1.0
0.99999523
1.0
0.9999982
0.9976392
1.0
1.0
1.0
1.0
1.0
1.0
0.9999994
1.0
0.99999976
1.0
1.0
0.99804246
1.0
1.0
1.0
1.0
1.0
1.0
0.99999976
1.0
1.0
1.0
1.0
1.0
1.0
1.0
1.0
1.0
1.0
1.0
1.0
1.0
0.9999999
1.0
1.0
1.0
1.0
1.0
1.0
1.0
0.99923205
1.0
0.99999857
1.0
1.0
1.0
0.9999988
1.0
1.0
1.0
1.0
1.0
1.0
1.0
0.99925417
1.0
1.0
1.0
1.0
1.0
1.0
1.0
1.0
1.0
1.0
1.0
1.0
0.99868315
1.0
1.0
1.0
1.0
0.99999976
0.99999964
0.9999994
1.0
0.99999976
1.0
1.0
1.0
1.0
1.0
0.9997712
1.0
1.0
1.0
1.0
1.0
0.99998045
1.0
1.0
1.0
0.9999999
1.0
0.99999857
1.0
1.0
1.0
1.0
1.0
0.99994063
1.0
1.0
0.9719501
1.0
1.0
1.0
1.0
1.0
1.0
1.0
1.0
0.9999999
0.99999714
1.0
1.0
1.0
0.99930596
1.0
1.0
1.0
1.0
1.0
1.0
1.0
0.9999989
1.0
1.0
1.0
1.0
1.0
1.0
0.9999999
1.0
1.0
1.0
1.0
1.0
1.0
1.0
1.0
1.0
1.0
0.9610412
1.0
0.99999785
1.0
1.0
1.0
1.0
1.0
0.99999297
0.9999999
1.0
0.99706215
1.0
0.9999988
1.0
1.0
1.0
1.0
0.9993636
1.0
1.0
1.0
1.0
1.0
0.99999976
1.0
0.9999882
1.0
1.0
0.9999994
1.0
1.0
1.0
1.0
1.0
1.0
1.0
0.8011057
1.0
0.9999995
1.0
1.0
1.0
1.0
1.0
0.9911566
1.0
1.0
0.9999962
1.0
1.0
1.0
1.0
0.99872154
1.0
1.0
1.0
0.99986446
1.0
1.0
1.0
1.0
1.0
1.0
0.9999876
1.0
1.0
1.0
0.99998224
0.9999999
1.0
1.0
0.9999999
1.0
1.0
1.0
1.0
1.0
0.99995005
0.9999101
1.0
1.0
1.0
1.0
1.0
0.8901728
0.99999976
1.0
0.99996054
1.0
0.9999999
0.99999976
1.0
0.9997924
1.0
1.0
1.0
1.0
1.0
1.0
1.0
1.0
1.0
0.99999785
1.0
0.9999999
1.0
1.0
0.9999999
1.0
1.0
0.99999976
1.0
1.0
1.0
1.0
1.0
1.0
1.0
0.7067012
1.0
1.0
1.0
1.0
1.0
1.0
1.0
0.9999995
1.0
1.0
1.0
1.0
1.0
1.0
1.0
1.0
1.0
1.0
0.9999995
0.9999999
1.0
1.0
1.0
0.9999999
1.0
0.9983493
0.9999999
0.9998667
1.0
1.0
1.0
1.0
0.99999404
1.0
0.99999356
1.0
0.99999213
0.9999932
1.0
0.99997234
1.0
1.0
1.0
0.99897635
0.9999995
0.9996259
0.9999999
1.0
1.0
1.0
1.0
1.0
1.0
1.0
1.0
1.0
1.0
1.0
1.0
0.9999417
1.0
1.0
1.0
1.0
1.0
1.0
1.0
0.99999976
1.0
1.0
0.99999976
0.9999274
1.0
1.0
1.0
1.0
1.0
1.0
1.0
1.0
0.9999809
0.99999976
1.0
1.0
0.99948955
1.0
1.0
1.0
0.9999995
0.9897814
1.0
1.0
1.0
0.9997445
1.0
1.0
1.0
1.0
1.0
1.0
0.9999999
1.0
1.0
1.0
1.0
1.0
1.0
1.0
0.9970059
1.0
1.0
1.0
1.0
1.0
1.0
1.0
1.0
1.0
0.99212646
1.0
1.0
0.9999995
1.0
1.0
1.0
1.0
1.0
1.0
0.9999999
0.9999676
1.0
1.0
1.0
1.0
0.99999964
1.0
1.0
1.0
1.0
1.0
0.9999999
0.99999535
0.99971265
1.0
1.0
1.0
0.9999573
1.0
1.0
1.0
1.0
1.0
1.0
0.9999999
1.0
1.0
1.0
1.0
1.0
0.99995637
1.0
1.0
0.9999994
1.0
1.0
0.99999416
1.0
1.0
1.0
1.0
0.9998746
1.0
1.0
1.0
1.0
1.0
1.0
1.0
1.0
0.9980057
1.0
0.99999857
0.99999726
0.9999999
1.0
1.0
1.0
1.0
1.0
0.999811
1.0
1.0
1.0
1.0
1.0
1.0
1.0
0.999997
1.0
1.0
0.9999995
1.0
1.0
1.0
1.0
1.0
0.9999095
1.0
1.0
1.0
1.0
1.0
1.0
1.0
1.0
1.0
0.99999976
1.0
1.0
1.0
1.0
1.0
1.0
1.0
0.9996575
1.0
1.0
1.0
1.0
0.9999887
1.0
0.9359668
0.9999994
1.0
1.0
1.0
1.0
1.0
1.0
1.0
1.0
0.99990356
1.0
0.9999994
1.0
0.9999995
0.99999976
0.99999833
1.0
1.0
1.0
0.9999999
1.0
0.82919323
0.9999969
1.0
1.0
1.0
1.0
1.0
1.0
0.9999962
1.0
1.0
0.9999795
0.99998546
1.0
1.0
1.0
0.99504244
1.0
0.9797309
0.9999999
1.0
1.0
1.0
1.0
1.0
1.0
1.0
0.99999106
0.9950382
0.97142947
1.0
1.0
1.0
1.0
1.0
1.0
0.9984101
1.0
0.99999785
0.99999964
0.99999964
1.0
1.0
1.0
1.0
1.0
1.0
1.0
1.0
1.0
1.0
1.0
1.0
1.0
0.9999999
1.0
1.0
1.0
1.0
1.0
1.0
0.99999833
1.0
1.0
1.0
1.0
1.0
1.0
0.9999888
0.9999994
0.9999999
1.0
0.9999974
1.0
1.0
1.0
0.9999944
1.0
0.9999999
1.0
1.0
0.9951138
1.0
0.99999905
1.0
1.0
0.9999999
0.99999845
1.0
0.9999975
1.0
1.0
1.0
1.0
0.999964
1.0
1.0
1.0
1.0
1.0
1.0
0.99990475
1.0
0.9999995
1.0
0.9999999
1.0
1.0
0.9999925
0.9985837
1.0
1.0
0.9999995
1.0
1.0
1.0
0.9999987
1.0
0.99962485
1.0
1.0
0.99935514
1.0
1.0
0.9999999
1.0
1.0
1.0
1.0
1.0
1.0
1.0
1.0
0.9999995
0.9999976
1.0
1.0
1.0
1.0
1.0
1.0
0.9999989
1.0
1.0
1.0
1.0
0.99999917
1.0
1.0
1.0
1.0
1.0
0.99999535
1.0
0.99999416
1.0
1.0
1.0
1.0
1.0
1.0
1.0
1.0
1.0
1.0
1.0
1.0
1.0
0.99999976
1.0
1.0
0.99999714
1.0
0.9997764
0.9999863
1.0
1.0
1.0
0.9999993
0.9436325
1.0
1.0
1.0
0.9999964
0.99999976
0.9028207
1.0
1.0
0.99988174
1.0
1.0
0.99999976
1.0
1.0
1.0
1.0
0.99837023
0.8873449
1.0
1.0
1.0
1.0
0.9999994
0.99999774
0.99999034
1.0
1.0
1.0
1.0
1.0
0.99976915
0.51255745
1.0
1.0
0.9999989
1.0
1.0
0.99978346
1.0
0.99992406
1.0
1.0
1.0
1.0
0.99998784
1.0
1.0
1.0
0.99981254
1.0
0.999943
1.0
1.0
1.0
0.9999851
1.0
1.0
0.9998839
1.0
1.0
1.0
1.0
1.0
1.0
0.9999999
1.0
1.0
1.0
0.9999871
0.9999999
1.0
0.99999666
1.0
0.7975236
1.0
1.0
1.0
1.0
0.9999962
1.0
1.0
1.0
0.9999999
0.9951266
1.0
1.0
1.0
1.0
1.0
1.0
0.99999654
1.0
1.0
1.0
1.0
1.0
1.0
1.0
1.0
0.9999994
1.0
0.9999987
1.0
1.0
0.9999981
1.0
1.0
1.0
0.9988129
1.0
1.0
0.9999999
1.0
1.0
1.0
1.0
1.0
1.0
1.0
1.0
1.0
1.0
1.0
1.0
1.0
1.0
1.0
1.0
1.0
1.0
1.0
1.0
0.9999999
1.0
1.0
1.0
1.0
0.99994683
0.9291237
1.0
0.9999354
1.0
1.0
1.0
1.0
1.0
1.0
0.9999994
1.0
1.0
1.0
0.8760649
1.0
1.0
1.0
1.0
1.0
1.0
1.0
1.0
1.0
1.0
1.0
1.0
1.0
1.0
1.0
1.0
1.0
0.9999999
0.9999999
1.0
1.0
1.0
1.0
1.0
0.9999999
1.0
0.9999969
1.0
0.9999974
1.0
1.0
1.0
1.0
1.0
0.99977547
0.99986506
1.0
1.0
0.9999999
1.0
0.9999554
0.99999976
1.0
0.9999927
1.0
1.0
1.0
0.9999987
0.99999857
1.0
1.0
1.0
1.0
1.0
1.0
0.99814296
0.9999685
1.0
0.99994504
0.9999931
0.9999989
1.0
0.9999999
1.0
0.99999964
1.0
1.0
1.0
1.0
1.0
1.0
1.0
1.0
1.0
1.0
1.0
1.0
1.0
1.0
1.0
1.0
1.0
1.0
0.999995
1.0
1.0
0.99999976
1.0
1.0
1.0
1.0
1.0
0.99988055
1.0
1.0
1.0
1.0
1.0
0.999948
0.9999999
1.0
1.0
0.99999964
1.0
1.0
1.0
1.0
1.0
1.0
1.0
1.0
1.0
1.0
1.0
1.0
0.99974555
1.0
1.0
1.0
1.0
1.0
1.0
0.9999261
1.0
1.0
1.0
1.0
1.0
1.0
1.0
1.0
0.9999993
0.99996877
1.0
1.0
0.9999999
0.9999999
1.0
1.0
0.9999852
1.0
1.0
1.0
1.0
0.99997294
1.0
1.0
1.0
0.9999999
1.0
1.0
0.821932
1.0
1.0
1.0
1.0
1.0
1.0
1.0
1.0
1.0
1.0
0.99994004
1.0
0.9999949
0.9999999
0.9999999
1.0
1.0
1.0
1.0
1.0
1.0
1.0
1.0
1.0
0.99867743
0.9958592
0.9999999
1.0
0.99999726
1.0
1.0
1.0
1.0
1.0
0.999998
0.99999976
1.0
0.99999225
1.0
1.0
1.0
1.0
1.0
1.0
1.0
1.0
1.0
0.99999714
1.0
1.0
1.0
0.99999964
1.0
1.0
0.9999994
1.0
1.0
1.0
1.0
1.0
1.0
1.0
0.9999758
0.9881507
1.0
1.0
0.9999999
1.0
1.0
1.0
1.0
1.0
1.0
1.0
1.0
1.0
0.99999905
0.99999833
1.0
1.0
1.0
1.0
1.0
1.0
1.0
1.0
0.9999999
1.0
1.0
1.0
0.9991936
0.9999999
1.0
0.9999999
1.0
1.0
1.0
1.0
1.0
1.0
0.9999951
1.0
0.9999995
0.9999423
0.9901038
0.9999993
1.0
0.99999857
1.0
1.0
0.99999774
0.9999225
1.0
1.0
1.0
1.0
0.9998419
1.0
0.99999666
1.0
1.0
1.0
1.0
1.0
1.0
1.0
1.0
1.0
1.0
1.0
1.0
1.0
0.99999917
1.0
1.0
0.9999982
1.0
1.0
1.0
1.0
1.0
1.0
1.0
0.99996984
1.0
1.0
1.0
0.9999999
1.0
1.0
0.99999917
1.0
1.0
1.0
1.0
1.0
1.0
0.9999995
0.87781554
1.0
1.0
1.0
0.99999857
1.0
1.0
0.9999999
0.9999999
1.0
1.0
1.0
1.0
1.0
1.0
1.0
1.0
1.0
0.9999999
0.9999999
1.0
1.0
1.0
1.0
1.0
1.0
0.99999976
0.9999999
0.9999999
1.0
1.0
1.0
1.0
1.0
1.0
1.0
1.0
1.0
0.994325
1.0
1.0
0.9999995
0.9999999
1.0
1.0
1.0
1.0
1.0
1.0
1.0
1.0
1.0
1.0
1.0
1.0
1.0
1.0
0.9994766
1.0
1.0
1.0
1.0
1.0
0.9999963
0.99995005
1.0
0.99999595
0.9997856
1.0
0.99999714
1.0
1.0
1.0
0.99998355
1.0
1.0
0.99999976
1.0
1.0
1.0
1.0
1.0
1.0
1.0
1.0
1.0
1.0
1.0
1.0
1.0
0.99981564
0.9999018
1.0
0.9999993
1.0
1.0
1.0
1.0
1.0
1.0
1.0
1.0
1.0
1.0
1.0
1.0
1.0
0.9999999
0.999998
1.0
0.999998
1.0
1.0
1.0
0.9999987
1.0
1.0
1.0
1.0
0.98839974
1.0
1.0
1.0
1.0
1.0
1.0
1.0
0.9999422
1.0
1.0
1.0
1.0
1.0
1.0
0.99999964
1.0
0.99998605
1.0
1.0
1.0
1.0
0.99986947
1.0
1.0
1.0
0.9999976
1.0
1.0
1.0
0.9999993
0.63351536
1.0
1.0
1.0
1.0
1.0
1.0
0.99999976
1.0
1.0
1.0
1.0
1.0
1.0
1.0
0.9999888
0.99933594
1.0
1.0
1.0
1.0
0.9999865
1.0
0.9999566
0.66612726
0.99930453
1.0
1.0
1.0
1.0
1.0
1.0
1.0
1.0
1.0
1.0
1.0
0.9999999
1.0
0.9999974
0.99995434
1.0
1.0
1.0
1.0
1.0
0.9995407
1.0
1.0
1.0
1.0
0.9999982
1.0
1.0
1.0
0.99999666
1.0
0.9999994
1.0
1.0
1.0
1.0
0.9999999
0.9999676
0.9999993
0.9964929
0.9999999
0.9999795
1.0
1.0
0.9999999
1.0
1.0
1.0
1.0
1.0
1.0
1.0
1.0
1.0
1.0
1.0
1.0
1.0
0.9999958
1.0
1.0
1.0
1.0
1.0
1.0
1.0
0.9991117
1.0
1.0
0.9999999
1.0
1.0
1.0
1.0
1.0
1.0
1.0
1.0
1.0
1.0
1.0
1.0
1.0
1.0
1.0
1.0
1.0
1.0
1.0
1.0
1.0
1.0
1.0
0.9999999
1.0
1.0
1.0
1.0
0.99999905
1.0
1.0
1.0
0.99976176
1.0
0.99999845
1.0
1.0
0.9999999
1.0
1.0
1.0
1.0
1.0
1.0
1.0
1.0
1.0
1.0
1.0
1.0
1.0
0.9948154
1.0
1.0
1.0
1.0
1.0
1.0
0.9999963
1.0
0.99997556
1.0
1.0
1.0
0.99999666
1.0
1.0
1.0
1.0
1.0
1.0
1.0
0.9976646
1.0
1.0
1.0
0.99999964
1.0
1.0
1.0
0.99999964
0.9999999
1.0
1.0
0.9999999
1.0
1.0
1.0
0.9993774
1.0
1.0
0.9999672
1.0
0.9999994
0.99999833
0.99999976
0.9998319
0.7954902
1.0
0.9999999
0.9906385
1.0
1.0
1.0
1.0
1.0
0.9999993
1.0
1.0
0.9999995
1.0
1.0
0.9997925
1.0
1.0
1.0
1.0
1.0
1.0
0.99999535
1.0
0.9957747
1.0
1.0
0.9999999
0.99999833
0.9999877
0.99999964
1.0
1.0
1.0
1.0
0.99686974
1.0
1.0
1.0
0.99822587
0.790482
1.0
1.0
1.0
1.0
1.0
1.0
1.0
1.0
0.99999356
1.0
0.97426176
1.0
0.9998678
1.0
0.999998
1.0
1.0
0.9999994
1.0
1.0
1.0
1.0
1.0
1.0
1.0
1.0
0.9998847
1.0
0.99999154
1.0
1.0
1.0
1.0
0.99999976
1.0
1.0
1.0
1.0
0.9999194
1.0
0.9957403
1.0
0.9999988
0.9999888
1.0
1.0
1.0
1.0
1.0
0.99999034
0.9999757
1.0
1.0
0.9995497
1.0
1.0
1.0
1.0
1.0
1.0
1.0
1.0
1.0
0.99918526
1.0
1.0
1.0
1.0
0.99997735
1.0
0.999928
1.0
0.9999993
1.0
1.0
1.0
1.0
1.0
0.99999654
1.0
1.0
1.0
0.990225
1.0
1.0
0.97099644
1.0
1.0
1.0
1.0
1.0
0.9999138
1.0
1.0
0.9999962
1.0
1.0
1.0
1.0
1.0
1.0
0.9983571
1.0
0.99999917
1.0
1.0
1.0
1.0
1.0
1.0
0.9999994
1.0
1.0
1.0
1.0
1.0
1.0
1.0
1.0
1.0
1.0
1.0
1.0
1.0
1.0
0.972153
1.0
1.0
1.0
1.0
1.0
1.0
1.0
1.0
0.9999571
1.0
1.0
1.0
0.99565494
1.0
1.0
1.0
1.0
1.0
1.0
1.0
1.0
1.0
1.0
1.0
1.0
1.0
1.0
1.0
1.0
1.0
1.0
0.9999999
0.99999774
1.0
1.0
1.0
1.0
1.0
1.0
1.0
1.0
1.0
1.0
1.0
1.0
0.9999869
0.99999976
0.93300396
1.0
0.9936917
1.0
1.0
1.0
1.0
1.0
1.0
1.0
0.99856097
1.0
1.0
1.0
1.0
1.0
1.0
1.0
1.0
1.0
1.0
0.999979
1.0
1.0
1.0
1.0
1.0
0.99459213
0.9999999
0.9999994
0.99999976
1.0
1.0
1.0
1.0
0.99074006
1.0
1.0
1.0
1.0
1.0
1.0
1.0
0.99998057
0.99815077
1.0
1.0
1.0
1.0
1.0
1.0
1.0
1.0
0.9999999
0.99991643
1.0
0.9999554
1.0
1.0
1.0
1.0
1.0
1.0
1.0
1.0
1.0
0.79494905
1.0
1.0
1.0
1.0
1.0
1.0
1.0
0.99991906
1.0
0.99902964
0.99963605
1.0
1.0
1.0
0.99999964
1.0
1.0
1.0
1.0
0.99307805
1.0
1.0
0.99999094
1.0
1.0
1.0
1.0
1.0
1.0
0.9999987
1.0
1.0
1.0
1.0
1.0
1.0
0.9999993
1.0
1.0
0.9999982
1.0
1.0
1.0
1.0
0.9999989
0.99977297
1.0
1.0
1.0
1.0
1.0
1.0
1.0
1.0
1.0
0.99982256
1.0
0.99534875
1.0
1.0
1.0
1.0
1.0
0.99999857
1.0
1.0
1.0
0.99949956
1.0
1.0
0.9654929
1.0
1.0
1.0
1.0
1.0
1.0
1.0
0.9999999
1.0
0.9999999
1.0
1.0
1.0
0.9999994
0.9998791
1.0
1.0
1.0
1.0
1.0
0.9999995
0.9999999
1.0
0.99998665
1.0
1.0
1.0
1.0
1.0
1.0
1.0
1.0
0.99999976
1.0
1.0
1.0
1.0
1.0
0.9999982
1.0
1.0
1.0
1.0
1.0
1.0
0.9999999
0.99999523
0.9999747
1.0
1.0
1.0
1.0
0.9999994
1.0
1.0
0.9999999
1.0
1.0
0.9999982
1.0
0.9999995
0.9999962
1.0
0.9999435
1.0
1.0
1.0
0.9999999
1.0
0.9999999
1.0
1.0
0.99999976
0.99999785
1.0
0.99882454
1.0
0.9999995
1.0
1.0
1.0
1.0
1.0
1.0
0.9996257
1.0
1.0
1.0
1.0
1.0
1.0
1.0
0.9999999
1.0
1.0
0.99986863
1.0
0.9617752
0.99999964
0.99999595
1.0
1.0
1.0
0.99999845
1.0
0.99999976
0.99999547
1.0
1.0
1.0
1.0
1.0
1.0
0.9999999
0.99999666
1.0
1.0
0.9999982
1.0
0.9999999
0.9999963
1.0
0.99997795
1.0
1.0
1.0
0.84901106
1.0
0.9999994
1.0
0.9999999
1.0
0.99999464
0.9999981
1.0
1.0
1.0
0.9999999
1.0
1.0
1.0
1.0
1.0
1.0
0.9999999
0.9994856
1.0
1.0
1.0
1.0
1.0
1.0
1.0
1.0
1.0
1.0
1.0
1.0
1.0
0.9967912
0.9999981
1.0
1.0
1.0
0.99999976
1.0
1.0
1.0
1.0
0.5502475
1.0
1.0
1.0
1.0
1.0
1.0
0.99997246
0.53599626
1.0
1.0
0.9998547
1.0
1.0
1.0
1.0
1.0
0.9996673
0.99999917
1.0
1.0
0.9999999
1.0
0.99959546
1.0
1.0
1.0
1.0
1.0
1.0
1.0
1.0
1.0
0.9999995
1.0
1.0
0.8648716
1.0
0.99999976
1.0
1.0
0.97342753
1.0
1.0
1.0
0.9999993
0.9999999
1.0
1.0
0.9936242
1.0
0.9999968
0.99955744
1.0
1.0
1.0
1.0
1.0
0.9999981
1.0
0.9999999
1.0
1.0
0.99999976
1.0
0.99999845
0.99997234
0.9999784
1.0
0.99999905
1.0
1.0
1.0
1.0
1.0
0.99999976
1.0
0.99999964
1.0
1.0
1.0
1.0
0.99999917
1.0
1.0
1.0
1.0
1.0
1.0
1.0
0.9999999
1.0
1.0
1.0
1.0
1.0
0.9781787
1.0
1.0
1.0
1.0
0.9999999
0.99999475
1.0
1.0
1.0
1.0
1.0
1.0
1.0
1.0
0.9994141
0.99992704
1.0
1.0
0.99999464
1.0
1.0
1.0
1.0
1.0
0.94489515
1.0
1.0
1.0
1.0
0.9999925
1.0
1.0
1.0
1.0
1.0
0.99999833
1.0
0.9999745
1.0
0.99888855
1.0
1.0
1.0
1.0
1.0
1.0
0.99999964
1.0
0.99997675
1.0
1.0
1.0
1.0
1.0
1.0
0.99968195
1.0
1.0
0.9987974
1.0
0.9999697
1.0
1.0
0.99999976
1.0
1.0
1.0
1.0
1.0
1.0
1.0
1.0
1.0
1.0
1.0
1.0
0.9999999
1.0
1.0
0.9999999
0.97140235
1.0
1.0
1.0
0.99999964
1.0
1.0
1.0
0.9999461
1.0
0.99999917
1.0
0.99999905
0.9999994
0.9999999
0.9999999
0.99999976
1.0
0.9311873
1.0
1.0
1.0
1.0
1.0
0.99999964
1.0
0.9999999
1.0
0.9999999
0.99679726
0.99999976
1.0
1.0
1.0
1.0
0.9999999
1.0
1.0
1.0
1.0
1.0
1.0
1.0
1.0
1.0
1.0
1.0
1.0
1.0
1.0
1.0
1.0
0.99462897
1.0
0.9999995
1.0
1.0
0.9999994
1.0
1.0
1.0
1.0
0.99941266
0.99998355
0.99999964
1.0
1.0
1.0
1.0
0.9998659
1.0
1.0
0.9794648
0.9999441
1.0
0.984412
1.0
1.0
1.0
0.99976426
0.9999465
1.0
0.987756
1.0
1.0
1.0
0.9999888
1.0
1.0
1.0
1.0
1.0
1.0
1.0
0.99999607
1.0
0.9999999
1.0
1.0
1.0
1.0
1.0
1.0
0.9999951
1.0
1.0
1.0
1.0
1.0
0.9999974
1.0
0.5906591
1.0
1.0
1.0
0.999961
1.0
1.0
1.0
1.0
1.0
1.0
0.9928409
0.9999999
1.0
1.0
0.99981755
1.0
1.0
0.99999976
1.0
1.0
1.0
0.99999976
1.0
1.0
0.9999999
1.0
0.9999826
1.0
1.0
0.9999982
0.9999999
1.0
1.0
0.99998915
0.9996327
1.0
1.0
1.0
0.99441165
1.0
1.0
0.99469805
0.99999225
1.0
1.0
1.0
1.0
1.0
0.9999993
1.0
1.0
1.0
1.0
1.0
1.0
0.9999999
0.99999976
0.99999976
1.0
1.0
1.0
1.0
1.0
1.0
0.995611
1.0
1.0
0.99999785
1.0
1.0
1.0
1.0
1.0
1.0
1.0
1.0
1.0
1.0
0.82435757
1.0
1.0
1.0
0.999744
0.86958987
1.0
1.0
1.0
1.0
1.0
1.0
1.0
1.0
1.0
1.0
1.0
1.0
1.0
1.0
0.99995565
1.0
1.0
1.0
0.89485204
0.9999999
1.0
1.0
1.0
1.0
1.0
1.0
1.0
1.0
1.0
1.0
1.0
1.0
1.0
1.0
1.0
0.99956745
1.0
1.0
1.0
0.9999995
1.0
0.99999166
1.0
1.0
1.0
1.0
1.0
1.0
1.0
1.0
1.0
1.0
0.9999993
0.999997
1.0
1.0
1.0
1.0
0.99999964
1.0
0.99999535
1.0
1.0
1.0
1.0
1.0
1.0
1.0
1.0
0.9990086
1.0
1.0
0.99999905
1.0
0.99999976
0.9999995
1.0
1.0
0.84899956
1.0
1.0
0.99999845
1.0
1.0
1.0
1.0
1.0
1.0
1.0
1.0
1.0
0.9999449
0.99999535
1.0
1.0
1.0
1.0
1.0
1.0
0.99999785
1.0
1.0
0.99999964
0.99999714
1.0
1.0
1.0
1.0
1.0
1.0
0.99995065
1.0
1.0
1.0
0.9999988
0.99999034
1.0
1.0
0.99999213
0.99852186
1.0
1.0
0.99999106
1.0
1.0
1.0
1.0
1.0
1.0
1.0
0.9999987
1.0
1.0
1.0
0.9999999
1.0
1.0
1.0
0.99999833
1.0
0.89403397
1.0
0.99999905
1.0
1.0
1.0
1.0
1.0
1.0
1.0
1.0
1.0
1.0
1.0
1.0
1.0
1.0
1.0
1.0
1.0
1.0
1.0
0.9912224
1.0
1.0
1.0
1.0
1.0
1.0
0.9999999
1.0
1.0
1.0
0.99999976
1.0
1.0
1.0
0.9999752
1.0
1.0
1.0
1.0
1.0
1.0
1.0
1.0
0.8273877
0.99994767
1.0
1.0
1.0
1.0
1.0
0.8920337
0.999997
0.9994252
1.0
1.0
0.99999976
1.0
1.0
1.0
0.99002784
1.0
1.0
1.0
1.0
1.0
1.0
1.0
1.0
1.0
1.0
1.0
1.0
1.0
0.80602545
0.99583095
0.99999964
1.0
1.0
1.0
1.0
1.0
1.0
0.9999999
1.0
1.0
1.0
1.0
1.0
1.0
1.0
0.9999999
1.0
1.0
0.99999976
1.0
1.0
0.9082796
0.9999447
1.0
1.0
1.0
1.0
1.0
1.0
1.0
1.0
1.0
1.0
1.0
1.0
0.9783281
1.0
0.9999603
1.0
1.0
0.9998981
0.9999994
1.0
0.99999475
1.0
0.9999994
1.0
0.56237775
1.0
0.99999964
1.0
0.9999994
1.0
1.0
1.0
1.0
1.0
1.0
1.0
0.9999999
1.0
0.9999995
1.0
1.0
1.0
1.0
1.0
1.0
0.99999976
1.0
1.0
0.9999999
0.999884
1.0
1.0
1.0
0.99999774
1.0
1.0
0.9999988
1.0
1.0
0.99998045
1.0
1.0
0.9999999
1.0
1.0
1.0
1.0
1.0
1.0
1.0
1.0
1.0
0.9999999
1.0
1.0
1.0
1.0
0.99975187
1.0
1.0
0.999995
0.9999995
1.0
1.0
1.0
1.0
1.0
1.0
0.9999788
0.9999858
0.99997103
1.0
1.0
1.0
0.71649694
1.0
1.0
1.0
1.0
1.0
1.0
1.0
1.0
1.0
0.9998431
0.9999995
1.0
1.0
1.0
1.0
1.0
1.0
1.0
1.0
1.0
1.0
0.99998105
0.99999976
1.0
1.0
1.0
1.0
1.0
1.0
1.0
1.0
1.0
0.99999475
0.9997008
1.0
1.0
1.0
1.0
0.9999957
1.0
0.9999994
1.0
1.0
1.0
1.0
1.0
1.0
1.0
1.0
1.0
1.0
1.0
0.9999999
1.0
1.0
1.0
1.0
1.0
1.0
1.0
1.0
1.0
1.0
1.0
1.0
0.9999999
1.0
1.0
1.0
1.0
1.0
1.0
0.99999976
1.0
1.0
1.0
1.0
1.0
1.0
1.0
1.0
1.0
1.0
0.9999999
1.0
1.0
1.0
1.0
1.0
0.99999845
1.0
0.9999994
1.0
1.0
1.0
1.0
1.0
1.0
1.0
1.0
1.0
1.0
1.0
1.0
1.0
0.9999999
1.0
1.0
1.0
1.0
0.99999523
1.0
1.0
1.0
1.0
1.0
1.0
0.9999999
1.0
1.0
1.0
1.0
1.0
1.0
1.0
1.0
1.0
1.0
0.9999999
0.99999964
1.0
0.9999999
1.0
1.0
1.0
1.0
1.0
1.0
1.0
1.0
1.0
1.0
0.9999999
0.99999976
1.0
1.0
1.0
1.0
1.0
0.9999999
1.0
1.0
1.0
1.0
1.0
1.0
1.0
1.0
1.0
1.0
1.0
1.0
1.0
1.0
1.0
1.0
1.0
1.0
1.0
1.0
0.9996599
1.0
1.0
1.0
1.0
1.0
1.0
1.0
1.0
1.0
1.0
1.0
1.0
0.9918943
0.9999999
1.0
1.0
1.0
1.0
0.99999976
1.0
1.0
1.0
1.0
1.0
1.0
1.0
1.0
1.0
1.0
1.0
1.0
0.79505014
1.0
1.0
0.99999976
1.0
1.0
0.99545974
1.0
1.0
1.0
1.0
1.0
1.0
1.0
1.0
1.0
1.0
0.9999999
0.9999994
1.0
1.0
1.0
1.0
1.0
0.9999999
1.0
1.0
1.0
1.0
1.0
1.0
0.9999999
1.0
1.0
1.0
0.9999844
1.0
1.0
1.0
1.0
0.9967434
1.0
0.99990773
1.0
0.9999993
1.0
0.9999999
1.0
1.0
1.0
1.0
1.0
1.0
1.0
0.9999999
1.0
1.0
1.0
1.0
0.9999999
1.0
0.9999999
0.99999046
1.0
1.0
1.0
1.0
1.0
1.0
0.99302626
1.0
1.0
1.0
1.0
1.0
1.0
1.0
1.0
1.0
1.0
1.0
1.0
1.0
1.0
1.0
0.9999981
1.0
0.97766507
1.0
1.0
1.0
1.0
1.0
1.0
1.0
1.0
1.0
1.0
1.0
1.0
1.0
1.0
0.99784255
0.99999964
1.0
1.0
0.9996984
1.0
1.0
0.99988365
0.9999982
1.0
1.0
1.0
1.0
1.0
1.0
1.0
1.0
0.9999603
1.0
1.0
1.0
1.0
1.0
1.0
1.0
1.0
1.0
0.99995327
1.0
1.0
1.0
1.0
1.0
1.0
1.0
1.0
1.0
0.9999999
1.0
1.0
1.0
1.0
1.0
1.0
1.0
1.0
1.0
1.0
1.0
1.0
1.0
1.0
1.0
1.0
1.0
1.0
1.0
1.0
1.0
1.0
1.0
1.0
1.0
1.0
1.0
1.0
1.0
1.0
1.0
1.0
0.6264436
1.0
1.0
1.0
1.0
1.0
1.0
1.0
1.0
1.0
1.0
1.0
0.9999999
1.0
1.0
1.0
1.0
1.0
1.0
1.0
1.0
1.0
1.0
1.0
1.0
1.0
1.0
1.0
1.0
0.9999999
1.0
1.0
1.0
1.0
1.0
1.0
1.0
1.0
1.0
1.0
1.0
1.0
1.0
1.0
1.0
1.0
1.0
1.0
1.0
0.9999999
1.0
1.0
1.0
1.0
1.0
1.0
1.0
1.0
1.0
1.0
1.0
1.0
1.0
1.0
1.0
1.0
1.0
1.0
1.0
1.0
1.0
1.0
1.0
1.0
0.9999999
1.0
0.9999993
1.0
0.99999964
1.0
1.0
1.0
1.0
1.0
1.0
0.9999999
1.0
1.0
1.0
1.0
1.0
1.0
1.0
0.99999964
1.0
1.0
1.0
1.0
1.0
1.0
1.0
1.0
1.0
1.0
1.0
1.0
1.0
1.0
1.0
1.0
1.0
1.0
1.0
1.0
1.0
1.0
1.0
1.0
0.9999521
0.9999895
1.0
1.0
1.0
1.0
1.0
1.0
0.9999852
1.0
1.0
1.0
1.0
1.0
1.0
1.0
1.0
1.0
1.0
1.0
1.0
1.0
1.0
1.0
1.0
1.0
1.0
1.0
1.0
1.0
1.0
1.0
1.0
1.0
1.0
1.0
1.0
1.0
1.0
1.0
1.0
1.0
1.0
1.0
1.0
1.0
1.0
1.0
1.0
1.0
1.0
1.0
1.0
0.9999999
1.0
1.0
1.0
1.0
1.0
1.0
1.0
1.0
1.0
1.0
1.0
1.0
1.0
1.0
1.0
1.0
1.0
1.0
1.0
0.9999994
1.0
1.0
1.0
1.0
0.9999999
1.0
1.0
1.0
1.0
1.0
1.0
1.0
1.0
0.9999999
1.0
1.0
1.0
1.0
1.0
1.0
1.0
1.0
1.0
0.99999976
0.9998946
1.0
1.0
1.0
1.0
1.0
1.0
1.0
1.0
1.0
1.0
1.0
1.0
1.0
0.99999976
1.0
1.0
0.99999976
1.0
1.0
1.0
1.0
0.9999995
1.0
1.0
1.0
0.9999535
1.0
1.0
1.0
1.0
1.0
1.0
0.99999964
1.0
1.0
0.99999785
1.0
1.0
0.9999831
1.0
1.0
1.0
1.0
1.0
1.0
1.0
1.0
1.0
1.0
1.0
1.0
1.0
0.9992472
1.0
1.0
1.0
1.0
1.0
1.0
1.0
1.0
1.0
1.0
1.0
1.0
1.0
1.0
1.0
1.0
1.0
1.0
0.99999976
0.99999976
1.0
1.0
0.9996582
1.0
1.0
0.9999999
0.9999999
1.0
1.0
1.0
1.0
1.0
1.0
0.9978594
1.0
0.99999976
1.0
1.0
0.99999416
1.0
1.0
0.99730325
1.0
1.0
1.0
1.0
0.9999999
0.99999976
0.9998946
1.0
1.0
1.0
1.0
0.973375
0.9997161
1.0
1.0
1.0
1.0
1.0
1.0
1.0
1.0
1.0
1.0
1.0
1.0
1.0
1.0
1.0
1.0
1.0
1.0
1.0
1.0
0.9999902
0.99999976
1.0
1.0
1.0
1.0
1.0
1.0
1.0
1.0
1.0
1.0
0.9999994
1.0
1.0
1.0
1.0
1.0
1.0
1.0
1.0
1.0
1.0
1.0
1.0
1.0
1.0
0.9999999
1.0
1.0
1.0
1.0
1.0
0.99999774
1.0
1.0
1.0
1.0
0.99999726
1.0
1.0
1.0
1.0
0.9999999
0.9999982
1.0
1.0
1.0
1.0
1.0
0.9999994
1.0
0.99999976
1.0
1.0
0.9999993
0.9999993
1.0
0.99932754
0.9999559
0.91224957
1.0
1.0
1.0
1.0
1.0
1.0
0.9999999
1.0
0.9996635
1.0
1.0
1.0
0.99347454
1.0
1.0
0.9999877
0.99999976
0.9999999
1.0
1.0
1.0
1.0
1.0
1.0
1.0
1.0
1.0
1.0
1.0
1.0
1.0
1.0
0.99999905
1.0
1.0
1.0
0.9999994
1.0
1.0
1.0
1.0
1.0
1.0
1.0
1.0
1.0
1.0
0.9999999
1.0
1.0
1.0
1.0
1.0
1.0
1.0
1.0
1.0
1.0
1.0
1.0
1.0
1.0
1.0
1.0
0.99950576
0.999956
1.0
1.0
1.0
1.0
0.9999995
1.0
1.0
1.0
1.0
1.0
1.0
1.0
1.0
1.0
1.0
1.0
1.0
1.0
1.0
1.0
1.0
1.0
1.0
1.0
0.9999908
0.99994767
1.0
1.0
1.0
1.0
1.0
1.0
0.99999976
1.0
1.0
1.0
1.0
1.0
1.0
1.0
1.0
1.0
1.0
1.0
1.0
1.0
1.0
1.0
1.0
1.0
1.0
1.0
1.0
1.0
1.0
1.0
1.0
1.0
1.0
1.0
1.0
1.0
1.0
1.0
1.0
1.0
1.0
1.0
1.0
1.0
1.0
1.0
1.0
1.0
0.99787736
1.0
1.0
1.0
1.0
1.0
1.0
1.0
1.0
1.0
0.90988714
0.9993063
1.0
0.99999976
1.0
1.0
1.0
1.0
1.0
1.0
1.0
1.0
1.0
1.0
1.0
1.0
0.9999989
1.0
1.0
0.9999857
1.0
1.0
1.0
1.0
1.0
0.99999964
1.0
1.0
1.0
0.9999987
1.0
1.0
1.0
1.0
1.0
0.99999964
1.0
1.0
1.0
0.9999993
1.0
1.0
1.0
1.0
1.0
1.0
1.0
1.0
0.99999917
0.999874
0.9815886
0.99999964
0.9999696
1.0
1.0
0.9999999
1.0
1.0
1.0
1.0
1.0
1.0
0.9999994
1.0
0.99999964
1.0
1.0
1.0
0.9994821
1.0
1.0
1.0
0.99997926
1.0
0.99998605
1.0
0.9999864
1.0
1.0
1.0
1.0
1.0
1.0
1.0
1.0
0.9999999
0.99995697
1.0
1.0
1.0
0.9999999
1.0
1.0
1.0
0.990343
0.998128
1.0
1.0
0.9999999
1.0
1.0
0.99999976
0.9999994
1.0
1.0
0.99999857
1.0
1.0
1.0
1.0
0.9992244
0.99999857
1.0
0.9999993
1.0
0.99999976
1.0
0.999998
1.0
0.9999989
1.0
1.0
0.99999917
1.0
0.9999999
1.0
1.0
1.0
1.0
1.0
1.0
1.0
1.0
0.9999924
1.0
1.0
0.9998739
1.0
1.0
0.99989116
1.0
0.9999995
0.9999999
1.0
0.9999999
1.0
1.0
1.0
0.9999825
1.0
0.99999964
1.0
1.0
1.0
1.0
0.9999974
1.0
1.0
0.9999989
1.0
1.0
1.0
1.0
1.0
1.0
1.0
0.9999999
0.9999981
1.0
1.0
1.0
1.0
0.99999666
1.0
1.0
1.0
1.0
1.0
0.9987596
1.0
1.0
1.0
1.0
1.0
0.9999831
1.0
1.0
1.0
1.0
1.0
1.0
1.0
1.0
0.99999976
0.9997017
1.0
1.0
1.0
1.0
1.0
1.0
1.0
1.0
1.0
0.9549057
1.0
0.9999999
1.0
1.0
1.0
1.0
1.0
1.0
1.0
0.9999999
1.0
1.0
1.0
1.0
1.0
1.0
1.0
1.0
1.0
1.0
0.9987984
1.0
1.0
1.0
1.0
1.0
1.0
1.0
1.0
1.0
1.0
1.0
1.0
1.0
1.0
1.0
1.0
1.0
1.0
1.0
1.0
1.0
1.0
1.0
1.0
1.0
1.0
1.0
1.0
1.0
1.0
1.0
1.0
1.0
1.0
1.0
1.0
1.0
1.0
1.0
1.0
1.0
1.0
1.0
1.0
0.9998393
1.0
1.0
1.0
0.9996555
1.0
1.0
1.0
1.0
0.6859246
1.0
0.9997625
1.0
1.0
1.0
0.9993974
0.8888543
0.99999905
1.0
1.0
1.0
1.0
1.0
1.0
1.0
1.0
1.0
1.0
1.0
1.0
1.0
0.9999994
1.0
1.0
1.0
1.0
1.0
1.0
1.0
1.0
1.0
1.0
1.0
1.0
1.0
1.0
1.0
1.0
1.0
1.0
1.0
1.0
1.0
1.0
1.0
1.0
1.0
1.0
1.0
1.0
1.0
1.0
1.0
1.0
1.0
1.0
1.0
1.0
1.0
1.0
1.0
1.0
1.0
1.0
1.0
1.0
1.0
1.0
1.0
1.0
1.0
1.0
1.0
1.0
1.0
1.0
0.9999962
1.0
1.0
1.0
1.0
1.0
1.0
1.0
1.0
1.0
1.0
1.0
1.0
1.0
1.0
1.0
1.0
1.0
1.0
1.0
1.0
1.0
1.0
1.0
1.0
1.0
1.0
1.0
1.0
1.0
1.0
1.0
1.0
1.0
1.0
1.0
1.0
1.0
1.0
1.0
1.0
1.0
1.0
1.0
1.0
1.0
1.0
1.0
1.0
1.0
1.0
1.0
1.0
1.0
1.0
1.0
1.0
1.0
1.0
1.0
1.0
1.0
1.0
0.99999976
1.0
1.0
1.0
1.0
1.0
1.0
1.0
1.0
1.0
1.0
1.0
1.0
1.0
1.0
1.0
1.0
1.0
1.0
1.0
1.0
1.0
1.0
1.0
1.0
1.0
1.0
1.0
1.0
1.0
1.0
1.0
1.0
1.0
1.0
1.0
1.0
1.0
1.0
1.0
1.0
1.0
1.0
1.0
1.0
1.0
1.0
1.0
1.0
1.0
1.0
1.0
1.0
1.0
1.0
1.0
1.0
1.0
1.0
1.0
1.0
1.0
1.0
1.0
1.0
1.0
1.0
1.0
1.0
1.0
0.9999994
1.0
1.0
1.0
1.0
1.0
1.0
1.0
1.0
1.0
1.0
1.0
1.0
1.0
1.0
0.9999995
0.9999999
0.99984145
1.0
1.0
1.0
1.0
1.0
1.0
0.9999963
0.9999932
1.0
1.0
1.0
1.0
1.0
1.0
1.0
1.0
0.9999999
0.99998903
1.0
1.0
1.0
1.0
1.0
1.0
0.9999989
1.0
0.99999857
1.0
1.0
1.0
1.0
1.0
0.9999893
1.0
0.99999845
1.0
1.0
1.0
1.0
1.0
1.0
1.0
1.0
1.0
1.0
1.0
1.0
0.9999999
1.0
1.0
1.0
1.0
1.0
1.0
1.0
1.0
1.0
1.0
0.9999999
1.0
1.0
1.0
1.0
1.0
0.99999976
1.0
1.0
1.0
1.0
1.0
1.0
1.0
1.0
1.0
1.0
1.0
1.0
0.99996364
1.0
1.0
1.0
1.0
1.0
1.0
1.0
1.0
0.9999968
1.0
1.0
1.0
1.0
1.0
1.0
1.0
1.0
1.0
1.0
1.0
1.0
1.0
1.0
0.9999294
1.0
1.0
1.0
1.0
1.0
1.0
1.0
1.0
1.0
0.99252266
1.0
1.0
1.0
1.0
1.0
1.0
0.9999999
1.0
1.0
1.0
1.0
0.9999994
1.0
1.0
1.0
1.0
1.0
1.0
1.0
1.0
1.0
1.0
1.0
1.0
1.0
1.0
0.9998894
1.0
1.0
1.0
1.0
1.0
0.9995059
1.0
1.0
1.0
1.0
1.0
0.9999994
1.0
0.99999917
1.0
1.0
0.9999989
1.0
1.0
1.0
1.0
0.99876153
0.8220627
1.0
0.9998851
0.9535774
1.0
0.88915485
0.99284256
1.0
1.0
1.0
0.99999976
1.0
0.9999999
0.9999684
0.99998784
0.9999994
0.87577254
0.9912581
1.0
0.9998598
0.9999999
0.81211483
0.9999975
0.9999527
1.0
0.9999995
1.0
1.0
1.0
1.0
1.0
1.0
1.0
1.0
0.99999964
0.9999976
1.0
0.9980861
1.0
1.0
1.0
0.99999416
0.54695994
0.9991709
0.99112964
1.0
1.0
0.9999974
0.9999229
1.0
0.99966586
1.0
1.0
0.99980825
0.9999989
1.0
1.0
1.0
0.9999974
0.9999931
0.99997246
1.0
0.999997
0.9999993
1.0
1.0
0.99999845
0.9999894
1.0
0.9999994
0.88729197
1.0
0.99999976
1.0
1.0
1.0
0.99927515
0.99949086
1.0
1.0
1.0
0.9999994
1.0
1.0
1.0
1.0
1.0
0.9999999
0.99999964
1.0
0.99999833
1.0
1.0
1.0
1.0
0.9999999
0.6233608
1.0
1.0
1.0
1.0
1.0
1.0
1.0
1.0
1.0
0.9999995
0.9999851
1.0
1.0
1.0
1.0
0.9999999
1.0
1.0
1.0
1.0
0.9999927
1.0
1.0
1.0
1.0
1.0
1.0
1.0
1.0
1.0
1.0
1.0
1.0
1.0
1.0
1.0
0.9999976
1.0
1.0
0.9999982
0.9999975
1.0
0.9999993
1.0
1.0
1.0
1.0
1.0
1.0
1.0
1.0
1.0
1.0
1.0
0.99999285
1.0
0.99999964
0.9999974
0.99999905
1.0
1.0
1.0
1.0
1.0
1.0
1.0
0.9999287
1.0
1.0
0.9999502
0.9999987
1.0
0.9999863
0.9999956
1.0
1.0
1.0
1.0
0.99999547
0.99999976
0.9999999
1.0
1.0
1.0
1.0
1.0
1.0
1.0
0.99904305
0.9998605
1.0
0.99999976
0.9975963
0.99983525
1.0
0.9999231
1.0
0.9999968
1.0
1.0
1.0
1.0
1.0
0.9984347
0.99942315
1.0
1.0
1.0
1.0
1.0
0.999998
1.0
0.99999976
1.0
1.0
1.0
0.99993193
0.99989414
1.0
1.0
1.0
1.0
1.0
1.0
1.0
1.0
1.0
1.0
0.9994492
1.0
0.9999999
0.82837164
0.9999908
0.9999999
1.0
0.9999994
1.0
1.0
1.0
0.99998534
1.0
0.99999607
1.0
1.0
0.9988366
1.0
1.0
1.0
1.0
1.0
1.0
1.0
1.0
1.0
0.9999999
0.9999989
1.0
1.0
1.0
1.0
1.0
0.9999999
1.0
1.0
1.0
0.9999993
1.0
1.0
1.0
1.0
1.0
1.0
1.0
1.0
1.0
1.0
1.0
1.0
1.0
1.0
1.0
1.0
1.0
1.0
1.0
1.0
1.0
1.0
1.0
0.9999999
1.0
1.0
1.0
1.0
1.0
0.949784
1.0
1.0
1.0
1.0
0.99999976
1.0
1.0
1.0
1.0
1.0
1.0
1.0
1.0
1.0
1.0
1.0
1.0
1.0
1.0
1.0
1.0
1.0
1.0
1.0
1.0
1.0
1.0
1.0
1.0
1.0
0.99999964
1.0
1.0
1.0
1.0
0.9999956
1.0
1.0
1.0
1.0
1.0
1.0
1.0
1.0
1.0
1.0
0.99998474
0.999985
1.0
1.0
1.0
0.99999976
1.0
1.0
1.0
1.0
1.0
0.9999999
0.9999887
1.0
1.0
1.0
0.9999348
1.0
1.0
1.0
1.0
1.0
1.0
1.0
1.0
0.99999833
1.0
1.0
1.0
1.0
1.0
1.0
0.9999993
1.0
1.0
1.0
1.0
1.0
1.0
1.0
1.0
1.0
1.0
1.0
1.0
1.0
0.9999999
1.0
1.0
1.0
0.9999999
0.999997
1.0
1.0
1.0
1.0
1.0
1.0
1.0
1.0
0.99984264
1.0
1.0
1.0
1.0
1.0
1.0
1.0
1.0
1.0
1.0
1.0
1.0
0.9999999
1.0
1.0
1.0
0.9999999
1.0
1.0
1.0
1.0
1.0
1.0
1.0
1.0
1.0
1.0
1.0
1.0
1.0
1.0
1.0
1.0
1.0
1.0
1.0
1.0
1.0
1.0
1.0
1.0
1.0
1.0
0.9999988
1.0
1.0
1.0
1.0
1.0
1.0
1.0
1.0
1.0
0.9999999
1.0
1.0
1.0
1.0
1.0
1.0
1.0
1.0
1.0
1.0
1.0
1.0
0.9999995
1.0
1.0
1.0
1.0
1.0
1.0
0.9999999
1.0
0.9999851
0.99999964
1.0
1.0
1.0
1.0
1.0
1.0
1.0
1.0
1.0
1.0
1.0
1.0
1.0
1.0
1.0
1.0
1.0
0.99900585
1.0
1.0
1.0
1.0
0.9999925
1.0
1.0
1.0
1.0
1.0
1.0
0.9999999
1.0
1.0
0.99999976
1.0
1.0
1.0
1.0
1.0
1.0
0.9999982
1.0
1.0
1.0
1.0
1.0
1.0
1.0
0.9999999
1.0
0.99999726
1.0
1.0
1.0
1.0
1.0
1.0
1.0
0.9999994
1.0
1.0
1.0
0.99999976
0.99997544
0.9999974
1.0
1.0
0.999995
1.0
0.9999999
1.0
1.0
1.0
1.0
1.0
1.0
0.99999976
1.0
1.0
1.0
1.0
1.0
1.0
1.0
0.99999976
1.0
1.0
1.0
1.0
1.0
0.99982125
1.0
1.0
1.0
1.0
1.0
1.0
0.99999976
1.0
1.0
1.0
0.9999951
1.0
1.0
0.99998105
0.9999999
1.0
1.0
1.0
1.0
1.0
1.0
1.0
1.0
1.0
1.0
1.0
0.99999774
0.9999999
1.0
1.0
1.0
1.0
0.999589
1.0
1.0
1.0
1.0
1.0
1.0
1.0
0.99999976
1.0
1.0
1.0
1.0
1.0
1.0
1.0
1.0
1.0
1.0
1.0
0.99999976
1.0
1.0
1.0
1.0
0.99999976
1.0
1.0
1.0
1.0
1.0
1.0
1.0
1.0
1.0
1.0
1.0
1.0
1.0
1.0
1.0
1.0
1.0
1.0
0.9994505
1.0
1.0
1.0
1.0
1.0
0.9999875
1.0
1.0
1.0
0.99999523
0.9999995
0.9999672
1.0
0.99969685
1.0
1.0
1.0
0.9829815
1.0
1.0
1.0
0.99999976
1.0
1.0
1.0
1.0
1.0
1.0
1.0
1.0
0.99999964
1.0
1.0
1.0
0.99999976
1.0
0.9893054
1.0
1.0
1.0
1.0
0.99999416
1.0
1.0
1.0
1.0
1.0
1.0
1.0
1.0
0.9999957
1.0
1.0
1.0
1.0
1.0
0.9999999
1.0
1.0
0.9999994
1.0
0.9999999
1.0
0.9999999
1.0
1.0
1.0
1.0
0.9999938
0.9999995
1.0
1.0
1.0
1.0
1.0
1.0
1.0
1.0
1.0
0.9999918
1.0
1.0
1.0
1.0
1.0
1.0
1.0
1.0
0.9999995
0.9999963
1.0
1.0
1.0
1.0
1.0
1.0
1.0
1.0
1.0
0.9999999
1.0
1.0
1.0
1.0
1.0
1.0
1.0
1.0
1.0
1.0
0.9999814
1.0
1.0
1.0
1.0
1.0
0.9999999
1.0
1.0
1.0
1.0
1.0
1.0
1.0
1.0
1.0
1.0
1.0
1.0
1.0
1.0
1.0
1.0
1.0
1.0
0.999998
1.0
1.0
1.0
1.0
1.0
1.0
1.0
1.0
1.0
1.0
1.0
1.0
1.0
1.0
1.0
1.0
1.0
1.0
1.0
0.99999857
1.0
0.9999995
1.0
1.0
1.0
1.0
1.0
1.0
1.0
1.0
1.0
1.0
1.0
1.0
1.0
1.0
1.0
1.0
1.0
1.0
0.9999975
1.0
1.0
1.0
1.0
1.0
1.0
1.0
1.0
0.99998283
1.0
1.0
1.0
1.0
1.0
0.9999597
1.0
0.9999999
1.0
1.0
1.0
1.0
1.0
1.0
1.0
1.0
0.9999999
1.0
0.9999999
0.9999999
1.0
1.0
1.0
0.99999964
1.0
1.0
1.0
1.0
0.9999242
1.0
0.9999999
0.9999981
1.0
1.0
1.0
0.9999999
1.0
1.0
1.0
1.0
1.0
1.0
0.9999999
1.0
1.0
1.0
1.0
0.9993362
1.0
0.9993462
1.0
1.0
1.0
1.0
0.9999995
1.0
0.9990854
1.0
0.9999989
1.0
0.9999974
0.9999999
0.99999404
1.0
1.0
1.0
0.99998057
1.0
1.0
1.0
1.0
0.99999964
0.9999999
1.0
1.0
1.0
0.9999957
1.0
0.9999999
1.0
1.0
1.0
1.0
0.99999976
1.0
1.0
0.9999993
0.99999666
0.99999845
1.0
1.0
0.99999905
0.9999993
1.0
1.0
1.0
1.0
1.0
0.99997926
1.0
1.0
1.0
1.0
0.9999999
1.0
0.99997866
0.999997
0.99999285
1.0
1.0
1.0
1.0
1.0
0.9999995
1.0
1.0
1.0
1.0
0.99999976
0.99999964
0.99999845
1.0
1.0
1.0
1.0
1.0
0.99999964
1.0
1.0
0.99999964
1.0
1.0
1.0
1.0
1.0
1.0
1.0
1.0
0.9999993
0.9999995
1.0
1.0
1.0
1.0
1.0
1.0
1.0
1.0
1.0
1.0
1.0
1.0
1.0
0.99999964
0.99999774
1.0
1.0
1.0
1.0
0.9999999
0.99999917
1.0
1.0
1.0
1.0
1.0
1.0
1.0
1.0
1.0
1.0
1.0
1.0
0.9999999
1.0
1.0
1.0
1.0
1.0
1.0
0.99998176
1.0
1.0
1.0
0.99999166
1.0
0.9999999
1.0
1.0
0.9975414
1.0
1.0
1.0
1.0
1.0
0.9999858
1.0
1.0
1.0
0.9999993
1.0
1.0
1.0
1.0
1.0
1.0
1.0
1.0
1.0
1.0
1.0
1.0
1.0
1.0
1.0
1.0
1.0
1.0
1.0
1.0
1.0
0.99999857
1.0
1.0
1.0
1.0
1.0
1.0
1.0
1.0
1.0
1.0
1.0
1.0
1.0
1.0
1.0
1.0
1.0
1.0
1.0
1.0
1.0
1.0
1.0
1.0
1.0
1.0
1.0
1.0
1.0
1.0
0.9999989
1.0
1.0
1.0
0.9999999
1.0
1.0
1.0
1.0
1.0
1.0
1.0
1.0
1.0
0.99999154
1.0
1.0
1.0
1.0
1.0
1.0
1.0
1.0
1.0
1.0
1.0
1.0
1.0
1.0
1.0
1.0
1.0
1.0
1.0
1.0
0.99999964
0.99999964
1.0
1.0
0.9999999
1.0
1.0
0.9999999
1.0
1.0
1.0
0.99999976
1.0
1.0
1.0
1.0
1.0
1.0
1.0
1.0
1.0
1.0
1.0
1.0
1.0
0.9999999
1.0
1.0
1.0
1.0
1.0
1.0
1.0
1.0
1.0
1.0
1.0
1.0
1.0
1.0
1.0
1.0
1.0
1.0
1.0
1.0
1.0
1.0
0.9999968
1.0
1.0
1.0
1.0
1.0
1.0
1.0
1.0
0.9999999
1.0
1.0
0.9999901
1.0
0.999995
0.99999344
0.9999809
1.0
1.0
1.0
1.0
1.0
1.0
1.0
1.0
1.0
0.9999963
1.0
1.0
0.9999999
1.0
1.0
1.0
1.0
1.0
1.0
0.9999999
1.0
1.0
1.0
1.0
1.0
1.0
1.0
1.0
1.0
1.0
1.0
1.0
1.0
1.0
1.0
1.0
0.9999999
1.0
1.0
1.0
1.0
1.0
1.0
1.0
1.0
1.0
0.99999964
1.0
1.0
1.0
1.0
1.0
1.0
1.0
1.0
1.0
1.0
1.0
1.0
1.0
0.99985325
1.0
0.99999964
0.99999857
1.0
1.0
1.0
1.0
1.0
1.0
1.0
1.0
1.0
1.0
1.0
0.99999607
0.99994063
1.0
1.0
1.0
1.0
1.0
1.0
1.0
0.99997663
1.0
1.0
1.0
1.0
1.0
1.0
1.0
1.0
1.0
1.0
1.0
1.0
1.0
1.0
1.0
0.9999987
1.0
0.9999223
1.0
0.9999949
0.9991178
1.0
0.99999833
0.99956244
1.0
0.9999553
1.0
0.6069726
0.99999785
0.99997723
0.9999989
0.9999546
1.0
1.0
0.9998542
0.99999976
0.99999905
1.0
0.9999919
0.99999964
1.0
0.9999999
1.0
0.99999964
1.0
1.0
1.0
1.0
1.0
1.0
1.0
1.0
0.9999858
0.9999999
1.0
0.9999989
1.0
1.0
1.0
1.0
1.0
1.0
1.0
1.0
0.9999957
0.99999976
1.0
1.0
1.0
1.0
1.0
0.9999999
1.0
1.0
1.0
1.0
0.99999976
0.99967945
0.999998
1.0
0.9592182
0.99995625
1.0
0.99999976
1.0
1.0
0.9999999
1.0
1.0
0.99999976
0.99995065
1.0
1.0
0.9890794
0.9999893
1.0
0.9999999
1.0
0.9999981
0.99999475
1.0
1.0
0.9999871
0.99997425
1.0
0.9985801
0.99931896
1.0
1.0
1.0
1.0
1.0
1.0
1.0
1.0
1.0
1.0
1.0
1.0
1.0
1.0
1.0
1.0
1.0
1.0
1.0
1.0
1.0
1.0
1.0
0.9999999
1.0
1.0
1.0
1.0
1.0
1.0
1.0
1.0
1.0
1.0
1.0
0.99999917
1.0
1.0
1.0
1.0
1.0
1.0
0.99998987
1.0
1.0
1.0
1.0
1.0
1.0
0.9999994
1.0
1.0
1.0
1.0
1.0
1.0
0.99998534
1.0
1.0
1.0
1.0
0.9999925
0.99957293
1.0
1.0
1.0
1.0
1.0
1.0
1.0
0.9999999
1.0
1.0
1.0
0.99999774
1.0
1.0
1.0
1.0
0.9999968
1.0
1.0
1.0
1.0
1.0
1.0
1.0
0.99998343
1.0
1.0
1.0
1.0
1.0
1.0
1.0
1.0
1.0
1.0
1.0
1.0
1.0
0.99999905
1.0
1.0
1.0
1.0
1.0
1.0
1.0
1.0
1.0
1.0
1.0
1.0
0.99999547
0.9999999
1.0
1.0
1.0
1.0
1.0
1.0
1.0
1.0
1.0
1.0
1.0
1.0
1.0
1.0
0.9966024
1.0
0.99993813
1.0
0.99999964
0.99994254
0.99999845
1.0
1.0
1.0
0.999577
1.0
0.9999889
1.0
1.0
1.0
0.9999974
1.0
1.0
1.0
0.9999999
1.0
1.0
1.0
1.0
0.9999999
1.0
1.0
1.0
1.0
1.0
1.0
0.99999154
0.9999769
0.99999416
0.9107412
0.99999475
1.0
0.99999785
1.0
1.0
1.0
1.0
0.9999968
1.0
0.9999924
0.9999918
0.999936
0.99999976
1.0
0.99999976
0.9998122
1.0
1.0
1.0
1.0
0.99995613
1.0
1.0
1.0
1.0
1.0
1.0
1.0
1.0
1.0
1.0
0.9999999
1.0
0.99959797
1.0
1.0
1.0
1.0
1.0
1.0
1.0
0.9999999
1.0
1.0
0.9999999
1.0
1.0
1.0
1.0
1.0
1.0
1.0
1.0
1.0
1.0
1.0
0.999713
1.0
1.0
1.0
1.0
0.99999785
1.0
1.0
1.0
1.0
1.0
1.0
1.0
1.0
0.99999976
1.0
1.0
1.0
1.0
1.0
1.0
1.0
1.0
1.0
1.0
1.0
1.0
1.0
1.0
1.0
0.9998853
0.9996829
0.9999999
0.9999877
1.0
1.0
1.0
1.0
1.0
1.0
1.0
1.0
1.0
1.0
1.0
0.9999893
1.0
1.0
1.0
1.0
1.0
1.0
0.9999994
1.0
1.0
1.0
1.0
1.0
1.0
1.0
1.0
1.0
0.99999976
1.0
1.0
1.0
0.9999932
1.0
1.0
1.0
1.0
1.0
1.0
1.0
1.0
1.0
0.99999976
0.9999999
0.9999999
0.99999976
1.0
1.0
1.0
1.0
1.0
1.0
1.0
1.0
1.0
1.0
1.0
1.0
0.99999833
0.99999845
0.9999999
0.99118465
1.0
1.0
1.0
0.9999994
1.0
1.0
1.0
0.99999595
1.0
0.9999994
1.0
1.0
0.9999976
1.0
1.0
0.9999994
1.0
1.0
1.0
1.0
1.0
0.9999999
1.0
1.0
1.0
0.99999535
0.99152666
0.99999785
1.0
1.0
0.9999778
0.9999716
0.9999912
1.0
0.9999999
0.999997
1.0
1.0
1.0
0.99999964
0.99999475
0.999936
1.0
1.0
1.0
1.0
1.0
1.0
0.99999976
1.0
1.0
0.9999999
1.0
1.0
1.0
1.0
1.0
0.9999999
1.0
1.0
1.0
1.0
1.0
1.0
0.97303945
1.0
0.99999964
1.0
0.9999876
0.984044
1.0
1.0
0.99999976
0.9999354
0.9999999
0.99999475
0.99999976
1.0
0.9679378
0.9946366
1.0
1.0
1.0
1.0
1.0
0.9999987
1.0
0.9999796
1.0
1.0
1.0
1.0
1.0
1.0
1.0
1.0
1.0
1.0
1.0
1.0
1.0
1.0
0.99999917
1.0
1.0
1.0
1.0
1.0
1.0
1.0
1.0
0.9999993
1.0
1.0
1.0
0.9999994
1.0
1.0
1.0
1.0
1.0
1.0
1.0
1.0
1.0
0.9999999
1.0
0.99999917
0.99980825
0.999998
1.0
1.0
1.0
1.0
1.0
0.9999026
1.0
1.0
1.0
1.0
1.0
1.0
0.9999999
1.0
1.0
1.0
1.0
1.0
1.0
1.0
0.9998977
1.0
1.0
1.0
1.0
1.0
1.0
1.0
1.0
0.9999355
1.0
0.4952996
1.0
0.9999999
1.0
1.0
1.0
1.0
1.0
1.0
1.0
1.0
1.0
1.0
1.0
0.9999999
1.0
1.0
1.0
0.99989593
1.0
1.0
1.0
1.0
0.9999999
1.0
1.0
1.0
1.0
1.0
1.0
1.0
1.0
1.0
1.0
1.0
1.0
1.0
1.0
1.0
1.0
1.0
1.0
1.0
1.0
1.0
1.0
1.0
1.0
1.0
1.0
1.0
1.0
1.0
1.0
1.0
1.0
1.0
1.0
1.0
1.0
1.0
1.0
1.0
1.0
1.0
1.0
1.0
1.0
1.0
1.0
1.0
1.0
1.0
1.0
1.0
1.0
1.0
1.0
0.9999926
1.0
1.0
1.0
1.0
1.0
1.0
1.0
1.0
1.0
1.0
0.99999976
1.0
1.0
1.0
1.0
1.0
0.9999995
0.9999975
1.0
1.0
1.0
0.99996245
0.999967
0.9999999
1.0
1.0
1.0
1.0
0.9999999
1.0
1.0
1.0
0.9999995
0.9998049
1.0
1.0
0.99999726
1.0
0.9999999
1.0
0.6814033
1.0
1.0
0.9999999
1.0
1.0
1.0
1.0
1.0
1.0
1.0
1.0
0.9999999
1.0
0.9999999
1.0
1.0
1.0
1.0
1.0
1.0
1.0
1.0
1.0
1.0
1.0
1.0
1.0
1.0
1.0
1.0
1.0
1.0
1.0
1.0
1.0
1.0
1.0
0.99999976
1.0
1.0
1.0
1.0
1.0
1.0
1.0
1.0
1.0
1.0
1.0
1.0
1.0
1.0
1.0
1.0
1.0
1.0
0.9999999
1.0
1.0
1.0
1.0
1.0
1.0
1.0
1.0
0.99999905
1.0
1.0
1.0
1.0
1.0
1.0
1.0
1.0
1.0
1.0
1.0
1.0
1.0
0.99999726
1.0
1.0
1.0
1.0
1.0
1.0
1.0
1.0
1.0
1.0
1.0
1.0
1.0
1.0
1.0
0.9999999
1.0
1.0
1.0
1.0
1.0
1.0
1.0
1.0
1.0
1.0
1.0
1.0
1.0
0.9999993
1.0
1.0
1.0
1.0
1.0
1.0
1.0
1.0
1.0
1.0
1.0
1.0
1.0
1.0
1.0
1.0
1.0
1.0
1.0
1.0
1.0
1.0
1.0
1.0
1.0
1.0
1.0
1.0
1.0
1.0
1.0
1.0
1.0
1.0
1.0
1.0
1.0
1.0
1.0
1.0
1.0
1.0
1.0
1.0
1.0
1.0
1.0
1.0
1.0
1.0
1.0
1.0
1.0
1.0
1.0
1.0
1.0
1.0
1.0
1.0
1.0
1.0
1.0
1.0
1.0
1.0
1.0
1.0
1.0
1.0
1.0
1.0
1.0
1.0
1.0
1.0
1.0
1.0
1.0
1.0
1.0
1.0
1.0
1.0
1.0
1.0
1.0
1.0
1.0
1.0
1.0
1.0
1.0
1.0
1.0
1.0
1.0
1.0
0.99999857
1.0
0.9999999
1.0
1.0
1.0
0.9999989
1.0
1.0
1.0
1.0
1.0
1.0
1.0
1.0
1.0
1.0
1.0
1.0
1.0
1.0
1.0
1.0
1.0
1.0
1.0
1.0
1.0
1.0
1.0
1.0
1.0
1.0
1.0
1.0
1.0
1.0
1.0
1.0
1.0
1.0
1.0
1.0
1.0
1.0
0.99999964
1.0
1.0
1.0
1.0
1.0
1.0
1.0
1.0
1.0
1.0
1.0
1.0
1.0
1.0
1.0
1.0
1.0
1.0
1.0
1.0
1.0
1.0
1.0
1.0
0.99999905
1.0
1.0
1.0
1.0
1.0
1.0
1.0
1.0
1.0
1.0
1.0
1.0
1.0
1.0
1.0
1.0
1.0
1.0
1.0
1.0
1.0
1.0
1.0
1.0
1.0
1.0
1.0
1.0
1.0
1.0
1.0
1.0
1.0
1.0
1.0
1.0
1.0
1.0
1.0
1.0
1.0
1.0
1.0
1.0
1.0
1.0
1.0
1.0
1.0
1.0
1.0
1.0
1.0
1.0
1.0
1.0
1.0
1.0
1.0
1.0
1.0
1.0
1.0
1.0
1.0
1.0
1.0
1.0
1.0
1.0
1.0
1.0
1.0
1.0
1.0
0.9999534
1.0
1.0
1.0
1.0
0.9999999
1.0
0.99999964
1.0
1.0
1.0
1.0
1.0
1.0
1.0
1.0
1.0
1.0
0.9999974
1.0
1.0
1.0
1.0
1.0
0.99997723
1.0
1.0
1.0
1.0
1.0
1.0
0.9999999
1.0
1.0
1.0
1.0
1.0
1.0
1.0
1.0
1.0
1.0
1.0
1.0
1.0
1.0
1.0
1.0
1.0
0.9999994
1.0
1.0
1.0
1.0
1.0
1.0
1.0
1.0
1.0
1.0
1.0
1.0
0.99999976
1.0
1.0
1.0
1.0
1.0
1.0
1.0
0.9999858
1.0
1.0
1.0
0.9999994
1.0
1.0
1.0
1.0
1.0
1.0
0.9999999
1.0
1.0
1.0
1.0
1.0
1.0
1.0
1.0
1.0
1.0
0.99999976
1.0
1.0
1.0
1.0
1.0
0.99999976
1.0
1.0
1.0
1.0
1.0
1.0
1.0
1.0
1.0
1.0
1.0
1.0
1.0
1.0
1.0
1.0
1.0
0.9999989
1.0
1.0
1.0
1.0
1.0
1.0
0.99999976
1.0
1.0
1.0
0.9998636
1.0
1.0
0.99974567
1.0
0.9999993
0.9999876
0.9999968
0.99999523
1.0
0.95096225
1.0
1.0
1.0
1.0
0.9795813
0.9999951
0.99999666
1.0
0.9999995
1.0
1.0
1.0
1.0
1.0
1.0
1.0
0.9999262
1.0
1.0
1.0
1.0
1.0
1.0
1.0
0.99996614
0.9999963
1.0
1.0
1.0
1.0
0.9999999
0.99999774
1.0
1.0
1.0
1.0
1.0
0.9999994
1.0
1.0
1.0
1.0
1.0
1.0
1.0
1.0
1.0
1.0
1.0
0.9999188
1.0
0.99979526
1.0
1.0
1.0
1.0
1.0
1.0
1.0
0.99998987
1.0
1.0
1.0
1.0
1.0
1.0
1.0
1.0
1.0
1.0
1.0
1.0
1.0
0.99999964
1.0
1.0
1.0
1.0
1.0
1.0
1.0
1.0
1.0
1.0
1.0
1.0
1.0
1.0
1.0
1.0
0.9999887
1.0
1.0
1.0
1.0
1.0
1.0
1.0
1.0
1.0
1.0
1.0
1.0
1.0
1.0
1.0
1.0
0.9999999
1.0
1.0
1.0
1.0
1.0
1.0
1.0
1.0
1.0
1.0
1.0
1.0
1.0
0.9999999
1.0
1.0
1.0
1.0
1.0
1.0
1.0
1.0
1.0
1.0
1.0
0.9999999
1.0
1.0
1.0
1.0
0.9999597
1.0
1.0
1.0
1.0
1.0
1.0
0.9999994
1.0
1.0
0.9999999
1.0
0.9999993
1.0
1.0
1.0
1.0
1.0
1.0
1.0
1.0
1.0
1.0
1.0
1.0
1.0
1.0
1.0
1.0
1.0
0.9999988
1.0
1.0
1.0
1.0
1.0
1.0
1.0
1.0
1.0
0.99999976
1.0
1.0
1.0
1.0
1.0
0.99999976
1.0
0.99999976
1.0
1.0
1.0
1.0
1.0
1.0
1.0
0.9999988
1.0
0.9999999
1.0
0.9999982
1.0
1.0
1.0
1.0
1.0
1.0
1.0
1.0
1.0
1.0
1.0
1.0
1.0
1.0
1.0
1.0
1.0
1.0
1.0
1.0
1.0
1.0
1.0
1.0
1.0
1.0
0.9999995
1.0
1.0
1.0
1.0
1.0
1.0
0.9999254
1.0
1.0
0.9999994
1.0
0.9999999
1.0
1.0
1.0
1.0
1.0
1.0
1.0
1.0
1.0
1.0
1.0
1.0
1.0
1.0
1.0
1.0
1.0
1.0
1.0
1.0
1.0
1.0
0.9998908
1.0
1.0
1.0
1.0
1.0
1.0
1.0
1.0
1.0
1.0
1.0
1.0
1.0
1.0
1.0
0.9999999
1.0
1.0
1.0
1.0
1.0
1.0
1.0
1.0
1.0
1.0
1.0
1.0
1.0
1.0
1.0
1.0
1.0
1.0
1.0
1.0
1.0
1.0
1.0
1.0
1.0
1.0
1.0
1.0
1.0
1.0
1.0
1.0
1.0
1.0
0.99999976
1.0
1.0
1.0
1.0
1.0
1.0
1.0
1.0
1.0
1.0
0.9999291
1.0
1.0
1.0
0.9999993
1.0
1.0
1.0
1.0
1.0
1.0
1.0
1.0
1.0
1.0
1.0
1.0
1.0
1.0
1.0
1.0
1.0
1.0
1.0
1.0
1.0
1.0
1.0
1.0
1.0
1.0
1.0
1.0
0.99999976
1.0
1.0
1.0
1.0
1.0
1.0
0.9999881
1.0
1.0
1.0
1.0
1.0
1.0
1.0
1.0
1.0
0.9999994
1.0
1.0
1.0
1.0
1.0
1.0
1.0
1.0
1.0
1.0
1.0
1.0
1.0
1.0
1.0
1.0
1.0
1.0
1.0
1.0
0.9999964
1.0
1.0
1.0
1.0
1.0
1.0
1.0
0.99999845
0.99993014
0.99999774
1.0
1.0
0.9999716
1.0
1.0
1.0
1.0
1.0
1.0
1.0
1.0
1.0
1.0
1.0
1.0
1.0
1.0
1.0
1.0
1.0
1.0
1.0
0.99984586
1.0
1.0
1.0
1.0
1.0
1.0
1.0
1.0
1.0
1.0
1.0
1.0
1.0
1.0
1.0
1.0
0.99999976
1.0
1.0
1.0
1.0
1.0
1.0
1.0
1.0
1.0
1.0
1.0
1.0
1.0
1.0
1.0
1.0
1.0
1.0
1.0
1.0
1.0
1.0
1.0
1.0
1.0
1.0
1.0
0.99999976
0.9999969
1.0
0.99999917
1.0
1.0
0.9999939
1.0
1.0
0.9999988
1.0
1.0
1.0
1.0
0.9990281
1.0
1.0
0.9999906
1.0
1.0
1.0
0.99999964
0.9999999
1.0
0.9999999
1.0
0.9999157
1.0
1.0
1.0
1.0
0.9999999
1.0
1.0
1.0
0.99999976
0.9999995
1.0
1.0
0.50269127
1.0
1.0
1.0
0.9999809
1.0
0.9999987
1.0
0.9997657
0.9998659
0.9985611
1.0
1.0
1.0
0.99999976
1.0
0.9999814
1.0
1.0
1.0
1.0
1.0
1.0
1.0
0.9999999
1.0
1.0
1.0
1.0
1.0
0.99999607
1.0
0.99999905
1.0
1.0
1.0
1.0
1.0
1.0
1.0
1.0
0.99997175
1.0
1.0
1.0
1.0
0.9999995
1.0
1.0
1.0
0.9999982
1.0
1.0
1.0
1.0
1.0
1.0
0.9957644
1.0
1.0
1.0
1.0
1.0
1.0
0.99999535
1.0
0.99999964
1.0
1.0
0.99991584
1.0
1.0
1.0
1.0
1.0
1.0
1.0
0.9999845
1.0
1.0
0.99999976
1.0
0.999959
0.99999976
1.0
1.0
1.0
0.999997
0.9999999
1.0
0.9955505
1.0
0.9999988
0.9999999
1.0
0.9999925
1.0
0.9994179
1.0
1.0
1.0
1.0
1.0
1.0
0.99133
1.0
0.99747235
0.99994266
0.9701063
1.0
1.0
0.999997
0.95330954
0.99967766
0.99999964
0.99995625
1.0
1.0
1.0
0.99999785
0.9999999
1.0
0.9999782
0.99996614
1.0
1.0
1.0
0.9999999
0.999998
1.0
1.0
0.9999956
1.0
0.9999989
0.99723583
1.0
0.99999976
1.0
1.0
0.99993
1.0
1.0
0.9999989
1.0
1.0
1.0
0.9999999
0.99999666
0.9999999
0.50783473
1.0
1.0
1.0
1.0
1.0
1.0
0.99999845
0.99997866
1.0
1.0
1.0
0.99999976
0.9712697
0.9997595
0.99998975
1.0
1.0
1.0
0.9988206
0.9999999
0.99999785
0.9999999
1.0
0.9999999
1.0
1.0
1.0
1.0
1.0
1.0
1.0
1.0
0.99999964
0.9999993
0.9999856
1.0
0.9999987
1.0
1.0
1.0
0.99999976
0.9999999
1.0
0.99999976
1.0
1.0
0.9999999
1.0
1.0
0.99999964
0.99999905
0.9999747
1.0
0.9999796
1.0
1.0
0.99999726
1.0
1.0
1.0
0.99995875
0.99999774
1.0
1.0
1.0
1.0
1.0
1.0
1.0
0.99999845
0.99983275
0.9999999
1.0
1.0
0.99999607
0.995581
1.0
1.0
1.0
1.0
1.0
1.0
0.9993862
1.0
1.0
1.0
1.0
0.9999999
0.9875244
1.0
0.9069836
1.0
1.0
0.9999999
1.0
1.0
1.0
0.9999999
1.0
0.9998331
1.0
0.9999207
0.99999666
1.0
1.0
1.0
1.0
1.0
0.99999344
1.0
1.0
1.0
0.5683546
0.99990845
1.0
0.9999993
1.0
1.0
1.0
1.0
0.99999225
1.0
1.0
1.0
1.0
1.0
1.0
1.0
0.99999225
1.0
1.0
0.99900275
1.0
1.0
1.0
0.99999976
1.0
1.0
1.0
1.0
1.0
1.0
1.0
1.0
1.0
1.0
1.0
1.0
0.99986184
1.0
1.0
0.9999858
0.9999995
1.0
1.0
1.0
1.0
1.0
1.0
0.52291065
0.9997912
0.9999982
1.0
1.0
1.0
1.0
1.0
0.999527
1.0
1.0
0.99581194
1.0
1.0
1.0
1.0
0.9999999
0.999992
1.0
0.99998
1.0
1.0
1.0
1.0
1.0
1.0
1.0
1.0
0.99999976
1.0
1.0
1.0
1.0
1.0
1.0
0.999998
1.0
1.0
1.0
1.0
0.9989442
1.0
1.0
1.0
0.99921596
0.99999964
1.0
1.0
1.0
0.98694324
1.0
0.9999659
0.99992704
1.0
0.9999988
1.0
1.0
1.0
1.0
1.0
1.0
1.0
1.0
0.99999964
0.9999999
0.91861004
0.9999957
0.99999297
1.0
1.0
1.0
1.0
1.0
0.9999999
0.9999988
1.0
1.0
0.9999999
1.0
0.9999999
0.9999999
1.0
1.0
0.9998996
1.0
0.9999999
1.0
1.0
1.0
1.0
1.0
1.0
1.0
1.0
1.0
1.0
1.0
1.0
1.0
1.0
1.0
0.99999857
0.9999982
1.0
0.9999999
1.0
1.0
1.0
1.0
1.0
1.0
1.0
1.0
1.0
1.0
0.9999999
1.0
1.0
1.0
1.0
1.0
1.0
1.0
1.0
1.0
1.0
0.9999995
1.0
1.0
1.0
1.0
1.0
1.0
1.0
1.0
1.0
1.0
0.99999976
1.0
0.9999999
1.0
1.0
0.9999995
0.51917243
1.0
1.0
1.0
1.0
1.0
1.0
1.0
1.0
1.0
1.0
0.9999999
1.0
1.0
1.0
1.0
1.0
1.0
