1.0
1.0
1.0
0.9999589
1.0
0.9999999
0.9999982
1.0
0.9991904
1.0
1.0
1.0
0.99999845
1.0
1.0
0.9999999
0.99999845
1.0
0.9651568
1.0
0.99999917
1.0
1.0
1.0
1.0
0.99999964
0.9999999
1.0
0.9999969
1.0
1.0
0.9999982
0.9999994
0.9999982
1.0
1.0
0.9999999
0.9999999
0.99999964
0.9999994
1.0
1.0
0.9999987
0.99999654
0.99999416
1.0
0.99996805
1.0
0.9999639
1.0
1.0
1.0
1.0
1.0
1.0
1.0
1.0
1.0
0.99999976
0.9999976
0.9999981
1.0
0.97598594
0.9999989
1.0
0.99999917
0.9999999
1.0
1.0
1.0
1.0
1.0
1.0
0.99965453
0.99999714
1.0
1.0
1.0
0.9999918
1.0
0.9999981
1.0
1.0
1.0
1.0
1.0
1.0
0.9999832
1.0
0.9999999
1.0
1.0
0.9759208
0.99987626
0.9999993
0.9995167
0.99926883
0.9999999
1.0
1.0
1.0
1.0
1.0
1.0
0.9999988
1.0
1.0
0.99999785
0.9999999
1.0
1.0
0.99999607
1.0
1.0
1.0
0.9999651
1.0
1.0
0.9999994
0.9982247
1.0
0.9999999
0.99999964
1.0
0.99997437
0.99990726
0.9999931
1.0
1.0
1.0
1.0
0.9999995
1.0
0.9999999
1.0
1.0
1.0
0.9999999
1.0
0.99999976
1.0
1.0
1.0
1.0
1.0
0.9999999
1.0
1.0
1.0
0.9994436
1.0
0.9923185
1.0
1.0
0.9999999
1.0
1.0
1.0
0.99990416
1.0
0.9996561
1.0
1.0
1.0
1.0
1.0
1.0
0.9999987
1.0
1.0
1.0
0.9998889
1.0
0.9999989
1.0
0.99999046
1.0
1.0
1.0
1.0
0.9999999
1.0
1.0
1.0
0.99955004
0.99999726
1.0
1.0
1.0
0.9999958
0.9999696
0.99999166
1.0
0.99692047
0.9999999
0.99994123
0.9999912
0.99999964
1.0
0.99966824
0.9999994
1.0
1.0
0.9999999
1.0
1.0
0.9999896
1.0
1.0
0.9985518
1.0
0.9998939
0.9999999
1.0
0.9999907
0.9999995
1.0
0.99729174
1.0
1.0
0.99998355
0.9999838
0.9999987
1.0
1.0
1.0
0.9999982
1.0
1.0
1.0
0.99999964
1.0
0.9999999
0.9999999
1.0
0.9999999
1.0
1.0
1.0
1.0
1.0
0.9998354
0.999948
1.0
0.9999999
0.9999784
1.0
0.97635025
0.9999988
1.0
0.9999639
0.9999976
1.0
1.0
1.0
0.9999927
0.99999976
0.9999999
1.0
0.63171124
1.0
1.0
1.0
1.0
0.9999502
1.0
0.9996685
1.0
0.9999993
1.0
0.9999896
0.9999865
0.99999976
0.99999976
0.9999999
1.0
1.0
0.9999999
1.0
1.0
0.9999999
1.0
0.9998498
1.0
0.99999964
1.0
0.99999726
0.9999584
0.9999999
1.0
0.99805343
0.99999964
0.9998266
1.0
1.0
1.0
1.0
0.9999989
1.0
1.0
1.0
0.9999999
1.0
1.0
1.0
0.9999995
1.0
1.0
0.99999976
1.0
1.0
0.9999995
0.99999976
0.999992
1.0
1.0
0.9999981
1.0
0.9999994
1.0
0.9969097
0.9951197
0.9999999
1.0
0.9998518
1.0
0.9990652
1.0
1.0
1.0
1.0
1.0
1.0
0.9999999
1.0
1.0
0.99903893
0.9998976
1.0
0.99999547
0.8438019
0.9999999
1.0
0.99999905
0.9999999
1.0
0.99999976
1.0
1.0
1.0
0.99994934
1.0
0.99999976
0.99999666
1.0
0.9999994
1.0
0.9999999
0.9993531
0.91827786
1.0
1.0
0.9998161
0.99999976
1.0
1.0
0.9999461
1.0
0.999696
1.0
1.0
1.0
0.9999995
1.0
1.0
1.0
1.0
1.0
1.0
1.0
1.0
0.9843657
1.0
1.0
1.0
1.0
0.9999987
1.0
1.0
0.999992
0.99999917
0.99999845
1.0
0.9999989
0.9999982
1.0
1.0
1.0
1.0
1.0
0.9999925
1.0
1.0
0.99996746
0.99998176
0.9999999
0.9999995
1.0
0.99999964
0.99999857
1.0
0.9999994
0.9999949
1.0
0.99999964
0.9999964
1.0
0.9971872
1.0
1.0
1.0
1.0
0.99999976
1.0
1.0
1.0
1.0
0.9999999
1.0
1.0
1.0
1.0
0.9999995
1.0
1.0
0.99997926
1.0
1.0
0.9999999
0.99999976
1.0
0.99999726
0.99999976
1.0
0.9991973
0.9652063
0.999998
0.7633571
0.9996371
0.9686631
0.9871164
1.0
0.99999976
1.0
0.9999999
1.0
0.99998224
0.9999491
1.0
0.99999976
0.99997246
1.0
0.99999976
1.0
0.99999976
0.9999999
1.0
0.9999999
1.0
1.0
1.0
1.0
1.0
1.0
1.0
1.0
1.0
1.0
0.999998
0.99997425
1.0
1.0
0.9999999
1.0
1.0
1.0
1.0
0.9999999
1.0
1.0
0.9999819
1.0
0.9999995
1.0
1.0
0.9675731
1.0
0.9949368
0.999997
1.0
1.0
1.0
1.0
1.0
0.99999917
1.0
1.0
0.9999877
0.99999416
1.0
1.0
0.9999999
1.0
1.0
1.0
1.0
1.0
1.0
1.0
1.0
1.0
0.99999905
1.0
0.9999962
0.9999999
1.0
0.9999994
0.9999999
0.9999999
1.0
0.9999758
0.99999976
1.0
1.0
0.9999999
1.0
1.0
1.0
1.0
0.9999945
1.0
1.0
0.9999865
0.9896617
1.0
1.0
1.0
0.999995
1.0
1.0
1.0
0.99869746
0.9966305
1.0
1.0
1.0
1.0
0.99992573
0.99999917
0.99999905
1.0
0.99999475
1.0
1.0
1.0
1.0
1.0
1.0
1.0
0.99999976
1.0
0.9995497
1.0
0.99999976
1.0
0.99999833
0.99999976
1.0
1.0
1.0
0.99999833
1.0
0.7623723
0.80117315
0.9999927
1.0
1.0
0.99999964
1.0
1.0
1.0
0.99855584
1.0
0.9996389
0.9999999
1.0
1.0
0.9999933
1.0
0.9999999
1.0
0.99999976
1.0
0.9999994
1.0
1.0
1.0
1.0
1.0
1.0
1.0
0.999997
1.0
0.9999887
1.0
0.9999975
0.99999976
1.0
0.9999937
0.81350064
0.9999994
1.0
1.0
1.0
0.99999607
0.99747485
1.0
0.9999999
1.0
0.99997985
1.0
1.0
1.0
1.0
1.0
0.9999896
1.0
0.9999987
1.0
0.9999968
0.9999739
1.0
0.99991524
1.0
1.0
0.99996424
0.99802715
1.0
1.0
1.0
0.9999993
1.0
1.0
1.0
1.0
1.0
1.0
1.0
0.9999783
0.40315816
1.0
0.9999968
1.0
1.0
1.0
1.0
1.0
0.99999964
1.0
1.0
1.0
0.99999785
1.0
0.9999969
0.9756511
1.0
0.9999994
0.99999917
0.9999932
0.99999964
1.0
1.0
1.0
0.9999999
0.97102845
0.99999535
1.0
1.0
0.9999981
0.9999845
1.0
0.99987245
1.0
0.99999964
1.0
1.0
0.99999976
1.0
1.0
0.9999994
0.99997723
0.99999976
1.0
1.0
1.0
1.0
1.0
0.9999603
1.0
1.0
1.0
1.0
0.9999987
1.0
1.0
0.99999404
0.56282
0.59589094
1.0
1.0
0.9998412
1.0
1.0
0.9999635
1.0
1.0
0.989183
1.0
0.99999917
0.9999999
0.99999964
1.0
1.0
1.0
1.0
1.0
0.9996511
0.99999917
0.99997723
0.9999993
0.9116944
0.9999994
1.0
1.0
1.0
0.9999999
0.9999887
1.0
1.0
1.0
0.9999999
1.0
1.0
1.0
1.0
0.9999999
0.9999999
1.0
1.0
1.0
0.99998426
0.99938524
0.999972
1.0
1.0
1.0
1.0
1.0
1.0
0.99999964
1.0
0.9999809
0.99999917
1.0
1.0
1.0
1.0
0.9999999
1.0
1.0
0.99994934
0.9999769
0.9999995
1.0
0.9999999
0.9999987
0.9997762
1.0
1.0
0.999846
0.99998975
0.9999988
1.0
1.0
1.0
1.0
1.0
0.9999875
0.99999964
1.0
0.99993145
0.9999999
1.0
1.0
0.9999869
1.0
1.0
1.0
1.0
1.0
0.9999993
1.0
1.0
0.99894947
1.0
1.0
0.9999969
0.9999999
0.9999994
1.0
1.0
1.0
1.0
0.99996233
1.0
1.0
0.9999999
1.0
1.0
0.99999
1.0
0.99999857
1.0
0.9999939
0.9999987
1.0
1.0
1.0
1.0
0.999268
0.9999931
1.0
1.0
1.0
0.53703
0.99999976
0.94425154
1.0
1.0
1.0
1.0
1.0
1.0
1.0
0.9999995
1.0
1.0
0.9999989
1.0
0.9999993
1.0
1.0
1.0
1.0
1.0
1.0
0.9999826
1.0
1.0
1.0
0.99994314
1.0
0.99999714
1.0
0.9999864
0.9999993
1.0
0.9999552
0.9999945
1.0
1.0
0.59958655
0.650494
0.58284664
1.0
0.99998415
1.0
1.0
0.9999958
1.0
0.9999994
1.0
1.0
1.0
0.99999976
0.9967057
0.99989045
1.0
0.99999845
1.0
0.9975078
0.9999999
0.9999753
0.99992704
1.0
1.0
0.99999964
1.0
1.0
0.9999943
1.0
1.0
1.0
1.0
1.0
1.0
0.9999763
1.0
0.9999989
1.0
1.0
1.0
0.99999976
1.0
0.7357489
1.0
0.99997747
1.0
1.0
1.0
1.0
1.0
0.99999964
1.0
1.0
1.0
0.997214
1.0
0.6846275
0.9997615
0.999928
1.0
1.0
0.9999999
0.99999964
1.0
0.9999999
0.95538163
1.0
0.9999988
0.999995
0.9999988
1.0
1.0
1.0
0.99999976
0.9797617
0.9999995
0.99628985
1.0
1.0
1.0
0.99999666
0.9999999
0.9999999
0.9954579
0.9999974
1.0
1.0
0.9999423
1.0
1.0
1.0
1.0
1.0
1.0
1.0
0.9999988
1.0
0.9999995
1.0
0.99999976
0.9999995
1.0
0.9999999
1.0
0.99999833
1.0
1.0
1.0
1.0
1.0
0.9999988
1.0
0.9999603
0.9999994
1.0
1.0
0.9999995
0.9999995
1.0
0.9999999
0.99999774
1.0
0.9999795
1.0
0.9999876
0.9999999
0.9999995
1.0
0.9999994
0.99999976
0.9999999
0.9999975
1.0
1.0
1.0
1.0
1.0
0.9999995
1.0
0.9999999
0.9999641
1.0
0.9999999
1.0
0.9999722
1.0
0.9999981
1.0
1.0
0.9999962
0.99999535
0.9969928
1.0
1.0
1.0
1.0
1.0
0.62008077
1.0
1.0
0.99998975
1.0
0.9999083
0.94141114
1.0
1.0
1.0
1.0
0.99999976
0.99998975
0.9999994
1.0
1.0
0.99999785
1.0
1.0
1.0
0.9999995
0.99999964
0.9999839
0.9999559
1.0
1.0
1.0
1.0
1.0
0.99997425
0.9999962
1.0
0.99999964
0.9999831
1.0
1.0
1.0
1.0
1.0
1.0
1.0
1.0
0.9999894
0.9999999
1.0
1.0
1.0
1.0
1.0
1.0
1.0
0.9999831
1.0
1.0
1.0
1.0
0.99999964
0.9999999
1.0
0.9999994
1.0
1.0
0.99995136
1.0
1.0
1.0
1.0
1.0
0.99158114
0.99999964
1.0
1.0
1.0
0.8829029
1.0
0.98720527
1.0
1.0
1.0
0.99999976
0.9999999
1.0
0.990022
0.9999994
1.0
0.99999976
1.0
1.0
1.0
0.9998697
0.9999999
0.99998474
1.0
1.0
0.9999995
1.0
1.0
0.99999976
1.0
0.9999962
1.0
1.0
0.9999999
1.0
0.99999964
1.0
0.9999995
1.0
0.9998807
0.99999845
1.0
0.9999982
1.0
0.99999726
0.9997509
0.9999993
1.0
0.9999995
1.0
1.0
1.0
1.0
0.9999994
1.0
1.0
0.999681
1.0
0.9998759
1.0
1.0
0.9999472
1.0
1.0
1.0
0.9999502
1.0
1.0
1.0
1.0
0.9999976
1.0
0.99999964
0.99756914
0.86898035
1.0
0.9999999
0.9999999
1.0
0.9999999
0.9999999
1.0
1.0
0.9987006
0.99985754
1.0
1.0
0.9999995
0.9999995
0.99999976
1.0
0.99999917
0.9999999
1.0
0.99900347
1.0
0.9999665
1.0
0.9997582
1.0
0.99999976
0.9999732
1.0
0.99999905
0.99999845
1.0
0.99999607
1.0
0.9999951
0.99999595
1.0
0.9999999
1.0
0.9999999
1.0
0.9999987
0.9999641
1.0
0.8916519
1.0
0.9999393
1.0
1.0
0.9999987
0.99441624
1.0
0.9999989
1.0
0.9999999
0.99999976
1.0
0.9999863
0.999998
1.0
0.93362534
0.9999999
0.99999774
1.0
0.9999999
0.95584995
0.9998653
1.0
1.0
0.9999989
1.0
0.9999999
1.0
1.0
0.9998673
1.0
1.0
0.99996305
0.9620838
1.0
1.0
0.9995497
0.99999976
1.0
1.0
1.0
1.0
1.0
0.99999976
1.0
1.0
0.9958646
1.0
1.0
1.0
1.0
1.0
0.99999917
1.0
0.9999957
0.9999554
1.0
1.0
1.0
1.0
0.9999993
0.9999995
0.9999565
0.9983644
1.0
0.99999
1.0
0.9999999
1.0
0.9996511
1.0
1.0
0.99971503
1.0
0.9999964
0.9999907
0.9999999
1.0
1.0
1.0
1.0
0.99999976
1.0
0.99999917
0.9999999
0.9999995
1.0
1.0
0.9998716
1.0
1.0
0.9999962
0.98162776
1.0
1.0
1.0
1.0
1.0
0.9999999
0.99921346
1.0
0.99951375
1.0
0.99840564
0.9999994
1.0
0.9999999
0.9999982
0.9999995
1.0
0.99972993
0.9999999
0.99996114
1.0
1.0
1.0
1.0
0.99999785
0.9999995
1.0
0.99999046
0.9999999
0.99999917
1.0
0.99999976
1.0
1.0
1.0
1.0
0.99999833
1.0
1.0
1.0
1.0
1.0
1.0
1.0
0.99279684
0.99999964
0.99999976
1.0
1.0
1.0
1.0
1.0
1.0
1.0
1.0
1.0
1.0
0.9999126
0.9999647
1.0
1.0
1.0
1.0
0.99998796
1.0
0.99992216
1.0
1.0
1.0
1.0
0.9999999
0.99878067
1.0
0.99668044
0.99890685
0.9999912
1.0
0.9999629
0.9999969
0.9999999
0.9999981
1.0
0.9992405
0.9994216
0.99998105
1.0
1.0
1.0
0.99999475
1.0
1.0
0.99997246
1.0
0.99999964
0.4587402
0.81493163
1.0
0.9999999
1.0
1.0
1.0
1.0
1.0
0.99999225
1.0
0.9916374
1.0
0.99999714
0.9999865
0.99915445
1.0
1.0
1.0
1.0
1.0
0.9999443
0.9980725
1.0
0.9957775
0.9999684
0.99999976
0.9996965
1.0
1.0
0.9999635
0.9999999
1.0
1.0
0.9999999
1.0
1.0
1.0
1.0
0.9997918
1.0
0.9999995
1.0
1.0
0.9999999
0.94106764
1.0
1.0
1.0
1.0
0.99999833
1.0
1.0
0.9999999
0.9999993
0.9999721
1.0
1.0
0.99999976
0.9999999
1.0
0.99999344
1.0
1.0
1.0
1.0
1.0
1.0
0.99998975
1.0
1.0
1.0
1.0
1.0
0.9999999
0.9999999
0.99999976
1.0
0.99987316
1.0
0.99999976
1.0
0.9999974
1.0
1.0
0.99999964
0.9987017
0.9999999
0.9999713
1.0
0.9999999
0.9999993
1.0
1.0
0.99978894
0.9999852
0.9999994
1.0
0.9999999
1.0
0.99999535
0.9999869
0.99999833
1.0
0.9999999
1.0
0.99993634
1.0
0.9797529
0.99981385
0.9999999
1.0
1.0
0.605123
1.0
1.0
0.9147412
0.9999269
1.0
0.99997807
1.0
1.0
1.0
1.0
1.0
1.0
1.0
1.0
1.0
0.9999975
1.0
1.0
1.0
0.9999982
0.99999964
0.9981863
1.0
0.9995499
1.0
0.8363336
0.98368925
1.0
1.0
1.0
0.9994068
0.9879373
1.0
1.0
0.9999945
1.0
1.0
0.9999995
0.99999535
1.0
1.0
0.9963407
0.9978764
1.0
1.0
0.9999993
1.0
1.0
0.9999801
1.0
1.0
0.9999933
1.0
0.9999845
1.0
0.9999933
1.0
1.0
1.0
0.9996339
1.0
1.0
0.99999917
1.0
1.0
1.0
0.99999917
0.99998605
1.0
1.0
1.0
1.0
0.96783745
0.9999988
1.0
0.9999999
1.0
1.0
0.99999976
0.9995988
1.0
0.9987627
1.0
0.61717695
1.0
0.9999993
0.9999863
1.0
1.0
1.0
0.99999917
1.0
0.9999691
0.7618069
1.0
1.0
0.9999999
1.0
0.999992
0.9999964
0.9999999
1.0
1.0
0.9999937
1.0
1.0
0.99999
1.0
1.0
0.99992335
0.9999994
1.0
0.9999999
0.9994381
1.0
1.0
1.0
1.0
1.0
1.0
0.99999976
0.9999999
0.9999999
1.0
1.0
1.0
0.9798606
1.0
1.0
1.0
1.0
0.99999976
0.99999976
1.0
1.0
1.0
1.0
1.0
1.0
0.9998921
1.0
1.0
0.9999995
0.99996674
1.0
0.98356265
0.9999981
1.0
0.9972697
1.0
0.9817577
1.0
1.0
0.94869274
0.9999436
1.0
1.0
1.0
0.8205786
0.9999999
0.9999999
0.99998915
1.0
0.9997358
1.0
1.0
1.0
0.9999987
0.99999785
0.9999962
1.0
1.0
1.0
0.9999974
0.9999715
1.0
1.0
1.0
0.99999964
0.99999833
1.0
0.9780382
1.0
0.99999976
0.99999964
1.0
1.0
1.0
1.0
0.8487744
0.99999726
1.0
1.0
0.9992048
0.98552066
0.9999999
1.0
0.9999999
1.0
1.0
0.9999999
0.9999933
0.9999498
1.0
0.9999969
1.0
1.0
1.0
0.99999976
0.98243606
1.0
0.9999999
0.99999785
1.0
1.0
1.0
1.0
1.0
0.99999845
1.0
0.98801965
1.0
1.0
0.9999933
1.0
1.0
0.9910465
0.99999547
1.0
0.99999833
1.0
0.99999714
0.9999542
0.9999999
0.99999976
1.0
0.99996173
0.9999999
1.0
1.0
1.0
0.9999902
1.0
0.9999989
0.9998876
0.9995902
0.9999926
1.0
1.0
1.0
1.0
1.0
1.0
0.9999993
0.9999808
1.0
1.0
0.9998235
1.0
1.0
0.99999976
0.99999845
0.9270344
1.0
1.0
0.99999976
1.0
1.0
0.9999999
0.99999785
0.9999989
1.0
0.999146
0.9999975
1.0
0.9999999
1.0
1.0
0.99999833
0.9999999
0.9978046
0.999941
1.0
0.99999034
0.9999999
0.9999974
1.0
1.0
1.0
1.0
0.9999999
0.99999857
1.0
1.0
0.9995415
0.99999964
1.0
0.99999654
0.9999999
1.0
0.999418
0.9999982
1.0
0.9999999
0.99999964
1.0
0.99999917
1.0
0.99999976
0.9999999
0.99993455
0.99999964
1.0
0.99999976
1.0
0.9999907
0.9999956
1.0
1.0
0.99993706
1.0
1.0
0.9999982
0.999998
0.9999995
0.99998856
1.0
0.99999976
0.9999999
0.9999976
1.0
1.0
1.0
0.99999213
1.0
1.0
1.0
0.99953103
1.0
1.0
0.99959475
0.9999995
1.0
0.99182
1.0
1.0
1.0
1.0
1.0
1.0
0.65424746
1.0
0.9999703
1.0
0.999997
0.94792753
0.9999993
1.0
1.0
1.0
0.9999999
0.9999999
1.0
1.0
1.0
1.0
0.99999857
0.99999976
1.0
1.0
0.99945444
0.9998344
0.99964
0.9956956
1.0
0.8347724
0.9999994
1.0
1.0
1.0
1.0
0.9411847
0.9999999
1.0
1.0
1.0
1.0
0.99999964
1.0
1.0
0.9999962
1.0
1.0
1.0
1.0
1.0
0.9999995
1.0
0.9999969
1.0
1.0
0.9999975
0.99999964
1.0
1.0
1.0
1.0
1.0
1.0
0.9999975
0.99999785
0.9999988
1.0
1.0
1.0
0.99999976
0.9999863
0.99999785
1.0
0.99994195
1.0
0.9992761
1.0
1.0
0.9999969
1.0
0.99999774
0.99991095
0.9994012
0.99999964
1.0
1.0
1.0
1.0
1.0
1.0
1.0
1.0
1.0
1.0
0.9999876
0.9999976
1.0
0.9999989
1.0
0.99998844
1.0
1.0
0.9999678
1.0
1.0
1.0
1.0
1.0
0.8917982
1.0
0.999998
1.0
1.0
0.99807775
0.99992824
0.99997103
1.0
1.0
0.99999964
0.99996233
0.9999933
0.9999999
0.9999993
1.0
0.9999869
0.99998164
1.0
0.9999994
1.0
1.0
1.0
1.0
0.99999774
1.0
0.99999976
0.9999999
1.0
1.0
1.0
1.0
0.99999976
0.99999964
0.99975663
1.0
0.5294377
1.0
1.0
1.0
1.0
0.99999297
0.9907046
0.9999094
1.0
0.99999976
1.0
0.99999976
1.0
1.0
1.0
0.9999989
1.0
0.81829673
0.99999917
0.99999964
1.0
1.0
0.9915486
0.9999999
0.9999999
0.97813123
0.9999349
0.9999999
1.0
0.9998894
0.99994457
0.99999917
0.9999989
1.0
0.9999865
0.5712803
1.0
1.0
1.0
1.0
0.9712678
1.0
0.99998796
0.9999993
1.0
0.9999989
1.0
0.9999949
1.0
1.0
0.9999882
1.0
0.95946
0.9999944
1.0
1.0
0.99999976
1.0
1.0
1.0
1.0
1.0
1.0
1.0
1.0
1.0
0.99809533
1.0
1.0
0.99999714
1.0
0.999997
0.9999231
0.9999968
1.0
0.9970592
0.99999976
1.0
1.0
1.0
0.99953103
0.999998
1.0
0.9999962
1.0
1.0
0.9999958
0.9997514
0.9999987
0.8664477
1.0
0.98687047
1.0
1.0
1.0
0.9999678
1.0
0.99999607
0.9997521
1.0
0.63602394
1.0
1.0
1.0
1.0
1.0
1.0
1.0
1.0
1.0
1.0
0.8205782
0.99123245
0.99999547
1.0
1.0
1.0
0.7219977
0.9999609
1.0
0.9999956
1.0
1.0
1.0
1.0
0.99999976
1.0
1.0
1.0
0.99999785
0.99997914
0.99999917
0.9999993
1.0
1.0
0.99998224
1.0
0.99999964
1.0
0.99999917
0.9999738
1.0
1.0
0.9999304
0.99999964
1.0
1.0
1.0
0.99945456
1.0
0.99997425
0.9999995
1.0
1.0
1.0
1.0
0.99930024
1.0
1.0
1.0
1.0
1.0
1.0
0.9999999
0.529481
1.0
1.0
0.91482854
0.9982956
1.0
0.9999802
0.98435867
1.0
1.0
1.0
0.9999999
1.0
0.99996805
1.0
0.9999999
0.99926144
1.0
0.9998956
1.0
1.0
1.0
0.9999999
1.0
1.0
1.0
1.0
0.9999995
1.0
1.0
0.99998665
1.0
1.0
0.9925662
0.99999917
1.0
1.0
1.0
1.0
0.9999995
0.99999
1.0
0.99999774
0.97594243
0.99999964
1.0
1.0
1.0
1.0
1.0
0.9999831
1.0
0.99999857
0.9999999
1.0
0.9999771
1.0
1.0
1.0
1.0
0.99999547
1.0
0.99999917
1.0
1.0
1.0
0.9999994
1.0
0.9999999
1.0
1.0
1.0
1.0
1.0
1.0
1.0
0.9999925
0.9999999
1.0
0.9999999
1.0
1.0
1.0
1.0
0.96028125
1.0
0.9999987
1.0
1.0
1.0
0.9996227
1.0
1.0
1.0
0.9991235
0.9999999
1.0
0.99999964
0.9727666
1.0
1.0
1.0
0.9999995
1.0
0.9999999
1.0
0.99999034
1.0
1.0
1.0
0.9999249
0.6250467
1.0
1.0
0.9999225
1.0
1.0
0.9999548
0.99999917
1.0
0.99999595
1.0
1.0
1.0
1.0
1.0
0.6729788
0.99999905
1.0
1.0
1.0
0.9999999
0.9999982
1.0
1.0
1.0
0.996212
1.0
0.9999825
1.0
1.0
1.0
0.9999882
1.0
0.9996656
0.99997234
1.0
0.6740797
1.0
1.0
1.0
1.0
1.0
1.0
1.0
1.0
0.99999714
0.9999999
1.0
1.0
0.9999999
0.58620656
1.0
1.0
1.0
1.0
1.0
1.0
1.0
0.9999987
1.0
1.0
1.0
0.99999654
1.0
1.0
0.99998164
1.0
1.0
1.0
1.0
1.0
1.0
1.0
0.99999475
1.0
1.0
0.7065477
0.99989593
0.9998965
1.0
1.0
1.0
1.0
1.0
0.9999876
0.9999608
1.0
0.9401961
1.0
0.9998
1.0
1.0
1.0
0.99996626
0.99635494
0.9999999
1.0
1.0
1.0
0.9999995
0.9999857
0.9999999
0.99999666
0.9999999
1.0
0.9996087
1.0
1.0
1.0
1.0
0.9999999
0.99999666
1.0
0.9271319
1.0
0.99958867
0.9999974
1.0
1.0
0.9999999
1.0
0.57573676
0.9999883
1.0
0.99997985
1.0
0.9999999
0.9999999
0.99999964
0.9999604
0.99999976
1.0
0.99999213
0.9999689
1.0
1.0
1.0
1.0
1.0
1.0
0.99910563
0.99998796
1.0
1.0
0.9992867
0.9999999
1.0
1.0
0.9999968
1.0
1.0
0.99999964
1.0
1.0
0.99909985
0.99934024
0.99999917
0.99993324
1.0
1.0
1.0
0.7502553
0.9999174
1.0
0.9999894
1.0
0.99999785
0.99999964
1.0
0.8865405
1.0
0.99996054
1.0
1.0
1.0
1.0
1.0
1.0
1.0
0.9999865
0.9998534
0.99999964
1.0
1.0
0.9999999
0.99999666
1.0
0.9999995
0.99999917
0.99999976
1.0
0.9999999
1.0
1.0
1.0
0.9846333
0.99999976
1.0
1.0
1.0
1.0
1.0
1.0
0.99999976
0.9999989
1.0
1.0
1.0
1.0
1.0
1.0
0.99999845
1.0
0.999995
1.0
1.0
1.0
1.0
1.0
0.9999993
1.0
0.99150825
1.0
0.9997495
1.0
1.0
1.0
1.0
0.9999738
0.9999995
0.9999474
1.0
0.99999654
0.99999976
0.99999964
0.99973375
1.0
1.0
1.0
0.9999913
0.9999838
0.8823365
0.99999976
1.0
1.0
1.0
1.0
0.99999964
1.0
0.9999999
0.9999995
1.0
1.0
1.0
1.0
0.9955569
1.0
1.0
0.9999969
0.9999999
1.0
1.0
1.0
0.9999982
0.9999969
1.0
0.99999964
0.99608827
1.0
0.9999999
1.0
1.0
1.0
1.0
1.0
1.0
0.9999982
0.9999995
0.9999962
1.0
0.99996734
1.0
1.0
0.9999999
0.9999999
0.99945325
1.0
1.0
1.0
0.9960296
1.0
1.0
1.0
1.0
1.0
1.0
0.999998
0.99999344
1.0
0.99999976
0.9999999
0.9999969
1.0
0.9999832
0.94293934
1.0
0.99998534
1.0
1.0
0.9999994
1.0
1.0
1.0
1.0
0.999686
1.0
0.9999988
0.99966526
1.0
0.99996734
1.0
1.0
1.0
1.0
1.0
0.99987936
1.0
0.9999825
1.0
1.0
0.99999964
0.9999982
1.0
1.0
1.0
1.0
0.9999956
0.9989737
0.9522717
1.0
1.0
1.0
0.9939442
0.9999993
0.9999999
0.99999535
1.0
1.0
0.99999905
0.9999994
1.0
1.0
0.9999999
1.0
1.0
0.99935013
0.9999999
1.0
0.9999927
0.9999999
1.0
0.9931283
1.0
0.99999976
1.0
1.0
0.9996147
1.0
1.0
1.0
1.0
1.0
1.0
1.0
1.0
0.9999926
1.0
0.99999833
0.99999857
0.9999999
0.99999726
0.9999999
1.0
1.0
1.0
0.9888736
1.0
1.0
1.0
1.0
0.9999999
0.99999833
0.9999995
0.9999975
1.0
1.0
0.99999833
1.0
1.0
1.0
0.9999999
1.0
0.99989367
1.0
1.0
1.0
1.0
1.0
1.0
1.0
0.9999918
0.99999917
0.99814546
1.0
1.0
1.0
1.0
1.0
1.0
1.0
0.9849504
1.0
1.0
1.0
1.0
0.99993443
0.9999999
0.9432786
0.9999999
1.0
1.0
1.0
1.0
1.0
1.0
1.0
1.0
0.99955374
0.99999964
0.9999995
1.0
0.9999982
0.99999964
0.9999999
1.0
1.0
0.9999999
0.9999981
1.0
0.83762044
0.99999964
1.0
1.0
1.0
1.0
1.0
0.9999974
0.9999906
0.9999999
1.0
0.9999988
0.99997795
0.99999976
0.9999523
1.0
0.9947988
1.0
0.999718
0.9998827
1.0
1.0
1.0
1.0
1.0
1.0
1.0
0.9999831
0.8727484
0.8948063
1.0
1.0
1.0
1.0
1.0
0.99999857
0.9992674
1.0
0.99978477
0.9999994
0.99999917
1.0
1.0
1.0
1.0
0.99999976
1.0
1.0
1.0
0.9999994
1.0
1.0
0.9999999
1.0
1.0
1.0
1.0
0.99999976
1.0
0.9999995
1.0
0.9925885
1.0
1.0
1.0
1.0
0.9999999
1.0
0.9999912
0.99999547
0.99999964
1.0
0.9999881
0.99999976
1.0
0.9999924
0.9999993
1.0
1.0
0.9999789
0.9999292
0.999941
0.99999857
0.99976605
1.0
0.9999968
0.99999845
0.9999999
0.99999416
0.9999993
0.9999995
0.9999999
0.99999726
1.0
0.99952364
1.0
1.0
1.0
1.0
1.0
0.9999995
0.9999404
1.0
0.99999917
1.0
0.99999964
1.0
1.0
0.9999931
0.9676597
1.0
0.9999982
0.9999372
1.0
1.0
1.0
0.9999815
1.0
0.99479043
1.0
1.0
0.9974699
0.99993265
1.0
1.0
1.0
0.9999999
1.0
1.0
1.0
0.9999999
0.99999964
1.0
0.99999607
0.99999917
1.0
0.99999845
1.0
0.9999999
1.0
0.99999475
0.9999999
1.0
1.0
1.0
1.0
1.0
1.0
1.0
0.999995
1.0
1.0
0.99987745
1.0
0.99955004
1.0
1.0
1.0
0.9999994
1.0
0.99990714
1.0
1.0
0.9999987
0.99998486
1.0
0.9999999
1.0
0.99980015
1.0
1.0
0.9999993
0.9999999
0.99975985
0.99997616
1.0
1.0
1.0
1.0
0.98463166
1.0
0.9999999
0.99999976
0.99997914
0.99999726
0.9457779
1.0
0.9999982
0.999931
1.0
0.9999999
1.0
1.0
1.0
0.9999999
0.99999666
0.99876946
0.99224806
0.9999559
1.0
1.0
0.9999993
0.9999999
0.9999238
0.99997175
1.0
1.0
1.0
1.0
1.0
0.96898156
0.5926744
0.99999976
1.0
0.99999976
1.0
1.0
0.9998957
0.9999994
0.99997807
0.9999994
1.0
0.9999995
1.0
0.9995239
1.0
1.0
1.0
0.9999584
1.0
0.9959215
1.0
1.0
1.0
0.99999166
0.99999976
1.0
0.9996598
1.0
0.9999981
1.0
1.0
1.0
0.99999976
0.999997
1.0
1.0
1.0
0.9996019
0.9999902
1.0
0.99999976
1.0
0.83441705
1.0
1.0
1.0
0.9999999
0.9999943
1.0
1.0
0.999998
0.99998796
0.94755065
1.0
1.0
1.0
1.0
1.0
1.0
0.99996626
1.0
1.0
1.0
0.9999999
1.0
1.0
1.0
1.0
0.99990857
1.0
0.9941181
1.0
1.0
0.9999993
1.0
1.0
1.0
0.96648
1.0
0.999998
1.0
0.9999993
1.0
1.0
1.0
0.99999833
0.9999999
1.0
1.0
1.0
1.0
1.0
1.0
1.0
1.0
1.0
0.9999999
1.0
1.0
1.0
1.0
1.0
1.0
0.99999833
1.0
1.0
0.9998579
0.996053
1.0
0.99814177
1.0
1.0
1.0
1.0
1.0
1.0
0.99999046
0.9999964
1.0
1.0
0.96477073
1.0
1.0
1.0
1.0
0.999997
1.0
1.0
1.0
1.0
0.9999999
1.0
1.0
1.0
0.9999999
1.0
1.0
0.9999988
1.0
0.9999944
1.0
1.0
1.0
1.0
0.9999999
0.99999964
1.0
0.9999969
0.99999964
0.99999785
0.9999999
1.0
1.0
0.99999774
1.0
0.97572815
0.9999882
0.9999958
1.0
0.99998164
1.0
0.9984875
0.9999999
1.0
0.9998265
1.0
1.0
1.0
0.99999964
0.9999987
1.0
0.9999988
1.0
1.0
1.0
1.0
0.9965487
0.99994946
0.9999999
0.9999558
0.9999428
0.99990416
1.0
1.0
1.0
0.99979335
1.0
1.0
1.0
0.9999999
0.99999964
1.0
0.99999976
0.9999995
0.9999995
1.0
1.0
1.0
1.0
0.99999917
1.0
1.0
1.0
1.0
0.9999877
1.0
1.0
0.99999976
1.0
1.0
1.0
1.0
1.0
0.99998415
1.0
1.0
1.0
0.99999976
1.0
0.99979645
0.99998116
1.0
0.999998
0.9998412
1.0
0.9999969
1.0
1.0
0.9999999
1.0
1.0
0.9999999
0.99998975
1.0
1.0
1.0
0.99999535
0.9999994
1.0
1.0
1.0
1.0
1.0
0.9999901
1.0
1.0
1.0
1.0
1.0
1.0
1.0
0.99999964
0.9999813
0.99996924
1.0
1.0
0.9999999
0.9999995
0.9999999
1.0
0.99999976
1.0
1.0
1.0
1.0
0.9959337
0.9999994
1.0
1.0
0.9999999
1.0
1.0
0.66078484
1.0
1.0
0.9999999
0.9999963
1.0
0.99999976
1.0
1.0
1.0
0.9990144
0.999892
0.99999976
0.99999905
0.99994826
0.99999416
1.0
0.99999964
1.0
1.0
1.0
1.0
1.0
1.0
1.0
0.97849655
0.9998857
0.9999771
1.0
0.9999919
1.0
0.99999845
1.0
1.0
0.9999993
0.9999021
0.99999845
1.0
0.99939716
0.99999964
1.0
0.99998033
0.99999845
1.0
0.9999988
1.0
1.0
1.0
0.99999857
1.0
1.0
1.0
1.0
1.0
1.0
0.9997917
1.0
1.0
0.99999964
0.99999833
1.0
1.0
0.99999976
0.9940082
0.98142415
1.0
0.99996436
0.9999999
1.0
1.0
1.0
0.99999964
1.0
1.0
1.0
0.9999999
1.0
1.0
0.9999962
1.0
1.0
0.99999964
1.0
1.0
1.0
1.0
1.0
0.99999964
1.0
1.0
1.0
0.99946874
0.9999902
0.9999981
0.9999999
1.0
0.99999976
1.0
0.9999962
1.0
1.0
0.9995995
1.0
0.99999976
0.99986565
0.9956995
0.99999774
1.0
0.99999726
1.0
1.0
0.9999418
0.998027
0.9999999
1.0
1.0
1.0
0.9942048
0.99999976
0.9999995
0.9999999
1.0
0.9999999
1.0
1.0
1.0
1.0
0.9999999
0.9999995
1.0
1.0
0.9999999
1.0
0.9999893
1.0
1.0
0.9999999
1.0
1.0
1.0
0.99999976
1.0
0.9998109
1.0
0.99920255
1.0
1.0
1.0
0.99999976
1.0
1.0
0.999984
0.99999905
1.0
1.0
1.0
1.0
1.0
0.99999607
0.99476373
0.9999999
1.0
1.0
0.9998609
1.0
0.99999964
0.999998
0.99999547
1.0
0.99995506
1.0
1.0
1.0
0.99999857
1.0
1.0
1.0
0.99998796
0.9999999
1.0
1.0
0.9999999
0.9999999
1.0
1.0
0.99999964
0.9999975
0.9998877
1.0
1.0
0.9999999
1.0
1.0
0.99999976
1.0
0.99999976
1.0
0.71779734
0.9999999
1.0
0.9999995
0.9999999
0.99999976
1.0
0.9999999
0.9999784
1.0
0.9999999
1.0
1.0
1.0
1.0
0.9999987
1.0
0.99999976
1.0
0.99999833
0.999997
1.0
1.0
1.0
1.0
0.9999987
0.99968576
1.0
0.99998057
0.9958126
0.9999999
0.99999976
1.0
1.0
1.0
0.9995715
1.0
0.9999999
0.99999964
1.0
1.0
1.0
0.99987304
0.9999999
1.0
1.0
1.0
1.0
1.0
0.99999976
1.0
1.0
0.9997396
0.99846566
1.0
0.9999865
1.0
1.0
0.9999999
1.0
0.9999999
0.99999964
1.0
1.0
1.0
1.0
0.9999887
0.99999416
0.9999987
0.99999964
0.9999939
1.0
0.9999999
1.0
0.9999999
1.0
0.99999356
1.0
1.0
1.0
1.0
0.9976191
1.0
1.0
0.99999607
1.0
1.0
0.99998975
1.0
0.9796561
1.0
1.0
1.0
1.0
1.0
1.0
0.9999999
0.9999994
0.99994266
1.0
0.99999714
1.0
0.9999999
0.9999969
1.0
0.9999995
1.0
0.99995553
0.9999995
1.0
1.0
0.9999982
0.7181436
1.0
0.99995184
1.0
1.0
1.0
0.99999225
0.9998647
1.0
1.0
1.0
1.0
1.0
0.99999964
1.0
0.99997985
0.99806756
1.0
1.0
1.0
1.0
0.99999714
1.0
0.99999833
0.5845565
0.9872343
1.0
1.0
1.0
0.99999666
1.0
1.0
1.0
0.99999964
1.0
1.0
1.0
1.0
1.0
1.0
0.99994624
1.0
0.99999917
1.0
1.0
1.0
0.9999988
0.9999981
0.9999994
1.0
1.0
0.9999682
1.0
1.0
1.0
0.9998481
1.0
0.9999999
0.9999994
1.0
0.99999976
1.0
0.99999976
0.9967474
0.99950814
0.68138283
0.9999926
0.9958788
1.0
1.0
0.9999999
1.0
1.0
1.0
1.0
1.0
1.0
0.99999976
1.0
1.0
1.0
1.0
1.0
1.0
0.99907565
1.0
0.9999999
1.0
1.0
1.0
1.0
1.0
0.9917429
1.0
1.0
0.9999895
1.0
1.0
0.9999999
1.0
1.0
0.9999713
0.9999999
1.0
1.0
0.999998
1.0
1.0
1.0
1.0
1.0
1.0
0.9999994
1.0
1.0
1.0
0.99999964
0.9999999
1.0
1.0
1.0
1.0
1.0
1.0
0.9974976
1.0
1.0
1.0
0.99879575
1.0
0.99994373
1.0
1.0
0.9999993
1.0
0.9999733
1.0
1.0
0.99999964
0.9999999
1.0
1.0
1.0
1.0
1.0
0.9999999
0.99999857
0.55439746
1.0
1.0
1.0
1.0
1.0
1.0
0.9999677
1.0
0.99999905
1.0
1.0
0.9999999
0.99999106
0.9999994
1.0
1.0
1.0
1.0
1.0
1.0
0.9717603
1.0
1.0
1.0
0.99995065
1.0
1.0
1.0
0.9999945
0.9999993
1.0
1.0
0.9999999
1.0
0.999998
1.0
0.9996598
1.0
1.0
0.9999865
1.0
0.99999845
0.9999771
1.0
0.9126841
0.9828749
0.99999964
0.9996326
0.97732395
1.0
1.0
1.0
1.0
1.0
0.9999999
1.0
0.99995303
0.99999154
0.99999964
1.0
0.9973139
1.0
0.9999969
1.0
1.0
0.99999976
0.9999995
0.99996245
1.0
0.9986986
1.0
1.0
0.99999964
0.9998692
1.0
1.0
1.0
1.0
1.0
1.0
0.99851733
1.0
0.9999993
0.9999982
0.99836355
0.9783276
0.9999999
1.0
1.0
1.0
0.99987054
1.0
1.0
1.0
0.9999671
1.0
0.9968317
1.0
0.9990615
1.0
0.999998
0.9999999
0.99999857
0.99993634
0.9999974
0.99999833
1.0
0.9999151
0.9999964
0.9999999
1.0
1.0
0.99103266
1.0
0.99964
1.0
0.9999999
0.9999994
1.0
0.99998546
1.0
1.0
1.0
1.0
0.9999591
1.0
0.7189064
1.0
0.999998
0.9809856
0.9999999
1.0
1.0
1.0
1.0
0.99998736
0.998811
1.0
0.9999999
0.9984548
1.0
1.0
1.0
0.9999999
1.0
1.0
1.0
1.0
0.9999999
0.9994836
1.0
0.999995
1.0
1.0
0.99988556
1.0
0.9917624
0.9999999
0.99999416
1.0
1.0
1.0
1.0
1.0
0.99999666
1.0
0.99999845
1.0
0.7082193
1.0
0.9999999
0.7040393
0.9999999
1.0
0.9999908
0.99999857
1.0
0.9999651
1.0
0.9999994
0.99996626
1.0
0.9999999
1.0
0.99999976
0.99998057
1.0
0.9274427
0.99999964
0.999997
1.0
1.0
1.0
1.0
0.999998
1.0
0.99999964
1.0
1.0
1.0
1.0
1.0
0.99999917
0.9999933
1.0
1.0
1.0
1.0
1.0
1.0
1.0
0.9960977
0.99999964
1.0
1.0
1.0
1.0
1.0
0.99995494
1.0
0.9999881
0.9999993
1.0
1.0
0.5486114
1.0
0.9999999
0.9999796
1.0
0.99999964
1.0
1.0
1.0
1.0
1.0
1.0
1.0
1.0
1.0
1.0
0.9999999
1.0
0.99999976
0.9999982
0.9992781
1.0
1.0
1.0
1.0
1.0
1.0
1.0
1.0
1.0
1.0
1.0
1.0
0.9999417
0.9999919
0.9241082
0.9999877
0.9947884
1.0
1.0
0.9999188
1.0
1.0
1.0
0.99999475
0.99613225
0.9999999
1.0
0.9999987
1.0
1.0
1.0
1.0
1.0
1.0
0.99999297
0.9999975
1.0
0.99999976
1.0
0.9999999
1.0
0.9967303
0.99974567
0.9999093
0.99995506
1.0
1.0
1.0
0.99999654
0.9997371
0.9999993
1.0
1.0
1.0
0.9999995
1.0
0.99999976
0.99999523
0.99801636
0.99998474
0.9999831
0.99999976
1.0
1.0
1.0
1.0
1.0
0.99999976
0.9871723
1.0
0.99992
1.0
1.0
0.99999845
1.0
0.9999944
1.0
1.0
0.99999976
1.0
0.8645731
1.0
0.9999999
1.0
1.0
0.9999994
0.99999833
1.0
0.99998474
1.0
0.9727179
0.99957556
1.0
1.0
1.0
0.9999963
1.0
1.0
1.0
1.0
0.9761905
0.9999999
0.9999999
0.9999933
1.0
0.9999999
1.0
1.0
1.0
1.0
0.9999982
1.0
1.0
0.9999999
1.0
1.0
1.0
0.99997544
1.0
1.0
0.9999989
1.0
1.0
1.0
1.0
0.9999664
0.9999875
1.0
0.9999999
0.99999964
1.0
1.0
1.0
1.0
1.0
1.0
0.8378809
1.0
0.99877685
1.0
1.0
1.0
1.0
1.0
1.0
1.0
1.0
0.9999963
0.8987305
1.0
0.99999857
0.89573216
0.99999976
1.0
0.9999995
0.9999999
1.0
1.0
1.0
0.9999713
1.0
0.99987864
1.0
0.9999999
0.999998
0.999998
0.9977452
1.0
0.99999976
1.0
1.0
0.9999999
0.9999782
0.9998536
0.9999999
0.99971956
1.0
0.9999995
0.99999964
1.0
1.0
1.0
1.0
0.99999976
0.99996936
0.99999976
0.9999999
1.0
1.0
0.9999397
0.99993396
1.0
1.0
0.99999714
1.0
1.0
0.9999994
0.9999994
0.9999927
0.99931335
1.0
1.0
1.0
1.0
1.0
1.0
1.0
0.99999857
1.0
1.0
0.9999989
0.9999999
0.9999999
0.9999882
0.9999999
0.9999982
0.99999905
1.0
1.0
0.9999409
0.9999988
0.99999857
0.99995756
1.0
0.9999994
1.0
1.0
0.9990939
1.0
0.9999616
0.99997985
0.99999714
0.9999553
0.9999999
1.0
1.0
0.9996158
1.0
0.99999964
0.9999993
1.0
0.99999905
1.0
0.9999999
0.9994684
1.0
1.0
0.99831414
1.0
0.9915952
0.9999988
0.9999995
1.0
0.99998546
1.0
0.99999976
0.9999982
0.99999857
0.9999995
1.0
1.0
1.0
1.0
1.0
1.0
1.0
0.9999995
0.99999917
0.9999999
0.9999502
1.0
0.99999976
0.9999981
1.0
0.8634119
1.0
1.0
1.0
0.89444613
1.0
0.9999838
0.99999595
1.0
1.0
0.99901164
0.999864
1.0
1.0
1.0
0.99999595
1.0
1.0
1.0
1.0
0.9999949
1.0
0.9999962
0.99204624
1.0
1.0
1.0
1.0
1.0
1.0
1.0
1.0
1.0
1.0
1.0
1.0
0.9999999
0.97347146
0.999907
1.0
0.9999999
1.0
0.9999969
0.999985
0.99999976
1.0
1.0
0.919825
1.0
1.0
1.0
1.0
1.0
1.0
0.99934155
0.72076744
1.0
1.0
0.9990601
0.9998565
1.0
1.0
1.0
1.0
0.92444354
0.99999714
1.0
1.0
0.9999863
1.0
0.99997735
0.99999976
0.9999999
1.0
1.0
1.0
0.99999905
1.0
1.0
0.99999976
0.9999771
1.0
1.0
0.7760536
0.9999778
0.9999999
0.9999763
1.0
0.89221895
0.9999999
1.0
1.0
0.99991333
0.99926096
1.0
1.0
0.9999895
1.0
0.9999919
0.99997044
0.99999976
1.0
1.0
1.0
1.0
0.999253
1.0
0.9999975
0.9999982
1.0
0.9999987
1.0
0.99963605
0.99999523
0.9999392
1.0
0.99993634
1.0
0.9999999
1.0
0.99999464
1.0
1.0
1.0
0.99998796
1.0
0.999998
0.9999994
0.9999769
1.0
0.99999976
1.0
0.99996746
1.0
1.0
1.0
1.0
1.0
0.99999833
1.0
0.9999988
1.0
0.9999958
0.9988506
1.0
1.0
1.0
1.0
0.9968984
0.99922335
1.0
1.0
0.99999964
1.0
0.9999999
1.0
0.9999974
0.9999999
0.9986064
0.9996043
1.0
1.0
0.9998808
1.0
0.9999995
1.0
0.9999976
1.0
0.626142
1.0
1.0
1.0
1.0
0.9999896
1.0
1.0
0.9999995
1.0
1.0
0.99679786
1.0
0.97207355
1.0
0.9996507
0.9999999
0.9999995
0.9999995
1.0
1.0
0.99999666
0.99970347
1.0
0.9998266
1.0
1.0
1.0
1.0
1.0
0.99994147
0.9976567
0.99999726
1.0
0.9996995
1.0
0.9987262
1.0
1.0
0.9999877
1.0
1.0
1.0
1.0
0.9999713
1.0
0.99999905
1.0
1.0
1.0
0.99998534
1.0
0.99999845
0.9999988
1.0
0.9999765
0.9366007
1.0
0.99999833
1.0
0.99951684
1.0
1.0
1.0
0.99998343
0.99999964
0.99999654
1.0
0.99999905
0.99999976
1.0
0.9999999
1.0
0.9999995
0.83367914
1.0
1.0
1.0
0.9999995
1.0
1.0
0.9999999
0.99987733
1.0
1.0
0.9992205
0.9999826
1.0
0.9999999
1.0
1.0
0.99999595
1.0
1.0
0.9999995
1.0
1.0
1.0
1.0
1.0
0.9999999
0.99999964
1.0
1.0
0.99999976
1.0
1.0
1.0
0.78287804
1.0
0.9999809
0.99999976
1.0
0.99999964
1.0
1.0
1.0
1.0
0.999998
0.9999083
0.9999924
1.0
1.0
1.0
1.0
0.9947337
1.0
1.0
0.7284641
0.9998678
1.0
0.9993144
0.99999964
1.0
1.0
0.8618482
0.9859286
0.9999999
0.9622361
1.0
1.0
0.9999999
0.9999368
1.0
0.99992025
1.0
0.99999845
1.0
1.0
0.9999995
0.99998593
1.0
0.9999982
1.0
1.0
0.9999976
1.0
1.0
1.0
0.9999305
1.0
1.0
1.0
1.0
1.0
0.9999864
1.0
0.8829247
1.0
0.9999957
1.0
0.99999404
1.0
1.0
0.99999595
1.0
1.0
1.0
0.99919754
0.99999976
1.0
0.999998
0.9997384
0.99995303
1.0
0.99999094
0.99999845
1.0
1.0
0.99985445
0.9999999
0.99999857
1.0
1.0
0.99999285
0.99999976
0.9999999
0.9999931
1.0
1.0
0.9999999
0.99999964
0.72442174
0.99999213
1.0
0.99977845
0.99850094
1.0
1.0
0.9593447
0.99978834
0.9999976
1.0
1.0
1.0
0.9999999
0.99998856
1.0
1.0
0.9999999
1.0
1.0
1.0
0.9999989
0.9999914
0.9999926
1.0
1.0
1.0
1.0
1.0
1.0
0.79244936
1.0
0.99999976
0.9990055
1.0
1.0
0.99999976
1.0
1.0
0.9999999
1.0
1.0
1.0
0.99999213
0.96588725
1.0
0.99999917
1.0
0.9959435
0.9752798
1.0
1.0
1.0
1.0
1.0
1.0
1.0
1.0
1.0
0.9999993
1.0
0.99999976
1.0
1.0
0.9860714
1.0
1.0
1.0
0.9594878
0.99999714
0.9999999
1.0
0.99981743
1.0
1.0
1.0
1.0
1.0
1.0
1.0
0.9999999
1.0
1.0
1.0
0.9999999
0.99828845
1.0
1.0
0.9999999
0.9999981
1.0
0.9988164
0.99999964
1.0
1.0
1.0
1.0
0.9999995
1.0
1.0
0.9999567
0.9999999
1.0
0.99999905
1.0
1.0
1.0
1.0
0.99996734
1.0
0.99984646
1.0
1.0
1.0
1.0
1.0
1.0
1.0
1.0
0.99940264
1.0
0.99997175
0.99999845
1.0
0.9999993
0.99999654
1.0
0.9999944
0.9121969
1.0
1.0
0.9999995
0.99999976
1.0
1.0
0.99999964
1.0
1.0
1.0
0.9999999
1.0
0.99692947
0.9999994
1.0
0.9999999
1.0
1.0
1.0
1.0
0.9999777
1.0
1.0
0.9997931
0.99840987
0.9999999
1.0
1.0
1.0
0.9999554
1.0
0.9792467
1.0
1.0
1.0
0.9999902
1.0
1.0
0.9999306
0.99988735
0.990858
0.9999956
1.0
0.9930428
0.9999819
0.9999999
0.9999987
1.0
1.0
1.0
1.0
0.9991061
1.0
1.0
0.9999995
0.9999945
1.0
1.0
1.0
0.99936396
1.0
0.9951196
1.0
0.99926025
1.0
1.0
1.0
1.0
1.0
1.0
1.0
1.0
1.0
1.0
1.0
1.0
0.9999956
1.0
1.0
1.0
1.0
1.0
1.0
0.9983908
1.0
1.0
1.0
1.0
0.9999968
0.9999697
1.0
0.99999785
1.0
1.0
0.99999976
1.0
1.0
1.0
0.9998983
1.0
1.0
0.9999993
1.0
1.0
0.9998939
1.0
1.0
0.99550545
0.9998826
1.0
1.0
1.0
0.9999999
1.0
0.97489613
0.9999999
0.9999192
1.0
1.0
0.9999993
1.0
1.0
1.0
0.99906987
1.0
0.99999976
0.9999989
1.0
1.0
0.99999976
1.0
0.99999976
1.0
1.0
0.9999975
1.0
0.9999999
0.99938965
0.9733229
0.99988854
0.9999999
0.99999964
0.9999981
1.0
1.0
0.99999964
0.99999666
0.9999999
1.0
1.0
1.0
0.9999994
0.99999964
0.9999999
0.99999166
1.0
0.9999999
0.9999994
0.9999999
1.0
0.602168
0.9952188
1.0
0.99999917
1.0
1.0
0.9999999
1.0
1.0
0.99996686
1.0
1.0
1.0
1.0
0.9599685
1.0
0.9999783
0.9999993
1.0
0.9990011
0.9999695
1.0
0.99999774
1.0
0.9999839
1.0
0.99980205
0.9999994
0.9999988
1.0
0.99996984
1.0
1.0
1.0
0.99999917
1.0
1.0
0.9999968
0.99999595
1.0
1.0
1.0
0.9999994
1.0
1.0
1.0
1.0
0.99999785
1.0
0.99999845
0.9999968
0.99892324
0.99999774
1.0
1.0
0.99998486
1.0
1.0
0.99999905
0.9999999
1.0
0.99999964
1.0
1.0
0.9999467
0.99999976
1.0
1.0
1.0
1.0
1.0
0.9999999
1.0
1.0
0.99999106
0.99999976
1.0
0.9999999
1.0
0.9903764
1.0
0.9999987
0.99994504
0.9992889
0.99993575
1.0
1.0
1.0
1.0
1.0
0.99996257
0.99992347
0.9999753
1.0
0.99999774
1.0
0.605956
1.0
1.0
0.9999988
0.9999974
1.0
1.0
1.0
1.0
1.0
0.999992
0.99999857
0.9999995
1.0
1.0
0.9999999
0.9999999
1.0
1.0
1.0
1.0
1.0
0.9987134
1.0
1.0
1.0
0.99999607
1.0
0.9999931
0.9999999
1.0
1.0
1.0
0.9999918
0.99488443
1.0
1.0
1.0
0.9999958
0.99996173
1.0
0.99962854
1.0
1.0
0.99999976
0.9999999
1.0
1.0
1.0
0.99999976
0.99999154
1.0
0.99999964
0.99999964
1.0
1.0
1.0
1.0
0.9999999
0.99999976
1.0
1.0
1.0
1.0
1.0
1.0
1.0
1.0
0.99999976
1.0
0.9999999
1.0
1.0
0.9999994
1.0
0.9999999
1.0
0.9999976
1.0
0.99994886
1.0
1.0
0.99999976
1.0
0.9999999
1.0
1.0
1.0
1.0
0.9999999
0.999589
1.0
1.0
1.0
1.0
0.99999523
1.0
1.0
1.0
1.0
1.0
1.0
1.0
1.0
1.0
1.0
0.999926
1.0
1.0
1.0
1.0
0.99997663
0.99998033
0.9999999
0.9999999
1.0
1.0
1.0
0.9999784
1.0
1.0
1.0
0.9999999
1.0
1.0
0.9999999
1.0
1.0
1.0
0.99999976
0.99940753
1.0
0.9999975
0.9999994
0.9999974
0.9999988
0.99999976
0.99999976
1.0
0.9999999
1.0
0.99999964
1.0
0.99999094
0.99999964
1.0
1.0
1.0
1.0
0.99997246
0.99999964
1.0
1.0
1.0
1.0
1.0
1.0
1.0
0.9999999
1.0
1.0
1.0
1.0
0.99999976
0.9999372
1.0
1.0
1.0
0.9999999
0.9999989
1.0
0.84703124
1.0
1.0
1.0
1.0
1.0
1.0
1.0
0.99999964
0.99999976
1.0
0.9999999
0.9999999
0.99970067
0.9999999
1.0
0.9999192
1.0
1.0
0.99999964
1.0
1.0
1.0
1.0
1.0
1.0
1.0
1.0
0.99999964
1.0
1.0
1.0
0.98981667
1.0
1.0
0.99999964
1.0
1.0
0.99092734
1.0
1.0
1.0
1.0
1.0
1.0
1.0
0.9999999
1.0
1.0
0.9922655
0.9999989
1.0
1.0
0.99999976
1.0
1.0
0.99999034
1.0
1.0
1.0
1.0
1.0
1.0
1.0
1.0
1.0
1.0
0.9999924
1.0
1.0
1.0
1.0
0.9991702
1.0
0.997968
1.0
0.9959353
1.0
1.0
1.0
0.9999995
1.0
1.0
0.99999917
0.9999999
1.0
1.0
1.0
1.0
1.0
0.9999999
1.0
0.9999999
1.0
0.99999845
1.0
1.0
1.0
1.0
1.0
1.0
0.9989795
1.0
1.0
1.0
1.0
1.0
0.9999999
1.0
1.0
1.0
1.0
1.0
1.0
1.0
0.99999976
0.99999964
0.9999988
1.0
0.9983188
1.0
1.0
1.0
0.99999964
1.0
1.0
1.0
1.0
0.99999845
1.0
1.0
1.0
1.0
1.0
0.9999856
0.9999999
1.0
1.0
0.99993706
1.0
1.0
0.99704933
0.99999917
0.9999361
0.99999976
1.0
0.9999999
1.0
1.0
1.0
1.0
0.98954993
1.0
0.9999988
1.0
1.0
0.99999976
1.0
1.0
1.0
1.0
0.99925965
1.0
1.0
1.0
1.0
1.0
1.0
1.0
1.0
1.0
0.9999969
0.9999999
1.0
0.99999857
1.0
1.0
1.0
1.0
1.0
1.0
1.0
0.9999999
1.0
0.99999976
1.0
1.0
1.0
1.0
0.9999999
1.0
1.0
1.0
0.99999964
0.99999964
1.0
0.9999999
1.0
1.0
1.0
1.0
1.0
1.0
1.0
0.6373794
1.0
1.0
1.0
1.0
1.0
1.0
1.0
1.0
1.0
1.0
0.99999964
0.9999988
1.0
1.0
1.0
1.0
1.0
1.0
1.0
1.0
1.0
1.0
1.0
1.0
1.0
1.0
1.0
1.0
0.9999918
1.0
1.0
0.9999999
1.0
1.0
1.0
1.0
1.0
1.0
1.0
1.0
1.0
1.0
1.0
0.9999999
1.0
1.0
1.0
0.9999995
0.9999994
1.0
0.9999987
1.0
1.0
1.0
1.0
1.0
1.0
1.0
1.0
1.0
1.0
1.0
0.9999999
1.0
1.0
1.0
1.0
1.0
1.0
0.99999964
1.0
1.0
1.0
0.9999949
1.0
0.99995327
1.0
0.99999976
1.0
1.0
1.0
1.0
1.0
1.0
0.99993587
0.9999999
1.0
1.0
1.0
1.0
1.0
1.0
0.99999964
1.0
1.0
0.9999999
1.0
1.0
1.0
1.0
1.0
1.0
1.0
1.0
1.0
1.0
1.0
1.0
1.0
1.0
1.0
1.0
1.0
1.0
1.0
1.0
1.0
0.99998116
0.9999695
1.0
0.9999999
1.0
1.0
1.0
1.0
0.98862725
1.0
0.9999976
0.99999976
1.0
1.0
0.9999999
1.0
1.0
1.0
1.0
1.0
1.0
0.9999995
1.0
1.0
1.0
1.0
1.0
1.0
1.0
1.0
1.0
1.0
1.0
1.0
1.0
1.0
1.0
1.0
1.0
1.0
1.0
1.0
0.9999995
1.0
1.0
1.0
1.0
1.0
1.0
1.0
0.99999917
1.0
1.0
0.99998677
1.0
0.9999989
0.99999964
1.0
0.9999999
1.0
1.0
1.0
1.0
0.9999999
1.0
1.0
1.0
1.0
1.0
1.0
0.99684614
1.0
1.0
0.99994683
0.9999999
1.0
0.99999976
0.9999999
0.99999917
1.0
1.0
1.0
1.0
1.0
1.0
1.0
0.99999976
0.999998
0.9999999
1.0
0.9999999
1.0
0.9999995
1.0
0.9999999
0.99999964
1.0
0.9999926
0.99767286
0.99999964
1.0
1.0
1.0
1.0
1.0
0.9999999
1.0
0.99999607
1.0
1.0
0.9999994
1.0
0.999982
0.99999833
1.0
0.9997607
1.0
0.9999995
1.0
1.0
0.99998426
1.0
1.0
1.0
0.9996878
1.0
1.0
1.0
0.9999989
0.99999964
1.0
0.9999788
1.0
0.9999993
0.9996076
1.0
1.0
0.9975383
1.0
0.9999995
1.0
0.99999964
1.0
0.99999964
0.9999995
0.9999393
0.99999654
1.0
0.9999999
1.0
1.0
0.9993094
0.9999999
1.0
0.9999988
1.0
0.9999995
1.0
1.0
1.0
1.0
0.9999987
1.0
1.0
0.9999963
0.9999913
1.0
1.0
0.9999999
1.0
0.9999999
0.999997
1.0
1.0
0.9971777
1.0
1.0
0.9996973
0.9999999
1.0
1.0
0.9999782
0.99999917
1.0
1.0
0.92449194
0.9999999
0.9999386
0.99999213
0.9999975
0.99999094
0.9999999
0.9999914
0.8188582
0.9999912
1.0
1.0
1.0
0.9999999
0.9999341
0.99711454
0.99999917
1.0
0.9999999
0.9999969
0.9995995
0.9999951
1.0
1.0
1.0
1.0
1.0
1.0
1.0
0.9999999
1.0
1.0
0.99999964
0.9999745
1.0
1.0
1.0
1.0
1.0
1.0
0.9999995
1.0
0.9990159
0.99998677
0.9999131
0.9999999
0.9999999
1.0
1.0
0.99999905
1.0
1.0
1.0
1.0
0.9999974
1.0
1.0
0.99999976
1.0
1.0
1.0
1.0
0.9999969
1.0
1.0
0.9999981
1.0
1.0
1.0
0.9999474
1.0
1.0
1.0
1.0
0.99977773
0.9999963
1.0
1.0
1.0
1.0
0.999992
1.0
1.0
0.9999968
1.0
0.9999999
0.99996066
1.0
1.0
1.0
1.0
1.0
0.99999905
1.0
0.9999999
1.0
1.0
0.9999956
0.99999475
1.0
0.91379917
0.9999777
0.93557775
0.9999999
1.0
1.0
0.99999905
1.0
0.9999995
0.99999964
1.0
0.99999833
1.0
1.0
1.0
0.909868
1.0
1.0
0.9954873
1.0
0.9999994
1.0
0.99874616
0.99999964
1.0
1.0
1.0
1.0
0.9999999
0.9999999
1.0
1.0
1.0
1.0
0.9999999
0.9999988
1.0
1.0
1.0
0.9999881
1.0
1.0
1.0
1.0
0.99998164
1.0
1.0
1.0
1.0
1.0
0.99999917
1.0
1.0
1.0
1.0
1.0
1.0
0.9999999
1.0
1.0
1.0
1.0
1.0
1.0
1.0
1.0
0.99999964
0.9999789
0.99997294
1.0
1.0
1.0
0.99998105
0.99999964
1.0
1.0
1.0
1.0
0.99999905
1.0
0.9999949
1.0
1.0
1.0
0.9999999
1.0
0.9999976
1.0
1.0
0.9999838
0.9999999
1.0
1.0
0.9998876
0.99989176
1.0
0.9999993
0.9999988
1.0
0.99999225
1.0
0.9997203
1.0
1.0
1.0
1.0
1.0
0.9999813
0.99999976
1.0
1.0
1.0
1.0
1.0
0.99999976
1.0
1.0
1.0
1.0
1.0
1.0
1.0
1.0
1.0
1.0
1.0
1.0
1.0
1.0
1.0
1.0
1.0
0.9999999
1.0
1.0
1.0
0.999997
0.99999976
1.0
1.0
1.0
1.0
1.0
0.9839917
0.9999989
1.0
1.0
1.0
1.0
1.0
1.0
1.0
1.0
0.99379647
0.9684695
1.0
0.99960774
0.9999999
1.0
1.0
1.0
0.99999785
1.0
0.9999995
1.0
0.9999951
1.0
1.0
1.0
0.99999976
1.0
1.0
0.9999248
0.9999999
1.0
1.0
1.0
1.0
0.9996032
1.0
1.0
1.0
0.99999905
1.0
0.99998844
1.0
1.0
0.9999819
0.9999994
1.0
0.9999745
1.0
0.99998665
1.0
1.0
0.99999976
1.0
1.0
1.0
1.0
0.9997913
0.9991677
0.97414386
0.693114
0.9998759
0.9997452
1.0
1.0
0.99999976
0.99999845
1.0
0.99999976
1.0
1.0
0.9999999
0.99976844
0.99972814
0.9999995
0.99999964
1.0
1.0
0.99059135
1.0
1.0
0.99999976
0.99984217
0.9999995
0.9999949
1.0
0.9988387
1.0
0.9999993
0.99999964
0.9999987
1.0
1.0
0.9999999
1.0
1.0
0.9983359
0.9999989
0.9999994
0.9999726
0.9999993
0.9999988
1.0
0.999992
0.9997056
0.99992776
0.99999297
0.9999999
0.9999999
0.99999976
0.9999782
0.9999989
0.99996984
0.9999999
0.99999917
0.99980813
1.0
1.0
1.0
0.9999995
0.9987777
0.9999913
0.99999654
0.9999987
0.9999995
0.999985
0.99994576
0.992027
0.99999976
0.9997024
0.9999918
0.99998987
0.9999019
1.0
0.99841285
0.9999999
1.0
1.0
0.99999976
1.0
1.0
0.99999917
1.0
0.9999435
1.0
0.99999917
0.9839978
0.9999914
0.9999999
0.9997477
0.99999905
0.99999976
0.9999974
1.0
0.9999988
1.0
0.9999962
1.0
0.99933463
1.0
0.9999943
0.9999999
1.0
1.0
1.0
0.9999987
1.0
0.9999999
0.99999547
1.0
1.0
0.99999416
0.9999995
0.9999845
1.0
1.0
1.0
0.99999595
1.0
0.99999964
1.0
1.0
0.9998449
1.0
1.0
0.99999976
0.9998535
1.0
0.97699285
1.0
1.0
1.0
1.0
0.9999902
0.99954957
0.9997446
0.99988556
1.0
0.9999076
1.0
1.0
1.0
0.9999987
0.99999833
0.99718505
0.99999833
0.9998259
0.99999964
0.9999981
1.0
1.0
1.0
1.0
0.9999999
0.75000674
1.0
0.99743503
1.0
1.0
0.99999964
1.0
1.0
1.0
1.0
0.99988115
1.0
0.99999976
1.0
1.0
1.0
0.99999213
0.99999976
0.9999186
0.9999473
0.9999993
0.99095845
0.9999999
1.0
0.998816
0.9999876
1.0
1.0
1.0
1.0
0.9999994
1.0
1.0
0.99999475
1.0
0.99999154
1.0
1.0
1.0
1.0
1.0
1.0
1.0
0.9999999
0.9999999
1.0
0.99999964
1.0
1.0
0.99999976
0.99999976
1.0
1.0
1.0
1.0
1.0
0.9999989
1.0
0.9999999
1.0
0.9999951
1.0
1.0
1.0
1.0
1.0
0.99615306
1.0
0.9999999
0.99999976
0.99995255
1.0
0.99999964
1.0
1.0
0.8035358
1.0
0.9992011
1.0
0.99999976
1.0
0.9204878
0.7584223
0.99905366
1.0
1.0
0.99999976
0.99999905
0.99999905
1.0
0.99996746
0.9999999
1.0
1.0
1.0
1.0
1.0
0.9999993
1.0
1.0
1.0
1.0
1.0
1.0
1.0
1.0
1.0
1.0
1.0
1.0
1.0
1.0
1.0
1.0
1.0
1.0
1.0
1.0
1.0
1.0
0.9999999
1.0
1.0
1.0
1.0
1.0
1.0
1.0
1.0
1.0
1.0
1.0
1.0
1.0
1.0
1.0
1.0
0.99999964
1.0
0.9999999
1.0
1.0
0.9999999
0.99999976
1.0
1.0
1.0
1.0
0.9999999
1.0
0.9999958
0.9999987
0.9999615
1.0
1.0
1.0
1.0
1.0
1.0
0.9999685
1.0
1.0
1.0
1.0
1.0
1.0
1.0
1.0
1.0
1.0
1.0
1.0
1.0
1.0
1.0
0.99999976
1.0
1.0
1.0
1.0
1.0
1.0
1.0
1.0
1.0
1.0
1.0
1.0
1.0
1.0
1.0
1.0
1.0
1.0
1.0
1.0
1.0
1.0
1.0
1.0
1.0
1.0
1.0
1.0
1.0
1.0
1.0
1.0
1.0
1.0
1.0
1.0
1.0
1.0
0.99999905
1.0
1.0
0.9999968
0.9999999
0.999997
1.0
1.0
1.0
1.0
1.0
1.0
1.0
1.0
1.0
1.0
1.0
1.0
1.0
1.0
1.0
1.0
1.0
1.0
1.0
1.0
0.9999999
1.0
1.0
1.0
1.0
1.0
1.0
0.99999976
1.0
1.0
1.0
1.0
1.0
0.9997656
1.0
1.0
0.9999993
1.0
1.0
1.0
0.99999976
1.0
1.0
1.0
1.0
0.99999964
1.0
1.0
1.0
1.0
1.0
1.0
0.9999999
1.0
1.0
1.0
1.0
1.0
1.0
1.0
1.0
1.0
1.0
1.0
1.0
0.99997854
0.9999999
1.0
1.0
0.99999976
1.0
1.0
1.0
1.0
1.0
1.0
1.0
1.0
1.0
1.0
0.99998987
0.9999987
0.99921095
0.99999976
1.0
1.0
1.0
0.99998367
1.0
0.99994457
0.99983203
0.9999994
1.0
1.0
1.0
1.0
0.99999976
0.99999774
0.99999416
0.9999987
0.9997657
1.0
1.0
1.0
1.0
1.0
1.0
0.9999887
1.0
0.99982846
0.9999995
0.99999964
1.0
0.9999999
0.99999976
0.99163014
1.0
0.99999475
1.0
1.0
1.0
1.0
1.0
1.0
1.0
1.0
1.0
1.0
1.0
1.0
0.9999982
1.0
0.9999987
0.9999987
1.0
0.99999964
1.0
1.0
1.0
1.0
1.0
0.99999976
0.99999905
1.0
0.9999907
1.0
1.0
0.99999964
1.0
1.0
0.99999964
1.0
1.0
1.0
0.9999999
1.0
1.0
1.0
1.0
0.9999994
0.99996257
1.0
0.99999535
1.0
1.0
1.0
0.99999976
1.0
1.0
0.99998975
0.999985
1.0
1.0
1.0
1.0
1.0
1.0
1.0
1.0
1.0
1.0
1.0
1.0
0.99999833
0.9996387
1.0
1.0
1.0
0.9999989
1.0
0.9999982
1.0
1.0
1.0
0.9910228
1.0
1.0
1.0
1.0
1.0
0.9999995
0.9999993
1.0
1.0
1.0
1.0
0.9997805
1.0
1.0
1.0
1.0
1.0
0.9999999
1.0
1.0
0.99999976
1.0
0.9999856
1.0
1.0
1.0
0.9876155
1.0
0.9999913
1.0
1.0
1.0
0.9999025
0.9999999
0.99999416
1.0
0.99999917
1.0
0.99999964
0.9999994
0.9999999
1.0
1.0
0.9999995
1.0
1.0
1.0
1.0
0.99890184
0.9114036
1.0
0.99995565
0.98785144
0.9999999
0.9792477
0.9999018
0.99999917
1.0
1.0
0.99999595
0.9999995
0.9999993
0.9999778
0.9998933
0.999985
0.6860556
0.9997838
0.9999999
0.9968796
0.9999951
0.68453616
1.0
0.73276573
1.0
0.99998975
0.9999995
1.0
1.0
0.99999785
1.0
1.0
1.0
0.99999857
1.0
0.9999999
1.0
0.99941874
1.0
0.9999976
1.0
0.99999845
0.9853103
0.99848866
0.9992455
1.0
1.0
0.99990773
0.963944
1.0
0.99998295
1.0
1.0
0.94305605
1.0
0.9999993
1.0
1.0
0.99999964
0.999964
0.99999857
0.9999999
0.9995983
0.9999999
0.99999964
1.0
0.9999765
0.9999616
0.9999999
0.99997616
0.46469763
1.0
0.99999917
0.9999993
0.9999995
1.0
0.99979776
0.9969976
1.0
1.0
0.9999999
0.9999852
0.9999994
1.0
1.0
1.0
0.99999964
1.0
1.0
1.0
0.9999871
1.0
1.0
1.0
1.0
1.0
0.9308264
1.0
1.0
1.0
1.0
1.0
1.0
1.0
1.0
1.0
0.9999982
0.9999988
1.0
1.0
1.0
1.0
0.99999857
0.9999994
1.0
1.0
1.0
0.99998105
1.0
1.0
0.9999981
1.0
0.9999969
1.0
1.0
0.99999976
0.9999889
1.0
1.0
1.0
1.0
1.0
1.0
0.99999905
1.0
1.0
0.99997365
1.0
1.0
0.9999988
1.0
1.0
1.0
1.0
1.0
1.0
1.0
1.0
0.9999981
1.0
1.0
0.99999106
0.9999999
1.0
0.9984106
0.9999869
1.0
1.0
1.0
1.0
1.0
1.0
0.9999999
0.99998355
1.0
0.99999964
0.97422916
0.999987
1.0
0.9999994
0.9999747
1.0
1.0
1.0
1.0
0.99999905
1.0
0.99999905
1.0
1.0
0.9999981
1.0
1.0
1.0
1.0
0.9693876
0.9998592
1.0
0.99999774
0.91861975
0.9999399
1.0
0.9996136
1.0
0.9999949
0.99999094
1.0
1.0
1.0
0.99999666
0.9890321
0.9995012
1.0
0.9999999
0.9999958
0.9999988
1.0
0.9999969
1.0
0.99948514
0.9999999
0.99999964
1.0
0.99999976
0.9999701
1.0
0.99999976
0.9999999
0.9999999
0.99998343
1.0
1.0
1.0
0.9999999
0.99999976
0.9999993
1.0
0.9999374
0.74888337
0.99995804
0.99999964
1.0
0.99999905
1.0
1.0
1.0
0.99999964
1.0
0.9999844
1.0
1.0
0.9916963
0.99999857
1.0
1.0
1.0
0.99999964
1.0
1.0
1.0
1.0
0.99999976
0.9999813
1.0
0.9999999
1.0
0.9999875
1.0
0.99999976
1.0
1.0
1.0
0.99995124
0.99999833
1.0
1.0
0.99999905
1.0
1.0
1.0
1.0
1.0
0.99999917
1.0
1.0
1.0
1.0
1.0
1.0
1.0
1.0
1.0
1.0
1.0
0.99999976
0.99999857
0.9999856
1.0
1.0
1.0
1.0
1.0
0.9823967
1.0
1.0
1.0
1.0
0.9999927
1.0
1.0
0.99999976
1.0
1.0
1.0
1.0
1.0
1.0
1.0
1.0
1.0
1.0
1.0
1.0
1.0
1.0
1.0
1.0
0.99999905
1.0
1.0
1.0
0.99999976
0.9999999
0.99999416
1.0
1.0
1.0
1.0
0.9990214
1.0
0.9999989
1.0
1.0
0.9999999
1.0
1.0
0.99999964
1.0
1.0
0.99999344
0.9983865
1.0
1.0
1.0
1.0
1.0
1.0
0.99999964
1.0
1.0
1.0
0.9999964
1.0
1.0
1.0
0.9999924
1.0
0.999997
1.0
0.9999995
1.0
1.0
1.0
0.9999995
0.9999894
1.0
1.0
1.0
1.0
1.0
0.99999905
0.9999999
0.9999999
1.0
0.99999964
1.0
1.0
1.0
1.0
1.0
1.0
1.0
0.9999987
1.0
0.9999999
0.99995875
1.0
1.0
1.0
0.9999993
0.9967694
1.0
1.0
1.0
1.0
0.9999993
1.0
1.0
1.0
0.9999976
1.0
1.0
1.0
1.0
0.99999976
1.0
0.99999976
0.9989876
1.0
1.0
1.0
1.0
1.0
0.99999976
1.0
0.9999999
0.9999496
1.0
0.9999999
1.0
0.9999999
1.0
1.0
1.0
0.99999917
1.0
0.9999976
1.0
0.9999999
1.0
1.0
1.0
1.0
1.0
1.0
1.0
1.0
1.0
1.0
0.9999994
1.0
1.0
1.0
0.99999845
1.0
1.0
0.9999994
0.9999999
1.0
1.0
1.0
1.0
1.0
0.9999999
1.0
1.0
1.0
1.0
1.0
1.0
1.0
1.0
1.0
1.0
1.0
0.99999976
0.99999774
1.0
0.9999988
1.0
1.0
1.0
1.0
1.0
1.0
0.9999999
0.9999907
0.99999905
1.0
1.0
0.9999995
1.0
0.99999976
1.0
1.0
1.0
1.0
1.0
1.0
1.0
1.0
1.0
1.0
1.0
0.9998134
0.9999956
0.99999774
1.0
0.9999995
0.97459996
1.0
1.0
1.0
1.0
1.0
1.0
0.99999785
1.0
0.99999964
0.99998987
1.0
1.0
1.0
0.9999982
1.0
1.0
0.9999933
0.9999993
1.0
0.99988043
1.0
1.0
1.0
1.0
1.0
1.0
0.99996734
1.0
1.0
0.99999595
1.0
1.0
1.0
1.0
0.9999715
1.0
1.0
1.0
0.9945346
0.99999046
0.9999188
1.0
1.0
0.9999999
0.9999989
0.9999801
1.0
1.0
1.0
1.0
1.0
0.99999595
0.999995
1.0
1.0
1.0
1.0
0.99999976
1.0
1.0
0.99995065
1.0
1.0
0.9999999
1.0
0.99999964
0.99920803
1.0
1.0
1.0
1.0
1.0
1.0
0.9999999
0.99999976
1.0
1.0
0.9999502
1.0
1.0
0.99992895
0.99999964
1.0
1.0
1.0
1.0
1.0
1.0
1.0
1.0
1.0
1.0
1.0
0.99992216
1.0
1.0
0.99999905
1.0
1.0
0.92029405
1.0
0.9999821
1.0
1.0
1.0
1.0
0.9999999
0.99999857
0.9999982
1.0
1.0
1.0
1.0
0.9999995
1.0
1.0
1.0
1.0
1.0
0.99999964
1.0
1.0
1.0
1.0
0.999998
1.0
1.0
1.0
1.0
1.0
1.0
1.0
1.0
1.0
1.0
1.0
1.0
1.0
1.0
1.0
1.0
1.0
1.0
0.99973196
1.0
1.0
1.0
1.0
1.0
0.9999671
0.99999356
1.0
1.0
0.99998045
0.99999857
0.9999926
1.0
0.9967271
1.0
1.0
1.0
0.9956007
0.99999964
1.0
1.0
0.9999944
0.99999964
1.0
1.0
1.0
0.99999905
1.0
1.0
1.0
0.999995
1.0
0.9999988
1.0
0.9958348
1.0
0.994902
1.0
0.99999785
1.0
1.0
0.9999994
1.0
1.0
1.0
1.0
0.9999957
1.0
1.0
0.99999976
0.9979736
1.0
1.0
1.0
1.0
1.0
0.99998116
1.0
1.0
0.99988616
1.0
1.0
0.999998
0.99999964
0.99999964
1.0
0.9999994
1.0
0.99997807
0.9999995
1.0
1.0
0.9999894
0.9999999
1.0
1.0
1.0
1.0
1.0
0.9999914
1.0
1.0
1.0
1.0
1.0
1.0
1.0
1.0
0.99999595
0.9999931
1.0
1.0
0.99994385
1.0
1.0
0.99999964
1.0
1.0
0.9999994
0.9999999
1.0
1.0
1.0
1.0
1.0
1.0
1.0
1.0
1.0
1.0
0.9997613
1.0
1.0
1.0
1.0
1.0
1.0
1.0
0.9999968
1.0
0.9999999
0.99999833
1.0
1.0
1.0
1.0
0.9999999
1.0
0.9999999
1.0
1.0
1.0
1.0
0.99999976
0.9999999
0.99999475
0.9999759
0.9999999
0.99973065
0.99999785
1.0
1.0
1.0
0.99999976
1.0
0.9999976
0.9999957
1.0
1.0
0.9999902
0.9998653
1.0
1.0
0.9999999
1.0
0.97876877
1.0
0.99999964
1.0
1.0
0.9999999
1.0
1.0
1.0
0.99999535
0.9999999
1.0
1.0
1.0
0.99999917
1.0
0.9999982
0.9999994
1.0
0.9999876
1.0
0.99999976
1.0
0.9999999
1.0
0.9999938
0.9999999
0.9999976
0.9999999
1.0
0.9999914
0.9999994
0.9999974
1.0
1.0
0.9999999
0.99998224
1.0
0.9999993
1.0
1.0
1.0
1.0
1.0
1.0
1.0
0.99999976
0.99999976
1.0
1.0
0.9999995
1.0
1.0
1.0
1.0
1.0
1.0
1.0
1.0
0.99999654
1.0
1.0
0.9999988
1.0
1.0
1.0
1.0
1.0
1.0
1.0
1.0
1.0
1.0
0.9999994
1.0
1.0
1.0
0.9999988
0.9999939
0.99999976
0.9999399
1.0
1.0
1.0
1.0
0.9999999
1.0
0.9994809
1.0
0.9999999
1.0
1.0
0.99999976
0.9999888
1.0
1.0
0.99998844
0.99984324
1.0
1.0
1.0
0.99999976
1.0
0.99984837
1.0
0.99999976
1.0
0.99999774
1.0
0.99999976
1.0
0.9999995
0.99999857
1.0
0.9999999
0.9999999
1.0
1.0
0.99503434
0.9999994
1.0
1.0
0.9999746
0.9999994
1.0
1.0
1.0
1.0
0.999998
0.9988808
1.0
1.0
0.99999964
1.0
1.0
1.0
0.9999995
0.99997926
0.9995116
1.0
1.0
1.0
1.0
0.9999999
0.9999391
1.0
1.0
1.0
1.0
0.9999995
0.99999976
0.9999348
1.0
1.0
1.0
1.0
1.0
0.99999964
1.0
1.0
0.9999893
0.9999999
1.0
1.0
1.0
1.0
1.0
1.0
0.9999994
1.0
0.99999905
1.0
1.0
1.0
1.0
0.99999976
1.0
1.0
1.0
1.0
0.9999964
1.0
1.0
1.0
1.0
0.9996443
1.0
1.0
1.0
1.0
1.0
0.99998534
1.0
1.0
1.0
1.0
1.0
1.0
0.9999933
0.9999999
1.0
0.99998486
0.9999989
1.0
0.9999974
1.0
0.99999714
1.0
1.0
1.0
1.0
0.9999862
0.9999958
1.0
1.0
0.99998677
1.0
0.9999999
0.99999976
0.9999999
0.9996182
0.9999999
1.0
1.0
1.0
1.0
0.9999931
1.0
1.0
1.0
0.9999999
1.0
0.99999964
1.0
1.0
1.0
1.0
1.0
1.0
1.0
1.0
1.0
1.0
1.0
1.0
0.9999999
1.0
1.0
1.0
1.0
1.0
0.9999999
1.0
1.0
0.99999976
1.0
0.99999964
1.0
1.0
1.0
1.0
1.0
1.0
1.0
1.0
0.99998176
0.9999999
1.0
1.0
1.0
1.0
1.0
1.0
0.9999999
1.0
1.0
1.0
1.0
1.0
1.0
0.9999999
1.0
0.9999987
0.99999666
0.9999548
0.99999285
0.999997
0.99999964
1.0
1.0
0.99999774
1.0
1.0
1.0
1.0
1.0
1.0
0.9999993
1.0
1.0
1.0
1.0
0.99999595
1.0
1.0
1.0
1.0
1.0
1.0
1.0
1.0
1.0
1.0
1.0
1.0
1.0
1.0
0.99999845
0.9999994
0.9999999
1.0
1.0
1.0
1.0
1.0
0.9999999
0.9999999
1.0
1.0
0.99999976
1.0
1.0
1.0
1.0
1.0
0.99999976
1.0
1.0
0.99999774
1.0
0.9999999
0.9999999
1.0
0.9999993
1.0
1.0
1.0
1.0
0.99999833
1.0
1.0
1.0
1.0
1.0
0.9999999
1.0
1.0
1.0
1.0
0.9999999
1.0
1.0
1.0
1.0
0.9999999
1.0
0.9993017
1.0
1.0
1.0
0.99999976
1.0
1.0
0.9999999
0.99956185
0.99967754
0.9999999
0.9999999
0.9999999
0.9999987
0.99998
0.973884
0.99987876
1.0
0.99998844
0.99999917
1.0
1.0
1.0
0.99999964
1.0
1.0
0.9999987
0.9999987
0.9999994
0.99993646
1.0
1.0
1.0
1.0
0.9999999
0.9999989
0.9999994
1.0
1.0
1.0
0.99999964
1.0
0.9999999
0.99999964
0.99999833
1.0
0.9999999
1.0
1.0
1.0
1.0
1.0
0.99999523
0.99999654
0.9999999
1.0
1.0
0.99999976
1.0
1.0
1.0
0.9999795
0.99999976
0.9998092
0.9999982
0.9999995
0.99999845
1.0
1.0
1.0
0.99990845
0.99999833
1.0
1.0
0.9999999
0.9999999
1.0
0.9999982
1.0
0.9999993
0.9999527
0.99999857
0.999961
0.99999905
1.0
1.0
0.99996626
0.9999999
1.0
1.0
0.9999993
0.9999852
0.99817955
0.99972564
1.0
0.9999995
1.0
0.99999905
1.0
1.0
0.999997
0.99997973
0.9999883
0.99999917
1.0
0.9999999
1.0
1.0
0.9999999
1.0
0.9999989
1.0
0.9999999
1.0
1.0
1.0
1.0
0.9999988
1.0
0.99690896
0.9998828
0.9996762
0.9999895
0.9999999
0.99998224
0.9572964
1.0
0.9983321
0.9999995
0.75485015
0.9999999
0.99940777
0.99999857
0.9247522
0.99999976
1.0
0.99680126
0.99998975
0.99999964
1.0
0.9996056
0.9999993
0.9999813
0.9999933
0.9999999
0.9999968
0.99999964
1.0
0.9999895
0.9999993
1.0
1.0
1.0
1.0
0.99999964
0.99999857
0.9999968
1.0
1.0
1.0
1.0
1.0
1.0
1.0
1.0
1.0
0.9999534
0.9999372
1.0
0.99999976
0.99999976
0.99991095
0.9999999
0.9999995
0.99999416
1.0
0.9999268
0.9999881
0.99952936
0.9881791
0.99978596
0.9999994
0.9990138
0.9999671
0.99999905
0.99999785
0.99999964
0.99999917
1.0
0.99999785
1.0
0.9999826
0.99999094
1.0
0.99987864
0.9974004
0.9997168
0.9999927
0.9999999
0.99999976
0.9999794
0.9985885
0.9999982
0.99998415
0.99999475
0.9804664
0.9999976
0.99988234
0.93917996
0.999998
1.0
1.0
1.0
1.0
0.9997874
1.0
1.0
1.0
1.0
1.0
1.0
0.9999999
1.0
1.0
1.0
0.9999739
1.0
1.0
1.0
1.0
1.0
0.9999963
0.9999994
1.0
0.99999833
1.0
1.0
1.0
1.0
1.0
1.0
1.0
1.0
0.9999999
0.99994016
1.0
1.0
1.0
1.0
1.0
1.0
0.99860305
1.0
1.0
1.0
1.0
1.0
1.0
0.999979
1.0
0.9999995
1.0
1.0
0.9999999
1.0
0.99999344
0.9999728
1.0
1.0
0.99999964
0.99742377
0.99970067
1.0
1.0
0.99999666
1.0
1.0
1.0
1.0
0.99998295
0.99999964
1.0
1.0
0.9999999
0.9999999
1.0
1.0
1.0
0.9999988
1.0
1.0
1.0
0.99999964
1.0
0.9999999
1.0
0.9987508
1.0
1.0
0.99999976
0.99989665
0.9999995
0.9999871
1.0
1.0
1.0
1.0
1.0
0.99999917
0.99999857
0.99999905
0.99999905
1.0
1.0
1.0
1.0
1.0
0.9999999
1.0
1.0
1.0
1.0
1.0
0.9999993
0.9999988
0.99999976
1.0
0.9999691
0.9999999
1.0
1.0
1.0
1.0
1.0
1.0
0.9999938
1.0
1.0
0.9999974
0.7140728
1.0
0.6069966
0.9999999
0.9990558
0.9999378
0.9979011
0.99999785
1.0
0.9998518
0.9726211
1.0
0.9998254
1.0
0.9999999
0.9999994
0.9997625
1.0
0.9999912
0.99771035
0.9996332
1.0
0.99944156
1.0
1.0
0.9999566
1.0
0.9999963
1.0
0.99993634
1.0
0.99999774
0.9997172
0.9918961
0.99675864
0.8189664
0.9541244
0.9999964
0.9999498
0.99999964
1.0
0.9999995
0.99999964
0.9978143
0.99964976
0.9850953
0.97664225
0.9999745
0.9999254
0.99999726
0.9999918
0.99996233
1.0
0.99999166
0.9999988
1.0
0.9898212
1.0
1.0
1.0
1.0
1.0
1.0
1.0
0.9999995
1.0
1.0
0.99999976
1.0
0.99835145
1.0
1.0
1.0
1.0
1.0
1.0
1.0
1.0
1.0
1.0
0.99999416
1.0
1.0
1.0
0.9999944
1.0
1.0
1.0
1.0
1.0
1.0
1.0
0.9999982
1.0
0.9999994
1.0
1.0
0.9999993
1.0
1.0
1.0
1.0
1.0
1.0
1.0
0.99999976
0.9999889
1.0
1.0
1.0
1.0
1.0
0.9999981
1.0
1.0
1.0
1.0
1.0
1.0
1.0
1.0
1.0
0.9999976
0.99961686
0.99999523
0.9999949
1.0
1.0
1.0
1.0
1.0
1.0
1.0
0.9999999
1.0
1.0
1.0
0.9999634
0.99999726
0.9999747
1.0
0.9999988
1.0
1.0
0.9999999
1.0
1.0
1.0
1.0
0.9999938
1.0
0.99999976
1.0
1.0
0.9999995
1.0
1.0
1.0
0.9998543
1.0
1.0
1.0
1.0
1.0
1.0
1.0
0.9999999
1.0
0.9999999
0.99993134
1.0
0.9999999
1.0
1.0
1.0
1.0
1.0
1.0
1.0
1.0
1.0
0.99999964
1.0
1.0
0.99894005
0.9999794
0.9997987
0.58223575
1.0
1.0
1.0
0.99999976
1.0
0.99999964
0.99999595
0.99849343
1.0
0.9999659
1.0
1.0
0.9999503
1.0
1.0
0.99997103
1.0
1.0
0.9999989
1.0
1.0
0.9999995
1.0
1.0
1.0
0.9999653
0.98509616
0.9999987
1.0
1.0
0.9935236
0.9998808
0.9999933
1.0
0.9999994
0.9999999
0.9999989
1.0
1.0
0.99999785
0.99970883
0.9999968
1.0
0.99999714
1.0
0.9999808
1.0
1.0
0.99998915
0.9999975
1.0
1.0
1.0
1.0
1.0
1.0
1.0
0.9999999
1.0
1.0
1.0
0.99999225
1.0
0.99995697
0.99507684
1.0
0.9999999
1.0
0.99954224
0.9996208
1.0
0.9999999
0.9999999
0.99932325
0.9999957
0.99996436
0.9997018
0.9999994
0.7804356
0.99122953
1.0
1.0
1.0
0.9999994
1.0
0.9997272
0.9999999
0.99995875
0.9999993
0.99999976
1.0
1.0
0.9999974
1.0
1.0
1.0
1.0
1.0
1.0
1.0
1.0
1.0
0.9999988
1.0
0.9999918
0.99999845
0.9999999
0.9999927
1.0
1.0
1.0
0.99999857
0.9999999
0.99999976
1.0
0.99999845
1.0
1.0
1.0
1.0
1.0
1.0
1.0
1.0
1.0
0.99999976
0.9999999
0.999984
0.99993765
0.9993949
0.99999774
1.0
0.99999976
1.0
0.9999988
0.9950799
0.99999785
1.0
1.0
1.0
1.0
0.9999988
0.9999809
1.0
0.9999995
1.0
0.9999999
0.9999999
1.0
1.0
0.99999666
1.0
1.0
1.0
1.0
1.0
1.0
1.0
1.0
0.9998191
1.0
0.7131432
1.0
0.99999523
1.0
1.0
1.0
0.9999999
1.0
1.0
1.0
0.9999999
1.0
1.0
1.0
0.99999976
1.0
1.0
0.99999094
0.99996614
1.0
1.0
1.0
0.9999999
0.99999905
1.0
1.0
1.0
0.9999994
1.0
1.0
1.0
0.99999976
1.0
1.0
0.99999833
1.0
1.0
1.0
1.0
1.0
1.0
0.99999774
1.0
1.0
1.0
1.0
1.0
1.0
1.0
1.0
1.0
0.9990012
1.0
1.0
1.0
1.0
1.0
1.0
1.0
0.9999999
1.0
0.9996563
1.0
1.0
0.99998486
1.0
1.0
1.0
0.9999529
1.0
1.0
1.0
1.0
0.99999964
1.0
1.0
1.0
0.99999976
0.9999443
1.0
0.99999833
0.99999976
0.99999976
0.99988854
0.9999999
0.9999573
1.0
0.9999807
0.9999994
0.9999976
0.99996686
1.0
1.0
0.99998844
0.99999833
0.9999994
0.999979
1.0
0.9999988
1.0
0.9991567
0.9371941
0.999974
0.99999964
1.0
0.99999774
1.0
0.99999654
1.0
1.0
0.9999999
0.99901724
0.7433423
0.99999976
0.99998724
0.9996916
0.9999995
0.9999944
0.9999987
0.5870525
1.0
0.99999785
0.9999578
1.0
1.0
1.0
0.99999535
1.0
0.9999995
0.9999999
0.9999993
1.0
0.9999697
0.9999789
0.99999976
0.99999714
1.0
0.9999944
0.99999964
1.0
1.0
0.99999964
0.99999976
1.0
1.0
1.0
1.0
1.0
1.0
1.0
0.99999976
1.0
1.0
1.0
1.0
1.0
1.0
1.0
1.0
1.0
1.0
1.0
1.0
1.0
1.0
1.0
1.0
0.9999999
1.0
1.0
1.0
1.0
1.0
1.0
1.0
1.0
0.9997905
1.0
1.0
1.0
1.0
1.0
1.0
1.0
1.0
0.99999857
1.0
1.0
1.0
0.999997
1.0
1.0
0.9999999
1.0
1.0
1.0
1.0
1.0
1.0
0.9999871
1.0
1.0
1.0
1.0
1.0
1.0
1.0
0.9999989
1.0
1.0
1.0
1.0
1.0
0.99999976
1.0
0.99999905
0.9999999
1.0
1.0
1.0
1.0
1.0
1.0
1.0
1.0
0.99999964
1.0
1.0
1.0
0.99999976
1.0
1.0
1.0
1.0
1.0
1.0
1.0
1.0
1.0
1.0
1.0
1.0
1.0
1.0
1.0
1.0
1.0
1.0
1.0
1.0
1.0
1.0
1.0
1.0
1.0
1.0
1.0
1.0
0.99999905
1.0
1.0
1.0
1.0
1.0
1.0
0.9999999
1.0
1.0
1.0
1.0
1.0
0.99999905
1.0
0.99999607
1.0
1.0
1.0
1.0
1.0
1.0
1.0
1.0
0.9999999
0.99999964
1.0
1.0
1.0
1.0
1.0
1.0
1.0
1.0
0.9999993
1.0
1.0
1.0
1.0
0.99999976
1.0
1.0
1.0
1.0
1.0
1.0
1.0
0.9999989
1.0
0.999998
1.0
1.0
1.0
0.9999994
1.0
1.0
1.0
1.0
1.0
1.0
1.0
1.0
1.0
1.0
1.0
1.0
1.0
1.0
1.0
0.9999999
0.9999994
1.0
0.99710244
1.0
1.0
1.0
0.9999846
1.0
0.99999964
1.0
1.0
1.0
0.99999976
1.0
1.0
1.0
1.0
1.0
1.0
1.0
1.0
1.0
1.0
0.9999993
1.0
1.0
1.0
1.0
1.0
1.0
1.0
1.0
1.0
1.0
1.0
1.0
0.9999999
1.0
1.0
1.0
1.0
1.0
1.0
1.0
1.0
0.9999999
1.0
1.0
1.0
0.9999999
1.0
0.99999976
1.0
1.0
1.0
1.0
1.0
1.0
1.0
0.9999933
1.0
1.0
1.0
1.0
1.0
1.0
1.0
1.0
1.0
1.0
0.99999845
0.99999964
1.0
1.0
1.0
1.0
1.0
1.0
1.0
1.0
0.9999987
1.0
1.0
0.9999994
1.0
0.9999994
1.0
1.0
1.0
1.0
0.9999964
1.0
1.0
1.0
1.0
1.0
1.0
1.0
1.0
1.0
1.0
1.0
1.0
1.0
1.0
1.0
1.0
0.99999905
1.0
1.0
0.99999976
0.9999993
1.0
1.0
1.0
1.0
1.0
1.0
1.0
1.0
1.0
1.0
1.0
0.99999666
1.0
1.0
1.0
1.0
1.0
0.9999999
1.0
1.0
1.0
1.0
1.0
1.0
1.0
1.0
1.0
1.0
1.0
1.0
1.0
1.0
1.0
1.0
0.99905056
1.0
1.0
1.0
1.0
0.99999917
1.0
0.99880123
1.0
1.0
1.0
1.0
1.0
0.9999994
1.0
1.0
1.0
1.0
0.99999833
0.9999999
1.0
1.0
0.99999976
1.0
0.99999654
1.0
1.0
1.0
1.0
1.0
1.0
0.9999106
1.0
1.0
1.0
1.0
1.0
1.0
1.0
0.99999905
1.0
0.9999999
1.0
1.0
1.0
1.0
1.0
1.0
1.0
0.999995
1.0
1.0
1.0
1.0
1.0
1.0
1.0
1.0
1.0
1.0
0.99999976
0.9999999
0.9999827
1.0
1.0
1.0
1.0
1.0
1.0
0.9999999
0.99968815
1.0
1.0
1.0
1.0
0.99999976
1.0
1.0
1.0
1.0
1.0
0.9999988
1.0
1.0
1.0
0.9999999
1.0
1.0
1.0
1.0
1.0
1.0
0.9999999
1.0
1.0
1.0
1.0
1.0
0.99999976
0.9999999
1.0
1.0
1.0
1.0
1.0
1.0
1.0
1.0
1.0
1.0
1.0
1.0
1.0
1.0
1.0
1.0
0.9999987
1.0
1.0
1.0
1.0
1.0
0.99999976
0.9999938
0.99999917
1.0
1.0
0.9226877
0.9999833
1.0
0.99999714
1.0
0.9992811
0.8340386
0.999721
0.99997616
0.9999845
0.99972016
1.0
1.0
1.0
0.99999976
0.9996474
0.9999832
1.0
1.0
0.99999964
0.9999982
1.0
1.0
1.0
1.0
1.0
1.0
0.9999994
0.9999969
0.9999156
0.9999989
0.9999995
1.0
1.0
0.9999999
0.9999964
0.999998
0.9999174
1.0
1.0
1.0
0.99999976
0.99991596
0.99999905
1.0
0.9999999
1.0
1.0
0.99989295
0.9999976
1.0
1.0
0.9999168
0.9999962
1.0
1.0
1.0
1.0
1.0
0.99999714
0.9981865
0.9999999
0.9004841
1.0
1.0
1.0
1.0
1.0
1.0
1.0
0.99993277
1.0
0.99998057
1.0
1.0
0.99999857
1.0
1.0
1.0
1.0
0.9999999
0.9999999
1.0
0.9999987
0.9999995
0.9999943
1.0
0.9999993
1.0
1.0
1.0
1.0
1.0
1.0
0.99999547
1.0
0.99999976
1.0
1.0
1.0
1.0
0.9998871
1.0
0.99959904
1.0
1.0
1.0
0.99999976
1.0
1.0
1.0
1.0
1.0
1.0
0.9999968
1.0
1.0
1.0
0.99999976
0.99999225
1.0
1.0
1.0
1.0
1.0
1.0
1.0
0.99999964
1.0
1.0
1.0
1.0
0.9999995
0.99999964
1.0
0.9999999
1.0
0.9999995
1.0
1.0
1.0
0.9999999
1.0
1.0
0.9999964
1.0
0.9999925
1.0
1.0
0.99994636
1.0
1.0
1.0
0.99999344
0.99999976
1.0
0.99999845
1.0
1.0
0.99999654
1.0
0.9999925
0.9999999
1.0
1.0
1.0
1.0
1.0
1.0
1.0
1.0
1.0
1.0
1.0
1.0
1.0
1.0
1.0
1.0
0.9999995
1.0
1.0
0.9999999
1.0
1.0
1.0
1.0
1.0
1.0
1.0
1.0
1.0
1.0
1.0
1.0
1.0
0.99999976
1.0
1.0
1.0
0.9999999
0.9999963
1.0
1.0
1.0
0.9999927
0.9999999
0.99999917
1.0
0.9999993
1.0
0.9999999
0.99999905
0.99999976
0.9999994
1.0
0.9995497
1.0
1.0
1.0
1.0
1.0
1.0
1.0
0.99999976
1.0
1.0
0.9999993
1.0
1.0
1.0
1.0
0.9999999
1.0
1.0
0.99999833
0.9999963
1.0
1.0
0.9999999
1.0
1.0
1.0
0.9998585
0.99999964
1.0
0.999982
1.0
1.0
1.0
0.99999857
1.0
1.0
1.0
1.0
1.0
1.0
1.0
1.0
1.0
1.0
1.0
1.0
1.0
1.0
1.0
1.0
1.0
1.0
1.0
1.0
0.9939937
1.0
1.0
1.0
1.0
1.0
1.0
1.0
1.0
0.9999999
1.0
1.0
1.0
1.0
1.0
1.0
0.99999845
1.0
1.0
1.0
1.0
1.0
1.0
1.0
1.0
1.0
1.0
1.0
1.0
1.0
1.0
1.0
1.0
1.0
1.0
1.0
0.99999964
1.0
1.0
1.0
1.0
1.0
1.0
1.0
1.0
0.9999999
1.0
1.0
1.0
1.0
1.0
0.9999995
1.0
1.0
1.0
1.0
0.9999999
1.0
1.0
0.9999999
1.0
1.0
0.99599165
1.0
1.0
1.0
0.99999917
1.0
1.0
1.0
1.0
1.0
1.0
1.0
1.0
1.0
1.0
0.99999976
1.0
1.0
1.0
1.0
1.0
1.0
1.0
1.0
0.9999999
1.0
0.9999999
1.0
1.0
1.0
1.0
1.0
0.99999976
0.9997867
1.0
0.9999944
1.0
1.0
1.0
1.0
0.99943846
1.0
1.0
0.99999774
1.0
0.9999993
0.99999297
1.0
1.0
1.0
0.99999976
1.0
1.0
0.99999976
1.0
1.0
0.999998
1.0
0.9999999
1.0
1.0
1.0
1.0
1.0
1.0
0.9999999
0.9999999
1.0
1.0
0.9999938
1.0
1.0
1.0
1.0
0.99999976
1.0
1.0
0.99999964
1.0
0.999974
0.999974
0.9999869
1.0
0.9984763
0.99999917
1.0
1.0
1.0
1.0
1.0
1.0
0.9999999
0.9999999
1.0
0.99999976
1.0
1.0
1.0
1.0
1.0
0.99999964
1.0
1.0
1.0
0.99957615
1.0
1.0
1.0
1.0
0.9999999
1.0
1.0
1.0
1.0
0.9999976
0.9999995
1.0
1.0
1.0
1.0
1.0
0.9999206
1.0
1.0
0.9999999
0.9999993
1.0
1.0
1.0
1.0
0.9999999
1.0
0.99999976
1.0
1.0
0.99999905
1.0
1.0
1.0
1.0
1.0
0.9999999
1.0
1.0
0.99999976
1.0
0.99999964
1.0
0.99999845
0.9999956
0.9999862
1.0
1.0
0.99999726
1.0
0.99999774
1.0
0.99999774
0.9555217
0.9999999
0.99999976
1.0
1.0
0.999622
1.0
1.0
0.9999169
1.0
0.9999988
1.0
0.9999865
1.0
1.0
1.0
1.0
0.9989157
1.0
1.0
1.0
0.9999999
0.99999094
1.0
1.0
1.0
0.9999999
0.99966276
1.0
1.0
0.8737751
1.0
0.9999999
1.0
0.99996746
0.9999994
0.99999857
1.0
0.9991725
0.9999976
0.99787104
1.0
0.9999857
1.0
1.0
1.0
0.99999213
1.0
1.0
0.9999999
0.99999714
1.0
0.9999708
0.9999993
0.9999987
1.0
0.99999607
1.0
1.0
1.0
0.99999964
1.0
0.9999975
1.0
1.0
1.0
1.0
1.0
1.0
0.9999999
1.0
0.99994767
1.0
1.0
1.0
1.0
0.9999958
0.9999963
1.0
1.0
0.99999964
1.0
1.0
1.0
1.0
0.99999535
1.0
0.91323113
0.9999999
1.0
1.0
0.99999976
1.0
1.0
0.9998735
0.99999976
0.9998574
1.0
1.0
0.99994636
1.0
1.0
1.0
1.0
1.0
1.0
1.0
0.99988115
1.0
1.0
0.99999976
1.0
0.9999341
0.9999988
0.99999714
1.0
1.0
0.99990845
0.99999976
1.0
0.8550519
1.0
0.9999856
0.9999851
0.9999999
0.9999989
1.0
0.9698897
1.0
1.0
1.0
1.0
0.9999999
0.9999988
0.8383075
1.0
0.9448494
0.99999917
0.9726088
1.0
1.0
0.9999993
0.89338535
0.9998141
1.0
0.99997604
1.0
1.0
1.0
0.99999523
1.0
1.0
0.9996537
0.9992447
1.0
0.9999993
1.0
0.9999999
0.9998429
0.9999999
1.0
0.9997693
1.0
0.999997
0.9999784
0.9999927
0.9999944
1.0
1.0
0.99985635
1.0
1.0
0.9999999
1.0
1.0
1.0
0.9999999
0.99998784
0.99999774
0.9605404
1.0
1.0
1.0
1.0
1.0
1.0
0.999948
0.99973327
0.9999999
1.0
1.0
0.9999995
0.91542035
0.9998667
0.9999535
1.0
0.9999982
1.0
0.9635919
0.999936
0.99997866
0.9999956
1.0
0.99999547
1.0
1.0
0.9999999
1.0
1.0
1.0
1.0
1.0
0.9999815
0.9999989
0.9980275
1.0
0.9998927
1.0
1.0
1.0
0.9999988
1.0
1.0
0.9999995
1.0
1.0
0.9999951
1.0
1.0
0.99999523
0.99992096
0.99999976
0.99999976
0.9987264
1.0
0.99999833
0.99999964
1.0
1.0
0.9999665
0.99999475
0.9998411
1.0
1.0
1.0
0.99999714
1.0
1.0
1.0
0.9999908
0.99971133
0.9998023
0.9999995
0.99999845
0.99999774
0.90343404
0.99999976
0.99999917
0.99999404
1.0
1.0
1.0
0.9996132
1.0
1.0
1.0
1.0
0.99999964
0.96780664
1.0
0.9981104
1.0
1.0
1.0
1.0
1.0
1.0
1.0
1.0
0.99955577
0.99999845
0.99999917
0.9997124
1.0
1.0
1.0
1.0
1.0
0.9999999
1.0
1.0
0.9999989
0.85302424
0.9997315
1.0
1.0
1.0
1.0
1.0
0.99999917
0.99953043
1.0
1.0
0.99999976
1.0
1.0
1.0
1.0
0.99997675
0.99999404
1.0
0.9947178
1.0
1.0
1.0
0.9999987
0.9999999
1.0
0.9999994
0.99999964
0.9999782
1.0
1.0
1.0
1.0
1.0
0.9999999
1.0
0.9985746
0.9999919
1.0
0.99999225
0.99998367
0.9999995
1.0
1.0
1.0
1.0
0.99999976
0.9996092
0.997459
0.9999999
1.0
1.0
1.0
0.9999999
0.99999976
0.9836268
0.9999999
1.0
0.89097744
1.0
1.0
1.0
1.0
0.99954337
0.99964285
1.0
0.9999981
1.0
0.99999976
1.0
0.9999819
0.9999999
1.0
0.9999982
1.0
0.9999937
1.0
1.0
1.0
1.0
1.0
1.0
0.999302
1.0
1.0
1.0
1.0
0.9734047
0.9999999
1.0
0.99999976
0.9991891
1.0
0.99998724
1.0
1.0
0.9829055
1.0
0.9999919
0.9993395
0.99999905
0.99812907
1.0
1.0
1.0
1.0
1.0
1.0
1.0
1.0
0.9999757
0.9999993
0.9776242
0.99772483
0.99896705
1.0
1.0
1.0
1.0
1.0
1.0
0.9999404
1.0
1.0
0.9999995
1.0
0.9999994
1.0
1.0
1.0
0.99999
1.0
1.0
0.99998
1.0
1.0
1.0
1.0
1.0
0.9999999
1.0
1.0
1.0
0.9999999
1.0
0.9999999
1.0
0.9999988
0.99999464
0.9999963
1.0
1.0
0.9999995
0.99999976
0.9999999
1.0
1.0
1.0
1.0
1.0
1.0
1.0
0.9999858
1.0
1.0
1.0
1.0
1.0
1.0
1.0
1.0
1.0
1.0
0.9999999
1.0
1.0
1.0
1.0
0.9999945
0.99999905
1.0
1.0
1.0
0.9999974
1.0
1.0
0.9999993
1.0
0.9999951
0.9999989
0.7153663
1.0
0.99999785
0.9998841
1.0
1.0
1.0
1.0
1.0
1.0
0.99999976
0.9999298
1.0
1.0
0.99999964
1.0
1.0
1.0
