1.0
0.99999976
1.0
1.0
0.9999999
1.0
0.9998827
1.0
0.9780487
0.9999877
1.0
1.0
0.99997556
1.0
1.0
1.0
0.9999995
0.9999999
0.9979248
1.0
0.9999944
0.9999994
1.0
1.0
1.0
1.0
0.99999976
1.0
1.0
1.0
1.0
0.99999785
0.99999917
0.9999995
0.99999976
1.0
0.99999976
1.0
0.99999726
1.0
1.0
0.99999833
0.9999999
0.9999306
0.9999758
1.0
0.9999982
1.0
1.0
1.0
0.9999999
1.0
1.0
1.0
1.0
1.0
1.0
1.0
0.99998164
0.9999676
0.99999976
1.0
0.9969614
0.9999883
1.0
1.0
1.0
0.9999999
1.0
1.0
0.99999964
1.0
1.0
0.9999156
1.0
1.0
1.0
1.0
0.99999106
0.99999845
0.9999999
1.0
1.0
1.0
1.0
1.0
0.99999964
0.99998
1.0
1.0
1.0
1.0
0.56893003
0.99999845
1.0
0.99979717
0.9998946
0.9999994
1.0
1.0
1.0
1.0
1.0
1.0
0.9999993
0.9999999
0.9999982
0.9999958
1.0
1.0
1.0
0.9999839
1.0
1.0
1.0
0.9933837
0.99999976
1.0
0.9999993
0.9999379
1.0
0.9999262
0.99999976
1.0
0.9999486
0.99978715
0.9999995
1.0
1.0
1.0
1.0
1.0
1.0
1.0
1.0
1.0
1.0
1.0
1.0
0.9998878
1.0
0.9999999
0.99999976
1.0
0.9999999
1.0
1.0
1.0
1.0
0.9622285
1.0
0.99480504
1.0
1.0
0.9999999
1.0
1.0
1.0
0.99985385
1.0
0.9999931
1.0
1.0
1.0
1.0
1.0
1.0
0.99983406
1.0
1.0
1.0
0.99988616
0.99999964
0.9999993
1.0
0.9971929
1.0
1.0
1.0
1.0
1.0
1.0
1.0
1.0
0.9999144
0.999977
1.0
1.0
1.0
0.99999785
1.0
0.9999974
1.0
0.8811118
1.0
0.99795496
1.0
1.0
0.99999976
0.999622
1.0
1.0
1.0
0.9999999
1.0
1.0
0.99998724
1.0
1.0
0.99972206
1.0
0.9968815
1.0
1.0
0.99999833
1.0
1.0
0.9999337
1.0
1.0
0.9999999
0.9999143
1.0
1.0
1.0
0.9999982
1.0
1.0
1.0
0.9999951
0.9999999
1.0
1.0
1.0
0.9999969
1.0
1.0
1.0
1.0
1.0
1.0
0.99996436
0.99997926
0.9999759
1.0
0.9999062
1.0
0.99153125
1.0
1.0
1.0
0.9999962
1.0
1.0
1.0
0.9999988
0.99999964
1.0
1.0
0.57855725
1.0
0.9999999
1.0
0.9999999
0.9997304
1.0
0.9981458
1.0
1.0
1.0
0.9999845
1.0
1.0
0.99999034
1.0
0.9999999
1.0
1.0
1.0
1.0
0.99999976
1.0
0.9870165
1.0
0.99999976
1.0
0.9999981
0.9999902
1.0
0.99999976
0.9999181
0.9999908
0.9998685
1.0
1.0
1.0
1.0
0.9999956
0.9999987
1.0
1.0
0.9999999
1.0
0.9999993
1.0
1.0
1.0
1.0
0.9999969
1.0
1.0
1.0
1.0
0.9999987
1.0
1.0
1.0
0.9999982
0.99997866
1.0
0.9747624
0.77502966
0.9999999
1.0
0.99998224
0.9999995
0.9988451
1.0
1.0
1.0
1.0
1.0
1.0
0.99999595
1.0
1.0
0.99961203
0.99990547
0.99999976
0.99999726
0.8242287
1.0
1.0
0.9999995
1.0
1.0
1.0
0.99999976
1.0
0.99999976
0.99999785
1.0
0.9999993
1.0
0.9999999
1.0
1.0
0.9999999
0.9951593
0.93862844
0.9999999
1.0
0.9999423
0.9999982
1.0
1.0
0.999977
1.0
0.99999297
1.0
0.9999999
1.0
1.0
1.0
1.0
1.0
1.0
1.0
1.0
1.0
0.99999964
0.99616987
1.0
1.0
1.0
1.0
0.999997
1.0
0.9999999
0.9999999
0.9999989
0.9999987
1.0
1.0
0.9999702
0.99999964
1.0
0.9999995
1.0
0.9999999
0.9999745
1.0
1.0
1.0
0.9999944
1.0
0.9999999
1.0
0.9999999
0.9999999
1.0
0.99966586
0.99999905
1.0
0.9999858
0.9998228
1.0
0.99210405
1.0
1.0
0.9999956
0.9999933
0.9999994
1.0
1.0
1.0
1.0
1.0
1.0
1.0
1.0
1.0
0.9999999
1.0
1.0
0.9999988
1.0
1.0
0.9999975
0.99999964
1.0
1.0
0.9999981
1.0
0.99958545
0.8161339
0.9999995
0.95846695
0.9999672
0.7718985
0.99906915
1.0
0.9999864
1.0
0.9999988
1.0
0.9999211
0.99999714
1.0
1.0
0.99964964
1.0
0.9999999
1.0
0.9998659
1.0
1.0
1.0
0.9999821
0.99999976
1.0
0.9999999
1.0
1.0
1.0
1.0
1.0
1.0
0.9999933
0.9995901
1.0
1.0
0.9999999
1.0
1.0
1.0
1.0
0.99991083
0.99999905
1.0
0.9999418
0.99999917
0.9999839
1.0
1.0
0.63829535
1.0
0.9999304
1.0
1.0
1.0
1.0
0.9999615
1.0
0.9999995
1.0
1.0
0.99999297
0.9999912
1.0
0.99999964
0.9999895
1.0
1.0
1.0
0.99999845
1.0
1.0
1.0
1.0
1.0
0.99999976
1.0
0.99998784
0.9999999
1.0
0.9999999
1.0
0.99998975
1.0
0.99994564
0.9999999
1.0
1.0
1.0
1.0
0.99999654
1.0
1.0
0.9999993
0.9999989
1.0
0.999997
0.9998165
1.0
1.0
1.0
0.9999957
0.99999976
0.999995
0.9999989
0.9614584
0.99999976
1.0
1.0
1.0
1.0
0.999979
0.9999995
0.9999993
1.0
0.9999944
1.0
1.0
1.0
1.0
1.0
1.0
0.9999999
0.9999957
1.0
0.9980458
1.0
0.9999999
1.0
0.9999999
1.0
1.0
0.99999976
1.0
1.0
0.9999999
0.9637952
0.99241227
0.9999999
1.0
1.0
1.0
0.9999999
1.0
1.0
0.9994937
1.0
0.9999945
1.0
1.0
1.0
0.9999715
0.9999999
0.9999994
1.0
1.0
1.0
1.0
1.0
0.9999969
1.0
1.0
1.0
1.0
0.99998915
1.0
1.0
0.99990845
1.0
0.99999845
0.99999964
1.0
0.99998224
0.9533941
1.0
1.0
1.0
1.0
0.9999906
0.99740356
1.0
1.0
0.9999999
0.9999964
1.0
1.0
1.0
1.0
0.99999976
0.9999633
1.0
0.9999993
1.0
1.0
1.0
1.0
0.99971217
1.0
1.0
0.99923503
0.9893652
1.0
1.0
0.99999714
0.99999714
1.0
1.0
1.0
0.9999999
1.0
1.0
1.0
0.99958926
0.58289903
1.0
0.9999999
1.0
1.0
1.0
1.0
0.99993277
0.9999763
1.0
1.0
0.9999999
0.9999726
1.0
0.9991345
0.9836115
1.0
0.999982
0.9999999
0.9999999
0.9999994
1.0
0.99999964
1.0
0.9999999
0.5182274
0.9999999
1.0
1.0
0.99999964
0.94547427
0.99999666
0.9999323
0.9999999
1.0
0.9999999
1.0
1.0
1.0
0.99999666
0.9999949
0.9999999
1.0
0.9999999
1.0
1.0
1.0
1.0
0.9999993
1.0
1.0
1.0
1.0
0.9999999
1.0
1.0
0.9999958
0.93751407
0.7790606
1.0
1.0
0.9983494
1.0
1.0
0.9999503
1.0
1.0
0.7303177
1.0
0.99999774
0.9999999
0.99999034
1.0
1.0
0.99999964
1.0
1.0
1.0
0.9999958
0.998106
0.99999905
0.9935998
0.999995
1.0
1.0
0.9999999
1.0
0.99999714
1.0
1.0
1.0
1.0
1.0
1.0
1.0
1.0
1.0
1.0
1.0
1.0
1.0
0.9995566
0.9999368
0.99999976
1.0
1.0
1.0
1.0
0.99999976
1.0
0.9999993
1.0
1.0
1.0
1.0
1.0
1.0
1.0
1.0
1.0
1.0
0.99966896
0.9999974
0.9999999
1.0
1.0
1.0
0.99986374
1.0
1.0
0.99994767
1.0
0.9999894
1.0
1.0
1.0
1.0
1.0
0.9998578
1.0
1.0
0.99999857
1.0
1.0
1.0
0.9999987
1.0
1.0
1.0
1.0
1.0
0.9999963
1.0
1.0
0.95563096
1.0
1.0
0.99999726
0.9999938
1.0
1.0
1.0
1.0
0.9999995
0.999982
1.0
1.0
1.0
0.99999976
1.0
0.9999721
1.0
1.0
1.0
0.99995625
1.0
1.0
1.0
0.9999999
1.0
0.99997246
1.0
1.0
0.9999943
1.0
0.99977356
1.0
0.96802586
1.0
1.0
1.0
1.0
1.0
1.0
0.9999993
1.0
1.0
0.99999905
0.99999726
1.0
0.9999926
1.0
1.0
1.0
0.99999976
1.0
1.0
0.9999356
1.0
1.0
1.0
0.9999422
1.0
1.0
1.0
0.9999932
0.9999906
1.0
0.9996847
1.0
1.0
0.9999994
0.9999703
0.8648414
0.9256764
1.0
0.99999475
1.0
1.0
0.9999974
1.0
0.9999944
0.99999976
1.0
1.0
1.0
0.9995573
0.99999404
1.0
0.9999993
1.0
0.99992335
1.0
0.9999727
0.9999968
1.0
1.0
0.9999691
1.0
1.0
0.99990356
1.0
1.0
1.0
0.9999999
1.0
1.0
0.99998796
0.99999976
0.9999994
0.9999999
1.0
1.0
0.99999976
1.0
0.9956708
1.0
0.9999298
1.0
0.9999999
1.0
0.9999989
1.0
1.0
1.0
1.0
1.0
0.99995637
1.0
0.90041536
0.99542266
0.99999285
1.0
0.99999976
1.0
0.99999917
1.0
0.9999962
0.8254673
1.0
0.99999917
0.9998259
0.9999981
0.99999964
1.0
1.0
0.99999607
0.99893206
0.9999999
0.99704283
1.0
0.9999844
1.0
0.99999917
0.99999976
0.9999999
0.9682713
0.99999905
1.0
1.0
0.9999075
0.9999999
1.0
1.0
1.0
1.0
0.9999999
0.9999999
1.0
1.0
1.0
1.0
1.0
0.99998164
1.0
1.0
0.99999964
1.0
1.0
1.0
1.0
1.0
0.99999964
0.9999995
0.9999999
0.9999969
0.9999895
1.0
1.0
1.0
0.99999964
0.9999473
1.0
0.9999932
1.0
0.9999987
1.0
0.9997248
1.0
1.0
1.0
0.9999999
1.0
0.9999957
1.0
0.99998987
0.99999964
1.0
0.9999999
1.0
0.9999982
1.0
0.9992847
0.9999757
1.0
0.9999994
1.0
0.9999995
1.0
0.9999999
1.0
1.0
0.99999976
0.9997794
0.9965418
1.0
1.0
1.0
1.0
1.0
0.43935993
1.0
1.0
0.9999999
1.0
0.99998915
0.99926704
1.0
1.0
0.99999976
1.0
0.9999932
0.99999464
1.0
1.0
1.0
0.9999982
0.9999976
0.99999964
0.99999964
0.9999999
1.0
0.9999999
0.9989525
0.999998
1.0
1.0
1.0
1.0
1.0
1.0
1.0
1.0
0.9640296
1.0
1.0
1.0
1.0
0.99999964
1.0
1.0
1.0
0.99998283
0.99999976
1.0
1.0
1.0
1.0
0.9999999
0.9999988
0.99999976
0.99997103
1.0
0.9999999
1.0
1.0
0.9999994
1.0
1.0
0.9999994
1.0
1.0
0.9999999
1.0
0.9999999
1.0
0.99999905
1.0
0.9994506
0.9999999
1.0
0.9999999
1.0
0.6590539
1.0
0.65480447
1.0
1.0
0.9999995
1.0
0.9999925
1.0
0.9999989
0.99999416
1.0
1.0
1.0
1.0
1.0
0.99415475
1.0
0.999997
0.9999999
1.0
0.9999964
1.0
1.0
1.0
1.0
0.9999826
1.0
1.0
0.9999999
1.0
0.99999857
1.0
0.9999944
0.99999964
0.99998975
1.0
1.0
0.9999993
1.0
0.99999845
0.9999927
1.0
1.0
0.9998462
1.0
1.0
1.0
1.0
0.9999994
1.0
1.0
0.99994457
1.0
0.99990165
1.0
1.0
0.99989474
1.0
0.99999976
1.0
0.99996233
1.0
1.0
1.0
1.0
0.9997303
1.0
1.0
0.99928004
0.94019246
1.0
0.9999999
1.0
1.0
0.99999964
1.0
1.0
1.0
0.9991223
0.9985038
1.0
0.9999987
1.0
1.0
1.0
1.0
0.99999976
1.0
1.0
0.999577
1.0
0.9998889
1.0
0.9888011
1.0
0.9999994
0.9999627
1.0
0.9999999
0.99999785
1.0
1.0
1.0
0.99989843
0.99999964
1.0
1.0
1.0
0.9999995
1.0
1.0
0.8363035
1.0
0.8622888
1.0
0.9999887
1.0
1.0
1.0
0.9955193
0.9999999
1.0
0.9999999
0.9999999
0.99999833
1.0
0.9999974
1.0
0.99996054
0.7193909
0.9999273
0.9999982
1.0
0.99999964
0.50071186
0.99999106
1.0
1.0
0.99999154
0.99999964
0.9999999
1.0
1.0
0.9998776
1.0
0.99999964
1.0
0.9859613
1.0
0.9999999
0.9999248
0.9999993
1.0
0.9999999
1.0
1.0
0.99999976
1.0
1.0
0.9999993
0.999998
0.99999964
1.0
1.0
0.9999999
1.0
0.9998215
1.0
0.99992895
0.9996039
0.99999857
1.0
1.0
1.0
0.9999999
1.0
0.99927074
0.99667776
1.0
0.99999964
1.0
1.0
1.0
0.999897
1.0
1.0
0.9999058
1.0
0.9999795
0.99999976
0.9999999
1.0
1.0
1.0
0.9999995
0.9999999
1.0
0.99998975
0.9999994
1.0
1.0
1.0
0.99999714
1.0
1.0
1.0
0.8941295
1.0
1.0
1.0
1.0
1.0
0.99999857
0.90462905
1.0
0.99870956
1.0
0.9999995
0.9999982
1.0
1.0
0.9999994
0.9999994
0.9999999
0.97469145
1.0
0.99974054
1.0
1.0
1.0
0.9999994
0.99999225
0.99999917
0.9999999
0.9999043
0.99999344
0.9999994
1.0
1.0
0.9999974
1.0
1.0
0.99992514
0.9999895
0.9999999
1.0
1.0
1.0
1.0
1.0
1.0
0.9978911
0.9999957
0.99999917
1.0
1.0
1.0
1.0
1.0
0.9999999
1.0
1.0
0.99999976
1.0
0.9999944
0.99990404
1.0
1.0
0.99999964
1.0
0.9999994
1.0
0.999877
0.99999964
1.0
1.0
1.0
1.0
0.9999502
1.0
0.8630765
0.99998736
0.99997866
1.0
0.9999924
1.0
1.0
1.0
0.9999999
0.9999635
0.9992336
1.0
1.0
1.0
1.0
0.9999995
0.9999999
1.0
0.999998
1.0
1.0
0.4659995
0.99207497
1.0
0.9999995
1.0
1.0
1.0
1.0
1.0
0.9995154
1.0
0.9994361
1.0
0.99989367
0.99999976
0.99861455
1.0
1.0
1.0
0.9999999
1.0
0.9999895
0.9997117
1.0
0.999982
0.9999907
0.99987674
0.99998987
1.0
1.0
0.9999639
1.0
0.99999964
0.9999566
1.0
1.0
1.0
1.0
1.0
0.9963341
0.9999994
0.9999989
1.0
1.0
0.99999964
0.98402184
1.0
1.0
0.9999939
0.9999957
1.0
0.9999999
0.9999943
0.99999976
1.0
0.9999676
1.0
1.0
0.9999987
1.0
1.0
0.99999976
0.99999964
1.0
1.0
1.0
1.0
1.0
0.9999411
1.0
1.0
1.0
1.0
1.0
0.99999917
1.0
0.9999999
1.0
0.99997663
1.0
0.9999703
1.0
0.9999858
0.9999994
1.0
1.0
0.97628933
0.9999999
1.0
1.0
1.0
0.99999034
1.0
0.99999166
0.99995434
0.9999646
0.99999976
0.9999987
0.99999976
1.0
0.9999863
1.0
0.9999963
1.0
0.9999995
1.0
0.9577343
1.0
0.9583965
0.9999696
1.0
0.9999999
1.0
0.6061981
1.0
1.0
0.67276967
0.99993014
0.9999987
0.9999999
1.0
1.0
1.0
1.0
1.0
1.0
0.9999999
1.0
1.0
0.99998844
1.0
1.0
0.99999976
0.9999994
1.0
0.7472715
1.0
0.9901978
1.0
0.96960485
0.9098739
1.0
1.0
1.0
0.99999917
0.99835324
1.0
1.0
0.9999895
0.9999999
1.0
1.0
0.9999962
1.0
1.0
0.9994387
0.99874794
1.0
1.0
1.0
1.0
1.0
0.999985
1.0
1.0
0.9999938
1.0
0.99923205
1.0
1.0
0.99999976
1.0
1.0
0.9999814
1.0
1.0
0.9999999
1.0
0.99999905
1.0
0.9999999
0.99995935
1.0
0.9999987
1.0
1.0
0.98497415
0.9999999
1.0
1.0
0.9999999
1.0
1.0
0.99972314
1.0
0.9994703
1.0
0.93209213
0.9999995
1.0
0.9999887
1.0
0.9999999
0.9999999
0.9999958
1.0
0.99999785
0.9084476
1.0
1.0
0.99999547
1.0
0.99999964
0.9999634
0.9999994
1.0
1.0
1.0
1.0
1.0
0.9999503
1.0
1.0
0.99999475
1.0
1.0
0.9999999
0.99481297
1.0
1.0
1.0
1.0
1.0
1.0
0.99999726
0.9999999
0.9999999
1.0
1.0
1.0
0.9962022
0.9999999
1.0
1.0
1.0
0.9999999
0.9999987
1.0
1.0
1.0
1.0
1.0
1.0
1.0
1.0
1.0
0.9999995
0.9992712
1.0
0.99999917
1.0
1.0
0.99998367
1.0
0.9986551
1.0
1.0
0.83321935
0.9999161
1.0
1.0
1.0
0.9905105
1.0
1.0
0.99646497
0.9999994
0.99999905
1.0
1.0
1.0
0.9999937
0.9999924
0.9999964
1.0
1.0
1.0
0.99999607
1.0
0.9999999
1.0
0.9999989
0.9999999
0.9999938
1.0
0.55187625
0.9999994
0.99999833
0.9999995
1.0
0.9999999
1.0
0.9998932
0.7607046
0.99994445
1.0
1.0
0.9999739
0.9328195
1.0
1.0
0.99999833
1.0
0.9999999
1.0
1.0
0.9999951
1.0
0.9999999
1.0
1.0
1.0
1.0
0.9885494
1.0
1.0
1.0
0.9999999
1.0
0.9999974
1.0
0.9999999
1.0
1.0
0.9996747
0.9999999
1.0
0.9999995
1.0
1.0
0.91059524
0.99998605
1.0
1.0
1.0
0.9999993
1.0
0.9999963
0.9999995
1.0
1.0
0.9999999
1.0
1.0
1.0
0.99999976
1.0
0.99999964
0.9856294
0.99998343
0.99999714
1.0
0.9999993
1.0
1.0
1.0
1.0
0.99998784
0.9999999
0.99999857
1.0
0.9999995
1.0
1.0
0.9999951
0.99999976
0.5812741
1.0
1.0
0.99999666
1.0
1.0
1.0
1.0
0.9999994
1.0
0.9843002
0.99991333
0.9999995
0.99999976
1.0
0.9999999
0.9999999
1.0
0.99997187
0.9554736
1.0
0.99996173
1.0
0.99999964
0.99996746
1.0
0.99999905
1.0
1.0
0.9999958
1.0
1.0
0.99999094
1.0
1.0
1.0
1.0
1.0
0.99822897
0.9999999
1.0
0.9999999
1.0
0.99999464
1.0
1.0
1.0
0.9999999
0.9999962
0.9999833
1.0
1.0
0.9999994
0.99999154
1.0
1.0
1.0
0.99972504
1.0
0.9999999
1.0
0.9998789
0.9999994
0.9999969
1.0
1.0
0.9999945
0.99999905
1.0
1.0
1.0
1.0
1.0
1.0
1.0
0.99991643
1.0
1.0
0.99928194
0.99999857
1.0
0.9997726
1.0
0.9999999
0.9999987
1.0
1.0
1.0
0.54843014
0.9999999
0.9998411
1.0
1.0
0.9798852
1.0
0.9999993
0.9999999
1.0
0.9999981
0.9999999
1.0
1.0
1.0
1.0
0.99999964
0.99999976
1.0
1.0
0.99999297
0.9999988
0.99974376
0.99632275
1.0
0.7143793
0.999998
1.0
1.0
1.0
1.0
0.99999905
0.99999833
0.99994993
1.0
0.9999987
1.0
1.0
1.0
1.0
1.0
1.0
1.0
1.0
1.0
1.0
0.99991703
1.0
0.9999993
0.9999999
1.0
0.99999964
1.0
1.0
1.0
0.9999999
1.0
0.99999976
1.0
0.9999995
0.99989045
1.0
0.99999976
0.9999182
1.0
0.9999987
0.999987
1.0
1.0
0.99999654
0.9999999
0.9954857
0.9999994
1.0
0.9999722
1.0
0.99999785
0.99997294
0.99555343
1.0
1.0
1.0
1.0
1.0
1.0
0.9999999
1.0
0.9999999
1.0
1.0
0.9999999
0.9994863
1.0
1.0
1.0
1.0
1.0
0.9999999
0.9999963
1.0
1.0
1.0
1.0
1.0
0.99987125
1.0
0.9690754
1.0
1.0
0.9998808
0.99999774
0.99999774
0.99999905
1.0
0.9999814
0.9999894
0.9999999
1.0
0.99999976
1.0
0.9998512
0.9999628
1.0
1.0
1.0
1.0
1.0
1.0
1.0
1.0
0.99999976
0.99999654
0.9999999
1.0
1.0
0.99999976
0.9999993
1.0
0.9995258
1.0
0.9964863
0.99999774
1.0
1.0
1.0
1.0
0.996418
0.9998307
1.0
0.9999999
0.99888927
0.9999913
1.0
1.0
1.0
0.9999995
1.0
0.88413376
0.99999857
0.99999714
1.0
1.0
0.7970152
1.0
1.0
0.975995
0.9998049
0.9999993
1.0
0.99997985
0.9999933
0.99992895
1.0
1.0
0.99999774
0.6093661
0.9999962
0.9999993
1.0
1.0
0.9999696
1.0
1.0
1.0
1.0
0.99992335
0.9999999
1.0
1.0
0.9999999
0.9999968
1.0
0.9670476
0.9999968
1.0
1.0
0.9999956
1.0
1.0
1.0
1.0
1.0
1.0
1.0
1.0
1.0
0.9998274
1.0
1.0
1.0
1.0
0.99999774
0.9999604
0.9999994
1.0
0.72312033
1.0
0.9999999
1.0
1.0
0.9390196
0.9998522
1.0
0.99999917
1.0
1.0
0.9999987
0.99997365
1.0
0.97394776
1.0
0.7971803
0.9999999
1.0
1.0
0.9998801
1.0
0.99999976
0.99997246
1.0
0.7677358
1.0
1.0
1.0
1.0
0.9999989
1.0
0.99999714
1.0
1.0
1.0
0.7596547
0.9992112
0.9999976
1.0
0.9999999
1.0
0.6468274
0.99999976
1.0
0.99997354
1.0
1.0
1.0
1.0
0.9999988
1.0
1.0
1.0
0.9999999
0.999892
1.0
0.9999995
0.99999976
1.0
0.99999106
1.0
1.0
1.0
0.9999963
0.9999988
1.0
1.0
0.999987
0.9999943
1.0
1.0
1.0
0.9999957
0.9999999
0.99999917
0.9999926
1.0
1.0
1.0
1.0
0.99984646
0.9999999
1.0
1.0
1.0
1.0
1.0
1.0
0.8219437
1.0
1.0
0.9998246
0.97081
1.0
1.0
0.96166295
1.0
0.9999999
1.0
0.9999573
1.0
0.99336314
0.99999964
0.9999999
0.99997556
1.0
0.99994075
1.0
1.0
1.0
1.0
1.0
1.0
1.0
1.0
0.9999999
1.0
1.0
0.99997604
1.0
1.0
0.9986733
0.9999999
1.0
1.0
1.0
1.0
0.99999976
0.9999796
1.0
0.999979
0.99964476
1.0
1.0
1.0
1.0
1.0
1.0
0.9998882
1.0
0.9999999
0.9999995
1.0
0.9999851
1.0
0.9999999
1.0
1.0
0.9999988
0.99999905
0.9999926
0.9999994
1.0
1.0
1.0
1.0
0.9999994
1.0
0.99999976
1.0
0.9999999
1.0
1.0
1.0
0.99999547
0.99999833
1.0
1.0
0.9999999
1.0
1.0
1.0
0.9874836
1.0
0.99998426
0.99999976
1.0
1.0
0.9988373
0.9999999
1.0
1.0
0.99999535
1.0
0.9999999
0.9999994
0.8959611
1.0
1.0
1.0
1.0
1.0
1.0
1.0
0.99999976
1.0
0.9999968
1.0
0.99999845
0.954177
1.0
1.0
0.99999464
1.0
0.99995184
0.9998938
0.9999994
1.0
1.0
0.9999999
1.0
1.0
1.0
0.9999999
0.9512166
1.0
1.0
1.0
1.0
1.0
0.99361444
1.0
1.0
1.0
0.99999416
1.0
0.99997354
1.0
1.0
1.0
1.0
0.99999976
0.99989605
0.9999962
1.0
0.99652606
1.0
1.0
0.99999547
1.0
0.999998
1.0
1.0
1.0
0.9999976
0.9999753
1.0
1.0
0.99999976
0.99938834
1.0
1.0
1.0
1.0
1.0
1.0
1.0
0.9999901
1.0
1.0
1.0
1.0
1.0
1.0
0.9999943
1.0
1.0
0.9999999
1.0
0.9999999
1.0
0.99999106
1.0
1.0
1.0
0.83666974
0.99999905
0.9999932
0.99999976
1.0
0.9999999
1.0
1.0
0.9999652
0.9999962
1.0
0.9137976
1.0
0.9999999
1.0
1.0
1.0
1.0
0.994827
0.99999976
1.0
1.0
1.0
0.99999833
0.9999529
0.9999999
0.99999094
0.9999981
0.99999905
1.0
1.0
0.9999999
1.0
1.0
1.0
0.9999995
0.9999796
0.83700824
1.0
0.99996066
1.0
1.0
1.0
0.9999993
1.0
0.74136734
0.9999999
1.0
0.9999522
1.0
1.0
0.9999999
1.0
0.99064505
1.0
1.0
0.99999976
0.9999633
1.0
1.0
0.9999999
1.0
1.0
1.0
0.99770457
0.99999475
1.0
1.0
0.9981219
0.9999989
0.9999999
1.0
0.99981457
1.0
0.9999993
0.9999999
1.0
1.0
0.97946155
0.9992741
0.99999976
0.9999937
1.0
1.0
1.0
0.89753413
0.99998856
1.0
0.9999989
1.0
0.99994695
0.99999905
1.0
0.9999913
0.999997
1.0
1.0
1.0
1.0
1.0
1.0
1.0
1.0
0.9999782
1.0
0.9999993
1.0
0.99999964
0.9999126
0.9999999
1.0
0.99962044
0.9999993
1.0
1.0
0.9999975
1.0
1.0
1.0
0.8424552
0.99999976
0.99999833
1.0
1.0
1.0
0.9999999
1.0
0.9995616
0.9999994
1.0
1.0
1.0
1.0
1.0
1.0
0.99999785
1.0
1.0
0.9999703
1.0
1.0
0.9999999
1.0
0.9999975
0.9999999
0.9999715
0.9999999
0.99903786
0.9999989
1.0
1.0
1.0
0.9999676
0.9999999
0.99929774
0.9999999
0.9999933
0.99996173
1.0
0.9996137
1.0
1.0
1.0
0.99999356
0.9999176
0.93629014
0.9999999
1.0
1.0
1.0
1.0
0.9999999
1.0
0.9999989
0.9999981
0.9999968
1.0
1.0
1.0
0.9999604
1.0
1.0
0.99999833
1.0
1.0
1.0
0.9999999
0.9999912
1.0
1.0
0.9999995
0.9998275
1.0
1.0
1.0
0.99999905
1.0
1.0
1.0
1.0
0.9999943
0.999995
0.99999976
1.0
0.9983358
1.0
1.0
1.0
0.99998975
0.8709898
1.0
1.0
0.9999999
0.9953843
1.0
1.0
0.99999976
0.9999999
1.0
0.9999999
0.99999285
1.0
1.0
1.0
1.0
0.99999964
1.0
0.99996996
0.998033
0.9999999
1.0
1.0
1.0
0.99999833
0.99999964
1.0
0.99999964
1.0
0.9818154
1.0
0.9999995
0.9994536
0.999998
1.0
1.0
1.0
1.0
1.0
1.0
0.9954827
1.0
0.99999964
1.0
1.0
0.999995
0.99999595
0.99999917
1.0
1.0
1.0
0.9999881
0.9999714
0.9979048
1.0
0.9999999
1.0
0.99948955
0.9999999
0.9999968
0.9999994
1.0
1.0
0.99999833
0.99999833
1.0
1.0
0.99999785
1.0
1.0
0.9999671
1.0
1.0
0.9999894
0.99999917
0.9999999
0.99986124
1.0
1.0
1.0
1.0
0.99947816
1.0
1.0
1.0
1.0
1.0
0.9999999
1.0
1.0
0.99987304
1.0
0.9999658
0.9997315
0.9999995
0.9999845
0.9999999
1.0
0.99999976
1.0
0.99875045
1.0
0.9999999
1.0
1.0
0.9999976
0.9999964
0.9999999
0.99995315
1.0
1.0
0.99991953
1.0
1.0
1.0
1.0
0.9999999
0.996201
1.0
1.0
0.9999994
0.99999785
0.9999989
1.0
1.0
0.99999964
0.9999999
0.9999987
1.0
1.0
1.0
1.0
0.9999999
1.0
1.0
0.99994886
1.0
1.0
1.0
1.0
1.0
1.0
0.9737176
0.9999981
1.0
1.0
1.0
1.0
0.99999976
1.0
0.9999999
1.0
0.99927217
0.99999726
1.0
1.0
0.9999995
0.9999926
0.999997
1.0
1.0
1.0
0.9999994
1.0
0.91300124
0.9997881
1.0
1.0
1.0
1.0
1.0
0.99999607
0.99995744
0.9999975
1.0
0.9999757
0.9999491
0.99999905
0.9999497
1.0
0.9987288
1.0
0.995304
0.9999993
1.0
1.0
1.0
1.0
1.0
1.0
1.0
0.9999833
0.9981944
0.9990252
1.0
0.9999999
1.0
1.0
1.0
1.0
0.9917173
1.0
0.9992611
0.99999976
0.9999944
1.0
0.9999999
1.0
1.0
0.99999976
1.0
0.9999999
1.0
0.99999845
1.0
1.0
1.0
1.0
0.9999995
1.0
1.0
0.99999845
1.0
0.99999917
0.9999951
0.9999871
1.0
1.0
1.0
1.0
0.9999989
1.0
0.9995621
0.9999827
0.99999547
1.0
0.9999033
1.0
1.0
1.0
0.99990475
1.0
0.9999999
0.9999999
1.0
0.9987857
1.0
0.99999964
1.0
0.9999969
0.999998
0.9999968
0.99999964
0.99999964
0.9999995
0.99999976
0.99999976
1.0
0.9999161
1.0
0.99999976
1.0
1.0
1.0
1.0
0.9997181
1.0
0.9999714
1.0
0.99999917
1.0
1.0
0.9998437
0.9936957
1.0
0.9999989
0.99999976
1.0
1.0
1.0
0.99999464
1.0
0.9998908
1.0
1.0
0.99941945
0.9999994
1.0
1.0
1.0
1.0
1.0
1.0
1.0
1.0
1.0
1.0
0.999997
0.99999845
0.99999964
1.0
1.0
1.0
1.0
1.0
0.9999908
1.0
1.0
1.0
0.9999999
0.9999957
1.0
1.0
0.99999976
1.0
1.0
0.9999707
1.0
0.99995434
1.0
0.9999999
1.0
1.0
1.0
0.99999976
1.0
1.0
1.0
0.9999995
0.999998
0.9999999
1.0
0.9998851
1.0
1.0
0.99999714
0.9999994
0.9999727
0.9998784
0.9999999
1.0
0.9999993
1.0
0.66169727
1.0
0.9999995
0.9999975
0.9996395
0.99999547
0.52996886
1.0
0.99997914
0.9963181
1.0
1.0
1.0
1.0
1.0
1.0
0.99999976
0.9772727
0.79554117
0.99996686
0.9999994
1.0
0.99999976
1.0
0.9997296
0.9999968
1.0
1.0
1.0
1.0
1.0
0.949599
0.64016974
1.0
1.0
0.9999951
1.0
1.0
0.99955755
1.0
0.99998856
1.0
1.0
0.9999987
1.0
0.9999902
1.0
0.9999989
1.0
0.9999863
1.0
0.9999993
1.0
1.0
0.99999976
0.9999931
0.9999825
0.9999999
0.9985185
1.0
0.9999964
1.0
1.0
1.0
1.0
0.999491
1.0
1.0
1.0
0.9999958
0.9999901
1.0
0.9999143
1.0
0.8929132
1.0
1.0
1.0
1.0
0.99999905
0.9999993
1.0
1.0
0.9999486
0.99441636
1.0
0.99999785
1.0
0.9999999
1.0
0.9999981
0.9999995
1.0
1.0
1.0
1.0
1.0
1.0
0.99999964
1.0
0.999884
1.0
0.99999845
1.0
1.0
0.99999547
1.0
1.0
0.99999833
0.69484895
1.0
1.0
0.9999989
0.99999976
1.0
1.0
1.0
0.9999999
0.9999988
0.99998724
1.0
0.9999999
1.0
1.0
1.0
1.0
0.9999993
1.0
1.0
1.0
1.0
1.0
1.0
0.9999963
1.0
0.99999833
1.0
1.0
0.9942893
0.6021731
1.0
0.9999491
1.0
1.0
1.0
1.0
1.0
1.0
0.99996233
0.9999999
1.0
1.0
0.7573551
1.0
1.0
1.0
1.0
0.99991524
1.0
1.0
1.0
1.0
0.9999999
0.99999964
1.0
1.0
1.0
0.99999976
1.0
1.0
0.9999925
1.0
1.0
1.0
1.0
1.0
0.99999964
0.9999993
0.9999999
0.9999553
0.9999999
0.99969506
0.99998736
0.9999999
1.0
0.9999981
1.0
0.99326164
0.9945964
0.9999994
0.9999944
1.0
1.0
0.9991559
0.9999316
1.0
0.99993527
1.0
1.0
1.0
0.99999905
0.9999932
1.0
1.0
0.99999976
1.0
0.9999999
1.0
0.98718214
0.9997453
0.9999995
0.9999585
0.99991024
0.9999064
1.0
0.99999714
1.0
0.9998534
1.0
1.0
1.0
0.9999999
0.99999976
1.0
1.0
0.99999976
0.99999964
1.0
1.0
1.0
0.99999976
0.9999999
1.0
1.0
1.0
1.0
0.99997497
1.0
1.0
0.9999068
0.99999976
1.0
1.0
1.0
0.9999999
0.99978584
1.0
1.0
1.0
1.0
0.9999995
0.9998797
0.99999833
1.0
0.9999999
0.999995
1.0
1.0
1.0
0.99999976
0.9999995
1.0
1.0
0.9999974
0.9999999
1.0
1.0
1.0
0.9941257
0.99999964
1.0
0.9999999
0.9999865
1.0
1.0
0.9999739
1.0
1.0
1.0
1.0
1.0
0.99999964
1.0
1.0
1.0
0.99992955
1.0
1.0
1.0
0.99999976
0.99999976
1.0
0.9999596
1.0
1.0
1.0
1.0
0.9993259
1.0
1.0
1.0
0.99998057
1.0
1.0
0.94132316
1.0
1.0
1.0
0.9999832
1.0
1.0
1.0
1.0
1.0
0.99999523
0.9978846
1.0
0.99998426
0.9998524
0.9999912
1.0
0.9999999
1.0
1.0
1.0
1.0
1.0
1.0
1.0
0.99481404
0.9999926
0.99996746
1.0
0.9999944
1.0
1.0
1.0
0.9999999
1.0
0.99942917
0.999998
0.9999974
0.9999925
1.0
1.0
0.9999987
0.99999774
1.0
0.99997985
1.0
1.0
0.9999999
0.99999964
1.0
1.0
1.0
0.99995613
1.0
1.0
0.99989426
1.0
1.0
0.99999964
1.0
1.0
1.0
0.99999964
0.98339945
0.985994
1.0
1.0
1.0
1.0
0.9999999
0.9999999
0.99999964
1.0
1.0
1.0
0.99999976
1.0
1.0
0.99999917
0.9999994
1.0
1.0
1.0
0.9999958
0.9999999
1.0
1.0
0.99999917
1.0
1.0
1.0
0.99791616
0.9999999
0.9999888
1.0
1.0
1.0
1.0
1.0
1.0
1.0
0.9993325
1.0
0.9999877
0.99999154
0.97425234
0.9999995
1.0
0.999995
1.0
1.0
0.9963844
0.9986664
0.9999994
1.0
1.0
1.0
0.9996934
0.9999999
0.99987495
0.9999999
1.0
0.9999995
1.0
1.0
1.0
1.0
0.99999976
1.0
1.0
1.0
0.9999999
1.0
0.99999046
1.0
0.99999964
0.99983394
1.0
1.0
1.0
0.99999726
1.0
0.9999994
1.0
0.9998741
1.0
1.0
1.0
0.99999475
1.0
0.99999964
0.9999993
0.9997563
1.0
1.0
1.0
1.0
1.0
0.9999999
0.55123305
0.9999993
1.0
0.9999999
0.9999702
1.0
0.999998
0.9999999
0.9999933
1.0
0.99999726
1.0
0.9999993
1.0
0.99999964
1.0
1.0
1.0
0.9999999
1.0
1.0
1.0
1.0
0.9999999
1.0
1.0
1.0
0.99999857
0.9999963
1.0
1.0
0.9999987
0.99999976
1.0
0.999998
1.0
0.99999964
1.0
0.9961332
0.99999356
0.9999999
0.99999905
0.9999881
0.99999964
1.0
0.9999993
0.99999857
1.0
0.99999464
1.0
1.0
1.0
0.99999976
1.0
1.0
1.0
1.0
0.99470454
0.99999917
1.0
0.9999999
1.0
1.0
0.99998546
0.99990416
1.0
0.9999988
0.9872846
1.0
0.99994457
1.0
1.0
1.0
0.999933
1.0
0.9999995
0.99999213
0.999998
1.0
1.0
0.9999994
0.99999964
1.0
1.0
1.0
1.0
1.0
1.0
1.0
1.0
0.9986481
0.9826529
1.0
0.99999404
0.9999989
1.0
1.0
1.0
1.0
0.9999999
1.0
1.0
1.0
1.0
0.9999975
0.9999815
1.0
0.99999845
0.9998734
1.0
0.99995863
0.9999999
1.0
1.0
0.9999496
1.0
1.0
0.9999999
1.0
0.97844416
0.99999976
1.0
0.9999956
0.9999999
1.0
0.99999976
0.9999999
0.99899346
1.0
0.99999964
0.9999999
1.0
1.0
1.0
0.9999974
1.0
0.9999056
1.0
0.99999845
1.0
0.9999999
0.99934083
1.0
1.0
1.0
0.9997421
1.0
0.99999833
1.0
0.9999244
0.7099458
1.0
0.9999994
0.99999964
1.0
0.99999845
0.99999833
0.9999957
1.0
1.0
1.0
1.0
1.0
0.9999988
1.0
0.99998796
0.9995999
1.0
0.99999976
0.99999976
1.0
0.9999871
1.0
0.99995506
0.7970328
0.99963725
1.0
1.0
1.0
1.0
1.0
0.99999917
0.9999999
0.99999964
1.0
1.0
1.0
0.9999999
1.0
0.99999547
0.99999523
0.9999769
0.9999999
1.0
1.0
1.0
0.99943537
1.0
0.9999987
1.0
1.0
0.9999975
1.0
0.9999981
1.0
0.99995387
1.0
0.999997
0.9999999
1.0
1.0
1.0
0.9999999
0.99994755
0.99999225
0.99868566
0.99985445
0.99999595
1.0
1.0
0.9999794
1.0
1.0
0.9999995
1.0
1.0
1.0
1.0
1.0
0.9999999
1.0
0.9999999
0.9999995
1.0
0.9995834
1.0
1.0
1.0
1.0
0.9999999
1.0
1.0
0.9999088
1.0
1.0
0.9999918
1.0
1.0
0.99999917
1.0
0.99999976
0.9999969
0.9999995
0.9999999
1.0
0.9999999
1.0
1.0
1.0
1.0
1.0
1.0
0.999998
0.9999999
1.0
1.0
1.0
1.0
1.0
0.9999989
0.9999993
0.9999994
1.0
1.0
0.99726653
1.0
1.0
1.0
0.99986005
1.0
0.9999716
1.0
1.0
1.0
1.0
0.9999993
1.0
1.0
0.9999931
1.0
1.0
1.0
1.0
1.0
1.0
1.0
0.9999999
0.93740284
0.9999999
1.0
1.0
1.0
1.0
0.99999905
0.9999585
1.0
0.99999976
1.0
1.0
1.0
0.9999566
1.0
0.99999976
1.0
1.0
1.0
1.0
1.0
0.99357235
1.0
1.0
1.0
0.9999975
1.0
1.0
1.0
0.9999813
0.9999988
1.0
0.99999964
0.99999976
1.0
0.99999917
1.0
0.9950028
0.9999994
0.9999999
0.99916923
1.0
0.99999225
0.9999809
1.0
0.9960664
0.85251606
0.99999976
0.99951327
0.99528027
1.0
1.0
0.99999976
1.0
1.0
0.9999778
1.0
0.9999988
0.9999337
0.99999976
1.0
0.9951094
1.0
0.99999726
1.0
1.0
1.0
0.99999857
0.9933193
1.0
0.9727225
1.0
1.0
0.99998844
0.9999125
0.9999826
0.9999975
1.0
1.0
1.0
1.0
0.99864644
0.99999976
1.0
0.9999999
0.99957496
0.6239074
1.0
1.0
1.0
1.0
0.99999905
1.0
1.0
1.0
0.9999738
1.0
0.5636512
1.0
0.98432565
1.0
0.9999963
0.9999999
1.0
0.9999963
1.0
1.0
1.0
1.0
0.9999914
0.9999957
1.0
1.0
0.9997942
1.0
0.9992747
1.0
1.0
0.9999387
1.0
0.9999498
1.0
1.0
0.99999917
1.0
0.9993624
1.0
0.9411241
1.0
0.9999989
0.99884415
1.0
1.0
1.0
1.0
1.0
0.99952996
0.999739
1.0
0.9999999
0.9661641
1.0
1.0
1.0
0.99999976
1.0
1.0
1.0
1.0
1.0
0.99997056
1.0
1.0
1.0
0.9999999
0.9999577
1.0
0.9512399
0.99999666
0.9999893
1.0
0.99999845
1.0
1.0
1.0
0.9997576
1.0
1.0
1.0
0.8703309
1.0
0.9999999
0.967822
0.9999994
0.99999917
0.9999995
0.9999969
1.0
0.99994373
1.0
1.0
0.9999014
1.0
1.0
1.0
1.0
0.9999993
1.0
0.9992949
1.0
0.9999846
1.0
1.0
1.0
1.0
0.99997735
1.0
0.9999633
1.0
1.0
1.0
1.0
1.0
0.9999999
0.9999964
1.0
1.0
1.0
0.99999547
1.0
0.9999999
1.0
0.9714599
0.9999999
1.0
1.0
1.0
0.99999976
1.0
1.0
0.9999999
0.9976434
1.0
0.99999833
1.0
0.980963
1.0
1.0
0.9999987
1.0
1.0
1.0
0.99999547
1.0
1.0
1.0
1.0
0.9999999
1.0
1.0
1.0
1.0
0.9999999
1.0
0.9999968
0.9996307
1.0
1.0
1.0
1.0
1.0
1.0
1.0
1.0
1.0
0.9999999
1.0
1.0
0.99566275
0.9999846
0.58795446
0.99999964
0.98323256
1.0
1.0
0.9999716
1.0
0.9999999
1.0
0.99999964
0.99957687
0.9999994
0.99999917
1.0
1.0
1.0
1.0
1.0
1.0
1.0
0.99999905
0.9999826
1.0
1.0
0.9999995
0.9999994
0.9999999
0.9882974
0.9999943
0.9999999
0.99999964
0.9999999
1.0
1.0
0.99999964
0.9926185
0.99999964
0.99999976
1.0
1.0
0.99999976
1.0
0.9999995
0.9999994
0.9986754
0.99999475
0.9999994
0.9999999
1.0
1.0
1.0
0.9999999
0.9999999
0.999998
0.99032485
1.0
0.9994875
0.9999999
1.0
0.99999833
0.9999981
0.99999964
1.0
0.9999999
1.0
1.0
0.61141455
1.0
1.0
1.0
1.0
0.99999964
1.0
1.0
0.99977666
1.0
0.92787457
0.99895215
1.0
1.0
1.0
0.9999994
1.0
1.0
1.0
1.0
0.5999318
0.9999999
0.9999975
0.9999324
0.99999976
1.0
1.0
1.0
1.0
1.0
0.99999
1.0
1.0
0.9999932
1.0
1.0
1.0
0.9999987
1.0
1.0
0.9999888
1.0
1.0
1.0
1.0
0.99994993
0.9269072
1.0
0.9999994
0.99999785
1.0
1.0
0.99999976
1.0
0.99999917
1.0
0.99587506
1.0
0.9997255
0.9999999
1.0
1.0
1.0
1.0
0.99987435
1.0
1.0
0.9999994
0.972258
1.0
0.9999989
0.7344139
1.0
1.0
0.99999964
1.0
1.0
0.99999976
1.0
0.9999994
1.0
0.99998343
1.0
1.0
1.0
0.9999999
0.99838984
1.0
1.0
1.0
1.0
0.9999981
0.99994373
0.9998654
1.0
0.9999126
1.0
1.0
1.0
1.0
0.9999995
1.0
1.0
0.9999999
0.9999392
1.0
0.99999976
0.9999994
1.0
0.9999993
0.9999993
1.0
0.9999926
0.99999917
1.0
1.0
1.0
0.99999976
0.99997973
0.99996424
1.0
0.9999999
1.0
1.0
0.9999746
1.0
1.0
0.9998586
1.0
1.0
0.9999999
1.0
0.9999987
0.9994848
1.0
0.9997677
0.9999999
1.0
0.99999964
0.9999999
1.0
0.9999987
0.99999666
1.0
0.9999949
0.9999862
1.0
0.87886775
1.0
0.99998426
1.0
0.99999905
0.9999999
1.0
1.0
1.0
0.9817925
1.0
1.0
1.0
1.0
1.0
1.0
0.9999999
0.99999964
1.0
1.0
0.9999237
1.0
0.94076157
0.9999957
0.99999905
1.0
0.9999378
1.0
0.9999938
0.999997
0.9999839
0.9999888
1.0
1.0
1.0
0.9999993
1.0
1.0
0.9999987
0.9999927
0.99999535
1.0
0.9999671
1.0
0.9999343
0.99943465
1.0
0.9995148
1.0
1.0
1.0
0.90495294
0.9999995
0.99999845
1.0
1.0
1.0
0.99948585
0.99992836
1.0
1.0
1.0
0.99999833
1.0
1.0
1.0
1.0
0.9999995
1.0
0.9999933
0.999694
1.0
1.0
1.0
0.99999905
1.0
1.0
1.0
1.0
1.0
1.0
1.0
1.0
0.9999963
0.9908524
0.99998236
1.0
1.0
0.9999999
0.99999976
0.9991254
0.99999976
1.0
0.9999994
0.76645684
1.0
1.0
1.0
1.0
1.0
0.99999523
0.9983187
0.6588055
1.0
1.0
0.9998822
0.9999969
0.99999976
1.0
1.0
1.0
0.9985176
0.9999999
1.0
0.99999225
0.99988794
1.0
0.9999236
0.9999995
0.9999999
1.0
0.9999999
1.0
0.99999726
1.0
0.9999988
0.9999999
0.9999995
1.0
0.99999976
0.92964256
0.99999976
0.9999999
0.99999905
1.0
0.9181
1.0
0.9999999
1.0
0.9999962
0.9999913
0.99999726
1.0
0.99567056
0.9999994
0.99999833
0.9999653
0.9999993
0.9999993
1.0
1.0
1.0
0.9911514
1.0
0.99995816
0.99999964
1.0
0.99999523
1.0
0.99998724
0.999992
0.99948114
1.0
0.99996054
1.0
0.99999976
1.0
0.99999976
1.0
0.99999297
1.0
0.99999976
1.0
0.9999994
1.0
0.9999993
0.99999976
1.0
1.0
0.99999905
1.0
0.9999999
1.0
1.0
1.0
0.99999976
1.0
0.99997425
1.0
1.0
0.9950488
1.0
1.0
1.0
1.0
0.99999964
0.99951863
1.0
1.0
1.0
1.0
0.99999917
1.0
0.9999739
0.9999975
0.9962364
0.99865687
1.0
1.0
0.99924785
1.0
1.0
1.0
0.99999905
0.99999845
0.59443414
1.0
1.0
1.0
1.0
0.9999926
1.0
1.0
0.9999925
1.0
1.0
0.9999857
1.0
0.9395897
1.0
0.9998627
0.9999989
1.0
0.99999726
1.0
1.0
0.99999964
0.99999213
1.0
0.9999831
1.0
1.0
1.0
0.9999995
1.0
0.99999785
0.98533255
0.99999356
1.0
0.9999708
1.0
0.99917346
1.0
1.0
0.9999988
1.0
1.0
1.0
1.0
0.99999726
1.0
0.99997425
1.0
1.0
1.0
0.9999951
1.0
0.9999962
0.99999976
1.0
0.99999714
0.90544915
1.0
0.9999988
1.0
0.9999987
1.0
1.0
1.0
0.99966764
1.0
0.9998914
0.99999964
0.9998604
0.9999994
0.9999893
0.9999982
1.0
1.0
0.91871
0.9999999
1.0
1.0
1.0
1.0
0.9999974
1.0
0.99999475
1.0
0.9999994
0.98205435
0.99999464
1.0
1.0
1.0
1.0
0.9999958
1.0
1.0
0.9999951
1.0
1.0
1.0
1.0
1.0
0.99999964
1.0
1.0
1.0
1.0
1.0
1.0
1.0
0.95745033
1.0
0.99999845
0.9999999
1.0
0.9999907
0.9999999
0.9999999
1.0
1.0
0.9945701
0.9999988
0.9999881
1.0
1.0
1.0
0.9999994
0.99877065
1.0
1.0
0.97197545
0.9987312
0.9999999
0.9858057
0.9999989
1.0
0.99999046
0.993715
0.99822265
0.99998176
0.9919857
1.0
0.9999994
0.99999964
0.99020046
1.0
1.0
0.999998
1.0
1.0
1.0
0.9999999
0.9999881
0.9999994
0.9999876
1.0
1.0
1.0
1.0
1.0
1.0
0.9999211
1.0
0.9999999
1.0
1.0
1.0
0.9998884
1.0
0.8643464
1.0
0.9999999
1.0
0.9998828
1.0
1.0
1.0
1.0
1.0
1.0
0.9984895
0.9999924
1.0
0.9999999
0.9814503
0.9999993
0.99999976
1.0
0.9999994
0.99999845
1.0
0.9999958
1.0
0.9999994
0.9999999
0.9999999
0.9999918
1.0
1.0
0.99993944
0.9999999
0.9999999
0.9999993
0.9988549
0.50301814
1.0
1.0
1.0
0.98391694
1.0
1.0
0.9686307
0.9999881
1.0
1.0
1.0
0.99999964
0.9999999
0.9999964
1.0
1.0
1.0
0.99999976
1.0
1.0
0.9999913
0.9999995
0.9999782
1.0
1.0
1.0
1.0
1.0
1.0
0.99295384
1.0
1.0
0.9999993
1.0
1.0
0.99999976
1.0
1.0
1.0
1.0
0.9999999
1.0
0.9999999
0.8745237
1.0
0.9999988
1.0
0.99995995
0.9924809
1.0
1.0
1.0
1.0
1.0
1.0
1.0
1.0
1.0
0.99998975
1.0
0.9999999
0.9999995
1.0
0.99770135
1.0
1.0
0.99999976
0.7963678
1.0
1.0
1.0
1.0
0.99999094
1.0
1.0
0.99999976
1.0
1.0
1.0
1.0
1.0
1.0
1.0
0.99999976
0.9995908
0.99999976
0.9999989
0.9999999
0.99999595
1.0
0.9999771
0.999992
1.0
0.9999995
1.0
1.0
0.99999976
1.0
1.0
0.9999993
1.0
0.99999964
0.9999865
1.0
1.0
0.9999999
1.0
0.99993026
1.0
0.99985254
1.0
1.0
1.0
1.0
1.0
1.0
1.0
1.0
0.99653167
1.0
0.9999987
0.99999964
1.0
0.999997
0.9999739
1.0
1.0
0.9134898
1.0
1.0
0.9999907
0.9999999
1.0
1.0
0.9999343
1.0
1.0
0.9999999
0.9999987
1.0
0.9999653
0.99992216
0.99999976
0.99999964
1.0
0.9999999
1.0
1.0
0.99999785
1.0
1.0
0.99997735
0.9999708
1.0
1.0
1.0
1.0
0.9999988
1.0
0.99999714
1.0
0.9999999
1.0
0.9999989
0.9999976
1.0
0.9999957
0.9998271
0.99639916
1.0
1.0
0.9999348
1.0
1.0
1.0
1.0
1.0
1.0
1.0
0.9969885
0.99999607
1.0
1.0
0.9999714
1.0
1.0
1.0
0.999468
0.99999547
0.94918215
1.0
0.9999044
1.0
1.0
1.0
0.99999774
1.0
0.99999976
1.0
0.9999995
1.0
1.0
1.0
1.0
1.0
1.0
1.0
1.0
1.0
1.0
1.0
0.99861395
1.0
1.0
0.99999917
1.0
1.0
0.9999999
0.9999999
1.0
1.0
1.0
0.9999999
0.99999905
1.0
1.0
0.9995179
1.0
1.0
0.9999982
0.99999976
1.0
1.0
1.0
1.0
0.85113966
0.99982136
1.0
1.0
1.0
0.99999654
0.99999976
0.8962749
0.9994831
0.997329
1.0
1.0
0.9999981
1.0
1.0
1.0
0.8819384
1.0
1.0
0.9999989
1.0
0.9999994
1.0
1.0
0.9999999
1.0
0.99999976
0.99999964
1.0
0.99999976
0.97598684
0.99867284
1.0
0.99999976
0.9999981
1.0
0.9999932
1.0
1.0
0.9999999
0.9999999
0.99999964
1.0
1.0
1.0
1.0
1.0
0.9999974
0.99999976
0.99999964
0.9999989
1.0
1.0
0.955026
0.9999927
1.0
1.0
1.0
1.0
1.0
1.0
0.9999927
1.0
1.0
1.0
0.9999999
0.99999976
0.93472487
1.0
0.8720062
0.99999905
1.0
0.97529763
0.99988127
0.99999154
0.9999578
1.0
0.99998665
1.0
0.7838091
1.0
0.99992895
0.9999999
0.99986494
1.0
1.0
1.0
0.9999988
1.0
1.0
0.99999976
0.99999905
1.0
0.99997556
0.9999999
0.9999976
1.0
1.0
1.0
1.0
0.99998295
1.0
0.9999949
0.99993134
0.9999324
1.0
0.99999976
1.0
0.99999094
1.0
1.0
0.99996006
1.0
1.0
0.9981883
1.0
0.9999999
0.99999726
1.0
1.0
1.0
1.0
1.0
1.0
1.0
1.0
1.0
0.9999988
1.0
0.9999949
1.0
1.0
0.99985373
1.0
0.9999999
0.99993527
0.99695694
0.99998724
1.0
1.0
1.0
1.0
1.0
0.9992489
0.9999963
0.99999046
1.0
0.99999976
0.9999999
0.7354475
1.0
1.0
0.9999999
0.99999964
0.99999964
1.0
0.9999981
0.99999976
1.0
0.9986457
0.99999213
0.9999999
1.0
0.99999964
0.9999993
0.9999999
1.0
1.0
0.9999999
1.0
1.0
0.9999602
0.99999964
1.0
0.9999994
0.99999964
1.0
0.9999993
0.99999404
1.0
1.0
1.0
0.9999969
0.9989945
1.0
1.0
0.99999654
0.99999964
0.9995913
1.0
0.99917287
1.0
1.0
0.99999845
0.99999917
0.9999999
1.0
1.0
1.0
0.9999989
1.0
0.999998
0.9999869
1.0
1.0
1.0
1.0
1.0
0.999998
1.0
1.0
1.0
0.9999999
1.0
0.99999964
0.99998176
1.0
1.0
1.0
1.0
1.0
1.0
0.99997854
1.0
1.0
1.0
0.99999964
1.0
0.9999975
1.0
1.0
0.9999999
1.0
0.9999782
1.0
1.0
1.0
1.0
1.0
0.9999411
1.0
0.99996746
1.0
1.0
0.99999166
1.0
0.99999964
0.99999535
1.0
1.0
1.0
0.9999995
1.0
0.99999845
1.0
0.9999945
1.0
0.99999905
1.0
1.0
0.9999845
0.9999976
1.0
0.9999938
0.9999999
1.0
0.9999995
0.9999893
1.0
1.0
0.9999994
0.99999726
1.0
1.0
1.0
1.0
0.9999994
0.99999917
0.999998
0.9999969
1.0
0.99999845
0.99999976
0.9999999
1.0
1.0
1.0
0.9999974
1.0
1.0
0.99999547
1.0
0.9999999
0.99999166
1.0
1.0
1.0
1.0
0.999997
0.99989974
0.99999785
1.0
1.0
0.9999993
1.0
1.0
1.0
0.99999213
1.0
1.0
1.0
1.0
0.99999964
0.9999957
0.9999627
0.99999976
1.0
1.0
0.9999999
0.9999999
0.99204016
1.0
1.0
0.9999999
1.0
1.0
1.0
1.0
0.99998665
0.99999976
0.99999976
0.9999999
1.0
0.9993161
1.0
1.0
0.99999285
0.99999976
0.9999999
0.9999963
1.0
1.0
1.0
1.0
1.0
0.9999999
1.0
0.9999999
0.9999924
1.0
1.0
1.0
0.95359313
1.0
1.0
0.99998987
1.0
0.99998903
0.9640129
1.0
0.99998915
1.0
1.0
1.0
1.0
0.99999964
1.0
1.0
1.0
1.0
0.99999774
1.0
1.0
0.9999993
1.0
1.0
1.0
1.0
1.0
1.0
0.99999905
1.0
0.9999994
0.99999976
1.0
1.0
1.0
0.99972254
1.0
1.0
1.0
1.0
0.99891496
1.0
0.99930894
1.0
0.99999964
1.0
0.99999905
0.9999999
0.99997365
1.0
1.0
0.9999939
1.0
1.0
1.0
1.0
1.0
1.0
0.9999949
1.0
0.9999994
0.9999982
0.9999968
1.0
1.0
1.0
1.0
1.0
1.0
0.9896706
1.0
1.0
1.0
1.0
0.99999917
0.9999999
0.9999999
1.0
1.0
1.0
1.0
0.9999995
1.0
0.99999607
0.99999547
0.9999964
1.0
0.6109057
0.99999046
1.0
1.0
0.99995565
0.9999995
0.99999976
1.0
1.0
0.9999999
1.0
1.0
1.0
1.0
0.99999857
0.9983448
0.99997056
1.0
1.0
0.9996031
0.99999976
1.0
0.99797004
0.99997103
1.0
1.0
1.0
1.0
1.0
1.0
1.0
1.0
0.9999279
1.0
1.0
1.0
1.0
1.0
1.0
1.0
1.0
1.0
0.99895287
1.0
1.0
1.0
0.9999993
1.0
1.0
1.0
1.0
1.0
0.999977
1.0
1.0
1.0
1.0
1.0
1.0
1.0
1.0
1.0
0.9999999
0.9999999
0.9999999
0.9999993
1.0
1.0
1.0
0.99999976
1.0
0.9999994
1.0
1.0
1.0
1.0
1.0
1.0
0.99999964
1.0
1.0
1.0
1.0
1.0
1.0
0.98728406
1.0
1.0
0.9999999
0.9999869
1.0
1.0
1.0
1.0
1.0
1.0
1.0
0.99999774
1.0
1.0
1.0
1.0
1.0
1.0
1.0
1.0
1.0
1.0
1.0
1.0
1.0
1.0
1.0
1.0
0.999997
1.0
1.0
0.99999976
1.0
1.0
1.0
0.99999
1.0
1.0
1.0
0.99999917
0.9999989
0.99999976
1.0
0.9999999
1.0
1.0
1.0
0.9999999
0.9999999
1.0
0.99999905
1.0
1.0
1.0
1.0
1.0
0.9999995
1.0
1.0
1.0
1.0
1.0
1.0
1.0
1.0
1.0
1.0
1.0
1.0
0.9999994
1.0
1.0
0.9999999
0.9999999
0.99999964
0.9999956
0.9999995
0.9999999
0.9999999
1.0
1.0
1.0
0.99999976
1.0
0.9999999
0.9999937
1.0
1.0
1.0
1.0
0.99999964
1.0
0.9998914
1.0
1.0
0.99999857
1.0
0.9999999
1.0
1.0
1.0
1.0
1.0
1.0
1.0
0.9999999
1.0
1.0
1.0
1.0
1.0
1.0
1.0
1.0
1.0
0.99999845
1.0
0.9991304
0.99991596
1.0
1.0
1.0
0.9999999
1.0
0.99999964
0.9997789
1.0
1.0
1.0
1.0
1.0
1.0
1.0
1.0
0.9999999
1.0
1.0
0.9999999
1.0
0.9999999
1.0
1.0
1.0
1.0
1.0
1.0
1.0
1.0
1.0
1.0
1.0
0.9999999
1.0
1.0
1.0
1.0
1.0
1.0
1.0
0.9999865
1.0
1.0
1.0
1.0
0.99999917
1.0
1.0
0.9999999
1.0
1.0
0.9999714
1.0
0.9999976
1.0
1.0
0.99999976
1.0
1.0
1.0
1.0
1.0
1.0
1.0
1.0
1.0
1.0
1.0
0.9999995
1.0
0.99999976
0.9999825
1.0
1.0
0.9999989
1.0
0.99999666
1.0
1.0
0.9999999
1.0
0.9999999
1.0
1.0
1.0
0.9999976
0.9999999
1.0
1.0
1.0
0.99999976
1.0
1.0
1.0
1.0
0.9999976
0.9999496
1.0
1.0
1.0
1.0
1.0
1.0
1.0
1.0
0.9999951
0.99999976
1.0
0.99999845
1.0
0.9999895
0.9999987
1.0
0.99976057
0.9999999
1.0
1.0
1.0
0.9999856
1.0
1.0
1.0
0.9995716
1.0
1.0
1.0
0.9999989
0.99999964
1.0
0.9999989
1.0
0.99999964
0.99997604
1.0
1.0
0.9993723
1.0
1.0
1.0
1.0
1.0
1.0
1.0
1.0
0.99999976
1.0
1.0
1.0
1.0
0.99963796
1.0
0.9999995
0.99999964
1.0
0.9999999
0.9999999
0.9999988
1.0
1.0
1.0
1.0
0.9999999
0.9999994
1.0
0.9999999
1.0
0.9999999
1.0
1.0
0.9999993
1.0
0.9999999
0.9996921
1.0
1.0
0.99989915
1.0
1.0
1.0
1.0
0.9999995
1.0
1.0
0.97964245
0.99999976
0.9999354
1.0
0.99999857
0.99996805
1.0
0.9999732
0.9988158
0.99995494
1.0
1.0
1.0
0.9999999
0.99999523
0.99997556
1.0
1.0
1.0
0.9999994
0.98633885
0.9998374
1.0
0.9999999
1.0
1.0
1.0
1.0
0.99999
1.0
0.9999999
1.0
1.0
0.9999962
1.0
1.0
1.0
1.0
0.9999999
1.0
0.9999999
1.0
0.9985097
0.9999727
0.9999987
1.0
1.0
1.0
1.0
0.99999917
1.0
1.0
1.0
1.0
0.99999976
1.0
1.0
0.99999964
1.0
1.0
1.0
1.0
1.0
1.0
0.9999995
1.0
1.0
1.0
1.0
0.9999981
0.99999964
1.0
1.0
1.0
0.9999801
0.99999964
1.0
1.0
1.0
1.0
0.9999999
1.0
1.0
0.99999905
1.0
0.99999976
0.9999169
1.0
1.0
1.0
1.0
1.0
0.9999993
0.99999833
0.9999994
1.0
1.0
0.9999912
1.0
1.0
0.9931778
0.9999502
0.9861602
1.0
1.0
1.0
0.9999989
1.0
0.99999094
1.0
1.0
0.99844104
1.0
1.0
0.9999999
0.99580634
1.0
1.0
0.9981816
0.99999976
0.9999988
1.0
0.9999988
0.9999999
1.0
0.99999976
0.9999999
1.0
1.0
0.99999714
1.0
1.0
1.0
1.0
1.0
0.9999982
1.0
1.0
1.0
0.99999344
1.0
1.0
1.0
1.0
0.9999994
1.0
1.0
1.0
1.0
1.0
0.99999964
1.0
1.0
0.99999607
1.0
1.0
0.99999976
1.0
1.0
1.0
1.0
1.0
1.0
1.0
1.0
1.0
0.9999994
0.9997192
0.99986994
1.0
1.0
1.0
0.9999993
0.99998736
0.99999976
1.0
1.0
1.0
1.0
1.0
1.0
1.0
1.0
1.0
1.0
1.0
0.9999794
0.999997
1.0
0.9999889
1.0
1.0
1.0
0.999967
0.9981919
1.0
0.9999999
1.0
1.0
0.99999964
1.0
0.99994445
1.0
0.9999995
1.0
1.0
0.9999976
0.999998
0.9999981
1.0
1.0
0.9999999
1.0
1.0
1.0
0.9999999
1.0
1.0
1.0
1.0
1.0
1.0
1.0
1.0
1.0
1.0
1.0
1.0
1.0
1.0
1.0
1.0
1.0
1.0
0.9999999
1.0
1.0
0.99999726
1.0
1.0
1.0
1.0
1.0
0.9972422
0.9999999
1.0
1.0
1.0
0.99999976
1.0
1.0
0.9999999
1.0
0.9979068
0.9859218
1.0
0.9999993
0.9999999
1.0
1.0
1.0
0.99999845
1.0
0.9999995
1.0
1.0
1.0
1.0
1.0
1.0
1.0
1.0
0.9999471
1.0
1.0
1.0
1.0
1.0
0.9999566
0.9999999
1.0
1.0
0.9999999
1.0
1.0
1.0
1.0
0.99998474
0.99999964
1.0
0.99999034
1.0
0.9999801
1.0
1.0
1.0
1.0
1.0
1.0
1.0
0.9999981
0.99999154
0.51856524
0.9517013
0.9999999
0.99734324
1.0
1.0
1.0
1.0
1.0
1.0
1.0
1.0
1.0
0.9999057
0.99999976
0.99999976
1.0
0.9999999
1.0
0.9185422
1.0
1.0
1.0
0.99740344
1.0
0.9999958
1.0
0.99999654
1.0
1.0
1.0
1.0
1.0
1.0
0.9999999
1.0
0.9999777
0.9999825
1.0
0.99999714
1.0
0.9999999
0.9999999
1.0
1.0
0.9995254
0.99685895
0.9999989
0.9999995
0.9999882
1.0
0.9999994
0.9999807
0.99999976
1.0
1.0
0.9996105
1.0
1.0
1.0
0.9999981
0.999686
0.9999801
0.99999654
0.999966
0.99999964
0.99999976
1.0
0.9999647
0.9999987
0.999876
0.99995255
0.9999988
0.9999908
0.9999999
0.9999678
1.0
1.0
1.0
1.0
1.0
1.0
1.0
0.99999976
0.9999455
1.0
0.99999964
0.9993616
0.9999999
1.0
0.99800366
0.9999974
0.99999714
0.9999994
1.0
0.9999999
1.0
1.0
1.0
0.9994653
1.0
0.9999951
0.9999999
1.0
1.0
1.0
0.9999949
1.0
1.0
0.9999893
1.0
1.0
0.9999219
1.0
0.9999924
0.9999999
1.0
0.9999964
0.99979454
1.0
1.0
1.0
1.0
0.9999987
1.0
1.0
1.0
1.0
1.0
0.99960953
1.0
1.0
1.0
1.0
0.9999999
0.99979395
0.9999982
0.9999999
1.0
0.9999969
1.0
1.0
1.0
1.0
0.999972
0.98230815
0.99999964
1.0
0.99999976
1.0
1.0
1.0
1.0
1.0
0.9999999
0.86445874
1.0
0.9999014
1.0
1.0
1.0
1.0
1.0
1.0
1.0
0.9999976
1.0
1.0
1.0
1.0
1.0
0.99999976
1.0
0.99999857
1.0
0.99999976
0.9866571
1.0
1.0
0.9999999
1.0
1.0
0.9999999
1.0
1.0
0.99999964
1.0
1.0
0.99998903
1.0
0.9999906
1.0
1.0
1.0
1.0
1.0
1.0
1.0
1.0
1.0
1.0
1.0
1.0
1.0
1.0
1.0
1.0
1.0
1.0
1.0
1.0
0.9999999
1.0
0.9999999
1.0
0.99999976
1.0
1.0
1.0
1.0
1.0
0.99512106
0.9999999
1.0
1.0
0.9987797
1.0
1.0
1.0
1.0
0.3574486
1.0
0.99827456
1.0
0.9999999
1.0
0.80164766
0.8220102
0.9998729
1.0
1.0
0.9999999
1.0
1.0
0.99999964
1.0
1.0
1.0
1.0
1.0
1.0
1.0
0.99999976
1.0
1.0
1.0
1.0
1.0
0.9999999
1.0
1.0
1.0
1.0
1.0
0.9999989
1.0
1.0
0.9999999
1.0
1.0
1.0
1.0
1.0
1.0
0.99999905
1.0
1.0
0.99999917
0.99999976
1.0
1.0
1.0
1.0
1.0
1.0
1.0
1.0
1.0
1.0
0.99999833
0.99999976
0.9999918
0.99999976
1.0
0.99999964
1.0
1.0
1.0
0.99998486
0.9999999
1.0
1.0
1.0
1.0
1.0
1.0
0.9999982
0.99964154
1.0
1.0
1.0
1.0
1.0
1.0
1.0
1.0
1.0
1.0
1.0
1.0
1.0
1.0
1.0
1.0
0.9999999
1.0
1.0
1.0
1.0
1.0
0.9999964
1.0
1.0
1.0
1.0
1.0
1.0
1.0
1.0
1.0
1.0
1.0
1.0
1.0
1.0
1.0
1.0
1.0
1.0
1.0
1.0
1.0
1.0
1.0
1.0
1.0
1.0
1.0
1.0
1.0
1.0
1.0
1.0
1.0
1.0
1.0
1.0
0.9999981
1.0
0.9999888
0.99997985
1.0
1.0
1.0
1.0
1.0
1.0
1.0
1.0
1.0
0.9999999
1.0
1.0
1.0
1.0
1.0
1.0
1.0
1.0
1.0
1.0
1.0
1.0
1.0
1.0
1.0
1.0
1.0
1.0
0.9999995
1.0
1.0
0.9999999
1.0
1.0
1.0
1.0
1.0
1.0
1.0
1.0
0.9999999
1.0
1.0
1.0
1.0
0.99999964
1.0
1.0
1.0
1.0
1.0
1.0
1.0
1.0
1.0
1.0
1.0
1.0
1.0
0.99999464
1.0
1.0
1.0
1.0
1.0
1.0
1.0
1.0
1.0
0.99999714
0.99999976
1.0
1.0
0.99999964
1.0
1.0
1.0
1.0
1.0
1.0
1.0
0.9999999
1.0
1.0
0.9999881
0.99999464
0.9998652
0.9999999
1.0
1.0
1.0
0.9999987
1.0
0.9999982
0.99982196
0.9999994
1.0
1.0
1.0
1.0
1.0
1.0
0.99999976
1.0
0.9998894
0.9999999
1.0
1.0
1.0
1.0
1.0
0.99998796
1.0
0.9999894
1.0
0.9999956
1.0
1.0
0.99998546
0.9999734
1.0
0.9999931
1.0
1.0
1.0
0.99999976
1.0
0.9999956
1.0
1.0
1.0
1.0
1.0
1.0
0.9999875
1.0
0.9999964
1.0
1.0
0.9999999
1.0
1.0
0.99999964
1.0
1.0
0.99999416
0.99999976
1.0
0.9999982
1.0
1.0
0.9999094
1.0
0.9999944
1.0
1.0
1.0
1.0
0.9999999
1.0
1.0
1.0
1.0
1.0
0.9899401
1.0
1.0
1.0
1.0
1.0
1.0
1.0
1.0
0.999666
0.99999726
1.0
1.0
1.0
1.0
1.0
0.9999995
1.0
1.0
0.9999999
1.0
1.0
1.0
0.99999976
0.99995995
0.9999993
1.0
1.0
0.9999999
1.0
0.9999993
1.0
0.9999949
1.0
0.7944023
0.9999999
0.9999999
0.9999994
1.0
1.0
0.9999994
0.99996483
1.0
1.0
1.0
1.0
0.9989172
0.9999999
1.0
0.99999976
0.9999995
1.0
0.9999995
0.99999976
1.0
0.9999995
1.0
0.9999895
1.0
0.9999999
1.0
0.99968183
1.0
0.9999989
1.0
1.0
1.0
0.9999763
0.99999
0.9999989
1.0
0.99999845
1.0
0.99995637
1.0
0.9999975
1.0
0.9999914
0.99999726
1.0
1.0
0.9999999
0.9999993
0.9846615
0.99598986
0.9999999
0.9999875
0.9999727
1.0
0.7464457
0.98339903
0.9999999
1.0
0.99999976
0.9999615
0.9999995
0.9999969
0.9999666
0.99970204
0.9999951
0.7956602
0.99876523
0.99998987
0.5542238
0.99997723
0.97485256
0.9999658
0.99992466
1.0
0.99999964
0.99999976
1.0
1.0
0.9999956
1.0
0.9999989
1.0
1.0
0.9999999
0.9999994
1.0
0.9992741
1.0
0.9999975
1.0
0.9999958
0.7677597
0.99722505
0.9914418
0.99999607
1.0
0.999992
0.9999442
1.0
0.99996996
0.99999964
0.9999957
0.9983339
0.9999968
0.9999982
1.0
1.0
0.9999902
0.99968624
0.99998903
1.0
0.99999726
0.9999943
0.999998
1.0
0.99999785
0.9999889
0.99999917
0.9999807
0.40803447
1.0
0.9998536
0.9999999
1.0
1.0
0.99995947
0.9987778
1.0
1.0
0.9999958
0.99987745
0.9999988
1.0
1.0
0.9999999
0.9999981
0.99999905
0.9999987
1.0
0.99998164
1.0
1.0
1.0
1.0
0.9999794
0.9698533
0.99999976
1.0
1.0
0.9999989
0.99998534
1.0
0.9999969
1.0
1.0
0.99999416
0.99998426
1.0
1.0
1.0
0.9999995
0.99999785
0.9999999
1.0
1.0
0.99999976
0.9999682
1.0
0.9999995
0.99999905
1.0
0.9999994
1.0
1.0
0.9999987
0.99999356
1.0
1.0
0.99999356
1.0
1.0
1.0
0.9999914
1.0
1.0
0.9999827
0.9983804
1.0
0.9999919
0.99999964
1.0
0.99999976
1.0
1.0
1.0
1.0
1.0
1.0
1.0
1.0
0.99983954
1.0
0.9999602
0.99999964
0.99999535
1.0
1.0
1.0
1.0
0.9999999
1.0
1.0
0.99910694
1.0
1.0
0.9993406
0.9999981
1.0
0.99999
0.99999046
1.0
1.0
1.0
1.0
0.9999088
0.9999937
0.99993145
1.0
0.99999976
0.9999999
1.0
1.0
1.0
1.0
0.8981014
0.9996519
1.0
0.99999857
0.97122383
0.99995935
0.99999905
0.9977278
1.0
0.9999963
1.0
0.99999976
1.0
1.0
0.99999917
0.999338
0.9969656
1.0
0.9999999
0.9999974
1.0
0.9999999
0.9999919
1.0
0.99999785
0.9999981
1.0
1.0
0.99981207
0.9995814
1.0
0.9999999
1.0
1.0
1.0
0.9999989
1.0
1.0
0.9999995
1.0
0.9999529
1.0
0.9999927
0.7560794
0.9992716
0.9999782
1.0
0.99999595
0.9999999
1.0
1.0
0.999941
1.0
0.9998952
1.0
1.0
0.9991142
0.9999999
1.0
1.0
0.9999981
0.99999976
1.0
1.0
1.0
1.0
1.0
0.99999964
1.0
1.0
1.0
0.9999192
1.0
0.99999917
1.0
1.0
1.0
0.9999882
1.0
1.0
1.0
0.9999999
1.0
1.0
1.0
0.9999999
1.0
0.99999917
1.0
1.0
1.0
1.0
1.0
1.0
1.0
1.0
1.0
1.0
1.0
1.0
0.9999995
0.9999999
1.0
1.0
0.99999976
0.9999993
1.0
0.9987066
1.0
1.0
1.0
1.0
0.9999987
1.0
1.0
1.0
1.0
1.0
1.0
1.0
1.0
1.0
1.0
1.0
1.0
1.0
1.0
1.0
1.0
1.0
1.0
1.0
1.0
1.0
1.0
1.0
1.0
1.0
0.9999962
1.0
1.0
1.0
1.0
0.9999491
1.0
0.9999993
1.0
1.0
0.9999999
1.0
1.0
1.0
1.0
1.0
0.9999999
0.9998086
1.0
1.0
1.0
0.99999726
1.0
1.0
0.9999999
0.9999999
1.0
0.99999976
0.99767965
1.0
1.0
0.99999976
0.9999957
1.0
0.99997365
1.0
0.9999894
1.0
0.9999982
1.0
0.9999999
0.9999988
0.99999976
1.0
1.0
0.99999976
1.0
1.0
0.9999995
1.0
1.0
0.9999993
1.0
1.0
1.0
1.0
1.0
1.0
0.9999999
1.0
1.0
0.99999976
0.99995327
0.9999999
1.0
0.9999999
0.9999993
0.9996855
1.0
1.0
1.0
1.0
0.99999964
1.0
1.0
1.0
0.9999136
1.0
0.9999999
1.0
1.0
1.0
1.0
1.0
0.9999999
1.0
0.99998915
1.0
1.0
0.9999964
1.0
1.0
1.0
1.0
1.0
1.0
1.0
1.0
1.0
1.0
1.0
1.0
1.0
0.99999976
1.0
1.0
1.0
1.0
0.99999857
1.0
1.0
1.0
1.0
0.99999774
1.0
1.0
0.99999976
1.0
1.0
1.0
0.9999566
0.9999999
1.0
0.9999999
0.99999976
1.0
1.0
1.0
1.0
1.0
0.9999988
0.9999999
1.0
1.0
1.0
1.0
1.0
0.99999976
1.0
1.0
1.0
1.0
1.0
0.99999976
1.0
1.0
1.0
1.0
0.9999999
1.0
0.99999833
0.9999995
0.99952865
0.9999989
1.0
0.9999999
1.0
1.0
1.0
1.0
1.0
1.0
1.0
0.99999976
1.0
0.99999964
0.99999964
1.0
1.0
0.99999726
1.0
0.99911577
1.0
1.0
1.0
1.0
0.9998809
1.0
1.0
1.0
1.0
1.0
1.0
0.9999969
1.0
1.0
0.99993384
1.0
1.0
1.0
1.0
0.99999917
1.0
0.9998839
1.0
1.0
0.9999999
1.0
1.0
1.0
1.0
0.99999523
1.0
0.9999831
1.0
1.0
1.0
1.0
1.0
1.0
0.9999999
0.99991226
0.9999995
1.0
1.0
0.9999776
0.9999963
0.9998832
1.0
1.0
0.9999982
1.0
0.99999845
1.0
1.0
0.9999999
1.0
1.0
0.9999999
0.9999325
0.9999999
1.0
1.0
1.0
1.0
1.0
1.0
0.99999654
1.0
1.0
0.99999905
1.0
0.9999999
0.99994504
1.0
1.0
0.9999999
1.0
1.0
1.0
0.99999
1.0
1.0
1.0
0.9999962
1.0
1.0
0.9999596
0.9999813
1.0
1.0
1.0
1.0
1.0
1.0
1.0
0.9999999
1.0
1.0
1.0
0.9997981
0.9999994
1.0
0.9999993
1.0
1.0
0.9983076
1.0
0.99999344
1.0
1.0
1.0
1.0
1.0
0.9999999
1.0
1.0
1.0
1.0
1.0
1.0
1.0
0.9999999
1.0
1.0
1.0
0.9999894
1.0
1.0
0.9999999
1.0
0.9999976
1.0
1.0
0.9999995
1.0
1.0
1.0
1.0
1.0
1.0
1.0
1.0
0.9999999
0.9999993
0.9999999
1.0
0.9999999
0.99999964
0.9999999
0.99967635
1.0
1.0
1.0
1.0
1.0
0.99744177
0.9999975
1.0
1.0
0.9996737
0.99999964
0.9999807
0.99999964
0.9992567
1.0
1.0
1.0
0.973381
0.9999989
1.0
0.9999995
0.9999994
0.99999976
1.0
0.9999999
0.99999046
0.9999999
0.9999999
1.0
1.0
0.9999808
1.0
0.9999999
1.0
0.9997603
1.0
0.9959223
0.9999999
0.999998
0.99999726
1.0
0.99998724
0.9999975
0.99999714
0.9999994
1.0
0.9999865
1.0
0.9999993
0.9999999
0.99681526
1.0
1.0
1.0
0.9999999
0.9999999
0.9999994
0.99999964
1.0
0.99998915
0.9999882
0.99999976
0.9999999
0.99999833
1.0
1.0
1.0
0.99999857
0.9999641
0.9992173
1.0
1.0
0.99999726
1.0
1.0
1.0
1.0
0.99999964
1.0
0.99999595
1.0
1.0
1.0
1.0
1.0
1.0
1.0
1.0
1.0
0.999998
1.0
1.0
0.9999958
1.0
1.0
0.9999993
1.0
1.0
1.0
0.99999976
1.0
1.0
1.0
1.0
1.0
0.9999987
1.0
1.0
0.9999999
1.0
0.9996517
1.0
1.0
1.0
1.0
1.0
1.0
1.0
1.0
0.99999964
1.0
1.0
1.0
1.0
1.0
1.0
1.0
1.0
0.9999999
1.0
1.0
1.0
1.0
1.0
1.0
0.9999975
1.0
0.9999999
1.0
0.99999964
1.0
1.0
1.0
1.0
1.0
1.0
0.9999995
1.0
0.9999999
0.9999987
0.99998295
0.9999999
0.9999999
0.99999976
1.0
0.9999945
1.0
0.99999475
1.0
1.0
1.0
1.0
1.0
1.0
1.0
0.99999905
1.0
1.0
1.0
1.0
1.0
0.9999949
1.0
0.9999995
1.0
1.0
0.9999858
1.0
1.0
1.0
1.0
1.0
1.0
1.0
1.0
0.99999976
1.0
0.99999976
1.0
0.9999999
1.0
0.99987555
1.0
0.99999964
1.0
1.0
1.0
1.0
1.0
1.0
1.0
0.9999994
0.9999274
1.0
0.99999976
0.9999764
1.0
0.99999917
0.99999714
0.9999982
1.0
0.9999963
1.0
1.0
0.9982267
1.0
0.9999931
0.99999
1.0
1.0
0.99999344
0.999998
1.0
0.99999964
0.9999999
1.0
0.9999999
0.99999464
0.99999917
1.0
1.0
0.9999925
0.9999869
0.99535286
0.9999995
0.9995683
1.0
0.9999999
0.9999999
0.9999995
0.9999951
1.0
0.99971205
1.0
0.99999094
1.0
0.99976104
1.0
0.99998784
0.99999917
1.0
1.0
0.9999027
1.0
1.0
0.9999989
1.0
0.9999981
0.99998903
1.0
0.9999994
0.9999982
0.9999703
0.9999981
0.9999974
1.0
0.9999993
0.9999999
1.0
0.9999987
0.99999917
1.0
0.9999987
0.9849161
0.9999778
1.0
1.0
0.99981326
0.99999845
1.0
0.99999976
1.0
1.0
0.9999994
0.99994266
1.0
1.0
0.99999976
0.99999726
0.9999995
1.0
0.99994457
0.9998578
0.99999785
0.99999654
1.0
0.9999999
0.9999999
0.99999976
0.9985856
1.0
1.0
1.0
1.0
0.9999988
0.9999808
0.999959
1.0
1.0
1.0
1.0
1.0
0.9999924
1.0
0.9999999
0.99576485
0.99999547
1.0
1.0
0.9999999
1.0
0.99999964
1.0
1.0
0.99982953
0.9999454
1.0
1.0
1.0
1.0
0.9999999
1.0
1.0
0.9999999
0.9999999
0.9999913
0.9999994
1.0
1.0
0.99996936
0.999959
1.0
1.0
1.0
1.0
0.99997663
0.99999964
1.0
1.0
1.0
1.0
1.0
0.9999999
0.99999845
1.0
1.0
1.0
1.0
1.0
0.99999964
0.9999999
0.99999976
1.0
0.9999999
1.0
1.0
0.9998087
1.0
1.0
1.0
0.99999475
0.9999994
0.9999893
0.9999989
0.99998593
0.996911
0.99999964
1.0
1.0
1.0
0.9999993
0.998353
1.0
1.0
0.9999999
0.9999982
1.0
0.99999976
1.0
1.0
1.0
1.0
1.0
0.99999917
1.0
0.999998
1.0
1.0
1.0
1.0
1.0
1.0
1.0
1.0
0.9999449
0.99999917
0.9999994
0.9999738
1.0
1.0
1.0
1.0
1.0
1.0
1.0
1.0
1.0
0.9999999
1.0
1.0
0.9998671
0.9999999
1.0
1.0
1.0
1.0
1.0
1.0
0.99999714
1.0
1.0
1.0
1.0
1.0
1.0
0.99999976
1.0
0.99999976
0.99990547
0.99999964
0.99999964
0.999997
0.9999981
1.0
1.0
0.9999963
0.9999994
1.0
1.0
1.0
0.99999297
1.0
0.99997056
0.9999999
1.0
1.0
1.0
0.9999988
0.9999999
1.0
1.0
1.0
1.0
1.0
1.0
1.0
1.0
1.0
1.0
1.0
1.0
1.0
0.99999964
0.9999988
0.99999976
1.0
1.0
1.0
0.9999999
1.0
0.9999993
0.99999964
1.0
1.0
0.9999974
1.0
1.0
1.0
0.99999726
1.0
0.9999999
1.0
1.0
0.9999957
1.0
1.0
0.99999964
1.0
0.9999999
1.0
1.0
0.99999976
1.0
1.0
1.0
1.0
1.0
1.0
1.0
1.0
1.0
1.0
0.9999914
1.0
1.0
1.0
0.9999999
1.0
1.0
1.0
1.0
0.9999994
1.0
1.0
1.0
0.9999995
1.0
1.0
1.0
1.0
0.99999964
1.0
1.0
0.99998057
1.0
0.9999993
0.9999728
0.9999678
1.0
1.0
0.9999988
1.0
1.0
1.0
1.0
1.0
1.0
0.9999989
1.0
1.0
0.9999888
1.0
1.0
1.0
1.0
0.9999999
1.0
0.9999993
1.0
1.0
1.0
1.0
1.0
1.0
0.99999976
1.0
1.0
1.0
1.0
1.0
1.0
1.0
1.0
0.9999938
0.99999917
1.0
1.0
1.0
0.9999999
1.0
0.9999995
1.0
0.9999615
1.0
1.0
1.0
1.0
0.99999976
1.0
1.0
0.9999988
1.0
1.0
1.0
1.0
0.9999999
0.99999976
1.0
0.99999416
1.0
0.99999714
0.9985851
1.0
0.99999976
1.0
1.0
1.0
1.0
0.99999976
1.0
1.0
1.0
1.0
0.9999989
0.99958557
1.0
0.99999
1.0
0.9999999
1.0
1.0
0.9999974
0.9965078
1.0
0.9999999
1.0
1.0
0.9999976
1.0
1.0
1.0
1.0
0.9999999
1.0
1.0
1.0
1.0
1.0
0.9999995
1.0
0.99997723
0.99999785
0.99996495
0.9992404
1.0
1.0
0.99990976
1.0
0.999767
1.0
0.96111965
0.9999732
0.99992716
1.0
0.999985
0.99999976
1.0
0.9984756
0.9999883
0.99999666
0.99999917
0.9999844
0.99999976
0.9999995
0.9999999
1.0
1.0
1.0
1.0
1.0
0.9999999
0.9999993
1.0
1.0
1.0
0.99999535
0.9999995
0.99999976
0.99998975
1.0
1.0
0.9999999
1.0
1.0
1.0
1.0
1.0
0.9999709
0.9999999
1.0
1.0
1.0
0.9999982
1.0
0.99999976
0.9999982
1.0
0.99999964
1.0
0.99999964
0.9994697
0.99998593
1.0
0.99993765
0.9999943
1.0
0.9999999
1.0
1.0
1.0
1.0
1.0
0.9999968
0.99999666
1.0
0.99999845
0.9988801
0.9999831
0.9999994
0.9999708
1.0
0.99999905
0.9999844
1.0
0.9999999
0.9999987
0.9999813
1.0
0.9985078
0.9913919
1.0
1.0
1.0
1.0
1.0
0.9999999
1.0
1.0
1.0
1.0
1.0
1.0
1.0
1.0
1.0
1.0
0.9999968
1.0
1.0
1.0
1.0
1.0
1.0
0.9999963
1.0
1.0
0.99999976
1.0
1.0
1.0
1.0
0.9999989
1.0
1.0
1.0
0.9999927
1.0
1.0
1.0
1.0
1.0
1.0
0.999912
1.0
1.0
1.0
1.0
1.0
1.0
0.9999616
1.0
1.0
1.0
1.0
1.0
1.0
0.99968946
0.99999917
1.0
1.0
1.0
0.9999906
0.9997155
1.0
1.0
0.99999356
1.0
1.0
1.0
0.99999464
0.99999356
1.0
1.0
1.0
0.9999876
1.0
1.0
1.0
1.0
0.999956
1.0
1.0
1.0
1.0
1.0
1.0
1.0
0.9999988
1.0
1.0
0.99999976
0.9999994
1.0
1.0
1.0
1.0
1.0
1.0
1.0
1.0
1.0
0.9999906
0.9999999
1.0
1.0
0.9999999
1.0
1.0
1.0
1.0
1.0
1.0
1.0
1.0
0.99993944
1.0
1.0
1.0
0.99999547
1.0
1.0
1.0
1.0
1.0
1.0
1.0
1.0
1.0
1.0
1.0
0.9853108
1.0
0.9519491
0.99999833
0.99999774
0.99998
0.9999974
1.0
1.0
1.0
0.9961916
1.0
0.9974062
1.0
1.0
0.9999993
0.9999969
1.0
1.0
1.0
0.9999758
1.0
0.9999925
1.0
1.0
0.99999774
1.0
1.0
1.0
1.0
1.0
1.0
0.9996923
0.9992601
0.9999938
0.9527465
0.98582864
1.0
0.9999927
1.0
1.0
1.0
0.9999999
0.99980193
0.99999976
0.99951327
0.9999621
0.9997949
0.9975713
1.0
1.0
0.99990594
1.0
0.99999654
1.0
1.0
0.9999558
1.0
1.0
1.0
1.0
1.0
1.0
1.0
0.99999595
0.99999976
1.0
0.99997175
1.0
0.9992507
1.0
1.0
1.0
1.0
1.0
1.0
1.0
0.99999297
1.0
1.0
0.99997556
1.0
1.0
1.0
0.9999945
0.99999833
1.0
1.0
1.0
1.0
1.0
0.99999654
0.99890137
1.0
0.9999999
0.9999993
1.0
0.9999987
1.0
1.0
0.9999999
1.0
1.0
1.0
1.0
0.9999982
0.9999727
1.0
1.0
0.99999976
1.0
1.0
0.9999871
0.9999999
0.9999995
1.0
0.9999999
1.0
1.0
1.0
1.0
1.0
0.99878913
0.97455376
0.99999464
0.99776375
0.9999994
1.0
0.9999999
0.9999999
1.0
0.99999785
1.0
1.0
0.9999995
1.0
1.0
0.9999182
0.99999857
0.9999994
0.9999999
1.0
1.0
0.99999654
0.9999962
1.0
1.0
1.0
0.99999976
0.9999975
1.0
0.9999969
1.0
1.0
0.9999782
1.0
1.0
1.0
0.9999999
0.99999774
1.0
1.0
1.0
1.0
1.0
1.0
0.99999976
1.0
0.9992003
0.9999975
0.99999976
0.99998283
1.0
1.0
1.0
0.9999999
1.0
1.0
1.0
1.0
1.0
0.9999999
1.0
1.0
0.9998697
0.99999714
0.9999682
0.9111729
0.9999999
1.0
1.0
0.9999467
1.0
1.0
0.99999905
0.9999691
0.99997735
0.99999523
0.9999993
1.0
0.9993463
0.9999993
1.0
0.99998987
1.0
1.0
0.9999987
1.0
0.999997
0.9999988
1.0
1.0
1.0
0.999969
0.99301845
0.9998623
0.99997604
1.0
0.9999343
0.9997099
0.9999267
1.0
0.99999845
0.999969
0.99998736
0.99999905
0.99999845
0.99998105
0.99997294
0.99980015
1.0
0.99999964
1.0
0.99999964
1.0
1.0
0.9999982
1.0
1.0
0.99999774
0.9999963
1.0
1.0
1.0
1.0
0.99999905
1.0
1.0
1.0
0.9999999
1.0
0.9999862
0.99606055
1.0
0.9999994
1.0
0.99980587
0.99668616
0.9999981
0.99999845
0.99999356
0.99950564
0.9999821
0.9980862
0.99923337
0.9999993
0.9563145
0.98655415
0.9999989
1.0
0.9999999
0.99999976
1.0
0.9991008
0.9999994
0.9992933
0.99999964
0.9999999
1.0
1.0
0.99995434
1.0
1.0
1.0
1.0
1.0
1.0
0.99999964
1.0
1.0
0.9999982
1.0
0.9999981
1.0
0.9999993
0.9999999
1.0
1.0
1.0
0.9999765
0.9999999
1.0
1.0
0.9999994
1.0
0.9999993
1.0
1.0
1.0
1.0
1.0
1.0
0.99999905
0.9998764
0.9999999
0.9980427
0.99997675
0.999833
0.9999994
1.0
0.9999989
1.0
0.99999857
0.99992096
0.9999218
1.0
1.0
1.0
0.99998295
0.9999989
0.99998176
1.0
0.9997811
1.0
0.9999974
1.0
1.0
1.0
0.99993014
0.99999964
1.0
1.0
1.0
1.0
0.9999999
0.9999999
1.0
0.9985884
1.0
0.9367234
1.0
0.999997
0.9999999
1.0
1.0
0.9999999
1.0
1.0
0.9999995
1.0
1.0
1.0
1.0
0.9999945
0.99999976
1.0
0.9999993
0.9924529
1.0
1.0
1.0
0.99999976
0.999966
1.0
1.0
1.0
0.9999982
0.99999833
1.0
1.0
1.0
1.0
0.9999999
0.9999999
1.0
1.0
1.0
1.0
1.0
1.0
1.0
1.0
1.0
1.0
1.0
1.0
1.0
1.0
1.0
1.0
0.99999976
1.0
1.0
1.0
1.0
1.0
1.0
1.0
1.0
1.0
1.0
1.0
1.0
1.0
1.0
1.0
1.0
0.99999535
1.0
1.0
1.0
1.0
1.0
1.0
1.0
1.0
1.0
0.99999344
1.0
1.0
1.0
0.9999999
0.9999999
0.9999974
1.0
1.0
0.9999987
1.0
0.99999917
0.9999993
1.0
1.0
1.0
0.9999926
0.99999213
0.99998736
1.0
0.99999964
1.0
0.99886644
0.9999963
0.9999994
1.0
1.0
0.99999964
1.0
1.0
1.0
1.0
1.0
0.9999821
0.99721366
0.99999976
0.9999994
0.99993014
1.0
0.9999994
1.0
0.52667105
1.0
1.0
1.0
0.9999999
1.0
1.0
0.9999995
1.0
0.9999999
1.0
1.0
0.9999838
1.0
0.9999994
1.0
1.0
0.9999981
1.0
1.0
1.0
1.0
1.0
1.0
1.0
1.0
1.0
1.0
1.0
1.0
0.9999968
1.0
1.0
1.0
1.0
1.0
1.0
1.0
0.9999999
1.0
1.0
1.0
1.0
1.0
1.0
1.0
1.0
1.0
1.0
1.0
1.0
1.0
1.0
1.0
1.0
1.0
1.0
0.99943346
1.0
1.0
1.0
0.9999999
1.0
0.99999964
0.99999905
1.0
0.9999813
0.9999999
1.0
1.0
0.9999994
1.0
1.0
1.0
1.0
0.9999988
1.0
1.0
1.0
1.0
0.9995067
1.0
1.0
1.0
1.0
1.0
1.0
1.0
0.9999918
1.0
0.99999857
1.0
1.0
1.0
1.0
1.0
0.9999988
0.9999999
1.0
1.0
1.0
1.0
1.0
1.0
0.99999976
0.9999995
1.0
1.0
1.0
1.0
0.99999976
1.0
1.0
0.99999905
1.0
1.0
1.0
1.0
1.0
1.0
1.0
1.0
1.0
1.0
1.0
1.0
0.99999917
0.9999999
1.0
1.0
1.0
1.0
1.0
1.0
1.0
1.0
1.0
1.0
0.99999964
1.0
1.0
1.0
1.0
1.0
1.0
1.0
1.0
1.0
1.0
1.0
1.0
0.9999995
1.0
1.0
1.0
1.0
0.9999999
1.0
1.0
0.9999999
1.0
1.0
1.0
0.9999993
1.0
1.0
1.0
1.0
1.0
1.0
1.0
1.0
1.0
0.9999975
1.0
1.0
1.0
1.0
0.99999714
1.0
1.0
1.0
1.0
1.0
1.0
1.0
0.9999999
1.0
1.0
1.0
0.9999999
0.9999993
1.0
1.0
1.0
1.0
1.0
1.0
1.0
1.0
0.9999995
1.0
1.0
1.0
1.0
1.0
0.99999976
1.0
1.0
0.9999995
1.0
0.99999535
1.0
1.0
1.0
0.9999937
1.0
1.0
1.0
1.0
1.0
1.0
0.9999999
0.9999999
1.0
1.0
1.0
1.0
1.0
1.0
1.0
1.0
1.0
1.0
1.0
1.0
1.0
1.0
1.0
1.0
1.0
1.0
1.0
1.0
1.0
1.0
1.0
1.0
1.0
1.0
1.0
1.0
1.0
1.0
0.9999993
0.99999964
1.0
1.0
1.0
0.9999999
1.0
0.9999999
1.0
1.0
1.0
1.0
1.0
1.0
1.0
1.0
1.0
1.0
1.0
1.0
1.0
1.0
1.0
1.0
0.99999976
0.99998856
0.99999404
1.0
0.9999999
1.0
1.0
1.0
1.0
1.0
1.0
1.0
1.0
1.0
0.99999917
0.9999999
0.99999976
1.0
1.0
1.0
0.99999964
0.9999994
0.99999976
1.0
1.0
1.0
1.0
1.0
0.9999999
1.0
1.0
1.0
0.9999999
1.0
1.0
1.0
0.9999999
0.9999999
0.9999999
1.0
1.0
0.9999993
0.99999917
1.0
1.0
1.0
1.0
1.0
1.0
1.0
1.0
1.0
1.0
1.0
0.9999999
1.0
1.0
1.0
1.0
1.0
1.0
1.0
1.0
1.0
1.0
1.0
1.0
1.0
1.0
1.0
1.0
1.0
1.0
1.0
1.0
1.0
1.0
0.99926347
1.0
1.0
0.9999999
1.0
0.9999945
1.0
0.9998896
1.0
1.0
1.0
1.0
1.0
1.0
1.0
0.99999833
1.0
0.99999905
0.9999888
1.0
1.0
1.0
0.9999982
1.0
0.99998593
1.0
1.0
1.0
1.0
1.0
1.0
0.99999964
1.0
0.9999999
1.0
1.0
1.0
1.0
0.9999927
0.9999999
1.0
0.9999999
1.0
1.0
1.0
1.0
1.0
1.0
1.0
0.9999932
1.0
0.9999981
1.0
1.0
1.0
1.0
1.0
1.0
1.0
1.0
1.0
0.9999999
0.9999913
1.0
1.0
1.0
1.0
0.9999987
1.0
1.0
0.99994075
0.9999999
1.0
0.99999726
0.9999945
0.99999976
1.0
1.0
1.0
1.0
0.99999964
0.9999974
1.0
1.0
1.0
0.9999995
1.0
1.0
1.0
1.0
1.0
1.0
0.9999969
1.0
1.0
0.9999981
1.0
0.99999964
0.99999833
0.9999989
1.0
0.9999999
0.9999994
1.0
0.9999999
1.0
1.0
1.0
1.0
1.0
1.0
1.0
0.99998987
0.9999994
1.0
1.0
0.9997731
1.0
0.9999999
1.0
1.0
0.9999999
0.99999964
0.9999989
0.9999981
1.0
1.0
0.987688
0.9999418
1.0
0.99940455
0.9999999
0.99996257
0.9982231
0.99952745
0.9999336
0.9999988
0.9123262
1.0
1.0
0.9999999
0.99997663
0.998162
0.9999695
0.999961
1.0
0.99970204
0.9999995
1.0
1.0
0.9999944
1.0
1.0
1.0
0.9999689
0.9999994
0.9999819
0.9999995
0.9999988
1.0
1.0
0.999998
0.9999591
0.999997
0.9999814
1.0
1.0
0.9999993
0.99999714
0.9999994
1.0
1.0
0.99999976
1.0
0.9999999
0.99969995
0.9999999
0.9999987
1.0
1.0
0.9999976
1.0
1.0
1.0
1.0
1.0
1.0
0.9999863
1.0
0.9983183
1.0
1.0
1.0
1.0
1.0
1.0
1.0
0.999627
1.0
1.0
0.9999999
1.0
1.0
1.0
1.0
1.0
1.0
1.0
1.0
1.0
1.0
1.0
0.9999999
1.0
1.0
1.0
1.0
1.0
1.0
1.0
1.0
1.0
1.0
1.0
1.0
1.0
1.0
1.0
0.9999974
1.0
1.0
1.0
1.0
1.0
1.0
0.99999964
0.99999917
1.0
1.0
1.0
1.0
0.99999464
1.0
1.0
1.0
1.0
1.0
1.0
0.99999905
1.0
1.0
1.0
1.0
1.0
1.0
1.0
1.0
1.0
1.0
0.99999905
1.0
1.0
0.99999917
1.0
0.9999999
1.0
0.9999999
1.0
1.0
1.0
1.0
0.9999995
1.0
1.0
1.0
1.0
0.99997056
1.0
1.0
1.0
1.0
0.99999976
1.0
0.99998915
1.0
1.0
0.9999994
1.0
0.99996376
1.0
1.0
1.0
1.0
1.0
1.0
1.0
1.0
1.0
1.0
0.9999999
0.99999964
1.0
1.0
1.0
0.9999865
1.0
0.99982506
1.0
1.0
0.99999976
1.0
1.0
0.99999976
1.0
0.9999999
1.0
0.99999094
1.0
1.0
1.0
1.0
1.0
0.9999963
0.99999857
0.9999882
1.0
0.99999976
0.9999995
1.0
0.99999976
0.99999905
1.0
0.9981554
0.99999964
0.999979
1.0
0.99994814
1.0
1.0
1.0
0.9999995
1.0
1.0
0.99996805
1.0
1.0
1.0
1.0
1.0
1.0
1.0
0.9999994
1.0
1.0
1.0
1.0
1.0
1.0
1.0
0.99999964
0.9999999
1.0
0.9999987
0.99835926
1.0
1.0
0.99999523
1.0
0.9999887
1.0
0.9935128
0.9999976
0.99999523
0.99946254
1.0
0.9999987
1.0
0.99998
1.0
1.0
0.9999994
1.0
1.0
1.0
1.0
1.0
0.9999999
1.0
1.0
1.0
0.99999726
1.0
1.0
0.9999999
1.0
1.0
1.0
0.9999999
0.99995756
1.0
1.0
1.0
1.0
1.0
1.0
1.0
1.0
1.0
0.9999999
1.0
0.99999905
1.0
1.0
1.0
0.99999905
1.0
1.0
1.0
0.9999987
1.0
0.9999994
1.0
1.0
1.0
1.0
1.0
0.99999976
1.0
1.0
1.0
1.0
1.0
1.0
1.0
0.9999999
1.0
1.0
1.0
1.0
1.0
1.0
1.0
1.0
1.0
1.0
0.9999999
1.0
1.0
1.0
0.99999833
1.0
1.0
1.0
1.0
1.0
1.0
1.0
1.0
1.0
0.99999976
0.99654835
1.0
1.0
1.0
0.9987515
1.0
1.0
1.0
1.0
1.0
1.0
1.0
1.0
1.0
1.0
0.99999475
1.0
1.0
1.0
1.0
0.9999999
1.0
1.0
1.0
0.99999905
1.0
1.0
0.9999994
1.0
1.0
0.99999905
1.0
1.0
0.99999917
0.99999905
0.9999963
1.0
0.9999999
1.0
1.0
0.999984
1.0
1.0
0.99999905
0.99999964
0.99999964
1.0
1.0
1.0
0.99999976
0.99999845
1.0
1.0
1.0
1.0
1.0
0.99999607
1.0
0.9999999
1.0
1.0
1.0
0.9999999
1.0
1.0
1.0
0.9999982
1.0
1.0
0.9999999
1.0
0.9999889
1.0
1.0
0.99999905
0.99999976
1.0
0.9999995
1.0
0.9952739
0.9983193
0.9999963
1.0
0.99960774
0.9999893
1.0
1.0
1.0
1.0
1.0
1.0
1.0
1.0
1.0
1.0
1.0
1.0
1.0
1.0
1.0
0.9999995
1.0
1.0
1.0
0.99993527
1.0
0.9999995
1.0
1.0
1.0
1.0
1.0
0.9999999
1.0
0.99999714
1.0
0.9999999
1.0
1.0
1.0
1.0
0.9999968
1.0
0.9999993
0.99999976
0.99999845
1.0
0.9999999
1.0
1.0
1.0
1.0
1.0
1.0
1.0
0.9999999
0.9999424
1.0
1.0
1.0
0.9999944
0.9999999
1.0
1.0
0.9999993
0.9999999
0.9999975
1.0
0.9999894
0.9999883
0.99999094
1.0
0.9999999
0.9999714
1.0
0.99999845
1.0
1.0
0.9999833
0.99999964
0.9999994
1.0
1.0
0.91973263
1.0
1.0
0.99996257
1.0
0.9999999
0.99999964
0.99996364
1.0
1.0
0.9999999
1.0
0.99978703
1.0
1.0
1.0
1.0
0.9999999
1.0
1.0
1.0
0.9999999
0.9999435
1.0
1.0
0.99686927
1.0
0.9999993
1.0
0.9999987
0.9999994
0.99997795
0.9999999
0.99991477
0.99986064
0.99994004
1.0
1.0
1.0
0.9999912
1.0
0.9999696
1.0
1.0
1.0
1.0
1.0
1.0
0.99999917
0.9999974
1.0
1.0
1.0
1.0
0.999998
0.9997917
0.9999999
0.99995136
1.0
0.9999999
1.0
1.0
1.0
1.0
0.9999999
1.0
0.99984276
1.0
1.0
1.0
1.0
0.99999547
1.0
1.0
1.0
0.9999993
1.0
1.0
0.9999999
1.0
1.0
1.0
0.6486483
0.99999964
1.0
1.0
1.0
1.0
1.0
0.9999988
0.99999976
0.9999912
1.0
1.0
0.999997
1.0
1.0
1.0
0.9999962
1.0
1.0
1.0
0.9999541
0.9999976
1.0
0.9997379
0.99999976
0.9994431
0.99999595
0.9999987
0.9999999
1.0
0.9999291
0.99999595
1.0
0.92624986
1.0
0.99998593
0.9999902
0.9999999
0.99999654
0.9999993
0.9775904
0.9999999
1.0
1.0
1.0
0.999995
0.99999857
0.9892574
1.0
0.7288076
0.99999523
0.8584286
1.0
0.99999964
0.9999999
0.94371617
0.999926
0.9999995
0.9999473
1.0
1.0
1.0
0.999997
0.9999914
0.99999607
0.9996747
0.99999535
1.0
0.99998355
0.99999964
1.0
0.9999665
0.99999714
0.9999999
0.99999034
0.9999994
0.9999831
0.8615673
0.9999918
0.9999989
1.0
1.0
0.99892825
0.99999905
1.0
0.9999001
1.0
1.0
1.0
0.99998915
0.9999994
0.99992156
0.8587128
1.0
1.0
1.0
0.9999962
0.99999774
1.0
0.9982344
0.9999733
0.9999999
1.0
1.0
0.99999964
0.54528564
0.9999424
0.9999945
1.0
0.9999721
0.99999976
0.98694617
1.0
0.9999893
0.99999166
1.0
0.999979
1.0
1.0
0.99999976
1.0
1.0
0.9999995
0.99999976
0.99999976
0.99999774
0.99990463
0.99977535
1.0
0.9994099
1.0
1.0
0.9999993
0.99998176
0.99999905
1.0
0.99995804
0.99999774
1.0
0.9999157
1.0
1.0
0.99997437
0.9999782
0.9994498
0.99999976
0.99841213
1.0
0.99998176
0.99999666
1.0
1.0
0.99999917
0.99868697
0.9994962
0.9999999
0.9999994
1.0
0.9999999
0.99999774
0.99999976
0.9999999
0.99910754
0.9999825
0.9994948
0.99999356
0.9999926
0.9955142
0.9998104
0.9999975
1.0
0.99998605
1.0
1.0
1.0
0.99525034
1.0
0.9999999
0.99999845
1.0
0.99986386
0.993895
0.99998224
0.8702115
0.9999963
1.0
0.99999535
1.0
1.0
0.99999964
0.99999654
1.0
0.998934
0.99999034
0.9997634
0.99964666
1.0
0.99999905
1.0
0.99999905
1.0
0.99998856
0.9999999
0.9999999
1.0
0.9898341
0.99988174
1.0
0.99999857
0.99999964
1.0
0.9999994
0.9999995
0.9999703
1.0
1.0
0.99999833
1.0
1.0
1.0
1.0
0.99998367
0.9999987
1.0
0.950672
1.0
1.0
1.0
0.9999988
0.9999814
1.0
1.0
1.0
0.99999857
1.0
1.0
0.99999964
1.0
0.9999999
0.999997
1.0
0.99314064
0.99943846
0.99999917
0.9999902
0.99998665
1.0
1.0
1.0
1.0
0.9999987
1.0
0.6226862
0.9996451
0.9999851
1.0
0.99999964
1.0
0.99999976
1.0
0.9990068
1.0
0.9999987
0.9783021
1.0
1.0
1.0
1.0
0.99893826
0.9996513
1.0
0.999764
0.9999988
0.99999964
1.0
0.99998856
1.0
0.9999931
0.99999976
1.0
0.99995697
0.9999999
1.0
0.9999988
1.0
1.0
1.0
0.99993277
1.0
1.0
1.0
1.0
0.9793397
0.99999857
1.0
1.0
0.99941015
0.9999325
0.9999995
0.9999999
1.0
0.99269015
1.0
0.99985266
0.99978215
1.0
0.9997702
0.9999993
1.0
1.0
1.0
1.0
1.0
1.0
0.9999995
0.99999714
0.9999962
0.9961641
0.9948348
0.99990857
1.0
1.0
0.9999999
1.0
1.0
0.9999994
0.99984705
1.0
1.0
0.9999807
1.0
0.9999994
0.9999962
1.0
1.0
0.99968076
1.0
0.9999174
0.9999982
1.0
1.0
1.0
0.99999964
1.0
1.0
1.0
1.0
1.0
0.9999945
1.0
0.99998534
1.0
0.9999963
0.9999958
0.9999924
1.0
0.99999964
0.9999999
0.9999956
1.0
1.0
1.0
1.0
1.0
1.0
1.0
1.0
0.99999356
0.9999999
0.99999976
1.0
1.0
1.0
1.0
1.0
1.0
1.0
1.0
0.9999883
1.0
1.0
1.0
0.9999999
0.9999211
0.99999905
1.0
0.99999166
1.0
0.9999833
0.99999285
1.0
0.99999905
0.99999976
0.99996746
0.99999857
0.8460658
1.0
1.0
0.99999774
1.0
1.0
1.0
1.0
0.99999976
1.0
0.9999845
0.9999999
1.0
1.0
0.9999999
1.0
1.0
1.0
