1.0
1.0
1.0
0.9999913
1.0
0.99999964
0.99991393
0.99993885
0.9984964
0.9997429
0.9999882
0.9999958
0.9988194
0.99999726
1.0
0.9999776
0.99986386
0.9999999
0.9948086
1.0
0.9999181
0.999972
0.9999993
1.0
1.0
0.99999297
0.9999893
1.0
0.991901
0.9999999
1.0
0.9999988
0.9999999
0.99999857
0.99999976
1.0
0.99998486
1.0
0.99995327
1.0
1.0
0.9997917
0.9999851
0.9999994
0.999969
0.9999999
0.99994624
1.0
0.9999784
1.0
0.9999995
1.0
1.0
1.0
1.0
0.99993765
1.0
1.0
0.9999007
0.9999999
0.9999994
0.99999964
0.99556834
0.99994814
0.99999976
0.99999714
0.9999902
0.99999976
1.0
0.99999976
1.0
1.0
1.0
0.99994385
0.99999964
0.9999999
1.0
1.0
0.99997246
0.99969757
0.99999356
0.9999989
1.0
1.0
1.0
1.0
0.9999881
0.9997372
0.9999999
0.9999956
1.0
1.0
0.9991781
0.99993896
0.9999994
0.9982521
0.99116814
0.9999969
0.9999999
0.9999999
1.0
0.99999976
0.9999995
1.0
0.9999784
0.9999988
0.99999976
0.9999993
0.9999851
1.0
1.0
0.9995351
1.0
1.0
1.0
0.9449064
0.99999917
1.0
0.9999745
0.9937727
0.99999964
0.99995553
0.99999905
1.0
0.99991703
0.99649054
0.9995844
1.0
0.99999726
1.0
0.99999976
0.99999905
0.9998276
0.9999995
1.0
1.0
0.99991715
1.0
1.0
0.99885523
1.0
0.9999999
0.9999995
1.0
0.9999995
1.0
1.0
1.0
0.9999974
0.9999881
0.99998903
0.8655097
1.0
1.0
1.0
1.0
0.9999999
0.9999995
0.99999845
1.0
0.99815184
1.0
1.0
1.0
0.9999999
0.9999999
1.0
0.9999254
1.0
1.0
1.0
0.9982408
0.9999999
1.0
1.0
0.99701095
1.0
0.99998975
1.0
1.0
0.9999999
1.0
0.99999106
1.0
0.98930943
0.9999356
0.9999999
1.0
1.0
0.99999905
0.9998363
0.9999474
0.9999932
0.999071
0.9999261
0.99992204
1.0
0.99999976
0.99998343
0.98087585
1.0
1.0
0.9999999
0.99999964
0.9999999
1.0
0.9993869
0.9994197
1.0
0.9571497
1.0
0.9990144
0.99998176
1.0
0.99276453
0.9999949
1.0
0.99610895
1.0
0.9999999
0.9999585
0.99927515
0.9999999
1.0
1.0
1.0
0.99250925
1.0
1.0
0.99999344
0.9999976
1.0
0.9999702
0.99982834
0.9999827
1.0
1.0
1.0
1.0
1.0
0.99999917
0.9981547
0.9981552
0.9999821
0.9999999
0.99982005
0.9999988
0.8849995
0.9999925
1.0
0.99994266
0.9999989
0.99999964
1.0
0.99999833
0.9999124
0.99993217
0.99906164
0.9999956
0.52391356
1.0
1.0
0.99999976
0.9999975
0.96568775
1.0
0.98638576
1.0
0.9999976
0.9999987
0.99999964
0.999964
0.9999999
0.99998033
0.99999416
0.99993455
1.0
0.9999889
1.0
1.0
0.9999944
1.0
0.97338563
1.0
0.9999939
1.0
0.9995427
0.99999213
1.0
0.9999763
0.9947201
0.9999989
0.99320495
0.99999964
0.99991035
0.9999999
1.0
0.9999796
0.9999969
1.0
0.9999999
0.99999785
1.0
1.0
1.0
0.999997
1.0
1.0
0.99999845
1.0
1.0
0.9999778
0.99994564
0.99999917
1.0
1.0
0.99999774
0.9999957
0.9999938
1.0
0.9951563
0.8335891
0.9998492
1.0
0.9991241
0.9999964
0.9976174
0.99999976
0.99999
1.0
1.0
1.0
1.0
0.99999785
1.0
1.0
0.9139949
0.9943006
0.9999931
0.9999651
0.9326291
1.0
1.0
1.0
0.9999913
1.0
0.99914694
0.9999963
1.0
0.99999976
0.9999169
1.0
0.9997832
0.99991477
1.0
0.9999982
0.9999999
0.99999964
0.9948743
0.9362347
1.0
0.9999999
0.99982244
0.99999917
1.0
0.99999774
0.99876726
1.0
0.9997527
1.0
0.99999976
1.0
0.9999938
0.99999964
0.99999976
1.0
1.0
1.0
1.0
1.0
0.99965084
0.9993467
1.0
1.0
1.0
1.0
0.9989318
1.0
0.9999999
0.99836
0.99999046
0.9985469
0.9999999
0.9999994
0.99999666
0.99985206
1.0
0.999848
0.9999999
0.99999857
0.99997663
0.9999999
1.0
0.9999485
0.9998814
0.99999976
0.9998858
0.9999989
1.0
0.99999964
1.0
0.994487
0.99765885
0.99998176
0.9998405
0.9997764
1.0
0.84679955
1.0
1.0
0.9999999
1.0
0.9996313
0.9999999
0.9999993
1.0
1.0
1.0
0.9999999
1.0
1.0
0.99999976
0.99999654
1.0
1.0
0.99462116
0.9999988
1.0
0.9999982
0.9999993
0.99999976
0.9998313
0.99999917
0.9999994
0.99902403
0.9491346
0.9998202
0.8242796
0.99738723
0.9318385
0.99753976
1.0
0.9999969
1.0
0.9999471
1.0
0.99990165
0.99972326
1.0
0.9999963
0.9953139
0.99999857
0.9999192
1.0
0.9997695
0.9999844
1.0
0.9999782
0.99997723
0.9999913
1.0
0.9999994
0.9999999
1.0
0.9999933
1.0
1.0
1.0
0.99995995
0.99994385
1.0
0.9999976
0.9999993
1.0
1.0
0.99999976
1.0
0.9997204
0.99999535
1.0
0.99996173
0.9999746
0.9999987
1.0
1.0
0.8173965
0.9999989
0.9981243
0.9979164
0.9999999
1.0
0.9999993
0.999956
1.0
0.99999964
1.0
1.0
0.9999989
0.9997733
0.9999994
1.0
0.9999974
1.0
0.9999999
1.0
0.9999999
1.0
0.9999999
1.0
0.99999964
0.9999999
0.9998085
0.99998975
0.9999938
1.0
0.9999857
0.99999976
0.99999225
0.99999356
1.0
0.99870014
0.9999999
0.99999833
0.99999976
0.99993753
1.0
0.99993896
1.0
1.0
0.9999944
0.99999166
0.9999999
0.99998987
0.7551122
0.9999981
0.99998164
1.0
0.9999993
0.99999905
1.0
0.999995
0.99811435
0.93149626
0.9999995
0.9999994
1.0
1.0
0.99742067
0.9999653
0.9999237
1.0
0.9999268
1.0
0.9999995
1.0
1.0
1.0
1.0
0.99998236
0.99999595
0.99999976
0.9997688
0.99989593
0.9999999
1.0
0.9999051
1.0
1.0
0.99999964
1.0
0.99917704
0.99997866
0.6834105
0.98127615
0.99999964
1.0
1.0
0.9999907
0.9999826
1.0
1.0
0.92989653
0.99999857
0.99915504
0.9998196
1.0
0.99999607
0.9998809
0.99996984
0.999979
1.0
0.99999464
1.0
0.99999964
1.0
0.99999964
1.0
1.0
0.9999964
1.0
0.99999714
0.99999094
1.0
0.99993753
1.0
0.99999976
0.99996114
0.9999957
0.99962664
0.9136128
0.99998844
0.9999999
1.0
0.99999714
0.99978024
0.89156437
1.0
0.9999995
0.9999999
0.9994911
0.99999404
0.9999995
0.99999976
1.0
0.9999974
0.9998622
1.0
0.9999949
1.0
0.99953437
0.9999888
0.9999976
0.9997898
1.0
0.99999166
0.98154896
0.99548596
1.0
1.0
0.9999875
0.9999987
0.9999988
1.0
0.9999999
0.9999993
0.999974
1.0
1.0
0.99819773
0.5268015
1.0
0.999435
0.9999994
1.0
1.0
1.0
0.9999826
0.9999534
1.0
1.0
0.9999999
0.9998685
1.0
0.9998996
0.7820726
0.9999999
0.9999994
0.99999845
0.99983597
0.99998736
0.99999905
0.99999785
1.0
1.0
0.6657052
0.999979
1.0
1.0
0.99973017
0.9791951
1.0
0.9243411
0.99999976
0.99970514
0.99999344
0.9999999
0.99999905
1.0
0.99998415
0.9999914
0.99993885
0.99999785
0.9999995
1.0
0.9999995
0.9999999
1.0
0.9999304
0.99999905
1.0
1.0
0.9999902
0.99999905
0.9999999
1.0
0.9999138
0.8789156
0.90056396
0.9999653
0.99999964
0.975249
0.99999785
1.0
0.9960393
1.0
1.0
0.9855903
1.0
0.99987376
0.9999987
0.99998116
1.0
1.0
0.9999994
1.0
1.0
0.9973654
0.9999343
0.9965732
0.9999523
0.99609727
0.9999832
1.0
0.9999945
1.0
0.9999995
0.9997825
1.0
0.9999999
1.0
0.9999994
0.9999995
1.0
1.0
1.0
1.0
0.99999774
1.0
0.99999976
0.9999987
0.99987054
0.98871404
0.9997259
0.99999857
0.9999999
0.99999976
0.99999964
0.99999964
1.0
0.9999503
1.0
0.9999901
0.99999964
0.99999976
0.99999905
1.0
1.0
1.0
0.9999995
1.0
0.99998796
0.9999819
1.0
1.0
0.9999987
0.9995185
0.9736971
0.9999974
0.9999993
0.99994767
0.9999753
0.99672604
1.0
1.0
0.9999994
0.9999999
1.0
0.999962
0.9999994
1.0
0.9986632
1.0
1.0
1.0
0.99975127
1.0
1.0
1.0
1.0
1.0
0.9998841
1.0
1.0
0.9982147
0.99999475
1.0
0.99913687
0.99999404
1.0
1.0
0.9999999
1.0
1.0
0.99985516
1.0
1.0
1.0
0.9999969
0.9999999
0.99982196
1.0
0.99999905
0.99999905
0.9957087
0.99817646
0.9999995
1.0
0.99999905
1.0
0.9584655
0.99995303
0.9999999
0.99997675
1.0
0.9763134
0.9996195
0.97415245
1.0
1.0
1.0
1.0
0.99999607
0.99999964
0.99999964
0.99997604
1.0
0.9999999
0.998844
1.0
0.99996126
1.0
1.0
0.9999974
1.0
0.9999999
1.0
0.99991477
0.9999994
0.9999995
1.0
0.9992077
1.0
0.99951375
1.0
0.99984896
0.99998903
1.0
0.9999677
0.9998913
1.0
0.9999994
0.9957872
0.74450743
0.9830036
0.99999094
0.99714273
0.9999999
1.0
0.99999416
1.0
1.0
1.0
1.0
1.0
1.0
0.95930696
0.9997683
1.0
0.99993813
0.99997807
0.9998186
0.9999999
0.99847466
0.9963391
0.9999918
0.99999964
0.9990627
0.9999999
1.0
0.99995387
1.0
1.0
1.0
0.999998
1.0
0.99999154
0.999979
0.99999976
0.9999988
0.9999945
1.0
1.0
0.9999995
1.0
0.86502093
1.0
0.9998876
1.0
0.99999857
1.0
0.99996614
1.0
0.99995065
1.0
0.9999999
0.99999917
0.9799717
1.0
0.99444973
0.9702294
0.99884003
1.0
0.99999726
0.999995
0.9999975
1.0
0.99996316
0.84122276
1.0
0.99999654
0.9999665
0.9999876
0.9999908
1.0
0.99997663
0.99993074
0.99004513
1.0
0.9999299
1.0
0.99985147
1.0
0.99999
0.9999999
0.9999995
0.9312158
0.999997
0.9999999
1.0
0.9999968
0.9999999
1.0
1.0
1.0
1.0
0.99999964
0.9999993
0.99999905
0.9999999
0.9999982
1.0
0.99976283
0.9999882
1.0
0.99999976
0.9999999
0.9999974
0.9999993
1.0
0.9999893
1.0
1.0
0.9996123
0.99995875
0.99990594
0.99986136
1.0
1.0
0.9996933
0.9999981
0.9999844
0.9999815
0.9999603
0.99999833
0.9999912
1.0
0.9994211
0.99996185
0.9999999
0.9999999
0.9999943
1.0
0.9997429
0.99994576
0.99996436
0.9999832
1.0
0.99999595
0.9999999
0.9999995
1.0
0.9999683
0.9990952
1.0
0.9999958
1.0
0.9866324
1.0
0.9999958
1.0
0.9999999
0.9999981
0.9999566
0.5528286
0.99999034
0.9999975
0.9999988
1.0
1.0
0.9085102
1.0
1.0
0.99999607
0.99999726
0.9641854
0.6686462
0.9999999
0.99999905
0.9999994
1.0
0.99999917
0.99984276
0.99999344
1.0
1.0
0.999964
0.9999614
0.9999993
0.99999416
0.9999764
0.9999995
0.9999602
0.9996908
0.9999993
1.0
0.9999995
1.0
1.0
0.99981076
0.99999785
1.0
1.0
0.9999974
0.99999785
1.0
1.0
1.0
0.99999905
0.99999905
0.99999845
1.0
0.999363
0.99873084
1.0
1.0
0.99999964
0.9999933
0.9999999
0.9999784
0.99958223
0.9997328
0.9999993
1.0
0.9999988
0.99979025
1.0
0.9999982
1.0
0.99999976
0.9999999
0.99998677
0.980984
1.0
0.99999666
1.0
0.99999106
1.0
0.996167
0.9999963
1.0
0.9999999
1.0
0.95887494
1.0
0.97956437
1.0
1.0
0.99999857
0.99999857
0.9999871
1.0
0.9959496
0.99999
0.9999999
0.9999999
0.99999714
0.99999964
0.9999988
0.9987325
0.99999964
0.99979514
1.0
1.0
0.999969
1.0
1.0
0.9999999
1.0
0.9999988
1.0
1.0
0.9999664
0.999998
0.9999994
0.9999999
0.99999714
0.9999678
0.9997993
0.9998884
0.99998665
0.99998605
0.9999994
0.99997807
0.99879754
0.99729854
1.0
0.9977678
0.9999956
1.0
1.0
1.0
0.9999523
1.0
1.0
0.99302226
0.99999714
0.9998418
0.99999976
1.0
0.99507916
1.0
0.9999982
1.0
0.99978906
1.0
1.0
0.9999945
0.9999995
0.99999094
1.0
0.99999976
0.98598623
0.60166025
0.99999857
0.9999995
1.0
0.99999964
0.99999666
0.99991536
1.0
1.0
0.9989152
0.99734604
1.0
0.9999908
0.99987173
0.99997675
0.9999455
0.9999578
0.99995923
1.0
1.0
0.99735487
1.0
0.9999548
1.0
0.9967217
1.0
0.99999845
0.99993765
1.0
0.9999982
0.9998018
1.0
0.999995
1.0
0.99997234
0.99901307
1.0
0.9999753
0.9999995
0.9999994
1.0
0.99997973
0.9999629
1.0
0.5777718
1.0
0.9997259
0.99999976
0.99999976
0.99988985
0.9179016
0.99999154
0.99992967
0.9999999
1.0
1.0
1.0
0.99999976
0.9999999
0.9999795
0.9633447
0.9999958
0.99943167
1.0
0.9997893
0.6439717
0.9970054
1.0
0.9999938
0.999998
0.99996006
0.99999976
1.0
0.99999654
0.99825984
1.0
0.99999976
0.9999269
0.53069377
0.9999988
0.9999968
0.9982114
0.9999962
1.0
0.9999517
0.9999895
0.99999774
0.9999999
0.99999905
0.9999976
0.9995608
0.9149834
0.9999894
1.0
0.99997973
0.99999905
1.0
0.9986792
1.0
0.99762374
0.99740547
0.9999994
1.0
1.0
0.99999416
0.9996309
0.9999981
0.976193
0.99987423
1.0
0.99919444
1.0
0.9999906
1.0
0.9988691
0.99999964
1.0
0.99638075
0.9999999
0.9999924
0.9999976
0.9999937
0.99999976
1.0
1.0
0.9999963
0.99999833
1.0
0.9999975
0.9999993
0.9999776
0.99999964
0.9999993
0.99999774
1.0
1.0
0.9999765
0.5508746
1.0
0.9999999
1.0
1.0
0.9999999
0.9999995
0.99158514
0.99999976
0.9267271
1.0
0.9990478
0.99729615
1.0
0.99999905
0.9993344
0.99999785
0.99999845
0.95979583
1.0
0.9988167
1.0
1.0
1.0
0.9999976
0.9998965
1.0
1.0
0.9994517
0.9999701
0.9999999
1.0
0.9999999
0.99999905
1.0
0.99999917
0.99999976
0.99899095
1.0
1.0
1.0
1.0
1.0
0.99999905
1.0
0.88892734
0.9999597
0.99999034
1.0
1.0
0.99999905
1.0
1.0
0.99999976
1.0
1.0
0.9999988
1.0
0.99977857
0.9999852
0.9999713
1.0
1.0
1.0
1.0
0.9999999
0.99283916
0.9999995
0.9999999
0.9999994
1.0
0.99999225
0.99948174
0.9999999
0.978868
0.9768265
0.99996805
1.0
0.9999831
0.9999958
0.99994195
0.9999887
0.99999654
0.9994074
0.99996865
0.99998045
0.99999785
0.99999976
1.0
0.999925
0.99999964
1.0
0.9840867
1.0
0.9999119
0.3444002
0.76365215
0.9999846
0.99995947
0.99999666
0.9999999
0.99999976
1.0
0.9999999
0.9946808
1.0
0.99275535
1.0
0.9997212
0.99890494
0.99774736
1.0
0.99999964
1.0
0.98821557
0.99999964
0.97909397
0.9945509
0.99998116
0.84243804
0.99942183
0.99986506
0.99872476
1.0
1.0
0.9989524
0.9999982
0.99999917
0.99999785
0.9999989
0.9999999
0.9999993
1.0
1.0
0.9998871
0.99999416
0.99999976
0.99999595
1.0
0.99999726
0.872229
1.0
1.0
0.9999994
0.99999654
0.99990034
0.9999987
0.9999306
0.99997854
1.0
0.9999937
1.0
1.0
1.0
0.9999999
1.0
0.999923
0.9998271
0.9999994
0.99999976
1.0
1.0
0.9999999
0.999198
1.0
1.0
1.0
1.0
1.0
0.9999932
0.9999999
0.9999999
0.9999993
0.99992895
1.0
0.9993337
1.0
0.9997243
0.9999994
0.9999995
0.99970573
0.99273294
0.99999106
0.999984
1.0
0.9999075
0.99980253
1.0
0.99998975
0.9977901
0.99991953
0.99999225
0.99999917
0.9998684
1.0
0.9999901
0.9999962
0.99996746
0.9999999
0.99999464
1.0
0.98712265
1.0
0.8223474
0.99937457
0.9999728
0.99999976
0.99999154
0.9785785
1.0
1.0
0.995047
0.9999999
0.9999988
0.9997396
0.9999995
0.9998418
0.9999999
0.9999994
1.0
1.0
1.0
0.9999994
1.0
0.99991953
1.0
0.99999785
0.9999957
0.9997751
0.99999964
0.99523914
1.0
0.9849689
1.0
0.88761294
0.8336272
1.0
0.99998975
0.9999999
0.91652435
0.9988514
1.0
1.0
0.9999927
0.9999994
0.9999999
0.99999964
0.9993961
0.99999976
0.99998724
0.9363177
0.9972675
0.9999999
0.99999917
0.9999907
1.0
1.0
0.99993026
0.99999964
1.0
0.9997603
1.0
0.99937016
1.0
0.9999994
0.9999993
1.0
0.9999982
0.980626
1.0
0.9999981
0.9991079
0.9999999
0.99999475
0.99999833
0.999998
0.9999124
1.0
0.9999945
1.0
1.0
0.99958915
0.9999591
0.99999905
1.0
0.999998
1.0
0.999985
0.9999274
1.0
0.999969
1.0
0.9737868
1.0
0.99938285
0.9998785
1.0
0.9999982
0.99999905
0.99998415
1.0
0.99859875
0.5645363
0.9999994
0.9999999
0.999998
1.0
0.9997216
0.9999827
1.0
1.0
1.0
0.998659
0.9999995
1.0
0.99853814
1.0
1.0
0.9962255
0.99989617
1.0
0.99999785
0.8457513
1.0
1.0
1.0
0.99999905
1.0
1.0
0.99999297
0.99994504
0.99987626
1.0
1.0
0.99999976
0.96139866
0.9999999
1.0
1.0
1.0
0.9999993
0.99999475
1.0
0.99999976
1.0
1.0
1.0
1.0
0.99962354
0.99999964
1.0
0.9999505
0.9972752
1.0
0.9989298
1.0
0.99999964
0.99080896
1.0
0.8442417
1.0
1.0
0.5969895
0.9986534
1.0
1.0
0.99999964
0.9280499
0.9953092
0.9999964
0.9998022
0.9999988
0.9991654
1.0
1.0
0.9999707
0.999985
0.9999676
0.9999865
1.0
0.9999999
0.99999845
0.99993
0.9997861
1.0
1.0
0.99999976
0.9999981
0.9999825
1.0
0.67708397
0.9999994
0.99997663
0.99994516
0.99999166
0.99998546
1.0
0.99994266
0.94295245
0.97980815
1.0
1.0
0.98714834
0.9977316
0.999998
1.0
0.99994385
1.0
0.9999999
1.0
0.99998915
0.99987805
1.0
0.9999937
0.9999999
0.9999999
1.0
1.0
0.9256205
1.0
0.9999355
0.99999654
0.99999857
1.0
0.99997413
1.0
0.9999982
0.9999995
1.0
0.9546097
0.9999999
0.99999976
0.99997437
1.0
1.0
0.70732594
0.99992645
1.0
0.9991027
0.9999999
0.9999969
0.9998611
0.9999999
0.99961346
0.9999999
0.99999225
1.0
1.0
1.0
1.0
0.99999964
1.0
0.99998534
0.99838483
0.9999598
0.999479
0.99999917
0.999997
1.0
0.9999999
1.0
1.0
0.999572
0.998803
0.99996734
1.0
0.9989698
1.0
0.99999917
0.9999696
0.9999995
0.59598404
1.0
0.99999595
0.9999969
0.9999999
1.0
0.999998
1.0
0.99999976
1.0
0.94240934
0.99997795
0.99997044
1.0
1.0
0.9999999
0.9999925
0.9999993
0.99600405
0.99358785
1.0
0.9998547
0.99999845
0.99993
0.9999621
1.0
0.9999987
1.0
0.9999683
0.9992482
1.0
0.9999999
0.9981816
0.999998
1.0
0.9987857
0.99997616
0.9999932
0.99904484
0.9999999
1.0
0.9999331
1.0
0.9991086
0.9999957
1.0
0.9999975
1.0
0.99999094
0.999951
1.0
0.99957424
0.9999999
0.99857545
0.9999813
1.0
0.99999976
0.9663561
1.0
1.0
0.9999728
0.99913484
0.9998845
0.9969241
1.0
0.9999993
0.9999981
0.9996741
1.0
0.9999999
1.0
0.9999988
1.0
1.0
1.0
0.9849974
0.99999976
1.0
0.99563015
0.9997882
1.0
0.8685745
0.9999999
0.99998605
1.0
1.0
1.0
1.0
0.9793061
0.9999976
0.99819595
0.9999678
0.9996257
0.9878429
0.99999845
0.99999976
0.99999917
0.99999964
0.9997209
1.0
1.0
1.0
1.0
0.99999857
0.99994314
0.9999925
0.9999999
1.0
0.99998283
0.9920189
0.99987483
0.9858645
0.99999976
0.6926574
0.99998105
1.0
0.9999987
0.99999714
0.9999999
0.9944602
0.99999857
0.99996734
1.0
0.9999989
1.0
0.9999993
0.99999917
1.0
0.9999298
1.0
1.0
1.0
1.0
1.0
0.99989724
1.0
0.9999881
0.99999785
1.0
0.99991655
0.9999999
0.9999999
0.9999999
0.99999917
1.0
0.9999994
1.0
0.99992466
0.9999975
0.9999987
0.99999845
0.9996007
1.0
0.9999505
0.99944466
0.99999905
1.0
0.9999031
1.0
0.99947995
0.9999994
0.9999924
0.9999763
1.0
0.9998995
0.6619234
0.99952185
0.9999999
1.0
0.99999964
1.0
1.0
1.0
0.9999962
0.9999875
0.9999999
1.0
1.0
0.99948573
0.999132
0.99999833
0.9999919
0.9999927
0.99992144
1.0
0.99999964
0.99999416
1.0
0.99999976
0.9999999
1.0
0.99951184
0.9983108
1.0
0.99989355
1.0
1.0
0.9794263
0.9999815
0.9994024
0.9999949
1.0
0.9999963
0.9999951
0.9999958
0.9999628
0.99993384
1.0
0.99904186
0.9994821
0.9999989
0.999997
1.0
1.0
0.9999932
0.999997
0.9997019
1.0
1.0
0.99999857
1.0
0.9999999
1.0
0.9999999
0.99998
1.0
0.99802434
1.0
0.7838594
0.9999995
1.0
0.9999999
1.0
0.99999106
0.96501976
0.9999844
1.0
1.0
0.9997209
0.99998546
0.99999917
1.0
1.0
0.99999106
1.0
0.9995635
0.9999316
0.99986887
1.0
0.99999094
0.9001484
0.9999999
0.999995
0.9705796
0.99966943
1.0
1.0
0.9994318
0.99666756
0.99999595
0.99895334
1.0
0.99992
0.54548144
0.99999917
0.99999976
0.9999995
0.99999905
0.99640936
0.9999999
0.9996537
0.9999242
1.0
0.9999685
0.9999987
0.9946449
0.9999627
0.9999622
0.9996288
1.0
0.5290012
0.99999344
1.0
0.9999999
0.9997893
0.9999999
1.0
0.9999982
1.0
0.9999993
1.0
0.99999964
1.0
1.0
0.9973398
1.0
1.0
0.99992263
0.9999522
0.9964619
0.99893576
0.99999964
1.0
0.9619037
0.9999975
0.9999255
0.999995
0.99999976
0.9958016
0.9993304
1.0
0.99994326
1.0
1.0
0.9999894
0.99980444
0.99999666
0.9849888
0.9999995
0.96008146
0.9999999
0.9999999
1.0
0.9980969
0.9999987
0.9999908
0.9918657
1.0
0.7021378
1.0
1.0
0.9999908
0.99999785
0.99999535
1.0
0.9999895
1.0
0.99999976
0.9999999
0.5384278
0.9518225
0.99934274
0.9999999
0.99999976
1.0
0.98256195
0.9999913
1.0
0.9998989
1.0
1.0
0.9999999
1.0
0.99999106
0.9999957
0.9999999
0.99995506
0.99970055
0.99990785
0.9999715
0.99995196
1.0
0.9999999
0.99999905
1.0
0.99999726
0.99999917
0.99998343
0.9999306
0.9999999
0.9999864
0.9818902
0.9992735
1.0
0.9999999
1.0
0.9989248
1.0
0.9989543
0.99999666
1.0
0.9999999
1.0
1.0
0.9999964
1.0
1.0
0.9999995
1.0
0.9995142
0.9999999
0.99998343
0.99003243
1.0
1.0
0.9839467
0.9955727
1.0
0.9590284
0.9975139
0.9999999
1.0
0.99999774
0.9999814
0.9999994
0.999813
0.9998547
0.99999833
0.99614185
0.9999994
0.9995815
1.0
1.0
1.0
0.99991
1.0
1.0
1.0
0.99808925
0.9994679
0.9999999
0.9999999
0.999731
1.0
0.9999981
0.99359447
0.999783
0.9999999
0.99999785
0.9999988
0.99999976
0.99999785
0.999998
0.9999999
0.99547935
0.99739814
0.99999785
1.0
1.0
1.0
1.0
1.0
0.9998505
0.9999976
0.9999881
0.9999999
1.0
0.9975319
0.99999905
0.9999999
1.0
1.0
0.99911076
0.99999976
0.9999907
0.9999981
0.9999999
0.9999999
0.9999981
1.0
0.9999994
0.99999976
0.9999995
1.0
1.0
1.0
1.0
0.99998224
0.99997485
0.9999621
1.0
0.9999999
0.9999995
1.0
1.0
1.0
0.9862467
0.99999976
0.999974
0.99999785
1.0
0.99993455
0.9960984
0.99999976
0.99999607
0.9999999
0.99998677
1.0
0.99999976
0.9997677
0.99869907
1.0
0.9999945
1.0
1.0
0.99999976
0.9999927
1.0
0.9999999
0.9999999
0.99999976
0.99997914
0.9991966
0.5447046
1.0
1.0
0.9999188
0.99999976
0.99928015
0.9997596
0.99998176
1.0
0.9999583
1.0
0.99999535
1.0
1.0
0.9999995
0.99714905
0.9999999
0.99999845
0.9999995
1.0
0.9999964
0.99857056
1.0
1.0
0.9999995
0.9982376
0.99999976
0.9997588
1.0
0.99999917
0.9999999
0.9999994
1.0
0.99890935
0.99996305
1.0
0.84574
1.0
0.99999774
0.9999994
0.99999845
0.99999547
1.0
1.0
1.0
0.99999666
0.9999776
1.0
0.99999785
0.9999974
0.954707
0.99999976
0.9999995
1.0
1.0
1.0
1.0
1.0
0.9999987
1.0
1.0
1.0
0.9999962
1.0
1.0
0.99995303
1.0
1.0
0.9999999
0.99999845
0.99994755
1.0
0.99999666
0.9999926
0.99999964
1.0
0.4992818
0.99441236
0.9984736
0.99999917
1.0
1.0
0.9999974
0.9999906
0.9999682
0.99977714
1.0
0.9557521
0.99998605
0.9973564
0.99999964
0.99998116
0.9999974
0.99942625
0.96677166
0.9999912
0.99998
0.9999999
1.0
0.9999958
0.9990428
0.999998
0.999193
0.9998745
0.9999999
0.99822325
0.9999999
0.99999475
1.0
1.0
0.9999676
0.9998857
0.9999275
0.9979771
0.99999976
0.99998593
0.99999964
0.99993825
1.0
1.0
1.0
0.60632485
0.99987483
1.0
0.99864393
1.0
0.99999714
0.9999877
0.9999999
0.9447654
0.99996865
1.0
0.99889684
0.9999944
1.0
0.9999999
0.99999833
1.0
1.0
1.0
0.9807343
0.9999783
0.9999999
1.0
0.9998648
0.9999894
1.0
1.0
0.99999344
1.0
0.9999888
0.99999726
1.0
1.0
0.99576974
0.99471915
0.9989016
0.9999993
0.9999995
1.0
1.0
0.8314329
0.9995994
0.9999999
0.9999161
1.0
0.99999344
0.9999405
0.9999559
0.9402816
0.9999974
0.9996086
1.0
1.0
1.0
1.0
0.99999297
0.9999995
1.0
0.99999213
0.99999297
0.99999046
1.0
0.9998753
0.9999281
0.99764156
0.9999999
0.99997497
0.99950063
0.9999707
1.0
0.9998646
0.99999106
1.0
1.0
0.76698846
0.9999999
0.99999607
1.0
0.9999993
0.9999993
0.9999976
1.0
0.9999181
0.99998474
0.99999976
1.0
1.0
1.0
1.0
1.0
0.99999845
1.0
0.9999914
0.9999932
0.9999999
1.0
1.0
1.0
0.99107575
0.9999976
0.9906929
0.99999905
0.99778455
0.9999999
1.0
1.0
0.9999999
0.9997588
0.9999993
0.99416333
0.99999976
0.9980444
0.9921732
0.9999856
0.9933797
1.0
0.9999926
0.9999999
0.9975915
0.99973124
0.99863845
0.99999905
0.9999999
1.0
1.0
1.0
0.99986374
1.0
0.999995
0.9998822
0.99999964
0.99999905
1.0
0.9999999
0.8842229
1.0
0.9999777
0.99998987
0.9999306
1.0
1.0
1.0
0.99962497
0.9992767
0.9999999
0.99878544
0.9999654
1.0
0.99997187
0.9999999
0.99999917
1.0
1.0
0.9999939
0.99996626
0.99974257
0.9999318
0.99986434
0.9999995
0.9963987
0.9999896
1.0
1.0
0.9999794
0.99557036
0.9999994
0.99999917
0.99999976
0.97970265
1.0
1.0
0.9999914
0.9999782
1.0
1.0
0.9999776
0.9999974
1.0
0.9999933
0.9991148
1.0
0.99999976
0.9999969
0.99974114
0.9999728
0.99999905
0.99999917
1.0
0.9999796
0.9999975
0.9999597
0.99999034
1.0
0.9886956
1.0
1.0
0.9992798
0.99999964
0.99997425
1.0
0.9999994
1.0
1.0
0.9999981
0.9999945
0.99998546
0.9993994
1.0
0.9999776
0.99999833
0.9999981
0.999979
1.0
0.99999666
0.9999764
0.9999999
0.9996389
0.9932428
1.0
0.9999782
1.0
0.99852633
0.9999995
0.99999845
0.99984574
1.0
1.0
0.99979466
0.99987733
0.9999994
1.0
0.9999871
1.0
1.0
0.9991959
0.9999912
1.0
0.9998927
0.99999464
0.9999956
0.9980038
1.0
0.99998665
0.99999917
0.99999523
0.9921933
0.99999976
1.0
1.0
0.9999999
0.99999976
0.99997294
0.9999999
1.0
0.9665513
1.0
0.99871695
0.9999628
0.99974793
0.9997588
0.9999999
1.0
1.0
0.9999999
0.9230523
1.0
0.99999976
1.0
1.0
0.9999317
0.99999976
0.99979955
0.999102
0.9999999
1.0
0.99748516
1.0
1.0
0.99999976
0.9999999
0.99999976
0.9997439
1.0
1.0
0.9999558
1.0
0.9999895
1.0
1.0
0.99999416
0.99999845
0.99470216
1.0
0.99999976
0.9999999
1.0
0.9999999
1.0
1.0
0.98192155
0.99999404
0.9999999
1.0
0.9999908
0.99913603
1.0
0.5869924
0.9999993
1.0
1.0
0.9999994
1.0
1.0
0.9999932
0.99999976
1.0
0.9926519
0.99999976
0.9999776
0.9999764
0.9999975
0.99999905
0.99997115
0.9999999
0.999998
0.9999871
0.9995999
0.99999964
0.47510308
0.9999429
1.0
1.0
1.0
0.9999994
1.0
0.9999714
0.999818
0.99992836
1.0
0.99999976
0.99970216
0.9999956
0.99998283
1.0
0.8923878
1.0
0.9888005
0.9993955
0.9999994
0.9999995
0.999739
0.9999864
0.9999999
1.0
1.0
0.998857
0.99376136
0.964212
1.0
0.9999995
1.0
0.9999995
0.9999999
0.9999862
0.9603868
1.0
0.99941945
0.9992077
0.9998288
1.0
0.99999213
1.0
1.0
0.99999726
1.0
0.9999994
1.0
0.9999865
1.0
0.99999475
1.0
0.99999654
0.99999845
1.0
1.0
0.9999999
1.0
0.9999347
0.99999964
0.99963117
1.0
0.9999999
1.0
1.0
0.9999484
0.9999888
0.9966869
0.999962
0.99987376
1.0
0.99971217
0.9999993
1.0
0.99905056
0.9932962
1.0
0.9999958
0.9999902
0.9999902
0.9741286
0.99887186
0.9998884
1.0
0.9999994
0.99999213
0.9999219
0.9999957
0.9999813
0.9994342
0.9999999
0.9999784
1.0
0.9982552
1.0
0.99999714
1.0
1.0
0.99999976
0.9999378
0.9999558
0.99999976
0.9999826
0.9999994
0.9999957
0.99999976
1.0
0.9998621
0.965434
1.0
0.9999654
0.9993173
1.0
0.99999547
1.0
0.9986363
1.0
0.95558995
1.0
0.99989915
0.9934515
0.99997056
1.0
0.99999726
1.0
1.0
0.9999957
1.0
1.0
0.99999213
0.99999475
1.0
0.99967957
0.99987555
0.9999932
0.99999917
1.0
0.9999999
1.0
0.99998844
0.9999728
1.0
1.0
0.99999976
1.0
0.99999034
1.0
1.0
0.9996667
0.9999995
1.0
0.9990815
1.0
0.9916487
1.0
0.9999982
0.999995
0.99999833
0.9999999
0.99979573
1.0
1.0
0.9999622
0.9999987
0.9999957
0.99995077
0.99999595
0.9999207
0.99999917
1.0
0.999977
0.99998546
0.9721318
0.9933683
0.9999987
1.0
0.9999995
0.9999994
0.9836411
1.0
0.99997795
0.99999964
0.99995613
0.9998029
0.79126376
1.0
0.99994516
0.99481934
0.9999999
0.9999938
0.9999958
0.99999917
1.0
0.9999988
0.998582
0.9761969
0.5554553
0.9998344
0.9999968
0.99999475
0.99999976
0.9999461
0.9990766
0.9999987
1.0
0.9999995
1.0
1.0
0.9999999
0.9998747
0.9823713
0.99999595
1.0
0.99895394
1.0
1.0
0.9984285
0.99975914
0.99958307
0.99998367
1.0
0.9999887
1.0
0.9929721
1.0
1.0
1.0
0.94514436
0.99999917
0.99892884
0.99999964
1.0
0.99999964
0.9926974
0.9999641
0.99999964
0.99898833
0.9999999
0.9999808
1.0
0.9999968
1.0
1.0
0.99990284
0.99999964
0.99999905
1.0
0.9913298
0.99998
1.0
0.99998856
0.9999999
0.5259094
1.0
1.0
1.0
0.9999707
0.99988115
0.99999666
1.0
0.9999999
0.99999475
0.99678
1.0
0.999998
1.0
1.0
1.0
1.0
0.99823016
0.9999994
1.0
1.0
0.99999905
1.0
1.0
0.99999964
1.0
0.99884915
0.9999993
0.99611306
1.0
0.9999994
0.99999726
1.0
1.0
0.99996686
0.92937404
1.0
0.9996295
0.9994301
0.99999285
1.0
1.0
1.0
0.99990165
1.0
0.9999995
0.9999999
0.99999976
0.99999833
0.99999726
1.0
1.0
0.9999987
1.0
1.0
1.0
0.9999995
1.0
1.0
0.9999995
1.0
0.9999629
1.0
0.99999547
0.996151
0.99100596
0.9999994
0.95091695
0.9999788
1.0
1.0
1.0
0.9999999
1.0
0.9999943
0.9999993
1.0
1.0
0.9792604
1.0
1.0
1.0
0.9999994
0.99999964
1.0
1.0
1.0
1.0
1.0
0.9999999
0.9999994
0.9999993
0.9999471
0.99996877
0.9999994
0.9999888
0.9980153
0.99998915
1.0
1.0
1.0
1.0
0.99999964
0.9999355
1.0
0.97766894
0.99999774
0.9605663
0.99999535
0.9999999
1.0
0.99999154
0.9999968
0.9994172
0.998281
0.9999999
0.999972
0.99995756
1.0
0.99762887
0.9999902
1.0
0.9983979
0.9999875
1.0
1.0
0.9999832
0.99974805
1.0
0.99999714
1.0
1.0
0.99999964
1.0
0.9871608
0.99509
1.0
0.99958485
0.9993247
0.9942492
1.0
0.9999653
1.0
1.0
1.0
0.9999995
0.99999976
0.99999464
0.99999917
1.0
0.9999521
1.0
0.99999344
0.9999993
0.9999784
1.0
1.0
0.99999976
0.9999896
0.9999999
1.0
0.9999999
0.93932813
0.9999999
0.99999976
0.99997795
0.9999894
1.0
0.99999857
0.9999554
0.9999448
0.99985814
0.9999999
0.99999785
1.0
0.99999166
0.99999917
0.9997812
0.9999479
0.9999943
0.9999993
0.99932015
1.0
0.9997727
0.999997
0.99999917
0.9999988
1.0
0.99999964
0.9999864
0.99995553
0.9999887
1.0
1.0
0.99846774
0.9995436
1.0
0.99999976
1.0
1.0
1.0
0.99967
0.9999994
1.0
1.0
0.99999607
0.99998593
0.99999523
1.0
0.9999931
0.9999796
0.99876785
1.0
0.9999976
0.9999298
0.99995244
0.9999982
1.0
0.9979255
1.0
0.9999865
0.9999999
1.0
0.9874849
0.99999607
1.0
1.0
0.9999565
1.0
0.99999845
0.61946565
0.9999969
1.0
0.9999579
0.9979948
1.0
1.0
1.0
0.9999995
1.0
0.9997423
0.9673099
0.9999999
0.99911934
0.99999523
0.9999989
0.99999976
0.9999856
1.0
0.9999999
1.0
0.9999994
1.0
1.0
1.0
0.99721646
0.9998622
0.999519
1.0
0.9999002
0.9999974
0.99999785
1.0
1.0
0.99999976
0.99684095
0.99999
0.9999902
0.9490739
1.0
0.9999994
0.9997739
0.99997365
1.0
0.99992406
1.0
1.0
0.99999905
0.99992836
1.0
0.999995
1.0
0.99987805
1.0
0.9999999
0.98572624
1.0
1.0
1.0
0.999959
1.0
0.9999982
0.9999474
0.99672997
0.5521869
0.99999964
0.9996706
0.9999747
1.0
1.0
0.99999976
1.0
0.9999987
1.0
1.0
1.0
1.0
0.99998856
0.99991727
0.9999964
1.0
0.9987941
1.0
1.0
0.99999964
0.9999896
1.0
0.9998568
0.99995136
0.99999917
0.99999905
0.9897655
0.99991286
0.99998796
0.99981314
0.9999999
0.99999976
0.9999895
0.9981856
0.9999987
0.99999964
0.9999598
1.0
0.9999976
0.99961215
0.9664777
0.99997973
1.0
0.9999399
0.9999999
1.0
0.9885866
0.9966865
0.99998724
1.0
0.9999999
1.0
0.91382575
0.9999976
0.99999356
0.99997747
0.99997985
0.9986582
1.0
0.9999869
0.9999939
1.0
0.999984
0.99999964
1.0
1.0
0.9999995
1.0
0.9999039
0.99996495
0.9999989
0.9999609
1.0
1.0
0.999491
0.99998355
1.0
0.99968374
0.9999999
0.9966871
1.0
0.9999914
0.9999981
0.99999666
0.99999905
0.99999964
0.9992539
0.99998224
1.0
1.0
1.0
1.0
0.99999964
0.99994636
0.9983925
1.0
0.99999964
0.99994767
0.99960417
0.9999987
1.0
0.9999877
0.99991226
1.0
0.99999857
0.9999999
1.0
1.0
0.9997559
1.0
0.9999999
0.9999963
0.9923855
0.9997042
0.99999785
1.0
0.9999918
0.99999964
0.9999851
1.0
0.99999285
0.9993948
0.9999559
0.9999931
0.99999654
1.0
0.99999964
0.9999751
0.9999747
1.0
0.9999987
1.0
0.90020174
0.99999535
0.99997854
0.99997675
0.9999001
0.99999607
1.0
0.99986005
0.99999964
1.0
0.9999968
0.9999999
1.0
1.0
0.9999988
0.99999976
1.0
0.999948
0.9999999
0.99970466
0.9998568
1.0
0.99999905
1.0
0.9999838
0.99959475
0.99679935
1.0
0.9999316
0.9889726
0.9999995
0.99997044
1.0
1.0
1.0
0.9994142
0.99999785
0.99999785
0.999995
0.99999964
1.0
1.0
0.9995448
0.99999285
1.0
1.0
0.9999994
0.99999845
0.9999999
0.99999964
1.0
0.9999981
0.9997713
0.9964778
1.0
0.9999653
0.99998987
0.99999976
1.0
0.99999976
1.0
0.99998224
1.0
0.9999989
1.0
1.0
0.997488
0.9999461
0.9999225
0.99998367
0.9945157
1.0
0.99999297
0.9999949
0.9999913
0.9999999
0.9999615
0.99999905
1.0
0.9999999
0.99999964
0.90295666
0.99999857
1.0
0.99994195
0.99998593
0.99999964
0.99895513
1.0
0.986925
0.99933916
0.9999999
0.9999999
1.0
0.99999976
1.0
0.99998045
0.99999976
0.9999683
0.999997
0.9999629
0.9999999
0.99998665
0.999585
0.9999844
1.0
1.0
0.99580437
0.9996251
1.0
1.0
0.9999938
0.92991203
0.9999882
0.99907756
0.99994504
0.9999999
0.9999565
0.9999758
0.99983287
1.0
0.9999999
1.0
0.9999999
1.0
0.9999994
1.0
0.9998605
0.99147934
0.9999999
1.0
0.99999404
1.0
0.9999939
1.0
0.9997502
0.5427703
0.9983399
0.99999964
0.99999976
1.0
0.9996823
0.99997723
0.9999418
0.9999988
0.99997234
1.0
1.0
1.0
0.99999595
0.9999999
0.999895
0.9998429
0.9998902
0.9999484
1.0
1.0
1.0
0.99929965
0.99994767
0.999998
0.99986005
1.0
0.9998443
1.0
0.99987924
1.0
0.99934536
0.9999999
0.9997944
0.99999666
1.0
0.9999974
1.0
0.99999905
0.999244
0.9998785
0.76410216
0.99987626
0.9999833
0.9999999
1.0
0.99976116
1.0
1.0
0.99999976
0.9999999
1.0
1.0
0.9999602
1.0
0.9999652
0.9999999
0.9999999
0.99999964
1.0
0.99907327
0.9999999
0.99999964
1.0
1.0
0.9999995
0.9999602
1.0
0.95210785
0.99998367
1.0
0.9985177
1.0
1.0
0.9999943
1.0
0.999931
0.99988365
0.99999774
0.99999976
1.0
0.99999976
1.0
1.0
1.0
0.99999774
1.0
1.0
0.9999418
0.9999994
1.0
1.0
0.9999777
1.0
1.0
0.99999
0.99999857
0.99999964
1.0
1.0
0.993618
1.0
1.0
1.0
0.9865318
1.0
0.9997229
0.9999999
0.99999964
0.99999964
1.0
0.9999448
1.0
0.9999993
0.9998758
1.0
1.0
1.0
1.0
0.99998903
1.0
0.99999964
0.9989542
0.9438095
0.9999999
0.9999876
1.0
1.0
0.99999976
0.9999993
0.9988668
1.0
0.99997413
1.0
1.0
0.99999547
0.9997608
0.9998816
0.9999999
0.99999905
1.0
0.9999999
1.0
1.0
0.56361896
1.0
1.0
0.9999999
0.998381
1.0
1.0
0.9999858
0.99942255
0.9996804
1.0
0.9999999
0.99998033
1.0
0.9999809
1.0
0.82534796
0.999998
0.9999968
0.9942385
1.0
0.9999467
0.9648855
0.99999976
0.99290645
0.54810256
0.99997425
0.97290874
0.90598154
1.0
1.0
0.9999999
1.0
1.0
0.9999684
1.0
0.9999999
0.99999535
0.99999964
1.0
0.9955527
0.9999994
0.999979
1.0
0.9999999
0.99999964
0.99998677
0.99991083
1.0
0.9765118
1.0
1.0
0.99983776
0.9991968
0.99994254
0.999961
0.9999999
0.9999999
0.9999995
1.0
0.99831617
0.9999944
0.99999857
0.9999993
0.9994529
0.826813
0.99997973
1.0
1.0
0.9999999
0.99980956
1.0
0.9999852
1.0
0.99997354
1.0
0.4816318
1.0
0.99749017
1.0
0.99805427
0.9999069
1.0
0.99989724
0.9999943
0.9997776
1.0
0.9999858
0.9999505
0.99999356
1.0
1.0
0.8207358
0.9999987
0.99961203
1.0
0.9999876
0.9999795
0.9999994
0.99998057
1.0
0.9999913
0.9999125
0.9999982
0.99734926
1.0
0.9873372
1.0
0.99998534
0.9975762
0.9999982
1.0
1.0
1.0
0.99999964
0.9999945
0.99993443
1.0
0.99999833
0.9835029
1.0
0.99999833
1.0
1.0
1.0
1.0
1.0
0.99999833
0.9999999
0.99415565
0.99999976
0.9995932
1.0
0.9999999
0.99966824
0.9999995
0.83696914
0.99998367
0.9998945
1.0
0.9999976
1.0
1.0
0.99999964
0.999982
1.0
0.99999833
1.0
0.8330741
1.0
0.9999995
0.8682786
0.99999964
0.99999833
0.9998691
0.999961
0.99999976
0.9991061
1.0
0.9999877
0.9983639
1.0
0.99993956
1.0
1.0
0.9999956
0.99995196
0.990245
0.9999987
0.99989736
0.9999995
1.0
1.0
1.0
0.9999831
1.0
0.9999052
0.9999999
0.9998085
0.9999999
1.0
1.0
0.99999416
0.9999387
0.9999999
0.99999964
0.9999994
0.9999974
0.9999994
0.99999917
1.0
0.87835175
0.9999932
0.9999988
1.0
0.9999974
0.999998
1.0
0.99993265
0.9999999
0.91659915
0.9999925
0.9999932
1.0
0.96908545
1.0
0.9999924
0.999231
1.0
0.9999957
1.0
0.99999774
1.0
1.0
0.99999917
0.99999964
1.0
1.0
1.0
0.99999976
0.99999964
0.9999517
0.9998307
0.9999982
0.99964523
1.0
0.9999962
0.99999964
1.0
0.9999968
1.0
1.0
1.0
0.9999925
0.99999964
1.0
0.9999995
0.9999398
0.99995875
0.8539372
0.9999641
0.9997805
1.0
1.0
0.99928385
1.0
0.99999607
1.0
0.997658
0.9964168
0.99992335
1.0
0.99950576
1.0
1.0
0.99999785
1.0
0.99999917
1.0
0.9999126
0.99989843
1.0
0.9999963
1.0
0.9999989
0.9999999
0.76174533
0.998544
0.9987148
0.9999138
0.99999917
1.0
1.0
0.99999976
0.9915172
0.9999999
0.9999957
0.9999999
0.99999976
0.99999285
0.9999783
0.9999982
0.99959034
0.9748352
0.9997478
0.9794047
0.9994935
0.99997663
1.0
0.99999905
0.99999917
0.99999976
0.9999987
0.99949896
0.9999974
0.99909854
1.0
1.0
0.9999938
0.9999914
0.9999995
1.0
1.0
0.9999993
1.0
0.4792625
0.99999964
0.9998381
1.0
0.99986935
0.99999464
1.0
1.0
0.99985194
0.99999905
0.87990487
0.9999869
1.0
1.0
1.0
0.9997085
0.99999964
0.9999999
1.0
1.0
0.6008802
0.99999976
0.9999852
0.9940274
0.99994504
0.9999999
1.0
0.9999999
1.0
1.0
0.999777
0.99999976
1.0
0.9999367
0.99999976
1.0
0.9999999
0.9999994
1.0
1.0
0.9975948
0.99999726
1.0
1.0
0.99999976
0.99217623
0.997869
0.99999976
0.99999785
0.9999553
1.0
0.99999917
0.99999905
1.0
0.9999926
0.9999962
0.98997164
1.0
0.9936532
0.99999785
0.9999362
0.99999976
1.0
0.99999964
0.9996929
1.0
1.0
0.9999995
0.8530229
1.0
0.9999993
0.8212684
1.0
0.9997421
0.999987
0.9999989
1.0
0.9999999
1.0
0.9997714
1.0
0.9948042
0.99999917
0.9999895
0.99998045
0.9999696
0.8177324
1.0
0.99999046
1.0
1.0
0.99997973
0.99999845
0.99989724
0.99992514
0.99968815
1.0
1.0
0.9999994
1.0
0.9999907
1.0
1.0
0.99999964
0.9999361
0.99994576
0.99999297
0.99999964
1.0
0.9999933
0.99320716
1.0
0.99995685
1.0
1.0
0.9999968
0.9999697
0.9999703
0.99935967
0.9948259
0.9999999
0.9999999
0.9999993
1.0
0.9995833
1.0
1.0
0.9995981
1.0
0.99998724
0.99999905
0.9999999
0.9999337
0.99844176
0.99991274
0.99921834
0.9997173
1.0
0.9999597
0.9998745
0.9999994
0.9999062
0.99983
1.0
0.9999927
0.9999454
1.0
0.9692671
0.9999999
0.99407876
0.9995427
0.99990296
0.99924964
0.99999094
0.9999999
1.0
0.9970722
1.0
0.99999726
0.9998317
0.9999999
0.99999976
1.0
0.9999999
0.99717015
1.0
1.0
0.99519944
1.0
0.72637665
0.9999442
0.9999995
1.0
0.999979
1.0
0.99993026
0.9998851
0.99935573
0.9999982
0.99999774
1.0
0.9999999
0.9999995
1.0
1.0
0.9999975
0.99977654
0.9999957
1.0
0.9879098
0.99999976
0.99995685
0.99999595
0.99999976
0.9997011
1.0
0.9999907
0.99999905
0.82729703
1.0
0.9997346
0.9998857
0.9999999
1.0
0.9979249
0.99759704
0.9999914
0.999995
0.9999987
0.9999963
0.9999999
1.0
1.0
1.0
0.999995
1.0
0.99986756
0.9991014
0.9999999
1.0
1.0
0.99998236
1.0
1.0
1.0
1.0
1.0
1.0
1.0
1.0
0.9997811
0.8748937
0.99926955
0.99999046
0.9999989
1.0
0.99984515
0.9999434
0.9999962
0.99998677
0.99999607
0.7390642
1.0
0.9999995
1.0
0.9999995
1.0
0.9999865
0.79276824
0.9778983
0.9999988
1.0
0.99971205
0.9988642
0.9999913
1.0
0.99982244
1.0
0.9785204
0.99981827
1.0
1.0
0.9999949
1.0
0.86058235
0.9996332
0.99999976
0.9999969
1.0
1.0
0.9999999
0.9999944
1.0
0.9999988
0.9631865
0.9999988
0.99999857
0.9844787
0.99930775
0.9998266
0.9996581
1.0
0.9808265
0.99997663
0.9999964
1.0
0.999597
0.99992454
0.99998796
0.99999917
0.9991167
0.9999988
0.9996369
0.996212
0.9999931
0.99999225
1.0
1.0
0.9999348
0.99910694
1.0
0.99999857
0.9999733
1.0
1.0
1.0
0.9435207
0.999984
0.9989158
1.0
0.9999876
1.0
0.9994456
1.0
0.9998018
1.0
0.99971324
1.0
0.996525
1.0
0.999987
1.0
0.99997246
0.9999107
0.9999999
1.0
0.99869484
1.0
1.0
0.9999999
1.0
0.9999987
0.99996126
1.0
1.0
1.0
0.9996426
0.9997919
1.0
0.9999981
0.99999976
1.0
0.9947412
0.9998424
0.9999993
1.0
0.99999034
0.9999968
0.99785477
0.9999999
0.99999785
0.99999344
0.9994604
0.737258
0.9999386
1.0
0.99910825
1.0
0.999969
1.0
1.0
0.99999547
0.90972483
0.9999993
0.99999964
0.9999999
0.99999905
0.9995109
1.0
1.0
0.9999962
1.0
1.0
0.9986848
1.0
0.977749
0.99999964
0.9979091
0.9999844
0.9999993
1.0
0.99999595
0.99999666
0.9785653
0.99954623
1.0
0.9999993
1.0
0.9999957
0.9999999
0.9999995
0.9999019
0.99980456
0.97354543
0.9999182
0.99999964
0.9938175
0.9999988
0.97699785
1.0
1.0
0.99998045
1.0
1.0
1.0
1.0
0.9993223
1.0
0.99998665
1.0
0.99997675
1.0
0.99984944
0.9997633
0.9982673
0.99999356
0.99999976
0.99986255
0.5205302
1.0
0.99999344
1.0
0.9797785
1.0
0.9999999
0.9999963
0.999418
0.99907327
0.9999752
0.99993706
0.9999442
0.99999726
0.99952376
0.9999515
0.9999974
0.9999982
0.8054451
1.0
1.0
1.0
0.99975556
0.9999999
0.999997
1.0
0.99993336
1.0
0.9999988
0.9978296
0.99992216
1.0
0.9999746
0.9999999
0.9999982
0.9999893
1.0
0.9999989
0.9999851
1.0
0.9999999
1.0
0.9999999
1.0
0.9999827
0.9983728
1.0
1.0
0.99991465
1.0
1.0
1.0
0.95797503
0.9999988
0.9957766
0.9999944
1.0
0.9998017
1.0
0.9999894
0.99999857
0.99986327
0.9998466
0.99994004
0.999879
1.0
0.9999994
1.0
1.0
0.9992557
0.9999976
1.0
0.57967067
0.99976
0.99999857
0.94188946
1.0
0.9999844
0.9999614
0.9869178
0.8560808
0.9999988
0.95631915
0.99999976
0.9999999
0.99999964
0.9985563
0.9999999
0.999899
0.9999999
0.9999372
1.0
1.0
0.9998945
0.9968927
0.9999994
0.99986994
0.99999523
0.99999976
0.99999976
1.0
1.0
1.0
0.9999968
1.0
1.0
0.99999976
1.0
1.0
0.99953556
1.0
0.63830817
1.0
0.9999857
0.9999994
0.9999825
1.0
0.9999994
0.9993507
1.0
1.0
1.0
0.9673172
0.99999356
1.0
0.9999685
0.98808694
0.99999523
0.99999714
0.99806446
0.99955064
0.9999995
0.9999999
0.9775219
0.9999999
0.9999833
0.99999964
0.9999999
0.9999534
1.0
0.9999807
0.9999063
0.99992406
0.9999999
0.99984753
0.9998692
0.76683646
0.9998747
0.99999976
0.99999976
0.9809441
1.0
1.0
0.93126583
0.9977162
0.9999999
1.0
1.0
1.0
0.9999995
0.99983406
1.0
1.0
0.9999999
0.9999999
1.0
0.9999994
0.9998727
0.9999913
0.99966323
1.0
0.99999976
1.0
0.9999993
0.99999976
1.0
0.86961824
0.9999999
1.0
0.976844
1.0
1.0
0.9999902
0.99999964
1.0
0.999997
1.0
1.0
1.0
0.99979943
0.5384485
1.0
0.999943
0.99999857
0.9840469
0.76267517
1.0
1.0
0.9999988
1.0
0.9999994
0.99999976
0.9999994
0.9999963
1.0
1.0
0.9999968
0.999995
0.9999989
1.0
0.9998381
1.0
1.0
0.9999999
0.8268873
0.9981774
0.9999497
0.9999999
0.9992931
0.99939144
1.0
1.0
0.9999993
0.9999999
1.0
0.9999999
1.0
1.0
1.0
0.9999981
0.9999994
0.98738396
1.0
0.99999416
0.999747
0.99968064
1.0
0.9174777
0.99961394
0.9999999
0.99999845
1.0
1.0
1.0
0.99999964
1.0
0.9936255
0.9999894
0.99994946
0.9999435
0.9999987
1.0
0.99999654
1.0
0.99605465
1.0
0.9997235
0.99999976
1.0
1.0
1.0
1.0
1.0
1.0
0.99999833
0.99292094
1.0
0.99999857
0.9999938
0.9999999
0.9998995
0.9961532
1.0
0.9987042
0.582517
0.9999987
0.9999839
0.99999034
1.0
0.9999825
1.0
0.9999447
0.99999416
0.9999999
1.0
0.9999995
1.0
0.99989796
0.99999654
1.0
0.9999981
0.99999964
0.9999999
1.0
1.0
0.99748516
1.0
1.0
0.9998803
0.9989115
0.99978095
0.9999995
0.99999964
1.0
0.9999738
0.99999964
0.957666
1.0
0.9999999
0.9999999
0.99774325
0.99986887
0.9999999
0.99513113
0.9997093
0.72951317
0.9999814
0.9999944
0.9054904
0.99983
0.9999999
0.9997882
0.9999999
0.99999964
1.0
0.99999905
0.98188895
0.9999391
1.0
0.9999999
0.99999654
1.0
0.99999905
1.0
0.9999491
0.9998801
0.75333893
0.99999964
0.99678814
0.99999976
0.9999999
0.99999964
0.99999976
1.0
0.99998295
1.0
1.0
0.9999999
0.9999995
1.0
0.9999999
0.9995297
0.99989855
0.99999976
1.0
1.0
1.0
1.0
0.9676407
0.99999976
0.99999774
0.99999964
0.9999968
0.99997365
0.999905
0.99998856
0.99998736
1.0
0.99999976
0.9999521
0.9999989
1.0
1.0
0.9889659
1.0
0.9999999
0.9999995
1.0
1.0
0.9937503
1.0
1.0
0.8735399
0.9998103
1.0
1.0
1.0
0.99990106
0.9999976
0.95033824
0.9996997
0.99969435
1.0
1.0
0.99918264
0.99999833
1.0
1.0
0.9499608
0.99999917
0.9999298
0.99998736
1.0
0.99999404
0.9997291
1.0
0.99999404
0.9999999
0.9999999
0.9999069
0.9999958
1.0
0.9966324
0.8427782
0.99045724
0.9995746
0.999951
0.9999949
0.9999591
0.9999989
0.9999943
0.99951196
0.9999999
1.0
1.0
1.0
0.999931
0.99999964
0.9999999
0.99999905
0.9999919
0.9995401
0.993747
0.9999999
0.9999999
0.8076264
0.9891803
0.99999976
0.99977344
1.0
1.0
0.9999989
0.9999502
0.99999917
0.9999999
1.0
1.0
1.0
0.9999988
0.9767948
0.9999974
0.99967766
0.99999857
1.0
0.99016297
0.9552178
0.9999982
0.99945146
1.0
0.9970528
1.0
0.89864534
0.9978089
0.99948835
1.0
0.9999932
1.0
1.0
1.0
0.9999999
0.99999976
0.9999999
0.99979514
0.99961746
1.0
0.9999876
0.9999987
0.9990614
1.0
1.0
1.0
0.9999999
0.99999976
0.9999999
0.99999464
0.99793386
0.99032295
0.9999896
1.0
0.99999917
0.999899
1.0
1.0
0.9999682
0.9999554
1.0
0.99992824
0.999874
0.9999956
0.9999443
1.0
1.0
1.0
1.0
0.9999801
1.0
1.0
1.0
1.0
0.99946433
0.9999999
0.9999994
0.99999666
0.9999933
0.99114484
1.0
0.9999496
0.99687433
0.9995517
0.99991024
0.9999988
1.0
0.9999994
0.99999976
1.0
0.9999801
0.9999975
0.998582
1.0
0.99999595
0.99999964
0.70581686
0.9999989
0.9999999
0.9899128
0.99982613
1.0
1.0
0.99999785
0.9999852
1.0
0.99928015
0.99986446
0.9999982
0.9999957
0.9999902
0.99996483
0.99999976
1.0
0.99999976
0.999987
0.99999917
1.0
0.8191539
0.99997175
0.99999976
0.9999714
0.99929047
1.0
0.99998593
0.999998
0.9999999
1.0
1.0
0.99964595
0.99956995
1.0
1.0
0.99999535
0.99999285
0.99635184
1.0
0.9986759
1.0
1.0
0.99999905
0.9999993
0.9999845
1.0
1.0
1.0
0.99994147
1.0
0.9999633
0.9999453
0.9999999
1.0
0.9999999
1.0
0.99999833
0.99997294
0.9999994
0.99999976
1.0
1.0
0.99999607
0.99997604
0.9999962
1.0
0.99999547
1.0
0.99999857
1.0
1.0
0.999969
1.0
0.9999993
1.0
0.99998164
1.0
0.99065334
1.0
1.0
1.0
1.0
0.9998431
1.0
1.0
0.999998
1.0
1.0
0.99998474
1.0
0.99999607
1.0
1.0
0.9981363
1.0
1.0
1.0
1.0
1.0
0.99999905
1.0
1.0
0.99999964
0.9999999
0.99999964
1.0
0.9999999
0.9999821
1.0
0.99962926
0.99991584
0.9999974
0.9999982
1.0
1.0
0.9999999
0.9999993
1.0
1.0
0.9999999
0.9999999
0.99999726
1.0
0.9999999
0.9999999
0.9999943
0.99999666
0.99988997
0.99921966
1.0
0.9992473
1.0
0.9999939
0.9999994
0.99999964
1.0
0.99999976
1.0
1.0
0.99991035
1.0
0.99987733
0.9999298
1.0
1.0
1.0
1.0
0.99993515
0.99995065
0.99999857
0.9999459
1.0
0.9999995
1.0
1.0
1.0
0.9999919
0.99999964
1.0
0.99999964
1.0
0.9999993
0.9999161
0.9999962
0.99999976
1.0
0.9999982
1.0
1.0
0.9976235
1.0
0.9999999
0.9999999
0.99999845
1.0
1.0
1.0
0.9999653
0.99999785
1.0
0.9999981
0.9999995
0.99748373
0.9999939
1.0
0.99999905
0.9999999
0.99999654
0.9999968
0.99999404
1.0
1.0
1.0
1.0
0.9999124
1.0
0.99999976
0.999972
1.0
1.0
1.0
0.98334277
0.9999994
0.9999993
0.9999968
1.0
0.9999832
0.9816197
1.0
0.9999931
1.0
1.0
0.9999999
0.9999747
0.9999995
0.99999857
1.0
1.0
0.999941
0.99989855
1.0
1.0
0.9999869
1.0
0.99999964
0.99999785
1.0
1.0
1.0
0.999928
1.0
1.0
0.9999995
1.0
1.0
0.9999999
0.99860257
1.0
0.99999964
0.99999785
1.0
0.9692479
0.99999976
0.9863457
1.0
0.9999316
1.0
1.0
0.99998486
0.9995043
0.9999999
0.9999999
0.9999864
0.99999976
1.0
0.9999963
1.0
1.0
1.0
0.99999785
0.99999595
0.99999964
0.99998105
0.999915
1.0
0.9999999
1.0
1.0
1.0
1.0
0.9222174
0.9999944
0.99999976
1.0
1.0
0.99999464
0.99999833
0.9999994
1.0
1.0
0.99999976
1.0
0.9999999
0.99999607
0.99999166
0.9999968
0.999982
1.0
0.9390581
0.99999726
1.0
0.99999917
0.9999871
0.99999857
0.9999999
0.9999976
1.0
0.9999776
1.0
0.99999917
1.0
0.99999964
0.9999988
0.9994229
0.9999727
0.9999982
1.0
0.98769253
1.0
1.0
0.9997534
0.99999917
0.9957373
0.9999999
1.0
1.0
1.0
1.0
1.0
1.0
0.89481884
0.99998844
0.99999595
1.0
1.0
0.9999993
0.9999999
1.0
0.9999999
1.0
0.9764499
0.9999999
0.99999857
0.9999999
0.9999999
1.0
1.0
1.0
1.0
0.9999999
0.99955255
0.9999962
0.99999976
0.99991536
1.0
0.9999969
1.0
0.9999963
0.9999999
0.9999628
1.0
1.0
1.0
0.999984
1.0
1.0
1.0
0.9999306
1.0
0.9999995
1.0
1.0
0.9995295
0.9998518
1.0
0.9999995
0.9999988
0.9999999
1.0
1.0
1.0
1.0
1.0
0.9375144
1.0
0.9999994
0.9999999
0.99999297
1.0
0.9999999
1.0
0.9999896
1.0
0.99999905
0.99999857
0.99406475
0.9999994
0.9999999
1.0
1.0
1.0
1.0
1.0
0.99999976
0.99999785
0.9999994
0.99999976
0.99999976
1.0
0.99999917
1.0
1.0
0.9977229
1.0
1.0
0.99999666
1.0
0.99999976
1.0
0.9999999
0.99997413
0.99999833
1.0
0.9999927
0.9999945
0.9999975
1.0
0.9997242
0.99999785
0.9999988
0.9999982
0.99981016
0.9971691
1.0
0.99999976
1.0
1.0
1.0
0.99999845
0.99999976
0.99998915
0.99999964
1.0
0.9999995
1.0
1.0
0.9999647
0.9999999
1.0
0.99993694
0.99999213
1.0
1.0
0.9995952
1.0
0.9999926
0.9999999
0.99970454
0.99999976
0.99972683
1.0
0.9999999
1.0
1.0
1.0
1.0
1.0
1.0
0.99998367
0.9999957
1.0
1.0
0.9999962
0.99999595
0.99999833
0.999998
0.99963677
1.0
1.0
0.99999964
0.9999999
0.99999845
1.0
0.9999993
1.0
0.9999993
0.9999999
0.9999553
1.0
0.9999995
0.99999976
1.0
1.0
1.0
1.0
0.99999726
1.0
0.9999995
1.0
0.9999639
1.0
0.99998677
0.99960417
1.0
0.99999726
0.9999999
1.0
1.0
0.99999094
0.999119
1.0
0.9999647
0.9999988
1.0
0.9999999
0.99999976
1.0
1.0
1.0
0.9999999
1.0
0.9999995
0.999788
0.9999974
1.0
1.0
1.0
1.0
1.0
1.0
0.9999999
1.0
1.0
0.9999999
1.0
0.9999958
1.0
1.0
1.0
1.0
1.0
1.0
1.0
0.9999467
1.0
0.99999833
1.0
0.9999902
1.0
1.0
1.0
0.999997
1.0
1.0
0.99999726
1.0
0.9999988
0.9998652
1.0
0.9999999
1.0
1.0
0.99997365
0.9999995
0.99999833
1.0
1.0
1.0
1.0
1.0
0.99999976
0.9952799
1.0
1.0
0.9956025
0.9995485
1.0
0.99999034
0.99974304
0.99983597
0.9999871
0.9999987
0.9997403
1.0
0.9999962
0.99999976
1.0
1.0
0.9999324
0.9998398
1.0
0.99996626
1.0
0.99999976
1.0
0.9999919
1.0
1.0
0.9997521
0.99416345
0.9999846
1.0
1.0
0.9999999
1.0
1.0
0.9999099
1.0
0.9999801
1.0
0.9999956
0.9999976
0.9999988
0.9999232
0.9999895
0.9999999
0.9990978
0.99993956
1.0
1.0
1.0
0.9947078
1.0
1.0
1.0
0.9999981
1.0
0.9999951
1.0
0.9999932
0.99983394
1.0
0.99993
0.99998677
0.9995115
0.9999348
0.9999944
1.0
0.98056066
0.99999905
1.0
0.999998
0.9999999
1.0
0.9999702
0.9999968
0.9997743
0.9999981
0.99999964
0.99996686
1.0
1.0
0.9954526
0.99999785
0.9994905
0.99988973
1.0
0.9999974
0.9999999
0.99997497
0.9999999
1.0
0.99998844
0.99999917
0.9999844
0.99982387
0.9999926
0.99999964
1.0
0.9999906
1.0
0.9999573
0.9999863
1.0
0.99999344
0.9973744
1.0
1.0
0.9992094
0.9999716
1.0
1.0
0.99999964
0.99991107
1.0
1.0
0.7531065
1.0
0.99995434
0.9999995
0.9999993
0.99994254
0.99998367
0.99989796
0.9999523
0.9999337
0.99999475
0.9999994
0.99999976
0.999902
0.9965687
0.99853384
0.9999689
1.0
0.99999774
0.9999087
0.9571609
0.99970895
1.0
0.9999988
1.0
0.9999999
0.99999964
0.9999999
0.9999441
0.9999993
0.99999654
1.0
1.0
0.9999877
1.0
1.0
0.9999987
1.0
0.99999833
1.0
0.9999995
0.99999475
0.99891317
0.9717391
0.999726
1.0
0.9999882
0.99999976
1.0
0.9999739
1.0
0.99999785
0.9999999
1.0
0.999355
1.0
0.9999994
0.999997
1.0
1.0
0.9999995
0.99999976
0.99999
1.0
0.9999943
0.99999845
1.0
0.99999917
0.9999995
0.99993217
0.9999933
0.9999982
1.0
0.9999995
0.99999726
0.9999789
0.9999968
1.0
1.0
0.9999999
0.9995061
0.9999894
1.0
0.999997
0.999961
0.9999622
0.99979633
0.9999982
1.0
1.0
1.0
1.0
0.9999958
0.9999962
0.9999304
1.0
0.9999999
0.99984634
0.9999696
1.0
0.9893853
0.9832039
0.5917702
0.9999919
0.9999999
1.0
0.9999478
1.0
0.9999949
0.9986443
1.0
0.9995271
1.0
1.0
1.0
0.916005
1.0
1.0
0.9231867
0.99999774
0.9999434
1.0
0.999694
0.9999926
1.0
1.0
1.0
1.0
0.99999964
0.99999905
1.0
1.0
1.0
1.0
0.99999833
0.99995697
0.99995947
0.9999999
0.99999833
0.999956
1.0
1.0
1.0
0.9999999
0.99996436
1.0
1.0
0.9999995
1.0
1.0
0.9999721
1.0
1.0
0.9999933
1.0
1.0
0.99998033
0.9999987
1.0
0.9999999
1.0
1.0
1.0
1.0
0.9999999
1.0
0.9999951
0.9998715
0.99984455
1.0
1.0
0.999997
0.9998216
0.9999727
0.9999999
1.0
1.0
1.0
0.9999659
0.9999993
0.99999976
1.0
1.0
1.0
0.9999975
0.9999999
0.9999999
0.99557966
1.0
0.9999305
1.0
1.0
0.9999994
0.9897273
0.9991574
1.0
0.9996462
1.0
1.0
0.99996305
0.9999999
0.996269
0.9999999
0.99996376
1.0
0.9999999
0.9999958
0.9999999
0.9999939
0.99999964
1.0
0.99998975
1.0
0.9999994
0.99999976
0.99999964
1.0
0.9999999
0.999933
0.99999905
0.99999976
1.0
1.0
0.9999857
0.99999976
1.0
1.0
0.9999821
1.0
1.0
0.9999995
0.99999774
0.9999883
1.0
0.99999666
0.99999785
0.99999726
0.999997
1.0
1.0
0.9999869
0.9999999
1.0
0.9624342
1.0
0.99999905
1.0
1.0
1.0
1.0
1.0
0.99995375
0.99999475
0.8732487
0.92675936
1.0
0.990886
0.9999492
1.0
1.0
0.99999416
0.99999976
1.0
0.9999883
1.0
0.9999857
1.0
1.0
1.0
0.9999795
1.0
1.0
0.9978702
0.9999999
1.0
0.99999857
1.0
1.0
0.99999714
1.0
0.9999994
1.0
0.9999132
1.0
0.985719
0.9999877
1.0
0.9988446
0.9999373
1.0
0.99901974
1.0
0.9998344
1.0
1.0
0.99999356
0.9999995
1.0
0.9999999
1.0
0.9965738
0.99977094
0.96503663
0.9929448
0.99612564
0.99653107
0.999998
0.99999535
0.9998903
0.9999964
0.9999949
0.9999995
1.0
1.0
0.9999943
0.9976767
0.9896197
0.9995858
0.9999763
0.99999964
0.99999976
0.8686393
0.9999999
0.9999989
0.9999819
0.99497885
0.99986565
0.99709725
0.9999907
0.9558705
1.0
0.99971694
0.9999944
0.99807715
0.9999852
0.99999976
0.9999999
0.9999492
0.99957913
0.999701
0.99975187
0.9999124
0.9949425
0.9996604
0.9999956
1.0
0.99797267
0.9658916
0.58872074
0.99972945
0.999998
0.99975425
0.9999999
0.9832259
0.9999685
0.999551
0.9999875
0.9999993
0.99963725
0.99999464
0.9999982
0.99997914
0.99984944
0.9696241
0.9999628
0.99999654
0.9913886
0.99976915
0.9999032
0.9997441
0.94895655
0.9999975
0.99927396
0.9999163
0.99997914
0.9999975
0.9999951
0.9999964
1.0
1.0
1.0
0.9999856
0.9999999
1.0
0.999998
0.99999917
0.99955326
0.9999999
0.9999807
0.99980646
0.99940145
1.0
0.98480886
0.99977714
0.99204236
0.9999957
1.0
0.99994814
0.99999905
0.99999475
1.0
0.98256266
1.0
0.9999782
0.99995637
0.9999534
0.9999491
1.0
0.999954
0.99999225
1.0
0.9996915
1.0
0.9999958
0.9999716
0.99991333
0.9999552
0.9999976
1.0
0.99996793
0.99996805
0.99999285
0.9999521
1.0
1.0
0.9999752
1.0
0.9999999
0.9999956
0.9999739
1.0
0.99428374
1.0
1.0
1.0
0.99999833
0.9998529
0.9960104
0.9880943
0.9990675
1.0
0.9999981
1.0
1.0
1.0
0.99999595
0.9999703
0.8750205
0.9995951
0.9999906
0.9997751
0.9999976
0.9999995
0.9999999
1.0
0.99999976
0.9997774
0.66978943
1.0
0.99660987
0.9999958
1.0
0.9999999
0.9999987
1.0
0.99999666
0.99999964
0.9992187
1.0
1.0
1.0
1.0
1.0
0.999998
0.9999989
0.99999356
0.9999695
0.99999034
0.94743836
0.99999285
1.0
0.9998841
0.9999989
0.9999933
1.0
1.0
0.9999999
0.9999579
1.0
1.0
0.99993455
1.0
0.99968565
1.0
1.0
1.0
1.0
1.0
1.0
1.0
0.9999925
1.0
1.0
0.9999716
1.0
1.0
0.99999416
0.9999999
0.9999994
1.0
1.0
0.99999666
1.0
0.9999956
1.0
0.99999857
0.99999905
0.9999995
1.0
0.9999999
0.9999865
0.9999981
1.0
0.9581386
0.9999989
1.0
1.0
0.99861896
1.0
0.99998784
0.99996424
0.9999945
0.89312834
0.9999999
0.9762466
1.0
0.99999666
1.0
0.9680397
0.709853
0.9998821
1.0
1.0
0.9999995
0.99988186
0.99994206
0.9999639
0.999777
0.9999993
0.9999989
1.0
0.99999976
1.0
1.0
0.99999547
1.0
1.0
1.0
1.0
0.99999666
0.99999976
1.0
0.99999964
0.9999999
1.0
0.9999999
0.9998648
0.9999999
1.0
0.9999999
1.0
1.0
1.0
1.0
0.9999999
0.99999714
0.9999962
0.99999976
0.9999989
1.0
0.99999607
0.99999917
1.0
1.0
0.9999999
0.9999995
1.0
0.9999994
1.0
0.9999976
1.0
1.0
1.0
0.99979025
0.99999774
0.9999999
0.99998105
0.9999999
0.9999999
0.99999964
0.999954
0.9999995
1.0
0.9999999
0.9999999
0.9999999
0.9999995
0.9999559
0.9998909
0.9969013
1.0
1.0
1.0
0.99999964
0.99999905
0.9999999
0.99957055
1.0
0.99999964
1.0
1.0
1.0
1.0
1.0
1.0
1.0
0.9999999
1.0
1.0
0.9999999
0.99999976
1.0
0.9999871
0.99999964
1.0
0.9999994
1.0
1.0
0.9999999
1.0
1.0
0.9999999
1.0
1.0
1.0
1.0
1.0
1.0
1.0
0.9999989
1.0
1.0
1.0
0.99999654
0.9999995
0.9999999
0.99999964
1.0
0.99999976
0.99999833
0.9999982
1.0
0.9999995
1.0
0.9999672
1.0
1.0
1.0
0.99999976
0.999992
1.0
0.99998915
0.9999896
1.0
0.9999895
0.99998915
0.9999975
1.0
1.0
1.0
1.0
0.9999999
1.0
0.9999101
0.9999995
1.0
1.0
1.0
1.0
1.0
1.0
1.0
1.0
0.99999964
0.99999917
1.0
1.0
0.9999999
1.0
1.0
0.9999976
0.99999976
1.0
1.0
0.99999964
1.0
1.0
1.0
0.9999993
1.0
0.99988735
1.0
0.9999995
0.9999908
0.9999999
1.0
1.0
0.9999577
1.0
0.99999726
1.0
1.0
0.99998844
1.0
1.0
0.9999999
1.0
1.0
1.0
0.99999917
0.9999999
1.0
0.99999666
1.0
1.0
1.0
0.9999994
1.0
0.9999995
1.0
1.0
1.0
0.99979657
0.9999976
1.0
1.0
0.9999964
1.0
1.0
0.99999905
1.0
1.0
1.0
0.9999999
0.99999344
1.0
0.9999987
0.99995244
0.999806
0.9975955
0.999992
0.9999974
1.0
1.0
0.99119383
1.0
0.9998184
0.9998995
0.999984
1.0
0.9999974
1.0
1.0
0.9999995
1.0
0.9998888
0.99931955
0.99208975
1.0
1.0
0.99999964
1.0
0.9999994
1.0
0.999982
1.0
0.9997341
0.9999995
0.99996865
1.0
0.99998796
0.99999845
0.9921165
1.0
0.9973013
1.0
1.0
1.0
1.0
1.0
0.99999726
1.0
0.9999999
1.0
1.0
1.0
1.0
0.9997321
1.0
0.99990046
0.9999616
1.0
0.9999989
1.0
1.0
0.9999988
1.0
0.99999905
0.9999223
0.9999999
0.99999547
0.9999995
0.99999976
1.0
0.99995494
1.0
1.0
0.99999917
1.0
1.0
1.0
1.0
1.0
1.0
0.9999999
1.0
0.99990106
0.9989371
1.0
0.99988496
1.0
1.0
1.0
0.9999788
0.9999943
0.9999981
0.9998971
0.9999981
1.0
1.0
1.0
1.0
1.0
0.9999943
1.0
1.0
0.9999993
1.0
1.0
1.0
1.0
0.99155253
0.9999908
0.9999999
1.0
0.9999968
1.0
1.0
1.0
0.99999154
1.0
0.9882769
0.99999976
0.99999964
0.9999931
1.0
1.0
0.999995
0.9998852
0.99999905
0.9999999
1.0
1.0
0.9999995
0.9999999
1.0
0.9999839
0.9999974
1.0
0.9997452
0.99995816
1.0
0.99997497
1.0
0.9999999
0.9999994
0.99999964
1.0
0.9561325
1.0
0.999997
1.0
1.0
0.9999982
0.9774456
0.9999825
0.99999905
0.99999976
0.9999981
1.0
0.99462694
0.9999994
0.99999464
1.0
0.9999726
0.99990535
1.0
1.0
0.99999976
0.99986994
0.998672
0.77416766
0.99999964
0.991282
0.9403727
0.99998605
0.5397703
0.99233174
0.9999994
1.0
0.99999976
0.9999608
0.9999993
0.99986744
0.99990547
0.99999523
0.99999976
0.8154967
0.9996754
0.9998447
0.99379224
0.99999917
0.80416334
0.99925464
0.9794326
0.9999995
0.998281
0.99999785
1.0
0.9999993
0.9998989
1.0
0.99998343
0.9999995
0.99980634
0.99999976
0.9999944
0.99999905
0.9983474
1.0
0.9999982
1.0
0.99996054
0.6114431
0.78501093
0.9209891
0.99998677
1.0
0.9969137
0.751763
1.0
0.9958832
0.99995196
0.9999995
0.9989543
0.9999995
0.9999993
1.0
0.9999951
0.999605
0.9998772
0.998237
0.99999976
0.9874221
0.99997866
0.9999887
1.0
0.99772984
0.99982786
0.99999964
0.99999964
0.36736858
0.9999999
0.9999615
0.9999994
0.9999893
0.9999919
0.9843499
0.9990938
0.99999154
1.0
0.9999759
0.99984443
0.99999654
1.0
1.0
1.0
0.9999949
0.99999845
0.99999976
1.0
0.999985
1.0
1.0
1.0
1.0
0.9999739
0.9634269
1.0
1.0
1.0
1.0
0.9999944
1.0
0.99999654
1.0
1.0
0.99999833
0.99996483
1.0
0.9999999
1.0
0.9999993
0.9998863
0.9999968
0.99999976
1.0
0.99999917
0.99954814
1.0
0.99999917
0.999997
1.0
0.99999964
0.9999999
1.0
0.9999995
0.9999181
1.0
1.0
1.0
1.0
1.0
1.0
0.9999863
1.0
1.0
0.99987876
0.9999863
1.0
0.9999987
0.9999989
1.0
0.9999999
1.0
1.0
0.9999995
0.9999987
1.0
0.99998903
0.9999999
1.0
0.9991485
0.9999914
1.0
0.999992
0.9999505
0.9999999
1.0
1.0
1.0
0.99999857
1.0
0.99997187
0.9995943
1.0
0.99999285
0.9881628
0.99996614
0.9999906
0.99987936
0.9979386
1.0
1.0
1.0
1.0
0.99999774
0.99999774
0.999997
1.0
0.99999964
0.9999999
1.0
1.0
1.0
0.99999917
0.81176406
0.99994075
0.99999976
0.99999905
0.9843312
0.9999944
0.9999968
0.98635906
1.0
0.99984586
0.9998253
0.9999999
1.0
0.99997497
0.99998605
0.6564289
0.993543
1.0
0.9999999
0.9999981
0.99995124
1.0
0.99995923
1.0
0.9997713
0.99999094
0.9999988
0.9999999
0.9995258
0.9969223
1.0
0.9999919
0.9999994
0.99999976
0.9999726
1.0
0.9999994
1.0
0.99999285
0.9999584
0.9994031
0.9999999
0.9998609
0.97379464
0.99892753
0.9999994
0.9999987
0.9999546
0.9999999
1.0
1.0
0.99996006
1.0
0.9998878
1.0
0.99999404
0.997644
0.99999285
0.99999976
1.0
0.9999994
0.9999999
1.0
0.99999833
1.0
0.9999968
0.99918526
0.98861176
0.99999833
1.0
1.0
0.99999917
1.0
0.99998724
0.9999999
1.0
1.0
0.9998154
0.983198
1.0
1.0
0.9999999
1.0
0.99999774
1.0
0.999997
0.99999714
0.99992144
1.0
1.0
1.0
0.9999999
0.99999976
0.99998116
0.9999063
0.9999968
0.99999976
1.0
1.0
0.99993694
1.0
0.99903286
1.0
1.0
0.99999976
0.99999964
0.9999999
0.5573759
1.0
1.0
1.0
0.9999993
0.9999747
1.0
1.0
0.99999976
1.0
1.0
0.99999654
1.0
0.9999993
1.0
1.0
1.0
0.9999995
0.9999999
0.9999999
0.9999995
1.0
1.0
0.9999963
1.0
0.9999993
1.0
1.0
1.0
1.0
0.99999726
0.99999344
0.9999999
0.99999976
1.0
1.0
0.9999883
0.9999999
0.99999607
0.9999145
0.99999726
0.99999857
1.0
1.0
0.9999999
0.9999968
0.9999999
0.9888686
0.74221313
0.9999995
0.9998504
0.99999833
0.9999186
1.0
1.0
0.9999999
0.99995613
1.0
0.999997
0.9996277
1.0
1.0
0.9999894
0.9873892
1.0
0.999946
1.0
0.9998568
1.0
0.99997354
1.0
1.0
0.99981326
1.0
0.9999987
0.9999999
0.99983966
1.0
0.99944514
0.99998236
0.9999975
1.0
0.9999703
1.0
1.0
1.0
1.0
1.0
1.0
0.99998856
0.9999608
1.0
0.999998
0.9999869
0.9999999
0.99999976
0.9999951
0.9999926
0.9325728
1.0
1.0
1.0
1.0
0.9999999
1.0
1.0
0.99999964
0.99991
1.0
0.99999905
1.0
1.0
0.9999615
0.9999999
1.0
0.9991221
0.99999976
0.99999034
1.0
0.9999994
0.9999982
0.9999876
1.0
0.99999964
0.9990074
1.0
1.0
1.0
1.0
1.0
1.0
0.9999999
0.9999639
0.99993145
0.9997137
1.0
0.9999999
0.99999666
1.0
0.9999895
0.9999999
0.999992
1.0
1.0
1.0
0.9999999
1.0
0.9999658
1.0
0.9999999
0.9999951
0.9996973
0.99999905
1.0
1.0
0.99999607
0.99999416
1.0
1.0
1.0
1.0
0.999951
1.0
1.0
1.0
1.0
1.0
1.0
0.9999999
0.99999976
1.0
0.9999999
1.0
0.99999595
0.99998367
1.0
0.9999999
1.0
0.9999975
1.0
1.0
0.99997175
0.9999999
0.9997886
0.999196
0.99999976
0.9999981
1.0
0.99992526
1.0
0.9999875
1.0
1.0
1.0
1.0
1.0
0.9999974
0.9999826
1.0
0.99999964
0.999998
1.0
0.9995165
0.9997936
0.9999732
0.9999999
0.9999999
0.9937024
1.0
1.0
1.0
0.9999963
1.0
1.0
0.9999696
0.99999964
0.9999995
0.9999552
1.0
1.0
1.0
0.9999858
0.9999652
0.99999905
0.99974936
0.99999833
1.0
0.99999535
1.0
1.0
1.0
0.9999999
0.9999645
0.9999999
0.9994271
1.0
1.0
0.9999783
1.0
0.9999856
0.99999964
1.0
0.99966395
0.99999976
1.0
1.0
0.99835074
0.99152184
0.99948335
1.0
0.99999976
0.9997992
0.999977
0.9999821
1.0
1.0
1.0
1.0
1.0
0.9999908
0.99971
0.9999995
1.0
0.9999999
0.99999976
0.9999807
0.9999995
0.99999964
0.9998529
1.0
1.0
0.9999025
1.0
0.9999999
0.7934934
0.9999999
1.0
1.0
1.0
0.9999962
1.0
0.99997663
0.99996674
1.0
1.0
0.98059857
0.9999999
0.9999999
0.99957746
0.9999702
1.0
1.0
0.9999994
1.0
1.0
0.9999999
1.0
1.0
1.0
0.9999988
1.0
0.9987078
0.999998
1.0
0.99999785
1.0
1.0
0.9767308
1.0
0.99993503
1.0
0.9999951
1.0
1.0
0.99999917
0.99996555
0.9999988
1.0
1.0
0.9999999
1.0
0.9999958
1.0
0.9999999
1.0
0.9999994
1.0
0.9999982
1.0
1.0
0.9999995
1.0
0.99998677
1.0
1.0
0.99999785
1.0
1.0
1.0
1.0
1.0
1.0
1.0
1.0
1.0
0.99999964
1.0
1.0
0.99999964
0.9999994
1.0
0.9829008
1.0
0.99999964
1.0
1.0
1.0
0.9999101
0.99999464
1.0
1.0
0.9997447
0.99997437
0.99993193
1.0
0.99742067
1.0
1.0
1.0
0.9825431
0.99999917
1.0
0.99999976
0.9998222
0.99996185
1.0
0.9999999
0.9999944
0.99999285
1.0
1.0
1.0
0.99996185
1.0
0.9999356
1.0
0.99995244
1.0
0.9909849
0.9999999
0.9999982
0.99999976
0.99999964
0.9938797
1.0
0.9999813
1.0
1.0
0.9999908
0.99999976
0.99999964
0.9999995
0.9996099
1.0
1.0
1.0
1.0
1.0
0.9986369
0.9999989
1.0
0.9997594
0.99972814
0.9999429
0.99999154
1.0
0.99999917
1.0
0.9999838
0.9999999
0.99920315
0.9998585
0.9999943
1.0
0.9999789
0.9999994
1.0
0.9999999
0.99999976
0.99999726
0.9999738
0.99954945
0.999995
1.0
0.9999982
1.0
0.9999999
0.99999976
0.9999999
1.0
0.9999012
0.9990113
0.99999845
1.0
0.9994155
1.0
1.0
0.99999416
0.9999987
0.99999833
0.99976104
0.99980396
0.9999999
0.9999994
0.9999999
0.99999213
1.0
0.9998826
0.99999106
0.99999714
0.9999988
0.9999989
0.96334034
0.9999939
1.0
1.0
1.0
0.9999999
0.999998
1.0
0.9999844
0.999992
1.0
0.99999297
0.9999999
0.9999796
1.0
0.9999908
1.0
1.0
0.9999889
0.9999995
1.0
0.99999726
1.0
0.9999958
0.9999999
0.9999913
0.9993094
0.9999906
0.99807763
0.9999889
0.9999993
1.0
0.9999999
0.99997544
0.9999975
0.99999917
0.999998
1.0
0.99995935
0.99999344
0.99635625
0.9999987
0.9999993
0.999984
1.0
0.9844505
1.0
0.9999925
0.99999917
1.0
0.9999937
0.99999976
1.0
1.0
0.9999827
0.99999976
1.0
1.0
0.99999857
0.9999629
0.9999974
0.9840357
0.9986675
0.999969
0.99999714
1.0
0.9999734
1.0
0.9999895
0.99975735
0.99834347
0.999995
0.9998198
0.999974
0.999998
0.9972529
0.9999498
0.99999034
0.9999994
0.99999535
0.9999777
0.99998236
1.0
0.9999993
1.0
0.9999995
1.0
1.0
0.99999976
1.0
1.0
0.9999989
0.99999976
1.0
0.9998956
0.9999559
1.0
0.9999999
0.9999994
0.9999976
1.0
0.9999925
1.0
1.0
0.99517655
1.0
0.99929416
0.9999871
1.0
1.0
0.99999964
0.9999999
0.9999999
1.0
0.99999917
1.0
0.99999845
0.99999857
0.9999113
1.0
1.0
0.99993443
0.9999994
0.9997106
0.9999988
0.99377865
1.0
1.0
0.9999852
0.99999416
0.999961
1.0
0.9961842
1.0
0.99982363
1.0
0.99998915
0.9999999
0.9999914
0.99999917
0.99998844
0.99999976
0.9987985
1.0
1.0
1.0
1.0
0.9999976
0.9998313
1.0
0.99999917
0.9999999
0.99965763
0.9999951
0.99999964
1.0
0.9999827
0.9999907
1.0
0.9999995
1.0
1.0
1.0
0.9992113
0.99955565
1.0
1.0
0.99995995
0.9999782
1.0
1.0
1.0
1.0
0.99999666
0.9992835
1.0
1.0
0.99999964
0.9999982
1.0
1.0
0.99999213
0.99840397
0.9997235
0.9999988
0.9999999
0.9999999
0.999984
0.9999988
0.9865261
1.0
1.0
1.0
1.0
0.9999784
0.9999924
0.9998586
0.9999887
0.9999981
1.0
1.0
1.0
0.99987257
0.9999981
0.99999905
0.99881196
0.99995446
0.99998784
1.0
1.0
1.0
1.0
1.0
0.9999994
0.99999034
0.9970155
0.9999999
0.99998605
0.9999999
1.0
0.9999999
0.99999964
1.0
0.9999994
0.9999994
0.999074
0.9999982
0.9999827
0.9999989
0.9999994
0.9997944
1.0
0.9999999
1.0
1.0
0.9999988
0.9990113
1.0
1.0
1.0
1.0
1.0
1.0
0.9966421
0.99932003
1.0
0.9993345
0.9999982
0.99999976
0.99998236
0.9999988
1.0
1.0
0.99999976
1.0
1.0
0.9998419
0.99982566
1.0
1.0
0.9414309
1.0
0.99999094
0.99999344
0.99999213
0.9948608
0.9999995
0.9999982
1.0
1.0
0.9999943
0.9995722
1.0
0.99999976
0.9999999
0.9999925
1.0
0.9999585
0.9999988
0.9999999
1.0
1.0
0.9999999
0.99999917
0.99999976
0.9999894
1.0
1.0
0.9995896
0.99999964
0.9999697
1.0
0.9999989
0.9999995
0.99999905
0.9999981
0.9999968
0.9999423
0.9999994
0.9999999
1.0
0.99999976
1.0
0.99999976
0.9999995
1.0
1.0
0.99999917
1.0
1.0
0.99910295
0.9999999
1.0
0.9999982
1.0
0.99999976
0.9999963
1.0
0.9998821
1.0
1.0
0.99999917
0.9999951
1.0
1.0
0.99999666
0.99999964
0.99999976
0.99998903
0.99997795
0.99999964
0.9997607
0.9999865
1.0
1.0
0.9999994
0.99999964
0.9999975
1.0
1.0
0.99999654
1.0
0.9999882
0.9999981
0.9999999
1.0
0.9999995
0.9999678
0.99999475
1.0
0.99999523
1.0
1.0
0.9999999
1.0
1.0
0.99999917
1.0
1.0
0.9999968
0.9999999
0.99999976
0.99960524
0.9994236
0.9999993
1.0
1.0
0.99999666
0.99999976
1.0
0.99995375
0.9999851
1.0
1.0
0.9999871
1.0
1.0
1.0
0.99999964
0.99999917
0.9999989
1.0
0.99999726
0.9999988
0.9999989
0.9999995
0.99999774
1.0
0.99974614
0.99999857
0.9999987
1.0
0.9999999
0.99996686
1.0
1.0
1.0
0.99999964
0.99999905
0.9999994
1.0
1.0
0.99999976
1.0
0.9999999
1.0
0.9999999
1.0
1.0
0.99999785
1.0
0.99990416
1.0
1.0
0.9999999
0.9999994
1.0
1.0
0.9999926
0.999851
0.9982331
1.0
0.9999951
0.99993443
0.98565173
0.9997693
0.7497535
0.9873217
1.0
0.9999901
0.99996626
1.0
0.9999999
1.0
0.9999392
1.0
0.9999989
0.9999367
0.999951
0.9999999
0.99991524
1.0
1.0
0.99999905
1.0
0.9999988
0.999982
0.99999905
0.99998605
0.99999857
1.0
0.99999905
1.0
0.99999905
0.9999999
0.99999726
0.9999609
0.99999964
1.0
0.9999987
0.99998283
0.9999999
1.0
0.99995553
0.99982315
0.99999917
1.0
0.9999999
0.99992573
0.9999999
0.9999484
0.9999999
0.9992126
0.9999713
0.99999225
0.99999917
0.9999995
0.999987
0.9999989
0.9999958
0.99999344
0.999967
0.9999877
1.0
1.0
0.99999833
0.99996376
0.9999987
0.99985015
1.0
0.99994636
0.99996066
0.9999957
0.99990606
0.9999759
0.99999976
0.9999969
0.9999981
0.9999938
0.9999993
0.9999974
0.9992618
0.99997675
0.9998293
0.9999511
0.9999999
0.9999316
0.99999976
0.99992776
1.0
1.0
0.99988806
0.9999231
0.9999958
0.99953985
0.9999995
0.99999225
0.99999404
1.0
0.9999865
1.0
0.99967134
1.0
1.0
1.0
0.99999976
1.0
1.0
0.9999875
1.0
0.9990429
0.99994004
0.99917275
0.9975938
0.9999956
0.99993694
0.46851858
0.99999976
0.9994287
0.9999987
0.78088355
0.99968493
0.98501116
0.9998733
0.7115499
0.9999608
0.9999962
0.9989489
0.99999535
0.99998736
0.99988174
0.9977174
0.999982
0.9990165
0.99998987
0.9999888
0.99995565
0.9998803
0.9999994
0.9999318
0.9999993
0.9999982
0.99999905
0.99999833
0.999998
0.99996257
0.9999968
0.9999987
0.9999995
0.99999464
1.0
0.9999982
1.0
0.99999726
1.0
0.99999976
1.0
0.9998981
0.9916293
1.0
0.9998716
1.0
0.99627185
0.9999938
0.99999964
0.99999416
0.99999917
0.9999863
0.9966396
0.9834193
0.9976804
0.99992096
0.9999716
0.9865846
0.99962723
0.9999553
0.99993443
0.99980885
0.99972457
0.9999989
0.99999166
0.9999999
0.99999106
0.999931
0.99999785
0.9837203
0.9962811
0.99995995
0.9999387
0.9992072
0.9999404
0.9999969
0.97588396
0.9999999
0.9981457
0.9999305
0.58322555
0.9998882
0.99929273
0.99159086
0.99999475
0.99999654
0.9999993
0.9999999
0.99999976
0.9999887
0.9999994
0.9999999
1.0
1.0
1.0
0.9999999
0.9999784
0.999998
0.9999995
1.0
0.9999974
0.99999976
1.0
1.0
0.99999774
0.99999976
0.9981102
0.99947125
1.0
0.9999993
1.0
1.0
1.0
0.99999976
0.99999976
0.9999995
0.9999894
0.9999963
0.999998
0.9997609
1.0
0.9999999
1.0
1.0
1.0
1.0
0.8390062
1.0
1.0
1.0
0.99999976
1.0
1.0
0.99999774
0.99999976
0.9999982
1.0
0.99999917
1.0
1.0
0.99983096
0.9998772
0.9999958
0.9999963
0.9999862
0.9999436
0.9995999
1.0
1.0
0.99999833
1.0
0.9999999
0.9999981
0.9999747
0.9966648
0.99998486
0.99999845
0.9999944
0.99999166
1.0
1.0
0.9999993
0.9999995
0.9999713
0.99999976
0.99999857
0.99999964
0.99997044
1.0
1.0
1.0
0.9962214
0.99999046
0.9999999
0.99999917
0.9995726
0.9999448
0.99999654
0.99999964
0.9999999
1.0
1.0
1.0
0.9996307
0.99993026
0.99997973
0.9999995
1.0
1.0
0.9999999
0.9999999
1.0
0.99999034
1.0
1.0
1.0
0.9999999
1.0
0.9999995
0.9999864
0.99999964
0.99999964
0.9999361
1.0
1.0
1.0
1.0
0.9999949
0.99999845
1.0
0.99529195
0.9999974
0.99999964
0.9999999
0.7582382
1.0
0.9200884
0.99999905
0.910177
0.9996026
0.68068695
0.99951124
0.99999833
0.99999714
0.97709185
1.0
0.99946743
0.9999999
0.99997485
0.9999974
0.9762255
0.99998784
0.9998677
0.99752694
0.9977937
1.0
0.9999273
0.99999964
1.0
0.9959545
0.9999995
0.99999464
1.0
0.99999917
1.0
1.0
0.9934505
0.9554765
0.8592739
0.75908005
0.95701206
0.999775
0.9954396
0.99996686
1.0
1.0
0.99965215
0.98127556
0.98589003
0.60127664
0.75694495
0.9999058
0.96112406
0.9999981
0.99952686
0.9948478
0.99999666
0.99999976
0.99999416
0.9999628
0.9950819
0.9999943
1.0
1.0
1.0
1.0
1.0
1.0
0.9999845
0.9999949
1.0
0.99970883
1.0
0.9992748
1.0
1.0
1.0
1.0
0.99999964
0.99999976
1.0
0.9999125
0.99999833
1.0
0.99999857
1.0
1.0
1.0
0.99994576
0.99999976
1.0
1.0
1.0
0.9999958
0.9999994
0.9996542
0.99978966
1.0
0.99999976
1.0
1.0
0.9999982
1.0
1.0
0.99999976
0.99999917
1.0
1.0
0.99999976
0.99999917
0.99999404
1.0
1.0
0.99999905
1.0
1.0
0.99999964
0.9998809
0.9999999
1.0
1.0
1.0
1.0
1.0
0.9999999
0.99999475
0.9986589
0.9371875
0.99999833
0.9999559
0.9999517
1.0
0.9999999
0.9999993
1.0
0.9999999
0.9999988
0.9999962
0.9999995
0.9999976
0.99998605
0.99801385
0.9999895
0.9999989
0.99999857
0.9999951
1.0
0.9999975
0.9997043
1.0
1.0
1.0
0.9999994
0.9999994
0.9999999
0.99994206
1.0
0.99999976
0.9980981
0.9999995
1.0
0.9999989
0.99685293
0.99999833
1.0
1.0
0.999998
1.0
0.9999999
1.0
0.99999976
0.9999993
0.9994822
0.9997476
0.9999999
0.99999714
1.0
1.0
1.0
0.9999999
1.0
0.9999989
0.9999995
1.0
1.0
0.9999908
0.9999999
0.9999999
0.97454584
0.999985
0.9995067
0.989033
1.0
1.0
1.0
0.9993303
0.9999949
0.9999995
0.99999964
0.9999652
0.9999722
0.99984205
0.99999774
0.99999297
0.99983764
0.9999962
1.0
0.9999422
1.0
1.0
0.99999464
1.0
0.9999876
0.9999999
1.0
1.0
1.0
0.9999856
0.96929103
0.99993896
0.9999999
1.0
0.9998646
0.9992674
0.9758238
1.0
0.9999728
0.9999913
0.9999629
0.9999888
0.9999988
0.9999963
0.7966294
0.99943477
0.9999999
1.0
1.0
0.9999943
1.0
0.99999464
0.99991214
1.0
0.9999999
0.99999964
0.9999925
1.0
1.0
1.0
1.0
0.99999964
0.9999999
1.0
0.9999999
0.99999976
1.0
0.99998605
0.64987284
1.0
0.99999845
1.0
0.9996532
0.9969777
0.99999905
0.9999981
0.9999294
0.99695444
0.99995005
0.99958426
0.9992531
0.99999976
0.8035701
0.7139194
0.9999404
1.0
1.0
0.99966276
1.0
0.98878163
0.99999666
0.99928904
0.99999917
0.99999785
1.0
1.0
0.9999603
1.0
1.0
0.9999993
0.9999988
0.9999999
1.0
0.9999999
0.99999976
1.0
0.99955314
0.99998975
0.99998486
0.9999924
0.9999994
0.99999917
1.0
0.9999963
0.999998
0.99986506
0.99998057
0.9999987
0.9999999
0.9999999
1.0
0.9999999
1.0
0.9999999
1.0
0.9999999
1.0
1.0
0.99999535
0.99968815
0.99999475
0.99877304
0.9999865
0.9997929
0.9999809
0.9999999
0.99999964
1.0
0.999995
0.83497083
0.9998591
1.0
1.0
1.0
0.99997056
0.99976045
0.9998404
1.0
0.99982613
1.0
0.99997795
0.9999995
1.0
0.99999845
0.999997
0.9999987
1.0
1.0
1.0
0.9999678
0.9999993
0.99994946
1.0
0.9929488
1.0
0.96297663
1.0
0.99836546
0.9999999
0.9999999
0.9999999
0.99996734
1.0
1.0
1.0
0.9999999
1.0
1.0
1.0
0.99999714
0.9999286
1.0
0.9998915
0.99561876
1.0
0.99999976
1.0
0.9999999
0.9998394
1.0
0.9999999
1.0
0.99999905
0.99999535
1.0
1.0
0.9999975
1.0
0.99999666
0.99999845
1.0
1.0
1.0
1.0
0.9999995
1.0
0.99999917
1.0
1.0
1.0
0.99999166
1.0
1.0
0.99999774
0.9999993
1.0
0.9969537
1.0
1.0
1.0
0.99999964
1.0
0.9999939
0.9999968
0.9999994
0.99999833
0.9995358
1.0
1.0
0.9999865
0.99999976
0.9999827
0.999995
0.99996984
1.0
0.99999964
0.99999964
1.0
0.9998173
1.0
1.0
0.9999999
0.99999356
0.9930536
1.0
0.99999976
0.9999999
0.99982136
0.99992836
0.9999738
0.99998415
0.9999994
0.99686736
0.999759
0.9998312
0.9994338
0.9999958
1.0
0.9999033
0.9951742
0.9996772
0.99979955
0.9999999
0.99861264
0.99999905
0.99939847
0.948441
0.99939907
0.9999652
1.0
0.9999813
0.99997234
0.99830925
0.9999981
0.99999976
1.0
0.9993118
0.9587809
0.9999752
0.99876714
0.99739766
0.9996911
0.9997557
0.999997
0.5179351
0.9999999
0.99974567
0.99569005
0.99997985
0.9999994
1.0
0.99991786
1.0
0.9999987
0.9999782
0.99999976
0.99984074
0.99998593
0.99985623
0.999928
0.99999833
0.99999905
0.99994695
0.999949
1.0
1.0
1.0
1.0
1.0
1.0
0.9999999
1.0
0.99999964
1.0
0.999944
0.9999995
1.0
1.0
1.0
1.0
1.0
1.0
0.99997663
1.0
1.0
1.0
1.0
1.0
0.9999989
0.9999999
1.0
1.0
1.0
0.99999917
1.0
0.99999964
1.0
1.0
1.0
1.0
1.0
0.9936552
1.0
1.0
1.0
1.0
1.0
0.9999672
0.99999857
1.0
0.99912673
0.9999999
1.0
0.9999999
0.9999913
1.0
0.9999995
0.9999999
0.9999995
0.99999714
1.0
1.0
1.0
0.9999999
0.9999378
0.9999982
1.0
1.0
0.9999994
1.0
1.0
1.0
0.9999831
1.0
0.9999989
1.0
1.0
1.0
0.9999975
1.0
0.99991095
0.9999999
1.0
1.0
1.0
0.99999917
0.99999976
0.9999999
0.99999905
0.99999404
1.0
0.99998593
0.9999999
1.0
0.99999845
0.9999976
1.0
0.9999989
1.0
0.9999999
0.99999905
1.0
0.9999999
1.0
0.99999833
1.0
1.0
0.99999964
1.0
0.9999963
0.99998176
0.99999976
1.0
0.9999987
0.99999976
1.0
1.0
1.0
0.9999999
1.0
1.0
1.0
0.99996793
0.9999993
1.0
1.0
1.0
0.9999999
1.0
1.0
0.9999981
1.0
1.0
1.0
0.9999969
0.99999976
0.99951625
0.9999398
0.9997944
1.0
1.0
1.0
1.0
1.0
0.9999999
1.0
1.0
0.9999925
0.99998546
1.0
1.0
1.0
1.0
1.0
1.0
0.9999994
0.9999993
0.9998975
1.0
0.9999999
1.0
1.0
0.9999777
1.0
1.0
1.0
1.0
0.9999999
0.99999976
1.0
0.9999999
0.9999993
0.9999989
1.0
0.9999788
0.9999999
1.0
1.0
1.0
0.9999981
1.0
1.0
0.9999994
0.9999999
0.9999982
0.999995
1.0
0.999998
0.9999987
0.9999994
0.9999995
1.0
0.9998136
0.99999547
1.0
0.9843699
0.99999356
1.0
0.99999905
0.9997174
1.0
0.9999467
1.0
1.0
1.0
0.9999851
0.99999774
0.99999
0.99999976
0.9999994
1.0
1.0
1.0
0.99998784
1.0
1.0
0.9990127
0.9999987
1.0
0.99999976
0.9999999
0.99999964
0.9999906
1.0
0.9999808
1.0
0.9999825
1.0
0.9999999
0.99999356
1.0
1.0
1.0
0.9999999
1.0
0.9999999
0.9999988
1.0
0.9999037
0.9999974
1.0
0.9999969
1.0
0.9999993
0.99997413
0.99990535
1.0
1.0
1.0
1.0
1.0
1.0
0.99995303
1.0
1.0
0.9999981
1.0
1.0
1.0
1.0
1.0
1.0
0.9999993
0.999895
0.9995378
0.99999833
1.0
1.0
1.0
1.0
1.0
1.0
0.99999976
0.99995184
0.9999999
0.9999999
0.99999976
0.9999999
1.0
1.0
1.0
1.0
0.9999999
0.99994874
0.99994683
1.0
0.9999999
1.0
1.0
1.0
0.9999943
1.0
1.0
1.0
0.9999989
1.0
0.99998724
1.0
0.9999956
1.0
0.9999831
1.0
0.99999845
0.99985516
0.9998915
0.99997556
0.999997
1.0
0.9999875
1.0
1.0
1.0
1.0
1.0
0.99999857
1.0
0.9991321
1.0
1.0
1.0
1.0
1.0
0.99999774
0.9999912
1.0
0.9999907
1.0
1.0
1.0
1.0
1.0
1.0
1.0
1.0
1.0
1.0
1.0
1.0
0.9999963
0.9946255
1.0
1.0
1.0
0.99999976
0.9999974
1.0
0.999616
1.0
1.0
1.0
0.99999964
1.0
0.9999908
0.99999976
0.99999714
1.0
0.9999958
0.99994767
0.9999981
0.99999976
1.0
0.9998658
1.0
0.9997547
1.0
1.0
1.0
1.0
1.0
0.9999771
0.9984428
1.0
1.0
0.9999995
1.0
0.99999857
1.0
0.9999989
0.9999416
1.0
0.9999987
1.0
1.0
0.99999845
1.0
1.0
0.99999857
1.0
0.99928075
0.9999999
0.99999607
1.0
1.0
1.0
1.0
0.9999999
1.0
1.0
1.0
0.9999043
1.0
0.99987006
1.0
1.0
1.0
1.0
0.9999988
1.0
0.999979
0.99999166
0.99999976
0.9999993
0.9999778
0.99997914
1.0
1.0
1.0
1.0
1.0
0.99997187
0.9991547
1.0
1.0
1.0
0.99996305
1.0
1.0
0.9999999
1.0
1.0
1.0
0.9999951
1.0
1.0
0.9999695
0.99999726
0.9999999
0.9999963
0.9999993
1.0
0.9999919
0.99999166
1.0
0.9999999
1.0
0.9999999
1.0
1.0
1.0
1.0
1.0
0.9999926
0.9999999
1.0
0.9999989
0.9996252
0.99999905
1.0
0.9999995
0.9999999
0.9999999
0.99988604
0.99999833
0.9999893
1.0
1.0
0.99005896
0.9999362
1.0
0.9995314
0.99999976
0.99761
0.93836325
0.9971384
0.99990785
0.9999801
0.92817235
1.0
0.9999974
1.0
0.99994886
0.7947758
0.9999969
0.99885905
1.0
0.9996445
0.9999852
0.99999976
0.9999881
0.9999975
1.0
1.0
1.0
0.9992969
0.9992316
0.9999256
0.9999994
0.9999887
0.9999999
1.0
0.99999607
0.9992829
0.99845004
0.99999654
1.0
1.0
0.99999964
0.99998057
1.0
0.999846
0.99999714
0.9999975
1.0
1.0
0.9969585
0.99995244
1.0
1.0
0.999959
0.9988506
0.99999976
1.0
1.0
0.99999976
0.999997
0.9990458
0.9662941
0.99999464
0.7403212
0.9999995
0.99999976
0.9999999
1.0
0.99999964
1.0
0.99999964
0.99980277
0.9999999
0.9999962
0.9999993
1.0
0.99998987
0.9999993
0.9999999
0.9999995
0.99997866
0.99999785
1.0
0.9999999
0.9997644
0.9978109
0.9991399
1.0
0.9999999
1.0
1.0
1.0
1.0
1.0
1.0
0.9999989
1.0
0.9999496
1.0
1.0
0.99999964
1.0
0.97200376
1.0
0.99964535
0.99997175
1.0
1.0
0.9999963
0.99774665
0.9999999
1.0
1.0
1.0
0.9999999
0.9999782
1.0
1.0
0.99997115
0.9999807
0.99999213
1.0
0.9999702
1.0
1.0
1.0
0.9999982
1.0
0.9999757
1.0
1.0
0.99999595
1.0
0.9999877
0.9999788
1.0
0.99986637
0.9999999
0.9999089
0.9999999
0.99999666
0.9999982
0.9999943
0.9999994
1.0
0.9999089
1.0
0.9999982
1.0
1.0
0.99876237
1.0
1.0
0.9999981
0.9998574
0.9999573
0.99999976
0.9999832
0.9999999
0.9999999
0.99993145
0.99999976
0.9995925
1.0
0.9999976
0.99999905
0.9999995
1.0
1.0
1.0
1.0
0.99999905
1.0
1.0
1.0
1.0
1.0
1.0
0.99999917
1.0
0.9998473
0.99999845
1.0
0.9999993
1.0
1.0
0.9999974
0.9999999
0.9999999
1.0
0.999998
0.99998903
1.0
1.0
1.0
1.0
1.0
0.9999962
0.9999913
0.9999995
0.9999949
0.9999975
0.9999907
1.0
0.9999981
1.0
0.9991627
0.99999964
0.9999274
1.0
0.9985379
1.0
0.9999945
0.9999844
0.99999976
0.9998672
1.0
0.99989545
1.0
0.9999964
1.0
1.0
0.9999995
1.0
1.0
0.9999995
1.0
1.0
0.99998
0.9999999
1.0
0.9999962
1.0
0.9999999
0.9999982
0.9999999
0.9997936
0.99888057
1.0
0.9999988
0.9999989
1.0
0.9999968
1.0
0.99487287
0.9999976
0.9999993
0.99978465
1.0
0.99999905
1.0
0.99995875
0.99999917
1.0
0.9999999
1.0
1.0
1.0
1.0
1.0
0.99999774
1.0
1.0
1.0
0.9999794
0.9999999
1.0
1.0
1.0
1.0
1.0
0.99999964
0.9972263
1.0
1.0
1.0
1.0
1.0
1.0
1.0
1.0
0.99999976
0.99999964
1.0
0.9999913
0.9999995
0.99999976
1.0
0.99999225
0.9999993
0.9999999
0.99999976
0.9999999
1.0
1.0
0.9999999
1.0
1.0
1.0
1.0
1.0
1.0
0.9999999
1.0
1.0
1.0
1.0
1.0
0.9999939
0.99999964
1.0
0.99999774
1.0
1.0
1.0
1.0
0.9999999
0.99999964
1.0
1.0
1.0
1.0
1.0
0.9999207
1.0
1.0
1.0
1.0
1.0
0.99999976
1.0
0.9999951
0.9999999
1.0
0.99996436
1.0
1.0
1.0
0.999992
1.0
1.0
1.0
1.0
1.0
1.0
1.0
0.9999999
1.0
1.0
0.9999498
1.0
1.0
0.9999989
1.0
1.0
1.0
0.99999964
1.0
0.9999821
1.0
1.0
0.9999993
1.0
1.0
0.99999404
1.0
0.9999975
0.99991214
0.99981385
0.99974495
1.0
0.99999976
1.0
0.9999994
0.934943
0.99999976
0.9999995
0.9991547
0.99999917
0.99998426
0.99996376
1.0
1.0
0.99999404
0.9998423
0.9999949
1.0
1.0
1.0
0.9999982
0.99965537
0.9999999
0.999954
1.0
0.99999976
0.9999999
0.99999774
0.9999999
0.9999963
0.9999999
0.99999595
1.0
1.0
0.9999913
0.99999976
0.99995863
1.0
1.0
0.9999895
1.0
0.9999975
0.9999958
1.0
0.99898404
0.7478582
0.997439
1.0
0.9820171
0.99901044
0.9999993
0.99999964
1.0
1.0
1.0
1.0
0.99982977
1.0
0.9999999
0.9999839
0.9999987
1.0
0.99999976
0.99999857
0.99999976
0.99999976
1.0
1.0
1.0
0.9999763
1.0
0.9999912
1.0
1.0
0.9999999
1.0
1.0
0.99997604
0.9999988
0.99998164
0.99999905
0.99999964
1.0
1.0
1.0
1.0
0.99974734
1.0
0.9999975
0.9999498
0.9999819
1.0
0.99999976
1.0
1.0
0.9999975
1.0
1.0
1.0
1.0
0.9999893
0.99981123
1.0
1.0
0.99999964
0.99954754
0.9999994
0.99999964
0.9999999
0.99998116
0.9999999
0.9999536
1.0
0.99999774
0.99994504
0.9998561
1.0
0.9999964
0.99946886
0.99999785
0.99989116
1.0
0.9999994
0.9998542
0.99993885
0.99999416
1.0
1.0
0.9840127
0.9999994
0.9999999
0.9919464
1.0
0.9999994
1.0
0.99996376
0.9999988
0.99999654
0.99999964
1.0
0.9969618
0.99999976
0.9999999
1.0
0.99999785
0.99995244
0.99999905
1.0
1.0
0.9999634
0.9996797
1.0
0.9999999
0.9990551
0.99999917
0.999998
1.0
0.9993074
0.99999714
0.9999939
0.9999994
0.9963797
0.9999467
0.9992536
1.0
0.99993193
1.0
0.99938977
0.99999964
0.99201787
1.0
1.0
0.9999957
0.9999827
1.0
0.9999728
0.99998844
0.9999944
1.0
0.99999726
1.0
0.9999999
0.9999999
0.99998975
0.9999999
0.9995395
0.9999993
0.99999726
1.0
0.9999995
0.9999993
0.99999976
0.99999905
1.0
0.9974279
0.99999976
1.0
1.0
1.0
0.99989617
0.999979
1.0
1.0
0.999997
1.0
1.0
0.99995947
0.99999976
0.9998379
0.9999987
0.68749547
0.9999788
0.9999976
1.0
0.99999976
0.9999982
1.0
0.9999949
0.99999964
0.99630225
1.0
0.9999988
0.99999046
1.0
0.99999976
1.0
0.9999999
1.0
1.0
1.0
0.9967564
0.9999999
1.0
0.9999951
0.9999995
0.9998766
0.999998
1.0
0.9999993
1.0
0.9978808
0.99999607
0.99999905
0.9689265
0.99999285
0.9988255
0.9999609
0.99999905
0.99999857
0.9999989
0.84196883
0.99999976
0.99999976
0.9999999
0.99999833
0.9999603
0.9996008
0.94079024
1.0
0.99934405
0.99742895
0.5208279
1.0
0.9999994
0.999997
0.5091639
0.9997472
0.9999919
0.99995244
1.0
0.9999999
0.9999999
0.99999833
0.99999654
0.9999944
0.999645
0.9996443
1.0
0.9999999
1.0
1.0
0.99958414
0.9999839
1.0
0.9990013
1.0
0.99989665
0.9963109
0.9993462
0.9999497
1.0
1.0
0.99990463
1.0
1.0
0.99993324
1.0
1.0
1.0
0.99999297
0.9996871
0.9997055
0.5198298
1.0
1.0
1.0
0.99999917
0.99999917
1.0
0.99995184
0.9430295
0.9999901
1.0
1.0
0.9998969
0.46182042
0.9996494
0.999762
1.0
0.9999993
0.9999994
0.97984844
0.99999785
0.9998184
0.99998665
1.0
0.9999962
0.9999976
1.0
0.9999994
1.0
1.0
0.9999987
0.9999999
0.9999995
0.99995327
0.9997136
0.99535275
1.0
0.99590516
1.0
1.0
0.9999809
0.9999454
0.99999964
1.0
0.999918
0.99999356
1.0
0.99915934
1.0
1.0
0.99979967
0.9997135
0.9999727
0.9999999
0.9998209
0.99999976
0.9997547
0.9998363
1.0
1.0
0.9998424
0.99940634
0.99957293
0.99999964
1.0
0.99999964
0.9999957
1.0
0.9999994
0.9999999
0.98065966
0.99999416
0.9474654
0.99990666
0.99999404
0.99820006
0.99990964
0.99999774
0.99999
0.99999845
1.0
1.0
0.999998
0.9936621
0.9999999
0.9999999
0.9999994
1.0
0.9999788
0.8278669
0.99999905
0.6781777
0.99999976
1.0
0.99999917
1.0
0.9999999
0.9999988
0.9987676
0.99999106
0.99812716
0.9999913
0.9999945
0.9991665
1.0
0.9999999
1.0
0.99999976
1.0
0.99999917
1.0
0.9999999
0.9999894
0.5470436
0.9948608
1.0
0.9999999
1.0
1.0
1.0
0.99999917
0.9980167
0.99999917
1.0
0.9999962
1.0
1.0
1.0
1.0
0.9987299
0.9992849
1.0
0.96975636
1.0
1.0
0.9999994
0.99992716
0.99998987
1.0
0.99998724
0.9999999
0.99986804
1.0
1.0
0.9999999
0.9999999
0.9999999
0.99998295
1.0
0.99996984
0.9997671
0.9999999
0.9918514
0.9984012
0.9999746
0.99999785
0.99999845
1.0
0.99999785
1.0
0.9503317
0.99996066
0.99999666
1.0
0.9999999
0.9999999
0.9999999
0.9999999
0.9815254
1.0
0.99999666
0.761348
1.0
1.0
0.9999999
1.0
0.9974496
0.9998809
1.0
0.99750537
0.99999905
1.0
1.0
0.99974877
0.9999975
0.99998915
0.99999666
1.0
0.9999455
0.9999999
1.0
0.999997
1.0
1.0
0.99999976
0.9991154
1.0
1.0
0.99999905
1.0
0.8795251
0.9999945
1.0
1.0
0.99510795
0.99985695
0.99914706
0.99999917
0.99999774
0.9802051
1.0
0.9999876
0.99701667
0.99999976
0.9938497
0.99999714
1.0
1.0
0.9999999
1.0
0.99999976
1.0
0.99999917
0.9998275
0.99999726
0.9984602
0.99426454
0.99981946
1.0
1.0
0.9999987
0.9999999
0.99999857
0.9999999
0.99997485
1.0
1.0
0.99902856
1.0
0.9999465
0.9999881
1.0
0.99999857
0.9990778
1.0
0.99998426
0.9999963
0.9999994
1.0
1.0
0.99999106
1.0
0.9999999
0.99999857
0.9999999
0.9999999
0.99998474
1.0
0.9999989
1.0
0.99852633
0.9997919
0.98827505
1.0
0.99999845
0.99999976
0.9999733
0.9999987
0.9999999
0.99998546
0.99999905
1.0
0.9999362
0.9999894
0.99999917
0.9999392
1.0
1.0
0.9999999
1.0
0.99998593
1.0
1.0
0.9999542
1.0
0.9999964
1.0
0.9999994
1.0
1.0
0.9999999
0.99628145
0.9999969
1.0
0.99999774
1.0
0.99999654
0.99999905
1.0
0.9999995
1.0
0.99998343
0.99998355
0.8962821
0.9999999
0.99998593
0.9995999
0.99999905
1.0
0.9999999
0.99999964
0.99999785
1.0
0.99997723
0.997681
1.0
1.0
1.0
0.9999999
0.99998295
0.9999981
