1.0
1.0
1.0
1.0
1.0
1.0
0.9999795
1.0
0.9806589
1.0
1.0
1.0
1.0
1.0
1.0
1.0
1.0
0.9999987
0.6300731
1.0
1.0
1.0
1.0
1.0
1.0
1.0
1.0
1.0
1.0
1.0
1.0
0.99999976
1.0
0.9999993
1.0
1.0
0.99999976
1.0
0.9999999
1.0
1.0
0.9999813
0.9999995
0.9999981
0.9999944
1.0
0.9999981
1.0
1.0
1.0
1.0
1.0
1.0
1.0
1.0
1.0
1.0
1.0
1.0
0.99980575
0.99999905
1.0
0.99997973
0.99999654
1.0
1.0
1.0
0.9999976
1.0
1.0
0.99999845
1.0
1.0
0.9997775
1.0
1.0
1.0
1.0
0.9999995
0.999997
1.0
1.0
1.0
1.0
1.0
1.0
0.9999993
0.9999869
1.0
0.9999999
1.0
1.0
0.998109
0.99976295
1.0
0.99986064
0.99956614
0.9999994
1.0
1.0
1.0
1.0
1.0
1.0
0.9999999
1.0
1.0
0.99997044
1.0
1.0
1.0
0.99998426
1.0
1.0
1.0
0.8111656
1.0
1.0
1.0
0.99994886
1.0
0.99996305
1.0
1.0
0.99998534
1.0
0.9999968
1.0
1.0
1.0
1.0
1.0
1.0
0.99999976
1.0
1.0
1.0
1.0
1.0
0.9997404
1.0
1.0
1.0
1.0
0.9999999
1.0
1.0
1.0
1.0
0.9961092
1.0
0.9973574
1.0
1.0
1.0
1.0
1.0
1.0
0.9984493
1.0
0.99998343
1.0
1.0
1.0
1.0
1.0
1.0
0.9998759
1.0
1.0
1.0
0.9999409
1.0
1.0
1.0
0.9994783
1.0
1.0
1.0
1.0
1.0
1.0
0.9999999
1.0
0.9999989
1.0
1.0
1.0
1.0
0.99999845
0.99999714
0.9999906
1.0
0.99512154
1.0
0.9999467
1.0
1.0
1.0
0.99999464
1.0
1.0
1.0
1.0
1.0
1.0
1.0
1.0
1.0
0.9993079
1.0
0.99900633
1.0
1.0
1.0
1.0
1.0
0.9999777
1.0
1.0
0.999998
0.9999957
1.0
1.0
1.0
1.0
1.0
1.0
1.0
0.9999994
0.9999999
1.0
1.0
1.0
0.99999976
1.0
1.0
1.0
1.0
1.0
0.9999981
0.9999957
0.9999989
0.9999995
0.9999999
0.99998546
1.0
0.98594356
1.0
1.0
1.0
0.99999785
1.0
1.0
1.0
0.9999981
0.99999976
1.0
1.0
0.9765263
1.0
1.0
1.0
1.0
0.999577
1.0
0.9999951
1.0
1.0
1.0
0.99999964
1.0
1.0
1.0
1.0
0.9999999
1.0
1.0
1.0
1.0
1.0
1.0
0.9984432
1.0
1.0
1.0
0.9999999
0.9999951
1.0
0.9999993
0.9999374
1.0
0.9999995
1.0
1.0
1.0
1.0
0.99999964
1.0
1.0
1.0
1.0
1.0
1.0
1.0
1.0
1.0
1.0
0.9999994
1.0
1.0
1.0
1.0
0.99995947
1.0
1.0
1.0
0.99999654
0.9999993
1.0
0.6496841
0.7470739
1.0
1.0
0.99996877
1.0
0.99248976
1.0
0.9999995
1.0
1.0
1.0
1.0
0.9999927
1.0
1.0
0.99999905
0.9989353
1.0
0.9999999
0.9105493
1.0
1.0
1.0
1.0
1.0
1.0
1.0
1.0
1.0
0.9999995
1.0
1.0
1.0
0.9999999
1.0
1.0
1.0
0.999915
0.9997546
0.99999976
1.0
0.9999777
0.9999989
1.0
1.0
0.99999976
1.0
0.9999963
1.0
1.0
1.0
1.0
1.0
1.0
1.0
1.0
1.0
1.0
1.0
0.99999917
0.9999571
1.0
1.0
1.0
1.0
0.99999976
1.0
1.0
1.0
1.0
1.0
1.0
1.0
0.99999976
1.0
1.0
0.9999919
1.0
1.0
0.99998295
1.0
1.0
0.9999999
0.99999726
1.0
1.0
1.0
1.0
0.99999976
1.0
0.99998593
0.9999907
1.0
1.0
0.9998074
1.0
0.99994314
1.0
1.0
1.0
0.9999893
1.0
1.0
1.0
1.0
1.0
1.0
1.0
1.0
1.0
1.0
1.0
1.0
1.0
0.99999905
1.0
1.0
0.9999994
1.0
1.0
1.0
0.99999976
1.0
0.99907756
0.95174253
1.0
0.6398309
0.9999819
0.9864525
0.96280766
1.0
1.0
1.0
1.0
1.0
1.0
0.9999987
1.0
0.9999988
0.9996847
1.0
0.99999964
1.0
0.9999839
1.0
1.0
1.0
0.9999633
0.9999982
1.0
1.0
1.0
1.0
1.0
1.0
1.0
1.0
0.9999546
0.9999571
1.0
1.0
0.9999995
1.0
1.0
1.0
1.0
1.0
1.0
1.0
0.9999893
0.9999933
0.9999982
1.0
1.0
0.83500767
1.0
0.99982965
1.0
1.0
1.0
1.0
1.0
1.0
1.0
1.0
1.0
0.9999951
0.9999999
0.9999995
0.99999976
0.99999726
1.0
1.0
1.0
1.0
1.0
1.0
1.0
1.0
1.0
1.0
0.9999999
0.9999678
1.0
1.0
0.9999999
1.0
1.0
1.0
1.0
0.9999999
1.0
1.0
1.0
1.0
0.99999976
1.0
1.0
1.0
1.0
1.0
0.9999999
0.99074554
1.0
1.0
1.0
0.9999833
0.99999917
1.0
1.0
0.802407
0.9999871
1.0
1.0
1.0
1.0
0.9999939
1.0
0.9999989
1.0
0.9999989
1.0
1.0
1.0
1.0
1.0
1.0
1.0
0.9999857
1.0
0.99989116
1.0
1.0
1.0
1.0
1.0
1.0
1.0
1.0
1.0
0.9999999
0.99175924
0.9969854
0.99999976
1.0
1.0
1.0
1.0
1.0
1.0
0.9997607
1.0
0.9999975
1.0
1.0
1.0
0.99998605
1.0
1.0
1.0
1.0
1.0
1.0
1.0
0.99999845
1.0
1.0
1.0
1.0
0.9999999
0.9999999
1.0
0.9999713
1.0
0.999995
1.0
1.0
0.9998964
0.99182874
0.9999999
1.0
1.0
1.0
0.99999917
0.9897043
1.0
1.0
1.0
0.9999827
1.0
1.0
1.0
1.0
1.0
0.99999464
1.0
0.9999999
1.0
1.0
0.9999999
1.0
0.9999895
1.0
1.0
0.9999869
0.9416945
1.0
1.0
1.0
1.0
1.0
1.0
1.0
1.0
1.0
1.0
1.0
0.9999751
0.743744
1.0
1.0
1.0
1.0
1.0
1.0
0.99999964
0.9999963
1.0
1.0
0.9999999
0.9999999
1.0
1.0
0.9952833
1.0
0.9999937
1.0
1.0
1.0
1.0
1.0
1.0
0.99999964
0.97919625
1.0
1.0
1.0
1.0
0.9946749
1.0
0.99999034
1.0
1.0
1.0
1.0
1.0
1.0
0.9999989
0.9999957
0.9999956
1.0
0.9999999
1.0
1.0
1.0
1.0
0.99999976
1.0
1.0
1.0
1.0
0.9999999
1.0
1.0
0.99999964
0.9357033
0.897045
1.0
1.0
0.9405892
0.9999999
1.0
0.9999951
1.0
1.0
0.9900406
1.0
0.9999994
1.0
0.99999654
1.0
1.0
1.0
1.0
1.0
0.9999999
0.99999523
0.99934965
0.9999993
0.9717648
0.99999666
1.0
1.0
1.0
1.0
0.999961
1.0
1.0
1.0
1.0
1.0
1.0
1.0
1.0
1.0
1.0
1.0
1.0
1.0
0.9999907
0.9999864
0.9999999
0.9999999
1.0
1.0
1.0
0.99999976
1.0
1.0
1.0
0.99999905
1.0
1.0
1.0
1.0
1.0
1.0
1.0
1.0
0.99998546
0.99999034
1.0
1.0
1.0
1.0
0.9999796
1.0
1.0
0.99998856
1.0
0.9984541
1.0
1.0
1.0
0.99999964
1.0
0.9998406
1.0
1.0
0.99999917
1.0
1.0
1.0
0.9999982
1.0
1.0
1.0
1.0
1.0
0.99999917
1.0
1.0
0.9980394
1.0
1.0
0.9999993
1.0
1.0
1.0
1.0
1.0
1.0
0.9999999
1.0
1.0
1.0
1.0
1.0
0.9999491
1.0
1.0
1.0
0.9999832
1.0
1.0
1.0
1.0
1.0
0.99997175
1.0
0.9999999
0.9999988
1.0
0.9999075
1.0
0.9973187
1.0
1.0
1.0
1.0
1.0
1.0
1.0
1.0
1.0
0.9999994
0.99999976
1.0
0.99999964
1.0
1.0
1.0
0.9999993
1.0
1.0
0.9999943
1.0
1.0
1.0
0.99999785
1.0
0.9999999
1.0
0.9999995
0.9999981
1.0
0.9999999
1.0
1.0
1.0
0.99990594
0.897989
0.8572221
1.0
0.9999994
1.0
1.0
0.99999964
1.0
0.99999857
1.0
1.0
1.0
1.0
0.9993055
0.9999995
1.0
0.99998057
1.0
0.99997294
1.0
0.99987125
0.99999976
1.0
1.0
1.0
1.0
1.0
0.9998067
1.0
1.0
1.0
1.0
1.0
1.0
0.9999968
1.0
0.99999964
1.0
1.0
1.0
1.0
1.0
0.99146324
1.0
0.99999976
1.0
1.0
1.0
1.0
1.0
0.9999995
1.0
1.0
1.0
0.9998332
1.0
0.7632291
0.9881422
0.99999976
1.0
1.0
1.0
0.99999845
1.0
0.9999995
0.9886952
1.0
0.9999999
0.9999176
0.99999404
1.0
1.0
1.0
0.99999857
0.9966654
1.0
0.978519
1.0
0.9999999
1.0
0.9999999
1.0
0.9999999
0.9304483
1.0
1.0
1.0
0.9994911
0.999998
1.0
1.0
1.0
1.0
1.0
0.99999964
0.9999999
1.0
1.0
1.0
1.0
0.9999914
1.0
1.0
1.0
1.0
1.0
1.0
1.0
1.0
1.0
1.0
1.0
0.999998
0.9999218
1.0
1.0
1.0
1.0
1.0
1.0
0.99999976
1.0
0.9999969
1.0
0.99990726
1.0
1.0
1.0
0.9999999
1.0
0.99999976
1.0
0.99999976
1.0
1.0
0.9999988
1.0
0.99999976
1.0
0.9999893
0.99997663
1.0
0.9999994
1.0
1.0
1.0
1.0
1.0
1.0
0.9999987
0.9981705
0.96894985
1.0
1.0
1.0
1.0
1.0
0.7653359
1.0
1.0
0.99999964
1.0
0.99999964
0.996338
1.0
1.0
1.0
1.0
0.99999917
0.9999993
1.0
1.0
1.0
0.9999907
0.99999976
1.0
1.0
0.9999999
1.0
0.9999999
0.99977106
1.0
1.0
1.0
1.0
1.0
1.0
0.9999999
1.0
1.0
0.9998379
1.0
1.0
1.0
1.0
1.0
1.0
1.0
1.0
0.9999993
0.9999993
1.0
1.0
1.0
1.0
1.0
1.0
1.0
0.9999999
1.0
0.99999976
1.0
1.0
0.99999964
1.0
1.0
1.0
1.0
0.99999976
1.0
1.0
1.0
1.0
1.0
1.0
0.9999356
1.0
1.0
1.0
1.0
0.9551684
1.0
0.9618343
1.0
1.0
0.9999999
1.0
0.99999774
1.0
0.99833953
0.99999845
1.0
1.0
1.0
1.0
1.0
0.9999305
1.0
0.9999999
1.0
1.0
0.999998
1.0
1.0
1.0
1.0
0.99999976
1.0
1.0
0.99999976
1.0
0.99999535
1.0
0.9999988
0.9999976
0.999681
1.0
1.0
0.99999964
1.0
1.0
0.9999999
1.0
1.0
0.99999917
1.0
1.0
1.0
1.0
0.9999999
1.0
1.0
0.9999981
1.0
0.9996824
1.0
1.0
0.9999896
1.0
0.9999999
1.0
0.999374
1.0
1.0
1.0
1.0
0.99976736
1.0
1.0
0.99995184
0.88037694
1.0
1.0
1.0
1.0
1.0
1.0
1.0
1.0
0.9998728
0.9999602
1.0
0.99999964
1.0
1.0
1.0
1.0
1.0
1.0
1.0
0.99999726
1.0
0.999997
1.0
0.9996118
1.0
0.99999857
1.0
1.0
0.9999999
0.9999994
1.0
1.0
1.0
0.9997106
0.9999945
1.0
1.0
1.0
0.9999993
1.0
1.0
0.9992212
1.0
0.99810696
1.0
0.99999464
1.0
1.0
1.0
0.99344784
0.99999964
1.0
0.9999995
1.0
1.0
1.0
0.9999974
1.0
0.9999976
0.86293787
0.9999944
0.99999905
1.0
1.0
0.714841
1.0
1.0
1.0
0.99998784
0.9999995
1.0
1.0
1.0
0.9999759
1.0
0.9999999
1.0
0.9979361
1.0
1.0
0.99996364
0.9999988
1.0
1.0
1.0
1.0
0.9999999
0.9999994
1.0
0.9999993
0.9997818
1.0
1.0
1.0
1.0
1.0
0.9999449
1.0
0.99999714
0.9999957
1.0
1.0
1.0
1.0
1.0
1.0
0.9999249
0.9968636
1.0
0.99999714
1.0
1.0
1.0
0.9999987
1.0
1.0
0.9708143
1.0
0.99999976
1.0
1.0
1.0
1.0
1.0
1.0
1.0
1.0
0.99999964
1.0
1.0
1.0
1.0
0.99998045
1.0
1.0
0.9999999
0.9577542
1.0
1.0
1.0
1.0
1.0
1.0
0.9473088
1.0
0.99836904
1.0
0.9999975
0.99999774
1.0
1.0
0.9999982
1.0
1.0
0.84073293
1.0
0.9998436
1.0
1.0
1.0
1.0
0.9999999
0.99999964
1.0
0.99999034
0.9999994
0.99999976
1.0
1.0
1.0
1.0
1.0
0.999997
0.999998
1.0
1.0
1.0
1.0
1.0
1.0
1.0
0.96641415
0.99999964
0.99999976
1.0
1.0
0.99999976
1.0
1.0
1.0
1.0
1.0
1.0
1.0
0.9999995
0.9997447
1.0
1.0
1.0
1.0
1.0
1.0
0.99998724
0.99999964
1.0
1.0
1.0
1.0
0.9999645
1.0
0.80834883
0.9998416
0.99999857
1.0
0.9999975
1.0
1.0
1.0
0.99999964
0.99999094
0.98231053
1.0
1.0
0.9999999
1.0
0.9999995
1.0
1.0
1.0
1.0
1.0
0.773881
0.99770373
1.0
1.0
1.0
1.0
1.0
1.0
1.0
0.9999989
1.0
0.9997631
1.0
0.9999987
1.0
0.999992
1.0
0.9999999
1.0
1.0
1.0
0.9999993
0.9998299
0.9999999
0.9999925
0.9999994
0.9999976
0.99988973
1.0
1.0
0.999992
1.0
1.0
0.99999976
1.0
1.0
1.0
1.0
1.0
0.9999362
1.0
1.0
1.0
1.0
0.9999999
0.9821421
1.0
1.0
1.0
1.0
1.0
0.9999999
0.99999976
1.0
0.9999995
0.9999993
1.0
1.0
1.0
0.9999999
1.0
1.0
1.0
1.0
1.0
1.0
1.0
1.0
0.99999654
1.0
1.0
1.0
1.0
1.0
0.9999988
1.0
1.0
1.0
0.999915
1.0
0.9999994
0.99999976
0.9999608
0.9999989
0.9999999
1.0
0.9994783
1.0
1.0
1.0
1.0
0.9999989
1.0
0.99999976
0.999998
0.99999475
0.99999976
0.9999989
1.0
1.0
0.9999857
1.0
0.99999964
1.0
1.0
1.0
0.99605644
1.0
0.7174429
0.99999845
1.0
1.0
1.0
0.99070954
1.0
1.0
0.9101207
0.9999213
1.0
1.0
1.0
1.0
1.0
1.0
1.0
1.0
1.0
1.0
1.0
0.99999523
1.0
1.0
1.0
0.99999666
1.0
0.99404484
1.0
0.9999862
1.0
0.9756479
0.99060273
1.0
1.0
1.0
0.9999999
0.9996892
1.0
1.0
1.0
1.0
1.0
1.0
0.99997616
1.0
1.0
0.99659616
0.99999666
1.0
1.0
1.0
1.0
1.0
0.9999964
1.0
1.0
0.99999917
1.0
0.9998338
1.0
1.0
1.0
1.0
1.0
0.9999995
1.0
0.9999999
1.0
1.0
1.0
1.0
1.0
0.9999851
1.0
1.0
1.0
1.0
0.9979182
1.0
1.0
1.0
1.0
1.0
1.0
0.9998216
1.0
0.99816614
1.0
0.9913367
1.0
1.0
0.99999976
1.0
1.0
1.0
0.99999976
1.0
0.9999999
0.8716257
1.0
1.0
0.9999993
1.0
0.9999999
1.0
1.0
1.0
1.0
1.0
1.0
1.0
0.99948454
1.0
1.0
0.9999852
1.0
1.0
1.0
0.9699056
1.0
1.0
1.0
1.0
1.0
1.0
1.0
0.99999976
1.0
1.0
1.0
1.0
0.9916182
1.0
1.0
1.0
1.0
1.0
0.9999963
1.0
1.0
1.0
1.0
1.0
1.0
0.9999999
1.0
1.0
0.9999999
0.99970007
1.0
0.9999956
1.0
1.0
0.9999989
1.0
0.99924755
1.0
1.0
0.7398318
0.9999989
1.0
1.0
1.0
0.9964057
1.0
1.0
0.9999999
1.0
0.99999547
1.0
1.0
1.0
1.0
0.99999726
1.0
1.0
1.0
1.0
0.999895
1.0
1.0
1.0
1.0
1.0
0.9999964
1.0
0.8565475
0.9999994
0.9999999
0.99999976
1.0
1.0
1.0
0.9999845
0.80820006
0.9999689
1.0
1.0
0.9958547
0.95576185
1.0
1.0
0.999995
1.0
1.0
1.0
1.0
0.9999993
1.0
1.0
1.0
1.0
1.0
1.0
0.8751432
1.0
1.0
1.0
1.0
1.0
1.0
1.0
1.0
1.0
0.9999987
0.99940133
1.0
1.0
0.9999999
1.0
1.0
0.9994804
0.99999344
1.0
1.0
1.0
1.0
1.0
0.9999999
1.0
1.0
1.0
1.0
1.0
1.0
1.0
1.0
1.0
0.9999999
0.998321
0.9997031
1.0
1.0
0.99999917
1.0
1.0
1.0
1.0
1.0
0.99999833
1.0
1.0
0.9999696
1.0
1.0
1.0
0.99999976
0.90119267
1.0
1.0
1.0
1.0
1.0
1.0
1.0
0.9999989
0.9999999
0.9745815
0.9999999
1.0
1.0
1.0
1.0
0.99999976
0.99999976
0.9993395
0.99928087
0.9999999
0.9999999
1.0
1.0
0.99999976
1.0
1.0
1.0
1.0
0.99999464
1.0
1.0
0.9996406
1.0
1.0
1.0
1.0
1.0
0.9996094
1.0
1.0
1.0
1.0
0.9999988
1.0
1.0
1.0
1.0
0.999931
0.9999808
1.0
1.0
1.0
0.99999964
1.0
1.0
1.0
0.9999418
1.0
0.9999999
1.0
1.0
1.0
1.0
1.0
1.0
1.0
0.99999964
1.0
1.0
1.0
1.0
1.0
1.0
1.0
0.9999577
0.99999917
1.0
0.99998283
1.0
1.0
0.99971944
1.0
1.0
0.9999999
1.0
1.0
1.0
0.66833186
0.99999976
0.99998045
1.0
1.0
0.988069
1.0
0.99999404
1.0
1.0
0.9999919
1.0
1.0
1.0
1.0
1.0
1.0
1.0
0.9999999
1.0
0.9999951
0.99999976
0.99991167
0.9999374
1.0
0.9142889
1.0
1.0
1.0
1.0
1.0
0.9999455
0.9999957
0.999995
1.0
1.0
1.0
0.9999999
1.0
1.0
1.0
1.0
1.0
1.0
1.0
1.0
0.9999919
1.0
0.9999989
0.9999999
1.0
0.9999999
1.0
1.0
1.0
1.0
1.0
1.0
1.0
1.0
0.9999975
1.0
0.9999993
0.9999865
1.0
1.0
0.9999553
1.0
1.0
0.9999927
0.99999917
0.999995
1.0
1.0
0.99999964
1.0
0.99998033
1.0
0.9999137
1.0
1.0
1.0
1.0
1.0
1.0
0.99999905
1.0
0.99999964
1.0
1.0
0.9999999
0.99999917
1.0
1.0
1.0
1.0
1.0
1.0
0.99999917
1.0
1.0
1.0
1.0
1.0
0.99435633
1.0
0.9996774
1.0
1.0
0.9996146
0.9999976
0.9999999
0.99999964
1.0
1.0
0.9999411
1.0
1.0
1.0
1.0
0.9999999
0.9999931
1.0
0.9999999
1.0
1.0
1.0
1.0
1.0
1.0
0.9999995
1.0
1.0
1.0
1.0
1.0
1.0
1.0
0.99985254
1.0
0.98128337
1.0
1.0
0.9999999
1.0
1.0
0.9879204
0.99998045
1.0
0.99999964
0.9999831
0.999998
0.9999999
1.0
1.0
1.0
1.0
0.82890254
0.9999981
0.9999981
1.0
1.0
0.98379666
1.0
1.0
0.54376465
0.99981636
0.9999999
1.0
0.9999974
0.9999211
1.0
1.0
1.0
0.99999976
0.6766313
1.0
1.0
1.0
1.0
0.9999918
1.0
0.9999999
1.0
1.0
0.9998765
1.0
1.0
1.0
1.0
1.0
1.0
0.7065689
0.99999976
1.0
1.0
0.9999938
1.0
1.0
0.9999999
1.0
1.0
1.0
1.0
1.0
1.0
0.999627
1.0
1.0
1.0
1.0
1.0
0.99999356
0.99999905
1.0
0.9908558
1.0
1.0
1.0
1.0
0.92015177
1.0
1.0
0.99999964
1.0
1.0
0.999997
0.9999963
1.0
0.9992071
1.0
0.7581859
0.9999999
1.0
1.0
0.9999937
1.0
1.0
0.9999995
1.0
0.5323445
1.0
1.0
1.0
0.9999999
0.99999964
1.0
0.9999622
1.0
1.0
1.0
0.599364
0.99998903
1.0
1.0
0.99999976
1.0
0.74199706
0.9999993
1.0
0.99990535
1.0
1.0
1.0
1.0
0.9999989
1.0
0.9999999
1.0
1.0
0.99999404
1.0
1.0
0.99999976
1.0
0.9999982
1.0
1.0
1.0
0.9999999
0.9999957
1.0
1.0
0.99999917
1.0
1.0
1.0
1.0
0.99993956
0.9999999
1.0
0.99999475
1.0
1.0
1.0
1.0
0.9997272
0.9999999
1.0
1.0
1.0
1.0
1.0
1.0
0.738738
1.0
1.0
0.99829143
0.98259383
1.0
0.99999964
0.97426707
1.0
1.0
1.0
0.99999857
1.0
0.9998723
1.0
1.0
0.9999944
1.0
0.99998426
1.0
1.0
1.0
1.0
1.0
1.0
1.0
1.0
1.0
1.0
1.0
1.0
1.0
1.0
0.9996495
1.0
1.0
1.0
1.0
1.0
0.99999976
0.9999999
1.0
0.9999993
0.9999759
1.0
1.0
1.0
1.0
1.0
1.0
0.9999994
1.0
0.99999976
0.99999845
1.0
0.99981564
1.0
1.0
1.0
1.0
0.9999995
0.99999976
0.9999999
0.99999976
1.0
1.0
1.0
1.0
1.0
1.0
1.0
1.0
1.0
1.0
1.0
1.0
0.99999845
1.0
1.0
1.0
1.0
1.0
1.0
1.0
0.99617285
1.0
0.9999976
1.0
1.0
1.0
0.99998415
1.0
1.0
1.0
0.9999981
1.0
0.9999999
0.99999964
0.7510092
1.0
1.0
1.0
1.0
1.0
1.0
1.0
0.99999917
1.0
1.0
0.9999999
1.0
0.9417259
1.0
1.0
0.999997
1.0
0.9999691
0.9999225
0.99999976
1.0
0.9999999
1.0
1.0
1.0
1.0
0.9999999
0.9986584
1.0
1.0
1.0
1.0
1.0
0.99952936
1.0
1.0
0.9999999
0.99997497
1.0
0.99999964
1.0
1.0
1.0
1.0
0.99999976
0.99999046
0.99999654
1.0
0.9823086
1.0
1.0
0.9999999
1.0
0.9999993
1.0
1.0
1.0
0.9999988
0.9999869
1.0
1.0
1.0
0.9968221
0.9999999
1.0
1.0
1.0
1.0
1.0
1.0
0.9999981
1.0
1.0
1.0
0.9999993
1.0
1.0
0.99999857
1.0
1.0
1.0
1.0
1.0
0.99999976
1.0
1.0
1.0
1.0
0.9596971
0.9999993
0.99993527
0.99999964
1.0
0.99999976
1.0
1.0
0.9999707
0.9999522
1.0
0.99779874
1.0
0.9999999
1.0
1.0
1.0
1.0
0.94827557
1.0
1.0
1.0
1.0
0.9999993
1.0
1.0
0.9999999
1.0
0.99999917
0.99999154
1.0
0.99999857
1.0
1.0
1.0
0.9999999
0.9999994
0.95671564
1.0
0.99998903
0.9999995
1.0
1.0
1.0
1.0
0.51975393
0.9999999
1.0
0.99999475
1.0
1.0
1.0
1.0
0.99999857
1.0
1.0
1.0
0.99999976
1.0
1.0
1.0
1.0
1.0
1.0
0.9992163
1.0
1.0
1.0
0.9998136
1.0
1.0
1.0
0.9999857
1.0
1.0
1.0
1.0
1.0
0.9255329
0.99987876
1.0
0.99999964
1.0
1.0
1.0
0.85713685
0.9999962
1.0
0.99998426
1.0
0.9999924
0.99998236
1.0
0.9994771
0.99999976
1.0
1.0
1.0
1.0
1.0
1.0
1.0
1.0
1.0
0.99999964
0.99999964
1.0
0.99999857
1.0
0.9999999
1.0
0.9999963
0.99999475
1.0
1.0
0.9999976
1.0
1.0
1.0
0.99347234
1.0
0.9999937
1.0
1.0
1.0
1.0
1.0
0.99998033
1.0
1.0
1.0
1.0
1.0
1.0
1.0
0.9999995
1.0
1.0
0.9999982
1.0
1.0
1.0
0.9999999
1.0
1.0
0.9998311
1.0
0.9999982
1.0
1.0
1.0
1.0
0.99998283
0.9999999
0.9995894
1.0
0.99999726
0.999995
1.0
0.9999987
1.0
1.0
1.0
0.99859375
0.9999962
0.7618184
1.0
1.0
1.0
1.0
1.0
1.0
1.0
1.0
1.0
1.0
1.0
1.0
0.9999999
0.9998443
1.0
1.0
0.99999964
1.0
1.0
1.0
1.0
0.9999987
1.0
1.0
0.9999995
0.999617
1.0
1.0
1.0
0.99999976
1.0
1.0
0.99999976
1.0
0.99998784
0.9999999
1.0
1.0
0.9991425
1.0
1.0
1.0
0.9999993
0.98449415
1.0
1.0
1.0
0.99593544
1.0
1.0
1.0
1.0
1.0
0.9999999
1.0
1.0
1.0
1.0
1.0
0.99999976
1.0
0.99999595
0.9999267
0.9999963
1.0
1.0
1.0
1.0
1.0
0.9999999
1.0
1.0
0.98293924
1.0
1.0
0.99988425
0.99999964
1.0
1.0
1.0
1.0
1.0
1.0
0.9999664
1.0
1.0
1.0
1.0
0.9999918
1.0
1.0
1.0
1.0
1.0
1.0
0.99989533
0.9728213
1.0
1.0
1.0
0.99973935
1.0
1.0
0.9999999
1.0
1.0
0.9999999
0.9999963
1.0
1.0
0.9999994
1.0
1.0
0.9999857
1.0
1.0
1.0
1.0
1.0
0.99698037
1.0
1.0
1.0
1.0
0.9549157
1.0
1.0
1.0
1.0
1.0
0.9999999
1.0
1.0
0.9996321
1.0
0.9999318
0.99994993
0.99999976
1.0
1.0
1.0
1.0
1.0
0.9999517
1.0
1.0
1.0
1.0
0.9999988
0.9999999
0.9999999
0.9997979
1.0
1.0
0.9998568
1.0
1.0
1.0
1.0
1.0
0.9989998
1.0
1.0
1.0
1.0
0.9999999
1.0
1.0
1.0
1.0
0.9999893
1.0
1.0
1.0
1.0
1.0
1.0
1.0
0.999928
1.0
1.0
1.0
1.0
0.9999999
1.0
0.9836564
0.9999999
1.0
1.0
1.0
1.0
1.0
1.0
1.0
1.0
0.99953747
0.9999987
0.9999999
1.0
0.9999894
0.9999999
0.99999845
1.0
1.0
1.0
0.9999981
1.0
0.7317483
0.9999218
1.0
1.0
1.0
1.0
1.0
0.99999964
0.9999825
0.99999964
1.0
0.99995947
0.9999988
1.0
0.9999988
1.0
0.99997485
1.0
0.99995446
0.9999993
1.0
1.0
1.0
1.0
1.0
1.0
1.0
0.99999964
0.9067588
0.8502676
1.0
1.0
1.0
0.9999989
1.0
1.0
0.9979407
1.0
0.9997911
1.0
1.0
1.0
1.0
1.0
1.0
1.0
1.0
0.9999995
1.0
1.0
1.0
1.0
1.0
1.0
1.0
1.0
1.0
1.0
1.0
1.0
1.0
0.9998884
1.0
0.9999999
1.0
1.0
1.0
1.0
0.9999989
0.99998224
1.0
1.0
0.99998415
1.0
1.0
0.9999999
0.99999404
1.0
1.0
1.0
1.0
0.9990589
1.0
0.999954
1.0
1.0
0.9999988
0.99997985
1.0
1.0
0.9999999
0.99999976
1.0
1.0
0.99957687
1.0
1.0
1.0
1.0
1.0
1.0
0.9999323
1.0
0.9999999
1.0
0.99999964
1.0
1.0
0.99997866
0.99433535
1.0
1.0
0.99999976
1.0
1.0
1.0
0.9999999
1.0
0.99962187
1.0
1.0
0.99978596
0.9999994
1.0
1.0
1.0
1.0
1.0
1.0
1.0
1.0
1.0
1.0
1.0
0.9999999
1.0
1.0
1.0
1.0
1.0
1.0
1.0
1.0
1.0
1.0
1.0
0.99999964
1.0
1.0
0.9999989
1.0
1.0
0.998965
1.0
0.99821657
1.0
1.0
1.0
1.0
1.0
0.99999285
1.0
1.0
1.0
0.99999344
0.9999999
1.0
1.0
0.99998415
1.0
1.0
0.99994504
0.9999999
0.9999505
0.99999833
1.0
1.0
0.99999964
1.0
0.97462195
1.0
1.0
1.0
0.9999275
1.0
0.87423897
1.0
0.9999999
0.99716324
0.9999999
0.9999999
1.0
1.0
1.0
1.0
1.0
0.99169815
0.8024652
0.9999908
1.0
1.0
0.9999987
1.0
0.9999044
0.99999344
1.0
1.0
1.0
1.0
1.0
0.9950487
0.8585962
1.0
1.0
0.99997807
0.9999988
1.0
0.9997465
1.0
0.9999708
1.0
1.0
1.0
1.0
0.9999999
1.0
0.99999976
1.0
0.9999628
1.0
0.999665
1.0
1.0
1.0
0.99999976
0.9999933
1.0
0.9999449
1.0
0.9999994
1.0
1.0
1.0
1.0
0.99997485
1.0
1.0
1.0
1.0
0.99998796
1.0
0.9999988
1.0
0.97000253
1.0
1.0
1.0
1.0
1.0
1.0
1.0
0.9999999
0.9999993
0.9729591
1.0
0.99999964
1.0
1.0
1.0
0.99999964
1.0
1.0
1.0
1.0
1.0
1.0
1.0
1.0
1.0
0.9999794
1.0
0.99999964
1.0
1.0
0.9999981
1.0
1.0
0.9999999
0.7533707
1.0
1.0
1.0
1.0
1.0
1.0
1.0
0.99999976
1.0
0.999998
1.0
1.0
1.0
1.0
1.0
1.0
1.0
1.0
1.0
1.0
1.0
1.0
1.0
0.9999993
1.0
1.0
1.0
1.0
0.9997782
0.8403667
1.0
0.9999584
1.0
1.0
1.0
1.0
1.0
1.0
0.99999857
1.0
1.0
1.0
0.6181508
1.0
1.0
1.0
1.0
0.99999607
1.0
1.0
1.0
1.0
1.0
0.9999995
1.0
0.9999999
1.0
1.0
1.0
1.0
1.0
1.0
1.0
1.0
1.0
1.0
1.0
0.99999964
0.99999976
0.9999988
0.99999964
0.9999347
0.9999937
0.9999999
1.0
0.9999995
1.0
0.9970716
0.999708
0.9999999
0.9999968
1.0
1.0
0.999861
0.99999344
1.0
0.99997056
1.0
1.0
1.0
1.0
0.9999994
1.0
1.0
1.0
1.0
0.9999999
1.0
0.5794888
0.9996124
1.0
0.99951935
0.9986929
0.9996263
1.0
0.99999964
1.0
0.9999974
1.0
1.0
1.0
1.0
1.0
1.0
0.99999917
0.99999535
1.0
1.0
1.0
1.0
0.99999917
1.0
1.0
1.0
1.0
1.0
0.9999982
1.0
1.0
1.0
0.99999833
1.0
1.0
1.0
1.0
0.99996126
1.0
1.0
1.0
1.0
1.0
0.9999813
0.9999989
1.0
1.0
0.9999962
1.0
1.0
1.0
0.9999999
1.0
1.0
1.0
0.99997234
1.0
1.0
1.0
1.0
0.99581784
1.0
1.0
1.0
1.0
1.0
1.0
0.99996495
1.0
1.0
1.0
1.0
1.0
0.9999789
1.0
1.0
1.0
0.9999999
1.0
1.0
1.0
1.0
0.9999999
1.0
0.9998406
0.9999999
1.0
1.0
1.0
0.999998
1.0
1.0
1.0
0.99995923
1.0
1.0
0.9390206
1.0
1.0
1.0
0.9999969
1.0
1.0
1.0
1.0
1.0
0.9999994
0.9991641
1.0
0.9999999
0.9999999
0.99999976
1.0
0.99999917
1.0
1.0
1.0
1.0
1.0
1.0
1.0
0.9669886
0.9455822
0.9999994
1.0
0.9999937
1.0
1.0
1.0
1.0
1.0
0.99998116
0.99999976
0.9999995
0.9999995
1.0
1.0
0.99999976
1.0
1.0
0.9999995
1.0
1.0
1.0
1.0
1.0
0.99999976
1.0
0.99999285
1.0
1.0
0.9999869
1.0
1.0
1.0
1.0
1.0
1.0
1.0
0.99926025
0.99849284
1.0
1.0
0.9999999
1.0
1.0
1.0
0.9999999
1.0
1.0
1.0
1.0
1.0
1.0
0.99998784
1.0
0.9999999
1.0
1.0
0.9999993
1.0
1.0
1.0
0.99999964
1.0
1.0
1.0
0.9995432
0.99999845
0.99999976
1.0
1.0
0.99999666
1.0
1.0
1.0
1.0
0.9999964
1.0
0.999992
0.9999913
0.97659326
1.0
1.0
0.99997044
1.0
1.0
0.99897695
0.99867636
1.0
1.0
1.0
1.0
0.99998534
1.0
0.99999833
0.9999988
1.0
0.9999995
1.0
1.0
1.0
1.0
0.99999976
1.0
1.0
1.0
1.0
1.0
1.0
1.0
1.0
0.99999964
1.0
1.0
1.0
1.0
1.0
0.9999993
1.0
0.99993706
1.0
1.0
0.9999999
0.9991504
1.0
0.9999999
0.999998
0.99999595
1.0
1.0
1.0
1.0
1.0
1.0
0.72181404
1.0
1.0
1.0
0.999977
1.0
0.9999975
1.0
1.0
1.0
0.9999999
1.0
1.0
1.0
1.0
1.0
1.0
1.0
1.0
1.0
1.0
1.0
1.0
0.9999999
1.0
1.0
0.99999917
1.0
0.9999789
1.0
0.9999989
1.0
0.9999982
1.0
0.99999917
1.0
1.0
1.0
0.78844494
0.99999857
1.0
0.9999988
1.0
1.0
1.0
0.99999964
1.0
1.0
0.99999964
1.0
1.0
1.0
1.0
1.0
1.0
1.0
1.0
0.99996424
1.0
1.0
1.0
1.0
1.0
0.99999976
0.9996147
1.0
0.9999993
0.99495065
1.0
0.9999976
1.0
1.0
1.0
0.9975026
1.0
1.0
1.0
0.9999994
1.0
1.0
0.9999881
1.0
1.0
1.0
0.9999999
1.0
1.0
1.0
1.0
1.0
0.99996126
0.99963236
1.0
1.0
1.0
1.0
1.0
1.0
1.0
1.0
1.0
1.0
1.0
1.0
1.0
0.9999995
0.9999999
1.0
0.9999999
1.0
0.9999933
1.0
1.0
1.0
0.9999994
1.0
1.0
1.0
1.0
0.98929274
1.0
0.99999976
0.9999962
1.0
1.0
1.0
1.0
0.9994605
1.0
1.0
1.0
1.0
1.0
1.0
1.0
1.0
0.99965596
1.0
1.0
1.0
0.99999964
0.99972814
1.0
1.0
1.0
1.0
1.0
1.0
1.0
0.9999989
0.98863494
0.9999999
0.999997
0.9999999
1.0
1.0
0.9999995
0.999998
1.0
1.0
1.0
1.0
1.0
1.0
1.0
0.9999926
0.9998915
1.0
0.9999999
1.0
1.0
0.99999106
1.0
0.9999945
0.92618537
0.99998665
1.0
1.0
1.0
1.0
1.0
0.99999726
1.0
0.9999962
1.0
1.0
1.0
0.9999939
1.0
0.99999917
0.9999999
0.9999988
1.0
1.0
1.0
1.0
0.9999112
1.0
0.9999999
1.0
1.0
0.99999714
1.0
1.0
1.0
0.99996483
1.0
0.9999932
1.0
1.0
0.9999999
1.0
0.9999999
0.9999689
0.9997882
0.9972971
0.9999962
0.97363245
1.0
1.0
1.0
1.0
1.0
0.9999999
1.0
1.0
1.0
1.0
1.0
1.0
1.0
1.0
0.99999976
1.0
0.9999906
1.0
1.0
1.0
1.0
1.0
1.0
1.0
0.9999342
1.0
1.0
1.0
1.0
1.0
0.99999833
1.0
1.0
1.0
0.9999951
1.0
1.0
1.0
1.0
1.0
1.0
1.0
1.0
1.0
0.99999976
0.9999995
1.0
1.0
1.0
1.0
1.0
0.9999999
0.99999964
1.0
1.0
1.0
0.9999212
1.0
1.0
1.0
0.9998093
1.0
0.9999999
1.0
1.0
0.99999976
1.0
1.0
1.0
1.0
0.9999924
1.0
1.0
1.0
1.0
1.0
1.0
1.0
1.0
0.7970588
1.0
1.0
1.0
1.0
1.0
1.0
0.99999654
1.0
0.9999999
1.0
1.0
1.0
0.99999595
0.9999999
1.0
1.0
1.0
1.0
1.0
1.0
0.99895644
1.0
1.0
1.0
1.0
1.0
1.0
1.0
0.9999919
1.0
1.0
1.0
1.0
1.0
1.0
1.0
0.9269292
1.0
0.9999993
0.99997175
1.0
1.0
0.99999976
1.0
0.996548
0.877133
1.0
0.9999645
0.9932064
1.0
1.0
1.0
1.0
1.0
0.99999905
1.0
1.0
0.99998546
0.9999999
1.0
0.9911664
1.0
1.0
1.0
1.0
1.0
1.0
0.9999757
1.0
0.9922627
1.0
1.0
0.99999666
0.9999994
0.9999511
1.0
1.0
1.0
1.0
1.0
0.9999782
0.9999999
1.0
1.0
0.9998448
0.57317114
1.0
1.0
1.0
1.0
0.9999999
1.0
1.0
1.0
0.9999778
1.0
0.84197223
1.0
0.9947531
1.0
1.0
1.0
1.0
0.99999905
0.9999999
0.9999993
1.0
1.0
0.99999964
1.0
1.0
1.0
0.9999528
1.0
0.9991781
1.0
1.0
0.99999905
1.0
1.0
1.0
1.0
1.0
1.0
0.99374914
1.0
0.99864095
1.0
0.99999714
0.96060014
1.0
1.0
1.0
1.0
1.0
1.0
0.9925014
1.0
1.0
0.9998779
1.0
1.0
1.0
1.0
1.0
1.0
1.0
1.0
1.0
0.9999913
1.0
1.0
1.0
1.0
0.9992963
1.0
0.99360955
1.0
1.0
1.0
1.0
1.0
1.0
1.0
0.99999976
1.0
0.9999999
1.0
0.99788326
1.0
0.9999999
0.98865706
0.9999988
1.0
0.9999999
1.0
1.0
0.99999344
1.0
1.0
0.99992335
1.0
1.0
1.0
1.0
0.9999999
1.0
0.99963903
1.0
1.0
1.0
1.0
1.0
1.0
0.9999645
1.0
0.9999925
1.0
1.0
1.0
1.0
1.0
1.0
1.0
1.0
1.0
1.0
1.0
1.0
1.0
1.0
0.8933584
1.0
1.0
1.0
0.9999995
0.99999917
1.0
1.0
1.0
0.9998354
1.0
1.0
1.0
0.827701
1.0
1.0
0.99999833
1.0
1.0
1.0
0.9999999
1.0
1.0
1.0
0.9999999
0.99999964
1.0
1.0
1.0
0.9999999
1.0
1.0
0.99999726
0.99995923
1.0
1.0
1.0
1.0
1.0
1.0
1.0
1.0
1.0
1.0
1.0
1.0
0.9999901
0.9999989
0.97699684
0.99999976
0.98967534
1.0
1.0
0.9999865
1.0
1.0
1.0
1.0
0.99832255
1.0
1.0
1.0
1.0
1.0
1.0
1.0
1.0
1.0
1.0
0.99998367
1.0
1.0
1.0
1.0
1.0
0.9647464
0.99997866
0.9999999
0.9999677
1.0
1.0
1.0
1.0
0.9990096
0.9999999
1.0
1.0
1.0
1.0
1.0
0.9999987
0.99999285
0.9978642
0.9999993
1.0
1.0
1.0
1.0
1.0
1.0
1.0
1.0
0.9996884
0.9999999
0.99997485
1.0
1.0
0.99999964
1.0
0.9999989
1.0
1.0
1.0
1.0
0.49848688
1.0
1.0
1.0
1.0
0.99999964
1.0
1.0
0.99999917
1.0
0.9969618
0.99998426
1.0
1.0
1.0
1.0
1.0
1.0
1.0
1.0
0.7004506
0.99999976
1.0
0.99999976
0.9999995
1.0
1.0
1.0
1.0
1.0
0.99999726
1.0
1.0
1.0
1.0
1.0
1.0
0.99999905
1.0
1.0
0.99999976
1.0
1.0
1.0
1.0
0.99993527
0.9999621
1.0
1.0
0.9999999
1.0
1.0
0.9999962
1.0
0.99999285
1.0
0.99936825
1.0
0.99892116
1.0
1.0
1.0
1.0
1.0
0.99999344
1.0
1.0
1.0
0.9993143
1.0
0.99999964
0.6180732
1.0
1.0
1.0
1.0
1.0
1.0
1.0
0.99999976
1.0
1.0
1.0
1.0
0.9999999
0.9999999
0.9999721
1.0
1.0
1.0
1.0
1.0
0.9999938
0.99999154
1.0
0.9998671
1.0
1.0
1.0
1.0
0.99999976
1.0
1.0
1.0
0.9999969
1.0
1.0
1.0
1.0
0.9999999
0.9999968
1.0
1.0
1.0
1.0
1.0
1.0
0.9999999
0.9999994
0.9999989
1.0
1.0
1.0
1.0
0.99998236
1.0
1.0
1.0
1.0
1.0
1.0
1.0
0.99999523
1.0
1.0
0.99985003
1.0
1.0
1.0
0.9999989
1.0
0.9999976
0.9999974
1.0
0.9999976
0.9999994
1.0
0.9995321
1.0
0.9999856
1.0
1.0
1.0
1.0
1.0
1.0
0.9960639
1.0
1.0
1.0
0.99999976
1.0
1.0
1.0
0.99998295
1.0
1.0
0.9999993
1.0
0.9310393
0.99999225
0.99999654
1.0
0.9999875
1.0
1.0
1.0
1.0
0.99999344
1.0
1.0
1.0
1.0
1.0
1.0
0.9999999
0.9999999
0.9999999
1.0
0.9999585
1.0
1.0
0.9991172
1.0
0.9989956
0.9999999
1.0
1.0
0.93288445
1.0
0.9999995
1.0
1.0
1.0
0.99937624
0.99997723
1.0
1.0
1.0
1.0
1.0
1.0
1.0
1.0
0.9999988
1.0
0.99999857
0.99833834
1.0
1.0
1.0
1.0
1.0
1.0
1.0
1.0
1.0
1.0
1.0
1.0
1.0
0.9970925
0.9999999
1.0
1.0
1.0
1.0
0.99999356
1.0
1.0
1.0
0.9080904
1.0
1.0
1.0
1.0
1.0
1.0
0.99998295
0.9705723
1.0
1.0
0.9999974
0.9999862
0.9999999
1.0
1.0
1.0
0.9990011
0.9999838
1.0
0.9999999
0.999959
1.0
0.9997893
1.0
1.0
1.0
1.0
1.0
0.99999976
1.0
0.9999999
1.0
1.0
1.0
1.0
0.9878499
1.0
0.99999964
1.0
1.0
0.9750097
1.0
1.0
1.0
0.9999999
0.9999919
1.0
1.0
0.99993825
1.0
0.9999994
0.9997911
1.0
0.9999999
1.0
1.0
1.0
0.9999205
1.0
0.99998486
1.0
1.0
0.99999976
1.0
0.99999917
0.9999999
0.9996101
1.0
0.9999976
1.0
1.0
1.0
1.0
1.0
1.0
1.0
0.99999845
1.0
0.9999994
1.0
0.999987
0.9999944
1.0
1.0
1.0
1.0
1.0
1.0
1.0
0.9999995
0.9999999
1.0
0.9999999
0.9999999
1.0
0.9996413
1.0
1.0
1.0
1.0
0.9999989
0.99850625
1.0
1.0
1.0
1.0
1.0
1.0
0.99998975
1.0
0.99577737
0.9999659
1.0
1.0
0.9999999
1.0
1.0
1.0
0.9999999
0.99999917
0.99821955
1.0
1.0
1.0
1.0
0.999979
1.0
1.0
0.9999988
1.0
1.0
0.99999976
1.0
0.98917717
1.0
0.99988484
0.9999995
1.0
1.0
1.0
1.0
1.0
0.9999957
1.0
0.9999833
1.0
1.0
1.0
0.9999999
1.0
0.9999999
0.98385197
0.99999905
1.0
0.9992137
1.0
0.99870443
1.0
1.0
1.0
1.0
1.0
1.0
1.0
1.0
1.0
0.999995
1.0
1.0
1.0
1.0
1.0
1.0
0.99999785
1.0
1.0
0.99740976
1.0
0.99999964
1.0
0.9999999
1.0
1.0
1.0
0.9999912
1.0
0.9999943
1.0
0.9997358
0.9999994
0.9999999
0.99998534
1.0
1.0
0.9465692
1.0
1.0
1.0
1.0
1.0
1.0
1.0
0.99999523
1.0
0.9999999
0.97122025
0.9999999
1.0
1.0
1.0
0.99999976
0.9999982
1.0
1.0
0.99973434
1.0
1.0
1.0
0.9999999
1.0
1.0
1.0
1.0
1.0
1.0
1.0
1.0
1.0
0.9096328
1.0
0.9999994
1.0
1.0
0.9999994
1.0
1.0
1.0
1.0
0.9992077
1.0
0.99999964
1.0
1.0
1.0
1.0
0.97050047
1.0
1.0
0.99929917
0.99865496
1.0
0.9297686
1.0
1.0
0.9999999
0.98302186
0.9996019
1.0
0.5021099
1.0
1.0
1.0
0.99999976
1.0
1.0
1.0
1.0
1.0
1.0
1.0
0.99999654
1.0
0.9999989
1.0
1.0
1.0
1.0
1.0
1.0
0.9999925
1.0
0.9999999
1.0
1.0
1.0
0.9999999
1.0
0.9694942
1.0
1.0
1.0
0.99996936
1.0
1.0
1.0
1.0
1.0
1.0
0.9970841
0.99998915
1.0
1.0
0.9998553
1.0
1.0
0.9998517
1.0
1.0
1.0
0.99998724
1.0
1.0
0.9999999
1.0
0.9999645
1.0
1.0
0.99999917
0.9999944
1.0
0.99999595
0.9999994
0.7544847
1.0
1.0
1.0
0.98784304
1.0
1.0
0.9895353
0.9999989
1.0
1.0
1.0
1.0
1.0
1.0
1.0
1.0
1.0
0.9999999
1.0
1.0
0.9999999
0.9999865
0.99999547
1.0
1.0
1.0
0.99999976
1.0
1.0
0.9996388
1.0
1.0
0.9999416
1.0
1.0
1.0
1.0
1.0
1.0
1.0
1.0
1.0
0.9999994
0.97662455
1.0
0.999995
1.0
0.99999905
0.9988896
1.0
1.0
1.0
1.0
1.0
1.0
1.0
1.0
1.0
0.9999999
1.0
0.9999999
1.0
1.0
0.99999034
1.0
1.0
1.0
0.5056264
1.0
1.0
1.0
0.99999976
1.0
1.0
1.0
0.9999999
1.0
1.0
1.0
1.0
1.0
1.0
1.0
1.0
0.99870944
0.9999999
0.9999999
1.0
0.99999917
1.0
0.9999907
1.0
1.0
1.0
1.0
1.0
0.9999913
1.0
1.0
0.9999999
1.0
1.0
0.99996495
1.0
1.0
1.0
1.0
0.99999905
1.0
1.0
1.0
1.0
1.0
1.0
1.0
1.0
1.0
1.0
0.9997545
1.0
1.0
0.9999937
1.0
0.99999964
0.99999404
1.0
1.0
0.8807259
1.0
1.0
0.9999999
1.0
1.0
1.0
1.0
1.0
1.0
1.0
1.0
0.99999976
0.9999281
0.99999404
1.0
0.99999976
1.0
1.0
1.0
1.0
0.99999976
1.0
1.0
0.9997632
0.9999995
0.99999905
1.0
1.0
1.0
0.99999976
1.0
0.9999776
1.0
1.0
1.0
1.0
0.99998987
1.0
0.9999857
0.99995315
0.9987992
1.0
1.0
0.9998591
1.0
0.9999999
1.0
1.0
1.0
1.0
1.0
0.999982
1.0
1.0
1.0
0.9999987
1.0
1.0
1.0
0.9997892
0.9999995
0.99003875
1.0
0.9997979
1.0
1.0
1.0
0.9999962
1.0
1.0
1.0
0.9999981
1.0
1.0
1.0
1.0
0.99999774
1.0
1.0
1.0
1.0
1.0
1.0
0.9935895
1.0
1.0
1.0
1.0
1.0
1.0
1.0
1.0
1.0
1.0
0.9999999
1.0
1.0
1.0
0.9999709
1.0
1.0
1.0
1.0
1.0
0.9999999
1.0
1.0
0.9246644
0.9998542
1.0
1.0
1.0
1.0
1.0
0.9991264
0.9998894
0.99120796
1.0
1.0
1.0
1.0
1.0
1.0
0.98685384
1.0
1.0
0.999998
1.0
0.99999774
1.0
1.0
1.0
1.0
1.0
0.99999774
1.0
0.9999995
0.9965976
0.9999027
1.0
1.0
0.9999999
1.0
1.0
1.0
1.0
0.9999999
0.9999999
1.0
1.0
1.0
1.0
1.0
1.0
1.0
0.99999976
1.0
0.9999999
1.0
1.0
0.9188589
0.99995303
1.0
1.0
1.0
1.0
1.0
0.9999999
0.99999964
1.0
1.0
1.0
1.0
1.0
0.97891176
1.0
0.999551
0.99999976
1.0
0.9992274
0.9999993
0.9999964
0.99999845
1.0
0.99999976
1.0
0.9965384
1.0
0.99917644
1.0
0.9999999
1.0
1.0
1.0
0.9999995
1.0
1.0
1.0
1.0
1.0
0.9999988
1.0
0.999997
1.0
1.0
1.0
1.0
0.9999957
1.0
0.9999957
0.9999999
0.99986756
1.0
1.0
1.0
0.9993819
1.0
1.0
0.9999999
1.0
1.0
0.99995184
1.0
1.0
0.9999801
1.0
1.0
1.0
1.0
0.9999896
1.0
1.0
1.0
1.0
1.0
1.0
0.9999999
1.0
1.0
0.9997738
1.0
0.99999976
0.99987483
0.9985567
0.99999917
1.0
1.0
1.0
1.0
1.0
0.9998603
0.99996924
0.9999968
1.0
0.99999976
0.99999976
0.55005133
1.0
1.0
1.0
1.0
1.0
1.0
1.0
1.0
1.0
0.9995876
1.0
1.0
0.99999976
0.99999976
0.9999999
1.0
1.0
1.0
1.0
1.0
1.0
0.99991035
0.99999976
1.0
0.9999999
1.0
1.0
0.9999989
0.99995804
1.0
1.0
1.0
1.0
0.9974935
1.0
1.0
0.9999455
0.9999993
0.99995136
1.0
0.99785644
1.0
1.0
0.9999999
1.0
1.0
1.0
1.0
1.0
1.0
1.0
1.0
1.0
1.0
1.0
1.0
1.0
1.0
1.0
1.0
1.0
1.0
1.0
1.0
1.0
1.0
1.0
1.0
1.0
1.0
1.0
1.0
1.0
1.0
1.0
1.0
1.0
1.0
0.99999917
1.0
1.0
1.0
1.0
0.9999876
1.0
1.0
1.0
1.0
1.0
0.99996626
1.0
0.9999951
1.0
1.0
0.99999976
1.0
1.0
1.0
1.0
1.0
1.0
1.0
1.0
1.0
1.0
0.9999993
1.0
0.9999999
1.0
1.0
0.9999964
0.99999905
1.0
1.0
1.0
1.0
1.0
0.9999993
1.0
1.0
0.9999999
1.0
1.0
1.0
1.0
1.0
1.0
1.0
1.0
0.99999976
1.0
1.0
1.0
0.99999964
0.9999999
1.0
1.0
0.9999995
1.0
1.0
0.9999993
1.0
0.99999976
0.9999994
1.0
1.0
1.0
1.0
1.0
0.9999999
1.0
1.0
1.0
0.99999845
1.0
1.0
1.0
0.9999937
1.0
1.0
1.0
1.0
0.9999999
0.9999993
0.9999722
0.99999976
1.0
1.0
1.0
1.0
0.99970657
1.0
1.0
1.0
1.0
1.0
1.0
1.0
1.0
1.0
1.0
1.0
1.0
0.9999229
1.0
1.0
0.9999995
1.0
1.0
0.9999994
1.0
1.0
1.0
1.0
1.0
1.0
1.0
1.0
0.9999999
1.0
1.0
1.0
0.9954919
1.0
1.0
0.99999595
1.0
1.0
0.99773455
1.0
0.9999968
1.0
1.0
1.0
1.0
0.99999976
1.0
0.9999999
1.0
1.0
0.9999987
1.0
1.0
0.99999774
1.0
1.0
1.0
1.0
1.0
1.0
1.0
1.0
1.0
0.9999999
1.0
1.0
1.0
0.9999989
1.0
1.0
1.0
1.0
0.9988833
1.0
0.99994326
1.0
0.99999964
1.0
0.9999999
1.0
0.99999964
1.0
1.0
1.0
1.0
1.0
1.0
1.0
1.0
1.0
0.99999523
1.0
1.0
1.0
0.999949
1.0
1.0
1.0
1.0
1.0
1.0
0.9998122
1.0
1.0
1.0
1.0
1.0
0.9999993
1.0
1.0
1.0
1.0
1.0
0.9999999
1.0
1.0
0.9999999
0.9999988
1.0
0.86752063
1.0
1.0
1.0
0.9999521
0.9999999
0.9999999
1.0
1.0
1.0
1.0
1.0
1.0
1.0
1.0
0.9998241
1.0
1.0
1.0
0.99981326
1.0
1.0
0.9999217
0.99997973
0.9999999
1.0
1.0
1.0
1.0
1.0
1.0
1.0
0.999962
1.0
1.0
1.0
1.0
1.0
1.0
1.0
1.0
1.0
0.9999926
1.0
1.0
1.0
1.0
1.0
1.0
1.0
1.0
1.0
1.0
1.0
1.0
1.0
1.0
1.0
1.0
1.0
1.0
1.0
1.0
1.0
1.0
1.0
1.0
1.0
1.0
1.0
1.0
0.9999999
1.0
1.0
1.0
1.0
1.0
1.0
0.9999999
1.0
1.0
1.0
1.0
1.0
1.0
0.92979944
1.0
1.0
1.0
0.99999964
1.0
1.0
1.0
1.0
1.0
1.0
1.0
1.0
1.0
1.0
1.0
1.0
1.0
1.0
1.0
1.0
1.0
1.0
1.0
1.0
1.0
1.0
1.0
1.0
1.0
1.0
1.0
0.99999976
1.0
1.0
1.0
1.0
1.0
1.0
1.0
0.9999995
0.9999969
1.0
1.0
1.0
1.0
1.0
1.0
1.0
1.0
1.0
1.0
1.0
1.0
1.0
1.0
1.0
1.0
1.0
1.0
1.0
1.0
1.0
1.0
1.0
1.0
0.9999999
1.0
1.0
1.0
1.0
1.0
1.0
1.0
1.0
1.0
0.9999962
1.0
0.9999932
1.0
1.0
1.0
1.0
1.0
1.0
0.99999845
0.99999785
1.0
1.0
1.0
1.0
0.9999999
1.0
0.9999999
1.0
1.0
1.0
1.0
1.0
1.0
1.0
1.0
1.0
1.0
1.0
1.0
1.0
1.0
1.0
1.0
1.0
1.0
1.0
1.0
1.0
0.9999999
1.0
1.0
0.9997987
0.99997926
1.0
1.0
1.0
1.0
1.0
1.0
0.99990785
1.0
1.0
1.0
1.0
1.0
1.0
1.0
1.0
1.0
1.0
1.0
1.0
1.0
0.9999999
1.0
1.0
1.0
1.0
1.0
1.0
1.0
1.0
1.0
1.0
1.0
1.0
1.0
1.0
1.0
1.0
1.0
1.0
1.0
1.0
1.0
1.0
1.0
1.0
0.9999999
1.0
1.0
0.9999999
1.0
1.0
0.99999654
1.0
1.0
1.0
1.0
1.0
1.0
1.0
1.0
1.0
1.0
1.0
1.0
1.0
1.0
1.0
1.0
0.99998915
1.0
1.0
0.99999666
1.0
1.0
1.0
1.0
1.0
1.0
1.0
1.0
1.0
0.99999976
1.0
1.0
1.0
0.9999989
1.0
1.0
1.0
1.0
0.9999999
1.0
1.0
1.0
1.0
1.0
0.999997
1.0
1.0
1.0
1.0
1.0
1.0
1.0
1.0
1.0
1.0
1.0
1.0
1.0
0.99999976
0.99999964
1.0
0.9998319
1.0
1.0
1.0
1.0
0.99999964
1.0
1.0
1.0
0.99999857
1.0
1.0
1.0
1.0
1.0
1.0
1.0
1.0
1.0
0.99999785
1.0
1.0
0.99994075
1.0
1.0
1.0
1.0
1.0
1.0
0.9999999
0.9999989
1.0
1.0
1.0
1.0
1.0
0.99702126
1.0
1.0
0.999997
1.0
1.0
1.0
1.0
1.0
1.0
0.9999999
1.0
1.0
0.99999917
0.9999999
1.0
1.0
1.0
1.0
1.0
0.99999964
1.0
1.0
0.99987555
1.0
1.0
0.99999726
1.0
1.0
1.0
0.9999999
0.9999999
1.0
1.0
0.8628952
1.0
0.9999722
1.0
1.0
0.9999993
0.9999999
0.99999964
0.9983016
0.9999987
1.0
1.0
1.0
0.9999999
1.0
0.9996209
1.0
1.0
1.0
0.99999964
0.99105084
0.99941814
1.0
1.0
1.0
1.0
1.0
1.0
0.99999964
0.9999999
1.0
1.0
1.0
0.9999895
1.0
1.0
1.0
1.0
1.0
1.0
1.0
1.0
0.999998
0.9999937
0.9999999
1.0
1.0
1.0
1.0
1.0
1.0
1.0
1.0
1.0
0.9999968
1.0
1.0
1.0
1.0
1.0
1.0
1.0
1.0
1.0
1.0
1.0
1.0
1.0
1.0
0.99998355
1.0
1.0
1.0
1.0
0.99999964
0.99997556
1.0
1.0
1.0
1.0
0.99999106
1.0
1.0
0.99999964
1.0
1.0
0.99982506
1.0
1.0
1.0
1.0
1.0
0.9999943
1.0
0.99999976
1.0
1.0
1.0
1.0
1.0
0.99758303
0.99960965
0.92398304
1.0
1.0
1.0
0.9999999
1.0
0.9999987
0.99999976
1.0
0.99996567
1.0
1.0
1.0
0.9927158
1.0
1.0
0.99978083
1.0
1.0
1.0
0.9999994
1.0
1.0
0.9999995
1.0
1.0
1.0
1.0
1.0
1.0
1.0
1.0
1.0
0.9999902
1.0
1.0
1.0
0.99998975
1.0
1.0
1.0
1.0
1.0
1.0
1.0
1.0
1.0
1.0
1.0
1.0
1.0
1.0
1.0
1.0
1.0
1.0
1.0
1.0
1.0
1.0
1.0
1.0
1.0
1.0
1.0
0.9999995
0.99988174
1.0
1.0
1.0
1.0
0.99999344
0.9999999
1.0
1.0
1.0
1.0
1.0
1.0
1.0
1.0
1.0
1.0
1.0
0.9999994
0.9999976
1.0
0.9999995
1.0
1.0
1.0
0.9999999
0.9993637
1.0
0.99999976
1.0
1.0
0.9999969
1.0
0.9996432
1.0
1.0
1.0
1.0
1.0
0.9999956
1.0
1.0
1.0
1.0
1.0
1.0
1.0
1.0
1.0
1.0
1.0
1.0
1.0
1.0
1.0
1.0
1.0
1.0
1.0
1.0
1.0
1.0
1.0
1.0
1.0
1.0
1.0
1.0
1.0
1.0
1.0
1.0
1.0
1.0
1.0
0.99975723
1.0
1.0
1.0
1.0
1.0
1.0
1.0
0.99998
1.0
0.998985
0.94226646
1.0
0.9999994
1.0
1.0
1.0
1.0
1.0
1.0
1.0
1.0
1.0
1.0
1.0
1.0
0.9999753
1.0
1.0
0.99930584
0.99999964
1.0
1.0
1.0
1.0
0.9999913
1.0
0.9999999
1.0
1.0
1.0
1.0
1.0
1.0
0.9999976
0.9999999
1.0
0.9999988
1.0
0.9999614
1.0
1.0
1.0
1.0
1.0
1.0
1.0
0.9999994
0.9999926
0.99344194
0.9293214
1.0
0.999561
1.0
1.0
1.0
0.9999999
1.0
1.0
1.0
1.0
1.0
0.9998294
1.0
0.9999999
1.0
1.0
1.0
0.99756634
1.0
1.0
1.0
0.99985385
1.0
0.9999652
1.0
0.9999995
1.0
0.9999999
1.0
1.0
1.0
1.0
0.9999999
1.0
1.0
0.99990475
1.0
1.0
1.0
1.0
0.9999999
1.0
1.0
0.99931693
0.9997366
0.9999999
0.9999993
0.9999999
1.0
0.99999917
0.9999994
1.0
1.0
1.0
0.99996495
1.0
1.0
1.0
1.0
0.9978902
0.9999932
0.99999654
1.0
1.0
1.0
1.0
0.99999964
0.99999726
0.9999727
0.9999703
0.9999994
0.999997
0.9999999
0.9932534
1.0
1.0
1.0
1.0
1.0
1.0
1.0
1.0
0.99999964
1.0
1.0
0.9979572
1.0
1.0
0.99383533
0.99999976
0.99999905
1.0
1.0
1.0
1.0
1.0
1.0
0.9973838
1.0
0.9999975
1.0
1.0
1.0
1.0
0.9999974
1.0
1.0
0.9999956
1.0
1.0
0.9999993
1.0
0.9999827
1.0
1.0
1.0
0.99998474
1.0
1.0
1.0
1.0
0.99998903
1.0
1.0
1.0
1.0
1.0
0.9999194
1.0
1.0
1.0
1.0
1.0
0.9999974
0.99999785
0.9999993
1.0
0.9999999
1.0
1.0
1.0
1.0
1.0
0.9994986
1.0
1.0
1.0
1.0
1.0
1.0
1.0
1.0
1.0
0.80197996
1.0
0.999992
1.0
1.0
1.0
1.0
1.0
1.0
1.0
0.99999833
1.0
1.0
1.0
1.0
1.0
1.0
1.0
0.9999999
0.9999999
1.0
0.9885626
1.0
1.0
0.9999994
1.0
1.0
1.0
1.0
1.0
0.99999976
1.0
1.0
1.0
1.0
0.99999976
1.0
1.0
1.0
1.0
1.0
1.0
1.0
1.0
1.0
1.0
1.0
1.0
1.0
1.0
1.0
1.0
1.0
1.0
1.0
1.0
0.9999999
1.0
1.0
1.0
1.0
1.0
1.0
1.0
1.0
1.0
0.99986625
1.0
1.0
1.0
0.99998975
1.0
1.0
1.0
1.0
0.8240576
1.0
0.9999887
1.0
0.9999975
1.0
0.99852836
0.9982876
0.99998
1.0
1.0
1.0
1.0
1.0
1.0
1.0
1.0
1.0
1.0
1.0
1.0
1.0
0.9999999
1.0
1.0
1.0
1.0
1.0
1.0
1.0
1.0
1.0
1.0
1.0
1.0
1.0
1.0
1.0
1.0
1.0
1.0
1.0
1.0
1.0
1.0
1.0
1.0
1.0
1.0
1.0
1.0
1.0
1.0
1.0
1.0
1.0
1.0
1.0
1.0
1.0
1.0
1.0
1.0
1.0
1.0
1.0
1.0
1.0
1.0
1.0
1.0
1.0
1.0
1.0
1.0
1.0
0.9999994
0.9999845
1.0
1.0
1.0
1.0
1.0
1.0
0.9999999
1.0
1.0
1.0
1.0
1.0
1.0
1.0
1.0
1.0
1.0
1.0
1.0
1.0
1.0
1.0
0.9999999
1.0
1.0
1.0
1.0
1.0
1.0
1.0
1.0
1.0
1.0
1.0
1.0
1.0
1.0
1.0
1.0
1.0
1.0
1.0
1.0
1.0
1.0
1.0
1.0
1.0
1.0
1.0
1.0
1.0
1.0
1.0
1.0
1.0
1.0
1.0
1.0
1.0
1.0
0.99999905
0.9999987
1.0
1.0
1.0
1.0
1.0
1.0
1.0
1.0
1.0
1.0
1.0
1.0
1.0
1.0
1.0
1.0
1.0
1.0
1.0
1.0
1.0
1.0
1.0
1.0
1.0
1.0
1.0
1.0
1.0
1.0
1.0
1.0
1.0
1.0
1.0
1.0
1.0
0.9999993
1.0
1.0
1.0
1.0
1.0
1.0
1.0
1.0
1.0
1.0
1.0
1.0
1.0
1.0
1.0
1.0
1.0
1.0
0.9999999
1.0
1.0
1.0
1.0
1.0
1.0
1.0
1.0
1.0
1.0
1.0
1.0
1.0
1.0
1.0
1.0
0.9999995
1.0
1.0
1.0
1.0
1.0
1.0
1.0
1.0
1.0
1.0
0.99999845
0.9999989
0.99999726
1.0
1.0
1.0
1.0
0.9999999
1.0
1.0
1.0
1.0
1.0
1.0
1.0
1.0
1.0
1.0
1.0
1.0
0.9999995
1.0
1.0
1.0
1.0
1.0
1.0
0.9999132
1.0
1.0
1.0
1.0
1.0
1.0
1.0
0.99996495
1.0
1.0
1.0
1.0
1.0
1.0
1.0
0.9999999
1.0
1.0
1.0
1.0
1.0
1.0
0.99999905
1.0
1.0
1.0
1.0
0.99999976
1.0
1.0
1.0
1.0
1.0
0.99999654
1.0
1.0
1.0
1.0
1.0
0.9999999
1.0
1.0
1.0
1.0
1.0
1.0
1.0
1.0
1.0
1.0
1.0
1.0
0.9999436
1.0
1.0
1.0
1.0
1.0
1.0
1.0
1.0
0.9999974
1.0
1.0
1.0
1.0
1.0
1.0
1.0
1.0
1.0
1.0
1.0
1.0
1.0
1.0
0.9999968
1.0
1.0
1.0
1.0
1.0
1.0
1.0
0.99999976
1.0
0.98663527
0.99999964
1.0
1.0
1.0
1.0
0.9999999
0.9999999
1.0
1.0
1.0
1.0
0.9999964
0.99999976
1.0
1.0
1.0
1.0
1.0
1.0
1.0
1.0
1.0
1.0
1.0
0.99999976
1.0
0.9999889
1.0
0.99999595
1.0
1.0
0.99999964
0.99995637
0.9999963
1.0
1.0
1.0
1.0
0.9999981
1.0
0.99997485
1.0
0.9999995
0.9999993
1.0
1.0
1.0
0.9999614
0.79303914
0.84836423
0.9999999
0.9999144
0.96795624
0.999995
0.54391325
0.9572532
0.9999987
1.0
0.9999999
0.9999994
1.0
0.9999981
0.99997556
0.9997228
0.9999641
0.9265439
0.9945229
0.9999813
0.98311967
0.999977
0.87305766
0.999928
0.9999943
0.99999976
0.99999917
0.9999999
1.0
1.0
0.99998
1.0
0.9999995
1.0
1.0
1.0
1.0
1.0
0.99993837
1.0
0.99999964
1.0
0.99999714
0.96476984
0.9876758
0.97204
1.0
1.0
0.9999995
0.9999994
1.0
0.99973184
1.0
0.9999999
0.999966
0.999998
1.0
1.0
1.0
0.99994516
0.99996567
0.99993587
1.0
0.9999969
0.99998057
0.99999976
1.0
0.9999994
0.99999607
0.99999976
0.9999902
0.23383826
1.0
0.9999999
1.0
1.0
1.0
0.99999905
0.99988043
1.0
1.0
0.9999999
0.9999962
0.9999999
1.0
1.0
1.0
1.0
1.0
1.0
1.0
0.99999404
1.0
1.0
1.0
1.0
1.0
0.3595472
0.9999999
1.0
1.0
1.0
1.0
1.0
1.0
1.0
1.0
0.9999968
0.9999454
1.0
1.0
1.0
1.0
1.0
1.0
1.0
0.9999999
1.0
0.99999714
1.0
1.0
1.0
1.0
0.9997049
1.0
1.0
1.0
0.99999964
1.0
1.0
1.0
1.0
1.0
1.0
0.9999902
1.0
1.0
0.99999416
1.0
1.0
0.9999933
1.0
1.0
1.0
1.0
1.0
1.0
1.0
1.0
1.0
1.0
1.0
0.99996555
1.0
0.9999999
1.0
1.0
1.0
1.0
1.0
1.0
1.0
1.0
1.0
0.99999833
1.0
1.0
0.99913776
0.99999905
1.0
0.99999416
0.9999999
1.0
1.0
1.0
1.0
0.99998784
0.9999976
0.99995995
0.9999999
1.0
1.0
1.0
1.0
1.0
1.0
0.99945396
0.9999194
1.0
0.999998
0.96946734
0.99996734
1.0
0.99999475
1.0
0.99999964
1.0
0.9999999
1.0
1.0
0.9999999
0.9994709
0.99819344
1.0
0.9999999
0.99999964
1.0
1.0
0.99999917
1.0
0.99999964
0.9999999
1.0
1.0
0.99995935
0.99982625
1.0
1.0
1.0
1.0
1.0
1.0
1.0
1.0
1.0
1.0
0.9999932
1.0
1.0
0.5629693
0.9999969
0.99998844
1.0
0.9999999
1.0
1.0
1.0
0.9999845
1.0
0.99999845
1.0
1.0
0.99994135
1.0
1.0
1.0
1.0
1.0
1.0
0.99999976
1.0
1.0
1.0
0.9999999
1.0
1.0
1.0
0.9999976
1.0
0.99997497
1.0
1.0
1.0
0.99999964
1.0
1.0
1.0
1.0
1.0
1.0
1.0
1.0
1.0
0.99999833
1.0
1.0
1.0
1.0
0.9999999
1.0
1.0
0.99999976
1.0
1.0
1.0
1.0
1.0
0.99999964
1.0
1.0
1.0
0.9999995
1.0
0.99401444
1.0
1.0
1.0
1.0
0.9999788
1.0
1.0
0.9999999
1.0
1.0
0.9999995
1.0
1.0
1.0
1.0
1.0
1.0
1.0
1.0
1.0
1.0
1.0
1.0
1.0
1.0
1.0
1.0
1.0
1.0
1.0
0.99998164
1.0
0.9999999
1.0
1.0
0.99963236
1.0
1.0
0.99999976
1.0
1.0
1.0
1.0
1.0
1.0
1.0
0.99999964
0.99984646
1.0
1.0
1.0
0.9999846
1.0
1.0
1.0
1.0
1.0
1.0
0.999951
1.0
1.0
0.9999995
0.9999999
1.0
0.99998546
1.0
0.99999964
1.0
1.0
1.0
1.0
0.99999857
1.0
1.0
1.0
1.0
1.0
1.0
0.9999995
1.0
1.0
1.0
1.0
1.0
1.0
1.0
1.0
1.0
1.0
1.0
1.0
1.0
0.99999154
1.0
1.0
1.0
0.99999964
0.9999701
1.0
1.0
1.0
1.0
1.0
1.0
1.0
1.0
0.99993026
1.0
1.0
1.0
1.0
1.0
1.0
1.0
0.9999989
1.0
0.99999714
1.0
1.0
1.0
1.0
1.0
1.0
1.0
1.0
1.0
1.0
1.0
1.0
1.0
1.0
1.0
1.0
0.99999547
1.0
1.0
1.0
1.0
0.99999976
1.0
1.0
1.0
1.0
1.0
1.0
1.0
1.0
1.0
1.0
0.99999976
1.0
1.0
1.0
1.0
1.0
1.0
1.0
1.0
1.0
1.0
1.0
1.0
1.0
1.0
1.0
1.0
1.0
1.0
1.0
1.0
1.0
1.0
1.0
0.9999974
1.0
1.0
1.0
1.0
1.0
1.0
0.9999802
1.0
0.9998859
0.9999989
1.0
1.0
1.0
1.0
1.0
1.0
1.0
1.0
1.0
1.0
1.0
1.0
1.0
1.0
1.0
1.0
1.0
0.9977996
1.0
1.0
1.0
1.0
0.9997241
1.0
1.0
1.0
1.0
1.0
1.0
0.9999999
1.0
1.0
0.99999547
1.0
1.0
1.0
1.0
0.9999995
1.0
0.9999987
1.0
1.0
0.9999999
1.0
1.0
1.0
1.0
0.9999951
1.0
0.9999993
1.0
1.0
1.0
1.0
1.0
1.0
1.0
0.9999987
1.0
1.0
1.0
0.99999034
0.999997
0.99999976
1.0
1.0
0.9999974
1.0
0.99999976
1.0
1.0
1.0
1.0
1.0
1.0
0.9999999
0.9999994
1.0
1.0
1.0
1.0
1.0
1.0
0.9999981
1.0
1.0
1.0
1.0
1.0
0.99992406
1.0
1.0
1.0
1.0
1.0
1.0
1.0
1.0
1.0
1.0
0.99999094
1.0
1.0
0.9999224
1.0
1.0
0.9999999
1.0
1.0
1.0
1.0
1.0
0.9999999
1.0
1.0
1.0
0.9999995
1.0
1.0
0.9999999
1.0
1.0
0.9995363
1.0
0.9999982
1.0
1.0
1.0
1.0
1.0
1.0
1.0
1.0
1.0
1.0
1.0
1.0
1.0
1.0
1.0
1.0
1.0
0.9999999
1.0
1.0
1.0
1.0
0.99999964
1.0
1.0
1.0
1.0
1.0
1.0
1.0
1.0
1.0
1.0
1.0
0.9999999
0.99999976
1.0
1.0
1.0
1.0
1.0
0.99999964
1.0
1.0
1.0
1.0
1.0
0.9999517
0.99999917
1.0
1.0
0.99998975
1.0
0.9999924
1.0
0.9945403
1.0
1.0
1.0
0.5045334
0.9999994
1.0
1.0
0.9999999
1.0
1.0
0.9999999
1.0
1.0
0.99999976
1.0
1.0
0.9999912
1.0
1.0
1.0
0.9999902
1.0
0.9818987
1.0
0.9999999
0.9999995
1.0
0.999941
0.9999999
1.0
1.0
1.0
0.9999974
1.0
0.99999917
1.0
0.9998934
1.0
1.0
1.0
0.99999976
1.0
1.0
1.0
1.0
0.99999976
0.9999999
0.9999989
0.9999999
0.9999945
1.0
1.0
1.0
1.0
0.99993193
0.9999672
1.0
1.0
0.9999993
0.999998
1.0
1.0
1.0
1.0
1.0
1.0
1.0
1.0
1.0
1.0
1.0
1.0
1.0
1.0
1.0
0.9999999
1.0
1.0
0.9999982
1.0
1.0
0.9999999
1.0
1.0
1.0
1.0
1.0
1.0
1.0
1.0
1.0
0.99999905
1.0
1.0
0.99999917
1.0
1.0
1.0
1.0
1.0
1.0
1.0
1.0
1.0
1.0
1.0
1.0
1.0
1.0
1.0
1.0
1.0
1.0
1.0
1.0
1.0
1.0
1.0
1.0
1.0
0.9999999
0.99999976
1.0
1.0
0.99999905
1.0
1.0
1.0
1.0
1.0
1.0
1.0
1.0
1.0
1.0
0.99999976
0.99999464
0.9999995
1.0
0.9999999
1.0
0.99892056
1.0
0.9999988
1.0
1.0
1.0
1.0
1.0
1.0
1.0
0.9999999
1.0
1.0
1.0
1.0
1.0
1.0
1.0
1.0
1.0
1.0
0.9999968
1.0
1.0
1.0
1.0
1.0
1.0
1.0
1.0
0.9999999
1.0
0.9999994
1.0
1.0
1.0
0.9999968
1.0
0.9999993
1.0
0.9999999
1.0
1.0
1.0
1.0
1.0
0.9999962
0.9999918
1.0
0.99998677
0.9999995
1.0
1.0
1.0
1.0
1.0
0.99999857
1.0
1.0
0.99997044
1.0
0.9999999
0.9999974
1.0
1.0
0.99999917
0.99999964
1.0
0.99999964
0.99999774
1.0
1.0
1.0
0.99999964
1.0
1.0
0.99999905
0.99999976
0.9999335
1.0
0.9989241
1.0
1.0
1.0
1.0
0.99999833
1.0
0.9999858
1.0
0.9999999
1.0
0.9999993
0.9999999
0.99997485
1.0
1.0
1.0
0.9988551
1.0
1.0
1.0
1.0
1.0
0.9999987
1.0
1.0
1.0
0.9999896
1.0
0.999998
1.0
0.9999999
1.0
1.0
0.9999958
1.0
1.0
1.0
0.9962368
0.99999857
1.0
1.0
0.9999969
0.9999962
1.0
1.0
1.0
1.0
1.0
0.99976796
1.0
1.0
1.0
1.0
1.0
1.0
0.99999595
0.9999815
0.99999416
0.9999999
1.0
1.0
1.0
0.9999999
0.9998623
1.0
1.0
1.0
1.0
0.9999964
0.99999964
0.99998975
1.0
0.9999999
1.0
1.0
1.0
0.99999464
1.0
1.0
0.99999714
1.0
1.0
1.0
1.0
1.0
1.0
1.0
1.0
0.9999906
1.0
1.0
1.0
1.0
1.0
1.0
1.0
1.0
1.0
0.9999995
1.0
1.0
1.0
1.0
0.99998
0.9999939
1.0
1.0
1.0
1.0
0.9999993
0.9999999
1.0
1.0
1.0
1.0
1.0
1.0
1.0
1.0
1.0
1.0
0.9999999
1.0
1.0
1.0
1.0
1.0
1.0
1.0
1.0
0.9999063
1.0
1.0
1.0
0.9999864
1.0
1.0
0.9999995
0.99998295
0.99618065
1.0
1.0
1.0
1.0
1.0
0.99999845
1.0
1.0
1.0
0.9999993
1.0
0.9999999
1.0
1.0
1.0
1.0
1.0
1.0
1.0
1.0
1.0
1.0
1.0
1.0
1.0
1.0
1.0
1.0
1.0
1.0
0.99997973
0.99994075
1.0
1.0
1.0
0.9999999
1.0
1.0
1.0
1.0
1.0
1.0
1.0
1.0
0.9999865
1.0
1.0
1.0
1.0
1.0
1.0
1.0
0.9999999
1.0
1.0
1.0
1.0
1.0
1.0
1.0
1.0
1.0
0.99998057
0.9999994
0.9999999
1.0
1.0
1.0
1.0
0.99999976
0.99999976
1.0
1.0
1.0
0.99999976
1.0
0.9999987
1.0
1.0
1.0
1.0
0.99999964
1.0
1.0
0.9999999
1.0
1.0
1.0
1.0
1.0
1.0
1.0
1.0
1.0
1.0
1.0
0.99999976
0.99999917
0.9999999
1.0
1.0
1.0
1.0
1.0
0.99999905
1.0
1.0
1.0
1.0
1.0
1.0
1.0
0.9999999
1.0
1.0
1.0
1.0
0.9999912
1.0
1.0
0.9999999
1.0
1.0
0.99999976
1.0
1.0
1.0
1.0
1.0
1.0
1.0
1.0
1.0
1.0
1.0
1.0
0.99999285
1.0
1.0
1.0
1.0
1.0
1.0
1.0
1.0
0.9999999
1.0
1.0
1.0
0.9999999
1.0
1.0
1.0
1.0
0.9999951
1.0
1.0
0.99993
1.0
0.9999987
0.99999344
0.9999963
1.0
1.0
1.0
1.0
1.0
1.0
1.0
1.0
1.0
0.9999999
1.0
1.0
0.9999993
1.0
1.0
1.0
1.0
0.9999999
1.0
1.0
0.9999995
1.0
1.0
0.9999995
1.0
1.0
0.9999999
1.0
1.0
0.99999964
1.0
1.0
1.0
1.0
1.0
0.99999917
0.9999999
1.0
1.0
1.0
1.0
1.0
1.0
1.0
0.9999988
1.0
0.99999976
1.0
1.0
1.0
1.0
1.0
1.0
0.99999976
1.0
1.0
1.0
1.0
1.0
0.9999999
0.99996996
1.0
1.0
0.99999976
0.99999976
0.9999999
1.0
1.0
1.0
1.0
1.0
1.0
1.0
1.0
1.0
0.999997
0.99998415
1.0
0.9999999
1.0
1.0
1.0
1.0
0.99999964
0.99999917
1.0
1.0
1.0
1.0
1.0
1.0
1.0
1.0
1.0
1.0
1.0
1.0
1.0
1.0
1.0
0.9999999
1.0
0.99994445
0.9999881
0.99990666
0.999961
1.0
0.9999999
0.9999428
1.0
0.9999838
1.0
0.97301835
0.9999999
0.99956244
0.99999917
0.9998271
1.0
1.0
0.9999057
0.99999404
1.0
0.9999999
0.9998604
0.9999999
1.0
1.0
1.0
0.9999999
1.0
1.0
1.0
0.9999995
1.0
1.0
1.0
1.0
0.9999993
0.99999976
0.9999976
0.99999964
1.0
1.0
1.0
1.0
1.0
1.0
1.0
1.0
0.99999595
0.9999993
1.0
1.0
1.0
0.99999976
1.0
0.9999982
0.9999994
1.0
0.9999999
1.0
0.9999882
0.99994385
0.99999714
1.0
0.98214036
0.99999714
1.0
1.0
1.0
1.0
0.9999999
1.0
1.0
0.99999917
0.99999356
1.0
1.0
0.9997181
0.99999654
0.99999774
0.9999875
1.0
0.99999917
0.99979204
1.0
1.0
0.99998784
0.9999815
1.0
0.9993338
0.9995639
1.0
1.0
1.0
1.0
1.0
0.9999981
1.0
1.0
1.0
1.0
1.0
1.0
1.0
1.0
1.0
1.0
0.99999976
1.0
1.0
1.0
1.0
1.0
1.0
0.9999995
1.0
1.0
1.0
1.0
1.0
1.0
1.0
1.0
1.0
1.0
1.0
1.0
1.0
1.0
1.0
1.0
1.0
1.0
0.99987435
1.0
1.0
1.0
1.0
1.0
1.0
0.9999968
1.0
1.0
1.0
1.0
1.0
1.0
0.99995625
0.9999994
1.0
1.0
1.0
0.99999475
0.99988806
1.0
1.0
0.9999995
1.0
1.0
1.0
0.99999857
1.0
0.9999999
1.0
1.0
0.99999535
1.0
1.0
1.0
1.0
0.99999547
1.0
1.0
1.0
1.0
1.0
1.0
1.0
0.99999714
1.0
1.0
1.0
0.99999726
1.0
0.9999999
1.0
1.0
1.0
1.0
1.0
1.0
1.0
0.99999917
1.0
1.0
1.0
1.0
1.0
1.0
1.0
1.0
1.0
1.0
1.0
1.0
0.99999404
0.99999976
1.0
1.0
0.9999994
1.0
1.0
1.0
1.0
0.99999976
1.0
1.0
1.0
1.0
1.0
1.0
0.91569495
1.0
0.99728596
1.0
0.9999995
0.9999887
0.9996767
1.0
1.0
1.0
0.9995615
1.0
0.9996275
1.0
1.0
0.9999906
0.9999945
1.0
1.0
1.0
0.9999734
1.0
0.9997378
1.0
1.0
1.0
1.0
1.0
1.0
1.0
1.0
1.0
0.9999361
0.99368024
0.9999964
0.8425675
0.9973334
1.0
0.9999999
1.0
1.0
1.0
1.0
0.9999635
1.0
0.9999944
0.99999714
0.99993384
0.99997115
1.0
1.0
0.9996413
1.0
0.9999999
1.0
1.0
0.9999273
1.0
1.0
1.0
1.0
1.0
1.0
1.0
1.0
1.0
1.0
0.9999994
1.0
0.9937835
1.0
1.0
1.0
1.0
1.0
1.0
1.0
1.0
1.0
1.0
0.9999995
1.0
1.0
1.0
1.0
0.99999976
1.0
1.0
1.0
1.0
1.0
1.0
0.9999844
1.0
0.9999925
1.0
1.0
0.9999999
1.0
1.0
1.0
1.0
1.0
1.0
1.0
0.99999964
0.999995
1.0
1.0
0.99999976
1.0
1.0
1.0
1.0
1.0
0.9999999
1.0
1.0
1.0
1.0
1.0
1.0
0.9999505
0.9998605
1.0
0.9999999
0.99999976
1.0
1.0
1.0
1.0
1.0
1.0
1.0
1.0
1.0
1.0
0.99995077
1.0
0.9994758
1.0
1.0
1.0
1.0
0.9999988
1.0
1.0
1.0
1.0
0.9999995
1.0
1.0
1.0
0.99999976
1.0
1.0
1.0
1.0
1.0
0.9999994
1.0
1.0
1.0
1.0
1.0
1.0
0.99999714
1.0
0.9999999
0.9999994
0.9999995
1.0
0.9999999
1.0
0.9999999
0.99999976
1.0
1.0
1.0
1.0
1.0
1.0
1.0
1.0
0.9995266
0.99999845
0.99999523
0.9884546
1.0
1.0
1.0
0.9999999
1.0
1.0
0.99998033
0.9999844
0.99999785
0.9999964
1.0
1.0
0.9999821
0.99999845
1.0
0.9999889
1.0
1.0
0.99999976
1.0
1.0
0.999998
1.0
1.0
1.0
0.9999995
0.866922
0.9999999
0.9999995
1.0
0.99995685
0.9998958
1.0
1.0
1.0
0.9999913
0.9999993
0.99999976
0.99999976
0.9999957
0.99999833
0.999997
0.9999999
1.0
1.0
0.9999999
1.0
1.0
0.9999962
1.0
1.0
1.0
0.9999999
1.0
1.0
1.0
1.0
1.0
0.99999964
1.0
1.0
1.0
1.0
0.99999964
0.9904032
1.0
0.99999964
1.0
0.9978668
0.9989755
0.9999999
1.0
1.0
0.9991666
0.9999778
0.99999857
0.9999931
0.9999994
0.8101396
0.99930453
0.99999964
1.0
1.0
1.0
1.0
0.9999081
1.0
0.9999994
1.0
1.0
1.0
1.0
1.0
1.0
1.0
1.0
1.0
1.0
1.0
1.0
1.0
1.0
0.99999774
0.9999999
0.9999995
1.0
1.0
1.0
1.0
0.9999999
1.0
0.99999964
1.0
1.0
1.0
0.99999714
1.0
1.0
1.0
1.0
1.0
1.0
1.0
1.0
1.0
1.0
1.0
0.99999964
0.9997323
0.9980957
1.0
1.0
1.0
1.0
0.99999726
0.99897754
0.99999964
1.0
1.0
1.0
0.99999976
1.0
0.99999917
1.0
0.9999707
1.0
1.0
1.0
1.0
1.0
0.9999943
0.9999999
1.0
1.0
1.0
1.0
0.99999976
1.0
1.0
0.9984968
1.0
0.6534166
1.0
1.0
1.0
1.0
1.0
0.9999999
1.0
1.0
1.0
1.0
1.0
1.0
1.0
0.9999999
0.9999999
1.0
0.9999993
0.9995005
1.0
1.0
1.0
1.0
0.9999999
1.0
1.0
1.0
1.0
1.0
1.0
1.0
1.0
1.0
1.0
1.0
1.0
1.0
1.0
1.0
1.0
1.0
1.0
1.0
1.0
1.0
1.0
1.0
1.0
1.0
1.0
1.0
1.0
1.0
1.0
1.0
1.0
1.0
1.0
1.0
1.0
1.0
0.9999999
1.0
1.0
1.0
1.0
1.0
1.0
1.0
1.0
1.0
1.0
1.0
1.0
1.0
1.0
1.0
1.0
0.99999976
1.0
1.0
1.0
0.9999982
0.9999995
0.99999976
0.9999981
1.0
0.9999924
0.9999999
0.9999999
0.99999976
1.0
1.0
1.0
0.99999654
1.0
0.9999995
1.0
1.0
1.0
0.99981695
0.999982
0.99999917
1.0
1.0
0.99999964
1.0
1.0
1.0
1.0
1.0
0.99999046
0.98807573
1.0
0.9999999
0.99993455
1.0
0.9999995
1.0
0.6723304
1.0
1.0
0.99999976
1.0
1.0
1.0
1.0
1.0
1.0
1.0
1.0
0.999972
1.0
0.9999994
1.0
1.0
0.99999976
0.9999999
1.0
1.0
1.0
1.0
1.0
1.0
1.0
1.0
1.0
1.0
1.0
1.0
1.0
1.0
1.0
1.0
1.0
1.0
1.0
1.0
1.0
1.0
1.0
1.0
1.0
1.0
1.0
1.0
1.0
1.0
1.0
1.0
0.9999999
1.0
1.0
1.0
1.0
1.0
0.999997
1.0
1.0
1.0
1.0
1.0
1.0
1.0
1.0
1.0
1.0
1.0
1.0
1.0
1.0
1.0
1.0
1.0
1.0
1.0
1.0
1.0
1.0
0.9999988
1.0
1.0
1.0
1.0
1.0
1.0
1.0
0.9999999
1.0
0.99999976
1.0
1.0
1.0
1.0
1.0
1.0
1.0
1.0
1.0
1.0
1.0
1.0
1.0
0.9999999
1.0
1.0
1.0
1.0
1.0
1.0
1.0
1.0
1.0
1.0
1.0
1.0
1.0
0.9999989
1.0
1.0
1.0
1.0
1.0
1.0
1.0
0.99999774
1.0
1.0
0.99999976
1.0
1.0
1.0
1.0
1.0
1.0
1.0
1.0
1.0
1.0
1.0
1.0
1.0
1.0
1.0
1.0
1.0
1.0
1.0
1.0
1.0
1.0
1.0
1.0
1.0
1.0
1.0
1.0
1.0
1.0
1.0
1.0
1.0
1.0
1.0
1.0
1.0
1.0
1.0
1.0
1.0
0.9999999
1.0
0.9999999
1.0
1.0
1.0
1.0
1.0
1.0
1.0
1.0
1.0
1.0
1.0
1.0
1.0
1.0
1.0
1.0
1.0
0.9999999
1.0
1.0
1.0
1.0
1.0
1.0
1.0
1.0
1.0
1.0
1.0
1.0
1.0
1.0
1.0
1.0
1.0
0.9999945
1.0
0.9999846
1.0
1.0
1.0
0.9999988
1.0
1.0
1.0
1.0
1.0
1.0
1.0
1.0
1.0
1.0
1.0
1.0
1.0
1.0
1.0
1.0
1.0
1.0
1.0
1.0
1.0
1.0
0.9999999
1.0
1.0
1.0
1.0
1.0
1.0
1.0
1.0
1.0
1.0
1.0
1.0
1.0
1.0
1.0
1.0
1.0
1.0
1.0
0.9999999
1.0
1.0
0.9999995
1.0
1.0
1.0
1.0
1.0
1.0
1.0
1.0
1.0
1.0
1.0
1.0
1.0
1.0
1.0
1.0
1.0
1.0
1.0
1.0
1.0
1.0
1.0
1.0
1.0
1.0
0.99999964
1.0
1.0
1.0
0.9999994
1.0
1.0
1.0
1.0
1.0
1.0
1.0
1.0
1.0
1.0
1.0
1.0
1.0
0.9999995
1.0
1.0
1.0
1.0
1.0
1.0
1.0
1.0
1.0
1.0
1.0
1.0
1.0
0.99999976
1.0
1.0
1.0
1.0
1.0
1.0
1.0
1.0
1.0
1.0
1.0
1.0
1.0
1.0
1.0
1.0
1.0
1.0
1.0
1.0
1.0
1.0
1.0
1.0
1.0
1.0
1.0
1.0
1.0
1.0
1.0
1.0
1.0
1.0
0.99999845
1.0
1.0
1.0
1.0
0.99999523
1.0
0.99999726
1.0
1.0
1.0
1.0
1.0
1.0
1.0
1.0
1.0
1.0
1.0
1.0
1.0
1.0
0.9999993
1.0
0.9999999
1.0
1.0
1.0
1.0
1.0
1.0
0.99999964
1.0
1.0
1.0
1.0
1.0
1.0
1.0
1.0
1.0
0.9999999
1.0
1.0
0.9999999
1.0
1.0
1.0
0.99999976
0.9999912
1.0
1.0
1.0
1.0
1.0
1.0
1.0
1.0
1.0
1.0
1.0
1.0
1.0
1.0
1.0
1.0
1.0
1.0
1.0
1.0
0.99999714
1.0
1.0
1.0
0.99999976
1.0
1.0
1.0
1.0
1.0
1.0
1.0
1.0
1.0
1.0
1.0
1.0
1.0
1.0
0.99999976
1.0
1.0
0.9999987
1.0
1.0
1.0
1.0
0.9999995
0.999998
1.0
1.0
1.0
0.9999999
1.0
0.9999999
1.0
1.0
1.0
1.0
1.0
1.0
1.0
1.0
0.99999905
1.0
1.0
0.9999982
1.0
1.0
1.0
0.9999999
0.99999976
0.99999976
0.99999774
0.9999999
1.0
1.0
0.99672073
0.9999926
1.0
0.99996376
1.0
0.9999995
0.9992316
0.9998541
0.9999815
0.9999989
0.99633104
1.0
1.0
1.0
1.0
0.9553271
0.9997657
1.0
1.0
0.99999785
1.0
1.0
1.0
1.0
1.0
1.0
1.0
0.999974
1.0
0.9999976
0.99999654
1.0
1.0
1.0
0.9999999
0.9999975
0.9999988
0.9999988
1.0
1.0
0.9999995
1.0
0.99999976
1.0
1.0
1.0
1.0
1.0
0.99999344
1.0
1.0
1.0
1.0
0.99999976
1.0
1.0
1.0
1.0
1.0
1.0
0.9999999
1.0
0.99821126
1.0
1.0
1.0
1.0
1.0
1.0
1.0
1.0
1.0
1.0
1.0
1.0
1.0
1.0
1.0
1.0
1.0
1.0
1.0
1.0
1.0
1.0
1.0
1.0
1.0
1.0
1.0
1.0
1.0
1.0
1.0
1.0
1.0
1.0
1.0
1.0
1.0
1.0
0.99999964
1.0
0.99999857
1.0
1.0
1.0
1.0
1.0
1.0
1.0
1.0
1.0
1.0
0.9999995
1.0
1.0
1.0
1.0
1.0
1.0
1.0
1.0
1.0
1.0
1.0
1.0
1.0
1.0
1.0
1.0
1.0
0.9999993
1.0
1.0
1.0
1.0
1.0
1.0
1.0
1.0
1.0
1.0
1.0
1.0
1.0
1.0
1.0
1.0
0.99970645
1.0
1.0
1.0
1.0
0.9999999
1.0
1.0
1.0
1.0
1.0
1.0
0.99999976
1.0
1.0
1.0
1.0
1.0
1.0
1.0
1.0
1.0
0.99999976
1.0
1.0
1.0
1.0
1.0
0.9999974
1.0
1.0
1.0
1.0
1.0
1.0
1.0
1.0
1.0
1.0
1.0
1.0
1.0
0.9999995
1.0
1.0
1.0
0.9999989
1.0
1.0
1.0
0.99999964
1.0
1.0
1.0
0.99999976
1.0
0.9999999
1.0
1.0
1.0
1.0
1.0
1.0
1.0
0.99999905
1.0
1.0
0.9999989
1.0
1.0
1.0
1.0
1.0
1.0
1.0
0.9999989
1.0
1.0
1.0
1.0
1.0
1.0
1.0
0.99999917
1.0
1.0
1.0
0.9999976
1.0
1.0
0.9999988
1.0
1.0
1.0
0.9999856
0.99999046
1.0
1.0
1.0
0.99999905
0.9999995
0.99999785
1.0
1.0
1.0
1.0
1.0
1.0
1.0
1.0
0.9999999
1.0
1.0
1.0
1.0
1.0
1.0
1.0
1.0
1.0
1.0
1.0
0.9999956
1.0
1.0
1.0
1.0
1.0
1.0
1.0
1.0
1.0
0.9999999
1.0
1.0
1.0
1.0
1.0
0.99999917
1.0
1.0
1.0
1.0
1.0
0.9999993
1.0
1.0
1.0
1.0
1.0
0.9999999
1.0
1.0
1.0
1.0
1.0
1.0
1.0
1.0
1.0
1.0
1.0
1.0
1.0
1.0
1.0
1.0
1.0
1.0
1.0
1.0
1.0
1.0
0.99998164
1.0
1.0
1.0
1.0
1.0
1.0
1.0
1.0
1.0
1.0
0.9982438
1.0
1.0
1.0
0.99999225
1.0
1.0
1.0
1.0
1.0
1.0
1.0
1.0
1.0
1.0
1.0
1.0
1.0
1.0
1.0
1.0
1.0
1.0
1.0
1.0
1.0
1.0
1.0
1.0
1.0
1.0
1.0
0.99999976
0.9999999
1.0
0.9999968
1.0
1.0
1.0
1.0
0.9999902
1.0
1.0
1.0
1.0
1.0
1.0
1.0
1.0
1.0
0.99999833
1.0
1.0
1.0
1.0
1.0
1.0
1.0
1.0
1.0
1.0
1.0
1.0
1.0
1.0
1.0
1.0
1.0
1.0
0.9999999
1.0
0.9999994
1.0
1.0
1.0
1.0
1.0
1.0
1.0
0.9855488
0.9999999
0.99999964
1.0
0.9989207
0.9999993
1.0
1.0
1.0
1.0
1.0
1.0
1.0
1.0
1.0
1.0
1.0
1.0
1.0
1.0
1.0
1.0
1.0
1.0
1.0
0.9993666
1.0
0.99999976
1.0
1.0
0.9999999
1.0
1.0
1.0
1.0
0.99998176
1.0
0.9999999
1.0
1.0
1.0
1.0
0.9999882
1.0
1.0
1.0
1.0
1.0
0.99999785
1.0
1.0
1.0
1.0
1.0
1.0
1.0
0.9999988
1.0
1.0
1.0
1.0
1.0
1.0
1.0
1.0
0.9999999
1.0
0.99999785
1.0
0.99999964
0.99999714
0.99997663
1.0
0.9999976
0.999995
1.0
0.9999995
1.0
1.0
0.99997926
1.0
1.0
1.0
1.0
0.999566
1.0
1.0
0.99999666
1.0
0.9999993
1.0
0.99999285
1.0
1.0
0.9999999
1.0
0.9999764
1.0
1.0
1.0
1.0
0.9999995
0.99999964
1.0
1.0
0.99999964
0.9999864
1.0
1.0
0.7840858
1.0
1.0
1.0
0.9999918
0.9999974
0.99999917
1.0
0.9998062
0.9999981
0.9961993
0.9999995
1.0
1.0
1.0
1.0
0.9999378
1.0
1.0
1.0
0.99999976
1.0
1.0
1.0
0.9999999
1.0
0.9999999
1.0
1.0
1.0
0.9999999
1.0
0.99999976
1.0
1.0
1.0
0.9999999
0.9999999
1.0
1.0
1.0
0.99999845
1.0
1.0
1.0
1.0
0.9999974
1.0
1.0
1.0
1.0
1.0
1.0
1.0
1.0
1.0
1.0
0.9994677
0.99999964
1.0
1.0
1.0
1.0
1.0
0.99998784
0.99999976
0.9999999
1.0
1.0
0.9999912
1.0
1.0
1.0
1.0
1.0
1.0
1.0
0.99997497
0.99999964
1.0
1.0
1.0
0.9999269
0.9998186
1.0
0.99999917
1.0
0.99987936
0.99999964
1.0
0.9917495
1.0
0.99999475
0.99999857
1.0
0.9987109
0.9999999
0.98918307
0.99999654
1.0
1.0
1.0
1.0
1.0
0.98581403
1.0
0.97166
0.9995427
0.98985124
1.0
0.99999976
0.99999535
0.7967323
0.9998983
0.9999989
0.99998987
1.0
1.0
1.0
0.9999962
0.9999995
0.9999993
0.9999368
0.9999367
1.0
0.9999976
1.0
0.9999999
0.99998987
1.0
0.9999999
0.99993825
1.0
0.9999988
0.99889296
0.9999982
1.0
1.0
1.0
0.9989121
1.0
1.0
0.9999882
1.0
1.0
1.0
0.9999999
0.9999994
0.9999999
0.44949847
1.0
1.0
1.0
0.99999857
0.9999999
1.0
0.9999871
0.9999887
1.0
1.0
1.0
1.0
0.91317457
0.9999634
0.9999852
1.0
0.9999999
1.0
0.9942871
0.99999833
0.9998728
0.99999976
1.0
0.9999995
1.0
1.0
1.0
1.0
1.0
1.0
1.0
1.0
0.9999999
1.0
0.9990175
1.0
0.99974173
1.0
1.0
0.9999999
0.9999994
0.99999905
1.0
1.0
1.0
0.9999999
0.9996393
1.0
1.0
0.9999999
0.99999976
0.999931
1.0
0.9999862
1.0
0.9999833
1.0
1.0
1.0
1.0
0.99999046
0.9999974
1.0
1.0
1.0
0.9999999
1.0
1.0
1.0
0.9991697
0.9999938
0.99977976
0.9999987
0.99999964
0.99993336
0.9999951
1.0
1.0
0.9999999
1.0
1.0
1.0
0.9967073
1.0
0.9999999
0.99999964
1.0
1.0
0.9995766
1.0
0.99722713
0.99999964
1.0
1.0
0.99999976
1.0
1.0
0.9999722
1.0
0.9999459
1.0
0.9999969
0.9999645
1.0
1.0
1.0
1.0
1.0
0.9999975
1.0
1.0
1.0
0.5987969
0.99998903
1.0
0.9999989
0.9999999
1.0
1.0
0.99999964
0.9999881
1.0
1.0
0.9999999
1.0
1.0
0.9999999
1.0
0.9999994
1.0
1.0
0.97270614
1.0
1.0
1.0
1.0
0.999997
1.0
1.0
0.9999999
0.9999976
1.0
1.0
1.0
1.0
1.0
1.0
1.0
0.9999957
0.99999785
1.0
0.99981755
0.99999917
1.0
1.0
1.0
1.0
0.99999917
1.0
0.8735925
0.9999747
0.9999924
1.0
1.0
1.0
1.0
1.0
0.99905306
1.0
0.999998
0.8749638
1.0
1.0
1.0
1.0
0.9999175
0.99998784
1.0
0.9999769
1.0
1.0
1.0
0.99999964
1.0
0.9999994
1.0
1.0
0.9999832
1.0
1.0
0.9999994
1.0
1.0
1.0
0.99981135
1.0
1.0
1.0
1.0
0.9997609
0.9999999
1.0
0.9999999
0.99707246
0.9999937
1.0
1.0
1.0
0.99848586
1.0
0.99999917
0.9999864
1.0
0.9999356
0.99999976
1.0
1.0
1.0
1.0
0.9999999
1.0
1.0
0.99999845
0.99999785
0.9986777
0.9998312
0.99990237
1.0
1.0
0.9999999
1.0
1.0
0.9999994
0.99999714
1.0
1.0
0.99998736
1.0
1.0
0.9999999
1.0
1.0
0.9979978
0.9999999
1.0
1.0
1.0
1.0
1.0
0.9999994
1.0
1.0
1.0
1.0
1.0
0.9999949
1.0
0.9999988
1.0
1.0
0.99999964
0.9999491
1.0
1.0
1.0
1.0
1.0
1.0
1.0
1.0
1.0
1.0
1.0
1.0
0.9999999
0.99999976
0.9999999
1.0
1.0
1.0
1.0
1.0
1.0
1.0
1.0
0.9999999
1.0
1.0
1.0
0.9999999
0.9999751
0.99999785
1.0
1.0
1.0
0.9999994
1.0
1.0
0.9999995
1.0
0.99997795
0.9999999
0.61300385
1.0
1.0
1.0
1.0
1.0
1.0
1.0
1.0
1.0
1.0
0.9999989
1.0
1.0
1.0
1.0
1.0
1.0
