1.0
1.0
1.0
0.9999989
1.0
0.9999999
0.9999299
0.99999976
0.9916741
0.9999876
1.0
0.99999905
0.9999907
1.0
1.0
0.999997
0.99999356
1.0
0.99328434
1.0
0.99998903
0.99999857
1.0
1.0
1.0
0.99999845
0.9999999
1.0
0.99999833
0.99999976
1.0
0.99999976
1.0
0.9999758
0.9999999
1.0
1.0
1.0
0.9999926
0.99999917
1.0
0.9999536
0.9999049
0.99999285
0.99943906
0.9999999
0.99998677
1.0
0.99999547
1.0
0.999997
1.0
1.0
1.0
1.0
1.0
1.0
1.0
0.9999995
0.99996257
1.0
1.0
0.9977253
0.99998796
1.0
0.99999976
0.99999976
0.9999989
1.0
1.0
1.0
1.0
1.0
0.99817777
1.0
1.0
1.0
1.0
0.9969663
0.99999595
0.9999943
0.9999999
1.0
1.0
1.0
1.0
0.9999993
0.99999475
1.0
0.9999982
1.0
1.0
0.96476835
0.99988973
0.9999995
0.9958407
0.9999231
0.99999166
1.0
1.0
1.0
1.0
0.9999999
1.0
0.99999535
1.0
1.0
0.99997914
0.9999944
1.0
1.0
0.9998448
1.0
1.0
1.0
0.9554171
0.99999845
1.0
0.99999905
0.99925905
0.99999845
0.999833
1.0
1.0
0.99977213
0.99982613
0.99999857
0.99999976
1.0
1.0
1.0
1.0
0.9999882
1.0
1.0
1.0
1.0
0.99999917
1.0
0.99981266
1.0
1.0
1.0
1.0
0.9999999
1.0
1.0
1.0
1.0
0.99097264
0.99999905
0.8610792
1.0
1.0
0.9999999
1.0
1.0
1.0
0.999933
1.0
0.9561129
1.0
1.0
1.0
1.0
0.9999999
1.0
0.9999188
1.0
1.0
1.0
0.9997886
0.9999974
0.99999964
1.0
0.9997793
1.0
0.99999976
1.0
0.99999976
0.99999976
1.0
0.9999995
1.0
0.9998319
0.99996185
1.0
1.0
1.0
0.99999857
0.9999701
0.9999815
0.99999654
0.9962954
1.0
0.99976987
0.99999964
1.0
0.9999995
0.996986
1.0
1.0
1.0
1.0
0.99999976
1.0
0.9999213
0.99998903
1.0
0.99763334
1.0
0.95753926
0.9999993
1.0
0.9999862
0.9999995
1.0
0.9998098
1.0
0.9999999
0.9999993
0.9998543
0.9999999
1.0
1.0
0.9999999
0.99998987
1.0
0.9999999
0.99999714
0.99999964
1.0
0.9999999
0.9999999
0.9999999
0.9999995
1.0
1.0
1.0
1.0
0.99999857
0.99982834
0.9999976
0.99999964
0.9999999
0.99999
1.0
0.7531387
0.99999607
0.99999976
0.99987626
0.99999845
1.0
1.0
1.0
0.9999856
0.99999726
0.9999987
0.9999994
0.85442334
1.0
0.9999995
1.0
0.9999999
0.9998499
1.0
0.99953425
1.0
1.0
1.0
1.0
0.9999999
0.9999999
0.9999629
0.99999976
0.9999987
1.0
1.0
1.0
1.0
0.99999905
1.0
0.99124324
1.0
0.99999976
1.0
0.9999896
0.99995387
0.9999999
0.9999993
0.9974573
0.9999777
0.99985766
1.0
1.0
1.0
1.0
0.9999995
0.9999968
1.0
0.9999999
0.99999905
1.0
1.0
1.0
1.0
1.0
1.0
0.9999013
1.0
1.0
0.9999994
0.9999999
0.9999765
1.0
1.0
0.99999714
0.9999175
0.9999988
1.0
0.9345049
0.5680151
0.9999969
1.0
0.99957126
0.9999976
0.9988092
1.0
0.99999976
1.0
1.0
1.0
1.0
0.9999883
1.0
1.0
0.99860066
0.9999298
0.9999999
0.99998176
0.68184847
0.99999166
1.0
1.0
0.9999999
1.0
0.99999976
0.99999785
1.0
0.999998
0.99999917
1.0
0.99999964
0.99999905
0.9999999
0.99999976
0.9999999
0.9999999
0.9940958
0.94415784
0.99999964
1.0
0.999859
0.9999999
1.0
1.0
0.9990996
1.0
0.9997929
1.0
1.0
1.0
1.0
1.0
1.0
1.0
0.99999297
0.99999964
1.0
1.0
0.99999976
0.996833
1.0
1.0
1.0
1.0
0.9999863
1.0
0.9999999
0.99996555
1.0
0.9999536
1.0
0.9999995
0.9999964
0.9999938
1.0
0.99999034
1.0
0.99999964
0.9999976
1.0
1.0
0.9999999
0.99993646
0.99999964
0.9999925
0.9999999
0.99999976
0.99999976
1.0
0.9996526
0.9982874
0.99999976
0.99999785
0.9999838
1.0
0.9861714
1.0
1.0
0.9999949
1.0
0.9999963
1.0
1.0
1.0
1.0
1.0
1.0
1.0
1.0
0.9999995
0.9997335
1.0
1.0
0.9999914
1.0
1.0
0.9999988
0.99999857
1.0
0.99999917
0.99999976
0.9999999
0.9981072
0.9652856
0.9999839
0.92514575
0.98505396
0.54973805
0.9993191
1.0
0.9999993
1.0
0.99999964
1.0
0.999967
0.99997425
1.0
1.0
0.99981457
0.9999999
0.99997056
1.0
0.99990296
0.9999994
1.0
1.0
0.999987
0.99998116
1.0
0.9999968
1.0
1.0
1.0
0.9999999
1.0
1.0
0.999212
0.99820554
1.0
1.0
1.0
1.0
1.0
1.0
1.0
0.99999964
0.9999795
1.0
0.999795
0.9999976
0.99998856
1.0
1.0
0.9799769
1.0
0.9875003
0.99999523
1.0
1.0
0.99999976
0.9999988
1.0
0.9999995
0.9999999
1.0
0.9999963
0.999998
0.9999999
1.0
0.99953794
1.0
1.0
1.0
0.99999714
1.0
1.0
1.0
0.99999845
1.0
0.99999917
1.0
0.99999297
0.99999976
0.9999999
1.0
0.99999976
0.9999924
1.0
0.9999896
0.99999976
0.9999969
1.0
1.0
1.0
0.99999976
1.0
1.0
1.0
0.9999969
0.9999999
0.99999917
0.9826539
0.9999999
0.99999845
1.0
0.9999982
0.9999994
1.0
1.0
0.99742365
0.9982332
1.0
1.0
1.0
0.9999999
0.9994993
0.9999969
0.9999796
1.0
0.99999857
1.0
1.0
1.0
1.0
1.0
1.0
0.99999595
0.9999987
1.0
0.99853396
0.99999976
1.0
1.0
0.9999993
1.0
1.0
0.9999999
1.0
0.9999852
1.0
0.5724637
0.9061342
0.99999976
1.0
1.0
0.9999962
0.9999989
1.0
1.0
0.9871247
1.0
0.99912006
0.9999994
0.9999999
1.0
0.99995756
0.9999963
0.9999988
1.0
1.0
1.0
0.99999976
1.0
0.999998
1.0
1.0
1.0
1.0
0.9999987
0.9999969
1.0
0.99382967
1.0
0.99993956
0.9999999
0.9999999
0.99996495
0.95613897
0.9999999
1.0
1.0
0.9999999
0.99993896
0.99909496
1.0
1.0
0.9999989
0.9999989
1.0
0.99999917
1.0
1.0
1.0
0.9996321
1.0
0.99999905
1.0
0.999987
0.9999981
1.0
0.9998634
1.0
1.0
0.99636745
0.9726713
1.0
1.0
1.0
0.9999981
0.9999995
1.0
1.0
0.9999995
0.99997616
1.0
1.0
0.9997931
0.8245801
1.0
0.99995816
1.0
1.0
1.0
1.0
0.9999969
0.99999547
1.0
1.0
0.99999714
0.999995
1.0
0.9998963
0.9821792
1.0
0.9999994
0.9999989
0.9999982
0.9999975
1.0
0.99999976
1.0
0.9999993
0.9828383
0.9999987
1.0
1.0
0.9999987
0.99887127
1.0
0.9990903
1.0
0.9999994
0.9999937
1.0
0.9999999
1.0
0.9999902
0.99999905
0.99999404
1.0
0.9999999
1.0
1.0
1.0
1.0
0.99999225
1.0
1.0
0.9999999
0.9999994
0.9999944
1.0
1.0
0.9999794
0.9369131
0.82104903
0.9999999
1.0
0.9980185
1.0
1.0
0.9999801
1.0
1.0
0.9991737
1.0
0.9999825
0.99999845
0.9999974
1.0
0.99999976
1.0
1.0
1.0
0.9999393
0.99992514
0.9755824
0.99998975
0.97667897
0.99999607
1.0
0.99999595
1.0
0.99999964
0.999907
1.0
0.9999993
1.0
1.0
0.9999999
1.0
1.0
1.0
1.0
1.0
1.0
0.9999999
0.99998724
0.99955815
0.99994135
0.99998367
1.0
1.0
1.0
0.99999917
0.9999999
1.0
0.9999968
1.0
0.99999595
0.99999964
1.0
0.99999905
1.0
1.0
1.0
0.99999964
1.0
0.99987304
0.9999404
0.9999999
1.0
0.9999999
0.99990594
0.997673
1.0
1.0
0.99549687
0.9999924
0.9999156
1.0
1.0
1.0
0.9999994
1.0
0.99994886
1.0
1.0
0.9999949
0.9999995
1.0
1.0
0.99999726
1.0
1.0
1.0
1.0
1.0
0.9999918
1.0
1.0
0.7486601
0.9999999
0.99999976
0.9999739
0.99994934
0.99999976
1.0
1.0
1.0
1.0
0.9999516
1.0
1.0
0.9999999
1.0
0.9999999
0.9989354
0.99999976
0.99999964
1.0
0.9999461
0.99999154
0.9999999
1.0
0.9999999
1.0
0.9981869
0.9999976
1.0
0.9999932
1.0
0.99973243
0.9999982
0.999622
1.0
1.0
1.0
1.0
1.0
1.0
1.0
1.0
1.0
0.9999989
0.9998896
1.0
0.9999944
1.0
1.0
1.0
0.9999999
1.0
1.0
0.9975243
1.0
1.0
1.0
0.99998856
1.0
0.9999995
0.9999999
0.9998233
0.99999154
1.0
0.99995196
0.99999106
1.0
0.9999994
0.9984194
0.652134
0.6892298
1.0
0.99998593
0.99999964
1.0
0.99998367
0.9999999
1.0
1.0
1.0
1.0
1.0
0.9418055
0.9999863
0.9999999
0.99999225
1.0
0.9963581
0.99999964
0.99842155
0.99919504
1.0
1.0
0.9999931
1.0
1.0
0.99998415
1.0
1.0
1.0
0.9999999
1.0
0.9999969
0.99979466
1.0
1.0
0.9999999
1.0
1.0
0.9999987
1.0
0.9692991
1.0
0.9999714
1.0
0.9999995
1.0
0.9999981
1.0
0.99999297
1.0
0.99999964
0.99999905
0.99634486
1.0
0.9980964
0.99574053
0.99988973
1.0
0.99999917
0.9999989
0.99999857
1.0
0.9999924
0.8835992
1.0
0.9999982
0.99980694
0.9999496
0.99999964
1.0
0.9999999
0.9999225
0.84185874
1.0
0.98731494
1.0
0.9999999
1.0
0.99980325
1.0
1.0
0.7394784
0.9999838
1.0
0.9999999
0.99999523
1.0
1.0
1.0
1.0
1.0
1.0
0.99999726
0.9999999
0.9999999
0.9999974
1.0
0.9999995
0.999946
1.0
1.0
0.9999995
0.9999995
1.0
1.0
1.0
1.0
1.0
0.9999925
0.999998
0.9999708
0.9999912
1.0
1.0
0.9999994
0.9999995
0.9999995
0.9999999
0.9999621
0.99999976
0.99999833
1.0
0.9999379
0.9999993
0.9999993
1.0
0.99999917
0.99999976
0.99999857
1.0
0.9999993
0.99999976
1.0
0.99999917
1.0
0.99999964
1.0
0.99999964
0.9977596
1.0
0.9999461
1.0
0.9999993
1.0
0.99999976
1.0
0.9999994
0.999998
0.9994867
0.98716795
0.9999989
0.9999999
1.0
1.0
1.0
0.60999507
1.0
1.0
0.99999905
0.9999999
0.9998903
0.73321104
1.0
1.0
1.0
1.0
0.9999192
0.99998224
0.99999964
1.0
1.0
0.9999964
0.99999607
0.9999999
0.9999988
0.99999785
0.99999905
0.9999995
0.9938513
0.9999999
1.0
0.9999999
0.99999833
1.0
0.99999857
0.9999927
1.0
0.9999999
0.9999865
1.0
1.0
1.0
1.0
0.9999999
0.9999999
1.0
1.0
0.9993247
0.9999933
1.0
1.0
1.0
0.9999995
1.0
0.99999917
0.9999949
0.9999831
1.0
1.0
1.0
0.99999976
0.9999999
0.9999999
1.0
0.9999999
1.0
0.9999999
0.99792504
1.0
0.99999976
1.0
0.99999964
1.0
0.99577457
0.99999964
1.0
1.0
0.9999999
0.60518175
1.0
0.9258643
1.0
1.0
0.9999995
0.9999939
0.9999776
1.0
0.9999354
0.99999976
1.0
0.99999964
1.0
0.99999964
1.0
0.9915331
0.99999976
0.9999919
0.99999976
1.0
0.9999814
1.0
1.0
0.99999917
1.0
0.99999225
1.0
1.0
0.9999993
1.0
0.9999888
1.0
0.9999876
0.9999925
0.9998622
0.99999964
0.9999989
0.99999344
0.9999999
0.99999833
0.9999511
0.99999976
1.0
0.9999989
0.9999963
1.0
1.0
1.0
0.99996746
1.0
1.0
0.9999732
0.9999999
0.99987924
1.0
1.0
0.9999299
1.0
0.9999999
1.0
0.9998148
1.0
1.0
0.9999957
1.0
0.99991
1.0
0.9999999
0.9967308
0.8523307
0.9999995
0.9999987
1.0
1.0
0.99999416
1.0
1.0
1.0
0.997563
0.99651504
1.0
0.9999714
0.9999981
0.9999999
0.99999964
0.9999999
0.9999994
1.0
1.0
0.9991009
1.0
0.9987453
1.0
0.99758863
1.0
0.9999994
0.9999522
1.0
0.9999974
0.9998362
1.0
0.999997
0.9999999
0.9993961
0.99996626
1.0
0.9999999
1.0
0.9999994
1.0
0.99997973
0.9999436
1.0
0.8544214
1.0
0.9997594
1.0
0.9999999
0.9999968
0.8925516
0.99999833
0.99999976
0.99999964
1.0
0.99999964
1.0
0.9999924
1.0
0.9999958
0.9344278
0.9999857
0.999746
1.0
0.9999999
0.93936676
0.9998005
1.0
0.9999995
0.9999981
0.9999982
0.9999938
1.0
1.0
0.999658
1.0
0.99998987
0.9999994
0.7166245
1.0
0.99999905
0.99495184
0.9999628
1.0
0.999998
1.0
1.0
1.0
0.99999845
1.0
0.999967
0.9987521
0.9999913
1.0
1.0
0.99999976
1.0
0.9986259
1.0
0.99998546
0.9959395
1.0
1.0
0.99999964
0.9999999
0.99999976
0.9999932
0.9992975
0.9995782
0.9999999
0.9998435
1.0
1.0
1.0
0.99995565
1.0
1.0
0.9776588
1.0
0.99992025
0.99999917
0.99999833
1.0
0.9999999
1.0
0.99999845
1.0
1.0
0.99999857
1.0
1.0
1.0
1.0
0.9999963
1.0
1.0
0.9999962
0.9393522
1.0
1.0
1.0
1.0
1.0
0.9999999
0.9604553
1.0
0.9991436
1.0
0.9990953
0.99941134
1.0
1.0
0.99998546
0.999992
0.9999987
0.9732729
0.99999976
0.99977237
1.0
1.0
1.0
0.9999999
0.9999379
0.9999999
1.0
0.99995947
0.999998
0.9999869
1.0
1.0
0.9999999
1.0
1.0
0.99999464
0.99994063
0.99999464
1.0
1.0
1.0
1.0
1.0
1.0
0.9908235
0.9999918
0.99999964
1.0
1.0
1.0
1.0
1.0
0.99999905
1.0
1.0
0.9999993
1.0
0.9999219
0.9996402
1.0
1.0
1.0
1.0
0.9999994
0.99999976
0.9989538
0.99999857
1.0
0.99999976
1.0
1.0
0.9997063
1.0
0.9057698
0.99746156
0.99984086
1.0
0.9999771
0.99999726
1.0
0.99998343
0.9999999
0.9999131
0.99316907
0.99993944
0.99999964
1.0
0.9999999
0.9999976
0.99999976
1.0
0.99986863
1.0
0.99998236
0.65896636
0.97902167
1.0
0.9999957
1.0
0.9999999
1.0
1.0
0.9999988
0.999574
0.99999976
0.9998634
1.0
0.99998546
0.99999666
0.99977547
1.0
0.9999999
1.0
0.99992967
0.99999976
0.99720436
0.99997973
0.9999988
0.98592573
0.99996805
0.99994457
0.9999294
1.0
1.0
0.99928844
0.9999999
0.99999905
0.9997273
1.0
1.0
1.0
1.0
1.0
0.9992091
0.99999464
1.0
0.99999917
1.0
0.9999937
0.9822275
1.0
1.0
0.9999999
0.9999993
0.99998
0.99996936
0.9999987
0.9999974
0.99999905
0.99998474
1.0
0.9999999
1.0
0.9999999
1.0
0.99998
0.9999988
1.0
1.0
1.0
1.0
1.0
0.99956745
1.0
1.0
1.0
1.0
1.0
0.99994004
1.0
0.9999999
0.99999976
0.99998593
1.0
0.9999993
0.99999964
0.9999893
0.9999999
1.0
0.9999995
0.99020547
0.99999976
0.9999708
1.0
1.0
0.99999106
1.0
0.9999987
0.99211943
0.999816
0.9999851
0.9999896
0.9999999
1.0
0.99996686
0.99999964
0.999355
1.0
0.999998
1.0
0.9995875
1.0
0.98879695
0.99997103
0.9999999
1.0
1.0
0.9476179
1.0
1.0
0.9808311
0.9999944
0.99999905
0.9999994
0.9999974
0.99999845
0.9999995
0.99999905
1.0
1.0
1.0
1.0
1.0
0.99999523
1.0
0.9999999
0.99999976
0.9999776
0.9999995
0.9914362
1.0
0.9986247
1.0
0.85024875
0.9750529
1.0
1.0
1.0
0.9998915
0.99722373
1.0
1.0
0.99998283
0.99999845
1.0
1.0
0.99999857
1.0
1.0
0.99994063
0.99953866
1.0
1.0
1.0
1.0
1.0
0.99999714
1.0
1.0
0.9999683
1.0
0.9964187
1.0
0.9999993
0.9999993
1.0
0.99999976
0.9999747
1.0
0.9999999
0.9999795
0.9999999
0.99996316
1.0
0.9999993
0.9999845
1.0
0.9999819
1.0
1.0
0.9999912
0.99999976
0.9999989
1.0
1.0
1.0
0.99999964
0.99949193
1.0
0.9999577
1.0
0.9836431
1.0
0.9999999
0.9999455
1.0
0.99999976
0.9999958
0.9997557
1.0
0.9999647
0.8819408
1.0
1.0
0.9999999
1.0
0.99996424
0.9999975
1.0
1.0
1.0
0.99998844
0.99999976
1.0
0.9988427
1.0
1.0
0.9998895
0.9999869
1.0
0.99999857
0.82963663
1.0
1.0
0.9999999
1.0
1.0
1.0
0.99999857
0.9999492
0.9999999
1.0
1.0
1.0
0.8529917
1.0
1.0
1.0
1.0
1.0
0.9999988
1.0
1.0
1.0
1.0
1.0
1.0
0.9999883
1.0
1.0
0.9999964
0.99996793
0.9999968
0.9995147
0.99999917
1.0
0.99933237
1.0
0.9958967
1.0
1.0
0.5750526
0.999928
1.0
1.0
0.9999999
0.9802526
0.9999993
0.9999989
0.99999666
1.0
0.99987555
1.0
1.0
0.9999987
0.99983966
0.9997094
0.99999917
1.0
1.0
1.0
0.9999435
0.9999963
1.0
1.0
0.9999999
0.99999833
0.999995
1.0
0.6918633
0.9999994
0.9999939
0.99999976
1.0
0.9999993
1.0
0.99946016
0.7545659
0.9999577
1.0
1.0
0.99719054
0.87665534
0.9999999
1.0
0.9999958
1.0
0.999997
0.99999774
0.9999913
0.99997544
1.0
0.9999651
1.0
1.0
1.0
1.0
0.92959285
1.0
0.9999968
1.0
0.99999917
1.0
0.9999995
1.0
1.0
1.0
0.9999945
0.9996536
1.0
1.0
0.9992281
1.0
1.0
0.9916692
0.9999732
1.0
0.99999654
1.0
0.9999999
0.99999607
0.99999845
0.9999982
1.0
0.9999999
1.0
1.0
0.9999999
1.0
0.99999917
1.0
0.9999937
0.9998491
0.9999602
0.999688
1.0
0.9999999
1.0
1.0
1.0
1.0
0.99998856
0.99999833
0.999997
1.0
0.9988637
1.0
1.0
0.9999995
1.0
0.6290036
1.0
1.0
0.99999976
0.9999999
1.0
0.99999976
0.99999976
0.99999654
1.0
0.9993631
0.9999826
0.9999988
1.0
1.0
1.0
0.99999976
1.0
0.9938074
0.9916082
1.0
0.9999901
1.0
0.9999995
0.9999994
1.0
0.99999976
1.0
0.9999864
0.99998534
1.0
1.0
0.9817016
0.9999999
1.0
0.99999654
0.99999917
1.0
0.9968976
0.9999981
1.0
0.999998
1.0
0.99998176
0.99999964
1.0
0.9999995
1.0
0.9997892
0.99993265
1.0
1.0
0.9999994
0.99991286
0.9999738
1.0
1.0
0.99482465
1.0
0.99999976
0.99999464
0.9999857
0.999943
0.9999963
1.0
1.0
1.0
0.9999721
1.0
1.0
1.0
0.99999833
1.0
1.0
1.0
0.9997608
0.9999995
1.0
0.99929905
0.99999607
1.0
0.99890935
1.0
0.99999976
0.99999785
1.0
1.0
1.0
0.984522
0.99999976
0.99502903
0.9999999
0.9999995
0.9972172
0.99999905
0.99999714
1.0
1.0
0.99997723
1.0
1.0
1.0
1.0
0.9999999
0.9999616
0.9999999
0.99999976
1.0
0.9999988
0.99998033
0.99996114
0.8954678
1.0
0.6984041
0.99999976
1.0
0.9999999
1.0
0.99999976
0.99962723
0.99999917
0.9999579
1.0
0.9999918
1.0
0.99999976
0.9999999
0.9999993
0.9999987
1.0
1.0
1.0
1.0
1.0
0.9999975
1.0
0.999997
0.99999964
1.0
0.9999211
1.0
1.0
0.9999995
1.0
1.0
0.9999999
1.0
0.99999857
0.99976903
0.99999404
0.9999819
0.9997503
1.0
0.9999994
0.99995327
0.99999976
1.0
0.9999958
0.9999987
0.99947375
1.0
0.99999964
0.99995077
1.0
0.9999429
0.9997615
0.99466187
1.0
1.0
0.99999964
1.0
1.0
1.0
0.9999032
0.9999999
1.0
1.0
1.0
0.99990773
0.99983215
0.9999956
0.9999999
1.0
0.9999999
1.0
1.0
0.99999917
1.0
0.99999833
1.0
1.0
0.99999845
0.92875665
1.0
0.99996924
1.0
1.0
0.99567944
0.99991167
0.999984
0.9999943
1.0
0.9989298
0.9999752
0.9999733
0.99999905
0.99999917
1.0
0.99994695
0.99911565
0.9999987
0.99998856
1.0
1.0
0.9999466
1.0
0.99998116
1.0
1.0
0.99999595
1.0
1.0
1.0
1.0
0.9999989
1.0
0.997389
1.0
0.85107684
0.99999654
1.0
0.9999993
1.0
0.9999999
0.99313885
0.9991499
1.0
1.0
0.9999398
0.9999807
0.99999976
1.0
1.0
0.9999255
1.0
0.99277836
0.99999917
0.9999578
1.0
0.99999964
0.88704234
0.99999976
0.99999964
0.90537274
0.99998486
1.0
1.0
0.99999535
0.9998733
0.9999993
0.9999995
1.0
1.0
0.77789426
0.9999982
0.9999999
0.99999976
0.99999917
0.9989484
0.9999993
0.9999975
0.9999994
1.0
0.9994611
0.9999999
0.9999963
0.9999999
0.99995625
0.9999654
1.0
0.7818586
0.9999933
1.0
1.0
0.99996746
1.0
1.0
0.9999994
1.0
0.99999857
1.0
0.9999999
1.0
1.0
0.9991793
1.0
1.0
1.0
0.9999999
0.9999958
0.9988558
1.0
1.0
0.9237845
0.9999969
0.9999995
1.0
1.0
0.588478
0.99998105
0.9999999
0.99999475
1.0
1.0
0.99999917
0.9999677
0.9999989
0.99692553
1.0
0.9773094
1.0
1.0
1.0
0.9994161
0.9999999
0.99999964
0.9999435
1.0
0.50672674
1.0
1.0
1.0
0.99999964
0.99998367
1.0
0.99999285
1.0
0.9999999
1.0
0.6366988
0.9981438
0.99994147
1.0
0.99999976
1.0
0.6268704
0.99999905
1.0
0.99995446
1.0
1.0
1.0
1.0
0.99999964
0.9999995
0.9999999
1.0
0.99998534
0.99896026
0.9999999
0.99999785
1.0
1.0
0.9999995
1.0
0.9999995
1.0
0.9999939
0.99991286
1.0
0.99999917
0.9999596
0.9999633
1.0
1.0
1.0
0.9998673
0.9999999
0.9999981
0.99998856
1.0
1.0
1.0
1.0
0.9999666
1.0
1.0
1.0
1.0
0.99999845
0.9999999
0.9999999
0.7433241
0.99999547
0.99999964
0.99897754
0.91213816
1.0
0.9999758
0.6091338
1.0
1.0
1.0
0.99999774
0.9999999
0.99999964
1.0
0.9999989
0.9996124
1.0
0.9998944
1.0
1.0
1.0
0.9999995
1.0
1.0
1.0
0.9999962
0.99999917
1.0
1.0
0.9999746
1.0
1.0
0.9992613
0.9999994
1.0
0.99999607
0.9999999
0.99999917
0.99999845
0.9999957
1.0
0.9995608
0.99931145
0.9999999
1.0
0.9999999
1.0
1.0
1.0
0.9999721
1.0
0.9999739
0.9999858
1.0
0.9915269
1.0
1.0
1.0
1.0
0.999918
1.0
0.99999917
1.0
1.0
0.99999774
1.0
1.0
0.9999993
0.99999976
1.0
0.9999981
0.99999976
1.0
1.0
0.99999785
0.9999957
0.9999993
1.0
0.9999999
1.0
1.0
0.9999999
1.0
0.80698025
1.0
0.9995943
0.9999999
1.0
1.0
0.99885166
0.99999964
1.0
1.0
0.99997926
0.9999999
1.0
0.9999896
0.95071566
1.0
0.9999995
1.0
1.0
1.0
0.99999774
1.0
0.999995
1.0
1.0
0.9999999
0.9998473
0.71734047
1.0
1.0
0.9999558
1.0
0.99998105
0.99995935
0.99999964
1.0
0.99999905
1.0
1.0
1.0
0.9999999
0.9999999
0.9929825
1.0
1.0
1.0
1.0
1.0
0.9987808
1.0
0.99999964
1.0
0.9999652
1.0
0.999966
1.0
0.99999964
1.0
1.0
1.0
0.9999683
0.9999769
1.0
0.8286668
1.0
0.9999974
1.0
0.9999999
0.99999833
1.0
1.0
1.0
0.99997866
0.9999722
1.0
0.9999999
0.99999976
0.9837902
0.9999999
0.99999964
1.0
1.0
1.0
1.0
1.0
0.9999969
1.0
1.0
1.0
0.99999964
1.0
1.0
0.99989665
1.0
1.0
1.0
1.0
0.9999758
0.9999999
0.99999976
0.9999994
0.9999995
1.0
0.8789058
0.99999523
0.9993699
0.9999999
1.0
0.9999999
0.99999976
1.0
0.99940956
0.9999609
1.0
0.9912243
1.0
0.9999963
1.0
0.99999976
0.99999976
0.9994862
0.99762976
0.9999995
1.0
1.0
1.0
0.99999607
0.9999993
1.0
0.99995434
0.9999995
0.99999785
0.9998369
1.0
0.9999982
1.0
1.0
0.99999976
0.99999785
0.99999833
0.9310462
1.0
0.9998646
0.99999857
1.0
1.0
0.99999964
1.0
0.6971362
0.9997861
1.0
0.9998006
1.0
1.0
0.9999994
0.99999976
0.999616
0.9999999
1.0
0.9999931
0.9994281
1.0
0.9999999
0.9999988
1.0
1.0
1.0
0.99928015
0.9999665
1.0
1.0
0.9995208
0.999998
0.9999988
1.0
0.99996305
1.0
0.99999964
1.0
1.0
1.0
0.8554213
0.9966724
0.9999989
0.9999951
1.0
1.0
1.0
0.7575711
0.999894
0.99999976
0.9979024
1.0
0.99998677
0.99998593
1.0
0.7924359
0.99999845
0.9999933
1.0
1.0
1.0
0.9999999
0.99999857
1.0
1.0
0.9999982
0.99999964
0.9999951
1.0
0.99976605
0.99999034
0.99999785
1.0
0.99979657
0.9999958
0.9999975
1.0
0.99999964
1.0
1.0
1.0
0.8429845
0.99999785
0.99998593
1.0
1.0
1.0
0.9999999
0.9999999
0.99977225
0.9999976
1.0
1.0
1.0
1.0
1.0
1.0
0.9999995
1.0
0.99999917
0.99999976
0.99999774
1.0
0.9999999
0.9999999
0.99999106
0.99999607
0.7625825
0.9999902
0.99331445
0.9999999
1.0
1.0
1.0
0.99905366
0.9999994
0.9998963
0.9999999
0.9996332
0.9991786
0.99999917
0.9990232
1.0
0.9999963
1.0
0.9997551
0.9999653
0.99754226
1.0
1.0
1.0
1.0
1.0
0.9999807
1.0
0.9999999
0.9999963
0.99999964
1.0
1.0
1.0
0.9857859
0.9999999
1.0
0.99999964
0.99999964
1.0
0.9999993
1.0
0.99719787
0.9999995
1.0
0.9999255
0.9996309
1.0
0.99999905
1.0
0.9999999
1.0
1.0
0.99999964
1.0
0.99998856
0.99999094
0.99999106
0.99999905
0.9817525
0.99999976
1.0
1.0
0.99993634
0.98520076
1.0
0.99999833
0.9999999
0.99352276
1.0
1.0
0.9999999
0.9999989
1.0
1.0
0.99999285
0.9999995
1.0
0.9999994
0.9999995
0.9999995
1.0
0.9998678
0.9987556
0.9999963
0.99999917
1.0
1.0
0.99999833
0.9999989
0.99999917
1.0
1.0
0.97310174
1.0
0.99998915
0.99910116
0.9999976
0.9999969
1.0
1.0
1.0
1.0
0.9999882
0.9999976
0.99999905
0.9999994
1.0
1.0
0.9999999
0.9999987
0.9999989
1.0
1.0
1.0
1.0
0.99881905
0.9993575
1.0
0.99999976
1.0
0.99986684
1.0
0.9999995
1.0
1.0
1.0
0.99999905
0.999998
1.0
1.0
0.9999993
1.0
0.9999999
0.97213686
0.9999999
1.0
0.99999464
0.99999964
0.999926
0.9940698
1.0
1.0
1.0
0.99998665
0.92903125
1.0
1.0
1.0
1.0
0.99999976
0.9999999
1.0
1.0
0.9993742
1.0
0.9999107
0.9992798
0.99997675
0.99997663
1.0
1.0
0.9999999
1.0
0.9745671
1.0
0.9999999
1.0
1.0
0.9999161
0.9999994
0.99998903
0.9995467
1.0
1.0
0.9999708
1.0
1.0
0.9999999
0.99999976
1.0
0.9978282
1.0
1.0
0.99999917
1.0
0.99999964
0.99999976
0.9999999
0.99999917
0.99999857
0.9998355
1.0
1.0
0.9999988
1.0
1.0
1.0
1.0
0.99924964
0.9999999
0.9999728
1.0
0.99999976
0.99978155
0.99999976
0.9156929
0.99999
1.0
1.0
0.9999999
1.0
1.0
0.9999993
1.0
1.0
0.99937195
0.99999976
0.99999166
1.0
0.9999449
0.9999956
0.9999981
0.99999976
0.9999993
1.0
0.9999894
1.0
0.6586391
0.9999081
1.0
0.9999999
1.0
1.0
1.0
0.99999964
0.9998399
0.9999982
1.0
0.9998598
0.9917047
0.99999905
0.9999598
1.0
0.99803025
1.0
0.9982145
0.99998856
0.9999999
1.0
0.99999976
1.0
1.0
1.0
1.0
0.9978763
0.99453616
0.5221768
1.0
0.99999905
1.0
0.9999988
0.99999917
0.9999982
0.9960479
1.0
0.9989048
0.9999746
0.9999815
1.0
0.9999995
1.0
1.0
0.9999999
1.0
0.9999989
0.99999917
0.99999845
1.0
0.9999995
1.0
0.99999964
0.9999969
1.0
1.0
0.9999999
1.0
0.99999905
1.0
0.99963737
1.0
1.0
1.0
1.0
0.99999833
1.0
0.9998889
0.99999785
0.9999993
1.0
0.9998186
1.0
1.0
0.9999831
0.9999666
1.0
1.0
0.99999416
0.99999905
0.99994373
0.99999976
0.99993753
1.0
0.999998
0.99998665
0.9999927
0.9999937
0.99999225
0.9999924
0.9999999
0.99999917
1.0
0.9973579
1.0
1.0
1.0
1.0
1.0
0.99999976
0.99886775
1.0
0.99998486
1.0
0.9999988
0.9999981
1.0
0.9997501
0.99695134
1.0
0.999998
0.9998041
1.0
1.0
1.0
0.999984
1.0
0.99814713
1.0
0.9999999
0.9975948
0.9999993
1.0
0.9999982
1.0
1.0
1.0
1.0
1.0
0.9999999
1.0
1.0
0.9999809
0.99998283
0.9999938
0.99999964
0.9999999
0.9999999
1.0
0.99999
0.9999635
1.0
1.0
1.0
1.0
0.999979
1.0
1.0
0.99992394
0.99999976
1.0
0.9996953
1.0
0.9979997
1.0
0.99999964
1.0
0.9999893
1.0
0.9998091
1.0
1.0
1.0
0.9999914
0.99999917
0.9999999
1.0
0.99975187
1.0
0.9999999
0.99999976
0.99999976
0.9998604
0.9999367
0.9999999
1.0
1.0
0.9999999
0.96925664
1.0
0.99999976
0.99999964
0.99989736
0.9999943
0.65735435
1.0
0.99999356
0.9937903
0.9999963
0.99999964
0.99999917
1.0
1.0
0.9999999
0.9999739
0.9739731
0.8734052
0.9997693
0.99999976
0.9999999
0.9999993
0.9999999
0.9999454
0.9999232
1.0
1.0
1.0
1.0
0.9999943
0.99976295
0.9780423
0.9999974
1.0
0.9999579
1.0
1.0
0.9999771
0.99999917
0.9999924
1.0
1.0
0.99999976
1.0
0.99983823
1.0
0.99999964
1.0
0.9996729
1.0
0.9989229
1.0
1.0
0.99999976
0.99994946
0.99998
0.99999976
0.9997489
1.0
0.9999988
1.0
0.9999999
0.99999964
1.0
0.99981207
1.0
1.0
1.0
0.9999659
0.99998474
0.9999999
0.99999654
1.0
0.81690985
1.0
1.0
0.9999999
1.0
0.9998995
0.999944
1.0
1.0
0.9998919
0.85964864
1.0
0.9999858
1.0
1.0
1.0
1.0
0.9999634
1.0
1.0
1.0
0.9999999
1.0
1.0
0.9999999
1.0
0.99992645
0.99999976
0.99923503
1.0
1.0
0.9999299
1.0
1.0
0.9999981
0.69654995
1.0
1.0
0.99999166
0.9999993
1.0
1.0
1.0
0.99999964
1.0
0.9999976
1.0
1.0
1.0
1.0
1.0
1.0
0.9999994
1.0
1.0
1.0
1.0
1.0
1.0
0.99999964
1.0
0.99999917
1.0
0.9999999
0.99975103
0.95577765
1.0
0.99763083
0.9999994
1.0
1.0
1.0
0.9999999
1.0
0.9995869
0.99998283
1.0
1.0
0.90361434
1.0
1.0
1.0
1.0
0.99999785
1.0
1.0
1.0
1.0
1.0
1.0
0.9999994
1.0
0.9999994
0.99999964
0.9999999
0.99999976
0.99974424
0.99999034
0.9999994
1.0
1.0
1.0
0.9999995
0.9999994
0.99999917
0.9944642
0.9999925
0.9873684
0.9999896
0.99999964
1.0
0.9999893
0.9999982
0.99997854
0.99995387
0.9999995
0.99995863
0.99999976
1.0
0.97490793
0.99999976
1.0
0.9999658
0.9999906
1.0
1.0
0.999941
0.9999974
1.0
0.9999993
0.9999999
1.0
0.99999976
1.0
0.97856474
0.99884653
1.0
0.9993773
0.99957794
0.9999037
0.9999999
0.9999994
1.0
0.9999304
1.0
0.99999976
0.99999976
0.9999956
0.99999964
1.0
0.9999838
0.99999976
0.99999726
0.99999976
0.99999976
1.0
0.99999785
0.999997
1.0
1.0
0.9999999
1.0
0.9999391
1.0
1.0
0.9999676
0.99996436
1.0
1.0
1.0
0.99999666
0.99940217
1.0
1.0
1.0
1.0
0.999985
0.9938415
0.9998884
0.9999995
0.9999999
0.9999809
1.0
0.99999976
1.0
0.99999845
0.99998605
1.0
1.0
0.99999964
0.99998534
0.9999999
1.0
1.0
0.997072
0.9999999
1.0
1.0
0.99999976
1.0
1.0
0.99991727
1.0
1.0
1.0
1.0
0.99999905
1.0
1.0
1.0
0.99999547
0.99996877
0.9999999
1.0
0.9999975
0.9999889
0.9999994
1.0
0.9997447
0.99999976
1.0
1.0
1.0
0.9961086
0.9999968
1.0
1.0
0.99998605
1.0
1.0
0.9925161
1.0
1.0
0.9999988
0.9999629
1.0
1.0
1.0
0.99999905
1.0
0.99959284
0.999363
0.99999905
0.9999672
0.99981207
0.9999795
1.0
0.9999993
1.0
0.9999999
1.0
1.0
1.0
1.0
1.0
0.99699247
0.9949181
0.999995
1.0
0.9999709
0.9999999
0.99999905
1.0
1.0
0.9999999
0.99993813
0.9999974
0.99999404
0.99943084
0.9999999
1.0
0.99999857
0.9999924
1.0
0.99998844
0.99999726
1.0
0.99999845
0.99999666
1.0
0.9999999
1.0
0.9999989
1.0
1.0
0.9999428
1.0
1.0
1.0
1.0
1.0
1.0
0.99999976
0.97299373
0.98131114
0.9999994
0.9999831
0.9999982
1.0
1.0
1.0
1.0
0.99999785
1.0
1.0
0.9999999
1.0
0.99999726
0.99999726
1.0
0.9999999
0.9999999
1.0
0.99999845
0.99999976
1.0
1.0
0.9999976
1.0
0.9999995
1.0
0.99992776
0.999979
0.99998426
0.99999857
0.9999999
0.99999774
1.0
0.9999994
1.0
1.0
0.999982
1.0
0.9999994
0.9984347
0.9533447
0.9999994
1.0
0.99999774
0.9999999
1.0
0.9949597
0.99497473
0.9999993
1.0
1.0
0.99999976
0.99433005
0.9999995
0.99965537
0.9999938
0.9999999
0.9999796
1.0
1.0
0.99999905
1.0
0.99999785
0.9999999
1.0
1.0
1.0
1.0
0.9999443
1.0
0.9999989
0.9999838
1.0
1.0
0.9999999
0.9999796
1.0
0.9999794
0.9999999
0.99912447
1.0
1.0
0.9999994
0.9999964
1.0
0.999997
0.9999676
0.9999896
1.0
1.0
1.0
0.9999999
1.0
0.99996066
0.7686372
1.0
0.9999999
0.9999989
0.9999335
0.9999999
0.9999995
0.99998224
0.9999814
1.0
0.9999993
1.0
1.0
1.0
0.99999964
1.0
1.0
0.99999976
0.99999654
0.9999958
0.99999976
1.0
1.0
0.9999999
0.99999774
1.0
0.9996741
0.9998652
0.99999607
1.0
0.9999999
0.9999994
0.9999999
1.0
0.9999981
1.0
0.9999999
1.0
0.96523404
0.9999968
0.99999917
0.99999976
0.9998927
0.9999937
1.0
0.99999285
0.99999547
0.99999976
0.99999905
0.9999999
1.0
1.0
1.0
0.99999905
0.9999999
0.9999994
1.0
0.9996475
0.99999404
1.0
1.0
1.0
1.0
0.99999285
0.99483395
1.0
0.999905
0.99909484
0.99999857
0.99998987
1.0
1.0
1.0
0.99957544
1.0
1.0
0.999987
1.0
1.0
1.0
0.9998965
0.99999654
1.0
1.0
0.9999993
1.0
1.0
0.99999905
1.0
0.99999964
0.9996178
0.96017367
1.0
0.99998784
0.99999857
1.0
1.0
1.0
1.0
0.9999999
1.0
1.0
1.0
1.0
0.999987
0.9999435
0.9999987
0.9999995
0.9999989
1.0
0.99992704
0.9999999
0.99999976
0.9999999
0.9999975
1.0
1.0
1.0
1.0
0.9901606
0.9999825
1.0
0.99997354
0.9999999
1.0
0.99999833
1.0
0.9988122
0.9999993
1.0
0.99999976
1.0
1.0
1.0
0.9999964
0.9999999
0.9992725
1.0
0.99998844
0.9999999
0.9999906
0.99998045
0.9999999
1.0
1.0
0.99995947
0.99999714
1.0
1.0
0.99984896
0.9165718
1.0
0.9999418
0.99996996
1.0
0.99999905
0.99999213
0.99983454
0.99999964
0.9999999
1.0
1.0
1.0
1.0
1.0
0.99995875
0.99951875
1.0
1.0
0.9999999
1.0
0.999987
1.0
0.99984264
0.6319513
0.9952485
1.0
0.99999917
1.0
0.99999356
0.9999968
0.9999714
1.0
0.9999962
0.9999999
1.0
1.0
0.99997675
1.0
0.99999464
0.998898
0.99999976
1.0
1.0
1.0
1.0
0.99988806
0.9999981
0.99999976
0.9999999
1.0
0.99999964
1.0
0.9999994
1.0
0.99994016
1.0
0.99990964
0.9999962
0.99999976
1.0
1.0
0.99999785
0.97986585
0.9999218
0.96102893
0.99986184
0.9963325
1.0
1.0
0.9999995
0.9999995
1.0
0.99999857
1.0
1.0
1.0
0.9999994
0.9999999
0.99999714
1.0
0.9999994
0.99999964
1.0
0.9988796
1.0
0.9999999
1.0
1.0
1.0
1.0
1.0
0.9826239
0.9999999
1.0
0.99998975
1.0
1.0
0.9999999
1.0
0.99999213
0.99998724
0.9999995
0.99999976
1.0
0.99999905
0.9999999
1.0
1.0
0.99999976
1.0
1.0
0.9999982
1.0
1.0
1.0
0.9999989
1.0
1.0
0.9999975
0.9999994
1.0
1.0
1.0
0.99904495
1.0
1.0
1.0
0.9997055
0.9999999
0.9999982
0.99999976
0.9999999
0.9999987
1.0
0.99998546
1.0
1.0
0.99999
0.9999999
1.0
1.0
1.0
1.0
1.0
1.0
0.99999774
0.99536407
1.0
0.99998283
1.0
1.0
0.99999964
0.9999945
0.99899477
1.0
0.9999529
1.0
1.0
1.0
0.9999589
0.999995
1.0
0.9999999
0.9999999
0.9999999
1.0
1.0
0.98243296
1.0
1.0
1.0
0.9999343
1.0
1.0
1.0
0.9999461
0.9999448
1.0
1.0
0.9999988
1.0
0.99999774
1.0
0.9995109
1.0
1.0
0.999841
1.0
0.9999603
0.9999286
0.99999726
0.9942001
0.9647835
0.9999902
0.996869
0.980082
1.0
1.0
0.99999964
1.0
1.0
0.99999785
1.0
0.9999995
0.99999774
0.9999999
1.0
0.98817444
0.99999976
0.999992
1.0
1.0
0.99999964
0.9999901
0.99798334
1.0
0.99957305
1.0
1.0
0.9999846
0.99923956
0.99999404
0.99998724
1.0
1.0
0.9999995
1.0
0.98734635
0.9999999
0.9999999
0.9999999
0.9999472
0.78497404
0.9999999
1.0
1.0
1.0
0.9996897
1.0
1.0
1.0
0.9985709
1.0
0.55784804
1.0
0.95494235
1.0
0.99996746
0.99999666
0.9999999
0.9999881
0.99999845
0.9999814
1.0
0.9999964
0.99999964
0.9999994
1.0
0.99999976
0.99092203
1.0
0.99789244
1.0
0.9999999
0.9999932
0.99999964
0.9987453
1.0
1.0
0.999998
1.0
0.9965945
1.0
0.9971103
1.0
0.9999727
0.9909903
1.0
1.0
1.0
1.0
1.0
0.99999845
0.9997975
1.0
1.0
0.9743697
1.0
1.0
1.0
1.0
1.0
1.0
1.0
1.0
1.0
0.99136823
1.0
0.99999046
0.9999994
0.99999976
0.9999981
1.0
0.9971704
0.9999906
0.99999607
1.0
0.9999999
1.0
1.0
1.0
0.9999864
1.0
0.9999964
1.0
0.99627006
1.0
0.9999999
0.9490633
1.0
0.9999896
0.9999888
0.99999964
0.99999976
0.9999229
1.0
0.9999976
0.9999616
0.9999999
0.99999857
1.0
1.0
0.99999666
0.99999976
0.9861281
0.99999976
0.9998932
1.0
1.0
1.0
1.0
0.9999976
1.0
0.9999112
1.0
0.9999993
0.9999999
1.0
1.0
0.99999976
0.99999964
1.0
1.0
1.0
1.0
0.999995
0.9999995
1.0
0.98917097
0.9999987
0.9999999
1.0
0.9999987
0.9999993
1.0
0.9999987
1.0
0.99691594
1.0
0.9999968
1.0
0.98180515
1.0
0.99999976
0.9999844
1.0
0.9999993
1.0
0.99999964
1.0
1.0
0.9999981
0.9999999
0.9999999
1.0
1.0
1.0
0.9999999
0.9999906
0.99999905
0.999997
0.99855477
1.0
0.9999999
0.9999995
1.0
0.9999999
1.0
1.0
1.0
0.9999999
1.0
1.0
0.99999666
0.9928053
0.99999845
0.55357385
0.9999981
0.99930453
1.0
1.0
0.9995059
1.0
0.9999993
1.0
0.9999628
0.99612147
0.9999995
1.0
0.99999857
1.0
1.0
0.9999993
1.0
1.0
1.0
0.99999833
0.9997948
1.0
1.0
1.0
0.9999995
0.9999994
0.6975418
0.9998362
0.9999758
0.99984884
0.9999999
1.0
1.0
0.9999999
0.99820375
0.9999988
0.9999871
1.0
1.0
0.9999999
1.0
0.9999987
0.9983291
0.9983413
0.9999963
0.9999839
0.99999
0.999995
1.0
0.99999976
1.0
0.9999999
0.99999857
0.9993356
0.99999976
0.9999738
0.9999999
1.0
0.999982
0.999928
1.0
1.0
1.0
0.9999989
0.9999999
0.9794703
1.0
0.99999964
0.9999999
0.999998
0.99999917
1.0
0.9999999
0.99962413
1.0
0.793425
0.9999604
0.9999995
1.0
1.0
0.99997056
1.0
1.0
0.9999999
1.0
0.84032446
1.0
0.99999464
0.9993412
0.9999989
0.99999976
1.0
1.0
1.0
1.0
0.99990296
1.0
1.0
0.99999976
1.0
1.0
1.0
0.99999726
1.0
1.0
0.99996495
1.0
1.0
1.0
1.0
0.99871814
0.9997181
0.9999987
1.0
0.9999933
1.0
1.0
0.99999845
0.99999964
0.9999943
1.0
0.9990983
1.0
0.99846613
0.99999785
0.9999975
1.0
1.0
1.0
0.99915576
1.0
1.0
0.9999994
0.9891424
1.0
0.9999994
0.6307917
1.0
1.0
0.9999999
1.0
1.0
0.99999917
1.0
0.9998549
1.0
0.99993324
0.9999999
1.0
0.9999994
0.99999964
0.99928683
1.0
0.99999905
1.0
1.0
0.99997926
0.9999913
0.99974495
0.9999994
0.9999757
0.9999999
0.9999995
0.9999989
1.0
0.9999995
1.0
1.0
0.9999999
0.9996433
0.9999695
0.99999523
0.9999982
1.0
0.9999087
0.9995129
0.9999999
0.9999999
0.99999964
1.0
0.9999999
0.9999689
0.9999521
0.99891067
0.99990594
1.0
1.0
1.0
1.0
0.9999888
1.0
1.0
0.9999465
1.0
0.99999726
0.99999976
1.0
0.9999827
0.99999213
0.99999976
0.9999473
0.9999994
1.0
0.99999905
0.99998426
0.99999726
0.999998
0.99996364
1.0
0.99999917
0.99998283
1.0
0.96503586
1.0
0.9999207
0.99999976
0.9999962
0.99999416
1.0
1.0
1.0
0.98672444
1.0
0.99999976
0.99999857
1.0
0.99999976
1.0
0.99999964
0.99980444
1.0
1.0
0.9994074
1.0
0.9209582
0.9998826
0.99999297
0.9999999
0.99985456
1.0
0.9999969
0.999997
0.9999949
0.9999887
0.9999999
1.0
1.0
0.9999999
1.0
1.0
0.9999695
0.9999968
0.9999032
1.0
0.999863
1.0
0.9999069
0.9999734
1.0
0.9795507
1.0
0.9999988
0.99999857
0.96452945
1.0
0.99995387
0.99999976
0.99999964
1.0
0.99465275
0.99906033
0.9999999
1.0
1.0
0.99999726
1.0
1.0
1.0
1.0
0.9999974
1.0
0.999969
0.9995888
1.0
0.9999999
0.9999999
1.0
1.0
1.0
1.0
1.0
1.0
1.0
1.0
1.0
0.99999964
0.99716175
0.99996877
1.0
1.0
1.0
0.9999987
0.9999654
0.9999999
1.0
0.99999917
0.5701441
1.0
1.0
1.0
1.0
1.0
0.99999917
0.99875855
0.9644853
0.9999999
1.0
0.99994373
0.99997354
0.9999987
0.99999976
0.9999958
1.0
0.89963335
0.9998184
1.0
0.99999976
0.998976
1.0
0.98442787
0.99999917
0.9999999
0.99999905
1.0
1.0
0.9999994
1.0
0.9999995
0.9999995
0.9999188
1.0
0.9999999
0.5632535
0.9999552
0.9999999
0.9999887
1.0
0.93394345
1.0
0.99999654
1.0
0.9999858
0.9999932
1.0
1.0
0.9939871
0.99999964
0.9999199
0.9970022
0.9999988
0.99999905
1.0
0.99999976
1.0
0.99297935
1.0
0.99998045
0.99999976
1.0
0.99999976
1.0
0.99998224
0.9993724
0.9913856
1.0
0.99999475
1.0
0.9999995
0.99999976
0.9999924
1.0
0.99999714
0.9999999
0.99909127
1.0
0.99999976
0.99999976
0.99999845
0.9999641
1.0
1.0
0.99999774
1.0
0.9999999
1.0
1.0
0.9999999
0.99999976
1.0
0.9999982
0.9999999
0.9999995
0.956581
1.0
1.0
1.0
1.0
0.9996753
0.9989573
1.0
1.0
0.9999999
0.99999964
0.9999863
1.0
0.9999975
0.99995303
0.9925027
0.9615712
0.99999976
1.0
0.9998635
1.0
0.9999999
1.0
0.99999917
0.99998367
0.724651
1.0
1.0
1.0
1.0
0.99998367
1.0
1.0
0.9999937
1.0
1.0
0.99929106
1.0
0.94125664
0.9999864
0.9971915
0.9999894
0.9999988
0.999998
0.9999995
0.99999976
0.999982
0.9999739
1.0
0.9999788
1.0
0.9999995
1.0
0.99999976
0.9999995
0.99997556
0.96574044
0.9999062
1.0
0.9995883
1.0
0.9994692
1.0
1.0
0.99999857
1.0
0.9999999
1.0
1.0
0.9999683
1.0
0.9999914
1.0
0.99999976
1.0
0.9999944
0.9999969
0.9999893
0.9999838
1.0
0.9999958
0.9065211
1.0
0.9999956
1.0
0.999696
1.0
1.0
0.9999999
0.99986315
0.9997743
0.99922
0.9999993
0.9997701
0.9999995
0.99998236
0.99999225
0.99999917
1.0
0.98231804
1.0
1.0
1.0
0.99999976
1.0
0.9999995
1.0
0.9997813
1.0
0.9999989
0.9658378
0.9999926
1.0
1.0
0.9999968
1.0
0.9999995
1.0
1.0
0.9999747
1.0
0.99999964
1.0
1.0
1.0
0.999995
0.9999994
1.0
1.0
0.9999994
1.0
0.99999976
1.0
0.99601907
1.0
0.99996686
0.9999989
0.9999995
0.9999846
0.9999974
0.9999989
0.9999999
0.9999999
0.9992536
0.9998679
0.99959403
1.0
1.0
1.0
1.0
0.99332035
0.99999964
1.0
0.7037354
0.998114
0.99997616
0.9932585
0.99999917
0.9999999
0.99999917
0.7508681
0.9879894
0.9999999
0.65383524
1.0
0.9999995
1.0
0.99984217
1.0
0.9999989
0.99999964
0.9999988
1.0
1.0
1.0
0.9985286
0.9999988
0.99999964
1.0
1.0
0.9999999
1.0
1.0
1.0
0.9999795
1.0
1.0
1.0
1.0
1.0
0.9999738
1.0
0.5474982
1.0
0.99999905
1.0
0.9998692
1.0
1.0
0.99998593
1.0
1.0
1.0
0.99974614
0.99997723
1.0
0.99999976
0.9993567
0.999995
1.0
0.9999969
0.9999987
1.0
1.0
0.9999906
1.0
0.99999857
0.9999994
1.0
0.9999542
1.0
0.9999939
0.9999788
0.9999685
1.0
0.9998779
0.9988657
0.74625903
0.99999964
1.0
0.9999981
0.8191725
1.0
1.0
0.9958468
0.9998084
0.9999999
1.0
1.0
1.0
0.99999976
0.99999285
0.9999999
1.0
1.0
0.9999994
1.0
0.9999999
0.99998975
0.9999999
0.99989235
1.0
0.9999999
1.0
0.9999844
1.0
1.0
0.9957514
1.0
1.0
0.99957067
0.9999999
1.0
0.99999034
1.0
1.0
0.9999999
1.0
1.0
1.0
0.9999988
0.6525743
1.0
0.9999993
0.99999964
0.9997831
0.741493
1.0
1.0
1.0
1.0
1.0
1.0
0.9999995
1.0
1.0
0.99999976
1.0
0.99999845
0.9999982
1.0
0.9998411
1.0
1.0
1.0
0.9384507
0.99996257
1.0
1.0
0.99993646
0.9999987
1.0
1.0
0.9999994
1.0
1.0
1.0
0.9999995
1.0
0.9999999
1.0
0.9999999
0.99975365
1.0
1.0
0.9999845
0.9999994
1.0
0.9530185
0.99999845
0.9999999
0.99999726
1.0
1.0
0.99998784
1.0
1.0
0.9996321
0.99999905
0.9999949
0.99999213
1.0
1.0
0.99999964
1.0
0.9999356
1.0
0.99998605
1.0
1.0
0.9999999
1.0
1.0
0.9999999
1.0
0.9999994
0.9995472
0.9999999
0.99993896
0.99999976
0.9999999
0.999977
0.99961805
1.0
0.9999931
0.63923466
1.0
0.99999964
0.99999106
0.99999976
0.9999999
1.0
0.99999964
0.9999999
1.0
0.99999976
0.9999994
0.9999995
0.99805295
0.99942905
1.0
0.9999999
0.9999994
0.9999999
1.0
1.0
0.9999727
1.0
1.0
0.99989736
0.9999312
0.9999995
1.0
0.9999995
1.0
0.9999995
1.0
0.99567837
0.9999999
0.99999976
1.0
0.99999666
0.9999995
1.0
0.9999907
0.99964976
0.96969587
0.99999714
1.0
0.9964657
0.99989593
0.99999917
1.0
1.0
1.0
1.0
1.0
0.9997999
0.9999993
1.0
0.99999976
0.99997795
1.0
1.0
1.0
0.999997
0.99999714
0.9971265
0.99999964
0.9998178
0.9999999
1.0
0.9999995
0.9999999
0.9999999
1.0
1.0
0.99999845
1.0
0.9999999
1.0
0.99999964
0.9999989
0.9999993
1.0
1.0
1.0
1.0
1.0
0.9482671
1.0
0.99999964
1.0
1.0
0.99999297
0.99999976
0.9999999
0.9999964
1.0
1.0
0.99999976
0.9999995
1.0
1.0
0.9990946
1.0
1.0
0.99999976
1.0
1.0
0.99999976
1.0
1.0
0.9963685
0.999742
1.0
1.0
1.0
0.9999982
1.0
0.9463187
0.99999607
0.9994862
1.0
1.0
0.99999046
1.0
1.0
1.0
0.98905355
0.99999976
0.9999999
0.99976116
0.99999917
0.9999832
0.999998
1.0
0.99999964
1.0
0.9999999
0.9999995
0.9999974
1.0
0.96266866
0.9771616
0.99846727
1.0
0.99998915
0.9999893
0.99999976
1.0
0.9999994
0.9999995
0.9999999
1.0
1.0
1.0
0.9999987
0.9999999
1.0
1.0
1.0
0.9998996
0.99999833
0.9999999
1.0
0.641265
0.99995935
1.0
0.99999404
1.0
1.0
0.9999869
0.999967
0.99999905
0.9999999
1.0
1.0
1.0
0.99999976
0.6020629
1.0
0.9999995
0.99999976
1.0
0.9997558
0.9996593
0.99999964
0.9998006
1.0
0.9998938
1.0
0.9811519
0.99999654
0.99965
1.0
0.99979156
1.0
1.0
1.0
0.99999905
1.0
1.0
0.99999714
0.99998987
1.0
0.99999475
1.0
0.9997998
1.0
1.0
1.0
1.0
0.99996316
1.0
0.9999924
0.99997747
0.98703194
0.99999976
1.0
0.9999999
0.9995541
1.0
1.0
0.99999666
0.9999999
1.0
0.999629
1.0
1.0
0.9999968
0.9999999
1.0
1.0
1.0
0.9999982
1.0
1.0
1.0
1.0
0.9998642
0.9999999
0.99999917
1.0
1.0
0.9877666
1.0
0.999997
0.99997985
0.9977036
0.99998486
1.0
1.0
1.0
1.0
1.0
0.99977976
0.9999443
0.9999715
1.0
0.9999974
1.0
0.98824894
1.0
1.0
0.9999839
0.99999905
1.0
1.0
0.9999994
0.99999595
1.0
0.99999475
0.9999994
0.99999964
0.9999999
0.9999993
0.9999788
0.99999964
1.0
1.0
0.9999999
0.9999999
1.0
0.9966709
0.99999785
0.99999976
0.99999714
0.99999917
1.0
0.9999987
0.9999949
1.0
1.0
1.0
0.9999242
0.99227434
1.0
1.0
0.99999976
1.0
0.99957806
1.0
0.99907935
1.0
1.0
1.0
0.9999962
1.0
1.0
1.0
0.99999964
0.99999833
1.0
0.99999046
0.99995697
1.0
1.0
1.0
1.0
1.0
0.9999912
1.0
0.9999999
1.0
1.0
0.99999976
0.99999785
0.9999964
1.0
0.99999607
0.99999976
1.0
1.0
1.0
0.99997973
1.0
0.9999995
1.0
0.9999987
1.0
0.9999535
1.0
0.99999976
0.99999976
1.0
0.99999106
1.0
1.0
0.9999999
1.0
0.99999976
0.9999958
1.0
0.9999043
1.0
1.0
0.99998045
1.0
1.0
1.0
1.0
1.0
0.9999999
0.99999785
1.0
0.99999976
0.9999999
0.9999584
1.0
1.0
1.0
1.0
0.9999703
0.9999541
0.9999999
0.9999987
0.9999999
0.99999976
1.0
0.9999676
1.0
1.0
0.99999976
0.99999976
1.0
1.0
1.0
1.0
0.9999937
0.9999999
0.99999
0.99999356
1.0
0.99999285
1.0
0.999997
0.99999833
0.999998
1.0
0.99999845
1.0
1.0
0.9999875
1.0
0.9994429
0.99997413
1.0
0.99999976
1.0
1.0
0.99992967
0.9999963
0.9999949
0.9999999
0.9999999
0.99998295
1.0
1.0
0.9999999
0.9998386
1.0
1.0
0.99999917
1.0
0.99998367
0.9999523
0.99991167
0.9999969
1.0
1.0
0.9999982
1.0
0.9830604
1.0
1.0
1.0
1.0
0.9999999
1.0
1.0
0.9999819
0.99999857
1.0
0.9999999
0.9999999
0.99981755
0.9999988
1.0
0.9999802
1.0
0.99999905
0.9999809
1.0
0.9999999
1.0
1.0
1.0
0.9997191
1.0
0.99999976
0.99997735
1.0
1.0
1.0
0.98585606
0.9999889
0.9999999
0.9999949
1.0
0.99999964
0.7991292
0.9999999
0.99999845
1.0
1.0
1.0
0.9999999
0.99999976
1.0
0.99999964
0.9999999
0.9999957
0.99998105
1.0
1.0
0.9999994
1.0
0.99999976
0.9999994
1.0
1.0
1.0
0.9999907
1.0
1.0
0.9999994
1.0
1.0
0.9999999
0.99982905
0.99999976
0.9999993
0.99999976
1.0
0.9997737
0.9999999
0.97097224
1.0
0.9998154
1.0
0.9999999
0.99999833
0.9998944
0.9999999
1.0
0.99999976
0.9999999
1.0
1.0
1.0
1.0
1.0
0.99999344
0.9999999
0.99998724
0.99999976
0.9999577
1.0
1.0
1.0
1.0
1.0
0.9999999
0.9999292
0.99997246
1.0
1.0
1.0
0.9999995
0.9999999
1.0
1.0
1.0
1.0
1.0
1.0
1.0
0.99999213
0.99999595
0.9999982
1.0
0.96511024
0.99999917
1.0
0.99999964
0.99998796
0.9999995
0.9999994
0.99999976
1.0
0.9999999
1.0
0.99999714
0.9999999
1.0
0.9999994
0.9997832
0.99999857
1.0
1.0
0.9999584
0.9999999
1.0
0.973092
0.99915993
0.9999896
0.9999999
1.0
1.0
1.0
1.0
1.0
0.9999999
0.9997135
0.9999999
1.0
1.0
1.0
0.99999905
1.0
0.99999976
1.0
1.0
0.999762
1.0
1.0
0.9999999
1.0
1.0
1.0
1.0
1.0
1.0
0.99999833
1.0
1.0
0.9999995
1.0
1.0
1.0
1.0
1.0
0.9999995
1.0
1.0
1.0
0.99999905
1.0
1.0
1.0
0.9999993
0.9999993
0.9999999
1.0
0.9999999
0.99999964
0.99999917
1.0
0.9999999
0.9999988
0.9999999
1.0
1.0
1.0
1.0
1.0
0.56781054
1.0
1.0
1.0
0.9999981
1.0
1.0
1.0
0.9999993
1.0
1.0
0.9999999
0.9999181
1.0
1.0
1.0
1.0
1.0
1.0
1.0
0.9999993
1.0
0.9999999
1.0
1.0
1.0
0.9999999
0.99999964
1.0
0.999997
1.0
1.0
0.99999857
1.0
1.0
1.0
1.0
1.0
1.0
1.0
0.9999981
0.9999887
0.99999976
1.0
0.9999956
1.0
1.0
0.9999999
0.9999999
0.9999974
1.0
0.9999999
1.0
1.0
1.0
0.9999999
1.0
0.99999905
1.0
1.0
1.0
1.0
1.0
0.9999995
1.0
1.0
0.99999964
1.0
1.0
0.9999999
0.9999981
1.0
1.0
1.0
0.99999595
1.0
0.9999764
1.0
0.9998348
0.99999976
1.0
1.0
1.0
0.9999999
1.0
0.99999034
0.9999819
1.0
1.0
1.0
0.9999969
1.0
1.0
0.99998856
1.0
1.0
0.99999976
1.0
0.99999976
1.0
0.9999995
0.99999964
1.0
1.0
1.0
1.0
0.99999976
1.0
1.0
1.0
1.0
1.0
1.0
1.0
1.0
1.0
0.9999981
1.0
0.99500304
0.9993032
1.0
1.0
0.9999999
1.0
1.0
0.9999989
0.9974579
1.0
0.9999968
0.99999976
1.0
1.0
1.0
1.0
1.0
1.0
1.0
1.0
0.99999976
1.0
0.9999999
1.0
0.99999845
1.0
1.0
1.0
1.0
1.0
1.0
1.0
1.0
1.0
0.9999995
1.0
1.0
1.0
1.0
1.0
1.0
1.0
0.99999404
1.0
1.0
1.0
1.0
0.99999976
1.0
1.0
0.99999845
1.0
1.0
0.99967146
1.0
0.9999999
0.9999999
1.0
1.0
1.0
1.0
0.9999925
1.0
0.99999976
1.0
1.0
1.0
1.0
1.0
1.0
0.9999205
1.0
1.0
0.99861073
0.99999785
1.0
0.9999981
0.99999976
0.9999902
0.99999964
1.0
0.9999999
1.0
0.99999964
1.0
1.0
1.0
0.99992204
0.9999988
1.0
0.9999989
1.0
0.99999344
1.0
1.0
1.0
0.99999976
0.99999094
0.99989533
0.9999994
1.0
1.0
1.0
1.0
1.0
1.0
1.0
0.99998283
1.0
0.9999993
0.99999833
0.9999999
0.99997497
0.9999982
1.0
0.99947554
0.9999999
0.9999999
1.0
1.0
0.9999213
1.0
1.0
1.0
0.99998367
1.0
0.9999994
1.0
0.9999982
0.9999583
1.0
0.99999845
0.99999976
0.99999785
0.9999635
1.0
1.0
0.99942327
1.0
0.99999976
1.0
1.0
1.0
1.0
0.9999999
0.9999887
0.9999635
1.0
0.9999982
1.0
1.0
0.9985355
0.99995637
0.9999951
0.99999976
1.0
0.9999989
1.0
0.99999976
1.0
1.0
0.9999989
1.0
0.9999999
0.9999908
0.9999993
0.9999999
1.0
0.9999988
1.0
0.9999994
0.9999566
1.0
1.0
0.99903584
1.0
1.0
0.9999492
0.99999976
1.0
1.0
0.9999956
0.9999994
0.9999995
1.0
0.9703377
1.0
0.99990356
0.99999905
0.9999964
0.9996043
0.9999995
0.9999982
0.95253134
0.99998045
0.9999999
1.0
1.0
0.9998827
0.99817026
0.9980824
0.9999999
1.0
1.0
0.99993193
0.9105776
0.9986671
1.0
1.0
1.0
1.0
1.0
0.99999976
0.9999927
0.9999995
1.0
1.0
1.0
0.999899
1.0
1.0
0.9999999
1.0
0.9999999
1.0
0.9999999
0.9999999
0.9962429
0.9999026
0.9999807
0.9999999
0.99999976
0.9999995
1.0
0.9999716
1.0
1.0
1.0
1.0
0.9999896
1.0
0.9999999
0.9999876
1.0
1.0
1.0
1.0
0.9999982
1.0
0.9999981
0.99999976
1.0
0.9999999
1.0
0.9999342
0.9999999
1.0
1.0
1.0
0.9999981
0.9999628
1.0
1.0
1.0
1.0
0.99993706
0.9999999
1.0
0.9999927
1.0
0.9999684
0.99999595
1.0
1.0
1.0
1.0
1.0
0.999923
0.999998
0.9999999
1.0
1.0
0.999997
0.9999944
0.9999999
0.9674269
0.99973637
0.9337761
1.0
0.99999976
1.0
0.9999963
1.0
0.99996805
0.9998926
1.0
0.9966126
1.0
1.0
1.0
0.585392
1.0
1.0
0.9932829
0.99999857
0.99999547
1.0
0.99999726
0.9999995
1.0
1.0
1.0
1.0
0.99999976
1.0
1.0
1.0
1.0
1.0
0.9999999
0.99999166
0.99999964
1.0
0.99999964
0.99999917
1.0
1.0
1.0
1.0
0.9999602
1.0
1.0
1.0
1.0
1.0
0.99999666
1.0
1.0
0.99999726
1.0
1.0
0.99999976
0.9999999
1.0
1.0
1.0
0.99999976
1.0
1.0
1.0
1.0
0.9999999
0.99977416
0.9988657
1.0
1.0
0.99999917
0.999998
0.9999937
0.99999976
1.0
1.0
1.0
0.99999917
1.0
0.99999976
1.0
1.0
1.0
1.0
0.9999999
0.99998116
0.9998672
1.0
0.9999912
0.9999951
1.0
0.9999999
0.9997607
0.99984586
1.0
0.99999964
0.99999964
1.0
0.99997187
1.0
0.99990356
1.0
1.0
1.0
0.99999976
0.99999964
0.9999999
0.9999999
1.0
1.0
1.0
1.0
0.99999976
0.99999976
0.9999988
1.0
0.9999993
0.9999989
1.0
1.0
1.0
1.0
1.0
1.0
1.0
1.0
1.0
0.9999999
1.0
1.0
1.0
1.0
1.0
1.0
0.9999999
0.999985
0.999997
1.0
1.0
0.99999833
1.0
1.0
0.8463241
1.0
1.0
1.0
1.0
1.0
1.0
1.0
0.99998236
1.0
0.98123634
0.788056
1.0
0.9999478
0.9999958
1.0
0.9999999
0.99999976
0.99999905
1.0
0.9999989
1.0
0.99999964
1.0
1.0
1.0
0.9999845
1.0
1.0
0.99957746
0.9999999
1.0
0.9999999
1.0
1.0
0.9999678
1.0
0.9999981
1.0
0.9999981
1.0
0.9999993
0.9999999
1.0
0.9999838
0.99998367
1.0
0.99998164
1.0
0.9999163
1.0
1.0
1.0
1.0
1.0
1.0
1.0
0.9999821
0.99993443
0.96141505
0.9938812
0.9999652
0.99997294
1.0
1.0
0.9999999
0.9999993
0.9999994
0.99999964
1.0
0.99999976
0.9999994
0.9999951
0.9999769
0.99999726
0.9999999
0.9999999
0.9999999
0.7744975
0.9999999
0.9999974
0.99999964
0.9999603
1.0
0.9999571
1.0
0.9995877
0.9999993
0.9999995
0.99999785
0.9999981
1.0
1.0
0.99999976
0.99999964
0.99989986
0.9992588
0.99999964
0.9999989
0.99999607
0.9999999
0.99999845
1.0
0.99999046
0.9941071
0.9678095
0.9999918
0.9999987
0.9998288
0.9999995
0.99974936
0.99999833
0.99998486
0.9999994
0.9999999
0.9999939
0.9999975
0.99999976
1.0
0.9999988
0.9822174
0.9999976
0.9999999
0.9999857
1.0
0.99998677
0.9999989
0.9990791
0.99999964
0.99988794
0.99999976
0.99999785
0.99999297
0.99999774
0.99999344
1.0
1.0
1.0
1.0
1.0
1.0
0.9999999
1.0
0.999992
1.0
0.9999988
0.99541
0.9999989
1.0
0.9999361
0.9999931
0.99897206
0.9999522
0.9999999
0.9999635
0.9999999
0.99999714
1.0
0.99176735
1.0
0.999951
0.99999523
0.9999999
0.99999976
1.0
0.99987006
0.9999949
1.0
0.99977154
1.0
0.9999999
0.9999939
0.9999999
0.9999993
1.0
1.0
0.99999666
0.99999845
1.0
1.0
1.0
1.0
0.9999268
1.0
1.0
1.0
0.99999785
0.9999999
0.9995567
1.0
1.0
1.0
0.9999999
1.0
0.92412645
0.99984944
0.9999938
1.0
0.99999475
1.0
1.0
1.0
0.9999995
0.9999981
0.86020976
0.99999845
0.9999974
0.9999976
1.0
0.99999964
0.9999999
1.0
1.0
0.99999976
0.825337
1.0
0.999321
1.0
1.0
1.0
1.0
0.99999964
1.0
1.0
0.9996592
1.0
1.0
1.0
1.0
1.0
0.99999964
0.99999976
0.9999995
0.9999987
0.9999999
0.96974653
1.0
1.0
0.9999987
0.99999857
1.0
0.9999994
1.0
1.0
0.9999864
1.0
1.0
0.99998796
1.0
0.99998593
1.0
1.0
1.0
1.0
1.0
1.0
1.0
0.9999989
0.9999999
1.0
1.0
1.0
1.0
1.0
0.9999999
0.99999976
1.0
1.0
1.0
1.0
0.99999964
1.0
0.99999905
1.0
1.0
1.0
1.0
1.0
0.9999999
1.0
0.9685856
1.0
1.0
1.0
0.9999877
1.0
1.0
1.0
0.99999774
0.45766896
1.0
0.9572851
1.0
0.9999254
0.9999999
0.9608281
0.59100604
0.9998859
1.0
1.0
1.0
0.9999999
0.9999994
0.9999988
0.99999297
0.9999999
0.9999989
1.0
1.0
0.9999999
1.0
0.9999975
1.0
1.0
1.0
1.0
1.0
1.0
1.0
1.0
1.0
1.0
1.0
0.99999905
1.0
1.0
1.0
1.0
1.0
1.0
1.0
0.9999995
1.0
1.0
1.0
1.0
1.0
0.9999999
0.99999964
1.0
1.0
1.0
1.0
1.0
0.9999999
1.0
0.99999976
1.0
0.9999994
1.0
0.99998057
0.9999989
1.0
0.999977
0.9999999
1.0
1.0
0.9999883
0.9999999
1.0
1.0
1.0
0.9999999
1.0
1.0
0.9999981
0.9999932
1.0
1.0
1.0
1.0
1.0
0.99999964
0.9999957
1.0
1.0
1.0
1.0
1.0
1.0
1.0
1.0
1.0
1.0
1.0
1.0
1.0
1.0
1.0
0.9999957
1.0
1.0
0.9999999
1.0
1.0
1.0
1.0
1.0
1.0
1.0
0.9999999
0.9999994
1.0
1.0
1.0
1.0
1.0
1.0
1.0
1.0
0.9999999
1.0
1.0
1.0
1.0
0.9999995
0.9999999
1.0
1.0
1.0
1.0
0.9999989
1.0
1.0
1.0
1.0
0.9999999
1.0
0.99999785
0.99997306
1.0
0.9999994
1.0
0.99999964
1.0
0.9999999
1.0
1.0
1.0
1.0
0.99999785
1.0
1.0
1.0
1.0
1.0
1.0
0.99999917
1.0
1.0
1.0
0.9999999
1.0
1.0
1.0
1.0
1.0
0.9999999
1.0
1.0
1.0
0.9999982
1.0
1.0
1.0
1.0
1.0
0.999889
1.0
1.0
0.99999785
1.0
1.0
1.0
0.99999917
1.0
1.0
1.0
1.0
0.9999969
1.0
1.0
1.0
1.0
1.0
1.0
1.0
1.0
1.0
0.9999999
1.0
1.0
1.0
1.0
1.0
1.0
1.0
1.0
1.0
0.9999969
0.99999857
1.0
1.0
1.0
1.0
1.0
1.0
1.0
0.99999964
1.0
1.0
0.9999993
0.9999999
1.0
0.9999113
0.9999175
0.9998946
0.9999999
1.0
1.0
1.0
0.99997103
1.0
0.99996114
0.9999782
0.99999654
1.0
1.0
1.0
1.0
0.9999999
0.9999993
0.999998
0.9999993
0.9995616
1.0
1.0
1.0
1.0
0.9999995
1.0
0.99996126
0.9999994
0.9999945
1.0
0.99999976
1.0
0.99999416
0.9999974
0.9987412
1.0
0.99996364
1.0
1.0
1.0
0.9999995
1.0
0.9999931
1.0
1.0
1.0
1.0
1.0
1.0
0.9999765
1.0
0.99999774
0.99999785
0.99999964
0.99999964
1.0
1.0
0.9999999
1.0
0.9999999
0.9999927
0.9999999
0.9999999
0.99999785
0.9999999
1.0
0.99990666
1.0
0.9999801
1.0
1.0
1.0
1.0
1.0
1.0
1.0
0.99999976
1.0
0.99999774
0.9967098
0.9999999
0.9999752
1.0
1.0
1.0
0.99999774
1.0
1.0
0.99970645
0.99999917
1.0
1.0
1.0
1.0
1.0
0.9999981
1.0
1.0
0.99999976
1.0
1.0
1.0
1.0
0.9998939
1.0
1.0
1.0
0.9999958
1.0
0.9999999
1.0
0.999982
1.0
0.98181915
0.99999905
0.9999993
0.9999999
1.0
1.0
0.9999999
0.9999883
0.99999976
1.0
1.0
1.0
0.9999919
0.99999535
1.0
0.9999995
0.99999857
1.0
0.99999964
0.9999999
0.9999999
0.9999999
0.9999999
0.9999833
1.0
0.9999993
1.0
0.99845636
1.0
0.999966
1.0
1.0
0.99999785
0.9998074
0.9999989
0.999995
1.0
0.99999833
1.0
0.9993457
1.0
0.9999881
1.0
0.9999238
0.99994195
1.0
1.0
0.9999988
0.99999833
0.9884179
0.9017994
0.99999976
0.9998135
0.96130323
0.99994826
0.726463
0.9915565
0.9999987
1.0
0.99999976
0.99973136
0.99999976
0.99999607
0.99991906
0.99967253
0.9999863
0.72045684
0.9987469
0.9998167
0.98613316
0.99999547
0.8518488
0.9997291
0.9998802
0.9999993
0.9999889
0.9999968
1.0
1.0
0.9996063
1.0
0.9999994
1.0
0.99999785
0.99999654
0.9999964
0.9999995
0.99648476
1.0
0.9999925
1.0
0.9999336
0.9883377
0.99606067
0.99145293
0.9999999
1.0
0.9999875
0.99915016
1.0
0.9995214
0.99999917
0.99999976
0.9970516
0.99999356
0.9999411
1.0
1.0
0.99992025
0.9999273
0.9973788
1.0
0.99993026
0.9999957
0.9999924
1.0
0.999689
0.99999297
0.99999714
0.9999981
0.5060386
1.0
0.99995565
0.99999845
0.9999943
1.0
0.99996984
0.9420745
1.0
1.0
0.9999974
0.99742484
0.999998
1.0
1.0
1.0
1.0
0.999987
0.999998
1.0
0.99999166
1.0
1.0
0.9999999
1.0
0.9999937
0.6990721
0.9999994
1.0
1.0
1.0
0.9999994
1.0
0.9999999
1.0
1.0
0.99995685
0.999998
1.0
1.0
1.0
0.9999995
0.9999912
0.99999964
0.9999999
0.99999964
1.0
0.99996555
0.9999999
0.99999845
0.9999969
1.0
0.99993134
1.0
1.0
0.9999999
0.99999833
1.0
1.0
0.9999995
1.0
1.0
1.0
0.9999678
1.0
1.0
0.9999896
0.99996364
1.0
0.9999926
0.99999917
1.0
1.0
1.0
1.0
1.0
1.0
1.0
0.99999845
0.9999999
1.0
0.99988234
0.99999666
0.99999976
0.99999976
0.999882
1.0
0.9999999
1.0
1.0
0.9999999
1.0
0.9999982
0.99893016
0.9999999
0.99999905
0.9999317
0.99963987
0.9999999
0.9999949
0.9999994
1.0
1.0
1.0
1.0
0.9999734
0.9999335
0.9999243
0.9999995
0.99999917
1.0
1.0
0.99997306
1.0
1.0
0.9826868
0.99982256
1.0
0.99999404
0.98999536
0.99998176
1.0
0.99588376
0.99999857
0.999995
0.9999949
0.9999975
1.0
0.99999964
0.9999943
0.98971283
0.9998859
1.0
0.9999988
0.99998546
0.99999595
0.9999988
0.99998105
1.0
0.99999547
1.0
0.9999999
1.0
0.9999907
0.9976089
1.0
0.9999938
0.99999976
0.99999976
0.9999993
0.9999999
0.9999999
1.0
0.99999666
0.99999917
0.99991477
1.0
0.9999964
0.56245744
0.9991702
0.9999995
1.0
0.9998882
0.99999523
1.0
0.9999999
0.9999032
1.0
0.99987006
1.0
0.99999964
0.99765044
0.9999995
1.0
1.0
0.9999999
0.9999999
1.0
0.9999999
1.0
0.99999976
0.9999691
0.99955994
1.0
0.9999994
1.0
0.99999034
1.0
0.99998224
0.9999999
1.0
1.0
0.9995976
0.9999982
1.0
1.0
1.0
0.9999999
0.99999976
1.0
0.99999976
0.9999999
0.9999821
1.0
1.0
1.0
1.0
0.99999976
1.0
1.0
0.9999684
1.0
0.99999976
1.0
0.9999827
0.9999999
0.99999464
1.0
1.0
1.0
0.99999964
0.9999999
0.9940455
0.9999995
1.0
1.0
0.9999999
0.99997973
1.0
1.0
1.0
1.0
1.0
1.0
1.0
1.0
1.0
1.0
1.0
1.0
1.0
1.0
1.0
1.0
0.9999999
0.99999595
1.0
0.9999987
1.0
1.0
1.0
1.0
1.0
0.9999664
1.0
0.9999994
1.0
1.0
0.99897516
0.9999999
0.99999917
0.99998546
0.99999976
0.99999976
1.0
1.0
0.9999989
1.0
0.9999999
0.99956185
0.9986468
1.0
0.99999976
1.0
0.9999629
1.0
1.0
0.99999297
0.9999999
1.0
0.9999938
0.99979013
1.0
1.0
0.99999976
0.99960726
1.0
0.99998665
1.0
0.9999547
1.0
0.99999726
1.0
1.0
0.99953735
1.0
1.0
0.99999976
0.9999994
1.0
0.9999993
0.99999976
1.0
1.0
0.99997354
1.0
1.0
1.0
1.0
1.0
1.0
0.9999994
0.99999714
1.0
0.9999993
0.9999242
1.0
0.99999964
0.999997
0.9999989
0.9999018
1.0
1.0
1.0
1.0
0.99999964
1.0
1.0
1.0
0.999936
1.0
0.9999999
1.0
1.0
0.9999999
1.0
1.0
0.9999938
0.99999964
0.99985254
0.99999964
1.0
0.9999932
0.99999964
1.0
0.99999714
0.9999975
1.0
1.0
1.0
1.0
1.0
1.0
1.0
1.0
0.9999999
0.99983895
1.0
0.99999964
1.0
1.0
0.99999964
1.0
1.0
1.0
1.0
0.99999964
1.0
1.0
0.9999887
1.0
0.9999994
0.99999976
0.9999813
1.0
1.0
0.99999976
0.9999999
0.9999988
1.0
1.0
1.0
1.0
0.99998605
1.0
1.0
1.0
1.0
1.0
0.99999976
0.99999976
1.0
1.0
1.0
1.0
0.99999833
0.9998764
1.0
1.0
1.0
0.9999999
1.0
1.0
0.9999976
0.9999995
0.99934906
0.99999
0.9999999
1.0
1.0
0.9999999
1.0
0.99999976
1.0
1.0
1.0
1.0
1.0
0.99999917
0.9999993
1.0
1.0
0.9999999
1.0
0.99614954
1.0
0.99999964
1.0
0.99999976
0.9942007
1.0
1.0
0.9999999
0.9999995
1.0
1.0
0.99998903
1.0
1.0
0.9999738
1.0
1.0
0.9999999
0.99999857
0.99999714
1.0
0.9998826
1.0
1.0
0.9999896
1.0
1.0
0.9999999
1.0
0.9999926
1.0
0.99993145
1.0
1.0
0.9999844
1.0
0.9999995
1.0
1.0
0.9999403
0.9999964
1.0
1.0
0.9991549
0.9999994
0.9998424
1.0
1.0
0.9999571
1.0
0.9997203
1.0
1.0
1.0
1.0
1.0
0.9999982
0.9999181
0.99999297
1.0
1.0
1.0
0.9999999
1.0
1.0
0.9999368
1.0
1.0
0.9999969
1.0
0.9999975
0.9971584
1.0
1.0
0.99999976
1.0
1.0
1.0
0.9999999
0.99999964
1.0
1.0
0.9998048
1.0
0.99999475
0.999925
0.9999852
1.0
0.9999999
0.9999994
1.0
1.0
0.99999964
1.0
0.9999999
0.9999999
1.0
1.0
0.9998468
0.99999917
1.0
0.99999785
1.0
1.0
0.8920365
1.0
0.9999316
1.0
0.9999995
1.0
1.0
0.9999995
0.99999833
0.9999995
1.0
1.0
1.0
1.0
0.99999535
1.0
1.0
0.9999999
0.9999999
0.9999999
0.99999344
1.0
1.0
0.9999993
1.0
0.9999329
1.0
1.0
0.99999964
1.0
1.0
1.0
1.0
1.0
1.0
1.0
1.0
0.9999999
0.9999999
1.0
1.0
1.0
0.99999905
1.0
0.9947535
1.0
0.9999999
1.0
0.99999976
1.0
0.9998925
0.9999511
1.0
1.0
0.9997521
0.99999356
0.9999865
1.0
0.99305105
1.0
1.0
1.0
0.9590005
0.99999356
1.0
0.9999999
0.99998176
0.99999976
1.0
0.9999999
0.99998534
0.99999905
0.9999993
1.0
1.0
0.99997854
0.9999995
0.9999907
1.0
0.99994254
1.0
0.99605656
1.0
0.99999857
0.999992
1.0
0.9996164
0.99999726
0.9999995
0.9999999
1.0
0.9999994
1.0
0.9999982
1.0
0.9997534
1.0
1.0
1.0
0.9999981
1.0
0.99999964
0.9999999
1.0
0.9999782
0.9999689
0.9999968
0.9999957
0.99998724
0.99999917
1.0
0.9999994
0.9999993
0.99982685
0.9998648
1.0
1.0
0.9999764
0.99999857
1.0
0.99999905
1.0
0.99999976
0.9999994
0.9998797
0.99999964
0.9999999
0.99999905
1.0
1.0
0.9999993
1.0
1.0
0.9999999
0.99998784
1.0
1.0
0.9996805
1.0
1.0
0.99999595
1.0
0.9999999
1.0
0.9999988
1.0
1.0
1.0
1.0
1.0
0.9999443
0.99999976
0.99999964
0.99999905
0.9999999
0.9999943
1.0
1.0
0.9999999
1.0
1.0
0.9999969
1.0
1.0
0.9999999
1.0
0.999998
0.99999976
1.0
1.0
0.99999166
1.0
1.0
0.9999988
0.99999857
1.0
1.0
1.0
0.9999999
0.99999726
0.9999943
0.9999982
0.99999976
0.99999905
0.9999908
0.9999999
1.0
1.0
1.0
0.99999857
0.99999964
0.99985313
1.0
0.99999976
0.99998415
0.998949
0.99999976
0.9999988
0.9999976
1.0
0.9996202
1.0
0.99999917
0.99999964
1.0
0.9999958
1.0
1.0
1.0
0.99999976
0.9999989
1.0
1.0
1.0
1.0
1.0
0.99999905
0.9999995
0.99999726
0.9999994
1.0
0.9999677
1.0
0.99999976
1.0
0.99999
0.99999905
0.99999964
0.9999994
1.0
0.9998776
0.9999999
0.9999689
0.9999989
0.9999876
0.9999994
0.99992335
1.0
0.9999635
0.9999999
0.99999976
0.99999845
1.0
0.99999666
1.0
1.0
0.9999993
0.9999943
0.99999976
0.999995
0.99997306
0.9999988
1.0
0.9999974
0.9999982
1.0
0.99999917
0.9999999
1.0
0.99802434
1.0
0.9999975
0.9999124
1.0
1.0
0.99999535
0.9999999
0.99999976
0.9999994
0.9999999
0.9999999
1.0
0.99998236
0.99997985
1.0
1.0
0.9999988
0.99998415
0.99939907
0.9999995
0.9763407
1.0
0.9999989
0.9999852
0.9999987
0.9999968
0.9999994
0.9998964
1.0
0.99999666
1.0
0.99996066
0.9999857
0.9999956
1.0
0.99999976
1.0
0.9998716
1.0
1.0
1.0
1.0
0.99999833
0.9999304
1.0
0.99999905
0.99999976
0.9999137
0.99999917
0.9999958
0.99999976
0.99995315
0.9999975
1.0
0.99997747
1.0
1.0
0.99999785
0.9997769
0.99997056
1.0
1.0
0.9999119
0.9999995
1.0
0.99999976
1.0
1.0
0.9999988
0.9995981
1.0
0.99999976
0.9999993
0.9999982
1.0
0.99999964
0.99998975
0.99991715
0.99986875
0.99999833
0.99999833
1.0
0.9999989
0.9999982
0.9990031
1.0
1.0
1.0
1.0
0.9999912
0.9999964
0.9998971
1.0
0.99999917
1.0
1.0
1.0
0.9999956
1.0
1.0
0.9999883
0.99999535
0.9999999
0.99999964
0.9999999
1.0
1.0
1.0
1.0
0.9995303
0.9999956
1.0
0.9999999
0.9999999
0.9999994
0.9999999
0.9999782
1.0
1.0
0.99999905
0.99999917
0.9999999
0.9999993
0.9999999
0.9999795
0.9994783
1.0
1.0
1.0
1.0
0.99989736
0.9999969
1.0
1.0
1.0
1.0
1.0
0.9999999
0.9999002
0.99999976
1.0
0.9999703
0.99999845
0.99999976
0.99986076
1.0
0.99999905
1.0
0.9999999
0.9999999
1.0
0.99997807
0.9999982
0.9999999
1.0
0.99997497
0.99999976
0.99997866
0.9999682
0.9999932
0.99729735
0.9999987
1.0
1.0
1.0
0.99999917
0.99970514
0.9999987
0.9999993
0.9999999
0.99997866
1.0
0.9999913
0.99999297
1.0
1.0
1.0
1.0
1.0
0.99999964
0.9999913
0.9999999
1.0
0.9999993
0.9999999
0.9999994
0.9999999
0.9999999
1.0
1.0
0.9999994
0.99998033
0.9998673
1.0
0.9999999
1.0
0.9999999
1.0
1.0
0.9999993
1.0
1.0
0.9999999
1.0
1.0
0.9997526
1.0
1.0
1.0
1.0
1.0
1.0
1.0
0.9999989
1.0
1.0
1.0
0.9999994
1.0
1.0
0.99999857
0.9999999
0.9999999
0.99999475
0.9999988
1.0
0.99999976
0.9999951
1.0
1.0
1.0
0.99999964
1.0
1.0
1.0
0.9999974
1.0
0.9999752
1.0
1.0
1.0
1.0
0.999998
0.99998605
1.0
0.999992
1.0
1.0
1.0
1.0
1.0
0.99999976
1.0
1.0
1.0
1.0
1.0
0.9999715
0.9999436
0.99999905
1.0
1.0
0.99999917
1.0
1.0
0.99999845
0.9999993
1.0
1.0
0.99999666
1.0
1.0
1.0
0.9999999
1.0
0.9999937
1.0
0.9999999
0.99999964
0.99999976
1.0
1.0
1.0
0.9999976
0.9999993
1.0
0.9999999
1.0
0.99999833
1.0
1.0
1.0
1.0
1.0
1.0
1.0
1.0
0.9999999
1.0
1.0
1.0
1.0
1.0
1.0
1.0
1.0
0.99999845
1.0
1.0
1.0
0.9999999
1.0
1.0
1.0
0.9999974
0.9997732
0.9999999
0.9999999
0.99963415
0.99999976
0.999954
0.9998884
0.9985367
1.0
0.99999607
0.9999974
1.0
1.0
0.9999999
0.99999833
0.99999905
1.0
0.9994566
0.9999994
0.9999994
0.9996536
1.0
0.9999999
0.99999976
1.0
0.99999154
1.0
0.9999852
0.99999964
0.9999999
1.0
0.9999852
1.0
0.9999993
0.9999999
0.99999917
1.0
0.9999968
1.0
1.0
0.99999774
1.0
1.0
0.9999944
0.9998772
1.0
1.0
1.0
0.9998276
1.0
0.99996936
1.0
0.9999254
1.0
0.9999838
0.999998
0.9999999
0.9999496
1.0
1.0
0.9999933
0.99999976
0.99999905
1.0
0.9999999
0.99999785
0.999997
0.99999607
0.99820805
1.0
0.9999651
0.99999
0.99999535
0.9999963
0.9999995
1.0
1.0
0.9999975
0.9999895
0.9999988
0.99999785
1.0
0.99999654
0.9999021
0.9925206
1.0
0.99997556
1.0
1.0
1.0
0.9999999
0.9999994
0.99997663
0.99999714
0.99929106
0.9999999
0.9999981
0.999959
1.0
0.9999994
1.0
0.9999994
1.0
0.9999999
1.0
1.0
1.0
1.0
0.99989676
1.0
0.9998523
0.9997714
0.9999689
0.99529463
0.999998
0.9999949
0.99305457
1.0
0.99985206
0.99998987
0.8862823
0.9999263
0.9989219
0.99996305
0.99989665
0.99999726
1.0
0.99903905
0.9998388
0.9999815
0.9999765
0.99969923
0.9999808
0.9999999
0.99992573
0.9999994
0.9999889
1.0
0.99999964
0.9999999
0.9999957
1.0
1.0
1.0
1.0
0.99988544
0.9999958
0.9999759
0.99933916
1.0
1.0
0.99999857
0.99999976
1.0
1.0
0.9999999
1.0
0.9999708
0.9999919
0.9999999
1.0
0.99999976
0.99998546
0.9999999
0.99999464
0.9999943
1.0
0.99998736
0.9999999
0.99997985
0.9993135
0.999987
1.0
0.9754317
0.9988016
0.9999994
0.9999968
0.9999995
0.9999999
0.99999666
0.9998822
1.0
0.9999918
0.9994942
1.0
0.9999865
0.9989349
0.99977654
0.9999802
0.9997392
1.0
0.9999386
0.9993974
0.9999994
0.9999994
0.9998186
0.9991836
0.9999999
0.98227435
0.99580574
0.99999666
0.9999976
0.99999976
1.0
1.0
0.9999627
1.0
1.0
1.0
1.0
1.0
0.9999999
1.0
0.9999999
1.0
1.0
0.9999963
0.99999976
1.0
1.0
1.0
1.0
0.99999714
0.99997175
1.0
0.9999995
1.0
1.0
1.0
1.0
1.0
0.99999964
1.0
0.99999666
1.0
0.99994886
1.0
0.99999976
1.0
1.0
0.9999994
1.0
0.9964444
1.0
1.0
1.0
1.0
1.0
1.0
0.9999572
1.0
0.99999964
1.0
0.99999964
1.0
0.9999999
0.9985073
0.999997
1.0
1.0
1.0
0.99955505
0.9925619
1.0
1.0
0.9999995
1.0
0.99999976
0.9999993
0.99999905
0.99999523
0.99999285
1.0
1.0
0.99994755
1.0
1.0
1.0
1.0
0.9999448
1.0
1.0
0.9999981
0.99999976
1.0
1.0
1.0
0.99992406
1.0
1.0
0.9999999
0.9999944
0.9999999
0.9999937
1.0
0.9999999
1.0
1.0
1.0
0.9999944
1.0
0.99998736
0.9999943
1.0
1.0
0.9999999
0.9999999
1.0
0.9999999
1.0
0.99999976
1.0
1.0
1.0
0.99998045
0.9999145
0.9999982
1.0
0.9999858
1.0
1.0
1.0
1.0
0.9999999
0.9999999
1.0
0.9999943
1.0
1.0
1.0
0.89748746
0.9999999
0.95698196
0.9999968
0.9998118
0.9990729
0.9973846
0.9999968
1.0
0.9999988
0.99088585
1.0
0.9978168
0.9999999
0.9999993
0.9999597
0.9999865
0.9999999
0.9999999
0.9999771
0.9995167
1.0
0.99938655
0.9999988
1.0
0.9999684
1.0
0.99999857
1.0
0.99999976
0.9999999
1.0
0.98940104
0.9481152
0.9946148
0.77200776
0.9934574
0.99999976
0.99997234
0.99999917
1.0
1.0
0.99999225
0.9907006
0.9999329
0.9949195
0.9991111
0.99836975
0.9989182
0.9999969
0.9999151
0.9992131
1.0
0.9999789
0.99999976
1.0
0.9996704
1.0
1.0
1.0
0.9999999
1.0
1.0
1.0
0.9999999
0.9999989
1.0
0.99999666
1.0
0.9992712
1.0
1.0
1.0
1.0
1.0
1.0
1.0
0.9999993
0.99999976
1.0
0.99995816
1.0
1.0
1.0
0.9999957
0.99999714
1.0
0.99999905
1.0
1.0
0.9999976
0.99999905
0.9999683
1.0
0.99998033
1.0
1.0
0.9998789
1.0
1.0
0.9999999
1.0
1.0
1.0
1.0
0.99999475
0.999998
1.0
1.0
0.99999976
1.0
1.0
0.9999999
1.0
0.99999976
0.99999976
0.9999999
1.0
1.0
1.0
1.0
0.99999964
0.99862385
0.99560285
1.0
0.99950266
0.9998814
1.0
0.99999976
0.99999905
1.0
0.99999964
1.0
0.9999999
0.9999999
0.99999774
1.0
0.9999305
0.9999994
0.99968183
0.99999964
0.9999999
1.0
0.9999945
0.9999479
1.0
1.0
1.0
0.99997675
0.9999801
1.0
0.9999975
1.0
0.99999964
0.99981946
0.9999994
1.0
1.0
0.99993885
0.9999968
1.0
1.0
1.0
1.0
1.0
1.0
0.9999981
0.9999987
0.9999747
0.9999974
0.99999726
0.9999963
0.99999475
0.9999999
0.99999917
0.9999999
1.0
1.0
1.0
1.0
0.9999995
1.0
1.0
1.0
0.99978155
0.9999924
0.99748385
0.9049925
0.9999999
1.0
1.0
0.9999522
1.0
0.9999987
0.9999877
0.99999654
0.999949
0.9999949
1.0
1.0
0.9997689
0.99999905
0.99999964
0.9998585
1.0
1.0
0.9999999
1.0
0.99998796
0.9999757
1.0
0.9999999
1.0
0.9999863
0.97713625
0.9999877
0.9999989
0.9999999
0.99991894
0.99962544
0.9999932
0.99999976
0.9999795
0.9999995
0.99999726
0.99999976
0.9999993
0.99999046
0.9999249
0.9997478
0.9999976
1.0
1.0
0.99999726
1.0
1.0
0.9999559
0.9999999
1.0
0.9999993
0.99999166
1.0
1.0
1.0
0.99999976
0.9999988
0.9999964
0.99999976
1.0
0.9999994
1.0
0.99995625
0.9983602
1.0
0.9999962
1.0
0.9996309
0.99884206
0.99999917
0.99999964
0.9999541
0.9965507
0.99999905
0.9996823
0.99996805
0.9999925
0.8811343
0.9422855
0.9998665
1.0
0.9999981
0.9999999
1.0
0.99964905
1.0
0.9996649
0.99999917
1.0
1.0
1.0
0.9999976
1.0
1.0
1.0
0.9999994
1.0
1.0
0.9999999
1.0
1.0
0.99998343
0.9999999
0.9999982
0.99999833
1.0
0.99999976
1.0
0.9999999
0.99999976
0.9999862
0.9999974
0.9999995
1.0
0.9999989
1.0
0.9999999
1.0
0.9999999
1.0
1.0
1.0
1.0
0.99999845
0.99996173
0.9999999
0.99693537
0.9999491
0.9998864
0.9999994
0.99999475
0.99999344
1.0
0.9999746
0.99948835
0.9999
1.0
1.0
1.0
0.9999906
0.99999416
0.9999769
1.0
0.9999956
1.0
0.9999956
0.99999976
1.0
0.9999999
0.9999676
1.0
1.0
1.0
1.0
1.0
0.9999999
1.0
1.0
0.9975987
1.0
0.9724344
1.0
0.9999691
0.9999999
1.0
1.0
0.99999905
1.0
0.99999976
1.0
0.9999994
1.0
1.0
1.0
0.99999547
0.999995
1.0
0.9998698
0.99845266
0.9999999
1.0
1.0
0.99999964
0.9997255
1.0
1.0
1.0
1.0
0.9999999
1.0
1.0
0.9999999
1.0
1.0
0.9999944
1.0
1.0
1.0
1.0
0.99999976
1.0
0.9999994
1.0
1.0
1.0
1.0
1.0
1.0
1.0
1.0
1.0
0.9998398
1.0
1.0
1.0
0.99999976
0.99999976
1.0
1.0
1.0
1.0
0.9999857
0.9999994
1.0
0.99999666
1.0
1.0
1.0
1.0
1.0
0.9999999
1.0
1.0
0.9999999
1.0
1.0
1.0
0.9999974
0.9999976
1.0
0.99999917
1.0
0.99999845
0.99997413
0.99999607
0.9999962
0.9999999
0.9999008
0.99999976
0.9999802
0.9999907
1.0
1.0
0.99999976
0.9969607
0.99988616
0.9999851
1.0
0.99999857
0.9999993
0.98919463
0.9970431
0.9999876
0.9999968
1.0
0.9999976
1.0
0.9999814
1.0
1.0
1.0
0.999918
0.84395456
0.99993324
0.99998
0.995704
0.9999995
0.9999844
0.99999964
0.36897138
1.0
0.9999975
0.9999337
0.9999963
0.9999994
1.0
0.9999993
1.0
0.99999976
0.9999994
1.0
0.9988238
0.99999917
0.99999475
0.99999785
1.0
1.0
0.99999845
0.99999976
1.0
1.0
1.0
1.0
1.0
1.0
1.0
1.0
1.0
1.0
0.9999999
1.0
1.0
1.0
1.0
1.0
1.0
1.0
0.99999976
1.0
1.0
1.0
1.0
1.0
1.0
1.0
1.0
1.0
1.0
1.0
1.0
1.0
0.9999999
0.9999999
1.0
1.0
1.0
0.99996495
1.0
1.0
1.0
0.9999995
1.0
0.9999995
1.0
1.0
0.9999807
0.9999999
1.0
1.0
0.9999691
1.0
1.0
1.0
0.999998
0.99999976
1.0
1.0
1.0
1.0
0.9998234
1.0
1.0
1.0
1.0
1.0
1.0
1.0
0.99998796
1.0
0.99999976
1.0
1.0
1.0
1.0
1.0
0.9999994
0.9999999
1.0
1.0
1.0
0.9999982
1.0
1.0
0.9999999
1.0
1.0
1.0
1.0
1.0
0.9999981
1.0
1.0
0.9999999
1.0
1.0
1.0
1.0
1.0
1.0
0.9999975
1.0
1.0
0.99999976
0.9999999
1.0
0.999997
1.0
1.0
0.9999999
1.0
1.0
1.0
1.0
1.0
1.0
1.0
1.0
0.9999994
0.99999917
1.0
1.0
1.0
1.0
1.0
1.0
0.9999993
1.0
1.0
1.0
1.0
0.9999939
1.0
0.99999857
0.9999937
1.0
0.9999993
1.0
1.0
0.99999595
1.0
0.9999999
1.0
0.99999523
0.99999976
1.0
1.0
1.0
1.0
1.0
1.0
0.9999981
1.0
0.9999862
1.0
0.999998
1.0
1.0
0.99999785
1.0
1.0
1.0
1.0
0.99999917
0.9999988
1.0
0.99999976
0.9999994
0.9999994
1.0
0.9999156
0.99999976
0.9999999
1.0
1.0
1.0
1.0
1.0
1.0
1.0
0.9999995
1.0
1.0
0.9999995
1.0
1.0
0.99999964
1.0
1.0
0.9999913
0.99999964
0.9998641
1.0
1.0
0.9999963
0.9996786
1.0
0.9999993
1.0
1.0
1.0
1.0
0.99999964
0.9999994
1.0
1.0
1.0
1.0
1.0
0.99999976
1.0
0.9999999
0.9999995
1.0
1.0
1.0
0.99999976
1.0
0.9999927
1.0
1.0
1.0
0.9999993
1.0
1.0
1.0
1.0
0.9999999
1.0
0.9999995
1.0
1.0
0.9999999
1.0
0.99998105
0.9999964
0.9999999
1.0
0.9999999
0.9999999
1.0
0.99998987
1.0
1.0
1.0
1.0
1.0
1.0
0.99998665
1.0
1.0
1.0
1.0
1.0
1.0
1.0
1.0
1.0
0.99999976
0.99999785
0.9999628
0.9999949
0.99999964
1.0
1.0
1.0
1.0
1.0
1.0
0.99999774
0.9999999
0.9999999
0.9999926
0.99999976
1.0
1.0
1.0
1.0
0.9999999
0.99999976
0.99999166
1.0
0.9999999
0.9999999
1.0
1.0
0.99998474
1.0
1.0
1.0
1.0
1.0
0.99999845
1.0
1.0
1.0
0.9999989
1.0
1.0
0.99999917
0.9999981
0.99999404
1.0
1.0
0.99999917
1.0
1.0
1.0
1.0
1.0
1.0
1.0
0.9999993
1.0
1.0
1.0
1.0
1.0
1.0
1.0
1.0
1.0
0.9999995
1.0
1.0
1.0
1.0
1.0
1.0
1.0
1.0
1.0
1.0
1.0
0.9999994
0.9991824
1.0
1.0
0.99999964
1.0
0.9999362
1.0
0.9999777
1.0
1.0
0.99999976
1.0
1.0
0.99999917
0.9999999
0.99999964
1.0
0.9999995
0.999948
0.99999964
1.0
1.0
0.999998
0.99999976
0.9995578
1.0
0.9999999
1.0
1.0
1.0
0.9999999
0.99978536
1.0
1.0
1.0
1.0
1.0
1.0
1.0
0.9999995
0.9999999
0.99999845
1.0
1.0
1.0
1.0
1.0
1.0
0.99999976
0.99992716
1.0
0.9999987
1.0
1.0
1.0
1.0
0.9999999
1.0
1.0
1.0
0.9999995
1.0
0.99999225
1.0
1.0
1.0
1.0
0.99999976
1.0
0.99999964
0.9999937
1.0
1.0
0.999997
0.9999989
0.9999999
1.0
1.0
1.0
1.0
0.99999774
0.99997425
1.0
1.0
1.0
0.9999987
1.0
1.0
1.0
0.9999993
1.0
1.0
0.99999905
1.0
0.99999964
0.99999964
1.0
0.99999785
0.9999982
0.99999905
1.0
0.9999993
0.9999994
1.0
0.9999995
1.0
0.99999976
1.0
1.0
1.0
1.0
1.0
0.99999976
0.9999949
1.0
1.0
0.99986064
1.0
1.0
1.0
0.99999976
0.99999774
0.99999845
0.99998736
0.9999927
1.0
1.0
0.98665106
0.99985576
1.0
0.9996886
0.9999999
0.9999825
0.9266254
0.99978584
0.9998456
0.99996686
0.99076533
1.0
0.9999999
1.0
0.9999945
0.99326444
0.9996101
0.9998654
1.0
0.9994261
0.99999976
0.99999976
1.0
0.99999
1.0
1.0
0.99999654
0.9999249
0.9999975
0.99999547
0.99999225
0.9999999
1.0
1.0
0.9999944
0.99995995
0.9999994
0.999813
1.0
1.0
0.99999416
0.99999845
0.99999166
1.0
1.0
0.9999999
1.0
1.0
0.99438596
0.9999995
1.0
1.0
0.9999883
0.99997497
0.9999999
1.0
1.0
1.0
1.0
0.9999982
0.9990096
1.0
0.9641844
1.0
1.0
0.99999976
1.0
1.0
1.0
1.0
0.99992263
1.0
0.99999845
1.0
1.0
1.0
0.99999976
1.0
1.0
1.0
0.9999968
1.0
1.0
0.9999982
0.99997425
0.9999981
1.0
1.0
1.0
1.0
1.0
1.0
1.0
1.0
0.99998057
0.9999999
1.0
1.0
1.0
1.0
1.0
0.9999398
1.0
0.9999964
1.0
1.0
1.0
1.0
0.99999225
1.0
1.0
1.0
1.0
1.0
0.99999714
1.0
1.0
1.0
0.9999987
0.99995625
1.0
0.9999994
1.0
1.0
1.0
1.0
1.0
1.0
1.0
1.0
0.99999774
1.0
0.99999964
0.99999964
1.0
0.9999995
1.0
0.99999976
1.0
1.0
1.0
0.99999714
1.0
1.0
0.99998987
1.0
0.9999995
1.0
1.0
0.99911875
1.0
1.0
0.99999976
0.99999976
0.9999994
1.0
0.99994886
1.0
1.0
0.9999981
0.99999964
0.9997204
1.0
1.0
1.0
1.0
1.0
1.0
1.0
1.0
1.0
0.9999981
1.0
0.9999994
1.0
1.0
1.0
0.99999654
1.0
0.99935323
1.0
0.99999964
0.9999995
1.0
1.0
0.9999994
1.0
1.0
1.0
0.9999981
1.0
0.999997
1.0
0.9999999
1.0
0.9999974
0.9999999
0.9999918
1.0
0.99999905
0.9999914
0.9999962
0.9999994
0.99999964
1.0
0.99991703
0.9999888
0.99999344
0.99999917
0.9999646
1.0
1.0
0.99999976
0.99999785
0.9999989
1.0
0.99983406
1.0
0.9999988
1.0
1.0
1.0
1.0
1.0
0.99999905
1.0
1.0
0.9999999
1.0
1.0
1.0
0.9999999
0.9999951
1.0
1.0
0.999979
0.9999927
1.0
1.0
0.9999956
0.9999987
0.99999213
1.0
0.99962485
0.9998772
0.9999995
0.9999895
1.0
0.9999989
0.99999964
0.99994576
0.99999833
1.0
0.99999964
1.0
1.0
1.0
1.0
1.0
0.9999995
1.0
1.0
1.0
0.9999976
1.0
1.0
1.0
1.0
1.0
1.0
1.0
0.9999701
1.0
1.0
1.0
1.0
1.0
1.0
1.0
1.0
0.99999964
0.99999917
1.0
0.9999778
0.9999999
1.0
1.0
0.99996567
0.99999905
0.9999999
1.0
1.0
1.0
1.0
1.0
1.0
1.0
1.0
1.0
0.99999964
1.0
1.0
1.0
1.0
1.0
1.0
1.0
1.0
1.0
1.0
1.0
1.0
1.0
1.0
1.0
1.0
1.0
1.0
1.0
1.0
1.0
1.0
0.99998057
1.0
1.0
1.0
1.0
1.0
1.0
1.0
0.99999976
1.0
1.0
0.99848574
1.0
1.0
1.0
0.9999871
1.0
1.0
1.0
1.0
1.0
1.0
1.0
1.0
1.0
1.0
0.99999917
1.0
1.0
0.99999595
1.0
1.0
1.0
1.0
1.0
0.99999964
1.0
1.0
0.99999917
1.0
1.0
0.99996996
1.0
1.0
0.9999974
0.99999714
0.99999833
1.0
1.0
1.0
1.0
0.94687927
1.0
1.0
0.9999994
0.99999964
0.99999964
0.9999927
1.0
1.0
0.9999454
0.99999046
0.9999999
1.0
1.0
1.0
0.99999976
0.9999372
1.0
0.9995679
1.0
1.0
1.0
0.9999999
1.0
1.0
0.9999999
0.9999993
1.0
1.0
0.9999975
1.0
0.9999993
1.0
1.0
0.99999964
1.0
1.0
1.0
1.0
0.99974996
0.99070555
0.9999291
1.0
0.9999374
0.9999398
1.0
0.9999999
1.0
1.0
1.0
1.0
0.99999905
1.0
1.0
0.999998
0.9999999
1.0
1.0
1.0
0.9999994
0.9999993
1.0
1.0
1.0
0.9997968
1.0
1.0
1.0
1.0
1.0
1.0
1.0
0.99999595
1.0
0.9999845
1.0
0.99999964
1.0
1.0
1.0
1.0
0.9999982
1.0
0.9999995
0.99999964
0.99999857
1.0
0.99999833
1.0
1.0
0.9999999
1.0
1.0
1.0
1.0
0.99999964
0.9994624
1.0
1.0
0.99999833
0.99998546
0.99999857
1.0
0.9999999
1.0
1.0
0.99999785
1.0
0.9999974
0.99990153
0.9995184
0.9999999
0.9999969
0.9999994
0.99999976
0.9999554
1.0
1.0
0.99553937
0.9999753
0.99996555
1.0
1.0
0.9988199
1.0
0.99993587
0.9996107
1.0
0.9999987
0.9999999
0.9999788
0.9999968
0.99999976
0.9999999
1.0
0.9985108
1.0
1.0
1.0
0.99999976
0.9999366
0.99999726
1.0
1.0
0.9999925
0.99987185
1.0
1.0
0.98504525
0.99999976
0.99999774
1.0
0.99998665
0.9999981
0.9999392
1.0
0.9995234
0.9994604
0.9876194
0.99999976
0.9999974
1.0
0.99996734
0.9999995
0.9999589
1.0
1.0
0.9999999
0.99999785
1.0
0.99999976
0.9999945
0.9999691
1.0
0.99999917
1.0
1.0
0.9999995
0.99999666
1.0
0.9997607
1.0
1.0
1.0
0.9999999
0.9999827
0.99999964
0.9999933
1.0
0.99529004
1.0
1.0
1.0
1.0
0.9999876
0.99999595
1.0
1.0
0.999987
1.0
1.0
0.9998431
1.0
0.99999475
0.9999999
0.9584739
0.99999416
1.0
1.0
0.9999993
0.99999905
1.0
0.9999378
0.9999987
0.9999858
1.0
1.0
0.999959
1.0
1.0
0.99999976
0.99999857
1.0
0.9999999
1.0
0.9994419
0.9999994
1.0
0.9999796
0.9999999
0.9997503
0.9996406
0.9999988
0.9999908
1.0
0.99936026
0.99999344
1.0
0.90045893
0.99999905
0.99983525
0.9998362
0.9999968
0.999775
0.9999869
0.87143403
0.9999989
1.0
1.0
0.99999964
0.99996555
0.99997604
0.82545084
1.0
0.9963308
0.99964213
0.69413245
0.9999927
0.99999917
0.99998784
0.66915137
0.99985313
0.99999654
0.99981815
1.0
1.0
1.0
0.99990284
0.9999968
0.9999888
0.9995784
0.99381566
1.0
0.9999999
1.0
0.9999924
0.9996475
0.9999974
0.99999976
0.9984603
1.0
0.99998295
0.9947325
0.9997421
0.99997735
1.0
1.0
0.942437
1.0
1.0
0.9999751
1.0
0.99999976
1.0
0.9999721
0.99999595
0.999821
0.44032285
1.0
1.0
0.9999999
0.99999905
0.99999976
1.0
0.9996649
0.99983346
0.99995744
0.99999917
0.9999999
0.9999974
0.8633405
0.9985322
0.9986613
0.9999994
0.9999659
1.0
0.6724102
0.9999924
0.9989083
0.99959964
1.0
0.9999529
1.0
1.0
0.99999976
1.0
1.0
0.9999976
1.0
1.0
0.99999917
0.9999461
0.99484986
1.0
0.9970661
1.0
1.0
0.99999654
0.99999857
0.99999917
1.0
0.9999504
0.99999475
0.9999994
0.9999751
1.0
1.0
0.99997914
0.9999889
0.9999974
1.0
0.9613233
0.9999995
0.99995804
0.99999166
0.99999964
1.0
0.99999094
0.9997658
0.9992391
0.99999976
1.0
1.0
0.9999963
0.99999905
0.99999917
1.0
0.99996376
0.99995625
0.9997422
0.9999926
0.9999895
0.9999654
0.99999106
0.999998
0.9999999
0.99999666
1.0
1.0
0.9999994
0.9988416
1.0
0.9999994
0.99999976
1.0
0.9999924
0.90249765
0.9999993
0.9811792
0.99999714
0.9999994
0.9999932
0.9999993
1.0
1.0
0.99999475
0.9999982
0.9779658
1.0
0.99997246
0.99995375
1.0
1.0
1.0
0.99999845
1.0
0.9999765
0.9999995
1.0
0.99999714
0.62049544
0.99996793
1.0
0.9999949
0.9999993
0.99999976
0.9999999
0.9999788
0.99980646
1.0
1.0
0.9999989
1.0
1.0
1.0
1.0
0.9998042
0.9999881
1.0
0.991206
1.0
1.0
1.0
0.99998975
0.9999949
1.0
0.99999857
0.999995
0.99998343
1.0
1.0
1.0
1.0
0.9999999
0.9999918
1.0
0.99997723
0.99996746
0.9999962
0.9999304
0.99997914
1.0
1.0
1.0
0.9999999
0.9999999
0.9999999
0.9543443
0.9991079
0.99994266
1.0
0.9999999
1.0
0.9999999
0.99999976
0.9697603
0.9999987
0.9999975
0.9858543
1.0
1.0
1.0
1.0
0.99925107
0.99968636
1.0
0.9992093
0.99999976
0.9999999
1.0
0.9999728
1.0
0.9999964
0.9999987
1.0
0.9998828
0.99999976
1.0
0.9999908
1.0
1.0
1.0
0.9935435
1.0
0.99999857
1.0
1.0
0.9995097
0.99999595
1.0
0.9999999
0.9991068
0.99921227
0.99999
0.99999964
1.0
0.99321353
1.0
0.99994826
0.9998567
0.9999994
0.9989531
0.9999981
1.0
0.9999999
1.0
1.0
0.99999976
1.0
0.9999993
0.9999653
0.99999416
0.98953944
0.99279433
0.9979771
1.0
1.0
0.9999939
1.0
0.99999964
0.9999895
0.99989367
1.0
1.0
0.9996581
1.0
0.99999845
0.9999981
1.0
0.9999995
0.99968696
0.9999995
0.9999888
0.9999809
1.0
1.0
1.0
0.9999962
1.0
1.0
0.99999964
1.0
1.0
0.9999933
1.0
0.9999813
1.0
0.99999523
0.9999187
0.99998784
1.0
1.0
0.9999976
0.9999987
0.99999964
1.0
0.99999964
1.0
0.9999999
0.999997
1.0
0.99999964
0.9999938
0.9999982
0.9999951
1.0
1.0
1.0
1.0
1.0
0.99999964
1.0
0.9999994
0.99999857
1.0
1.0
0.9999999
0.9999994
0.99997187
0.9999722
1.0
0.99999964
1.0
0.99909425
0.9999993
1.0
0.9999614
0.9999999
0.9999894
0.9999877
0.96544236
1.0
0.9999995
0.9999664
0.9999999
1.0
1.0
1.0
0.99999976
1.0
0.99999714
0.9999939
1.0
1.0
1.0
0.9999999
0.9999994
0.9999999
