1.0
1.0
1.0
0.9999999
1.0
1.0
0.9999219
0.9999999
0.97790396
0.99999404
1.0
1.0
0.9999968
1.0
1.0
0.9999993
0.9999987
0.9999999
0.98494637
1.0
0.99999964
0.9999968
1.0
1.0
0.9999999
1.0
0.9999974
1.0
0.9999999
1.0
1.0
0.99999964
1.0
0.99907446
0.9999993
1.0
0.99998975
1.0
0.9999981
1.0
1.0
0.9999691
0.99999976
0.9999658
0.9999424
1.0
0.9999981
1.0
0.99999833
1.0
0.9999999
1.0
1.0
1.0
1.0
0.9999999
1.0
1.0
0.99999547
0.99998534
0.99999976
1.0
0.987693
0.99996245
1.0
0.99999845
1.0
0.999961
1.0
0.9999999
0.9999999
1.0
1.0
0.994764
1.0
1.0
1.0
1.0
0.99997234
0.99999774
0.99999976
1.0
1.0
1.0
1.0
1.0
0.99999976
0.9999994
1.0
0.9999999
1.0
1.0
0.9970625
0.9999695
1.0
0.9943005
0.9993229
0.9999993
1.0
1.0
1.0
1.0
1.0
1.0
0.99999595
0.9999994
1.0
0.9999926
0.99999714
1.0
1.0
0.9999002
0.99999964
1.0
1.0
0.8814321
0.9999999
1.0
0.99999464
0.9996151
1.0
0.9998895
0.9999999
1.0
0.999977
0.99990034
0.9999993
1.0
1.0
1.0
1.0
1.0
1.0
1.0
1.0
1.0
1.0
1.0
1.0
0.99962115
1.0
0.9999999
0.99998295
1.0
1.0
1.0
1.0
1.0
1.0
0.99957544
0.99999964
0.9727629
1.0
1.0
1.0
1.0
1.0
1.0
0.99998593
1.0
0.99995255
1.0
1.0
1.0
1.0
1.0
1.0
0.99925596
1.0
1.0
1.0
0.9996395
0.9999734
0.9999926
1.0
0.9963205
1.0
1.0
1.0
1.0
1.0
1.0
0.99999607
1.0
0.99998355
0.9999701
1.0
1.0
1.0
0.9999989
0.9999944
0.9999913
0.9999999
0.9913531
1.0
0.9990695
1.0
1.0
0.9999995
0.9999883
1.0
1.0
1.0
1.0
0.9999999
1.0
0.9999652
0.9999999
1.0
0.9968497
1.0
0.9872385
1.0
1.0
0.9999658
1.0
1.0
0.999509
1.0
1.0
0.9999994
0.9999945
1.0
1.0
1.0
0.9999999
1.0
1.0
1.0
0.99999905
0.9999994
1.0
1.0
1.0
0.9999956
1.0
1.0
1.0
1.0
1.0
0.9999999
0.9998777
0.9999547
0.9999747
0.9999999
0.9995295
1.0
0.98677725
0.99999774
0.99999845
0.9999988
0.99999917
1.0
1.0
0.99999976
0.99994767
0.9999988
0.9999994
1.0
0.89061403
1.0
0.9999994
0.99999976
0.99999905
0.9994711
1.0
0.9994929
1.0
0.9999999
0.9999999
0.999998
1.0
1.0
0.9999759
0.99999964
0.99999964
1.0
1.0
1.0
1.0
0.99999833
1.0
0.99352443
1.0
0.9999999
1.0
0.99999475
0.9997631
1.0
0.9999995
0.99999523
0.9999982
0.9993161
1.0
0.9999994
0.99999976
1.0
0.9999863
0.999995
1.0
1.0
1.0
1.0
0.99999976
1.0
0.99999976
1.0
0.9999999
0.9999969
0.9999999
1.0
1.0
1.0
0.9999273
1.0
1.0
0.99999964
0.9999882
0.9999149
1.0
0.9092031
0.5672408
0.9999987
1.0
0.99993205
0.99999726
0.99816304
1.0
0.9999974
1.0
1.0
1.0
1.0
0.9999908
1.0
1.0
0.9974611
0.9996153
1.0
0.99984956
0.75092846
0.99999964
1.0
1.0
1.0
1.0
1.0
0.9999999
1.0
0.99999976
0.99999833
1.0
0.9999999
1.0
0.99999976
0.9999999
1.0
0.9999999
0.9749082
0.94874096
0.99996793
1.0
0.99997425
0.99999857
1.0
1.0
0.99999654
1.0
0.9999901
1.0
0.9999994
1.0
0.9999999
1.0
1.0
1.0
0.9999999
1.0
1.0
1.0
0.99999964
0.998102
1.0
1.0
1.0
1.0
0.9999939
1.0
0.99999964
0.99999535
0.9999994
0.9999964
1.0
0.9999999
0.9999542
0.9999999
1.0
0.99999714
0.99999976
0.9999974
0.9993561
1.0
1.0
1.0
0.99999547
0.9999999
0.99999976
1.0
1.0
0.9999995
1.0
0.99878067
0.9999875
1.0
0.99999106
0.9999777
1.0
0.99383366
1.0
1.0
0.9999995
0.99999976
0.999995
1.0
1.0
1.0
1.0
1.0
1.0
1.0
1.0
0.9999999
0.99999833
0.9999999
1.0
0.9999999
1.0
1.0
0.99999917
0.99999976
1.0
0.9999975
0.9999999
1.0
0.99850696
0.97358626
0.9999994
0.9454261
0.9983241
0.9306145
0.9996847
1.0
0.9999969
1.0
0.9999932
1.0
0.9999975
0.99998
1.0
1.0
0.9998839
1.0
0.99999964
1.0
0.99945253
1.0
1.0
1.0
0.99999535
0.9999944
1.0
0.99999964
1.0
1.0
1.0
1.0
1.0
1.0
0.9999807
0.9997751
1.0
1.0
0.9999995
1.0
1.0
0.9999999
1.0
0.9999976
0.9999951
1.0
0.9997111
0.9999995
0.9999552
1.0
1.0
0.6499524
1.0
0.9988506
0.9999999
0.9999999
1.0
1.0
0.99999857
1.0
0.9999993
1.0
1.0
0.9999993
0.99997497
1.0
0.9999999
0.9999932
1.0
1.0
1.0
0.9999968
1.0
1.0
1.0
1.0
1.0
0.9999994
0.9999994
0.9999535
1.0
1.0
1.0
1.0
0.99998677
1.0
0.999982
0.99999917
1.0
1.0
0.9999993
1.0
0.9999987
1.0
1.0
0.99999845
0.99999976
0.9999999
0.9999881
0.992665
1.0
0.9999999
1.0
0.99999344
0.9999987
0.99999917
0.99999917
0.76747125
0.9999676
1.0
1.0
1.0
1.0
0.9997129
0.9999999
0.9999989
1.0
0.9999956
1.0
1.0
1.0
1.0
1.0
1.0
1.0
0.9999988
1.0
0.9998068
1.0
1.0
1.0
1.0
1.0
1.0
0.99999976
1.0
1.0
1.0
0.57895964
0.91434
0.9999995
0.9999999
1.0
1.0
0.99999976
1.0
1.0
0.998831
1.0
0.9997718
1.0
0.9999995
1.0
0.9999753
0.99999404
0.99999976
1.0
1.0
1.0
1.0
1.0
0.99999845
1.0
1.0
1.0
1.0
1.0
0.9999999
1.0
0.99849355
0.9999999
0.9999958
0.99999964
0.99999976
0.99998724
0.83758456
1.0
1.0
1.0
0.9999999
0.9998424
0.99819046
1.0
1.0
0.99999845
0.99975413
0.99999964
1.0
1.0
1.0
0.99999976
0.9998323
1.0
0.99999964
1.0
0.9999987
0.9999999
1.0
0.9998129
1.0
1.0
0.99998534
0.9875973
1.0
1.0
0.99999535
0.99999475
0.9999999
1.0
1.0
1.0
1.0
1.0
1.0
0.9998745
0.6106598
1.0
0.9999988
1.0
1.0
1.0
1.0
0.9999982
0.9996043
1.0
0.99999964
0.9999995
0.9999906
1.0
0.9999896
0.99721366
0.9999999
0.9999733
1.0
0.9999988
0.9999993
1.0
0.9999999
1.0
0.99999917
0.64396065
0.9999995
1.0
1.0
0.9999975
0.9999863
0.9999987
0.99992716
1.0
1.0
0.9999999
0.9999999
0.9999995
1.0
0.9999819
0.9999604
0.99999905
1.0
0.9999999
0.9999999
0.9999999
1.0
1.0
0.9999933
0.9999999
1.0
1.0
1.0
0.9999999
1.0
1.0
0.9999982
0.9903448
0.8080968
1.0
1.0
0.99861336
0.9999999
1.0
0.99959546
1.0
1.0
0.9846239
1.0
0.99995816
0.9999999
0.9999969
1.0
1.0
0.9999908
1.0
1.0
0.99999917
0.9999924
0.99840194
0.99999726
0.994028
0.9999902
1.0
0.99999964
1.0
1.0
0.999985
1.0
0.99999976
1.0
1.0
1.0
1.0
1.0
1.0
1.0
0.99999976
1.0
0.9999999
0.99999905
0.99965894
0.99998343
0.9999974
0.9999999
0.9999999
1.0
1.0
0.999998
1.0
0.9999974
1.0
1.0
1.0
0.9999999
1.0
1.0
1.0
1.0
1.0
1.0
0.9966684
0.99999654
1.0
1.0
1.0
0.9999987
0.9959847
1.0
1.0
0.99998283
0.9999993
0.9998838
1.0
1.0
1.0
0.9999999
1.0
0.9998294
1.0
1.0
0.99997187
0.9999999
1.0
1.0
0.99999595
1.0
1.0
1.0
1.0
1.0
0.9999963
1.0
1.0
0.9138413
1.0
0.9999999
0.9999925
0.9999988
1.0
1.0
1.0
1.0
1.0
0.9999976
1.0
1.0
1.0
1.0
0.99999905
0.99935764
1.0
1.0
0.9999999
0.9997906
0.99999785
1.0
1.0
0.99999976
1.0
0.99999595
0.99999964
1.0
0.9999957
1.0
0.99986136
1.0
0.99866354
1.0
1.0
1.0
1.0
1.0
0.9999999
0.9999982
0.9999999
1.0
0.99999833
0.9999895
1.0
0.99998355
1.0
1.0
1.0
0.9999981
1.0
1.0
0.999959
1.0
1.0
1.0
0.99921155
1.0
0.99999964
1.0
0.99993
0.9999876
1.0
0.99999356
1.0
1.0
0.99999917
0.9994178
0.71413887
0.7832697
1.0
0.9999918
1.0
1.0
0.9999895
1.0
0.9999993
0.9999999
1.0
1.0
1.0
0.9995522
0.99998724
1.0
0.99999475
1.0
0.9985833
0.99999857
0.99995375
0.99999833
1.0
1.0
0.9999926
0.9999995
1.0
0.9996593
1.0
1.0
1.0
0.99999917
1.0
1.0
0.99949634
0.9999999
0.99999917
0.99999964
1.0
1.0
0.99999964
1.0
0.99952793
1.0
0.9999957
1.0
0.9999969
1.0
0.99999845
1.0
0.99999714
1.0
1.0
1.0
0.9999865
1.0
0.8735151
0.97022
0.9999633
1.0
0.99999964
0.99999964
0.99999344
1.0
0.9999708
0.5294942
1.0
0.99999964
0.9998084
0.9999982
0.9999895
1.0
1.0
0.9999932
0.99378574
0.9999999
0.9995171
1.0
0.9999881
1.0
0.99981755
0.9999999
0.9999989
0.8997621
0.9999852
1.0
1.0
0.9974064
0.99999666
1.0
1.0
1.0
1.0
1.0
0.99999917
1.0
1.0
1.0
1.0
0.9999999
0.999956
1.0
1.0
0.99999964
1.0
1.0
1.0
1.0
1.0
0.9999999
0.99999297
0.9999999
0.9999945
0.99999213
1.0
1.0
1.0
0.9999932
0.99999976
1.0
0.99998975
1.0
0.9999995
1.0
0.99999046
1.0
1.0
1.0
0.9999988
1.0
0.999984
0.99999976
0.994369
0.99999905
0.9999999
0.9999956
1.0
0.99999964
0.9999999
0.99998224
0.9999858
1.0
0.9999795
1.0
0.9999945
1.0
1.0
1.0
1.0
0.99999285
0.99854636
0.9989675
0.9999999
0.9999999
1.0
1.0
1.0
0.5095305
1.0
1.0
0.9999995
0.9999999
0.99040145
0.92210627
1.0
0.99999976
0.9999995
1.0
0.99998164
0.99997675
1.0
1.0
1.0
0.99999607
0.9999943
0.9999999
0.99999917
0.99999976
1.0
0.99999595
0.99653155
0.99999964
0.9999995
1.0
1.0
1.0
1.0
1.0
1.0
1.0
0.99845624
1.0
1.0
1.0
1.0
0.9999999
1.0
1.0
1.0
0.99969995
0.99999857
1.0
1.0
1.0
0.99999976
0.9999999
0.9999995
0.9999999
0.9998884
1.0
0.99999964
1.0
1.0
0.99999964
1.0
1.0
0.99999964
0.99999976
1.0
1.0
1.0
0.99999964
1.0
0.9999999
1.0
0.9983676
0.9999989
1.0
0.9999999
1.0
0.75631016
1.0
0.94447875
1.0
1.0
0.99999845
0.9999999
0.9998554
1.0
0.9999132
0.9999957
1.0
1.0
1.0
0.9999989
0.99999917
0.99489695
1.0
0.9999734
1.0
1.0
0.99999475
1.0
1.0
1.0
1.0
0.99995434
1.0
1.0
0.9999958
1.0
0.9999999
1.0
0.99992394
0.999998
0.999158
0.99999976
1.0
0.9999999
1.0
0.99999726
0.99998856
1.0
1.0
0.9999988
0.9999999
1.0
1.0
1.0
0.99999976
1.0
1.0
0.9999902
1.0
0.99959224
0.99999964
1.0
0.9999778
1.0
0.99999833
1.0
0.9999956
1.0
1.0
0.9999999
1.0
0.999908
1.0
1.0
0.9986118
0.9458763
1.0
0.9999999
1.0
1.0
0.99999976
1.0
1.0
1.0
0.9991468
0.98225474
1.0
0.99999785
1.0
0.9999999
1.0
1.0
1.0
0.9999999
1.0
0.99873954
1.0
0.99973637
1.0
0.99896204
1.0
0.999998
0.9999856
1.0
0.99999976
0.9999516
1.0
0.99999976
0.99999917
0.9999962
0.9999691
1.0
1.0
1.0
0.9999995
1.0
0.9999995
0.9989723
1.0
0.9602901
0.99999964
0.9995185
1.0
0.9999999
1.0
0.9876887
0.9999999
1.0
0.9999993
1.0
0.9999999
1.0
0.99999416
1.0
0.99999094
0.8055995
0.999998
0.9999831
1.0
0.99999964
0.79460096
0.9998714
1.0
1.0
0.9998111
0.99999905
1.0
1.0
1.0
0.9985318
1.0
0.9999999
0.9999999
0.8800999
1.0
0.99999964
0.9999721
0.9999956
0.9999976
0.9999957
1.0
1.0
0.9999999
0.99999964
1.0
0.99994504
0.99999
1.0
1.0
1.0
0.99999976
1.0
0.97929674
1.0
0.9999757
0.9981767
0.99999964
1.0
1.0
1.0
0.9999999
0.99999917
0.99953294
0.999164
0.9999999
0.99999154
1.0
1.0
1.0
0.9997582
1.0
0.9999994
0.98664874
1.0
0.99997914
0.9999993
0.9999999
1.0
1.0
1.0
0.99999964
0.9999999
1.0
0.99999166
0.9999999
0.9999999
0.9999999
1.0
0.99984586
1.0
1.0
0.9999993
0.9334761
1.0
0.99999976
1.0
1.0
1.0
0.9999994
0.9864674
0.99999976
0.9993476
1.0
0.9999937
0.9999702
1.0
1.0
0.999998
0.9999994
0.99999964
0.9658432
1.0
0.99993205
1.0
1.0
1.0
0.9999995
0.99998534
0.99999356
1.0
0.9999877
0.99999976
0.99999976
1.0
1.0
0.99999976
1.0
0.9999994
1.0
0.99996066
1.0
1.0
1.0
1.0
1.0
1.0
1.0
0.9958261
0.99999976
0.99999964
1.0
1.0
0.9999999
1.0
1.0
0.99999964
1.0
1.0
0.9999999
1.0
0.99999845
0.99994683
1.0
1.0
1.0
1.0
0.9999957
0.99999607
0.99951565
0.99999905
1.0
1.0
1.0
1.0
0.9999764
1.0
0.75425136
0.9999449
0.9999987
1.0
0.99999774
1.0
1.0
0.9999995
0.9999999
0.99997604
0.99883753
0.99999595
1.0
0.9999989
0.9999999
0.99999845
0.9999981
1.0
0.9999516
1.0
0.99999976
0.6209894
0.9969529
1.0
0.99999976
0.99999857
0.9999999
1.0
1.0
0.9999999
0.9996749
1.0
0.99997854
1.0
0.99998474
0.9999989
0.9951302
1.0
0.9999999
0.9999999
1.0
1.0
0.99974555
0.9975672
0.99999976
0.99646544
0.99994826
0.999328
0.9999579
1.0
1.0
0.9993881
1.0
1.0
0.9999893
1.0
1.0
1.0
1.0
1.0
0.999908
0.99999964
0.99999976
1.0
1.0
0.99999785
0.9989492
1.0
1.0
0.9999845
0.9999994
0.9999999
0.9999963
0.99999964
0.9999945
0.9999976
0.9999106
1.0
1.0
0.99998987
0.99999976
1.0
0.99999905
1.0
1.0
1.0
1.0
1.0
0.99999964
0.99959785
1.0
1.0
1.0
1.0
1.0
0.9999994
1.0
1.0
1.0
0.99982625
0.9999999
0.9999807
0.99999964
0.99999154
0.99999976
1.0
1.0
0.9977087
1.0
1.0
0.9999999
1.0
0.9999571
1.0
0.9999976
0.99983585
0.9997609
0.9999994
0.999997
0.99999964
0.9999999
0.99999654
1.0
0.9999989
1.0
0.99999976
1.0
0.99864215
1.0
0.9562991
0.9999988
1.0
0.9999999
1.0
0.47214922
1.0
1.0
0.9275178
0.9999615
0.9999993
0.999995
1.0
1.0
1.0
1.0
1.0
1.0
0.99999976
1.0
1.0
0.99999523
1.0
1.0
1.0
0.9999963
1.0
0.99870896
1.0
0.9999167
1.0
0.9546597
0.98000103
1.0
1.0
1.0
0.9999994
0.99691737
1.0
1.0
0.999985
0.9999999
0.9999999
1.0
0.9999989
1.0
1.0
0.9976186
0.99717474
1.0
1.0
1.0
1.0
1.0
0.9999951
1.0
1.0
0.9999654
1.0
0.99953175
1.0
1.0
1.0
1.0
1.0
0.9999269
1.0
1.0
0.9999995
1.0
0.9999969
1.0
0.99999845
0.9997906
1.0
0.9999813
1.0
1.0
0.99649495
1.0
1.0
1.0
0.99999964
1.0
1.0
0.9988777
1.0
0.99856204
1.0
0.59059554
1.0
1.0
0.9999958
1.0
1.0
1.0
0.9999988
1.0
0.9999995
0.77550673
0.99999964
1.0
1.0
1.0
0.99997234
0.99999535
0.9999901
1.0
1.0
0.9999809
1.0
1.0
0.99998057
1.0
1.0
0.9999883
1.0
1.0
0.9999999
0.9155619
1.0
1.0
0.9999999
1.0
1.0
1.0
0.999997
0.9999945
0.9999999
1.0
0.9999999
1.0
0.9984275
0.9999999
1.0
1.0
1.0
1.0
0.999984
1.0
1.0
1.0
1.0
1.0
1.0
0.99999607
1.0
1.0
0.99994814
0.99911696
1.0
0.9995321
0.9999999
1.0
0.99972016
1.0
0.9814811
1.0
1.0
0.84655803
0.99984765
1.0
1.0
1.0
0.9992797
1.0
1.0
0.9998727
0.9999994
0.9999168
1.0
1.0
1.0
0.99999666
0.999984
0.9999937
1.0
1.0
1.0
0.9999969
1.0
0.9999994
1.0
0.9999995
0.99999726
0.99999607
1.0
0.7170543
0.9999969
0.9999993
0.99999964
1.0
0.9999974
1.0
0.99969447
0.9874049
0.9998616
1.0
1.0
0.9998098
0.9793538
1.0
1.0
0.9999554
1.0
1.0
1.0
0.99999976
0.9999801
1.0
0.9999665
1.0
1.0
1.0
1.0
0.91172343
1.0
0.9999994
1.0
0.9999982
1.0
0.99999976
1.0
0.9999999
0.9999999
0.9999999
0.99875
0.99999845
0.9999999
0.99998367
1.0
1.0
0.90576506
0.99999464
1.0
0.99999976
1.0
0.99999464
0.99999976
1.0
0.99999976
0.9999989
1.0
0.9999999
1.0
1.0
1.0
0.99999046
1.0
0.9999995
0.9998417
0.999961
1.0
1.0
0.9999989
1.0
1.0
1.0
1.0
0.99999726
0.99995375
0.99999845
1.0
0.99998856
1.0
1.0
0.999997
0.9999956
0.9856252
1.0
1.0
0.99999905
0.9999999
1.0
1.0
0.9999993
0.999997
0.9999999
0.9967145
0.99995315
0.99999976
0.99999976
1.0
1.0
0.9999995
1.0
0.9993272
0.98925006
1.0
0.99999845
1.0
0.99999595
0.9999994
1.0
0.99999833
1.0
1.0
0.9999851
1.0
1.0
0.99985456
1.0
1.0
0.9999994
0.99999964
1.0
0.9998196
0.99999964
1.0
0.99999964
0.99999976
0.9999926
1.0
1.0
0.9999999
0.9999993
0.9999397
0.9999294
1.0
1.0
0.9999993
0.9999968
0.9999995
1.0
0.9999999
0.9947968
1.0
0.99999976
1.0
0.99999726
0.99999976
0.999995
1.0
1.0
0.9994904
0.99999845
1.0
1.0
1.0
1.0
1.0
1.0
1.0
0.99989915
0.9999999
1.0
0.9999529
0.9999974
1.0
0.9998982
1.0
0.9999999
0.99998724
0.99999964
1.0
1.0
0.879832
0.9999988
0.9960639
0.99999964
1.0
0.998064
1.0
0.99999917
0.99999976
1.0
0.99997497
0.9999999
1.0
1.0
1.0
1.0
0.9999994
1.0
0.9999999
1.0
0.9999889
0.99999416
0.9999162
0.99567443
1.0
0.52953345
0.99999833
1.0
0.9999994
0.99999964
1.0
0.99992883
0.999998
0.9989837
1.0
0.9999994
1.0
1.0
1.0
1.0
0.99999976
0.9999999
1.0
1.0
1.0
1.0
0.99996376
1.0
0.9999782
0.9999995
0.9999999
0.99999166
1.0
1.0
0.9999999
1.0
1.0
0.99999976
1.0
1.0
0.99998975
0.9999999
0.9999999
0.9999894
1.0
0.9999927
0.9999633
0.9999999
1.0
0.99999547
0.99999523
0.9992405
0.9999999
1.0
0.999908
1.0
0.9999869
0.9999455
0.99970347
0.9999993
1.0
0.9999995
1.0
1.0
1.0
0.99997723
0.9999999
0.99999964
1.0
1.0
1.0
0.99988484
1.0
1.0
1.0
1.0
1.0
1.0
0.99999833
1.0
0.9999987
1.0
1.0
1.0
0.996053
1.0
0.99922717
1.0
1.0
0.9999856
0.9999976
0.9999993
0.9999987
1.0
0.9999976
0.9997756
0.99999905
0.99999964
0.9999944
0.9999999
0.9999968
0.99986553
0.9999933
0.9999887
1.0
1.0
0.9999999
0.9999988
1.0
1.0
0.9999999
0.9999995
1.0
1.0
1.0
1.0
0.9999999
1.0
0.9995154
1.0
0.97962534
0.99999833
1.0
1.0
1.0
0.9999994
0.99804485
0.9987656
1.0
1.0
0.9999497
0.99999547
0.9999994
1.0
1.0
0.9999994
1.0
0.9726845
0.99999976
0.9999958
1.0
1.0
0.9626789
1.0
1.0
0.7107059
0.9997162
0.9999994
1.0
0.99999654
0.9999466
0.9999993
1.0
1.0
0.9999993
0.9204139
0.9999999
0.9999987
1.0
0.99999976
0.99992085
0.9999999
0.99999976
1.0
1.0
0.9997911
0.9999988
1.0
0.99999976
0.9999999
0.99999785
1.0
0.9840326
0.99999976
1.0
0.99999976
0.999956
1.0
1.0
1.0
1.0
1.0
1.0
1.0
1.0
1.0
0.99894136
1.0
1.0
1.0
1.0
0.99998677
0.99997616
0.9999995
1.0
0.9689192
0.99999976
0.99999905
1.0
1.0
0.70465785
0.9999994
1.0
1.0
1.0
1.0
0.99999833
0.99996114
1.0
0.9988368
1.0
0.6958095
0.99999595
1.0
1.0
0.9969183
1.0
1.0
0.999119
1.0
0.78818965
1.0
1.0
1.0
0.9999995
0.9999995
1.0
0.99999964
1.0
1.0
1.0
0.9229937
0.99982554
0.99965537
0.99999964
1.0
1.0
0.6729721
0.99999964
1.0
0.99984956
1.0
1.0
0.9999989
1.0
0.99999833
1.0
0.9999999
1.0
0.99999607
0.99994326
1.0
0.99999833
1.0
1.0
0.99999857
1.0
0.9999999
1.0
0.9999999
0.99999976
0.99999964
0.99999905
0.9999262
0.9999988
1.0
1.0
1.0
0.99992025
1.0
0.99999595
0.99998236
1.0
1.0
1.0
1.0
0.9993666
1.0
1.0
1.0
1.0
1.0
1.0
1.0
0.9881728
1.0
1.0
0.9989196
0.7414165
1.0
0.99998796
0.8425415
1.0
0.99999905
1.0
0.99998283
1.0
0.9943521
0.99999964
0.9999995
0.9999914
0.9999999
0.9995596
1.0
1.0
1.0
0.9999999
1.0
1.0
1.0
1.0
1.0
1.0
1.0
0.9999224
1.0
1.0
0.99950004
1.0
1.0
1.0
1.0
1.0
0.9999999
0.99995005
1.0
0.9998661
0.99997306
1.0
1.0
1.0
1.0
1.0
1.0
0.9999739
1.0
0.99999726
0.99999475
1.0
0.99970394
0.99999976
1.0
1.0
1.0
0.99999917
0.99999964
0.99999905
0.9999994
1.0
0.9999999
0.9999989
1.0
0.9999999
1.0
0.9999962
0.99999976
0.99999666
0.9999999
1.0
1.0
0.9999715
0.99999845
1.0
1.0
0.9999999
1.0
1.0
1.0
0.97021425
1.0
0.9999871
1.0
1.0
1.0
0.9999534
0.9999999
1.0
0.9999995
0.9999918
1.0
0.9999999
0.99999213
0.7594715
1.0
1.0
1.0
1.0
1.0
0.99999964
1.0
0.999995
1.0
1.0
0.9999999
0.9999893
0.87911874
1.0
1.0
0.99999726
1.0
0.99999404
0.9999192
0.9999963
1.0
0.99999726
1.0
1.0
0.99999964
1.0
1.0
0.9780999
1.0
1.0
1.0
0.9999999
0.99999976
0.9983529
0.9999999
1.0
0.99999857
0.9998982
1.0
0.9999865
1.0
1.0
1.0
0.99999976
1.0
0.99998796
0.99999547
1.0
0.9814627
1.0
1.0
0.99999976
0.99999976
0.9999957
1.0
1.0
1.0
0.99961925
0.9995276
1.0
0.9999999
0.9999994
0.9985959
0.99999547
1.0
1.0
1.0
1.0
1.0
1.0
0.99999654
1.0
1.0
1.0
0.9999999
1.0
1.0
0.9999958
1.0
1.0
1.0
1.0
0.9999975
1.0
0.9999999
0.99999976
1.0
1.0
0.83576286
0.9999865
0.9998845
0.99999905
1.0
0.9999993
0.9999999
1.0
0.99969566
0.9999856
1.0
0.9866431
1.0
0.999995
1.0
1.0
1.0
0.9999974
0.98661196
0.9999994
1.0
1.0
1.0
0.99999833
0.9999981
0.9999976
0.99999833
0.99995315
0.99999046
0.99997175
0.9999999
0.9999993
1.0
1.0
1.0
0.9999987
0.9999964
0.6341724
1.0
0.9999951
0.99999785
1.0
1.0
0.9999995
1.0
0.8785879
0.99999964
1.0
0.9997944
1.0
1.0
0.9999988
0.9999999
0.9998204
1.0
1.0
0.99999964
0.99926776
1.0
1.0
0.9999994
1.0
1.0
1.0
0.99991727
0.9999987
1.0
1.0
0.99261427
0.99998057
0.99999654
1.0
0.999913
1.0
0.9999999
0.99999976
1.0
1.0
0.98556095
0.9990107
0.9999994
0.9999976
1.0
1.0
1.0
0.575918
0.9999038
1.0
0.9999647
1.0
0.9999989
0.9999913
1.0
0.9999765
0.99999905
0.9999999
1.0
0.9999999
1.0
1.0
0.9999999
1.0
1.0
0.9999974
0.9999975
0.9999993
0.9999999
0.9999919
0.9999907
0.99999714
1.0
0.9999478
0.9999999
0.99999595
1.0
0.9999943
1.0
1.0
1.0
0.9935928
0.99999714
0.99999213
1.0
1.0
1.0
0.9999995
1.0
0.99991834
0.99999917
0.9999999
1.0
0.99999976
1.0
1.0
1.0
0.9999995
1.0
1.0
0.99999774
0.99998856
1.0
1.0
1.0
0.9999993
0.99999964
0.99790156
1.0
0.9996811
0.99999976
1.0
1.0
1.0
0.9999697
1.0
0.99991965
0.9999999
0.9999975
0.9999485
0.9999999
0.99952185
1.0
1.0
1.0
0.9985464
0.99992824
0.87736034
1.0
1.0
1.0
1.0
1.0
0.99999964
1.0
0.9999993
0.99999976
0.99999535
1.0
1.0
1.0
0.9992211
1.0
1.0
0.99997795
1.0
1.0
1.0
0.9999999
0.9999783
1.0
1.0
0.9999995
0.9996532
1.0
1.0
0.9999993
0.9999989
1.0
1.0
0.9999989
1.0
0.99998903
0.99983966
0.9999994
1.0
0.9881223
1.0
1.0
1.0
0.99999845
0.9716077
1.0
0.99999976
0.9999995
0.99132663
1.0
1.0
0.99999976
0.99999964
1.0
1.0
0.99999475
1.0
1.0
1.0
0.9999999
0.9999994
1.0
0.9999783
0.9998172
0.99999976
1.0
1.0
1.0
0.99999964
0.9999585
1.0
0.99999976
1.0
0.99492246
1.0
0.9999999
0.9988972
0.99999785
0.99999964
1.0
1.0
1.0
1.0
0.99999976
0.9995888
0.9999995
0.99999964
1.0
0.99999976
0.9999844
0.9999782
0.9999999
1.0
1.0
1.0
0.9999958
0.9978802
0.99962866
1.0
0.99999976
1.0
0.9963198
0.99999964
0.9999995
0.99999905
1.0
1.0
0.99999857
0.99999726
0.9999999
1.0
0.9999951
1.0
1.0
0.82530355
1.0
1.0
0.9999614
1.0
1.0
0.997934
1.0
1.0
1.0
1.0
0.98926216
1.0
1.0
1.0
1.0
1.0
0.9999999
0.9999999
1.0
0.99970454
1.0
0.9998053
0.9991898
0.99999154
0.99999905
1.0
1.0
1.0
1.0
0.99875915
1.0
1.0
1.0
1.0
0.9999968
0.9999938
0.9999989
0.9999865
1.0
1.0
0.99915266
1.0
1.0
1.0
1.0
1.0
0.99246526
1.0
0.99999964
0.9999993
0.9999988
0.9999888
0.9999999
1.0
0.99999857
0.99999976
0.99994314
1.0
1.0
1.0
1.0
0.9999999
1.0
1.0
0.9998498
0.9999999
0.99999964
1.0
1.0
0.99999547
0.9999999
0.88827735
0.9999974
1.0
1.0
1.0
1.0
1.0
1.0
1.0
1.0
0.99912316
0.99999666
0.9999894
1.0
0.9999944
0.99999964
0.99996424
1.0
1.0
1.0
0.99998295
1.0
0.6178761
0.99988866
1.0
1.0
1.0
1.0
1.0
0.9999962
0.9999703
0.9999888
1.0
0.9999807
0.99987674
0.9999982
0.99998057
1.0
0.99794024
1.0
0.996924
0.9999958
1.0
1.0
1.0
1.0
1.0
1.0
1.0
0.9992607
0.9294112
0.99381244
1.0
0.99999964
1.0
0.99999785
0.9999994
0.9999939
0.9775613
1.0
0.9982553
0.9999794
0.9999989
1.0
1.0
1.0
1.0
0.9999999
1.0
0.99999976
1.0
1.0
1.0
0.9999999
1.0
1.0
0.9999993
1.0
1.0
0.99999857
1.0
1.0
0.9999999
0.9999244
1.0
0.9999999
1.0
1.0
0.99999785
1.0
0.99969554
0.9999943
0.99999964
1.0
0.9999927
0.99999976
1.0
0.9999999
0.99921787
0.9999999
1.0
0.9999994
0.99999976
0.99604803
0.99999976
0.9999956
1.0
1.0
0.9999889
0.99999416
1.0
0.9999999
0.9999987
0.9999999
0.99999857
1.0
0.92874336
1.0
0.9999994
0.9999999
1.0
0.99999976
1.0
0.99996483
0.9999976
0.9999968
1.0
0.9999995
0.99999964
1.0
0.99998236
0.99890697
1.0
0.99999964
0.9999509
1.0
1.0
1.0
0.9998611
1.0
0.99900395
1.0
1.0
0.9987832
0.9999995
1.0
1.0
1.0
1.0
1.0
1.0
1.0
0.99999964
0.9999999
1.0
0.99998856
0.99999285
0.99999976
1.0
1.0
1.0
1.0
0.9999982
0.99998903
0.9999999
1.0
1.0
0.99999917
0.9999994
1.0
1.0
0.99998224
1.0
1.0
0.9999683
1.0
0.99927264
1.0
1.0
1.0
0.99999976
1.0
0.9999944
1.0
1.0
1.0
0.9999999
0.9999993
0.99999964
1.0
0.9994356
1.0
1.0
0.9999931
0.9999999
0.9991992
0.99952424
1.0
1.0
0.99999297
0.9999758
0.97226983
1.0
0.99999785
0.9999987
0.99995124
0.9999976
0.62997913
1.0
0.99994874
0.99008197
1.0
0.9999988
0.9999995
0.99999976
1.0
0.9999989
0.99999976
0.9797133
0.742551
0.9999628
0.99999785
1.0
0.99999964
0.9999994
0.99996746
0.9999943
1.0
1.0
1.0
1.0
1.0
0.99426997
0.7261754
0.9999994
1.0
0.9999962
0.99999976
1.0
0.99999094
1.0
0.99993396
1.0
1.0
0.9999999
1.0
0.999479
1.0
0.99999917
1.0
0.99794835
1.0
0.9999825
0.9999999
1.0
0.9999993
0.9999279
0.99999094
0.9999999
0.9998229
1.0
0.9999887
1.0
0.99999976
1.0
0.9999999
0.9999405
1.0
1.0
1.0
0.9999995
0.9999944
1.0
0.9999794
1.0
0.8817276
1.0
1.0
1.0
1.0
0.99999654
0.9999999
1.0
0.9999993
0.9999919
0.73308957
1.0
0.99999976
1.0
1.0
1.0
1.0
0.99999905
1.0
1.0
1.0
1.0
1.0
1.0
0.99999976
1.0
0.99995136
0.99999976
0.9999887
1.0
0.99999976
0.99994683
1.0
1.0
0.9999987
0.99535733
1.0
1.0
0.9999871
0.99999976
1.0
1.0
1.0
0.9999999
1.0
0.9999994
1.0
1.0
1.0
0.9999999
1.0
1.0
0.9999999
1.0
1.0
1.0
1.0
1.0
1.0
0.9999999
0.9999987
0.9999839
1.0
0.9999999
0.99971455
0.95851207
0.9999999
0.991659
0.9999999
1.0
1.0
1.0
1.0
1.0
0.9995042
0.9999995
1.0
1.0
0.9730266
1.0
1.0
1.0
1.0
0.9999925
1.0
1.0
1.0
1.0
1.0
0.9999999
0.99999976
0.99999976
1.0
0.99999976
0.9999995
0.9999999
0.9999994
0.99999774
1.0
1.0
1.0
1.0
0.9999999
0.99999976
1.0
0.9998037
0.9999995
0.99988544
0.9999918
0.9999994
1.0
0.99994135
1.0
0.98990774
0.99146277
0.9999994
0.999998
0.99999964
1.0
0.99792683
0.99999595
1.0
0.9999107
1.0
1.0
1.0
0.9999994
0.9999925
1.0
0.9999995
1.0
1.0
0.9999995
0.99999845
0.9846147
0.9997985
0.99999964
0.99983287
0.9994924
0.99968517
1.0
0.99999106
1.0
0.99999547
1.0
1.0
1.0
0.9999968
1.0
1.0
0.9999982
1.0
0.99999976
1.0
0.9999999
1.0
0.99999416
1.0
1.0
1.0
1.0
1.0
0.9999174
1.0
1.0
0.99999726
0.9999988
1.0
1.0
1.0
0.99999917
0.99977285
0.99999976
1.0
1.0
1.0
1.0
0.999859
0.99980086
1.0
1.0
0.9999958
1.0
1.0
1.0
0.99999917
1.0
1.0
0.99999964
0.9999944
0.9999987
1.0
1.0
1.0
0.9739255
0.9999999
1.0
0.9999993
0.9999951
1.0
1.0
0.9950464
1.0
1.0
1.0
1.0
1.0
0.9998785
1.0
1.0
0.99999857
0.9999919
0.99999964
1.0
0.9999999
0.9999999
0.99999833
0.9999999
0.99987507
0.9999988
1.0
1.0
1.0
0.9966498
0.9999993
1.0
1.0
0.99989486
1.0
1.0
0.9872393
1.0
1.0
1.0
0.99999785
1.0
1.0
1.0
1.0
1.0
0.99999213
0.99906904
1.0
0.99998987
0.9998172
0.9999927
1.0
0.99999976
1.0
1.0
1.0
1.0
1.0
1.0
1.0
0.9909541
0.9998652
0.99999404
1.0
0.99993575
0.9999999
1.0
1.0
0.9999999
1.0
0.99995255
0.99999547
0.99999917
0.99999964
1.0
1.0
0.9999914
0.99999857
1.0
0.9999988
1.0
1.0
0.9999999
0.9999995
1.0
1.0
1.0
0.99998987
1.0
1.0
0.9998839
1.0
1.0
0.9999999
1.0
1.0
1.0
0.9999981
0.9995427
0.9940293
0.9999999
0.9999995
0.9999999
1.0
1.0
1.0
1.0
0.99999976
1.0
1.0
1.0
1.0
0.9999987
0.9999995
0.9999993
1.0
1.0
1.0
0.99999976
0.99999976
1.0
0.9999999
0.9999994
1.0
1.0
1.0
0.99987125
0.999998
0.9999951
1.0
1.0
0.99999785
1.0
0.99999976
1.0
1.0
0.99810636
1.0
0.99999607
0.99994826
0.9292107
0.999998
0.9999976
0.9999981
1.0
1.0
0.99829453
0.99912983
0.99998915
0.9999999
1.0
0.9999999
0.99979776
0.99999905
0.9999795
0.9999995
1.0
0.9999994
1.0
1.0
0.9999999
0.99999976
0.9999999
1.0
1.0
1.0
0.9999976
1.0
0.99999917
1.0
0.9999994
0.9999883
1.0
1.0
1.0
0.9999956
1.0
0.9999981
1.0
0.99083143
1.0
1.0
1.0
0.9992499
1.0
0.99999857
0.99996674
0.99981695
1.0
1.0
1.0
1.0
1.0
0.9999993
0.50147676
1.0
1.0
0.99999964
0.9997496
1.0
0.9999994
0.9999999
0.9999933
1.0
0.9999968
1.0
1.0
1.0
0.99999857
1.0
0.9999999
0.9999988
0.9999999
1.0
1.0
1.0
1.0
1.0
1.0
1.0
0.9999895
0.99999857
0.9999913
1.0
1.0
0.99999785
0.9999894
1.0
0.9999968
1.0
0.99999905
1.0
0.5271444
0.99999607
0.9999999
0.99999356
0.9999652
0.9999981
1.0
0.99999464
0.9999982
1.0
0.99999857
1.0
1.0
1.0
0.9999994
0.99999964
1.0
1.0
1.0
0.99261236
0.99999976
1.0
1.0
1.0
0.99999964
0.9999914
0.99926776
1.0
0.99999666
0.98508495
1.0
0.9999498
1.0
1.0
0.99999964
0.99993134
1.0
0.99999845
0.99994755
0.9999995
1.0
1.0
0.99999404
0.99999976
1.0
1.0
0.9999937
1.0
1.0
0.9999999
1.0
1.0
0.9996375
0.9990433
0.9999987
0.9999933
0.9999994
1.0
1.0
1.0
1.0
0.9999999
0.9999999
1.0
1.0
1.0
0.99999845
0.99999905
0.9999982
0.99999535
0.9999943
1.0
0.9999807
1.0
1.0
0.99999976
0.9999932
1.0
1.0
0.99999976
1.0
0.5507826
0.99999976
0.9999987
0.99999607
1.0
1.0
0.9999994
1.0
0.9983333
0.9999994
1.0
0.9999993
1.0
1.0
1.0
0.99999845
1.0
0.99096256
1.0
0.9999995
1.0
1.0
0.997858
1.0
1.0
1.0
0.99954575
0.9999987
0.9999999
1.0
0.99998975
0.9692541
1.0
0.99999666
0.99999905
1.0
0.9999999
0.9999865
0.9999949
1.0
1.0
1.0
1.0
1.0
1.0
1.0
0.9999982
0.9996809
1.0
0.99999905
0.99999857
1.0
0.9999784
1.0
0.9995254
0.74913573
0.9706377
1.0
1.0
1.0
1.0
0.9999981
0.9999876
1.0
0.99999714
1.0
1.0
1.0
0.99997866
1.0
0.9999962
0.9999808
0.9999982
1.0
0.9999993
1.0
1.0
0.99959594
0.99999976
0.9999999
1.0
1.0
0.9999876
1.0
0.9999988
1.0
0.9999579
1.0
0.99999344
0.9999993
1.0
0.99999964
1.0
0.9999801
0.9997054
0.999984
0.97664577
0.9999237
0.9939581
1.0
1.0
0.9999999
1.0
1.0
0.99999726
1.0
1.0
1.0
0.9999999
1.0
0.9999968
1.0
0.99999976
0.99998283
1.0
0.99929047
1.0
1.0
1.0
1.0
0.99999976
1.0
1.0
0.9999434
1.0
1.0
0.99999166
1.0
1.0
0.99999964
1.0
1.0
0.9999851
0.9999863
0.9999999
1.0
0.99999964
0.9999999
1.0
1.0
0.9999993
1.0
0.9999999
0.99999285
0.9999999
1.0
1.0
1.0
1.0
1.0
0.9999975
1.0
1.0
1.0
1.0
0.99994385
1.0
1.0
1.0
0.9885279
1.0
0.99998796
0.9999999
0.9999999
1.0
1.0
0.9999808
1.0
1.0
0.99992144
1.0
1.0
1.0
1.0
1.0
1.0
1.0
1.0
0.92315704
0.9999995
1.0
1.0
1.0
1.0
0.9999976
0.99994767
1.0
0.99998415
1.0
1.0
1.0
0.9999498
0.9999995
0.9999994
1.0
1.0
1.0
1.0
1.0
0.92655516
1.0
1.0
1.0
0.9999987
1.0
1.0
0.9999999
0.99993706
0.999998
1.0
0.9999995
0.9999995
1.0
0.9999962
1.0
0.9687902
0.99999976
0.9999999
0.9987465
1.0
0.99999905
0.99999714
1.0
0.99062866
0.9986041
0.9999995
0.99995184
0.99974424
1.0
1.0
0.9999999
1.0
1.0
0.99990857
1.0
0.9999918
0.9998165
0.99999917
1.0
0.9841718
1.0
0.9999999
1.0
0.9999999
1.0
0.99999225
0.99981207
1.0
0.99865
1.0
1.0
0.99995685
0.9998516
0.9999752
0.9999999
1.0
1.0
1.0
1.0
0.9996611
0.99999917
0.9999999
0.99999976
0.9990277
0.7879588
1.0
1.0
1.0
1.0
0.99998987
0.99999964
1.0
1.0
0.99988127
1.0
0.47828183
1.0
0.99934083
1.0
0.99999976
0.99999976
1.0
0.99999285
0.9999999
0.99999774
1.0
0.9999994
0.9999995
0.99999845
1.0
0.9999999
0.9993604
0.9999999
0.99659437
1.0
0.9999994
0.9999893
0.99999917
0.99998844
1.0
1.0
1.0
1.0
0.9994066
1.0
0.9962804
1.0
0.999998
0.94141203
1.0
1.0
1.0
1.0
1.0
0.9999999
0.9973164
1.0
0.9999995
0.9978363
1.0
1.0
1.0
0.99999964
1.0
1.0
1.0
1.0
1.0
0.9973672
0.9999999
0.9999999
0.99999976
1.0
0.9998981
1.0
0.9917429
0.99999905
0.99999654
1.0
0.9999999
1.0
1.0
1.0
0.9999783
1.0
0.9999995
1.0
0.50010014
1.0
0.9999995
0.6912668
0.9999993
0.99999964
0.99969995
0.9999881
0.9999999
0.99680483
1.0
0.9999981
0.9997756
1.0
1.0
1.0
1.0
0.9999689
1.0
0.95934886
0.9999999
0.9999925
0.9999999
1.0
1.0
0.99999595
0.9993937
1.0
0.9994941
0.9999999
1.0
1.0
1.0
1.0
0.99999976
0.9999852
1.0
1.0
1.0
0.9999993
1.0
0.9999995
1.0
0.9865481
1.0
1.0
1.0
0.9999987
0.99999857
1.0
0.9999994
1.0
0.9983542
1.0
1.0
1.0
0.9880707
1.0
0.9999994
0.99999356
1.0
0.9999994
1.0
0.9999777
1.0
1.0
0.9999999
1.0
1.0
1.0
1.0
1.0
1.0
0.9999994
0.9999975
0.99999607
0.9980457
1.0
0.9999999
0.99999964
1.0
1.0
1.0
1.0
1.0
1.0
0.9999999
1.0
0.99999964
0.9989466
0.9999995
0.8663716
0.9999995
0.9949935
1.0
1.0
0.9999238
1.0
0.9999995
1.0
0.99999
0.99993384
1.0
0.99999964
1.0
1.0
1.0
1.0
1.0
1.0
1.0
0.9999994
0.9999876
1.0
1.0
0.9999999
0.99999976
0.9999989
0.98337597
0.9999764
0.9999702
0.99948406
1.0
0.9999999
1.0
0.9999994
0.99576086
0.99999857
0.9999993
1.0
1.0
0.99999976
1.0
0.99998844
0.99962044
0.9962089
0.9999902
0.9999993
1.0
0.9999999
1.0
0.9999999
0.99999917
0.9999999
0.9999927
0.9842642
0.99999976
0.99984634
1.0
1.0
0.9999963
0.9999982
0.99999917
1.0
0.9999999
0.99999976
1.0
0.92528296
1.0
0.9999993
1.0
1.0
0.99999547
0.9999999
1.0
0.9989116
1.0
0.97703505
0.9998142
1.0
1.0
1.0
0.9999963
1.0
1.0
1.0
1.0
0.9549107
1.0
0.99999976
0.9999194
0.99999976
1.0
1.0
1.0
1.0
1.0
0.9999751
0.99999917
1.0
0.9999999
1.0
1.0
1.0
0.9999888
1.0
1.0
0.9998549
0.99999964
1.0
1.0
1.0
0.9998198
0.99999464
1.0
0.9999999
0.9999999
1.0
1.0
0.9999939
0.9999999
0.9999994
1.0
0.9725026
1.0
0.99471384
1.0
0.9999999
1.0
1.0
1.0
0.99990344
1.0
1.0
0.9999999
0.99913245
1.0
0.9999999
0.89124334
1.0
1.0
0.99999976
1.0
1.0
0.99999976
1.0
0.99999976
1.0
0.99998534
1.0
1.0
0.9999989
0.999995
0.9992506
1.0
0.99999547
1.0
1.0
0.9999995
0.99997854
0.99999666
0.99999964
0.9999591
1.0
1.0
1.0
1.0
0.999997
1.0
1.0
1.0
0.99958986
1.0
1.0
0.99999964
1.0
0.9999924
0.99999714
0.99999976
0.99999726
0.9999858
1.0
1.0
0.99999976
0.9999999
0.99999475
0.9999939
1.0
0.99999964
1.0
1.0
0.9999337
1.0
1.0
0.9999932
1.0
1.0
1.0
1.0
0.99999595
0.9999989
1.0
0.9999585
0.99999964
1.0
0.9999974
0.9999924
0.9999999
0.9999634
0.99995804
1.0
0.9999999
0.9999367
1.0
0.9887455
1.0
0.99998784
1.0
0.9999969
1.0
1.0
1.0
1.0
0.98746604
1.0
0.99999964
0.9999999
0.99999404
1.0
1.0
1.0
0.9999368
1.0
0.9999999
0.9996934
1.0
0.9876303
0.99999857
0.9999852
1.0
0.9997396
1.0
0.999997
0.99995756
0.9999988
0.9999559
1.0
1.0
1.0
0.9999993
1.0
1.0
0.9999864
0.999892
0.99998903
1.0
0.9999875
1.0
0.9999981
0.9999312
0.9999999
0.9782802
0.99999917
0.9999999
1.0
0.7963195
0.9999995
0.99999535
0.99999905
1.0
1.0
0.9996407
0.9998173
0.99999833
1.0
0.9999994
0.99999774
1.0
1.0
1.0
1.0
0.9999987
1.0
0.99999964
0.987756
1.0
1.0
1.0
0.9999999
1.0
1.0
1.0
1.0
1.0
1.0
1.0
1.0
0.9999981
0.9638883
0.99999106
1.0
1.0
1.0
0.99999714
0.9991916
0.9999995
1.0
1.0
0.73653626
1.0
1.0
1.0
1.0
1.0
0.9999999
0.9997435
0.97883534
1.0
1.0
0.99990976
0.999998
0.9999832
1.0
0.9999982
1.0
0.98064834
0.9999981
1.0
0.9999846
0.9993759
1.0
0.99585646
0.9999993
1.0
0.9999999
1.0
1.0
0.9999994
1.0
0.99999726
0.99999714
0.99999976
1.0
0.9999999
0.928982
0.9999999
0.9999999
0.9999962
1.0
0.7080868
1.0
0.9999893
1.0
0.99999416
0.9999137
0.999987
1.0
0.9988423
0.999998
0.99995637
0.99964774
0.99999857
0.99999905
1.0
1.0
1.0
0.858116
1.0
0.99993396
0.99999785
1.0
0.9999989
1.0
0.9993197
0.9999918
0.99980754
1.0
0.99998486
1.0
0.9999995
1.0
0.9999968
1.0
0.9999987
1.0
0.9999385
1.0
0.99999714
1.0
0.9999716
0.9999981
1.0
1.0
0.9999968
1.0
0.9999995
1.0
1.0
0.9999993
0.9999999
1.0
0.9999993
1.0
0.9999999
0.9808626
1.0
1.0
1.0
1.0
0.9999249
0.99065393
1.0
1.0
1.0
0.99999917
0.9999943
1.0
0.9999969
0.9999914
0.99798644
0.98325944
1.0
1.0
0.9994691
1.0
1.0
1.0
0.99999964
0.99999785
0.9520204
1.0
1.0
1.0
1.0
0.9999713
1.0
1.0
0.9999944
1.0
1.0
0.9999931
1.0
0.99245244
0.99999964
0.9999542
0.99999845
1.0
0.9999995
1.0
1.0
1.0
0.9999945
1.0
0.99998736
1.0
1.0
1.0
0.99999905
1.0
0.9998778
0.95402724
0.9998109
1.0
0.9997811
1.0
0.9997017
1.0
1.0
0.9999958
1.0
1.0
1.0
1.0
0.9999789
1.0
0.99998605
1.0
1.0
1.0
0.9999988
1.0
0.99995613
0.99999964
1.0
0.9999933
0.7496437
1.0
0.9999937
1.0
0.9999542
1.0
1.0
0.9999999
0.9996382
1.0
0.99989927
0.99999976
0.999655
0.9999883
0.999998
0.99999964
0.999995
1.0
0.97770315
1.0
1.0
1.0
1.0
1.0
0.9999949
1.0
0.9999716
1.0
0.9999981
0.97424
0.99999917
1.0
1.0
0.999987
0.9999999
0.9999862
1.0
1.0
0.9999386
1.0
1.0
1.0
1.0
1.0
0.99999964
1.0
0.9999999
1.0
1.0
1.0
1.0
1.0
0.9940103
1.0
0.9999583
0.9999865
0.9999999
0.99999547
0.9999994
1.0
1.0
1.0
0.9982034
0.99999726
0.99949634
1.0
1.0
1.0
1.0
0.99971586
1.0
1.0
0.6328629
0.9997055
1.0
0.97344923
1.0
1.0
0.99999976
0.98511523
0.99922466
0.9999714
0.8311722
1.0
0.9999974
0.9999999
0.99923277
1.0
0.9999995
0.9999993
1.0
1.0
1.0
1.0
0.9998448
1.0
0.9999281
0.99999976
1.0
1.0
1.0
0.9999999
1.0
0.9998154
1.0
1.0
1.0
1.0
1.0
0.9998235
1.0
0.9457663
1.0
0.9999995
1.0
0.99997437
1.0
1.0
0.9999999
1.0
1.0
1.0
0.99512804
0.9999881
1.0
0.99999905
0.9999907
0.99999964
1.0
0.99999845
0.9999963
1.0
1.0
0.99999785
1.0
0.99994075
1.0
1.0
0.9994281
1.0
0.99999964
0.9996669
0.9999957
0.99999905
0.99999654
0.9998691
0.6430972
0.9999999
1.0
0.99999845
0.9966564
1.0
0.99999976
0.99656254
0.9998018
1.0
1.0
1.0
1.0
0.99999976
0.9999968
1.0
1.0
1.0
0.99999964
1.0
1.0
0.9999957
0.99995303
0.9999279
1.0
0.9999999
0.9999999
1.0
1.0
1.0
0.99730873
1.0
0.99999964
0.9998981
1.0
0.9999999
0.99999964
1.0
0.99999964
0.99999464
1.0
0.9999999
1.0
0.99999976
0.8387117
1.0
0.9999987
0.9999999
0.9999217
0.8939865
1.0
1.0
1.0
1.0
0.99999964
1.0
1.0
1.0
1.0
0.99999654
1.0
0.9999809
0.99999666
1.0
0.9993674
1.0
1.0
0.99999976
0.9311607
0.9999999
1.0
1.0
0.99994135
0.9999906
1.0
1.0
0.9999894
1.0
1.0
1.0
1.0
0.9999999
1.0
1.0
0.9999999
0.97433114
0.99997675
0.99999976
0.99999976
0.9999995
1.0
0.99994004
0.99999774
1.0
0.9999846
1.0
1.0
0.999992
1.0
1.0
0.9999995
0.99999976
0.999998
0.9999801
1.0
1.0
1.0
1.0
0.9999888
1.0
0.9999932
0.9999993
1.0
0.99999833
1.0
1.0
1.0
1.0
1.0
0.99994767
1.0
0.9999547
0.9999988
1.0
0.99999654
0.9999585
1.0
1.0
0.49420664
0.9999999
0.9999999
0.999998
0.99999785
1.0
1.0
0.99999213
1.0
1.0
0.99999976
0.9999987
0.99999976
0.9999112
0.9995733
1.0
0.999997
1.0
1.0
1.0
1.0
0.99999774
1.0
1.0
0.99987304
0.9999919
0.9999994
1.0
0.9999989
1.0
0.9999994
0.9999993
0.99997115
1.0
0.9999999
1.0
0.9999987
0.9999871
1.0
0.99998355
0.9994665
0.9865193
0.99999976
0.9999995
0.9999484
0.9999999
0.9999995
1.0
1.0
1.0
1.0
1.0
0.9998628
0.99999905
1.0
1.0
0.9999542
1.0
1.0
1.0
0.99998426
0.9999498
0.9996184
1.0
0.99920887
1.0
1.0
1.0
1.0
1.0
0.99999905
1.0
0.9999982
1.0
0.9999999
1.0
1.0
1.0
1.0
1.0
1.0
1.0
1.0
1.0
0.9847088
1.0
0.9999999
0.99999976
1.0
0.9999999
1.0
0.99999964
0.99999833
1.0
1.0
1.0
0.9999995
1.0
1.0
0.99949586
1.0
1.0
0.99999964
0.99999976
1.0
0.99999976
1.0
1.0
0.89811105
0.99987054
1.0
1.0
1.0
0.9999999
1.0
0.98695344
0.9999912
0.99144167
1.0
1.0
0.9999924
1.0
1.0
1.0
0.9935249
1.0
1.0
0.99993515
1.0
0.9999999
1.0
1.0
0.99999964
1.0
1.0
0.99999785
0.99999976
0.999985
0.97343224
0.9966814
0.9999993
0.9999989
0.9999995
0.9999999
0.99999964
1.0
1.0
0.99998975
1.0
0.9999926
1.0
1.0
0.9999987
0.99999964
1.0
0.99999833
0.99999833
0.99999547
0.99995136
0.9999999
1.0
0.619723
0.9993376
1.0
1.0
1.0
1.0
0.9999999
0.99999976
0.9999993
1.0
1.0
1.0
1.0
0.9999989
0.5967737
1.0
0.9976096
0.9999995
1.0
0.9998847
0.99982786
0.99999213
0.99999726
1.0
0.9999175
1.0
0.92012817
0.99999976
0.99976236
0.9999993
0.9999999
1.0
1.0
1.0
0.99998486
1.0
0.9999999
0.9999976
0.9999981
1.0
0.9999944
0.99999976
0.99999547
1.0
1.0
1.0
0.9999999
0.9998363
1.0
0.9999993
0.99996066
0.9916517
1.0
0.99999964
1.0
0.9996382
1.0
1.0
0.9999969
1.0
1.0
0.9999577
1.0
0.99999964
0.999972
1.0
1.0
1.0
1.0
0.9999989
1.0
1.0
1.0
0.9999999
0.9999962
0.9999999
0.9999995
0.99999976
0.9999957
0.99964046
1.0
0.9999976
0.9993666
0.999173
0.99999666
0.9999999
1.0
0.99999976
1.0
1.0
0.99996376
0.9984945
0.99977595
1.0
0.9999999
0.9999999
0.6050982
1.0
1.0
0.9999976
1.0
1.0
1.0
0.9999999
0.9999994
1.0
0.9961861
0.9999739
0.9999999
1.0
0.999998
0.99999905
0.9999999
1.0
1.0
0.99999905
0.9999999
1.0
0.99991167
0.9999999
1.0
0.9999981
0.99999976
1.0
0.99999774
0.99999046
1.0
1.0
0.9999999
0.99981743
0.99468637
1.0
1.0
0.9999988
1.0
0.9995178
1.0
0.98864615
1.0
1.0
0.99999976
0.99999845
1.0
1.0
1.0
1.0
0.99999833
1.0
0.9999894
0.99998856
1.0
1.0
1.0
1.0
1.0
0.9999962
1.0
0.99999976
1.0
1.0
1.0
0.9999999
0.99999666
1.0
1.0
1.0
0.99999964
0.9999999
1.0
0.9999888
1.0
1.0
1.0
0.9999999
1.0
0.9999994
1.0
1.0
1.0
1.0
0.9999962
1.0
1.0
1.0
1.0
1.0
0.9999746
1.0
0.9999789
1.0
1.0
0.99999297
1.0
1.0
1.0
1.0
1.0
1.0
0.99999964
1.0
0.99999905
1.0
0.9999932
1.0
0.99999976
1.0
1.0
0.99998355
0.9999862
1.0
0.99999964
1.0
1.0
1.0
0.99999154
1.0
1.0
0.9999999
0.99999666
1.0
1.0
1.0
1.0
0.9999988
0.9999994
1.0
0.9998723
1.0
0.9999993
1.0
0.99999964
1.0
1.0
1.0
0.9999999
0.9999995
1.0
0.9999993
1.0
0.9999989
0.999997
1.0
1.0
1.0
1.0
0.9999993
0.99999714
0.99999976
0.99999976
1.0
0.99999976
1.0
1.0
1.0
0.9999981
1.0
1.0
1.0
1.0
0.9999999
0.99998176
0.9999802
0.9999995
1.0
1.0
0.99999964
1.0
0.9984102
1.0
1.0
1.0
1.0
1.0
1.0
1.0
0.9999901
0.99999964
1.0
1.0
1.0
0.9975666
0.9999999
1.0
0.99999964
0.99999976
1.0
0.9999913
1.0
1.0
1.0
1.0
1.0
0.9999999
1.0
0.99999976
0.99999154
1.0
1.0
1.0
0.99369943
1.0
1.0
0.9999968
1.0
0.99999905
0.96656376
1.0
0.9999038
1.0
1.0
1.0
1.0
0.99999917
1.0
1.0
1.0
0.99999976
0.9999995
1.0
1.0
0.99999964
1.0
0.99999964
0.9999999
1.0
1.0
1.0
1.0
1.0
0.99999976
0.9999999
1.0
1.0
1.0
0.9999802
1.0
1.0
1.0
1.0
0.99074054
1.0
0.9934488
1.0
0.9999747
1.0
0.9999969
1.0
0.9999975
1.0
1.0
0.9999956
1.0
1.0
1.0
0.99999964
0.9999999
1.0
0.9999099
1.0
0.9999813
0.9999968
0.999889
1.0
1.0
1.0
0.9999999
1.0
1.0
0.9992229
1.0
1.0
1.0
1.0
0.99999845
0.99999964
1.0
1.0
0.9999987
0.9999999
1.0
0.9999999
0.9999999
0.9999763
0.9999989
0.99997747
1.0
0.95780647
0.9999895
1.0
0.9999999
0.9998902
0.99999964
0.9999999
1.0
1.0
0.9999982
1.0
1.0
1.0
1.0
0.9999999
0.99934703
0.9999919
1.0
1.0
0.999946
0.99999964
0.99999845
0.9679472
0.9998858
0.9999999
1.0
1.0
1.0
1.0
1.0
1.0
1.0
0.99998975
0.9999999
1.0
1.0
1.0
1.0
0.99999917
1.0
1.0
1.0
0.998678
1.0
1.0
1.0
0.9999999
1.0
1.0
1.0
1.0
1.0
0.99999046
0.9999999
1.0
1.0
1.0
1.0
1.0
1.0
1.0
1.0
1.0
0.9999999
1.0
0.9999906
1.0
1.0
1.0
0.99999976
1.0
0.99999976
1.0
1.0
1.0
1.0
1.0
1.0
0.9999993
1.0
1.0
1.0
1.0
1.0
1.0
0.8677348
1.0
1.0
1.0
0.9999918
1.0
1.0
0.9999999
1.0
1.0
1.0
1.0
1.0
1.0
1.0
1.0
1.0
1.0
1.0
1.0
1.0
1.0
1.0
1.0
1.0
1.0
1.0
0.9999994
1.0
1.0
1.0
1.0
0.99999964
1.0
1.0
1.0
0.99999917
1.0
1.0
1.0
0.99999964
0.9999995
0.9999999
1.0
0.99999964
1.0
1.0
1.0
1.0
1.0
1.0
0.9999999
1.0
1.0
1.0
0.9999995
1.0
0.99999905
1.0
1.0
1.0
1.0
1.0
1.0
1.0
1.0
0.9999999
1.0
1.0
1.0
0.99999964
1.0
1.0
1.0
0.99999845
0.9999995
0.9999865
1.0
0.9999999
0.9999999
1.0
1.0
1.0
1.0
1.0
0.9999808
0.9999968
1.0
1.0
1.0
1.0
1.0
1.0
0.99994147
1.0
1.0
0.9999999
1.0
1.0
1.0
1.0
1.0
1.0
1.0
1.0
1.0
1.0
1.0
1.0
1.0
1.0
1.0
1.0
1.0
1.0
1.0
0.99999726
1.0
0.9997416
0.99955994
1.0
1.0
1.0
1.0
1.0
0.99999905
0.99912673
1.0
0.9999999
1.0
1.0
1.0
1.0
1.0
1.0
1.0
1.0
1.0
1.0
0.9999999
1.0
1.0
1.0
1.0
1.0
1.0
1.0
1.0
1.0
1.0
1.0
1.0
0.99999976
1.0
1.0
1.0
1.0
1.0
1.0
1.0
0.99999595
1.0
1.0
1.0
1.0
0.9999999
1.0
1.0
0.9999999
1.0
1.0
0.99999976
1.0
0.9999981
1.0
1.0
1.0
1.0
1.0
1.0
1.0
1.0
1.0
1.0
1.0
1.0
1.0
1.0
0.9999989
1.0
1.0
0.99995255
0.9999999
1.0
0.99999964
1.0
0.9999846
1.0
1.0
1.0
1.0
0.99999976
1.0
1.0
0.9999999
0.99999666
0.9999988
1.0
1.0
1.0
1.0
1.0
1.0
0.9999999
1.0
0.9999981
0.9998677
1.0
1.0
1.0
1.0
1.0
1.0
1.0
1.0
0.9999994
1.0
1.0
0.9999995
1.0
0.9999975
0.9999993
0.9999999
0.9993148
0.99999976
1.0
1.0
1.0
0.99999666
1.0
1.0
1.0
0.9999864
1.0
0.9999995
1.0
0.9999999
0.9999999
1.0
0.99998355
1.0
0.99999964
0.99998343
1.0
1.0
0.99960214
0.9999999
1.0
1.0
1.0
1.0
1.0
0.9999999
0.9999968
1.0
1.0
1.0
1.0
1.0
0.9999105
0.9999999
0.99999833
0.9999989
1.0
0.9999999
1.0
1.0
1.0
1.0
1.0
1.0
0.9999993
0.999998
1.0
1.0
1.0
0.99999976
1.0
1.0
0.99998605
1.0
1.0
0.99851006
1.0
1.0
0.9999969
0.99999976
1.0
1.0
0.99999714
0.99999964
1.0
1.0
0.9992034
1.0
0.99999917
0.99999976
0.99999976
0.9999716
0.9999994
0.9999958
0.998243
0.99999404
1.0
1.0
1.0
0.99999976
1.0
0.99999416
1.0
1.0
1.0
1.0
0.99068916
0.9999368
1.0
1.0
1.0
1.0
1.0
1.0
0.9999999
1.0
0.99999845
1.0
1.0
0.9999994
1.0
1.0
1.0
1.0
1.0
1.0
1.0
1.0
0.9990264
0.99094534
0.999998
0.9999999
1.0
1.0
1.0
0.9999877
1.0
1.0
1.0
1.0
0.9999994
1.0
1.0
0.99999917
1.0
1.0
1.0
1.0
0.99999976
1.0
1.0
1.0
0.9999999
1.0
1.0
0.9999776
0.9999987
1.0
1.0
1.0
0.99996316
0.9999999
1.0
1.0
1.0
1.0
0.99999976
1.0
1.0
0.999998
1.0
0.99999785
0.9998996
1.0
1.0
1.0
1.0
1.0
0.9999461
0.99999976
0.99999976
1.0
1.0
0.99999213
0.99999976
1.0
0.806154
0.9998988
0.9821712
0.9999993
1.0
1.0
0.99998474
1.0
0.9999993
0.9999964
1.0
0.99798286
1.0
0.9999995
1.0
0.988252
1.0
0.9999999
0.99536717
0.9999995
0.99999976
1.0
0.99998784
1.0
1.0
0.9999993
1.0
1.0
1.0
0.9999896
1.0
1.0
1.0
1.0
1.0
0.9999987
1.0
1.0
0.999992
0.99999857
1.0
1.0
1.0
1.0
0.99999166
1.0
1.0
1.0
0.9999999
1.0
0.9999994
1.0
1.0
0.9999988
1.0
1.0
0.9999999
1.0
1.0
1.0
1.0
1.0
1.0
1.0
1.0
1.0
1.0
0.99956137
0.99985623
1.0
1.0
1.0
0.99999964
0.9999993
0.99999976
1.0
1.0
1.0
1.0
1.0
1.0
0.9999999
1.0
1.0
1.0
1.0
0.99999547
0.9999951
1.0
0.9999988
0.99999976
1.0
1.0
0.9995734
0.9993656
1.0
0.99999857
1.0
1.0
0.9999999
1.0
0.99996245
1.0
1.0
1.0
1.0
0.99999964
0.9999999
0.9999906
1.0
1.0
1.0
1.0
1.0
1.0
0.99999964
1.0
1.0
0.9999999
1.0
1.0
1.0
1.0
1.0
1.0
1.0
1.0
1.0
1.0
1.0
1.0
1.0
1.0
1.0
1.0
0.99999976
1.0
0.99999964
1.0
1.0
1.0
1.0
1.0
0.994207
0.9999999
0.9999999
1.0
1.0
1.0
1.0
1.0
0.9999908
1.0
0.9980708
0.92011625
1.0
0.9999982
1.0
1.0
1.0
0.9999999
0.99999976
1.0
0.99999964
1.0
0.99999964
1.0
1.0
1.0
1.0
1.0
1.0
0.9999566
0.9999969
1.0
1.0
1.0
1.0
0.9999976
1.0
0.9999999
1.0
0.9999856
1.0
0.9999994
0.9999999
1.0
0.99995995
0.99999976
1.0
0.99999785
1.0
0.99999905
1.0
1.0
1.0
1.0
1.0
1.0
1.0
0.9999974
0.99998605
0.97373486
0.98238105
0.99999964
0.99928975
1.0
0.9999999
1.0
0.9999999
1.0
1.0
1.0
1.0
1.0
0.9999758
0.99999964
0.99998736
1.0
1.0
1.0
0.999796
0.9999999
1.0
1.0
0.99987745
1.0
0.9998233
1.0
0.999962
1.0
1.0
1.0
1.0
0.99999964
0.9999999
1.0
0.9999995
0.99999905
0.99997354
1.0
0.99999964
1.0
0.99999464
0.99999964
1.0
0.9999999
0.9952962
0.9968279
0.9999999
0.99999964
0.9999995
0.9999999
0.99999964
0.99999595
0.9999994
1.0
0.99999976
0.99993587
1.0
1.0
1.0
0.99999964
0.98551106
0.999995
0.9999962
0.9988863
0.9999999
0.9999993
1.0
0.9999502
0.9999995
0.999856
0.9999875
0.99999964
0.999998
0.999998
0.99998784
1.0
1.0
1.0
1.0
1.0
1.0
1.0
1.0
0.9999076
1.0
0.9999975
0.99944884
1.0
0.99999976
0.9903654
1.0
0.99999917
0.9999993
1.0
0.9999993
1.0
1.0
1.0
0.9997428
1.0
0.9999951
0.99999976
0.99999964
1.0
1.0
0.99997544
0.9999999
1.0
0.9999888
1.0
0.9999968
0.9999895
1.0
0.99999833
1.0
1.0
0.99999857
0.9999958
1.0
1.0
1.0
1.0
0.9999604
1.0
1.0
1.0
0.9999989
1.0
0.9933154
1.0
1.0
1.0
1.0
0.99999845
0.99924856
0.99998
0.9999994
1.0
0.99999964
1.0
1.0
1.0
0.9999995
0.9999956
0.7514305
0.9999989
0.9999999
1.0
1.0
1.0
1.0
1.0
1.0
0.999998
0.5788378
1.0
0.99998224
1.0
1.0
1.0
1.0
0.9999999
1.0
1.0
0.99999213
1.0
1.0
1.0
1.0
1.0
0.9999999
1.0
0.9999994
0.9999995
1.0
0.87396175
1.0
1.0
0.99999833
0.99999976
1.0
1.0
1.0
1.0
0.99999964
1.0
1.0
0.9999981
1.0
0.99998724
1.0
1.0
1.0
1.0
1.0
1.0
1.0
1.0
1.0
1.0
0.9999999
1.0
1.0
1.0
1.0
1.0
1.0
1.0
1.0
1.0
1.0
1.0
1.0
1.0
1.0
1.0
1.0
1.0
1.0
1.0
0.8880758
0.9999993
1.0
1.0
0.9999211
1.0
1.0
1.0
1.0
0.7320951
1.0
0.9951137
1.0
0.999997
1.0
0.688401
0.7980022
0.9999881
1.0
1.0
1.0
1.0
0.9999999
1.0
0.99999976
1.0
1.0
1.0
1.0
1.0
1.0
0.99999976
1.0
1.0
1.0
1.0
1.0
1.0
1.0
1.0
1.0
1.0
1.0
0.99999964
1.0
1.0
1.0
1.0
1.0
1.0
1.0
0.9999999
1.0
1.0
1.0
1.0
1.0
0.99999976
1.0
1.0
1.0
1.0
1.0
1.0
0.9999994
1.0
0.9999988
1.0
0.99999964
1.0
1.0
0.9999994
1.0
0.99999857
1.0
1.0
0.9999999
1.0
1.0
1.0
1.0
1.0
1.0
1.0
0.9999999
1.0
0.9999448
1.0
1.0
1.0
1.0
1.0
1.0
0.9999964
1.0
1.0
1.0
1.0
1.0
1.0
1.0
1.0
1.0
1.0
1.0
1.0
0.9999999
1.0
1.0
0.9999964
1.0
1.0
1.0
1.0
1.0
1.0
1.0
1.0
1.0
1.0
1.0
1.0
1.0
1.0
1.0
1.0
1.0
0.9999999
1.0
1.0
1.0
1.0
1.0
1.0
1.0
1.0
1.0
1.0
1.0
1.0
1.0
0.9999999
1.0
1.0
1.0
1.0
1.0
1.0
0.99999475
0.9999957
1.0
1.0
1.0
1.0
1.0
1.0
1.0
1.0
1.0
1.0
1.0
0.99999976
1.0
1.0
1.0
1.0
1.0
1.0
1.0
1.0
1.0
1.0
1.0
1.0
1.0
1.0
1.0
1.0
1.0
1.0
1.0
1.0
1.0
1.0
1.0
1.0
1.0
0.99999964
1.0
1.0
1.0
1.0
1.0
1.0
0.9999999
0.99999976
1.0
1.0
1.0
0.9999994
1.0
1.0
1.0
1.0
1.0
1.0
1.0
1.0
1.0
0.9999999
1.0
1.0
1.0
1.0
1.0
1.0
1.0
1.0
1.0
0.99999774
0.9999999
1.0
1.0
1.0
1.0
1.0
1.0
1.0
0.99999976
1.0
1.0
1.0
1.0
1.0
0.99998045
0.9999844
0.99981874
1.0
1.0
1.0
1.0
0.9999993
1.0
0.9999958
0.9999968
1.0
1.0
1.0
1.0
1.0
0.9999999
0.99999964
0.9999485
1.0
0.99976236
1.0
1.0
1.0
1.0
0.99999964
1.0
0.9995869
1.0
0.99998844
1.0
0.99999917
1.0
0.9999999
1.0
0.999954
1.0
0.9999994
1.0
1.0
1.0
0.9999993
1.0
0.9999995
1.0
0.9999995
1.0
1.0
1.0
1.0
0.999998
1.0
0.9999912
0.99999976
1.0
0.9999999
1.0
1.0
0.99999976
1.0
1.0
0.99999917
1.0
1.0
0.99999976
1.0
1.0
0.9999988
1.0
0.99999976
1.0
1.0
1.0
1.0
1.0
1.0
1.0
1.0
1.0
1.0
0.9998754
1.0
1.0
1.0
1.0
1.0
1.0
1.0
1.0
0.9952472
0.99999857
1.0
1.0
1.0
1.0
1.0
0.9999988
1.0
1.0
1.0
1.0
1.0
1.0
1.0
0.9999968
0.99999976
1.0
1.0
1.0
1.0
1.0
1.0
0.9999994
1.0
0.8639337
0.9999994
1.0
0.9999987
1.0
1.0
1.0
0.9999933
1.0
1.0
1.0
1.0
0.9999994
1.0
1.0
0.9999995
1.0
1.0
1.0
0.9999999
1.0
1.0
1.0
0.99999774
0.99999774
0.99999964
0.9999999
0.9975331
1.0
0.99999905
0.9999999
0.9999993
0.9999999
0.99966574
0.99999785
0.999997
1.0
0.9999988
1.0
0.9999968
1.0
0.99998844
1.0
0.9999995
0.9999759
1.0
1.0
0.99999857
0.9999865
0.62640697
0.96081823
0.9999994
0.99981934
0.88386065
0.9999746
0.7259108
0.9642628
0.99995935
1.0
0.9999995
0.9999589
0.9999894
0.99999166
0.99929726
0.9998466
0.99999666
0.52428913
0.9643418
0.99995947
0.9013024
0.9998714
0.5284292
0.9999231
0.9940404
0.9998969
0.9997795
0.99999845
1.0
1.0
0.9999511
1.0
0.9999989
1.0
0.9999982
0.99999976
0.99999845
0.9999994
0.9950871
1.0
0.9999838
1.0
0.9999219
0.8885665
0.98441213
0.95751214
0.9999988
1.0
0.99999845
0.9999193
1.0
0.99455726
1.0
0.9999957
0.7246617
0.99998796
0.99999297
1.0
1.0
0.9997042
0.99987197
0.9993667
1.0
0.9998597
0.9999597
0.9999999
1.0
0.9999093
0.9999833
0.9999962
0.99997365
0.46211526
1.0
0.99996734
0.99999964
0.99999964
1.0
0.99988127
0.9826696
1.0
1.0
0.99999976
0.99994826
0.9999883
1.0
1.0
0.99999964
1.0
0.9999906
0.9999999
1.0
0.9999746
0.9999999
1.0
0.99999976
1.0
0.9999913
0.9559421
0.99999964
1.0
1.0
0.9999999
0.9999981
1.0
0.99999976
1.0
1.0
0.99998975
0.9997998
0.9999999
1.0
0.9999999
0.9999988
0.99999964
0.99999964
1.0
0.9999999
0.9999999
0.99994755
1.0
0.999998
0.9999995
1.0
0.99992394
1.0
1.0
0.99999964
0.9999926
1.0
1.0
0.9999989
1.0
1.0
1.0
0.9999243
1.0
1.0
0.99999547
0.99996305
1.0
0.99995697
0.99999094
1.0
0.99999976
1.0
1.0
1.0
1.0
1.0
0.9999999
1.0
1.0
0.9997539
1.0
0.9999993
0.9999939
0.9999008
1.0
1.0
1.0
1.0
1.0
1.0
1.0
0.9998783
1.0
1.0
0.99656844
0.99999654
0.9999993
0.99999785
0.9999857
1.0
1.0
1.0
1.0
0.99999726
0.999997
0.99999785
1.0
1.0
1.0
1.0
0.9999999
1.0
1.0
0.8981392
0.99980503
1.0
0.9999913
0.93213207
0.99998605
0.99999976
0.9963755
1.0
0.9999956
0.9999999
0.9999999
1.0
1.0
0.9999932
0.99988747
0.9970799
1.0
1.0
0.9999666
0.99999917
1.0
0.99999404
1.0
0.9999963
0.9999913
1.0
1.0
0.9994635
0.9998894
1.0
1.0
1.0
1.0
0.9999994
1.0
1.0
1.0
0.99999857
1.0
0.999554
1.0
0.99999905
0.71135736
0.9997936
0.9999709
1.0
0.99996567
0.99999917
1.0
0.9999999
0.9999614
1.0
0.99986625
1.0
1.0
0.9968964
1.0
1.0
1.0
1.0
0.9999999
1.0
1.0
1.0
0.9999987
0.9999999
0.99997556
1.0
1.0
1.0
0.9999933
1.0
0.999987
1.0
1.0
1.0
0.99999094
0.9999999
1.0
1.0
1.0
1.0
1.0
1.0
0.99999964
1.0
0.9999975
1.0
1.0
1.0
1.0
1.0
1.0
1.0
1.0
1.0
1.0
1.0
1.0
0.9999999
1.0
1.0
1.0
1.0
0.9999995
1.0
0.9939598
1.0
1.0
1.0
1.0
0.99998486
1.0
1.0
1.0
1.0
1.0
1.0
1.0
1.0
1.0
1.0
1.0
1.0
1.0
1.0
1.0
1.0
1.0
0.99999964
1.0
1.0
1.0
1.0
1.0
1.0
1.0
0.9999949
1.0
1.0
1.0
1.0
0.99953365
1.0
0.99999964
0.99999857
0.99999976
0.99999964
1.0
1.0
0.9999999
1.0
1.0
1.0
0.99792993
1.0
1.0
1.0
0.99996185
1.0
1.0
0.9999999
0.9999999
1.0
0.99999964
0.99908495
1.0
1.0
0.9999989
0.99998975
1.0
0.9996401
1.0
0.99999106
1.0
0.9999999
1.0
1.0
0.9999907
1.0
1.0
1.0
1.0
1.0
1.0
0.9999982
1.0
1.0
0.99999976
0.99999964
1.0
1.0
1.0
1.0
1.0
0.9999999
1.0
1.0
1.0
0.9999734
1.0
1.0
1.0
0.9999995
0.9998287
1.0
1.0
1.0
1.0
0.999984
1.0
1.0
1.0
0.99992347
1.0
1.0
1.0
1.0
1.0
1.0
1.0
0.999998
1.0
1.0
1.0
1.0
0.9999976
1.0
1.0
1.0
0.9999999
1.0
1.0
1.0
0.9999999
1.0
1.0
1.0
1.0
0.9999995
0.99999857
1.0
1.0
1.0
1.0
0.9999981
1.0
1.0
1.0
1.0
1.0
1.0
1.0
0.9999999
1.0
1.0
0.99999905
0.9999194
0.99999976
1.0
0.9999994
1.0
1.0
1.0
1.0
1.0
1.0
1.0
1.0
1.0
1.0
1.0
1.0
1.0
0.99999976
1.0
1.0
1.0
1.0
1.0
0.9999956
1.0
1.0
1.0
1.0
1.0
1.0
0.9999999
1.0
0.9999428
0.99999774
1.0
0.99999964
1.0
1.0
1.0
0.9999999
1.0
1.0
1.0
1.0
1.0
0.9999999
0.9999999
1.0
1.0
0.99999976
1.0
0.99900985
1.0
1.0
1.0
1.0
0.99706095
1.0
1.0
1.0
1.0
0.9999999
1.0
0.99998176
1.0
1.0
0.9998838
1.0
1.0
1.0
1.0
0.99999917
1.0
0.9997012
1.0
1.0
0.9999957
1.0
1.0
1.0
1.0
0.9999944
1.0
0.99997807
1.0
1.0
0.99999917
1.0
1.0
1.0
1.0
0.99998474
1.0
1.0
1.0
0.999964
1.0
0.999966
1.0
1.0
0.9999988
1.0
0.9999814
1.0
1.0
1.0
1.0
1.0
0.99999976
0.99997246
0.9999999
1.0
1.0
0.9999999
1.0
1.0
1.0
0.99967587
1.0
1.0
0.99999857
1.0
0.99999976
0.9999751
1.0
1.0
1.0
1.0
1.0
1.0
0.99999905
1.0
1.0
1.0
0.9998301
1.0
1.0
0.99816716
0.9999869
1.0
1.0
1.0
1.0
1.0
1.0
1.0
0.99999976
0.9999999
1.0
1.0
0.99973196
0.9999995
1.0
0.9999994
1.0
1.0
0.99713564
1.0
0.9999857
1.0
1.0
1.0
1.0
1.0
1.0
1.0
1.0
1.0
1.0
1.0
1.0
1.0
1.0
1.0
1.0
1.0
0.99999213
1.0
1.0
0.99999976
1.0
0.99999523
1.0
1.0
0.99999845
1.0
0.9999999
1.0
1.0
1.0
1.0
1.0
1.0
0.9999994
1.0
1.0
1.0
0.9999982
0.9999995
1.0
0.99861014
1.0
1.0
1.0
0.9999999
1.0
0.9999211
0.9999683
1.0
1.0
0.9999989
0.99999213
0.9998443
0.9999999
0.9669453
1.0
1.0
1.0
0.97247225
0.99999547
1.0
1.0
0.9999949
0.9999994
0.9999999
0.9999995
0.9999882
0.9999918
0.9999995
1.0
1.0
0.99997675
0.9999999
0.99999964
1.0
0.9986356
1.0
0.99389005
0.9999999
0.99999607
0.99999833
1.0
0.999413
0.999995
0.9999999
0.9999999
1.0
0.9999863
1.0
0.99999666
1.0
0.9942846
1.0
1.0
1.0
0.99999964
1.0
0.99999845
0.99999976
1.0
0.99999285
0.99999964
0.99999976
0.99999833
0.9999918
1.0
1.0
0.99999964
0.99999917
0.99987483
0.9999225
1.0
1.0
0.99999523
1.0
1.0
1.0
1.0
0.9999999
1.0
0.99989367
1.0
1.0
1.0
1.0
1.0
1.0
1.0
1.0
1.0
0.9999963
1.0
1.0
0.9999976
1.0
1.0
1.0
1.0
1.0
1.0
0.99999833
1.0
1.0
1.0
1.0
1.0
1.0
1.0
1.0
1.0
1.0
0.999892
1.0
1.0
1.0
1.0
1.0
1.0
1.0
1.0
0.99999964
1.0
1.0
1.0
1.0
1.0
1.0
1.0
1.0
1.0
1.0
1.0
1.0
1.0
1.0
1.0
0.9999945
1.0
1.0
0.9999999
0.9999975
1.0
1.0
1.0
1.0
1.0
1.0
0.99999964
1.0
0.9999989
0.9999987
0.9999628
1.0
1.0
1.0
1.0
0.99969625
1.0
0.9999995
1.0
1.0
1.0
1.0
1.0
1.0
1.0
0.9999995
0.9999999
1.0
1.0
1.0
1.0
0.9999993
1.0
0.9999999
0.99999976
1.0
0.9999943
1.0
0.9999995
1.0
1.0
0.9999999
1.0
0.9999994
1.0
0.99995434
1.0
0.9999999
1.0
1.0
1.0
0.9999924
1.0
0.9999994
1.0
0.9999994
0.9999999
1.0
1.0
1.0
1.0
0.9998797
0.9999871
0.9999999
0.9999994
0.99999857
1.0
0.9999753
0.9999958
0.9999994
1.0
0.9999976
1.0
1.0
0.9990351
1.0
0.99999976
0.99993014
1.0
1.0
0.999998
0.9999826
1.0
1.0
0.99999917
1.0
1.0
0.9999995
0.9999938
1.0
1.0
0.9999969
0.99998546
0.9966266
1.0
0.98446655
1.0
0.99999976
0.9999994
1.0
0.9999927
1.0
0.99994504
1.0
0.9999999
1.0
0.9999399
0.99999976
0.9999825
1.0
1.0
1.0
0.9985953
0.9999999
1.0
1.0
1.0
0.9999995
0.99995637
1.0
0.9999999
0.9999981
0.9999255
0.99999523
0.9999994
1.0
0.9999919
0.99999964
1.0
0.99999547
0.9999945
1.0
0.99999535
0.97959423
0.9999373
1.0
1.0
0.9999094
0.99999523
1.0
1.0
1.0
1.0
0.99999905
0.9984742
1.0
1.0
0.9999981
0.99999917
0.9999995
1.0
0.9996792
0.9994591
0.99999475
0.99999774
0.9999999
1.0
1.0
0.99999964
0.99987435
1.0
1.0
1.0
1.0
0.99999595
0.9999733
0.9998807
1.0
1.0
1.0
1.0
1.0
0.99998844
1.0
1.0
0.9982571
0.99999976
1.0
1.0
1.0
1.0
0.99999917
0.9999999
1.0
0.99995804
0.9999362
0.99999976
1.0
1.0
1.0
1.0
0.9999994
1.0
1.0
0.9999999
0.99999917
0.99999976
1.0
1.0
0.99998474
0.99997675
1.0
1.0
0.99999964
1.0
0.999997
0.9999956
1.0
1.0
1.0
1.0
1.0
1.0
0.9999987
1.0
1.0
0.99999785
0.99999917
1.0
0.99999857
1.0
0.9999969
1.0
1.0
1.0
1.0
0.9999958
0.99999976
1.0
1.0
0.9999881
1.0
0.9999999
0.9999807
0.9999987
0.9998356
0.99999976
1.0
1.0
1.0
0.9999999
0.99999154
1.0
1.0
0.9999999
0.9999989
1.0
0.99999976
0.9999999
1.0
1.0
1.0
1.0
0.9999999
1.0
1.0
1.0
1.0
1.0
1.0
1.0
1.0
1.0
1.0
0.9999907
1.0
0.9999969
0.9999336
1.0
1.0
1.0
0.99999917
1.0
1.0
1.0
1.0
1.0
0.9999999
1.0
1.0
0.99998367
0.99999964
1.0
1.0
1.0
1.0
1.0
1.0
0.99999726
1.0
1.0
1.0
1.0
1.0
1.0
0.99999964
1.0
1.0
0.9998944
0.9999975
0.9999924
0.99999845
0.9999975
1.0
1.0
0.9999596
0.9999999
1.0
1.0
1.0
0.99999845
1.0
0.99994147
0.99999964
1.0
1.0
1.0
0.99999785
0.99999976
1.0
1.0
1.0
1.0
1.0
1.0
1.0
1.0
1.0
1.0
1.0
1.0
1.0
0.9999993
0.9999981
0.9999995
1.0
1.0
1.0
1.0
1.0
0.99999857
0.99999607
1.0
1.0
0.99998605
1.0
1.0
1.0
0.9999993
1.0
1.0
1.0
1.0
0.9999969
1.0
1.0
0.99999964
1.0
0.99999964
0.9999995
1.0
0.99999976
1.0
1.0
1.0
1.0
1.0
1.0
1.0
1.0
1.0
1.0
0.99997616
1.0
1.0
0.99999976
1.0
1.0
1.0
1.0
1.0
0.99999976
1.0
1.0
1.0
0.9999933
1.0
1.0
1.0
0.99999976
0.9999976
1.0
1.0
0.9999987
1.0
0.9999993
0.99983895
0.99991226
1.0
1.0
0.99999964
1.0
1.0
1.0
1.0
1.0
1.0
0.99997246
0.9999999
1.0
0.99999905
1.0
1.0
1.0
1.0
0.99999976
1.0
0.9999833
1.0
1.0
1.0
1.0
1.0
1.0
1.0
1.0
1.0
1.0
1.0
1.0
0.9999993
1.0
1.0
1.0
1.0
1.0
1.0
1.0
1.0
1.0
0.99999964
1.0
0.99999833
1.0
0.99999976
0.9999999
1.0
0.99999404
1.0
1.0
0.99999976
0.9999999
0.9999999
1.0
1.0
1.0
0.99999964
1.0
0.9995888
1.0
0.9999807
0.9999832
0.9999999
0.9999995
1.0
1.0
1.0
1.0
0.9999994
1.0
1.0
1.0
1.0
0.9999882
0.9994862
1.0
0.99999964
1.0
1.0
1.0
1.0
0.99999833
0.99998987
0.9999993
1.0
1.0
1.0
0.99994683
1.0
1.0
1.0
0.99999964
1.0
1.0
1.0
1.0
1.0
1.0
0.9999908
1.0
0.99856
0.9999969
0.9994729
0.9998677
1.0
0.99999976
0.99816555
1.0
0.9991479
0.9999999
0.85352623
0.9999956
0.99971384
0.9999995
0.99993515
0.9999999
1.0
0.9954602
0.9999852
0.9999995
0.99998
0.9998468
0.99999976
0.99999964
0.9999907
0.9999999
0.9999999
1.0
1.0
1.0
0.99999976
0.9999995
1.0
1.0
1.0
0.99999774
0.99999976
0.9999846
0.9999989
1.0
1.0
1.0
1.0
1.0
1.0
1.0
1.0
0.99985456
0.99999833
0.99999976
1.0
1.0
0.9999999
0.9999999
0.99999976
0.9999987
1.0
0.9999995
1.0
0.99999905
0.9996315
0.9999678
1.0
0.9963096
0.9999771
1.0
0.99999917
1.0
1.0
1.0
0.99999857
1.0
0.9999975
0.9999943
1.0
0.99999964
0.9990589
0.999941
0.9999883
0.9999281
1.0
0.9999938
0.9985769
1.0
1.0
0.99999976
0.9995474
1.0
0.99990976
0.98612565
1.0
1.0
1.0
1.0
1.0
0.99999225
0.9999999
1.0
1.0
1.0
1.0
1.0
1.0
1.0
1.0
1.0
0.99999356
1.0
1.0
1.0
1.0
1.0
1.0
0.9999887
1.0
1.0
0.9999999
1.0
1.0
1.0
1.0
0.9999999
1.0
0.99999845
1.0
0.9999373
1.0
1.0
1.0
1.0
1.0
1.0
0.99938285
1.0
1.0
1.0
1.0
1.0
1.0
0.9999894
1.0
1.0
1.0
0.9999999
1.0
1.0
0.9999701
0.9999937
1.0
1.0
1.0
0.9999596
0.99892235
1.0
1.0
0.9999918
1.0
0.9999999
1.0
0.99999964
0.99999857
0.9999994
1.0
1.0
0.9999726
1.0
1.0
1.0
1.0
0.9999889
1.0
1.0
1.0
1.0
1.0
1.0
1.0
0.99998367
1.0
1.0
1.0
0.9999901
1.0
0.99999964
1.0
1.0
1.0
1.0
1.0
0.9999976
1.0
0.9999987
0.9999993
1.0
1.0
1.0
1.0
1.0
1.0
1.0
1.0
1.0
1.0
1.0
0.99995077
0.9999846
1.0
1.0
0.99994254
1.0
1.0
1.0
1.0
1.0
1.0
1.0
0.9999999
1.0
1.0
1.0
0.95031995
1.0
0.9865986
0.99999964
0.999995
0.9999372
0.9965486
0.99999976
1.0
1.0
0.99609
1.0
0.9999453
1.0
1.0
0.9999975
0.99997187
1.0
1.0
0.99998975
0.9999807
1.0
0.99996245
1.0
1.0
0.9999745
1.0
0.9999999
1.0
0.9999999
1.0
1.0
0.9997212
0.9968823
0.99988914
0.8086639
0.99731535
1.0
0.9999995
1.0
1.0
1.0
0.99999774
0.99985504
0.999998
0.99960107
0.9998331
0.9998512
0.99986446
1.0
0.99999094
0.99970406
1.0
1.0
1.0
1.0
0.9999628
1.0
1.0
1.0
0.9999994
0.9999999
1.0
1.0
0.99999607
0.99999774
1.0
0.99993026
1.0
0.9988483
1.0
1.0
1.0
1.0
1.0
1.0
1.0
0.99999666
1.0
1.0
0.9999869
1.0
1.0
1.0
0.99999416
0.99999523
1.0
0.9999999
1.0
1.0
1.0
0.9999968
0.9998926
1.0
0.9999931
1.0
1.0
0.9999976
1.0
1.0
0.9999999
0.9999999
1.0
1.0
0.9999994
0.9999958
0.9998692
1.0
1.0
0.9999982
1.0
1.0
0.99999905
0.9999993
0.9999999
0.9999994
1.0
1.0
1.0
1.0
1.0
0.9999982
0.9987178
0.99523205
0.9999994
0.99743795
0.9999999
1.0
0.9999999
1.0
1.0
0.9999964
1.0
0.9999994
0.9999999
1.0
1.0
0.99960476
0.99999976
0.99977916
0.9999999
1.0
0.99999917
0.99999964
0.99997723
1.0
1.0
1.0
0.99999976
0.9999982
1.0
0.9999968
1.0
0.99999976
0.9999987
0.99999976
1.0
1.0
0.9999999
0.9999994
1.0
1.0
1.0
1.0
1.0
1.0
0.9999975
0.9999995
0.99996006
0.9999709
0.9999995
0.9999852
0.99999964
1.0
1.0
0.99999976
1.0
1.0
1.0
0.9999999
1.0
1.0
1.0
1.0
0.99981993
0.99999595
0.9997123
0.94443315
1.0
1.0
1.0
0.9999074
1.0
0.9999999
0.99983644
0.9999076
0.99998295
0.99999464
0.99999976
1.0
0.9998611
0.99999833
1.0
0.998777
1.0
1.0
0.99999857
1.0
0.9999987
0.999984
1.0
0.99999976
1.0
0.99998915
0.98938024
0.99992085
0.9999652
1.0
0.99980456
0.99862623
0.99996436
1.0
0.9999927
0.9999931
0.999987
0.99999976
0.9999988
0.99997306
0.99999964
0.9999541
0.99999976
0.99999964
1.0
0.99999845
1.0
1.0
0.999995
0.9999999
1.0
0.9999993
0.9999995
1.0
1.0
1.0
1.0
0.99998343
0.9999999
0.9999999
0.9999999
0.99999976
1.0
0.99998915
0.9856316
1.0
0.9999989
1.0
0.99358624
0.9702857
0.9999988
0.9999988
0.99999523
0.9976547
0.99999774
0.99977607
0.9989691
0.9999981
0.97754544
0.99198794
0.99999654
1.0
1.0
1.0
1.0
0.99991465
0.99999976
0.999463
0.999998
0.9999999
1.0
1.0
0.9999608
1.0
1.0
0.9999989
1.0
1.0
1.0
1.0
1.0
1.0
0.99999845
1.0
0.99999225
1.0
0.99998724
1.0
1.0
1.0
1.0
0.999974
0.9999906
1.0
0.9999999
1.0
1.0
1.0
1.0
1.0
1.0
1.0
1.0
1.0
0.99999964
0.9999975
0.99999976
0.99997663
0.99999666
0.9997037
1.0
1.0
0.9999999
1.0
0.9999875
0.9977818
0.9999707
1.0
1.0
1.0
0.99999976
0.9999844
0.99980646
1.0
0.9999969
1.0
0.99999845
1.0
1.0
1.0
0.99999475
0.9999999
1.0
1.0
1.0
1.0
1.0
1.0
1.0
0.99024606
1.0
0.6461708
1.0
0.99999964
1.0
0.9999999
1.0
0.99999917
1.0
1.0
1.0
1.0
1.0
1.0
1.0
0.99999714
1.0
1.0
0.9999887
0.99951315
1.0
1.0
1.0
1.0
0.9999833
1.0
1.0
1.0
1.0
0.9999999
1.0
1.0
1.0
1.0
1.0
1.0
1.0
1.0
1.0
1.0
1.0
1.0
1.0
1.0
1.0
1.0
1.0
1.0
1.0
1.0
1.0
1.0
0.99994385
1.0
1.0
1.0
1.0
1.0
1.0
1.0
1.0
1.0
0.999997
1.0
1.0
0.99999976
1.0
1.0
1.0
0.9999999
1.0
1.0
1.0
1.0
1.0
1.0
1.0
1.0
1.0
0.9999981
1.0
1.0
1.0
0.9999993
0.9999931
0.9999994
0.99999774
1.0
0.99999917
1.0
0.99995923
0.9999994
1.0
1.0
1.0
0.9999838
0.99997544
0.9996736
1.0
0.99999857
1.0
0.99999344
0.9992969
0.9999672
0.9999999
0.9999999
0.9999995
1.0
0.9999999
1.0
1.0
1.0
0.9987552
0.9948996
0.9999999
0.9999913
0.9996351
0.99999917
0.9999682
0.99999976
0.87227714
1.0
1.0
0.9999999
1.0
1.0
1.0
0.99999905
1.0
1.0
0.9999999
1.0
0.99994624
0.9999995
0.99999654
1.0
1.0
0.99999833
0.99999976
1.0
1.0
1.0
1.0
0.9999999
1.0
1.0
1.0
1.0
1.0
1.0
0.999997
1.0
1.0
1.0
1.0
1.0
1.0
1.0
0.9999962
1.0
1.0
1.0
1.0
1.0
1.0
1.0
0.99999976
1.0
1.0
1.0
1.0
0.9999999
1.0
1.0
1.0
1.0
1.0
0.9996331
1.0
1.0
1.0
0.9999999
1.0
0.99999785
0.9999993
1.0
0.9999713
0.9999999
1.0
1.0
0.99999166
1.0
1.0
1.0
1.0
0.9999999
1.0
1.0
1.0
0.9999981
0.9999715
0.9999987
1.0
1.0
1.0
1.0
1.0
1.0
0.99999976
1.0
0.9999993
1.0
1.0
1.0
1.0
1.0
0.9999939
1.0
1.0
1.0
1.0
1.0
1.0
1.0
0.99999785
1.0
1.0
1.0
1.0
1.0
0.99999833
0.9999999
1.0
0.9999999
1.0
0.9999999
1.0
1.0
1.0
1.0
1.0
1.0
1.0
0.9999999
1.0
0.9999999
0.99999547
0.99999905
1.0
1.0
1.0
1.0
1.0
1.0
1.0
1.0
1.0
1.0
0.9999994
1.0
1.0
1.0
1.0
1.0
1.0
1.0
1.0
1.0
1.0
1.0
1.0
1.0
1.0
1.0
0.9999999
1.0
1.0
1.0
1.0
1.0
1.0
1.0
1.0
0.9999999
1.0
1.0
1.0
1.0
1.0
1.0
1.0
0.9999999
1.0
0.9999981
1.0
1.0
1.0
1.0
0.999998
1.0
1.0
1.0
1.0
1.0
1.0
1.0
1.0
1.0
1.0
1.0
0.99999976
1.0
1.0
1.0
1.0
1.0
1.0
1.0
1.0
1.0
0.99999905
1.0
1.0
1.0
1.0
1.0
0.9999999
1.0
1.0
0.9999989
1.0
0.99985754
1.0
1.0
1.0
0.99999464
1.0
1.0
1.0
1.0
1.0
1.0
0.9999993
0.99999976
1.0
1.0
1.0
1.0
1.0
1.0
1.0
1.0
1.0
1.0
1.0
1.0
1.0
1.0
0.9999999
1.0
1.0
1.0
1.0
1.0
1.0
1.0
1.0
1.0
1.0
1.0
1.0
1.0
1.0
1.0
0.99998057
0.9999988
1.0
1.0
1.0
1.0
1.0
1.0
1.0
1.0
1.0
1.0
1.0
1.0
0.9999999
1.0
1.0
1.0
1.0
1.0
1.0
1.0
1.0
1.0
0.9999999
0.99999976
0.9999969
0.9999999
0.9999999
1.0
1.0
1.0
1.0
1.0
0.9999994
0.9999999
0.9999999
1.0
0.9999995
1.0
1.0
1.0
1.0
1.0
1.0
0.9999999
0.9999999
1.0
1.0
1.0
1.0
1.0
0.99999976
1.0
1.0
1.0
1.0
1.0
0.9999995
1.0
1.0
1.0
1.0
1.0
1.0
0.9999918
0.99998915
1.0
1.0
1.0
1.0
1.0
1.0
1.0
1.0
1.0
1.0
1.0
0.99999976
1.0
1.0
1.0
1.0
1.0
1.0
1.0
1.0
1.0
1.0
1.0
1.0
1.0
1.0
1.0
1.0
1.0
1.0
1.0
1.0
1.0
1.0
0.99652964
1.0
1.0
0.99999964
1.0
0.9999931
1.0
0.999974
1.0
1.0
1.0
1.0
1.0
1.0
1.0
0.9999994
1.0
1.0
0.9999757
1.0
1.0
1.0
0.99999726
1.0
0.9999417
1.0
1.0
1.0
1.0
1.0
1.0
0.9999846
1.0
1.0
1.0
1.0
1.0
1.0
1.0
1.0
1.0
0.99999976
1.0
1.0
1.0
1.0
1.0
1.0
1.0
0.9999771
1.0
0.9999995
1.0
1.0
1.0
1.0
1.0
1.0
1.0
1.0
1.0
1.0
0.999995
1.0
1.0
1.0
1.0
0.9999999
1.0
1.0
0.99999213
1.0
1.0
0.99999833
0.99999964
0.99999905
1.0
1.0
1.0
1.0
0.99999917
0.99999774
1.0
1.0
1.0
0.999998
1.0
1.0
1.0
1.0
1.0
1.0
0.9999912
1.0
1.0
0.99999857
1.0
0.99999976
0.99998975
0.9999906
1.0
0.9999969
1.0
1.0
0.9999999
1.0
1.0
1.0
1.0
1.0
1.0
1.0
0.9999994
0.99999964
1.0
1.0
0.99998367
1.0
1.0
1.0
0.99999964
0.99999917
0.9999912
0.99999905
0.99999905
1.0
1.0
0.9786114
0.9999759
1.0
0.99528164
0.9999999
0.9999653
0.940882
0.99954873
0.99991465
0.9999957
0.9775262
1.0
1.0
1.0
0.99999905
0.9860328
0.99996555
0.99999046
1.0
0.9999783
1.0
0.9999999
0.9999999
0.99999917
1.0
1.0
0.9999995
0.99996686
0.99999964
0.9999988
0.9999993
0.9999993
1.0
1.0
0.9999939
0.9999969
0.9999677
0.999997
1.0
1.0
0.99999857
0.9999968
0.99967766
1.0
1.0
0.9999999
1.0
1.0
0.9996424
1.0
1.0
1.0
0.9999964
0.99999917
0.9999994
1.0
1.0
1.0
1.0
1.0
0.9980533
1.0
0.97960734
1.0
1.0
1.0
1.0
1.0
1.0
1.0
0.99993706
1.0
0.99999976
0.9999999
1.0
1.0
1.0
1.0
1.0
1.0
0.9999999
1.0
1.0
1.0
0.9999988
0.99999917
1.0
1.0
1.0
1.0
1.0
1.0
1.0
1.0
1.0
1.0
1.0
1.0
1.0
1.0
1.0
0.9999709
1.0
0.99999404
1.0
1.0
1.0
1.0
0.9999995
1.0
1.0
1.0
1.0
1.0
0.9999713
1.0
1.0
1.0
0.99999917
1.0
1.0
1.0
1.0
1.0
1.0
1.0
1.0
1.0
1.0
1.0
1.0
1.0
0.99999785
1.0
1.0
0.9999999
1.0
1.0
1.0
1.0
1.0
1.0
1.0
1.0
0.9999939
1.0
1.0
1.0
1.0
0.99996626
1.0
1.0
1.0
1.0
0.99998426
1.0
0.9999851
1.0
1.0
0.9999988
1.0
0.9998919
1.0
1.0
1.0
1.0
1.0
1.0
1.0
1.0
1.0
1.0
1.0
1.0
1.0
1.0
1.0
0.99999964
1.0
0.9999621
1.0
1.0
1.0
1.0
1.0
1.0
1.0
1.0
1.0
0.9999969
0.9999999
0.9999999
1.0
1.0
1.0
0.9999988
0.99999964
0.99999404
1.0
0.9999999
0.99999976
0.9999987
1.0
1.0
1.0
0.99997044
0.9999999
0.99998903
1.0
0.9999962
1.0
1.0
1.0
0.99999964
0.99999976
1.0
0.9999963
1.0
1.0
1.0
1.0
1.0
1.0
1.0
0.9999995
1.0
1.0
1.0
1.0
1.0
1.0
1.0
0.99999964
1.0
1.0
1.0
0.99999857
1.0
1.0
0.9999995
1.0
0.9999999
1.0
0.9998068
0.99994874
0.9999995
0.9999949
1.0
0.99999976
1.0
0.9999765
0.9999999
1.0
1.0
1.0
1.0
1.0
1.0
0.99999964
0.9999988
1.0
1.0
1.0
0.99999905
1.0
1.0
0.9999999
1.0
1.0
1.0
1.0
0.999956
1.0
1.0
1.0
1.0
1.0
1.0
1.0
1.0
1.0
1.0
1.0
0.9999999
0.9999994
1.0
1.0
0.99999774
0.9999994
1.0
1.0
1.0
1.0
0.99999976
1.0
1.0
1.0
1.0
1.0
0.9999987
1.0
1.0
1.0
1.0
1.0
0.9999995
0.9999999
1.0
1.0
1.0
1.0
1.0
1.0
1.0
1.0
1.0
0.9999995
1.0
1.0
1.0
1.0
1.0
0.9999969
1.0
1.0
1.0
1.0
1.0
0.9999999
1.0
0.9999995
0.9999999
1.0
0.998329
1.0
1.0
1.0
0.99977726
1.0
1.0
1.0
1.0
1.0
1.0
0.99999976
1.0
1.0
1.0
0.99999857
1.0
1.0
1.0
1.0
1.0
1.0
1.0
1.0
1.0
1.0
1.0
0.9999987
1.0
1.0
0.99999976
1.0
1.0
0.9999956
0.9999969
0.9999937
1.0
0.9999999
1.0
1.0
0.998638
1.0
1.0
0.99999976
0.9999999
1.0
0.9999999
1.0
1.0
0.9999994
0.99999905
1.0
1.0
0.9999999
1.0
0.99999726
0.99999845
1.0
0.9999999
1.0
1.0
1.0
1.0
1.0
0.9999999
0.99999964
0.9999999
1.0
1.0
0.9999906
1.0
0.999985
1.0
1.0
0.99999917
1.0
1.0
0.99999964
1.0
0.96107274
0.99823475
0.9999981
1.0
0.9999863
0.99999106
1.0
1.0
1.0
1.0
1.0
1.0
1.0
1.0
1.0
0.9999999
1.0
1.0
1.0
0.9999999
1.0
0.9999999
1.0
1.0
1.0
0.9997557
1.0
0.99999976
1.0
1.0
1.0
1.0
1.0
1.0
1.0
0.99995923
1.0
0.9999999
1.0
1.0
1.0
1.0
0.9999999
1.0
1.0
0.9999974
0.9999994
1.0
1.0
1.0
0.99999964
0.9999993
1.0
0.99999917
1.0
0.9999999
0.9999982
0.9998828
1.0
1.0
1.0
0.99999976
0.9999999
1.0
1.0
1.0
0.9999993
0.99999726
1.0
0.99999964
0.99966276
0.99978954
1.0
0.9999999
0.9999926
1.0
0.99981457
1.0
1.0
0.9999459
0.9999988
0.99999905
1.0
1.0
0.9974095
1.0
0.99999595
0.9999832
1.0
0.99999857
1.0
0.99999595
0.99999666
1.0
0.9999999
1.0
0.9996816
1.0
1.0
1.0
1.0
0.9999958
1.0
1.0
1.0
1.0
0.99999416
1.0
1.0
0.5190397
1.0
1.0
1.0
0.9999845
0.99999964
0.99996877
1.0
0.99999535
0.99939704
0.9962303
1.0
1.0
1.0
0.9999937
1.0
0.99995613
0.99999976
1.0
1.0
0.9999989
1.0
1.0
0.99998736
0.9999808
1.0
0.9999993
1.0
0.9999999
0.99999905
0.9999894
0.99999976
0.9999945
1.0
1.0
1.0
1.0
0.99999976
1.0
0.9999994
1.0
0.99981827
1.0
0.9999999
1.0
1.0
0.9999932
1.0
1.0
1.0
0.99998856
1.0
1.0
0.9999999
1.0
0.9999999
1.0
0.8392046
0.9999999
1.0
1.0
0.9999999
0.9999999
1.0
0.99996924
0.99999726
0.9999995
1.0
1.0
0.9999906
1.0
1.0
1.0
0.99999976
1.0
0.9999999
0.99999917
0.99785405
0.99999523
1.0
0.99998844
0.9999994
0.99951565
0.9997873
1.0
0.9999999
1.0
0.9999219
0.99987066
1.0
0.72042346
0.9999993
0.9996166
0.99998534
0.99999595
0.9997224
0.999984
0.8918418
0.9999858
1.0
1.0
1.0
0.9999989
0.99999833
0.8036386
1.0
0.9706459
0.9989103
0.9842084
0.99999833
0.9999989
0.9999676
0.54394424
0.9958794
0.9999882
0.99874204
0.9999999
1.0
1.0
0.9999902
0.99998057
0.9999838
0.9986143
0.9976367
1.0
0.9999881
1.0
0.9999995
0.99994814
0.99999905
0.99999404
0.9995369
0.9999999
0.9999958
0.95420825
0.9999925
0.99999714
1.0
1.0
0.9972258
0.99999976
1.0
0.9988858
1.0
0.9999999
1.0
0.99999106
0.99998593
0.9999709
0.37780863
0.9999999
1.0
1.0
0.9999528
0.99999714
1.0
0.99993527
0.9995659
0.99999964
0.9999995
0.9999999
1.0
0.8222291
0.9977629
0.9999757
1.0
0.9999982
0.9999999
0.8060925
0.9999924
0.9970445
0.99995816
1.0
0.99997747
1.0
1.0
0.9999995
1.0
1.0
0.99999046
0.99999976
1.0
0.9999999
0.9999901
0.999178
1.0
0.9983511
1.0
1.0
0.99999964
0.9999931
0.99999976
1.0
0.99999475
0.999995
1.0
0.99918276
0.9999999
1.0
0.99999166
0.9999491
0.99994075
1.0
0.99907684
1.0
0.9997992
0.9999865
1.0
1.0
0.9999993
0.9997657
0.9999292
1.0
1.0
1.0
0.9999809
0.99999845
0.99999857
1.0
0.9998099
0.9999951
0.9968604
0.99989796
0.9999721
0.99779105
0.9999989
0.999998
1.0
0.999997
1.0
0.9999999
0.9999976
0.9994217
0.9999999
0.9999999
0.9999999
1.0
0.99998796
0.9818402
0.99999833
0.71406955
0.9999995
1.0
0.9999999
1.0
1.0
0.9999995
0.9999448
0.9999994
0.9952436
0.99999905
0.9998416
0.99992824
1.0
1.0
1.0
0.99999917
1.0
0.9999962
0.9999981
0.9999981
1.0
0.53098166
0.99912256
1.0
0.9999957
0.9999999
1.0
0.9999994
0.9999975
0.9995666
1.0
1.0
0.99999976
1.0
1.0
1.0
1.0
0.99954957
0.9999981
1.0
0.91175926
1.0
1.0
1.0
0.9999958
0.99998975
1.0
1.0
1.0
0.99999857
1.0
1.0
1.0
1.0
0.9999999
0.9999999
1.0
0.99991107
0.99997926
0.9999999
0.9998945
0.9999584
1.0
1.0
1.0
1.0
0.99999976
1.0
0.87774694
0.9999763
0.99998176
1.0
1.0
1.0
0.99999964
0.99999964
0.99110305
0.9999999
0.9999893
0.92654085
1.0
1.0
1.0
1.0
0.9997625
0.999736
1.0
0.999845
0.99999976
0.99999976
1.0
0.99996674
1.0
0.99999917
0.9999999
1.0
0.99995124
0.99999964
1.0
0.9999994
1.0
1.0
1.0
0.9996661
1.0
0.9999999
0.99999976
1.0
0.9993333
0.9999987
1.0
0.9999999
0.99969137
0.99954945
1.0
0.99999774
1.0
0.9783811
1.0
0.99951446
0.99925774
1.0
0.9997913
0.9999993
1.0
1.0
1.0
1.0
1.0
1.0
0.99999905
0.9999814
0.99999607
0.9926509
0.9833625
0.9991271
1.0
1.0
0.99999905
1.0
0.9999999
0.9999968
0.99995255
0.9999999
1.0
0.99985826
1.0
0.9999958
0.99999964
1.0
1.0
0.99988127
1.0
0.9999906
0.99999475
1.0
1.0
1.0
0.9999988
1.0
1.0
1.0
1.0
1.0
0.9999938
1.0
0.99999845
1.0
0.99999833
0.9999776
0.9999515
1.0
1.0
0.99999964
0.99999404
1.0
1.0
0.9999995
1.0
1.0
0.9999999
1.0
0.99999976
0.9999497
0.9999999
0.99999976
1.0
1.0
1.0
1.0
1.0
0.9999999
0.9999993
1.0
0.99999464
1.0
1.0
0.9999999
1.0
0.9999106
0.99999726
1.0
0.99999857
0.9999981
0.9999229
0.9999987
1.0
0.99999666
0.9999995
0.9999683
0.99996185
0.8491003
1.0
1.0
0.99999857
1.0
1.0
1.0
1.0
0.99999917
1.0
0.9999982
0.9999969
1.0
1.0
1.0
1.0
1.0
1.0
