1.0
1.0
1.0
1.0
1.0
1.0
0.99998903
1.0
0.9999552
0.99999595
1.0
0.9999999
0.9999988
1.0
1.0
1.0
0.99999917
1.0
0.99921536
1.0
1.0
0.9999994
1.0
1.0
0.9999999
1.0
1.0
1.0
0.99999964
1.0
1.0
1.0
1.0
0.99999607
0.9999999
1.0
0.9999949
1.0
0.9999995
1.0
1.0
0.9999602
1.0
0.9999933
0.9999752
1.0
0.99999917
1.0
1.0
1.0
1.0
1.0
1.0
1.0
1.0
0.99999964
1.0
1.0
0.99999964
1.0
1.0
1.0
0.9899532
0.99972314
1.0
0.99999976
0.9999993
0.9999963
1.0
1.0
1.0
1.0
1.0
0.99982256
1.0
1.0
1.0
1.0
0.9996946
0.99999976
0.9999999
1.0
1.0
1.0
1.0
1.0
1.0
0.9999982
1.0
1.0
1.0
1.0
0.55004877
1.0
1.0
0.99999297
0.9997154
0.9999995
1.0
1.0
1.0
1.0
1.0
1.0
0.9999981
1.0
1.0
0.9999999
0.9999995
1.0
1.0
0.99995744
1.0
1.0
1.0
0.994115
0.9999999
1.0
0.99999535
0.99984884
1.0
0.9999354
1.0
1.0
0.9999913
0.9998367
1.0
1.0
1.0
1.0
1.0
1.0
1.0
0.99999976
1.0
1.0
0.99999964
1.0
1.0
0.999977
1.0
1.0
1.0
1.0
1.0
1.0
1.0
1.0
1.0
0.99016094
1.0
0.92122173
1.0
1.0
1.0
1.0
1.0
1.0
0.9999162
1.0
0.9998733
1.0
1.0
1.0
1.0
1.0
1.0
0.999936
1.0
1.0
1.0
0.99980766
1.0
1.0
1.0
0.9997825
1.0
0.99999964
1.0
1.0
1.0
1.0
1.0
1.0
0.9995146
0.9999913
1.0
1.0
1.0
0.9999993
0.9999994
0.9999931
1.0
0.9857473
0.9999993
0.9996904
1.0
1.0
0.9999995
0.99987376
1.0
1.0
1.0
0.9999999
1.0
1.0
0.99999774
0.9999999
1.0
0.99969864
1.0
0.9999895
1.0
1.0
0.9999783
0.99999976
1.0
0.99984086
1.0
1.0
1.0
0.9995271
1.0
1.0
1.0
1.0
1.0
1.0
1.0
0.9999999
0.99999976
1.0
0.99999857
1.0
0.99999917
0.99999857
1.0
1.0
1.0
1.0
1.0
0.9998129
0.9999995
0.9999938
0.9999989
0.9999963
1.0
0.9981382
1.0
1.0
1.0
0.99999905
1.0
1.0
1.0
0.99998474
1.0
0.99999726
1.0
0.59534514
1.0
1.0
1.0
1.0
0.9993938
1.0
0.9999703
1.0
0.99999845
1.0
0.9999999
1.0
1.0
0.9999927
1.0
0.9999999
1.0
1.0
1.0
1.0
1.0
1.0
0.99294513
1.0
0.9999999
1.0
0.99999094
0.99999917
1.0
0.9999999
0.9998845
0.9999999
0.99997187
1.0
0.9999995
1.0
1.0
0.9999999
1.0
1.0
0.9999999
1.0
1.0
1.0
1.0
1.0
1.0
1.0
1.0
1.0
1.0
1.0
1.0
0.9999994
1.0
1.0
0.9999999
0.99999976
0.9999975
1.0
0.99675876
0.6262757
0.9999999
1.0
0.9998903
0.9999999
0.9999176
1.0
0.9999982
1.0
1.0
1.0
1.0
1.0
1.0
1.0
0.9996275
0.9999894
0.9999932
0.99999464
0.6773379
0.99999785
1.0
1.0
0.99999976
1.0
0.99999976
1.0
1.0
1.0
0.9999999
1.0
0.9999999
1.0
1.0
0.9999995
1.0
0.9999999
0.99961203
0.97686493
1.0
1.0
0.99990714
1.0
1.0
0.9999999
0.99991786
1.0
0.9999428
1.0
1.0
1.0
0.99999976
1.0
1.0
1.0
1.0
1.0
1.0
1.0
0.9999974
0.9994418
1.0
1.0
1.0
1.0
0.99999154
1.0
1.0
0.9999434
1.0
0.9999944
1.0
1.0
0.9999908
1.0
1.0
1.0
1.0
0.99999964
0.9999937
1.0
1.0
0.99999917
0.99999857
1.0
0.99999964
1.0
1.0
1.0
1.0
0.9998716
0.9999875
1.0
0.9999969
0.9999993
1.0
0.9342422
1.0
1.0
0.9999999
1.0
0.9999987
1.0
1.0
1.0
1.0
1.0
1.0
1.0
1.0
0.99999833
0.9999999
1.0
1.0
0.999936
1.0
1.0
1.0
0.99999857
1.0
1.0
1.0
0.9999994
0.9995442
0.9133259
0.99999917
0.95547694
0.99906355
0.814389
0.9999745
1.0
1.0
1.0
0.9999999
1.0
0.9999974
0.99997807
1.0
1.0
0.9999927
1.0
0.9999999
1.0
0.9999925
0.9999999
1.0
1.0
0.99998736
1.0
1.0
0.99999833
1.0
1.0
1.0
1.0
1.0
1.0
0.99997044
0.9998022
1.0
1.0
1.0
1.0
1.0
0.9999999
1.0
0.99999976
0.99999964
1.0
0.9999956
0.9999999
0.9999956
1.0
1.0
0.8658377
1.0
0.99947387
0.9999912
0.9999999
1.0
1.0
1.0
1.0
0.99999976
1.0
1.0
1.0
0.9999932
1.0
1.0
0.9999908
1.0
1.0
1.0
1.0
1.0
1.0
1.0
1.0
1.0
0.9999982
1.0
0.99999964
1.0
1.0
1.0
0.99999964
0.99999964
1.0
0.9999851
1.0
0.9999999
1.0
0.9999994
1.0
0.9999999
1.0
1.0
1.0
1.0
1.0
0.99995494
0.9821577
1.0
0.9999995
1.0
0.9999951
1.0
1.0
0.9999926
0.9985239
0.99912745
1.0
1.0
1.0
1.0
0.9999666
0.99999905
0.9999999
1.0
0.9999993
1.0
1.0
1.0
1.0
1.0
1.0
0.99999905
0.9999993
1.0
0.99981946
1.0
1.0
1.0
1.0
1.0
1.0
1.0
1.0
1.0
1.0
0.7564243
0.9922069
1.0
1.0
1.0
1.0
1.0
1.0
1.0
0.98961127
1.0
0.9995253
0.9999999
1.0
1.0
0.9999993
0.9999999
1.0
1.0
0.9999999
1.0
1.0
1.0
0.99999976
1.0
1.0
1.0
1.0
1.0
0.99999976
1.0
0.9999882
1.0
0.99999976
0.9999995
1.0
0.99998856
0.99940073
0.9999957
1.0
1.0
1.0
0.9999925
0.999549
1.0
0.9999993
1.0
0.99999857
1.0
1.0
1.0
1.0
1.0
0.9999937
1.0
0.99999976
1.0
0.9999963
1.0
1.0
0.99999714
1.0
0.9999999
0.9999924
0.99808985
1.0
1.0
0.99999976
0.99999976
1.0
1.0
1.0
1.0
0.9999999
1.0
1.0
0.9998864
0.70202106
1.0
0.9999987
1.0
1.0
1.0
1.0
0.99999976
0.99996734
1.0
1.0
1.0
0.9999982
1.0
0.99999166
0.658783
1.0
0.9999999
1.0
0.9999994
0.9999982
1.0
0.9999999
1.0
0.9999999
0.6336784
0.9999993
1.0
1.0
0.9999995
0.9413974
1.0
0.99969864
1.0
1.0
1.0
1.0
0.99999976
1.0
0.99999607
0.99999976
0.99999976
1.0
1.0
1.0
1.0
1.0
1.0
0.9999999
1.0
1.0
1.0
1.0
1.0
1.0
1.0
1.0
0.9320863
0.99917394
1.0
1.0
0.99962986
1.0
1.0
0.9999387
1.0
1.0
0.99799275
1.0
0.9999956
1.0
0.9999999
1.0
1.0
1.0
1.0
1.0
1.0
0.99999964
0.9999578
1.0
0.9978294
0.9999995
1.0
0.9999994
1.0
1.0
0.9999958
1.0
1.0
1.0
1.0
1.0
1.0
1.0
1.0
1.0
0.99999964
1.0
1.0
1.0
0.99996996
0.9999987
0.9999987
1.0
1.0
1.0
1.0
1.0
1.0
1.0
1.0
0.99999976
1.0
1.0
1.0
1.0
1.0
1.0
1.0
1.0
0.9999958
0.9998078
1.0
1.0
1.0
0.9999962
0.985173
1.0
1.0
0.99999034
1.0
0.99999356
1.0
1.0
1.0
0.99999964
1.0
0.9999943
1.0
1.0
0.99998105
1.0
1.0
1.0
0.9999999
1.0
1.0
1.0
1.0
1.0
0.9999981
1.0
1.0
0.8279404
1.0
1.0
0.9999995
0.9999989
1.0
1.0
1.0
1.0
1.0
0.99999964
1.0
1.0
1.0
0.9999994
1.0
0.9999963
1.0
1.0
1.0
0.99994314
0.9999999
1.0
1.0
1.0
1.0
0.99994457
0.9999999
1.0
0.9999999
1.0
0.95501846
0.99999976
0.99256855
1.0
1.0
1.0
1.0
1.0
1.0
0.9999999
0.9999995
1.0
1.0
0.99998236
1.0
0.9999776
1.0
1.0
1.0
1.0
1.0
1.0
0.99986506
1.0
1.0
1.0
0.9997898
1.0
0.9999995
1.0
0.9999585
0.9999994
1.0
0.9999901
0.99999976
1.0
1.0
0.99996996
0.53654224
0.93675005
1.0
0.99999356
1.0
1.0
0.99999976
1.0
0.9999999
1.0
1.0
0.9999995
1.0
0.99971265
0.99983394
1.0
0.99999285
1.0
0.9998653
1.0
0.9999362
0.9999994
1.0
1.0
0.9999914
1.0
1.0
0.9999999
1.0
1.0
1.0
0.9999999
1.0
1.0
0.99999905
1.0
0.99999976
1.0
1.0
1.0
1.0
1.0
0.9810785
1.0
0.9999994
1.0
0.99999774
1.0
0.9999993
1.0
1.0
1.0
1.0
1.0
0.99995935
1.0
0.7993877
0.9991321
0.9999726
1.0
0.9999999
1.0
0.9999995
1.0
0.99999785
0.97265786
1.0
1.0
0.9999758
1.0
0.9999733
1.0
1.0
0.99999905
0.9985991
0.99999964
0.9988354
1.0
0.9999814
1.0
0.9999875
1.0
0.99999976
0.9903768
0.99999654
1.0
1.0
0.99911743
0.9999999
1.0
1.0
1.0
1.0
1.0
0.99999917
1.0
1.0
1.0
1.0
0.9999999
0.9999962
1.0
1.0
1.0
1.0
1.0
1.0
1.0
1.0
1.0
0.9999982
0.99999976
1.0
1.0
1.0
1.0
1.0
0.99999905
1.0
0.9999999
0.99999833
1.0
1.0
1.0
0.99998903
1.0
1.0
1.0
0.99999845
1.0
0.9999907
1.0
1.0
1.0
1.0
0.99999964
1.0
1.0
1.0
0.99999857
0.9997514
1.0
0.99999976
1.0
0.99998474
1.0
1.0
1.0
1.0
0.99999976
0.99997187
0.99891376
1.0
1.0
1.0
1.0
1.0
0.6569901
1.0
1.0
1.0
1.0
0.99959975
0.9898739
1.0
1.0
1.0
1.0
1.0
0.9999956
1.0
1.0
1.0
0.99999094
0.99999857
1.0
0.99999964
0.99999845
1.0
0.99987745
0.999979
1.0
1.0
1.0
1.0
1.0
0.99998534
1.0
1.0
1.0
0.9997081
1.0
1.0
1.0
1.0
0.99999976
0.9999999
1.0
1.0
0.99993396
0.9999975
1.0
1.0
1.0
0.99999976
1.0
0.99999964
0.99999964
0.99994624
1.0
1.0
1.0
0.9999999
1.0
1.0
1.0
1.0
1.0
1.0
0.9999943
1.0
1.0
1.0
0.9999999
1.0
0.9998684
0.99999964
1.0
1.0
1.0
0.8707362
1.0
0.99897146
1.0
1.0
0.9999999
1.0
0.99995303
1.0
0.9999074
0.99999785
1.0
0.99999964
1.0
0.9999999
1.0
0.99216014
1.0
0.9999974
1.0
1.0
0.99998987
1.0
1.0
1.0
1.0
0.9999367
1.0
1.0
0.9999999
1.0
0.99999917
1.0
1.0
0.99999976
0.9971813
1.0
1.0
0.9999999
0.99999785
0.9999993
0.99999607
1.0
1.0
0.9999683
1.0
1.0
1.0
1.0
0.99999976
1.0
1.0
0.99999595
1.0
0.9999206
1.0
1.0
0.99999404
1.0
1.0
1.0
0.9998541
1.0
1.0
1.0
1.0
0.99999976
1.0
1.0
0.99870837
0.748515
0.9999999
0.99999964
1.0
1.0
1.0
0.9999995
1.0
1.0
0.99995124
0.98161983
1.0
0.9999999
0.99999976
1.0
1.0
0.99999964
1.0
0.9999999
1.0
0.9966061
1.0
0.9999764
1.0
0.9992847
1.0
0.9999999
0.9999856
1.0
1.0
0.9999709
1.0
1.0
1.0
0.99992204
0.9999988
1.0
0.9999995
1.0
1.0
1.0
1.0
0.999979
1.0
0.88988453
1.0
0.9999987
1.0
1.0
0.99999976
0.99412763
0.99999976
0.9999976
1.0
1.0
1.0
1.0
0.9999994
1.0
1.0
0.8051259
1.0
0.9999982
1.0
1.0
0.95425993
0.9995751
1.0
1.0
0.9999974
1.0
1.0
1.0
1.0
0.999912
1.0
1.0
0.99999964
0.7187671
1.0
1.0
0.99996173
0.9999988
1.0
0.9999895
1.0
1.0
1.0
0.9999999
1.0
0.9999989
0.9999951
0.9999914
1.0
1.0
1.0
1.0
0.9999361
1.0
0.9999995
0.99630797
0.9999989
1.0
1.0
1.0
1.0
0.9999994
0.99273115
0.9975915
1.0
0.9999957
1.0
1.0
1.0
0.9999652
1.0
1.0
0.88955474
1.0
0.9999852
1.0
1.0
1.0
1.0
1.0
0.9999999
1.0
1.0
0.9999999
0.9999999
0.9999999
1.0
1.0
0.99999654
1.0
1.0
1.0
0.7645054
1.0
1.0
1.0
1.0
0.9999999
1.0
0.9984456
1.0
0.97978
1.0
1.0
0.9999957
1.0
1.0
0.9999987
1.0
1.0
0.9841562
1.0
0.9999261
1.0
1.0
1.0
0.9999999
0.9999951
1.0
1.0
0.99998283
1.0
0.9999999
1.0
1.0
1.0
1.0
1.0
0.99999535
0.9999975
1.0
1.0
1.0
1.0
1.0
1.0
1.0
0.78040934
0.9999999
1.0
1.0
1.0
1.0
1.0
1.0
1.0
1.0
1.0
1.0
1.0
0.99998105
0.99999726
1.0
1.0
1.0
1.0
1.0
1.0
0.9977349
1.0
1.0
1.0
1.0
1.0
0.99999404
1.0
0.76486653
0.938729
0.9999999
1.0
0.9999975
0.9999989
1.0
0.9999999
0.9999999
0.9999964
0.99997354
0.9999974
1.0
0.9999999
1.0
1.0
0.99999976
1.0
0.999887
1.0
0.99999976
0.4325232
0.9822359
1.0
0.9999999
1.0
1.0
1.0
1.0
0.99999976
0.9999857
1.0
0.9999573
1.0
0.99999523
0.99999845
0.99934345
1.0
0.9999999
1.0
0.99996424
1.0
0.99995315
0.9998909
0.9999982
0.99896693
0.9999285
0.9999032
0.9999633
1.0
1.0
0.9972806
0.9999993
1.0
1.0
1.0
1.0
1.0
1.0
1.0
0.9999881
0.9999995
0.99999833
0.9999999
1.0
1.0
0.9897738
1.0
1.0
1.0
1.0
0.99998224
0.9999937
0.99999976
0.9999974
1.0
0.99993074
1.0
1.0
0.99999833
1.0
1.0
0.9999989
1.0
0.9999999
1.0
1.0
1.0
1.0
0.9995578
1.0
1.0
1.0
1.0
1.0
1.0
1.0
1.0
1.0
0.9999565
1.0
0.9983393
1.0
0.99999774
1.0
1.0
1.0
0.99925965
0.99999976
0.99999964
1.0
0.99999976
0.9999925
1.0
0.99999976
0.99992216
0.9999589
0.9999999
0.99999976
1.0
1.0
0.99999905
1.0
0.99999964
1.0
0.9999999
1.0
0.998872
1.0
0.93702674
0.9999118
1.0
1.0
0.9999994
0.9524542
1.0
1.0
0.7134574
0.99999356
0.9999999
0.9999999
0.9999969
1.0
1.0
0.9999999
1.0
1.0
1.0
1.0
1.0
0.9998462
1.0
1.0
1.0
0.9999877
1.0
0.9995572
1.0
0.9995772
1.0
0.9896242
0.99108136
1.0
1.0
1.0
0.9999497
0.9993814
1.0
1.0
0.9999956
1.0
1.0
1.0
0.99999964
1.0
1.0
0.99390864
0.9997409
1.0
1.0
1.0
1.0
1.0
0.99999404
1.0
1.0
0.9999496
1.0
0.9999517
1.0
0.99999
0.9999975
1.0
1.0
0.9999896
1.0
1.0
0.99999106
1.0
0.99999964
0.9999999
0.99999845
0.99997354
1.0
0.99999857
1.0
1.0
0.99973255
1.0
1.0
1.0
1.0
1.0
1.0
0.99994767
1.0
0.9971756
1.0
0.95253015
1.0
1.0
0.9999999
1.0
1.0
0.9999993
0.9999994
1.0
1.0
0.6783327
1.0
1.0
0.99999976
1.0
0.99995553
0.9999995
1.0
1.0
1.0
0.9999857
1.0
1.0
0.99991274
1.0
1.0
0.999995
0.9999999
1.0
0.999995
0.9923564
1.0
1.0
1.0
1.0
1.0
1.0
0.9999927
0.9999993
0.99999976
1.0
1.0
1.0
0.9951273
1.0
1.0
1.0
1.0
1.0
0.99999845
1.0
1.0
1.0
1.0
1.0
1.0
0.9999988
1.0
1.0
0.99999976
0.99997556
1.0
0.9999763
1.0
1.0
0.99989176
1.0
0.9899483
1.0
1.0
0.6479426
0.99993134
1.0
1.0
1.0
0.9734947
0.9999999
1.0
0.999998
0.9999999
0.9999994
1.0
1.0
0.9999987
0.9999981
0.9999994
0.9999989
1.0
1.0
1.0
0.99997294
0.9999924
1.0
1.0
1.0
1.0
0.99999774
1.0
0.5972429
0.99999964
1.0
1.0
1.0
1.0
1.0
0.9999304
0.85514104
0.9998367
1.0
1.0
0.9998555
0.99655056
1.0
1.0
0.99999166
1.0
1.0
1.0
1.0
0.99999976
1.0
1.0
1.0
1.0
1.0
1.0
0.9922497
1.0
0.99999976
1.0
0.9999987
1.0
0.9999994
1.0
1.0
0.9999999
1.0
0.9999976
1.0
1.0
0.99993515
1.0
1.0
0.9804865
0.99999976
1.0
0.99999964
1.0
0.9999999
0.9999999
1.0
0.9999968
1.0
1.0
1.0
1.0
1.0
1.0
0.9999999
1.0
1.0
0.99999595
0.99999475
0.9999994
0.99999917
0.99999976
1.0
1.0
1.0
1.0
0.9999994
0.99999833
0.9999999
1.0
0.9999995
1.0
1.0
0.9999976
1.0
0.6065984
1.0
1.0
1.0
1.0
1.0
1.0
1.0
1.0
1.0
0.99950683
0.9999982
1.0
1.0
1.0
1.0
0.9999999
1.0
0.9998903
0.99500954
1.0
0.99997985
1.0
0.99999416
1.0
1.0
0.9999995
1.0
1.0
0.9999982
1.0
1.0
0.9990393
0.99999774
1.0
1.0
1.0
1.0
0.9998147
1.0
1.0
0.9999999
1.0
0.9999999
1.0
1.0
1.0
0.9999999
0.99998987
0.9999888
1.0
1.0
1.0
0.9998783
0.9999999
1.0
1.0
0.99979526
1.0
1.0
0.9999993
0.99986446
0.99999845
0.99998677
1.0
0.9999976
1.0
0.9999981
1.0
1.0
1.0
1.0
1.0
1.0
1.0
0.9999962
1.0
1.0
0.9997632
0.9999958
1.0
0.9999963
1.0
1.0
0.99999964
1.0
1.0
1.0
0.9990447
1.0
0.9960252
0.99999976
0.99999976
0.999653
1.0
1.0
1.0
1.0
0.99999046
1.0
1.0
1.0
1.0
1.0
0.9999989
1.0
1.0
1.0
0.99941313
0.9991146
0.9999801
0.9954709
1.0
0.7329087
0.99999714
1.0
1.0
0.9999993
0.9999999
0.9997702
0.9999999
0.99999976
1.0
0.9999999
1.0
1.0
1.0
0.99999976
0.999997
1.0
1.0
1.0
1.0
1.0
0.999984
1.0
0.9999999
1.0
1.0
0.9999999
1.0
1.0
1.0
1.0
1.0
1.0
1.0
0.99999964
0.9999862
1.0
1.0
0.9999995
1.0
0.999995
0.99999917
1.0
1.0
0.9999999
1.0
0.9999169
1.0
0.9999995
0.9996344
1.0
0.99998987
0.99259186
0.99985147
1.0
1.0
1.0
1.0
1.0
1.0
0.99999976
1.0
0.9999974
1.0
1.0
0.9999844
0.9999392
0.9999999
1.0
1.0
0.9999988
1.0
1.0
0.9999994
1.0
1.0
1.0
1.0
0.9999957
0.9999635
1.0
0.9999937
1.0
1.0
0.99991786
0.999997
1.0
0.9999995
1.0
0.9999751
0.9999937
0.9999994
0.9999999
0.9999995
1.0
0.99999344
0.99999225
0.99999726
0.99999964
1.0
1.0
0.9999995
1.0
0.99999976
1.0
1.0
0.9999981
1.0
1.0
1.0
1.0
1.0
1.0
0.9781953
1.0
0.9112173
1.0
1.0
1.0
1.0
0.9999498
0.9991854
0.99999297
1.0
1.0
0.9999993
1.0
1.0
1.0
1.0
0.99999976
1.0
0.99859625
1.0
0.99999917
1.0
0.9999999
0.99826473
1.0
1.0
0.97778124
0.99928313
1.0
1.0
0.9999995
0.99999475
0.9999993
1.0
1.0
0.99999845
0.7637728
1.0
1.0
1.0
0.9999987
0.9999651
1.0
1.0
1.0
1.0
0.99999106
1.0
0.9999999
1.0
0.99999976
0.99996495
1.0
0.9771953
0.99999964
1.0
1.0
0.9999752
1.0
1.0
1.0
1.0
0.9999999
1.0
1.0
1.0
1.0
0.99977595
1.0
1.0
1.0
1.0
0.99999905
0.99999666
1.0
1.0
0.9519072
1.0
0.9999993
1.0
1.0
0.97323984
0.9999895
1.0
1.0
1.0
1.0
1.0
0.9999999
1.0
0.980927
1.0
0.9447564
1.0
1.0
1.0
0.99997926
1.0
1.0
0.99983823
1.0
0.66931576
1.0
1.0
1.0
1.0
1.0
1.0
0.99999213
1.0
1.0
1.0
0.72130173
0.9989691
0.9997137
1.0
1.0
1.0
0.99834776
1.0
1.0
0.9999963
1.0
1.0
1.0
1.0
0.99999845
0.9999987
1.0
1.0
0.9999949
0.9999902
1.0
0.99999976
1.0
1.0
0.99999976
1.0
1.0
1.0
1.0
0.99999976
1.0
0.9999989
0.99998164
0.99999654
1.0
1.0
1.0
0.9999931
1.0
0.99996984
0.99999595
1.0
1.0
1.0
1.0
0.99993503
1.0
1.0
1.0
1.0
0.9999982
1.0
0.9999999
0.93526167
0.99999964
1.0
0.9768241
0.9827634
1.0
0.9999932
0.9962807
0.9999999
1.0
1.0
0.99999714
1.0
0.9999794
1.0
1.0
0.999728
1.0
0.99999774
1.0
1.0
1.0
0.99999964
1.0
1.0
1.0
0.99999845
0.99999964
1.0
1.0
0.9999808
1.0
1.0
0.99972516
0.9999999
1.0
1.0
1.0
1.0
1.0
0.99999964
1.0
0.9999175
0.92014444
1.0
1.0
1.0
1.0
1.0
1.0
0.99995995
1.0
0.99999976
1.0
1.0
0.99999094
1.0
1.0
1.0
1.0
0.99999964
1.0
0.9999988
0.99999976
1.0
1.0
1.0
1.0
0.9999999
1.0
1.0
1.0
1.0
1.0
1.0
1.0
0.99999917
0.9999999
1.0
1.0
1.0
1.0
1.0
1.0
0.9948119
1.0
0.9999963
1.0
1.0
1.0
0.9959092
1.0
1.0
1.0
0.99995136
1.0
1.0
0.9999976
0.9925339
1.0
1.0
1.0
1.0
1.0
0.99999833
1.0
0.9999993
0.9999999
0.9999999
1.0
0.99999666
0.97993153
1.0
1.0
0.9999995
1.0
0.9999831
0.99999607
1.0
1.0
0.9999994
1.0
1.0
1.0
1.0
1.0
0.9933844
0.99999964
1.0
1.0
1.0
1.0
0.9999722
1.0
1.0
1.0
0.9999933
1.0
0.9999324
1.0
1.0
1.0
1.0
1.0
0.9999182
0.99999976
1.0
0.67028993
1.0
1.0
1.0
0.99999964
1.0
1.0
1.0
1.0
0.9999956
0.9999974
1.0
0.9999999
1.0
0.998252
1.0
1.0
1.0
1.0
1.0
1.0
1.0
0.9999993
1.0
1.0
1.0
1.0
1.0
1.0
0.9999995
1.0
1.0
1.0
1.0
1.0
1.0
1.0
1.0
1.0
1.0
0.68224335
0.99999416
0.9999926
1.0
1.0
1.0
1.0
1.0
0.9999989
0.999941
1.0
0.9930693
1.0
0.99996865
1.0
0.9999995
1.0
0.999997
0.80861086
0.9999999
1.0
1.0
1.0
0.9999999
0.9999895
1.0
0.99999833
1.0
1.0
0.99999976
1.0
1.0
1.0
1.0
1.0
1.0
0.9999994
0.70615816
1.0
0.9999994
1.0
0.9999999
1.0
1.0
1.0
0.8770383
1.0
1.0
0.9999666
1.0
0.9999994
0.9999999
1.0
0.9210896
0.9999999
1.0
0.9999517
0.9999815
1.0
1.0
0.9999999
0.9999999
1.0
1.0
0.9997365
0.9999999
1.0
1.0
0.9985857
0.99993527
1.0
1.0
0.99999857
1.0
1.0
0.9999999
1.0
1.0
0.91753274
0.99749374
0.999982
0.9999999
1.0
1.0
1.0
0.7049249
0.9998779
1.0
0.9999703
1.0
0.9999976
0.99999905
0.9999999
0.998752
0.9999999
1.0
1.0
1.0
1.0
1.0
1.0
1.0
1.0
0.99999964
1.0
0.9999995
1.0
1.0
0.9999981
1.0
1.0
0.99999833
1.0
0.99999976
1.0
0.9999994
1.0
1.0
1.0
0.6192963
1.0
1.0
1.0
1.0
1.0
1.0
1.0
0.9999753
0.99999857
1.0
1.0
1.0
1.0
1.0
1.0
0.99999964
1.0
1.0
0.9999975
0.99999857
1.0
1.0
1.0
0.9999933
0.9999994
0.99943334
1.0
0.9968522
1.0
1.0
1.0
1.0
0.99993825
1.0
0.9999324
1.0
0.99999726
0.99939156
0.9999994
0.99979085
1.0
0.9999999
1.0
0.9700502
0.99999213
0.98217875
0.9999999
1.0
1.0
1.0
1.0
1.0
1.0
1.0
1.0
0.99999964
1.0
1.0
1.0
0.9995763
1.0
1.0
0.9999988
0.99999976
1.0
1.0
1.0
0.9999726
1.0
1.0
0.9999987
0.9996873
1.0
1.0
1.0
0.9999999
1.0
1.0
1.0
1.0
0.9999976
0.9999206
0.99999344
1.0
0.9999436
1.0
1.0
1.0
0.9999989
0.9988821
1.0
0.99999976
1.0
0.99075717
1.0
1.0
1.0
1.0
1.0
1.0
0.99988186
1.0
1.0
0.9999999
0.99999905
1.0
1.0
0.99999356
0.9999285
0.99999833
1.0
1.0
1.0
1.0
0.9999994
0.99999976
1.0
1.0
0.9751785
1.0
0.99999976
0.9997434
0.9999999
1.0
1.0
1.0
1.0
1.0
0.99932814
0.99996376
0.9999999
0.99999976
1.0
1.0
0.9999995
0.99999976
1.0
1.0
1.0
0.99999976
0.9999999
0.99988604
0.9968755
1.0
1.0
1.0
0.9997912
0.9999927
1.0
1.0
1.0
1.0
0.9999993
0.9999827
1.0
1.0
0.9999995
1.0
1.0
0.99936527
1.0
0.9999999
0.99999225
1.0
0.9999999
0.9999703
1.0
1.0
1.0
1.0
0.99482876
0.9999999
1.0
1.0
1.0
1.0
0.9999975
1.0
1.0
0.99997854
1.0
0.99999726
0.9999876
0.9999939
0.9999999
1.0
1.0
1.0
1.0
0.99738234
1.0
0.9999999
1.0
1.0
0.99999344
0.9999999
1.0
0.9999994
1.0
1.0
0.9999839
1.0
1.0
0.9999999
1.0
0.9999999
0.99999726
1.0
1.0
1.0
0.9999999
1.0
1.0
1.0
0.9999993
0.9999999
0.99999976
1.0
1.0
1.0
1.0
1.0
1.0
1.0
0.999913
1.0
1.0
1.0
0.99999976
0.99999726
1.0
0.81629944
0.99999845
1.0
1.0
0.99998486
1.0
1.0
1.0
1.0
1.0
0.99893767
0.9999995
0.99999595
1.0
0.9999999
0.999992
0.9999933
1.0
1.0
0.99999976
0.9999989
1.0
0.8845686
0.9999887
1.0
1.0
1.0
1.0
1.0
1.0
0.9999924
0.99999976
1.0
0.9999989
0.99904615
0.99999917
0.9999976
1.0
0.9979943
1.0
0.99569005
0.9999889
1.0
1.0
0.99999774
1.0
1.0
1.0
1.0
0.9997516
0.9997383
0.9708628
1.0
1.0
1.0
1.0
1.0
0.9999987
0.9966196
1.0
0.99992347
0.9999999
0.9999913
1.0
1.0
1.0
1.0
1.0
1.0
1.0
1.0
1.0
1.0
0.9999821
0.9999994
1.0
0.9999999
1.0
1.0
0.9999999
1.0
1.0
1.0
0.9999974
1.0
1.0
1.0
1.0
0.9999994
1.0
0.9999579
0.9999999
0.9999685
1.0
0.9999989
1.0
1.0
1.0
0.99996674
1.0
0.99999976
1.0
0.9999999
0.9921089
0.9999999
0.99999976
1.0
0.9999995
0.99999976
0.99999833
1.0
0.9999999
1.0
1.0
0.99999654
1.0
0.9998516
1.0
1.0
1.0
1.0
1.0
1.0
0.9999509
1.0
0.99999976
1.0
0.9999999
1.0
1.0
0.99999845
0.9992417
1.0
1.0
0.9999901
1.0
1.0
1.0
0.99999964
1.0
0.9989605
1.0
0.9999999
0.999579
1.0
1.0
0.99999964
1.0
1.0
1.0
1.0
1.0
1.0
1.0
1.0
0.9999989
0.99999416
0.9999993
1.0
1.0
1.0
1.0
1.0
0.99999964
1.0
1.0
1.0
1.0
0.9999987
1.0
1.0
0.9999999
1.0
1.0
0.99979395
1.0
0.999982
1.0
1.0
1.0
0.9999999
1.0
0.99999964
1.0
1.0
0.9999999
1.0
0.99999905
1.0
1.0
0.9999851
0.9999999
1.0
0.99999857
1.0
0.9979881
0.9999826
0.9999999
1.0
1.0
0.9999924
0.9910033
1.0
0.9999926
0.99999964
0.9999957
0.99999964
0.8905623
1.0
0.99999845
0.9997769
1.0
1.0
1.0
1.0
1.0
1.0
0.9999945
0.999532
0.608679
0.99999785
1.0
1.0
0.9999999
0.9998628
0.99997044
0.9999945
1.0
1.0
1.0
1.0
1.0
0.99939585
0.9731269
0.9999995
1.0
0.9999987
1.0
1.0
0.9999968
1.0
0.99992216
1.0
1.0
0.9999969
1.0
0.9998734
1.0
1.0
1.0
0.99979824
1.0
0.9995819
1.0
1.0
0.9999999
0.9999951
0.99999964
1.0
0.99450773
1.0
1.0
1.0
1.0
1.0
1.0
0.9999994
1.0
1.0
1.0
0.9999932
1.0
1.0
0.99999535
1.0
0.5765582
1.0
1.0
1.0
1.0
0.999992
0.99998784
1.0
1.0
0.9999957
0.99844754
1.0
1.0
1.0
1.0
1.0
1.0
0.99977106
1.0
1.0
1.0
1.0
1.0
1.0
0.9999999
1.0
0.9999243
1.0
0.9999491
1.0
1.0
1.0
1.0
1.0
1.0
0.7443783
1.0
1.0
0.99996626
0.9999993
1.0
1.0
1.0
1.0
1.0
1.0
1.0
1.0
1.0
1.0
1.0
1.0
1.0
1.0
1.0
1.0
1.0
1.0
1.0
1.0
1.0
0.9999937
1.0
1.0
0.99994826
0.968263
0.9999993
0.9917719
1.0
1.0
1.0
1.0
1.0
1.0
0.99999356
0.9999999
1.0
1.0
0.9723904
1.0
1.0
1.0
0.99999833
0.999864
1.0
1.0
1.0
1.0
1.0
1.0
1.0
1.0
1.0
0.9999999
1.0
1.0
0.99999857
1.0
1.0
1.0
1.0
1.0
1.0
0.9999976
1.0
0.99985456
1.0
0.9999949
0.99999917
1.0
1.0
0.9999999
1.0
0.99893993
0.9998995
0.9999999
0.9999999
0.9999926
1.0
0.9990791
1.0
1.0
0.9999927
0.9999999
1.0
1.0
0.99999595
0.9999994
1.0
1.0
1.0
1.0
1.0
1.0
0.9989754
0.9963147
1.0
0.9998723
0.99994004
0.999961
1.0
0.9998975
1.0
0.99999964
1.0
1.0
1.0
1.0
1.0
1.0
0.99999976
0.9999987
0.9999999
1.0
0.9999999
1.0
1.0
1.0
0.9999999
1.0
1.0
1.0
0.9998293
1.0
1.0
0.9999862
1.0
1.0
1.0
1.0
1.0
0.9996587
1.0
1.0
1.0
1.0
1.0
0.99906296
0.9999751
1.0
1.0
0.9999838
1.0
1.0
1.0
1.0
0.99999917
1.0
1.0
0.99999976
0.9999696
1.0
1.0
1.0
0.999979
0.9999999
1.0
1.0
1.0
1.0
1.0
0.999967
1.0
1.0
1.0
1.0
1.0
0.9999995
1.0
1.0
0.99990666
0.999853
1.0
1.0
0.9999999
0.9999999
1.0
1.0
0.99997795
1.0
1.0
1.0
1.0
0.9994168
0.9999956
1.0
1.0
0.99999857
1.0
1.0
0.9509231
1.0
1.0
1.0
1.0
1.0
1.0
1.0
1.0
1.0
0.9999943
0.99956805
1.0
0.99991655
0.99999976
0.99999774
1.0
1.0
1.0
1.0
1.0
0.9999999
1.0
1.0
1.0
0.9980616
0.9999857
0.9999987
1.0
0.9999398
0.9999999
1.0
1.0
1.0
1.0
0.9999993
0.9999995
0.9999994
0.99998915
1.0
1.0
0.9999509
0.9999964
1.0
0.9999622
1.0
1.0
1.0
0.99999976
1.0
1.0
1.0
1.0
1.0
1.0
0.9997967
1.0
1.0
1.0
1.0
1.0
1.0
0.99999905
0.9976674
0.99875975
1.0
0.99999964
0.9999999
1.0
1.0
1.0
1.0
1.0
1.0
1.0
1.0
1.0
0.9999999
0.9999994
1.0
0.9999912
1.0
1.0
1.0
1.0
1.0
1.0
0.999998
1.0
1.0
1.0
0.9999753
0.9999906
1.0
1.0
1.0
1.0
1.0
0.99999976
1.0
1.0
0.9999918
1.0
1.0
0.99994624
0.99816364
0.99999976
1.0
0.9999647
0.9999999
1.0
0.99999547
0.99929786
0.9999999
1.0
1.0
1.0
0.99976736
1.0
0.9999286
0.9999995
1.0
0.9999994
1.0
1.0
1.0
1.0
0.9999999
1.0
1.0
1.0
1.0
1.0
0.9999778
1.0
1.0
0.99999857
1.0
1.0
1.0
0.99999475
1.0
0.9999999
1.0
0.99979025
1.0
1.0
1.0
0.99999917
1.0
1.0
0.9999777
0.9999907
1.0
1.0
1.0
1.0
1.0
0.99999964
0.96998054
1.0
1.0
1.0
0.99999917
1.0
1.0
1.0
0.99999976
1.0
0.99994063
1.0
1.0
1.0
0.9999999
1.0
1.0
1.0
1.0
1.0
0.99999917
1.0
1.0
1.0
1.0
1.0
0.99999964
0.999925
0.99999774
1.0
1.0
0.9999999
1.0
1.0
0.9999987
1.0
0.9999999
1.0
0.9981365
1.0
1.0
0.9999993
0.9999988
0.9999963
1.0
0.9999999
0.9999999
1.0
0.9999999
1.0
1.0
1.0
1.0
1.0
1.0
1.0
1.0
0.99929225
0.99999964
1.0
1.0
1.0
0.9999999
0.999998
0.9999778
1.0
0.99999774
0.99863005
1.0
0.9999126
1.0
1.0
1.0
0.99999094
1.0
1.0
0.9999927
1.0
1.0
1.0
0.9999994
1.0
1.0
1.0
0.99999964
1.0
1.0
1.0
1.0
0.9999999
0.9996822
0.9995677
1.0
0.9999999
0.9999999
1.0
1.0
1.0
1.0
0.9999999
1.0
1.0
1.0
1.0
0.9999999
1.0
0.99999964
0.9999989
0.99999785
1.0
0.9999993
0.9999999
1.0
0.99999976
0.999998
1.0
1.0
1.0
1.0
0.75043964
0.9999945
1.0
0.99998915
1.0
1.0
0.99999833
1.0
0.9913735
0.9999993
1.0
1.0
1.0
0.9999993
1.0
0.9999975
0.99999964
0.99973005
1.0
1.0
1.0
1.0
0.99954295
1.0
1.0
1.0
0.99996936
0.9999999
1.0
1.0
0.9999988
0.9717965
1.0
0.9999995
1.0
1.0
1.0
1.0
0.99999964
1.0
1.0
1.0
1.0
1.0
0.9999993
1.0
0.99999964
0.99850804
1.0
1.0
1.0
1.0
0.99999905
1.0
0.9999696
0.72442025
0.89676934
1.0
1.0
1.0
1.0
0.9999999
0.99999774
1.0
0.9999975
1.0
1.0
1.0
0.9999293
1.0
0.9999945
0.9951746
0.9999999
1.0
1.0
1.0
1.0
0.9996408
0.9999987
1.0
0.99999917
1.0
0.99999976
1.0
1.0
1.0
0.9999988
1.0
0.9999989
0.99998724
1.0
1.0
1.0
0.9999999
0.9943809
0.9999956
0.9649828
0.99998116
0.99968874
1.0
1.0
1.0
1.0
1.0
0.9999999
1.0
1.0
1.0
1.0
1.0
0.99999785
1.0
0.9999999
1.0
1.0
0.9962663
1.0
1.0
1.0
1.0
1.0
1.0
1.0
0.9016587
1.0
1.0
0.9999999
1.0
1.0
1.0
1.0
0.9999988
0.99999857
0.99999964
1.0
1.0
1.0
0.9999964
1.0
1.0
1.0
1.0
1.0
0.99998724
1.0
1.0
1.0
0.9999999
1.0
1.0
0.99999964
1.0
1.0
1.0
1.0
0.99995315
1.0
1.0
1.0
0.9999939
1.0
0.99998236
0.99999976
1.0
1.0
1.0
0.99999666
1.0
1.0
0.99999964
1.0
0.9999988
1.0
1.0
1.0
1.0
1.0
1.0
0.93870175
1.0
1.0
1.0
1.0
1.0
0.99999917
0.9996933
1.0
0.9999558
1.0
1.0
1.0
0.9999982
1.0
1.0
1.0
1.0
1.0
1.0
1.0
0.6646756
1.0
1.0
1.0
0.999856
1.0
1.0
1.0
0.9999919
0.9999987
1.0
0.9999999
0.9999999
1.0
0.99999964
1.0
0.99146605
1.0
1.0
0.9999367
1.0
0.99989593
0.9999975
0.99999976
0.9869834
0.97388893
0.9999989
0.9999919
0.99775356
1.0
1.0
1.0
1.0
1.0
0.9999987
1.0
0.9999999
0.99997747
1.0
1.0
0.98703337
1.0
1.0
1.0
1.0
1.0
0.99999964
0.9996977
1.0
0.94489866
1.0
1.0
0.9999975
0.9995123
0.99998164
0.99999964
1.0
1.0
1.0
1.0
0.9998171
1.0
0.9999995
1.0
0.9998863
0.9524703
1.0
1.0
1.0
1.0
0.99999976
1.0
0.9999999
1.0
0.9999473
1.0
0.7199075
1.0
0.9993813
1.0
0.9999713
1.0
1.0
0.9999987
1.0
1.0
1.0
1.0
1.0
0.9999993
1.0
1.0
0.9970022
0.9999999
0.99762315
1.0
0.9999999
0.9999988
1.0
0.9999981
1.0
1.0
0.99999976
1.0
0.9999939
1.0
0.9981944
1.0
0.99999726
0.99767107
1.0
1.0
1.0
1.0
1.0
0.9999994
0.99984837
1.0
0.9999995
0.95611936
1.0
1.0
1.0
1.0
1.0
1.0
1.0
1.0
1.0
0.9984647
1.0
0.99999964
1.0
1.0
0.9999993
1.0
0.93362164
0.9999988
0.99999464
1.0
1.0
1.0
1.0
1.0
0.9999088
1.0
0.9999999
1.0
0.6960905
1.0
1.0
0.91061044
1.0
0.99999976
0.99999917
0.9999999
1.0
0.99998426
1.0
0.99999905
0.99993014
1.0
0.99999845
1.0
1.0
1.0
1.0
0.87739474
1.0
0.99998736
1.0
1.0
1.0
1.0
0.99999404
1.0
0.9999722
0.99999857
0.9999999
1.0
1.0
1.0
1.0
1.0
1.0
1.0
1.0
1.0
1.0
1.0
1.0
0.99787223
0.9999999
1.0
1.0
1.0
0.9999999
1.0
0.9999999
1.0
0.9999814
1.0
1.0
1.0
0.98028606
1.0
0.9999999
0.99999845
1.0
0.9999999
1.0
1.0
1.0
1.0
1.0
1.0
1.0
1.0
1.0
1.0
1.0
0.99999976
0.99999666
0.9999999
0.9995259
1.0
1.0
1.0
1.0
1.0
1.0
1.0
1.0
1.0
0.9999999
1.0
1.0
0.99922264
0.9999999
0.533183
0.99998283
0.999401
1.0
1.0
0.9999511
1.0
1.0
1.0
0.99997425
0.9608056
1.0
1.0
0.9999999
1.0
1.0
1.0
1.0
1.0
1.0
1.0
0.99999714
1.0
0.9999999
1.0
1.0
0.9999962
0.98446876
0.99998486
0.99995565
0.999972
1.0
1.0
1.0
1.0
0.99682605
0.99999976
1.0
1.0
1.0
0.9999999
1.0
1.0
0.99988186
0.9983606
1.0
0.9999976
0.99999475
0.99999905
1.0
0.9999999
1.0
1.0
0.99999976
0.9984869
1.0
0.9999975
1.0
1.0
0.99999356
0.9999995
1.0
1.0
1.0
1.0
1.0
0.7344688
1.0
0.99999964
1.0
1.0
1.0
1.0
1.0
0.9999962
1.0
0.9976313
0.9997118
1.0
1.0
1.0
0.99999094
1.0
1.0
1.0
1.0
0.75319767
1.0
0.9999974
0.9999193
1.0
1.0
1.0
1.0
1.0
1.0
0.9999832
1.0
1.0
0.99999976
1.0
1.0
1.0
0.99999833
1.0
1.0
0.9999796
1.0
1.0
1.0
1.0
0.99979264
0.9998723
1.0
1.0
1.0
1.0
1.0
1.0
1.0
1.0
1.0
0.9890689
1.0
0.9977518
1.0
1.0
0.9999999
1.0
1.0
0.9999703
1.0
1.0
1.0
0.9337712
1.0
1.0
0.8447333
1.0
0.99999976
1.0
1.0
1.0
1.0
1.0
0.9999999
1.0
0.9999989
1.0
0.99999964
0.9999999
0.99999905
0.99980944
1.0
1.0
1.0
1.0
1.0
0.9999981
0.99998534
0.9999999
0.9999994
1.0
1.0
1.0
1.0
0.99999964
1.0
1.0
1.0
0.99998903
0.9999937
0.99999964
1.0
1.0
0.9999032
0.99988556
1.0
0.99999917
0.99999976
1.0
1.0
0.99999857
0.9999951
0.99999523
0.9999887
1.0
0.9999999
1.0
1.0
0.9999999
1.0
1.0
0.999995
1.0
0.9999999
0.9999999
1.0
0.9999981
0.9974178
0.99999976
0.9999938
1.0
1.0
1.0
0.99979657
0.9999999
0.99999404
0.99999964
1.0
0.99999964
0.9999968
1.0
0.99865013
1.0
0.9999883
1.0
0.9999918
0.9999995
1.0
1.0
1.0
0.9858913
1.0
0.9999999
0.9999975
1.0
1.0
1.0
1.0
0.9999993
1.0
1.0
0.999037
1.0
0.7013915
0.99999964
0.99999976
1.0
0.99999845
1.0
0.9999969
0.99999785
0.9999906
0.9999994
0.9999999
1.0
1.0
1.0
1.0
1.0
0.9999999
0.9999957
1.0
1.0
0.9999988
0.9999999
0.9999981
0.99999356
1.0
0.9969836
1.0
1.0
1.0
0.8009883
1.0
0.99999905
1.0
1.0
1.0
0.9999727
0.99996924
1.0
1.0
1.0
0.99999857
1.0
1.0
1.0
1.0
0.9999999
1.0
0.9999988
0.9927982
1.0
1.0
1.0
0.9999968
1.0
1.0
1.0
1.0
1.0
1.0
1.0
1.0
0.9999999
0.9976241
0.9999641
1.0
1.0
1.0
0.9999995
0.99999857
0.9999995
1.0
1.0
0.6724641
1.0
1.0
1.0
1.0
1.0
1.0
0.99969554
0.98169345
1.0
1.0
0.9951857
0.99999845
1.0
1.0
1.0
1.0
0.9635818
0.9999981
1.0
1.0
0.99999225
1.0
0.96562475
1.0
1.0
1.0
1.0
1.0
0.9999995
1.0
1.0
0.9999987
0.99988556
1.0
1.0
0.9253134
0.99999857
1.0
0.9999261
1.0
0.5648211
0.9999999
0.99999976
1.0
0.9999908
0.9999989
0.9999995
1.0
0.99576205
0.9999999
0.9999728
0.9999169
0.9999981
1.0
1.0
1.0
1.0
0.9998024
1.0
0.99999964
0.9999994
1.0
0.99999976
1.0
0.9999132
0.99938416
0.99985206
1.0
0.99999964
1.0
1.0
1.0
0.9999989
1.0
0.9999994
1.0
0.99999726
1.0
0.9999999
1.0
0.9999981
0.9999993
1.0
1.0
0.99999964
1.0
1.0
1.0
1.0
1.0
0.99999976
1.0
0.9999993
1.0
0.99999857
0.9756975
1.0
1.0
1.0
1.0
0.99999917
0.9997466
1.0
1.0
1.0
1.0
0.9999989
1.0
0.9999999
1.0
0.99820673
0.9947253
0.99999976
1.0
0.99995995
1.0
0.9999999
1.0
1.0
1.0
0.95054615
0.9999999
1.0
1.0
1.0
0.9999269
1.0
1.0
0.9999995
1.0
1.0
0.99956614
1.0
0.99857473
0.9999988
0.9998253
1.0
1.0
1.0
1.0
1.0
0.99999976
0.99999917
1.0
0.9999994
1.0
0.99999964
1.0
1.0
1.0
0.9999831
0.99935335
0.99998903
1.0
0.9999628
1.0
0.9997408
1.0
1.0
0.9999933
1.0
1.0
1.0
1.0
0.9999988
1.0
1.0
1.0
1.0
1.0
0.9999989
1.0
0.99999666
0.9999964
0.99999976
0.99999523
0.8574648
1.0
0.9999969
1.0
0.99991655
1.0
1.0
1.0
0.99730456
0.9999932
0.9999846
1.0
0.99999166
1.0
0.9998599
0.99999964
0.99999523
1.0
0.91242903
1.0
1.0
1.0
1.0
1.0
0.99999726
1.0
0.9999702
1.0
1.0
0.9958527
0.99999976
1.0
1.0
1.0
1.0
0.9999976
1.0
1.0
0.9999964
1.0
1.0
1.0
1.0
1.0
0.99999976
1.0
1.0
1.0
0.9999999
1.0
1.0
1.0
0.92075473
1.0
0.99999976
0.9999999
1.0
0.9999982
1.0
1.0
1.0
0.9999995
0.9870948
0.99999213
0.99999094
1.0
0.9999999
1.0
1.0
0.9999784
0.9999999
1.0
0.82975674
0.9998996
0.9999999
0.69236076
0.9999999
1.0
0.99999964
0.9987337
0.9997497
1.0
0.98961115
1.0
0.9999999
1.0
0.99998677
1.0
0.99998486
1.0
0.99999964
1.0
1.0
1.0
0.9999169
1.0
0.99999034
1.0
1.0
1.0
1.0
1.0
1.0
0.99999857
1.0
1.0
1.0
1.0
1.0
0.9999447
1.0
0.7620005
1.0
1.0
1.0
0.99997747
1.0
1.0
0.999998
1.0
1.0
1.0
0.9975909
1.0
1.0
0.9999994
0.999961
1.0
1.0
1.0
0.99999833
0.9999999
1.0
0.9999999
1.0
0.9999995
1.0
1.0
0.9999981
1.0
0.9999999
0.99999547
0.99999964
0.9999999
0.99999917
0.9999907
0.7249238
1.0
1.0
1.0
0.9994404
1.0
1.0
0.99739933
0.9994363
1.0
1.0
1.0
1.0
0.9999993
0.99999344
1.0
1.0
1.0
1.0
1.0
1.0
0.99999964
1.0
0.9999939
1.0
1.0
1.0
0.99999976
1.0
1.0
0.9927859
1.0
1.0
0.99998534
1.0
1.0
0.9999995
1.0
1.0
1.0
1.0
1.0
1.0
1.0
0.990159
1.0
1.0
1.0
0.99871993
0.9967269
1.0
1.0
1.0
1.0
1.0
1.0
1.0
1.0
1.0
0.9999989
1.0
1.0
0.9999994
1.0
0.999974
1.0
1.0
1.0
0.7352125
0.999972
1.0
1.0
1.0
0.9999995
1.0
1.0
1.0
1.0
1.0
1.0
1.0
1.0
1.0
1.0
1.0
0.9971938
0.9999995
0.9999988
1.0
0.9999994
1.0
0.99856806
0.9999993
1.0
0.9999993
1.0
1.0
0.9999999
1.0
1.0
0.9998247
0.9999999
0.9999682
0.99999213
1.0
1.0
1.0
1.0
0.9998878
1.0
0.9999919
0.99999976
1.0
1.0
1.0
1.0
1.0
1.0
1.0
0.9978163
1.0
0.9999994
0.9999999
1.0
0.9999788
0.99996984
1.0
1.0
0.91782004
1.0
0.9999999
0.99999976
1.0
0.9999999
1.0
0.9999999
0.9999999
1.0
1.0
1.0
1.0
0.9999769
0.9999924
1.0
0.9999999
0.9999999
1.0
1.0
1.0
0.99999607
1.0
1.0
0.99998987
0.99999094
1.0
1.0
1.0
1.0
0.99999976
1.0
0.99979216
1.0
1.0
1.0
0.9999999
0.9999528
0.9999995
0.99999654
0.99998486
0.9776924
0.99999845
1.0
0.9998882
0.999998
1.0
1.0
1.0
1.0
1.0
1.0
0.9997303
0.9999999
1.0
1.0
0.99999535
1.0
1.0
1.0
0.9999832
0.9999999
0.9263531
1.0
0.9999473
1.0
1.0
1.0
1.0
1.0
1.0
1.0
1.0
1.0
1.0
1.0
1.0
0.9999999
1.0
1.0
1.0
1.0
1.0
1.0
0.99149454
1.0
1.0
1.0
1.0
0.9999989
0.99999964
0.99999964
1.0
1.0
1.0
1.0
0.9999999
1.0
1.0
0.99961036
1.0
1.0
0.9999995
0.9999999
1.0
1.0
1.0
1.0
0.54165953
0.9999714
1.0
1.0
1.0
1.0
0.9999999
0.5251745
0.9999994
0.9993292
1.0
1.0
0.99999034
1.0
1.0
1.0
0.8053718
0.9999993
0.9999999
0.9999987
1.0
0.99999976
1.0
1.0
1.0
1.0
1.0
1.0
0.99999976
0.99999976
0.9973781
0.9952742
0.99997973
0.9999995
0.9999993
1.0
1.0
1.0
1.0
0.9999944
1.0
1.0
1.0
1.0
0.99999976
0.9999994
1.0
0.9999999
1.0
0.9999987
0.99998856
1.0
1.0
0.99199295
0.9991359
1.0
0.99999976
1.0
1.0
1.0
1.0
0.9999999
1.0
1.0
1.0
1.0
1.0
0.9433107
1.0
0.99999595
0.9999999
1.0
0.9990146
0.9882708
0.9999999
0.99998856
1.0
0.9999697
1.0
0.9527968
0.9999962
0.99999964
1.0
0.9999988
1.0
1.0
1.0
0.99999976
1.0
1.0
0.99999964
0.99999976
1.0
0.9999988
1.0
0.9999999
1.0
1.0
1.0
1.0
0.9999988
1.0
0.9999988
0.9999993
0.9999323
1.0
1.0
1.0
0.99989295
1.0
1.0
0.9999763
1.0
1.0
0.99999845
1.0
1.0
0.99999964
1.0
1.0
1.0
1.0
0.9999896
1.0
1.0
1.0
1.0
0.9999981
1.0
1.0
1.0
1.0
0.99967706
1.0
0.9999993
0.99992764
0.9998834
1.0
1.0
1.0
0.9999999
1.0
1.0
0.9999732
0.99999726
0.9998266
1.0
0.9999974
1.0
0.7070908
1.0
1.0
0.9999981
1.0
1.0
1.0
0.9999999
1.0
1.0
0.99998355
0.9999982
0.99999976
1.0
0.99999976
1.0
1.0
1.0
1.0
1.0
0.99999976
1.0
0.9997174
0.9999999
1.0
1.0
0.99994195
1.0
0.99999964
0.99999547
1.0
1.0
1.0
0.9997999
0.999584
1.0
1.0
1.0
1.0
0.9998248
1.0
0.99962354
1.0
1.0
1.0
0.9999963
1.0
1.0
1.0
1.0
0.99999654
1.0
0.99999976
0.9999988
1.0
1.0
1.0
1.0
1.0
0.9999925
1.0
0.9999993
1.0
1.0
1.0
1.0
0.99999976
1.0
1.0
1.0
1.0
1.0
1.0
0.9999993
1.0
1.0
1.0
0.9999999
1.0
0.99999785
1.0
1.0
1.0
1.0
1.0
1.0
1.0
1.0
1.0
1.0
0.99997914
1.0
0.99999964
1.0
1.0
0.9999994
1.0
1.0
1.0
1.0
1.0
1.0
1.0
1.0
1.0
1.0
0.99999964
1.0
1.0
1.0
1.0
0.99997604
1.0
1.0
0.99999976
1.0
1.0
1.0
0.99999297
1.0
1.0
1.0
0.9999989
1.0
1.0
1.0
1.0
1.0
1.0
1.0
0.99999356
1.0
0.9999999
1.0
1.0
1.0
1.0
1.0
1.0
1.0
1.0
0.9999995
1.0
0.9999993
0.99999964
1.0
1.0
1.0
1.0
0.99999964
0.9999994
1.0
1.0
1.0
1.0
1.0
1.0
1.0
1.0
1.0
1.0
1.0
1.0
1.0
0.99999964
0.9999999
1.0
1.0
1.0
1.0
1.0
0.9927249
1.0
1.0
1.0
1.0
1.0
1.0
1.0
0.9999999
0.99999964
1.0
1.0
1.0
0.99602795
0.9999989
1.0
0.9999999
1.0
1.0
0.9999995
1.0
1.0
1.0
1.0
1.0
1.0
1.0
1.0
0.9999999
1.0
1.0
1.0
0.98458534
1.0
1.0
0.9999999
1.0
1.0
0.99472964
1.0
0.99999976
1.0
1.0
1.0
1.0
1.0
1.0
1.0
1.0
0.9999989
0.999997
1.0
1.0
1.0
1.0
1.0
0.99999833
1.0
1.0
1.0
1.0
1.0
1.0
1.0
1.0
1.0
1.0
0.99999714
1.0
1.0
1.0
1.0
0.99970585
1.0
0.9996898
1.0
0.99983776
1.0
0.99999976
1.0
0.9999995
1.0
1.0
0.9999993
1.0
1.0
0.9999999
1.0
1.0
1.0
0.9999994
0.9999995
0.99999976
0.9999999
0.99993706
1.0
1.0
1.0
1.0
1.0
1.0
0.99892116
1.0
1.0
1.0
1.0
1.0
1.0
1.0
1.0
0.9999999
1.0
1.0
1.0
1.0
0.9999999
1.0
0.9999999
1.0
0.9917713
0.9999993
1.0
1.0
0.99999404
1.0
1.0
1.0
1.0
0.9999969
1.0
1.0
1.0
1.0
0.9999999
0.9999771
0.9999999
1.0
1.0
0.99905914
1.0
1.0
0.99981874
0.9999987
1.0
1.0
1.0
1.0
1.0
1.0
1.0
1.0
0.9999193
1.0
1.0
1.0
1.0
1.0
1.0
1.0
1.0
1.0
0.999954
1.0
1.0
1.0
1.0
1.0
1.0
1.0
1.0
1.0
0.99999976
1.0
1.0
1.0
1.0
1.0
1.0
1.0
1.0
0.9999999
1.0
1.0
1.0
0.9999999
1.0
1.0
1.0
0.99999976
1.0
1.0
1.0
1.0
1.0
1.0
1.0
1.0
1.0
1.0
1.0
1.0
1.0
1.0
1.0
0.9413554
1.0
1.0
1.0
0.99999964
1.0
1.0
1.0
1.0
1.0
1.0
1.0
0.99999917
1.0
1.0
1.0
1.0
1.0
1.0
1.0
1.0
1.0
1.0
1.0
1.0
1.0
1.0
1.0
1.0
0.99999905
1.0
1.0
1.0
1.0
1.0
1.0
1.0
1.0
1.0
1.0
0.9999995
1.0
1.0
1.0
1.0
1.0
1.0
1.0
0.9999999
0.99999964
1.0
1.0
1.0
1.0
1.0
1.0
1.0
1.0
1.0
1.0
1.0
1.0
1.0
1.0
1.0
1.0
0.9999999
0.99999976
1.0
1.0
0.9999994
1.0
1.0
1.0
0.9999988
1.0
0.99999285
1.0
0.9999999
1.0
1.0
1.0
1.0
1.0
1.0
0.9999963
0.99999964
1.0
1.0
1.0
1.0
1.0
1.0
0.99999166
1.0
1.0
1.0
1.0
1.0
1.0
1.0
1.0
1.0
1.0
1.0
1.0
1.0
1.0
1.0
1.0
1.0
1.0
1.0
1.0
1.0
1.0
0.9999999
1.0
0.9999871
0.9993074
1.0
1.0
1.0
1.0
1.0
1.0
0.9999925
1.0
1.0
1.0
1.0
1.0
1.0
1.0
1.0
1.0
1.0
1.0
1.0
1.0
1.0
1.0
1.0
1.0
1.0
1.0
1.0
1.0
1.0
1.0
1.0
1.0
1.0
1.0
1.0
1.0
1.0
1.0
1.0
1.0
1.0
1.0
1.0
1.0
1.0
1.0
1.0
1.0
1.0
1.0
1.0
0.9999999
1.0
0.9999993
1.0
1.0
1.0
1.0
1.0
1.0
1.0
1.0
1.0
1.0
1.0
1.0
1.0
1.0
0.9999126
1.0
1.0
0.9997781
1.0
1.0
1.0
0.9999999
0.9999969
1.0
1.0
1.0
1.0
0.9999982
1.0
1.0
1.0
0.99999845
0.99999917
1.0
1.0
1.0
1.0
1.0
1.0
1.0
1.0
0.999984
0.9999815
0.99999976
1.0
1.0
1.0
1.0
1.0
1.0
1.0
0.9999999
1.0
1.0
0.9999999
1.0
0.99999547
1.0
1.0
0.99988914
1.0
1.0
1.0
1.0
0.99994147
1.0
1.0
1.0
0.9999994
1.0
1.0
1.0
1.0
0.9999999
1.0
0.999997
1.0
1.0
0.9999995
1.0
1.0
0.9999567
1.0
1.0
1.0
1.0
1.0
1.0
1.0
1.0
1.0
1.0
1.0
1.0
1.0
0.9998394
0.99999917
0.9999999
1.0
1.0
0.9999999
1.0
0.9999999
1.0
1.0
1.0
1.0
1.0
0.99999976
1.0
1.0
1.0
0.9999999
1.0
0.9999999
0.99999106
1.0
1.0
0.9999683
1.0
1.0
0.9999839
0.99999905
1.0
1.0
1.0
0.99999857
1.0
1.0
0.9645479
1.0
0.9999715
1.0
1.0
0.99991274
1.0
0.99999464
0.9993562
0.9999944
1.0
1.0
1.0
0.999998
0.9999783
0.99992955
1.0
1.0
1.0
0.99999964
0.9857743
0.9999192
1.0
1.0
1.0
1.0
1.0
1.0
0.9999999
1.0
0.9999999
1.0
1.0
0.9999989
1.0
1.0
0.9999999
1.0
1.0
1.0
1.0
1.0
0.9998635
0.9996145
0.999966
1.0
1.0
1.0
1.0
0.9999988
1.0
1.0
1.0
1.0
0.9999968
1.0
1.0
0.99999976
1.0
1.0
1.0
1.0
0.9999989
1.0
1.0
1.0
1.0
1.0
1.0
0.9999995
1.0
1.0
1.0
1.0
0.99998534
0.99999726
1.0
1.0
1.0
1.0
0.99999607
1.0
1.0
1.0
1.0
0.99999845
0.99998605
1.0
1.0
1.0
1.0
1.0
0.99999654
0.9999999
0.9999999
1.0
1.0
0.99999917
0.9999995
1.0
0.9778593
0.9997234
0.9510949
1.0
1.0
1.0
1.0
1.0
0.9999994
0.9999987
1.0
0.99978536
1.0
1.0
1.0
0.9730037
1.0
1.0
0.9798197
0.9999999
0.9999969
1.0
0.99999964
0.99999976
1.0
1.0
1.0
1.0
1.0
1.0
1.0
1.0
1.0
1.0
1.0
0.9999994
1.0
1.0
1.0
0.9999995
1.0
1.0
1.0
1.0
0.99999905
1.0
1.0
1.0
1.0
1.0
0.9999937
1.0
1.0
0.99999976
1.0
1.0
1.0
1.0
1.0
1.0
1.0
1.0
1.0
1.0
1.0
1.0
0.99999976
0.999969
0.9999844
1.0
1.0
1.0
0.99999785
0.9999999
1.0
1.0
1.0
1.0
1.0
1.0
1.0
1.0
1.0
1.0
1.0
1.0
1.0
0.9999999
1.0
0.9999993
1.0
1.0
1.0
0.9997485
0.99988604
1.0
1.0
1.0
1.0
0.9999994
1.0
0.9998599
1.0
1.0
1.0
1.0
1.0
1.0
0.99999547
1.0
1.0
0.99999964
1.0
1.0
1.0
1.0
1.0
1.0
1.0
1.0
1.0
1.0
1.0
1.0
1.0
1.0
1.0
0.99999964
1.0
1.0
1.0
1.0
1.0
1.0
1.0
1.0
1.0
0.9999994
1.0
1.0
1.0
1.0
1.0
0.99818265
1.0
1.0
1.0
1.0
1.0
1.0
1.0
0.99999976
1.0
0.9848594
0.9996201
1.0
0.99998736
0.99999905
1.0
1.0
1.0
1.0
1.0
1.0
1.0
0.9999999
1.0
1.0
1.0
0.99999905
1.0
1.0
0.999263
1.0
1.0
1.0
1.0
1.0
0.9999944
1.0
0.9999999
1.0
0.99999857
1.0
0.9999949
1.0
1.0
0.99999964
0.999997
1.0
0.9999994
1.0
0.9999982
1.0
1.0
1.0
1.0
1.0
1.0
1.0
0.9999993
0.9999999
0.9985197
0.9995752
0.9999995
0.99994814
1.0
1.0
1.0
1.0
1.0
1.0
1.0
1.0
1.0
0.9999987
0.99999917
0.9999993
1.0
1.0
1.0
0.94113857
1.0
1.0
1.0
0.9999721
1.0
0.999969
1.0
0.99999
1.0
1.0
1.0
0.9999989
1.0
1.0
1.0
0.9999995
0.99999964
0.9999964
1.0
0.99999964
0.9999999
0.99999976
1.0
1.0
1.0
0.97104746
0.9912754
0.99999976
0.99999976
0.99940956
1.0
0.99999905
0.99999964
0.99999976
1.0
1.0
0.99999857
1.0
1.0
1.0
0.9999989
0.9367686
0.99998105
1.0
0.99999547
1.0
0.99999964
0.9999999
0.9977011
0.99999917
0.999982
0.99999774
0.9999999
0.9999995
1.0
0.9999999
1.0
1.0
1.0
1.0
1.0
1.0
1.0
1.0
0.9999733
1.0
1.0
0.99984336
0.99999845
1.0
0.999869
0.9999999
0.9999918
0.9999939
1.0
0.9999995
1.0
1.0
1.0
0.9999149
1.0
0.9999994
1.0
0.9999999
1.0
1.0
0.999992
1.0
1.0
0.9999937
1.0
1.0
0.9999976
0.99999833
0.99999976
1.0
1.0
1.0
0.9999989
1.0
0.99999976
1.0
1.0
0.99999917
1.0
1.0
1.0
1.0
1.0
0.9996308
1.0
1.0
1.0
1.0
1.0
0.99813783
1.0
0.99999917
1.0
1.0
1.0
1.0
1.0
1.0
0.99999964
0.89569247
1.0
1.0
1.0
1.0
1.0
1.0
1.0
1.0
1.0
0.65527594
1.0
0.9999871
1.0
1.0
1.0
1.0
1.0
1.0
1.0
0.99999976
1.0
1.0
1.0
1.0
1.0
1.0
1.0
1.0
1.0
1.0
0.9429632
1.0
1.0
0.99999976
1.0
1.0
1.0
1.0
1.0
1.0
1.0
1.0
0.99999666
1.0
0.99999523
1.0
1.0
1.0
1.0
1.0
1.0
1.0
1.0
1.0
1.0
1.0
1.0
1.0
1.0
1.0
1.0
1.0
1.0
1.0
1.0
1.0
1.0
1.0
1.0
1.0
1.0
1.0
1.0
1.0
1.0
0.9970599
0.9999999
1.0
1.0
0.9999908
1.0
1.0
1.0
1.0
0.6714968
1.0
0.99984634
1.0
0.9999995
1.0
0.966364
0.9738478
0.9999993
1.0
1.0
1.0
1.0
1.0
1.0
1.0
1.0
1.0
1.0
1.0
1.0
1.0
1.0
1.0
1.0
1.0
1.0
1.0
1.0
1.0
1.0
1.0
1.0
1.0
1.0
1.0
1.0
1.0
1.0
1.0
1.0
1.0
1.0
1.0
1.0
1.0
1.0
1.0
1.0
1.0
1.0
1.0
1.0
1.0
1.0
1.0
1.0
0.99999917
1.0
1.0
1.0
0.9999999
1.0
1.0
0.99999976
1.0
1.0
1.0
1.0
1.0
1.0
1.0
1.0
1.0
1.0
1.0
0.9999999
0.9997836
1.0
1.0
1.0
1.0
1.0
1.0
1.0
1.0
1.0
1.0
1.0
1.0
1.0
1.0
1.0
1.0
1.0
1.0
1.0
1.0
1.0
1.0
1.0
1.0
1.0
1.0
1.0
1.0
1.0
1.0
1.0
1.0
1.0
1.0
1.0
1.0
1.0
1.0
1.0
1.0
1.0
1.0
1.0
1.0
1.0
1.0
1.0
1.0
1.0
1.0
1.0
1.0
1.0
1.0
1.0
1.0
1.0
1.0
1.0
0.99999976
1.0
0.9999999
0.99999917
1.0
1.0
1.0
1.0
1.0
1.0
1.0
1.0
1.0
1.0
1.0
1.0
1.0
1.0
1.0
1.0
1.0
1.0
1.0
1.0
1.0
1.0
1.0
1.0
1.0
1.0
1.0
1.0
1.0
1.0
1.0
0.9999999
1.0
1.0
1.0
1.0
1.0
0.99999964
1.0
1.0
0.9999988
1.0
1.0
1.0
1.0
1.0
1.0
1.0
1.0
1.0
1.0
1.0
0.99999964
1.0
1.0
1.0
1.0
1.0
1.0
1.0
1.0
1.0
1.0
1.0
1.0
1.0
1.0
1.0
1.0
0.99999654
1.0
1.0
1.0
1.0
1.0
1.0
1.0
1.0
1.0
1.0
1.0
1.0
1.0
1.0
0.99999976
0.9999999
0.99992
1.0
1.0
1.0
1.0
0.99992704
1.0
0.9998342
0.9999784
0.9999999
1.0
1.0
1.0
1.0
1.0
1.0
0.99999976
1.0
0.9999436
1.0
1.0
1.0
1.0
0.9999999
1.0
0.99997175
1.0
0.9999721
1.0
0.9999999
1.0
0.9999999
0.99999964
0.99916947
1.0
0.99985814
1.0
1.0
1.0
1.0
1.0
0.9999999
1.0
1.0
1.0
1.0
1.0
1.0
0.9999994
1.0
0.99999833
0.9999999
1.0
1.0
1.0
1.0
1.0
1.0
1.0
1.0
1.0
0.9999999
0.9999999
1.0
1.0
0.99999857
1.0
1.0
1.0
1.0
1.0
1.0
1.0
1.0
1.0
1.0
1.0
1.0
0.9999343
1.0
1.0
1.0
1.0
1.0
0.9999999
1.0
1.0
0.99999607
1.0
1.0
1.0
1.0
1.0
1.0
0.9999999
1.0
1.0
1.0
1.0
1.0
1.0
1.0
0.9999765
1.0
1.0
1.0
1.0
1.0
1.0
1.0
0.9999999
1.0
0.9839612
1.0
1.0
1.0
1.0
1.0
1.0
0.99998283
1.0
1.0
1.0
1.0
0.9999982
1.0
1.0
1.0
1.0
1.0
0.99999964
1.0
1.0
1.0
1.0
0.9999988
1.0
1.0
1.0
0.9909979
1.0
0.9999999
1.0
1.0
1.0
0.99988604
1.0
0.9999999
1.0
0.99999976
0.99999976
0.99999905
1.0
0.9999993
1.0
1.0
0.99999523
1.0
1.0
1.0
0.99999154
0.9990226
0.47815135
1.0
0.99638945
0.81648934
0.9999994
0.8495326
0.9996624
1.0
1.0
0.9999999
0.99999905
1.0
0.999987
0.9989231
0.99955195
0.9999913
0.667761
0.9995079
0.9999988
0.99899775
0.99998796
0.87561584
0.9999888
0.9874049
0.99999857
0.9999981
0.9999995
1.0
1.0
0.9999976
1.0
0.9999999
1.0
0.9999994
1.0
0.99999905
1.0
0.9997367
1.0
1.0
1.0
0.99998045
0.9656573
0.98766
0.9990759
1.0
1.0
0.9999943
0.9997625
1.0
0.99725527
1.0
0.9999999
0.9987394
0.9999999
0.99999774
1.0
1.0
0.99999094
0.9999182
0.9995467
1.0
0.99987066
0.99999833
0.9999999
1.0
0.9999964
0.99999714
0.99999976
0.99999964
0.47009045
1.0
0.9999993
1.0
0.99999976
1.0
0.99868697
0.96399516
1.0
1.0
0.9999999
0.99999654
0.9999964
1.0
1.0
1.0
1.0
0.99999976
0.9999999
1.0
0.9999993
1.0
1.0
1.0
1.0
0.9999999
0.77463305
1.0
1.0
1.0
1.0
0.99999976
1.0
1.0
1.0
1.0
0.9999999
0.9999995
1.0
1.0
1.0
1.0
0.9999994
0.99999976
1.0
1.0
1.0
0.9999981
1.0
1.0
1.0
1.0
0.99997985
1.0
1.0
1.0
0.99999976
1.0
1.0
1.0
1.0
1.0
1.0
0.9999994
1.0
1.0
0.9999851
0.99999976
1.0
0.9999999
1.0
1.0
1.0
1.0
1.0
1.0
1.0
1.0
1.0
1.0
1.0
0.99999917
1.0
1.0
0.9999993
0.99997914
1.0
1.0
1.0
1.0
1.0
1.0
1.0
0.99998426
1.0
1.0
0.99977845
0.99999964
1.0
0.99999964
0.9999943
1.0
1.0
1.0
1.0
0.99999714
1.0
0.99996805
1.0
1.0
1.0
1.0
0.9999999
1.0
1.0
0.8120552
0.9999932
1.0
1.0
0.998176
0.99999917
1.0
0.9996026
1.0
0.9999962
1.0
1.0
1.0
1.0
0.99999964
0.9758656
0.999964
1.0
1.0
0.9999958
1.0
1.0
0.9999676
1.0
0.9999999
0.9999999
1.0
1.0
0.99994147
0.9996898
1.0
1.0
1.0
1.0
1.0
1.0
1.0
1.0
1.0
1.0
0.99999666
1.0
0.99999964
0.730698
0.99996674
0.99999976
1.0
0.9999937
1.0
1.0
1.0
0.99999535
1.0
0.9999937
1.0
1.0
0.99923885
1.0
1.0
1.0
1.0
1.0
1.0
1.0
1.0
1.0
0.99999917
0.99989617
1.0
1.0
1.0
0.9999994
1.0
0.9999988
1.0
1.0
1.0
0.99991465
0.99999964
1.0
1.0
1.0
1.0
1.0
1.0
0.9999999
1.0
0.999997
1.0
1.0
1.0
1.0
1.0
1.0
1.0
1.0
1.0
1.0
1.0
0.9999999
1.0
0.9999988
1.0
1.0
1.0
0.99999976
1.0
0.9916433
1.0
1.0
1.0
1.0
0.99999917
1.0
1.0
1.0
1.0
1.0
1.0
1.0
1.0
1.0
1.0
1.0
1.0
1.0
1.0
1.0
1.0
1.0
1.0
1.0
1.0
1.0
1.0
1.0
1.0
1.0
0.9999963
1.0
1.0
1.0
1.0
0.9998416
1.0
0.9999995
1.0
0.9999999
0.9999999
1.0
1.0
1.0
1.0
1.0
0.9999883
0.99878293
1.0
1.0
1.0
0.9999989
1.0
1.0
1.0
1.0
1.0
0.9999999
0.9999968
1.0
1.0
0.9999999
0.99977154
1.0
0.99999964
1.0
0.99999833
1.0
1.0
1.0
1.0
0.9999846
1.0
1.0
1.0
0.99999964
1.0
0.9999989
0.99999046
1.0
1.0
1.0
1.0
1.0
1.0
1.0
1.0
1.0
0.99999976
0.99999964
1.0
1.0
0.9999846
1.0
1.0
1.0
0.9999995
0.999972
1.0
1.0
1.0
1.0
1.0
1.0
1.0
1.0
0.99989545
1.0
1.0
1.0
1.0
1.0
1.0
1.0
0.99999964
1.0
0.9999995
1.0
1.0
0.9999994
1.0
1.0
1.0
0.9999819
1.0
1.0
1.0
1.0
1.0
1.0
1.0
1.0
0.9999999
0.9999975
1.0
1.0
1.0
1.0
0.9999999
1.0
1.0
1.0
1.0
1.0
1.0
1.0
1.0
1.0
0.9999995
1.0
0.99997807
1.0
1.0
1.0
1.0
1.0
1.0
1.0
1.0
1.0
1.0
1.0
1.0
1.0
1.0
1.0
1.0
1.0
1.0
1.0
1.0
1.0
1.0
0.9999995
1.0
1.0
1.0
0.9999995
1.0
1.0
0.99999976
1.0
0.9999987
0.99986887
1.0
1.0
1.0
0.99999976
1.0
0.9999999
1.0
1.0
1.0
1.0
1.0
0.9999987
1.0
1.0
1.0
1.0
1.0
0.9834183
1.0
1.0
1.0
1.0
0.99928755
1.0
1.0
1.0
1.0
1.0
1.0
0.99998343
1.0
1.0
0.99998724
1.0
1.0
1.0
1.0
1.0
1.0
0.9999801
0.99999976
1.0
0.9999976
1.0
1.0
1.0
1.0
1.0
1.0
0.9999993
1.0
1.0
0.9999999
1.0
1.0
1.0
1.0
0.9999968
1.0
1.0
1.0
0.999995
0.99998915
0.99993515
1.0
1.0
0.9999999
1.0
1.0
1.0
1.0
1.0
1.0
1.0
0.9999933
0.9999802
1.0
1.0
1.0
1.0
1.0
1.0
1.0
0.99998987
1.0
1.0
0.9999994
1.0
1.0
0.9995372
1.0
1.0
1.0
1.0
1.0
1.0
1.0
1.0
1.0
1.0
0.9999807
1.0
1.0
0.99994075
0.99999714
1.0
1.0
1.0
1.0
1.0
1.0
1.0
1.0
1.0
1.0
1.0
0.9999962
1.0
1.0
1.0
1.0
1.0
0.99988294
1.0
0.99999964
1.0
1.0
1.0
1.0
1.0
1.0
1.0
1.0
1.0
1.0
1.0
1.0
1.0
1.0
1.0
1.0
1.0
0.9999858
1.0
1.0
1.0
1.0
0.999984
1.0
1.0
0.99999976
1.0
1.0
1.0
1.0
1.0
1.0
1.0
1.0
1.0
1.0
1.0
1.0
1.0
1.0
1.0
0.994994
1.0
1.0
1.0
1.0
1.0
0.9999933
0.9999968
1.0
1.0
0.9998306
0.9999974
0.99993074
1.0
0.98269385
1.0
1.0
1.0
0.9989581
1.0
1.0
1.0
0.9999944
0.99999976
1.0
1.0
0.9999999
1.0
1.0
1.0
1.0
0.999995
1.0
0.9999999
1.0
0.99998796
1.0
0.9822212
1.0
1.0
0.9999999
1.0
0.9999713
1.0
0.9999999
1.0
1.0
1.0
1.0
1.0
0.9999999
0.99995553
1.0
1.0
1.0
1.0
1.0
0.99999714
1.0
1.0
0.999995
0.99999857
0.9999995
0.9999999
1.0
1.0
1.0
0.99999464
1.0
0.99999464
0.9999833
1.0
1.0
0.9999989
1.0
1.0
1.0
1.0
0.9999999
1.0
0.99997616
1.0
1.0
1.0
1.0
1.0
1.0
1.0
1.0
1.0
0.99999905
1.0
1.0
0.9999989
1.0
1.0
1.0
1.0
1.0
1.0
0.9999999
1.0
1.0
1.0
1.0
1.0
1.0
1.0
1.0
1.0
1.0
0.99998534
1.0
1.0
1.0
1.0
1.0
1.0
1.0
1.0
1.0
1.0
1.0
1.0
1.0
1.0
1.0
1.0
1.0
1.0
1.0
1.0
1.0
1.0
1.0
1.0
0.99999964
1.0
1.0
1.0
1.0
1.0
1.0
1.0
1.0
1.0
1.0
0.99999976
1.0
1.0
0.9999988
0.99999976
1.0
1.0
1.0
1.0
0.99999106
1.0
0.9999994
1.0
1.0
1.0
1.0
1.0
1.0
1.0
1.0
1.0
1.0
1.0
1.0
1.0
0.99998605
1.0
1.0
1.0
1.0
0.9999987
1.0
0.9999999
1.0
0.9999999
1.0
1.0
1.0
1.0
0.9999285
1.0
0.9999999
1.0
1.0
1.0
0.99998796
1.0
0.99999976
1.0
1.0
1.0
1.0
1.0
1.0
1.0
0.9999999
1.0
1.0
0.99999976
0.9999995
1.0
1.0
1.0
0.99999976
1.0
0.9999999
1.0
1.0
0.99976784
1.0
1.0
0.99999905
1.0
1.0
1.0
1.0
1.0
1.0
1.0
1.0
1.0
0.9999995
0.9999944
1.0
1.0
1.0
0.99999964
0.99997115
0.99999917
0.99983275
1.0
1.0
1.0
1.0
1.0
1.0
0.99997044
1.0
0.99999964
1.0
0.9999999
0.9999999
0.99999857
1.0
1.0
1.0
0.9999112
1.0
1.0
1.0
1.0
0.9999999
0.99999833
1.0
0.99999344
1.0
0.99998486
1.0
1.0
1.0
0.9999995
1.0
1.0
1.0
1.0
1.0
0.9999999
0.99981564
0.9999981
1.0
1.0
0.9999989
0.9999999
1.0
1.0
1.0
1.0
0.99999976
0.99997485
1.0
1.0
1.0
0.99999976
1.0
1.0
0.9999999
0.99999213
0.9999912
1.0
1.0
1.0
0.9999999
1.0
0.99996185
1.0
1.0
1.0
1.0
0.99999976
0.9999999
0.9999794
1.0
1.0
1.0
1.0
1.0
0.9999975
1.0
1.0
0.9999974
0.99999917
1.0
1.0
1.0
1.0
1.0
1.0
1.0
0.99999857
0.9999999
1.0
1.0
1.0
1.0
1.0
1.0
1.0
1.0
1.0
1.0
1.0
1.0
1.0
0.9999989
0.9999881
1.0
1.0
1.0
1.0
0.9999995
0.9999789
1.0
1.0
1.0
1.0
1.0
0.9999999
0.9999671
1.0
1.0
0.9999982
0.9999999
1.0
0.9999995
1.0
1.0
1.0
1.0
1.0
1.0
0.99999785
1.0
1.0
1.0
0.9997191
1.0
1.0
0.9999999
1.0
0.9999944
1.0
1.0
1.0
1.0
0.99999964
0.99997056
1.0
1.0
1.0
0.99999857
1.0
0.9999918
1.0
1.0
1.0
1.0
1.0
1.0
1.0
0.9999994
1.0
1.0
1.0
1.0
1.0
1.0
1.0
1.0
1.0
1.0
1.0
0.99999905
1.0
1.0
1.0
0.9999999
1.0
1.0
1.0
1.0
1.0
0.9999999
1.0
1.0
0.9999101
1.0
1.0
1.0
1.0
1.0
1.0
1.0
0.9999989
1.0
1.0
1.0
1.0
1.0
1.0
0.99999976
1.0
1.0
0.9999975
1.0
0.9999999
0.99999964
0.9999949
1.0
1.0
1.0
1.0
1.0
1.0
1.0
0.9999999
1.0
0.9999862
1.0
1.0
1.0
1.0
1.0
0.99999976
1.0
0.9999995
1.0
1.0
1.0
1.0
1.0
1.0
1.0
1.0
0.9999999
1.0
1.0
0.9999995
0.99999464
0.99999714
1.0
1.0
1.0
1.0
1.0
0.9999999
0.9999999
1.0
1.0
0.99999976
1.0
1.0
1.0
1.0
1.0
0.9999975
1.0
1.0
0.99999964
1.0
0.9999999
1.0
1.0
0.9999962
0.9999999
1.0
1.0
1.0
1.0
1.0
1.0
1.0
1.0
1.0
1.0
1.0
1.0
1.0
1.0
1.0
1.0
1.0
1.0
1.0
1.0
1.0
0.99996686
1.0
1.0
1.0
1.0
1.0
1.0
1.0
1.0
0.99999976
1.0
1.0
0.9999994
1.0
0.9999999
0.9999925
0.9998442
1.0
1.0
1.0
1.0
1.0
1.0
1.0
1.0
1.0
0.999949
1.0
1.0
0.99999917
1.0
1.0
1.0
1.0
1.0
1.0
0.9999988
1.0
1.0
1.0
1.0
1.0
1.0
1.0
1.0
1.0
1.0
1.0
1.0
1.0
1.0
1.0
0.9999999
1.0
1.0
1.0
1.0
1.0
1.0
0.9999999
1.0
0.9999995
1.0
0.99999964
1.0
1.0
0.99999595
1.0
1.0
1.0
1.0
1.0
1.0
1.0
1.0
1.0
1.0
0.9999932
1.0
0.99999976
0.999979
1.0
1.0
1.0
1.0
1.0
1.0
0.99999976
1.0
1.0
1.0
1.0
0.9999988
0.99990463
1.0
1.0
1.0
1.0
1.0
1.0
0.9999999
0.9999938
1.0
0.99999774
1.0
1.0
1.0
1.0
1.0
1.0
1.0
1.0
1.0
1.0
1.0
1.0
1.0
0.9999974
1.0
0.9999614
0.9999988
1.0
0.9999888
1.0
1.0
0.9998367
1.0
0.9999944
1.0
0.8828299
1.0
0.9999908
1.0
0.9999851
1.0
1.0
0.9999865
0.9999994
0.9999982
0.9999994
0.9999987
1.0
1.0
0.99999976
0.99999976
1.0
1.0
1.0
1.0
1.0
1.0
1.0
1.0
1.0
0.99999607
1.0
0.99999905
0.9999988
1.0
1.0
1.0
1.0
1.0
1.0
1.0
1.0
0.9999907
1.0
1.0
1.0
1.0
1.0
1.0
1.0
0.9999994
1.0
1.0
1.0
0.9999999
0.99997866
0.9999995
1.0
0.9983004
0.9999894
1.0
0.9999999
1.0
1.0
1.0
1.0
1.0
1.0
0.9999753
1.0
0.9999995
0.99924076
0.99999976
0.99999964
0.99999213
1.0
1.0
0.9999913
1.0
1.0
0.9999987
0.9999958
1.0
0.99993634
0.9997235
1.0
1.0
1.0
1.0
1.0
1.0
1.0
1.0
1.0
1.0
1.0
1.0
1.0
1.0
1.0
1.0
0.99999917
1.0
1.0
1.0
1.0
1.0
1.0
0.99999666
1.0
1.0
1.0
1.0
1.0
1.0
1.0
1.0
1.0
1.0
1.0
0.9999676
1.0
1.0
1.0
1.0
1.0
1.0
0.99956053
1.0
1.0
1.0
1.0
1.0
1.0
0.99999094
1.0
1.0
1.0
1.0
1.0
1.0
0.99998224
0.9999999
1.0
1.0
1.0
0.99999094
0.9988055
1.0
1.0
1.0
1.0
1.0
1.0
0.9999969
0.99999905
1.0
1.0
1.0
0.9999968
1.0
1.0
1.0
1.0
0.9999262
1.0
1.0
1.0
1.0
1.0
1.0
1.0
0.99999297
1.0
1.0
1.0
0.99999964
1.0
1.0
1.0
1.0
1.0
1.0
1.0
0.99999964
1.0
0.9999943
1.0
1.0
1.0
1.0
1.0
1.0
1.0
1.0
1.0
1.0
1.0
1.0
0.9999716
0.99999976
1.0
1.0
0.9999999
1.0
1.0
1.0
1.0
1.0
1.0
1.0
1.0
1.0
1.0
1.0
0.99730647
1.0
0.97284716
1.0
0.9999982
0.9999865
0.9999814
1.0
1.0
1.0
0.9997881
1.0
0.9998976
1.0
1.0
1.0
0.99999666
1.0
1.0
0.9999968
0.9999689
1.0
0.9999999
1.0
1.0
0.9999988
1.0
1.0
1.0
1.0
1.0
1.0
0.9999342
0.99995875
0.9999641
0.85092705
0.9996681
1.0
0.9999994
1.0
1.0
1.0
0.9999999
0.99930036
0.9999999
0.9999622
0.9999994
0.9999895
0.9999995
1.0
0.9999999
0.9999589
1.0
1.0
1.0
1.0
0.9999999
1.0
1.0
1.0
1.0
1.0
1.0
1.0
1.0
1.0
1.0
0.9999995
1.0
0.9996599
1.0
1.0
1.0
1.0
1.0
1.0
1.0
0.99999964
1.0
1.0
0.9999981
1.0
1.0
1.0
0.99999726
1.0
1.0
0.99999976
1.0
1.0
1.0
0.9999999
0.9999937
1.0
0.99999845
1.0
1.0
0.99999917
1.0
1.0
1.0
1.0
1.0
1.0
1.0
1.0
0.99999905
1.0
1.0
1.0
1.0
1.0
0.9999999
1.0
1.0
1.0
1.0
1.0
1.0
1.0
1.0
1.0
0.99972504
0.9841542
0.99999964
0.9999627
1.0
1.0
1.0
1.0
1.0
1.0
1.0
1.0
1.0
0.9999999
1.0
0.9999993
1.0
0.99998665
1.0
1.0
1.0
1.0
0.9999999
1.0
1.0
1.0
1.0
1.0
1.0
0.99999857
1.0
1.0
0.9999727
1.0
1.0
1.0
0.99999475
0.9999999
1.0
1.0
1.0
1.0
1.0
1.0
0.9999987
1.0
0.99999774
0.9999933
1.0
0.9999994
1.0
1.0
1.0
1.0
1.0
0.9999999
1.0
1.0
1.0
1.0
1.0
1.0
0.9999944
1.0
0.9999938
0.999495
1.0
1.0
1.0
0.9999981
1.0
1.0
0.9999993
1.0
1.0
0.9999999
1.0
1.0
0.99912125
1.0
1.0
0.99999785
1.0
1.0
1.0
1.0
1.0
1.0
1.0
1.0
1.0
1.0
0.99917173
0.99998784
1.0
1.0
0.99996316
0.99995863
0.99983215
1.0
1.0
0.9999974
0.9999993
0.9999999
1.0
1.0
0.9999809
0.9999639
1.0
1.0
1.0
0.99999964
1.0
1.0
0.9999999
1.0
1.0
1.0
1.0
1.0
1.0
1.0
1.0
0.99999964
1.0
1.0
1.0
1.0
1.0
0.9999988
0.9995427
1.0
0.9999994
1.0
0.99979883
0.9908313
1.0
1.0
0.9999999
0.9998727
0.99999905
0.9999547
0.9999938
1.0
0.98714954
0.9926555
1.0
1.0
1.0
1.0
1.0
0.9839384
1.0
0.9999443
1.0
1.0
1.0
1.0
0.9999993
1.0
1.0
1.0
1.0
1.0
1.0
1.0
1.0
1.0
0.9999999
1.0
0.9999999
1.0
1.0
1.0
1.0
1.0
1.0
0.99999654
1.0
1.0
1.0
1.0
1.0
1.0
1.0
1.0
1.0
1.0
1.0
1.0
1.0
0.9999962
1.0
0.9999068
0.9999906
0.9998436
1.0
1.0
1.0
1.0
0.99999964
0.99467057
0.9999981
1.0
1.0
1.0
1.0
0.9999994
0.9999989
1.0
1.0
1.0
1.0
1.0
1.0
1.0
0.9999964
1.0
1.0
1.0
1.0
1.0
1.0
1.0
1.0
0.99761415
1.0
0.54981035
1.0
0.9999981
1.0
1.0
1.0
1.0
1.0
1.0
1.0
1.0
1.0
1.0
1.0
0.99999285
1.0
1.0
0.9999964
0.9981306
1.0
1.0
1.0
1.0
0.9999927
1.0
1.0
1.0
0.99999976
1.0
1.0
1.0
1.0
1.0
1.0
1.0
1.0
1.0
1.0
1.0
1.0
1.0
1.0
1.0
1.0
1.0
1.0
1.0
1.0
1.0
1.0
1.0
0.99999774
1.0
1.0
1.0
1.0
1.0
1.0
1.0
1.0
1.0
0.9999999
1.0
1.0
1.0
1.0
1.0
1.0
0.99999976
1.0
1.0
1.0
1.0
1.0
1.0
1.0
1.0
1.0
0.99999964
1.0
1.0
1.0
1.0
0.9999999
1.0
1.0
1.0
0.9999999
1.0
0.99999726
1.0
1.0
1.0
1.0
0.9998883
0.99999225
0.99988556
1.0
0.9999994
1.0
0.99996495
0.99998045
0.9999957
0.9999999
1.0
1.0
1.0
0.9999993
1.0
1.0
1.0
0.9999114
0.9995184
1.0
0.9999976
0.9994338
0.9999999
0.9999976
1.0
0.9896897
1.0
1.0
0.99999917
1.0
1.0
1.0
1.0
1.0
1.0
1.0
1.0
0.9999887
1.0
0.9999999
0.9999999
1.0
1.0
1.0
1.0
1.0
1.0
1.0
1.0
1.0
1.0
1.0
1.0
1.0
1.0
1.0
1.0
1.0
1.0
1.0
1.0
1.0
1.0
0.9999993
1.0
1.0
1.0
1.0
1.0
1.0
1.0
1.0
1.0
1.0
1.0
1.0
1.0
1.0
1.0
1.0
1.0
1.0
0.999995
1.0
1.0
1.0
0.9999999
1.0
0.9999999
1.0
1.0
0.99997663
1.0
1.0
0.9999999
0.9999999
1.0
1.0
1.0
1.0
0.99999976
1.0
1.0
1.0
1.0
0.9999862
1.0
1.0
1.0
1.0
1.0
1.0
1.0
1.0
1.0
1.0
1.0
1.0
1.0
1.0
1.0
0.99999416
1.0
1.0
1.0
1.0
0.9999999
1.0
1.0
1.0
1.0
1.0
1.0
1.0
1.0
0.99999523
1.0
1.0
0.9999999
1.0
1.0
1.0
1.0
1.0
1.0
1.0
1.0
1.0
0.9999999
1.0
1.0
0.99999976
1.0
1.0
1.0
1.0
1.0
1.0
1.0
1.0
1.0
1.0
1.0
1.0
1.0
1.0
1.0
1.0
1.0
1.0
1.0
1.0
1.0
1.0
1.0
1.0
1.0
1.0
1.0
0.99999964
1.0
1.0
1.0
1.0
1.0
1.0
1.0
1.0
1.0
0.99999964
1.0
1.0
1.0
1.0
1.0
1.0
1.0
1.0
0.9999999
1.0
1.0
1.0
1.0
0.99999964
1.0
1.0
1.0
1.0
1.0
1.0
1.0
1.0
1.0
1.0
1.0
0.99999976
1.0
1.0
1.0
1.0
1.0
1.0
1.0
1.0
1.0
1.0
1.0
1.0
1.0
1.0
1.0
1.0
1.0
1.0
0.9999999
1.0
0.99999166
1.0
1.0
1.0
0.9999988
1.0
1.0
1.0
1.0
1.0
1.0
1.0
1.0
1.0
1.0
1.0
1.0
1.0
1.0
1.0
1.0
0.9999999
1.0
1.0
1.0
1.0
1.0
1.0
1.0
1.0
1.0
1.0
1.0
1.0
1.0
1.0
1.0
1.0
1.0
1.0
1.0
1.0
1.0
0.9999927
0.99999964
1.0
1.0
0.9999999
1.0
1.0
1.0
1.0
1.0
1.0
1.0
1.0
1.0
0.99999964
1.0
1.0
1.0
1.0
1.0
1.0
1.0
1.0
1.0
1.0
0.9999987
0.99999964
1.0
1.0
1.0
1.0
1.0
1.0
1.0
1.0
0.99999976
1.0
1.0
1.0
1.0
1.0
1.0
1.0
1.0
1.0
1.0
0.9999999
1.0
1.0
1.0
1.0
1.0
1.0
1.0
1.0
1.0
1.0
1.0
1.0
1.0
1.0
1.0
1.0
1.0
1.0
0.9999995
1.0
0.9999999
0.9999999
1.0
1.0
1.0
1.0
1.0
1.0
1.0
1.0
1.0
0.9999995
1.0
1.0
1.0
1.0
1.0
1.0
1.0
1.0
1.0
1.0
1.0
1.0
1.0
1.0
1.0
1.0
1.0
1.0
1.0
1.0
1.0
1.0
0.9998442
1.0
1.0
1.0
1.0
1.0
1.0
0.9999974
1.0
1.0
1.0
1.0
1.0
1.0
1.0
0.9999999
1.0
1.0
0.9999975
1.0
1.0
1.0
1.0
1.0
0.9999933
1.0
1.0
1.0
1.0
1.0
1.0
0.999992
1.0
1.0
1.0
1.0
1.0
1.0
1.0
0.9999999
1.0
1.0
1.0
1.0
1.0
1.0
1.0
1.0
1.0
0.99999976
1.0
0.9999999
1.0
1.0
1.0
1.0
1.0
1.0
1.0
1.0
0.9999999
1.0
0.9999981
1.0
1.0
1.0
1.0
1.0
1.0
1.0
0.99999654
1.0
1.0
0.9999999
0.99999964
0.9999999
1.0
1.0
1.0
1.0
1.0
0.9999933
1.0
1.0
1.0
0.9999999
1.0
1.0
1.0
1.0
1.0
1.0
0.99999964
1.0
1.0
1.0
1.0
1.0
1.0
0.9999999
1.0
1.0
1.0
1.0
1.0
1.0
1.0
1.0
1.0
1.0
1.0
1.0
1.0
1.0
1.0
1.0
0.99996674
1.0
1.0
1.0
1.0
1.0
0.99999964
1.0
1.0
1.0
1.0
0.9999299
0.9999974
1.0
0.9998154
1.0
0.9999995
0.99856997
0.9999932
0.9999989
0.9999999
0.9748682
1.0
1.0
1.0
0.99999976
0.91523933
0.99999666
0.99999416
1.0
0.9999969
1.0
1.0
0.99999976
1.0
1.0
1.0
1.0
0.9995415
0.9999999
0.99999976
1.0
1.0
1.0
1.0
0.9999993
0.99988127
0.9996983
1.0
1.0
1.0
1.0
0.9999995
0.99999976
1.0
1.0
1.0
1.0
1.0
0.99988985
1.0
1.0
1.0
1.0
0.9999999
1.0
1.0
1.0
1.0
1.0
0.9999999
0.9945127
1.0
0.99946433
1.0
1.0
1.0
1.0
1.0
1.0
1.0
0.99999857
1.0
1.0
1.0
1.0
1.0
1.0
1.0
1.0
1.0
1.0
1.0
1.0
1.0
0.999998
1.0
1.0
1.0
1.0
1.0
1.0
1.0
1.0
1.0
1.0
1.0
1.0
1.0
1.0
1.0
1.0
0.9999684
1.0
0.99999976
1.0
1.0
1.0
1.0
0.9999999
1.0
1.0
1.0
1.0
1.0
0.9999989
1.0
1.0
1.0
1.0
1.0
1.0
0.9999999
1.0
1.0
1.0
1.0
1.0
0.9999999
1.0
1.0
1.0
1.0
1.0
1.0
1.0
0.9999999
1.0
1.0
1.0
1.0
1.0
1.0
1.0
1.0
0.99999917
1.0
1.0
1.0
1.0
0.99999475
1.0
1.0
1.0
1.0
0.99999964
1.0
0.99999964
1.0
1.0
0.9999999
1.0
0.9999844
1.0
1.0
1.0
1.0
1.0
1.0
1.0
1.0
1.0
1.0
1.0
1.0
1.0
1.0
1.0
1.0
1.0
0.99999607
1.0
1.0
0.9999999
1.0
1.0
1.0
1.0
1.0
1.0
0.9999999
1.0
1.0
1.0
1.0
1.0
1.0
1.0
0.99999964
1.0
1.0
1.0
1.0
1.0
1.0
1.0
0.99991477
1.0
0.99999857
1.0
0.999997
1.0
1.0
1.0
1.0
1.0
1.0
0.99998426
1.0
1.0
1.0
1.0
1.0
1.0
1.0
1.0
1.0
1.0
1.0
1.0
1.0
1.0
1.0
1.0
1.0
1.0
0.9999999
0.9999869
1.0
1.0
1.0
1.0
1.0
1.0
0.99994266
1.0
1.0
0.99999547
1.0
1.0
1.0
0.99999905
1.0
1.0
1.0
1.0
1.0
1.0
1.0
1.0
1.0
1.0
1.0
1.0
1.0
1.0
1.0
1.0
1.0
1.0
1.0
1.0
0.9753852
1.0
1.0
1.0
1.0
1.0
1.0
1.0
1.0
1.0
1.0
1.0
1.0
1.0
1.0
1.0
0.99999976
1.0
1.0
1.0
1.0
1.0
1.0
1.0
1.0
1.0
1.0
1.0
0.9999999
1.0
1.0
1.0
1.0
1.0
1.0
1.0
0.99999833
1.0
1.0
0.99999976
1.0
1.0
1.0
1.0
1.0
1.0
1.0
1.0
1.0
1.0
1.0
0.99999964
1.0
1.0
1.0
1.0
1.0
1.0
1.0
1.0
1.0
1.0
0.9999186
1.0
1.0
1.0
0.99999905
1.0
1.0
1.0
0.9999999
1.0
1.0
1.0
1.0
1.0
1.0
0.99999905
1.0
1.0
1.0
1.0
1.0
1.0
1.0
1.0
1.0
1.0
1.0
1.0
1.0
1.0
0.9999999
1.0
1.0
0.9999778
1.0
1.0
1.0
1.0
1.0
1.0
0.9930722
1.0
1.0
0.9999956
1.0
1.0
1.0
1.0
1.0
0.9999995
0.9999995
1.0
1.0
1.0
1.0
1.0
0.99999964
1.0
1.0
1.0
1.0
1.0
1.0
1.0
1.0
1.0
0.99999976
1.0
1.0
1.0
1.0
0.99998
1.0
1.0
0.9999994
1.0
1.0
1.0
1.0
0.9999374
0.99925023
0.9997049
1.0
0.99986935
0.9999896
1.0
1.0
1.0
1.0
1.0
1.0
1.0
1.0
1.0
0.9999999
1.0
1.0
1.0
1.0
1.0
1.0
1.0
1.0
1.0
0.99923396
1.0
0.9999999
1.0
1.0
1.0
1.0
1.0
0.9999999
1.0
0.9999094
1.0
1.0
1.0
1.0
1.0
1.0
0.99999356
1.0
1.0
0.9999995
0.99999917
1.0
1.0
1.0
1.0
1.0
1.0
1.0
1.0
1.0
0.99999964
1.0
1.0
1.0
1.0
0.9999999
0.99999976
1.0
1.0
1.0
1.0
1.0
1.0
0.9999999
0.9999987
0.99985707
1.0
0.99999976
0.99999845
1.0
0.999933
1.0
1.0
0.9999908
0.9999993
1.0
1.0
1.0
0.99819106
1.0
0.9999993
0.9999957
1.0
1.0
1.0
0.99999845
1.0
1.0
1.0
1.0
0.99813336
1.0
1.0
1.0
1.0
0.9999968
1.0
1.0
1.0
0.9999999
0.9999913
1.0
1.0
0.9422781
0.9999999
1.0
1.0
0.99998474
1.0
0.9999994
1.0
0.9999701
0.9996685
0.9997671
1.0
1.0
1.0
0.9999976
1.0
0.99999535
1.0
1.0
1.0
1.0
1.0
1.0
0.99999094
0.9999958
1.0
1.0
1.0
1.0
1.0
0.99999535
1.0
0.99998856
1.0
0.9999999
1.0
1.0
1.0
1.0
1.0
1.0
0.9998354
1.0
1.0
1.0
1.0
0.9999882
1.0
1.0
1.0
0.999995
1.0
1.0
1.0
1.0
1.0
1.0
0.5728369
1.0
1.0
1.0
1.0
1.0
1.0
1.0
1.0
0.99999917
1.0
1.0
0.9999987
1.0
1.0
1.0
1.0
1.0
1.0
1.0
0.999959
0.99999976
1.0
0.9999995
1.0
0.9999975
0.9999968
1.0
1.0
1.0
0.99999607
0.9999994
1.0
0.94868374
1.0
0.9999951
0.99999964
0.9999999
0.9999926
1.0
0.9979644
1.0
0.9999999
1.0
0.99999964
1.0
0.99999976
0.5391807
1.0
0.99874496
0.999984
0.9153747
0.99999976
1.0
0.9999989
0.9009059
0.99999475
1.0
0.99999964
1.0
1.0
1.0
0.99999964
1.0
0.9999993
0.9999908
0.999869
1.0
0.99999917
1.0
1.0
0.9999976
0.99999964
1.0
0.99997485
1.0
0.99999905
0.98114234
0.99999726
1.0
1.0
1.0
0.99938273
1.0
1.0
0.99999845
1.0
1.0
1.0
0.99999654
0.99997115
0.9999995
0.6962205
1.0
1.0
1.0
0.9999999
1.0
1.0
0.9997831
0.9997528
0.99999964
1.0
1.0
0.9999976
0.9558098
0.9988977
0.999956
1.0
0.99999964
1.0
0.95892483
0.9999999
0.99999833
0.99995434
1.0
0.9999999
1.0
1.0
1.0
1.0
1.0
1.0
1.0
1.0
0.9999995
0.9999987
0.9999075
1.0
0.99847704
1.0
1.0
1.0
0.99999964
1.0
1.0
0.9999988
1.0
1.0
0.99989355
1.0
1.0
0.9999976
0.9999987
0.99998343
1.0
0.9997329
1.0
1.0
0.99999416
1.0
1.0
0.9999995
0.9995789
0.9994367
1.0
1.0
1.0
0.9999995
0.9999999
1.0
1.0
0.9999883
0.9999993
0.9946418
0.9999937
0.99999976
0.99988365
0.9868917
0.9999999
0.9999999
0.9999988
1.0
1.0
1.0
0.99902475
1.0
0.9999999
1.0
1.0
0.99999976
0.96913785
1.0
0.96135205
1.0
1.0
1.0
1.0
1.0
1.0
0.9999856
1.0
0.99971277
1.0
0.9999962
0.9998658
1.0
1.0
1.0
1.0
1.0
0.9999999
1.0
1.0
1.0
0.92036974
0.99971527
1.0
1.0
1.0
1.0
1.0
1.0
0.9999931
1.0
1.0
0.99999976
1.0
1.0
1.0
1.0
0.9999883
0.99999976
1.0
0.9983059
1.0
1.0
1.0
0.9999999
0.9999994
1.0
1.0
1.0
0.9999995
1.0
1.0
1.0
1.0
1.0
0.9999951
1.0
0.999985
0.9999449
1.0
0.9999846
0.9999912
1.0
0.99999917
1.0
1.0
1.0
1.0
0.9229428
0.9997663
1.0
1.0
1.0
1.0
1.0
1.0
0.9993612
1.0
0.9999993
0.9083346
1.0
1.0
1.0
1.0
0.99989367
0.99983335
1.0
0.99987686
1.0
0.99999976
1.0
0.999995
0.99999964
1.0
0.9999999
1.0
0.9999887
1.0
1.0
1.0
1.0
1.0
1.0
0.999524
1.0
1.0
1.0
1.0
0.9914163
1.0
1.0
1.0
0.99938655
0.99999774
0.9999995
0.9999999
1.0
0.9984268
1.0
0.99997485
0.99993503
0.9999999
0.99994683
1.0
1.0
1.0
1.0
1.0
1.0
1.0
1.0
0.99999917
0.9999999
0.9996222
0.99296546
0.999987
1.0
1.0
1.0
1.0
1.0
1.0
0.9999945
1.0
1.0
0.9999989
1.0
0.9999988
1.0
1.0
1.0
0.9999894
1.0
1.0
0.9999999
1.0
1.0
1.0
1.0
1.0
1.0
0.9999999
1.0
1.0
0.9999999
1.0
0.9999999
1.0
0.9999988
0.99998903
0.9999958
1.0
1.0
1.0
0.99999964
1.0
1.0
0.9999999
1.0
1.0
0.99999964
1.0
1.0
1.0
1.0
1.0
1.0
1.0
1.0
1.0
1.0
0.9999995
1.0
0.9999999
0.9999981
1.0
1.0
1.0
1.0
0.99999344
1.0
1.0
0.9999999
1.0
0.9999833
0.9999989
1.0
1.0
1.0
0.99999607
0.9999995
0.89627856
1.0
1.0
0.9999995
1.0
1.0
1.0
1.0
1.0
1.0
0.99999964
0.99999917
1.0
1.0
1.0
1.0
1.0
1.0
