1.0
1.0
1.0
1.0
1.0
0.99999905
0.9999944
1.0
0.9991811
1.0
1.0
1.0
0.99999964
1.0
1.0
1.0
0.99999976
1.0
0.9851945
1.0
0.9999999
1.0
1.0
1.0
1.0
1.0
1.0
1.0
1.0
0.9999999
1.0
0.9999993
1.0
1.0
1.0
1.0
0.9999993
1.0
0.9999976
0.9999988
1.0
0.99998355
0.9999999
0.99998975
0.999961
1.0
0.9999988
1.0
0.9999939
1.0
1.0
1.0
1.0
1.0
1.0
1.0
1.0
1.0
0.9999999
0.99999726
0.9999999
1.0
0.9985942
0.9999988
1.0
1.0
1.0
0.99999964
1.0
1.0
1.0
1.0
1.0
0.99999475
0.9999994
1.0
1.0
1.0
0.9999585
0.9999993
0.9999994
1.0
1.0
1.0
1.0
1.0
0.9999995
0.9999999
1.0
0.9999988
1.0
1.0
0.99345833
0.99999595
0.99999964
0.9998454
0.9997212
0.9999999
1.0
1.0
1.0
1.0
1.0
1.0
0.9999957
1.0
1.0
0.9999881
0.9999993
1.0
1.0
0.9998399
1.0
1.0
1.0
0.99882764
1.0
1.0
0.99999857
0.99991906
1.0
0.9999949
1.0
1.0
0.9999522
0.9999125
0.9999988
1.0
1.0
1.0
1.0
1.0
1.0
0.9999995
1.0
1.0
0.9999999
0.9999994
1.0
0.99999905
1.0
1.0
1.0
1.0
1.0
1.0
1.0
1.0
1.0
0.9966484
1.0
0.9138847
1.0
1.0
1.0
1.0
1.0
1.0
0.99999356
1.0
0.9997588
1.0
1.0
1.0
1.0
1.0
1.0
0.9999676
0.9999999
1.0
1.0
0.9999455
1.0
0.9999999
1.0
0.9953837
1.0
1.0
1.0
1.0
0.9999999
1.0
1.0
1.0
0.999997
0.99999905
1.0
1.0
1.0
0.99999857
0.99978346
0.99999416
1.0
0.99546623
1.0
0.9999628
1.0
1.0
0.9999995
0.9999778
1.0
1.0
0.9999999
0.9999999
0.9999999
1.0
0.9999932
1.0
1.0
0.9995857
1.0
0.9851193
1.0
1.0
0.9999994
1.0
1.0
0.99988186
1.0
1.0
0.99999654
0.99999475
1.0
1.0
0.9999999
1.0
1.0
1.0
1.0
0.9999987
1.0
1.0
1.0
1.0
0.9999999
0.9999999
1.0
1.0
1.0
1.0
0.9999999
0.99999464
0.9999999
0.9999949
0.9999999
0.99987805
1.0
0.9147462
1.0
1.0
0.9999993
0.99998605
1.0
1.0
0.9999999
0.99986815
1.0
1.0
1.0
0.50636286
1.0
1.0
1.0
0.9999999
0.99989057
1.0
0.9999771
1.0
1.0
1.0
0.99999905
1.0
0.99999976
0.9999995
1.0
0.9999999
1.0
1.0
1.0
1.0
1.0
1.0
0.99233353
1.0
0.9999999
1.0
0.9999999
0.9999975
0.9999989
0.99999976
0.99997437
0.9999999
0.9999995
1.0
1.0
1.0
1.0
0.9999999
1.0
1.0
1.0
1.0
1.0
1.0
1.0
0.9999999
1.0
1.0
0.99999964
1.0
1.0
1.0
1.0
0.99991643
1.0
1.0
1.0
0.9999999
0.99999714
1.0
0.95163226
0.7225004
0.9999995
1.0
0.99815696
1.0
0.9983315
1.0
0.99999964
1.0
1.0
1.0
1.0
0.99999845
1.0
1.0
0.99997914
0.9999429
0.9999999
0.99999905
0.67693686
0.9999999
1.0
0.9999999
1.0
1.0
1.0
1.0
0.9999999
1.0
0.9999999
1.0
1.0
1.0
0.9999999
0.99999964
1.0
0.99999785
0.99975246
0.9540494
0.99999905
1.0
0.99998903
0.9999999
1.0
1.0
0.99990296
1.0
0.9999547
1.0
1.0
1.0
1.0
1.0
1.0
1.0
1.0
0.9999999
1.0
1.0
0.99999964
0.99982435
1.0
1.0
1.0
1.0
0.99999964
1.0
1.0
0.9999945
1.0
0.99999964
1.0
0.99999976
0.99999964
1.0
1.0
1.0
1.0
0.99999976
0.99999845
1.0
1.0
0.999998
0.99999833
1.0
0.9999999
1.0
0.9999999
0.9999974
1.0
0.9997918
0.99999607
1.0
0.99999964
0.9999162
1.0
0.9954797
1.0
1.0
0.9999995
0.9999995
0.99999917
1.0
1.0
1.0
1.0
1.0
1.0
1.0
1.0
1.0
1.0
1.0
1.0
0.99996865
1.0
1.0
0.99999976
1.0
1.0
1.0
1.0
1.0
0.9936819
0.81861585
1.0
0.9118544
0.9999777
0.96895313
0.9992219
1.0
0.9999999
1.0
1.0
1.0
0.9999995
0.99999666
1.0
1.0
0.9999596
1.0
1.0
1.0
0.99998903
1.0
1.0
1.0
0.9999981
1.0
1.0
0.99999964
1.0
1.0
1.0
1.0
1.0
1.0
0.99999607
0.99996305
1.0
1.0
1.0
1.0
1.0
1.0
1.0
1.0
0.99999976
1.0
0.9999988
0.99999964
0.9999931
1.0
1.0
0.8609283
1.0
0.9999778
1.0
1.0
1.0
1.0
1.0
1.0
0.9999995
1.0
1.0
0.9999989
0.99999857
0.9999999
1.0
0.99999976
1.0
1.0
1.0
0.9999999
1.0
1.0
1.0
1.0
1.0
0.99999654
0.9999999
0.99999535
1.0
1.0
1.0
1.0
0.9999969
1.0
0.999982
0.9999993
1.0
1.0
1.0
1.0
0.9999995
1.0
1.0
1.0
1.0
1.0
0.99999475
0.9989267
1.0
1.0
1.0
0.9999957
0.9999999
1.0
0.99999976
0.999292
0.9999788
1.0
1.0
1.0
1.0
0.99999475
0.99999774
0.9999925
1.0
0.99999964
1.0
1.0
1.0
1.0
1.0
1.0
1.0
0.99999297
1.0
0.99858034
0.9999999
1.0
1.0
0.99999964
1.0
1.0
1.0
1.0
1.0
1.0
0.74703723
0.93018365
0.9999999
1.0
1.0
1.0
1.0
1.0
1.0
0.99997795
1.0
0.9998921
1.0
0.9999999
1.0
0.99999857
0.99999964
1.0
1.0
1.0
1.0
0.9999995
1.0
1.0
1.0
1.0
1.0
1.0
1.0
0.9999999
1.0
0.9999908
1.0
0.99999225
1.0
1.0
0.99999857
0.8850987
1.0
1.0
1.0
1.0
0.999998
0.9499344
1.0
1.0
1.0
0.9999943
0.9999995
1.0
1.0
1.0
1.0
0.99999
1.0
0.99999976
1.0
0.99998903
0.9999999
1.0
0.9999987
1.0
1.0
0.9999944
0.99817467
1.0
1.0
0.99999654
1.0
1.0
1.0
1.0
1.0
1.0
1.0
1.0
0.99996924
0.6011439
1.0
0.99999917
1.0
1.0
1.0
1.0
0.9999994
0.9999343
1.0
1.0
1.0
0.999997
1.0
0.9999999
0.9994511
0.99999917
0.9999993
1.0
1.0
0.99999774
1.0
1.0
1.0
0.99998367
0.7356936
0.99999976
1.0
1.0
0.99999976
0.9583095
1.0
0.9999969
1.0
1.0
1.0
0.99999964
1.0
1.0
0.9999981
0.9999993
0.9999982
1.0
0.9999999
1.0
1.0
1.0
1.0
0.99998736
1.0
1.0
1.0
1.0
0.99999964
1.0
1.0
1.0
0.903437
0.96918386
1.0
1.0
0.97714907
1.0
1.0
0.9998745
1.0
1.0
0.8855642
1.0
0.99999666
1.0
0.9999962
1.0
1.0
0.9999999
1.0
1.0
0.99999964
0.9999956
0.9993894
1.0
0.98750407
0.99999964
1.0
1.0
1.0
0.99999905
0.999992
1.0
0.9999995
1.0
1.0
1.0
1.0
1.0
1.0
1.0
1.0
1.0
1.0
1.0
0.9999989
0.9999851
0.9999995
0.99999976
1.0
1.0
1.0
0.99999976
1.0
1.0
1.0
0.99999964
0.99999976
1.0
1.0
1.0
1.0
1.0
1.0
1.0
0.9998865
0.999998
1.0
0.9999999
1.0
0.99999976
0.99996257
1.0
1.0
0.9999682
0.9999951
0.9999901
1.0
1.0
1.0
0.9999999
1.0
0.99998176
1.0
1.0
0.9999999
1.0
1.0
1.0
0.9999993
1.0
1.0
1.0
1.0
1.0
0.9999994
1.0
1.0
0.9980756
1.0
1.0
1.0
0.9999999
0.9999993
1.0
1.0
1.0
1.0
0.999997
1.0
1.0
0.99999964
1.0
1.0
0.9999883
1.0
0.9999988
1.0
0.99999845
0.9999999
0.99999964
1.0
1.0
1.0
0.9999993
0.99999917
1.0
0.99999964
1.0
0.9911951
0.99999964
0.9852566
1.0
1.0
1.0
1.0
1.0
1.0
1.0
1.0
1.0
1.0
0.9999981
1.0
0.9999665
1.0
1.0
1.0
0.9999999
1.0
1.0
0.9999912
1.0
1.0
1.0
0.9999875
1.0
0.99999976
1.0
0.99999726
0.9999974
1.0
0.9999995
0.9999999
1.0
1.0
0.99998605
0.5016051
0.9389232
1.0
0.9999987
1.0
1.0
0.99999857
1.0
0.9999999
1.0
1.0
1.0
1.0
0.9985348
0.99998605
1.0
0.99995506
1.0
0.9999447
1.0
0.99987876
0.99999833
1.0
1.0
1.0
0.9999999
1.0
0.99999547
1.0
1.0
1.0
0.9999999
1.0
1.0
0.9999976
1.0
0.999998
1.0
1.0
1.0
1.0
1.0
0.97750926
1.0
0.9999956
1.0
0.99999726
1.0
0.9999987
1.0
0.9999999
1.0
1.0
1.0
0.9999975
1.0
0.8814823
0.9889037
0.99999726
1.0
1.0
0.99999964
0.99999964
1.0
0.9999839
0.9529308
1.0
0.9999969
0.9999027
0.9999927
0.99998665
1.0
1.0
0.99999845
0.9974718
0.9999999
0.9936818
1.0
1.0
1.0
0.9999968
0.99999964
0.9999994
0.9163693
0.9999999
1.0
1.0
0.9999989
0.9999999
1.0
1.0
1.0
1.0
1.0
0.9999994
0.99999714
1.0
0.9999995
1.0
0.9999999
0.99996626
1.0
0.9999999
1.0
1.0
1.0
1.0
1.0
1.0
1.0
0.9999963
1.0
0.99999976
0.99999905
1.0
1.0
1.0
1.0
1.0
1.0
0.99999976
1.0
0.9999968
1.0
0.9998839
1.0
0.9999995
1.0
0.9999999
1.0
0.9999994
0.9999999
0.9999746
1.0
1.0
0.9999883
1.0
0.9999993
1.0
0.9999999
0.99998915
1.0
1.0
1.0
0.9999999
1.0
1.0
1.0
0.9999994
0.99999964
0.9999982
0.99424016
1.0
1.0
1.0
1.0
1.0
0.44071177
1.0
1.0
1.0
1.0
0.9999616
0.99800843
1.0
1.0
1.0
1.0
0.99998176
0.99997795
1.0
1.0
0.9999995
0.9999933
1.0
1.0
0.9999999
0.9999994
1.0
0.99999976
0.99975675
1.0
1.0
1.0
1.0
1.0
0.9999478
1.0
1.0
1.0
0.99998415
1.0
1.0
0.99999976
1.0
0.99999964
1.0
1.0
1.0
0.9999734
0.9999994
1.0
1.0
1.0
0.99999964
1.0
1.0
1.0
0.9999988
1.0
0.99999976
1.0
1.0
0.9999999
1.0
0.9999987
0.99999464
1.0
1.0
0.9999994
1.0
0.99999976
1.0
1.0
1.0
0.9999263
0.9999999
1.0
1.0
1.0
0.5406362
1.0
0.9099062
1.0
1.0
1.0
1.0
1.0
1.0
0.9999739
0.9999982
1.0
1.0
1.0
1.0
1.0
0.9994111
0.99999964
1.0
1.0
1.0
0.99999976
1.0
1.0
0.9999976
1.0
0.9999269
0.9999999
1.0
0.99999964
1.0
0.99997973
1.0
0.99999905
0.9999999
0.99998677
1.0
1.0
0.99999976
1.0
0.9999999
0.99999917
1.0
1.0
0.999995
1.0
1.0
1.0
1.0
1.0
1.0
1.0
0.9999963
1.0
0.9994925
1.0
1.0
0.99999726
1.0
1.0
1.0
0.9995633
1.0
1.0
1.0
1.0
0.9999615
0.9999999
0.9999999
0.99993443
0.98381674
1.0
0.9999957
1.0
1.0
0.9999896
1.0
0.9999999
1.0
0.9998789
0.99755883
1.0
1.0
0.9999999
1.0
1.0
1.0
0.9999999
0.99999964
0.9999999
0.9993517
1.0
0.9999914
1.0
0.99936336
1.0
0.99999976
0.99999964
1.0
0.99999523
1.0
1.0
0.9999876
0.9999999
0.996725
0.99999607
1.0
1.0
1.0
1.0
1.0
1.0
0.99773574
1.0
0.95769995
1.0
0.9999883
1.0
1.0
0.9999988
0.99399877
1.0
1.0
0.9999999
0.9999999
1.0
1.0
0.9999976
0.9999994
0.99999964
0.82878536
0.9999993
0.999987
1.0
1.0
0.93588024
0.999974
1.0
1.0
0.99997497
0.9999994
1.0
0.99999976
1.0
0.9999764
1.0
1.0
0.9999999
0.8129762
1.0
1.0
0.99983764
0.99999976
1.0
0.9999994
1.0
1.0
0.9999999
0.9999995
1.0
0.9999999
0.99999857
1.0
1.0
1.0
0.99999976
1.0
0.9998512
1.0
0.99998176
0.99662244
1.0
1.0
1.0
1.0
1.0
0.9999999
0.9999527
0.9946554
1.0
0.9999982
1.0
1.0
1.0
0.9999269
1.0
1.0
0.9975079
1.0
0.99999607
0.9999999
0.9999994
1.0
1.0
1.0
1.0
1.0
1.0
0.99999905
0.9999999
1.0
1.0
1.0
0.9997427
1.0
1.0
0.99999464
0.77471036
1.0
0.9999999
1.0
1.0
1.0
0.9999999
0.9989543
1.0
0.9999504
1.0
0.9999993
0.99999905
1.0
1.0
0.9999993
1.0
1.0
0.98951995
1.0
0.99999833
1.0
1.0
1.0
1.0
0.99999297
0.9999999
1.0
0.9999994
1.0
1.0
1.0
0.99999905
0.99999976
1.0
1.0
0.99999976
0.99987626
1.0
1.0
1.0
1.0
1.0
1.0
1.0
0.98896724
0.99999976
0.9999989
1.0
1.0
1.0
1.0
1.0
1.0
1.0
1.0
1.0
1.0
0.9999851
0.99999344
1.0
1.0
1.0
1.0
0.99999964
1.0
0.99994195
1.0
1.0
1.0
1.0
1.0
0.9999982
0.9999999
0.9342404
0.99979347
0.99989045
1.0
0.9999758
1.0
1.0
1.0
0.9999999
0.9999609
0.99517787
0.9999995
1.0
1.0
1.0
0.99999964
1.0
1.0
0.9999994
1.0
1.0
0.45878908
0.9935203
1.0
0.9999999
1.0
1.0
1.0
1.0
1.0
0.99999857
0.9999988
0.99439925
1.0
0.9999994
0.99999976
0.9999783
0.9999999
1.0
1.0
1.0
0.9999995
0.99999297
0.9999764
0.9999999
0.9998963
0.99979705
0.9999906
0.9999939
1.0
1.0
0.98464024
1.0
1.0
0.9999976
0.99999964
1.0
1.0
1.0
1.0
0.9999988
1.0
0.99999964
1.0
1.0
1.0
0.6687866
1.0
1.0
0.9999987
1.0
1.0
1.0
0.9999999
0.99999976
1.0
0.99999905
1.0
1.0
0.9999999
1.0
1.0
0.99999857
1.0
1.0
1.0
1.0
1.0
1.0
0.9999833
1.0
1.0
1.0
1.0
1.0
1.0
1.0
1.0
1.0
0.9999981
1.0
0.9999777
1.0
0.9999821
1.0
1.0
1.0
0.9911062
1.0
1.0
1.0
1.0
0.99999094
1.0
0.99999976
0.99998033
0.99993813
0.99999976
1.0
1.0
1.0
0.9999994
0.99999976
0.99999964
1.0
1.0
1.0
0.9998815
1.0
0.8137538
0.99999976
1.0
1.0
1.0
0.6788842
1.0
1.0
0.5243205
0.99989974
0.9999999
1.0
1.0
1.0
1.0
1.0
1.0
1.0
1.0
1.0
1.0
0.9998734
1.0
1.0
1.0
0.9999999
1.0
0.90511477
1.0
0.9998561
1.0
0.98117584
0.985759
1.0
1.0
1.0
0.9999993
0.9998783
1.0
1.0
0.99999964
1.0
1.0
1.0
0.9999956
1.0
1.0
0.5418388
0.9999871
1.0
1.0
0.99999976
1.0
1.0
0.9999976
1.0
1.0
0.9999995
1.0
0.9994318
0.9999999
1.0
1.0
1.0
1.0
0.99999917
1.0
1.0
1.0
1.0
0.99999976
1.0
0.9999945
0.99991417
1.0
0.99999833
1.0
1.0
0.9999112
1.0
1.0
1.0
1.0
1.0
1.0
0.9983211
1.0
0.9999875
1.0
0.6225741
1.0
1.0
0.9999999
1.0
1.0
1.0
0.9999999
1.0
0.99999964
0.97493035
1.0
1.0
0.9999993
1.0
1.0
0.99999976
0.9999999
1.0
1.0
0.99999905
1.0
1.0
0.99997747
1.0
1.0
0.9999964
0.99999976
1.0
0.99999976
0.99728036
1.0
1.0
1.0
1.0
1.0
1.0
0.99999917
0.99999976
0.9999999
1.0
1.0
1.0
0.99596417
1.0
1.0
1.0
1.0
0.9999995
0.99999976
1.0
1.0
1.0
1.0
1.0
1.0
0.9999609
1.0
1.0
1.0
0.9999467
1.0
0.99984443
1.0
1.0
0.99993074
1.0
0.9966372
1.0
1.0
0.91715676
0.9999981
1.0
1.0
1.0
0.999887
1.0
1.0
0.9999976
0.9999999
0.999997
1.0
1.0
1.0
1.0
0.9999995
0.9999993
1.0
1.0
1.0
0.9999981
1.0
1.0
1.0
1.0
0.99999964
0.99999344
1.0
0.5454844
0.9999999
1.0
0.99999857
1.0
1.0
1.0
0.9999349
0.9822572
0.9999944
1.0
1.0
0.9995491
0.94164395
1.0
1.0
0.99999595
1.0
1.0
0.9999999
0.99998915
0.999987
1.0
0.9999982
1.0
1.0
1.0
0.99999976
0.9899719
1.0
1.0
1.0
0.9999999
1.0
1.0
1.0
1.0
0.99999976
1.0
0.99910575
1.0
1.0
0.9999782
1.0
1.0
0.99687445
0.99999034
1.0
0.9999999
1.0
0.99999404
0.9999881
0.99999976
1.0
0.9999999
1.0
1.0
1.0
0.9999999
1.0
1.0
1.0
1.0
0.9998242
0.99317425
1.0
1.0
0.9999999
1.0
1.0
1.0
1.0
1.0
0.9999956
0.9999995
1.0
0.99997723
1.0
1.0
0.9999999
1.0
0.9696157
0.9999999
0.9999999
1.0
1.0
1.0
1.0
1.0
0.9999999
1.0
0.8422067
1.0
1.0
1.0
1.0
1.0
0.99999964
1.0
0.9990978
0.9326607
1.0
0.9999995
1.0
0.99999857
0.9999999
1.0
1.0
1.0
1.0
0.9999993
1.0
1.0
0.9996244
1.0
1.0
0.99999857
0.9999999
1.0
0.9996648
0.99999785
1.0
0.9999999
1.0
0.9999993
0.9999988
1.0
0.9999994
0.9999993
0.9999833
0.99999976
1.0
1.0
0.9999999
0.99971443
0.9999949
1.0
1.0
0.9996482
1.0
1.0
1.0
0.9999987
1.0
1.0
1.0
1.0
1.0
0.99999774
1.0
1.0
1.0
1.0
1.0
1.0
1.0
0.9999558
1.0
0.9999999
0.99979776
0.99999917
1.0
0.9998754
1.0
1.0
1.0
1.0
1.0
1.0
0.9654749
1.0
0.99972814
0.9999987
1.0
0.9985214
0.99999964
0.99999785
1.0
1.0
0.99999905
1.0
1.0
1.0
1.0
1.0
0.99999833
1.0
1.0
1.0
0.9999956
0.999998
0.99987924
0.99973947
1.0
0.74824953
0.99999976
1.0
1.0
1.0
1.0
0.998793
0.9999988
0.9999875
1.0
0.9999987
1.0
1.0
1.0
1.0
0.9999999
1.0
1.0
1.0
1.0
1.0
0.99998295
1.0
0.99999905
1.0
1.0
0.9999939
1.0
1.0
1.0
1.0
1.0
1.0
1.0
1.0
0.99997365
0.99999857
0.9999993
0.9999987
1.0
1.0
0.9999864
0.9999993
1.0
0.9999994
1.0
0.9999958
1.0
1.0
0.9999901
1.0
0.99996924
0.9998944
0.9997696
1.0
1.0
0.9999999
1.0
1.0
1.0
0.9999982
1.0
1.0
1.0
1.0
0.99999774
0.9999989
1.0
1.0
1.0
1.0
1.0
1.0
0.99999976
1.0
0.9999999
1.0
1.0
1.0
0.999863
1.0
0.99997795
1.0
1.0
0.9971348
0.9999839
0.99999976
0.99999845
1.0
0.99999785
0.999998
0.9999949
0.99999976
1.0
1.0
0.99999726
0.9999987
1.0
0.99999976
1.0
1.0
1.0
1.0
1.0
1.0
1.0
0.99999
0.9999999
1.0
1.0
0.9999999
1.0
1.0
0.99991226
0.9999999
0.9509864
1.0
1.0
1.0
1.0
1.0
0.99856013
0.99701166
1.0
0.9999962
0.9999958
0.99994016
1.0
1.0
1.0
0.99999774
1.0
0.949196
0.9999995
1.0
1.0
1.0
0.99795794
1.0
1.0
0.92859006
0.9999738
1.0
1.0
0.9999999
0.99992263
0.99999905
1.0
1.0
0.9999999
0.81707877
1.0
0.99999976
1.0
0.9999975
0.99997914
0.9999999
1.0
1.0
1.0
0.99972373
1.0
1.0
1.0
1.0
0.99999964
1.0
0.85610366
0.9999974
1.0
1.0
0.999974
1.0
1.0
1.0
1.0
1.0
1.0
1.0
1.0
1.0
0.99950325
1.0
1.0
1.0
1.0
0.99999857
0.9999386
0.9999999
1.0
0.9972904
0.9999999
0.9999999
1.0
1.0
0.8365381
0.9999851
1.0
1.0
1.0
1.0
0.9999994
0.99999535
1.0
0.6951061
1.0
0.70955276
1.0
1.0
1.0
0.9999976
1.0
1.0
0.99999833
1.0
0.94828725
1.0
1.0
0.9999999
0.9999999
1.0
1.0
0.9999795
1.0
1.0
1.0
0.69114083
0.9999542
0.9999962
1.0
1.0
1.0
0.8977121
0.99999964
1.0
0.9999987
1.0
1.0
1.0
1.0
0.99999845
1.0
1.0
1.0
0.999995
0.9999871
1.0
1.0
0.9999995
1.0
0.9999999
1.0
1.0
1.0
0.9999995
0.9999995
1.0
1.0
0.9999771
0.9999999
1.0
0.9999999
1.0
0.9999813
1.0
0.9999999
0.9999894
1.0
1.0
1.0
1.0
0.9994667
0.9999999
1.0
1.0
1.0
1.0
1.0
1.0
0.7134417
1.0
1.0
0.9997346
0.7932334
1.0
1.0
0.92241573
1.0
1.0
1.0
0.9999995
1.0
0.9999783
1.0
1.0
0.9997589
1.0
0.9998636
1.0
1.0
1.0
1.0
1.0
1.0
1.0
1.0
1.0
1.0
1.0
0.9999858
1.0
1.0
0.99999547
1.0
1.0
1.0
1.0
1.0
0.9999994
0.9999114
1.0
0.99999976
0.99993813
1.0
1.0
0.99999905
1.0
1.0
1.0
0.9999877
1.0
0.9999993
0.9999995
1.0
0.9999876
1.0
0.99999976
1.0
1.0
0.9999999
1.0
0.99999964
0.99999857
1.0
1.0
1.0
1.0
0.9999999
1.0
1.0
0.9999999
1.0
1.0
1.0
1.0
0.99999785
1.0
1.0
0.9999999
1.0
1.0
1.0
1.0
0.99419457
1.0
0.9999976
1.0
1.0
1.0
0.9999536
0.9999999
1.0
1.0
0.99964297
0.9999999
1.0
1.0
0.69980234
1.0
1.0
1.0
1.0
1.0
0.9999999
1.0
0.9999975
1.0
1.0
1.0
0.99999535
0.9721343
1.0
1.0
0.99999905
1.0
0.9999981
0.9999964
1.0
1.0
0.9999975
1.0
1.0
1.0
1.0
1.0
0.99534106
1.0
1.0
1.0
0.9999999
1.0
0.9999578
1.0
1.0
1.0
0.9999981
1.0
0.99999595
1.0
1.0
1.0
0.99999833
0.9999999
0.99999475
0.9999999
1.0
0.9981628
1.0
1.0
0.9999999
1.0
1.0
1.0
1.0
1.0
0.9999449
0.99999976
1.0
1.0
0.9999999
0.9981495
1.0
1.0
1.0
1.0
1.0
1.0
1.0
0.99999785
1.0
1.0
1.0
0.9999659
1.0
1.0
0.99998236
0.9999999
1.0
1.0
1.0
1.0
1.0
1.0
0.99999976
1.0
1.0
0.9922207
0.9999999
0.9999374
0.99999917
1.0
1.0
1.0
1.0
0.9999989
0.9999963
1.0
0.99667126
1.0
0.9999981
1.0
1.0
1.0
0.99999917
0.9904822
1.0
1.0
1.0
1.0
0.9999999
0.9999999
1.0
0.99999976
1.0
1.0
0.9999522
1.0
0.99999964
1.0
1.0
1.0
1.0
0.99999976
0.7408862
1.0
0.9999958
0.99999976
1.0
1.0
0.9999995
1.0
0.5041748
0.99999905
0.99999976
0.9997954
1.0
1.0
1.0
0.99999976
0.9990301
1.0
1.0
1.0
0.9998926
1.0
1.0
1.0
1.0
1.0
1.0
0.99960464
0.99998915
1.0
1.0
0.99949455
0.9999999
1.0
1.0
0.999956
1.0
1.0
0.99999917
1.0
1.0
0.92548287
0.99458635
1.0
0.99999046
1.0
1.0
1.0
0.77930695
0.99998367
1.0
0.99998987
1.0
0.99997234
0.9999994
1.0
0.9733165
1.0
1.0
1.0
1.0
1.0
1.0
1.0
1.0
1.0
0.9999982
0.9995316
0.99999976
1.0
0.99999785
0.99999976
1.0
1.0
0.999998
0.9999999
0.99999976
1.0
0.99999917
1.0
1.0
1.0
0.99733365
1.0
0.9999999
1.0
1.0
1.0
1.0
1.0
0.99998796
1.0
1.0
1.0
1.0
1.0
1.0
1.0
0.99999785
1.0
1.0
0.9999999
0.99999964
1.0
0.9999995
0.9999999
0.99999833
0.9999987
0.9993556
1.0
0.99989057
1.0
1.0
0.9999999
1.0
0.9999949
1.0
0.9998784
0.99999976
0.9999987
0.99998295
0.99999964
0.9999683
0.9999999
1.0
1.0
0.99977845
0.9999778
0.9411454
0.9999999
1.0
1.0
1.0
1.0
1.0
1.0
0.99999976
1.0
0.9999999
1.0
1.0
0.9999999
0.99992096
1.0
1.0
0.99999976
1.0
1.0
1.0
1.0
0.9999906
1.0
1.0
0.99999964
0.997719
1.0
1.0
1.0
0.9999999
1.0
1.0
0.9999993
1.0
0.9999938
0.999998
0.9999865
1.0
0.9998572
1.0
1.0
1.0
0.99999785
0.9996575
1.0
1.0
1.0
0.9844222
1.0
1.0
1.0
1.0
1.0
1.0
0.9999987
0.99999857
1.0
1.0
0.9999999
0.9999995
1.0
0.99998426
0.9997243
0.99999845
0.99999976
1.0
1.0
1.0
0.99999905
1.0
0.99999964
1.0
0.9966397
1.0
0.9999993
0.9996513
0.9999994
0.9999988
1.0
1.0
1.0
1.0
0.9999999
0.99998236
1.0
1.0
1.0
1.0
0.9999988
0.9999993
1.0
0.9999999
1.0
1.0
1.0
0.99977046
0.9995896
1.0
1.0
1.0
0.9994467
0.99999976
1.0
1.0
1.0
1.0
0.99999976
0.9999989
1.0
1.0
0.99999976
1.0
1.0
0.99965227
1.0
1.0
0.9999999
1.0
1.0
0.99946755
0.9999999
1.0
1.0
1.0
0.99996674
1.0
1.0
1.0
1.0
1.0
0.9999981
1.0
1.0
0.99987257
1.0
0.9999956
0.99999917
0.9999976
0.9999999
0.9999999
1.0
0.99999964
1.0
0.9990915
1.0
1.0
1.0
1.0
0.9999982
0.99999857
0.9999999
0.9999964
1.0
1.0
0.9999857
1.0
1.0
1.0
0.99999964
1.0
0.9990845
1.0
1.0
1.0
0.9999999
0.9999993
1.0
1.0
0.9999993
0.9999987
0.99996305
1.0
1.0
1.0
1.0
1.0
1.0
1.0
0.99996066
1.0
1.0
1.0
1.0
0.99999905
0.99999976
0.96196014
0.9999993
1.0
1.0
1.0
1.0
1.0
1.0
1.0
1.0
0.9995302
0.9999999
0.9999895
1.0
0.99966836
0.9999974
0.99999976
1.0
1.0
1.0
0.9999975
1.0
0.7292037
0.9999975
1.0
1.0
1.0
1.0
1.0
0.99999964
0.99999535
1.0
1.0
0.9999819
0.9999877
0.9999995
0.9999876
1.0
0.9989054
1.0
0.9496743
0.99999785
1.0
1.0
0.9999999
1.0
1.0
1.0
1.0
0.9998658
0.9515893
0.9968168
1.0
1.0
1.0
1.0
1.0
0.9999999
0.98750067
1.0
0.99961036
0.9999999
0.9999999
1.0
0.9999989
1.0
1.0
1.0
1.0
1.0
1.0
1.0
1.0
0.99999964
1.0
1.0
1.0
1.0
1.0
0.99999976
1.0
1.0
0.9999999
0.9990711
1.0
1.0
1.0
1.0
0.99999964
1.0
0.9999825
0.9999994
0.99999976
1.0
0.99998677
1.0
1.0
1.0
0.9999869
1.0
1.0
1.0
0.9999995
0.9936138
1.0
0.9999944
1.0
0.9999963
0.9999999
0.99999785
0.9999988
1.0
0.9999999
1.0
0.9999999
1.0
0.93783134
1.0
1.0
1.0
1.0
1.0
1.0
0.99997926
1.0
1.0
1.0
0.99999976
0.9999999
1.0
0.9999945
0.9919878
1.0
1.0
0.99999917
1.0
1.0
1.0
0.9999944
1.0
0.9998814
1.0
0.99999964
0.9960672
1.0
1.0
1.0
0.9999999
1.0
1.0
1.0
1.0
0.9999999
1.0
1.0
0.99999845
1.0
1.0
1.0
1.0
0.99999976
1.0
1.0
1.0
1.0
1.0
1.0
1.0
0.9999989
1.0
1.0
0.99999976
1.0
1.0
0.99834347
1.0
0.99999774
1.0
1.0
1.0
1.0
1.0
0.99999225
1.0
1.0
1.0
0.9999999
0.99999774
1.0
1.0
0.9999975
1.0
1.0
0.9999995
1.0
0.9999498
0.9999654
1.0
1.0
1.0
0.99999654
0.77313626
1.0
0.9999999
0.99999976
0.9998778
0.99999976
0.5529779
1.0
1.0
0.9956326
0.99999917
1.0
1.0
1.0
1.0
1.0
1.0
0.9999702
0.58723956
0.99999917
1.0
1.0
0.9999994
1.0
0.9988386
0.99999166
1.0
1.0
1.0
1.0
1.0
0.97820216
0.80196106
1.0
1.0
0.99999964
1.0
1.0
0.9996903
1.0
0.9997805
1.0
1.0
0.9999995
1.0
0.99994683
1.0
0.9999999
1.0
0.9998381
1.0
0.99855703
1.0
1.0
1.0
0.99999785
1.0
1.0
0.99952054
1.0
0.9999999
1.0
1.0
0.9999999
0.9999999
0.999998
1.0
1.0
1.0
0.9999738
0.9999974
1.0
0.9999982
1.0
0.9775493
1.0
1.0
1.0
1.0
0.9999994
0.99999964
1.0
0.99999964
0.99999356
0.881105
1.0
0.99999964
1.0
1.0
1.0
1.0
0.9996176
1.0
1.0
1.0
1.0
1.0
1.0
0.9999994
1.0
0.9999813
1.0
0.99999964
1.0
1.0
0.99999785
0.99999976
1.0
1.0
0.5628768
1.0
1.0
0.9999999
0.9999999
1.0
1.0
1.0
0.9999995
0.9999999
0.9999925
1.0
1.0
1.0
1.0
1.0
1.0
1.0
1.0
1.0
1.0
1.0
1.0
1.0
1.0
1.0
0.99999976
1.0
1.0
0.99820995
0.98522675
0.99999976
0.9999527
1.0
1.0
1.0
1.0
1.0
1.0
0.9999963
0.99999416
1.0
1.0
0.9821201
1.0
1.0
1.0
1.0
0.99998486
1.0
1.0
1.0
1.0
1.0
1.0
1.0
1.0
1.0
1.0
1.0
0.9999999
0.99999976
0.99999785
1.0
1.0
1.0
1.0
0.9999993
0.99999905
1.0
0.9999949
1.0
0.9999747
0.99999857
0.99999976
1.0
0.99999464
1.0
0.99649566
0.9957722
0.9999989
0.9999993
1.0
1.0
0.9998641
0.9999993
1.0
0.9999101
1.0
1.0
1.0
0.99999976
0.99999785
1.0
1.0
1.0
1.0
0.99999845
1.0
0.9730709
0.9998944
0.9999999
0.99840564
0.9999807
0.9997898
1.0
0.99999917
1.0
0.999998
1.0
1.0
1.0
1.0
0.9999999
1.0
1.0
0.99999857
1.0
0.9999993
1.0
1.0
0.9999999
0.9999994
1.0
1.0
1.0
1.0
0.9999715
1.0
1.0
0.99999905
1.0
1.0
1.0
1.0
1.0
0.99997413
1.0
1.0
1.0
1.0
1.0
0.99996877
0.99999905
1.0
0.9999999
0.9999974
1.0
1.0
1.0
1.0
0.99999976
1.0
1.0
0.9999949
0.99999607
1.0
1.0
1.0
0.9989316
1.0
1.0
1.0
0.9999999
1.0
1.0
0.99966824
1.0
1.0
1.0
1.0
1.0
0.99999976
1.0
1.0
0.99999976
0.99987257
1.0
1.0
1.0
1.0
0.9999981
1.0
0.9999558
1.0
1.0
1.0
1.0
0.99997103
0.99999964
1.0
1.0
0.99999225
1.0
1.0
0.62105954
1.0
0.9999995
1.0
0.9999982
1.0
1.0
1.0
1.0
1.0
0.9999988
0.99868315
0.9999995
0.9999988
0.99997616
0.99999833
1.0
0.9999999
1.0
0.99999964
1.0
1.0
1.0
1.0
1.0
0.9554641
0.88835174
0.99999976
0.9999999
0.99999785
0.99999976
1.0
1.0
1.0
1.0
0.9974509
0.9999987
0.9999999
0.99997354
0.9999993
1.0
0.9999999
0.9999999
1.0
0.99997616
1.0
1.0
0.99999964
1.0
1.0
1.0
1.0
0.9999999
1.0
1.0
0.9999974
0.9999999
1.0
1.0
1.0
1.0
1.0
0.9999999
0.9999567
0.9960961
1.0
0.99999964
0.9999974
1.0
1.0
1.0
1.0
0.99999917
1.0
1.0
0.9999995
1.0
1.0
0.99998415
1.0
1.0
1.0
1.0
1.0
1.0
1.0
1.0
0.9999999
1.0
0.9999999
1.0
0.99980694
0.9999995
0.99999917
0.9999988
0.99999964
0.9999999
1.0
1.0
1.0
1.0
0.9998982
1.0
1.0
0.99864894
0.8946642
1.0
1.0
0.99999166
1.0
1.0
0.9999217
0.99896324
0.9999999
1.0
1.0
1.0
0.9999945
0.9999994
0.99998224
1.0
1.0
1.0
1.0
1.0
1.0
1.0
0.9999988
0.99999964
1.0
1.0
1.0
1.0
0.99999964
1.0
0.9999999
0.9999932
1.0
1.0
1.0
0.99999976
1.0
0.99999976
1.0
0.99975544
1.0
1.0
1.0
0.99999845
1.0
0.99999976
0.99998534
0.9999999
1.0
1.0
1.0
1.0
1.0
0.99999976
0.8456589
1.0
0.9999999
1.0
0.99988616
1.0
0.9999999
1.0
0.9999987
1.0
0.9999907
1.0
1.0
1.0
1.0
1.0
1.0
1.0
1.0
1.0
1.0
1.0
1.0
1.0
1.0
1.0
0.99999964
0.999997
0.9999914
1.0
1.0
0.99999976
0.9999999
1.0
0.9999907
0.9999999
0.99999905
0.9999999
0.9989021
0.99999964
1.0
0.99999976
0.9999993
1.0
1.0
1.0
0.99999845
1.0
0.99999917
0.99999976
0.9999999
1.0
1.0
1.0
1.0
1.0
1.0
0.99986017
1.0
1.0
1.0
1.0
1.0
0.99993944
0.9977095
1.0
0.99999964
0.9997008
0.99999964
0.9999813
1.0
1.0
1.0
0.99501246
1.0
1.0
0.999998
1.0
1.0
1.0
0.99998164
0.9999999
1.0
1.0
1.0
1.0
1.0
0.9999993
1.0
1.0
0.99975735
0.99336845
1.0
1.0
1.0
1.0
1.0
1.0
1.0
1.0
1.0
1.0
1.0
1.0
0.99999976
0.9999963
0.9999999
0.99999905
1.0
1.0
0.9999988
1.0
1.0
1.0
0.9999925
1.0
1.0
1.0
1.0
0.99078685
0.99999845
0.99999976
1.0
1.0
1.0
1.0
1.0
0.9959388
1.0
1.0
1.0
1.0
1.0
1.0
0.9999999
1.0
0.9999225
1.0
0.9999999
1.0
0.9999999
0.9999968
1.0
1.0
1.0
0.9999665
0.9999999
0.9999999
1.0
0.99999595
0.8198111
0.9999999
0.9999999
1.0
1.0
0.99999976
0.99999905
0.9999993
1.0
1.0
1.0
1.0
1.0
1.0
1.0
0.99999976
0.999861
1.0
1.0
0.9999999
1.0
0.9998988
1.0
0.9999976
0.78841376
0.99959105
1.0
1.0
1.0
1.0
1.0
0.99999714
1.0
0.9999964
1.0
1.0
1.0
0.99999845
1.0
0.99999964
0.99999905
0.99999964
0.99999964
1.0
1.0
1.0
0.9999857
0.9999995
0.99999976
1.0
1.0
0.99999964
1.0
1.0
1.0
0.9999753
1.0
0.9999994
0.9999999
1.0
1.0
1.0
0.9999974
0.99993837
0.9999976
0.87950355
1.0
0.9975424
1.0
1.0
1.0
0.999997
1.0
0.9999999
1.0
1.0
1.0
1.0
1.0
0.99999976
1.0
0.9999999
0.9999999
1.0
0.9996412
1.0
1.0
1.0
1.0
1.0
1.0
1.0
0.9629405
1.0
1.0
1.0
1.0
1.0
0.9999999
1.0
0.9999999
1.0
1.0
1.0
1.0
0.9999995
1.0
0.9999999
1.0
1.0
1.0
1.0
0.9999999
0.9999987
1.0
1.0
1.0
0.9999999
0.9999999
0.9999999
1.0
1.0
1.0
1.0
0.99964213
1.0
1.0
1.0
0.99995196
1.0
0.9999641
0.9999999
1.0
0.99999464
1.0
0.9999747
1.0
1.0
0.9999999
1.0
1.0
1.0
1.0
1.0
1.0
0.9999999
1.0
0.9847189
1.0
1.0
1.0
1.0
1.0
0.9999999
0.99989736
1.0
0.9999831
1.0
1.0
1.0
0.99995875
1.0
1.0
1.0
1.0
0.9999995
1.0
1.0
0.99233246
1.0
1.0
1.0
0.9999976
1.0
1.0
1.0
0.9999976
0.99999976
1.0
1.0
1.0
1.0
0.99999976
1.0
0.999961
1.0
0.99999976
0.9999479
1.0
0.9999924
0.9999974
0.9999999
0.9992111
0.9991289
1.0
0.9999833
0.9904349
1.0
1.0
0.9999999
1.0
1.0
0.99999964
1.0
1.0
0.9999552
1.0
1.0
0.9978362
1.0
0.9999999
0.9999999
1.0
0.9999999
0.99999964
0.9982132
1.0
0.9899817
1.0
1.0
0.99999607
0.9999852
0.99985373
0.99999654
1.0
1.0
1.0
1.0
0.9981395
0.9999999
1.0
0.99999833
0.9998381
0.9516231
1.0
1.0
1.0
0.99999917
1.0
1.0
1.0
1.0
0.99999285
1.0
0.924594
1.0
0.9999049
1.0
0.99999976
1.0
1.0
0.99999976
0.9999995
0.9999999
1.0
0.9999976
1.0
0.9999999
1.0
1.0
0.9981844
1.0
0.999456
1.0
0.9999999
0.9999999
1.0
0.99999654
1.0
1.0
1.0
1.0
0.9999689
1.0
0.9995441
0.99999976
0.9999999
0.99957126
1.0
1.0
1.0
1.0
1.0
0.9999918
0.99998796
1.0
0.9999981
0.99597883
1.0
1.0
1.0
1.0
1.0
1.0
1.0
1.0
1.0
0.99822754
1.0
1.0
1.0
1.0
0.9999924
1.0
0.99730206
1.0
0.99999976
1.0
1.0
1.0
1.0
1.0
0.99998915
1.0
0.9999994
1.0
0.6594205
1.0
0.9999999
0.8956801
1.0
0.99999607
0.9999975
0.9999995
0.9999999
0.99914217
1.0
0.99999976
0.9999752
1.0
1.0
1.0
1.0
0.9999999
1.0
0.99517524
1.0
1.0
1.0
1.0
1.0
1.0
0.99997437
1.0
0.99998605
0.99999905
0.9999999
1.0
1.0
1.0
1.0
1.0
1.0
1.0
1.0
1.0
1.0
1.0
1.0
0.98934364
0.9999988
1.0
1.0
0.99999964
1.0
1.0
0.99999666
1.0
0.9999684
1.0
1.0
1.0
0.8080764
1.0
1.0
0.9999999
1.0
0.99999964
1.0
1.0
1.0
1.0
1.0
1.0
0.9999995
1.0
1.0
1.0
0.9999995
1.0
0.99999774
0.99999917
0.9999807
1.0
1.0
1.0
1.0
1.0
1.0
1.0
1.0
1.0
1.0
0.9999999
1.0
0.9995516
0.99999964
0.9865471
0.9999999
0.9836907
1.0
1.0
0.9999453
1.0
0.99999976
1.0
0.99999523
0.9996822
1.0
1.0
0.99999976
1.0
1.0
1.0
1.0
1.0
1.0
1.0
0.99999774
1.0
1.0
1.0
1.0
1.0
0.99869555
0.99999344
0.99999034
0.99999714
1.0
1.0
1.0
1.0
0.99503076
0.9999995
1.0
1.0
1.0
1.0
1.0
0.9999995
0.99873596
0.99791414
0.99999964
0.99999964
0.9999993
0.99999976
1.0
1.0
1.0
1.0
1.0
0.9960155
0.9999999
0.99998724
1.0
1.0
0.99999595
0.99999845
0.99999964
1.0
1.0
0.9999999
1.0
0.6467499
1.0
1.0
1.0
1.0
0.9999999
0.99999976
1.0
0.99915767
1.0
0.99847454
0.99998355
1.0
1.0
1.0
1.0
1.0
1.0
0.99999976
1.0
0.8643076
1.0
0.99999976
0.99998736
1.0
0.9999989
1.0
1.0
1.0
1.0
0.9999975
1.0
0.9999999
1.0
1.0
1.0
1.0
0.99993956
1.0
1.0
0.99999547
1.0
1.0
1.0
1.0
0.999995
0.99883777
1.0
1.0
0.99999964
1.0
1.0
1.0
1.0
1.0
1.0
0.99952114
1.0
0.9995567
1.0
1.0
1.0
1.0
1.0
0.9999957
1.0
1.0
0.9999993
0.95674616
1.0
0.9999999
0.9503015
1.0
1.0
1.0
1.0
1.0
1.0
1.0
0.9999981
1.0
0.9999995
1.0
1.0
0.99999964
0.9999999
0.999332
1.0
1.0
1.0
1.0
0.9999999
0.99999964
0.99999964
1.0
0.9999474
1.0
1.0
0.99999976
1.0
0.99999976
1.0
1.0
0.9999995
0.9999894
1.0
0.99999964
0.9999999
1.0
0.9999987
0.99999285
1.0
0.9999995
0.9999995
1.0
1.0
1.0
0.99999964
0.99997723
0.99989676
1.0
0.9999999
1.0
1.0
0.99999344
1.0
1.0
0.99999905
1.0
1.0
0.99999654
0.9999999
0.99993277
0.9999958
1.0
0.99999213
1.0
1.0
1.0
0.99999905
0.9999999
0.9999906
0.9999994
1.0
0.9999988
0.99999857
1.0
0.99998784
1.0
0.9999987
1.0
0.9999994
1.0
1.0
1.0
1.0
0.99563855
1.0
1.0
1.0
0.9999999
1.0
1.0
0.99999976
0.99986243
1.0
1.0
0.9994524
1.0
0.8640704
0.9999993
0.9999794
1.0
0.99998426
1.0
0.99999964
0.99999964
0.99999404
0.99999547
1.0
1.0
1.0
1.0
1.0
1.0
1.0
0.99998796
0.9999994
1.0
0.9999589
1.0
1.0
0.99997747
1.0
0.99195474
1.0
1.0
1.0
0.62543404
1.0
1.0
0.99999976
1.0
1.0
0.99979943
0.9998417
1.0
1.0
1.0
0.9999515
1.0
1.0
1.0
1.0
0.99999976
1.0
0.99999905
0.9996711
1.0
1.0
1.0
1.0
1.0
1.0
1.0
1.0
1.0
1.0
1.0
1.0
0.9999999
0.9962308
0.99999714
1.0
1.0
1.0
1.0
0.9999788
0.9999999
1.0
1.0
0.68245083
1.0
1.0
1.0
1.0
1.0
0.99999976
0.9999958
0.95311886
1.0
1.0
0.9986933
0.99999666
1.0
0.9999999
1.0
1.0
0.9984956
0.9999931
0.9999999
1.0
0.999998
1.0
0.99938357
1.0
0.99999905
1.0
1.0
1.0
0.99999595
1.0
1.0
0.9999939
0.99999976
1.0
1.0
0.9919045
1.0
0.9999999
0.9999987
1.0
0.59714335
1.0
0.99999964
1.0
0.99999905
0.99999976
1.0
1.0
0.9997954
0.99999976
0.99998677
0.9999387
0.9999999
1.0
1.0
1.0
1.0
0.9970732
1.0
0.9998252
0.9999999
1.0
0.99999905
1.0
0.99993277
0.99999785
0.99991786
1.0
0.99997616
1.0
1.0
1.0
0.99999857
1.0
0.9999994
1.0
0.99999964
1.0
1.0
0.9999999
0.9999995
0.9999963
0.9999999
1.0
0.9999999
1.0
0.9999989
1.0
1.0
1.0
1.0
1.0
0.9999995
0.9999999
1.0
0.9990128
1.0
1.0
1.0
1.0
0.9999423
0.9987262
1.0
1.0
1.0
1.0
0.9999995
1.0
0.9999995
1.0
0.9895359
0.99952865
1.0
1.0
0.9999703
1.0
1.0
1.0
0.9999999
0.9999999
0.85829544
1.0
1.0
1.0
1.0
0.99999964
1.0
1.0
0.9999987
1.0
1.0
0.99998856
1.0
0.9729336
1.0
0.9842583
1.0
0.99999297
0.9999999
1.0
1.0
1.0
0.99998677
1.0
0.99999404
1.0
0.9999995
1.0
1.0
1.0
0.99997437
0.99476975
0.99999535
1.0
0.98935086
1.0
0.99968445
1.0
1.0
0.99999905
1.0
1.0
1.0
1.0
0.9999987
1.0
0.99999845
1.0
1.0
1.0
0.99999976
1.0
0.9999995
1.0
1.0
0.9999976
0.97114986
1.0
1.0
1.0
0.99999404
1.0
1.0
1.0
0.9999945
1.0
0.9999857
1.0
0.9999565
1.0
0.99999714
0.99999976
0.99999845
1.0
0.9366019
1.0
1.0
1.0
1.0
1.0
0.99999523
1.0
0.99999857
1.0
0.9999999
0.9991522
0.9999994
1.0
1.0
0.99999964
1.0
0.99999225
1.0
1.0
0.9999999
1.0
1.0
1.0
1.0
1.0
0.9999988
1.0
1.0
1.0
1.0
1.0
1.0
1.0
0.9919666
1.0
0.99999964
0.9999999
1.0
0.9999956
1.0
1.0
1.0
1.0
0.999928
1.0
0.99999
1.0
0.9999999
1.0
1.0
0.9983443
1.0
1.0
0.973478
0.9998709
1.0
0.99738353
0.99999964
1.0
1.0
0.9803986
0.99820244
0.99999595
0.9887966
1.0
1.0
1.0
0.9999869
1.0
0.99999964
1.0
1.0
0.9999999
1.0
1.0
0.9999981
1.0
0.9999982
1.0
1.0
0.9999994
1.0
1.0
1.0
0.9999796
1.0
1.0
1.0
1.0
1.0
0.99999666
1.0
0.8416872
1.0
0.9999999
1.0
0.9999255
1.0
1.0
1.0
1.0
1.0
1.0
0.97107947
0.99999785
1.0
1.0
0.9748048
0.99999917
1.0
0.99999917
0.9999982
0.9999995
1.0
0.99999785
1.0
0.9999999
0.9999999
1.0
0.9999902
0.9999993
0.9999999
0.9999982
0.9999981
1.0
1.0
0.9999887
0.9600111
1.0
1.0
0.9999827
0.99259335
1.0
1.0
0.9865645
0.9999893
0.99999917
1.0
1.0
1.0
0.99999976
0.9999989
1.0
1.0
1.0
0.99999976
1.0
1.0
1.0
0.9999976
0.9999988
1.0
1.0
0.9999999
0.9999999
1.0
1.0
0.9055956
1.0
0.99999976
0.99999785
1.0
0.99999976
1.0
1.0
1.0
1.0
1.0
1.0
1.0
1.0
0.75868523
1.0
1.0
1.0
0.99999845
0.99635243
1.0
1.0
1.0
1.0
1.0
1.0
1.0
1.0
1.0
0.99999285
1.0
0.9999995
0.99999964
1.0
0.99994814
1.0
1.0
1.0
0.5039688
0.9999982
1.0
1.0
0.9999808
0.9999999
1.0
1.0
1.0
1.0
1.0
1.0
0.99999976
1.0
0.99999976
1.0
0.99999833
0.93134594
0.99999666
0.9999999
1.0
0.99999166
1.0
0.99968183
0.9999993
1.0
0.9999995
1.0
1.0
0.99999976
1.0
1.0
0.9999994
1.0
0.9999993
0.9999244
1.0
1.0
1.0
1.0
0.9999893
1.0
0.99999607
1.0
1.0
1.0
1.0
1.0
0.9999999
1.0
1.0
0.99985886
0.9999999
0.9999999
0.99999607
1.0
0.9999995
0.999998
1.0
1.0
0.8449034
1.0
1.0
0.9999994
0.99999964
1.0
1.0
1.0
1.0
1.0
1.0
0.9999999
1.0
0.9997526
0.99990857
1.0
0.9999999
0.99999964
0.9999999
1.0
1.0
0.9999943
1.0
1.0
0.9999676
1.0
0.99999845
1.0
1.0
1.0
0.999997
1.0
0.9999596
0.9999994
0.99999964
1.0
0.9999994
1.0
1.0
0.9999771
0.99997663
0.99760014
1.0
1.0
0.9999658
1.0
0.99999976
0.9999999
1.0
1.0
1.0
1.0
0.9999397
1.0
1.0
1.0
0.9999883
1.0
1.0
1.0
0.97554433
0.9999994
0.9995797
1.0
0.9998074
0.9999995
1.0
1.0
1.0
0.9999999
1.0
1.0
0.9999999
1.0
1.0
0.9999999
1.0
0.99999857
1.0
0.9999999
1.0
1.0
1.0
1.0
0.99799323
1.0
1.0
1.0
1.0
0.9999999
1.0
1.0
1.0
1.0
1.0
0.99999297
1.0
1.0
1.0
0.99998844
1.0
1.0
0.99999475
1.0
1.0
1.0
1.0
1.0
0.6934323
0.9997788
1.0
1.0
1.0
1.0
1.0
0.7938836
0.9999492
0.99428236
1.0
1.0
0.9999999
1.0
1.0
1.0
0.96163285
1.0
1.0
0.99999654
1.0
1.0
1.0
1.0
1.0
1.0
1.0
0.9999995
1.0
1.0
0.9917269
0.9988318
0.99999976
1.0
0.9999999
1.0
1.0
1.0
1.0
0.9999999
0.9999999
1.0
1.0
1.0
1.0
1.0
0.9999995
0.9999999
1.0
0.99999964
1.0
0.9999999
0.99999976
0.9174726
0.9990312
1.0
1.0
1.0
1.0
1.0
1.0
1.0
0.99999976
1.0
1.0
0.9999995
1.0
0.9595732
1.0
0.9955218
0.9999865
1.0
0.9997898
0.9999275
1.0
1.0
1.0
0.99998724
1.0
0.9844201
1.0
0.9999578
1.0
0.9999993
1.0
1.0
1.0
1.0
1.0
0.99999976
1.0
0.99999976
1.0
0.99999666
1.0
0.9999994
1.0
1.0
1.0
1.0
0.99999464
1.0
0.99999726
1.0
0.9987764
1.0
1.0
1.0
0.99998283
1.0
1.0
0.99999905
1.0
1.0
0.99999845
1.0
1.0
0.99999344
1.0
1.0
1.0
1.0
0.9999999
1.0
0.9999999
1.0
1.0
0.99999833
1.0
0.9999999
0.9999999
1.0
0.99996054
1.0
1.0
0.99971277
0.9998271
1.0
1.0
1.0
1.0
1.0
1.0
0.99945015
0.99993277
0.99999857
1.0
1.0
1.0
0.5968047
1.0
1.0
1.0
1.0
1.0
1.0
1.0
0.9999999
1.0
0.99991345
0.99999344
0.9999987
1.0
0.9999995
1.0
0.99999845
1.0
1.0
1.0
1.0
0.9999999
0.99928457
1.0
1.0
1.0
1.0
1.0
0.999998
0.9999995
1.0
1.0
1.0
0.99999356
0.9811288
1.0
1.0
0.9999999
0.99999964
0.99999297
1.0
0.99995565
1.0
1.0
1.0
0.9999993
1.0
1.0
1.0
0.9999993
0.9999993
1.0
1.0
0.9999976
1.0
1.0
1.0
1.0
0.99999964
0.99999857
1.0
0.99999976
1.0
1.0
1.0
1.0
1.0
1.0
1.0
1.0
1.0
1.0
1.0
0.99999976
1.0
1.0
1.0
1.0
1.0
0.99999964
1.0
1.0
1.0
1.0
0.9999999
1.0
1.0
1.0
1.0
1.0
0.99999964
1.0
0.9999999
1.0
1.0
0.9999999
1.0
1.0
0.9999999
1.0
1.0
1.0
1.0
1.0
1.0
1.0
0.9999964
1.0
1.0
1.0
1.0
0.99994063
0.9999989
1.0
1.0
1.0
1.0
1.0
0.9999957
1.0
1.0
1.0
1.0
1.0
1.0
0.99999964
1.0
1.0
1.0
1.0
0.9999285
1.0
0.9999994
1.0
0.99999475
0.99999917
0.9999999
1.0
1.0
1.0
1.0
0.9999999
1.0
0.99999404
0.99999976
1.0
1.0
1.0
1.0
0.9999989
0.99999976
1.0
1.0
1.0
1.0
1.0
1.0
1.0
0.99999976
1.0
1.0
1.0
1.0
1.0
0.99999976
0.9999989
1.0
1.0
1.0
1.0
1.0
0.9429529
1.0
1.0
1.0
1.0
1.0
1.0
1.0
0.9999999
0.99999964
1.0
1.0
1.0
0.9995943
1.0
1.0
0.99999976
1.0
1.0
0.9999939
1.0
0.9999999
1.0
1.0
1.0
1.0
1.0
1.0
1.0
1.0
1.0
1.0
0.9835179
1.0
1.0
0.9999999
1.0
0.9999999
0.99348277
1.0
0.99999964
1.0
1.0
1.0
1.0
1.0
1.0
0.9999999
1.0
0.9999521
0.9999969
1.0
1.0
0.9999999
1.0
1.0
0.999995
1.0
1.0
1.0
1.0
1.0
1.0
1.0
1.0
1.0
0.9999999
0.9999685
1.0
1.0
1.0
1.0
0.9942486
0.9999999
0.9999378
1.0
0.999979
1.0
1.0
1.0
0.9999989
0.99999976
1.0
0.9999995
0.9999999
1.0
1.0
1.0
1.0
1.0
0.9999988
1.0
1.0
0.9999999
0.99993324
1.0
1.0
1.0
1.0
1.0
0.9999993
0.9943586
1.0
1.0
1.0
1.0
0.9999999
0.9999999
1.0
1.0
1.0
1.0
1.0
1.0
1.0
0.9999999
0.99999964
0.99999917
1.0
0.9692468
0.9999994
1.0
1.0
0.99999976
1.0
0.9999999
1.0
1.0
1.0
1.0
1.0
1.0
1.0
1.0
0.99999213
0.9999988
1.0
1.0
0.99583435
1.0
1.0
0.9963152
0.99999905
0.99999976
0.9999988
1.0
1.0
1.0
1.0
1.0
1.0
0.99992573
1.0
1.0
1.0
1.0
1.0
1.0
1.0
1.0
1.0
0.99992585
1.0
1.0
1.0
1.0
1.0
1.0
1.0
1.0
1.0
0.9999995
1.0
1.0
1.0
1.0
1.0
1.0
1.0
1.0
1.0
1.0
1.0
1.0
1.0
1.0
1.0
1.0
1.0
0.9999999
0.9999999
1.0
1.0
1.0
1.0
1.0
0.9999999
0.9999999
1.0
1.0
1.0
1.0
1.0
1.0
0.9686207
1.0
1.0
1.0
0.9999993
1.0
1.0
1.0
1.0
1.0
1.0
1.0
0.9999993
1.0
1.0
1.0
1.0
1.0
1.0
1.0
1.0
1.0
1.0
1.0
1.0
1.0
1.0
1.0
1.0
0.9999999
1.0
1.0
0.9999995
1.0
1.0
1.0
1.0
1.0
1.0
1.0
0.99999976
0.9999999
1.0
1.0
0.9999999
1.0
1.0
1.0
0.99999905
0.99999976
1.0
1.0
1.0
1.0
1.0
1.0
1.0
1.0
1.0
1.0
1.0
1.0
1.0
0.9999999
1.0
1.0
1.0
1.0
1.0
1.0
0.99999917
1.0
1.0
1.0
1.0
0.9999999
0.99996495
1.0
0.9999999
1.0
1.0
1.0
1.0
1.0
1.0
0.9999747
0.99999726
1.0
1.0
1.0
1.0
1.0
1.0
0.99999774
1.0
1.0
0.99999976
1.0
1.0
1.0
0.99999964
1.0
1.0
1.0
1.0
1.0
1.0
1.0
1.0
1.0
1.0
1.0
1.0
1.0
1.0
1.0
1.0
1.0
0.9938698
0.9995198
1.0
1.0
0.9999999
1.0
1.0
1.0
0.9987796
1.0
1.0
0.9999995
1.0
1.0
1.0
1.0
1.0
1.0
1.0
1.0
1.0
1.0
1.0
1.0
1.0
1.0
1.0
1.0
1.0
1.0
1.0
1.0
1.0
1.0
1.0
1.0
1.0
1.0
1.0
1.0
1.0
0.9999999
1.0
1.0
1.0
1.0
1.0
1.0
1.0
1.0
0.99999535
1.0
1.0
0.9999962
1.0
0.99999964
1.0
1.0
1.0
1.0
1.0
1.0
1.0
1.0
1.0
1.0
1.0
1.0
1.0
1.0
0.99999785
1.0
1.0
0.9999877
1.0
1.0
0.99999976
1.0
0.9999987
1.0
1.0
1.0
1.0
0.9999999
1.0
1.0
1.0
1.0
0.99999976
1.0
1.0
1.0
1.0
1.0
1.0
0.9999999
1.0
0.99999845
0.9999738
1.0
1.0
1.0
1.0
1.0
1.0
1.0
1.0
1.0
1.0
1.0
0.99999905
1.0
0.99999297
0.9999999
1.0
0.99988437
1.0
0.9999999
1.0
1.0
0.9999994
1.0
1.0
1.0
0.99999785
1.0
1.0
1.0
1.0
0.99999905
1.0
0.99999976
1.0
1.0
0.9999999
1.0
1.0
0.999948
1.0
0.9999987
1.0
0.99999976
1.0
1.0
0.9999999
0.9999901
1.0
1.0
1.0
1.0
1.0
0.9877713
0.9999999
1.0
1.0
1.0
1.0
1.0
1.0
1.0
1.0
0.9999999
1.0
0.9999999
1.0
0.9999999
1.0
1.0
0.9999999
1.0
1.0
0.9999964
1.0
1.0
0.998865
1.0
1.0
0.9999976
0.99999964
1.0
1.0
0.9999999
0.99999917
1.0
1.0
0.9802025
1.0
0.99998355
0.9999995
0.99999964
0.99997437
0.9999999
0.9999995
0.90163034
0.9999999
1.0
1.0
0.9999999
0.99999976
0.9999976
0.99986446
1.0
1.0
1.0
0.9999907
0.92028576
0.9994972
1.0
1.0
1.0
1.0
1.0
0.9999988
0.9999999
1.0
1.0
1.0
1.0
0.9999989
1.0
1.0
1.0
1.0
1.0
1.0
1.0
1.0
0.9998511
0.9999975
1.0
0.9999999
1.0
1.0
1.0
0.9999962
1.0
1.0
1.0
1.0
0.9999939
1.0
1.0
0.99999976
1.0
1.0
1.0
1.0
0.9999981
1.0
1.0
0.9999999
0.9999999
1.0
1.0
0.99999976
0.9999999
0.9999999
1.0
1.0
0.9999963
0.9999932
1.0
1.0
1.0
1.0
0.9999652
1.0
1.0
0.9999963
1.0
0.99999726
0.999987
1.0
1.0
1.0
1.0
1.0
0.99999964
0.99999976
0.99999976
1.0
1.0
0.9999988
0.9999962
1.0
0.9856296
0.99993026
0.9512152
0.9999993
0.9999999
1.0
0.99999964
1.0
0.9999989
0.9999995
1.0
0.9999496
0.9999999
1.0
1.0
0.87026155
1.0
1.0
0.95947856
1.0
1.0
1.0
0.99999976
1.0
1.0
0.9999999
1.0
1.0
0.99999976
0.9999932
1.0
1.0
1.0
1.0
1.0
0.9999715
1.0
1.0
0.9999999
0.99999785
1.0
1.0
1.0
1.0
0.9999995
0.9999999
1.0
1.0
1.0
1.0
0.9999999
1.0
1.0
0.9999999
1.0
1.0
1.0
1.0
1.0
1.0
1.0
1.0
1.0
1.0
1.0
1.0
1.0
0.999814
0.999138
1.0
1.0
1.0
1.0
0.999992
1.0
1.0
1.0
1.0
1.0
1.0
1.0
1.0
1.0
1.0
1.0
1.0
1.0
0.99999917
1.0
0.99999976
1.0
1.0
1.0
0.9998041
0.9998573
1.0
1.0
0.9999995
1.0
0.9999989
1.0
0.9980909
1.0
1.0
1.0
1.0
1.0
0.9999989
0.99999833
1.0
1.0
0.9999995
1.0
1.0
0.99999976
1.0
1.0
1.0
1.0
1.0
1.0
1.0
1.0
1.0
1.0
1.0
1.0
0.99999917
1.0
1.0
1.0
1.0
1.0
1.0
1.0
1.0
1.0
0.99999905
1.0
1.0
1.0
1.0
1.0
0.9996859
1.0
1.0
1.0
1.0
0.9999999
1.0
1.0
0.9999994
1.0
0.65215605
0.9838118
1.0
0.9999951
1.0
1.0
0.9999999
1.0
0.9999993
1.0
0.99999976
1.0
1.0
1.0
1.0
1.0
0.9999981
1.0
1.0
0.9971819
0.9999993
1.0
1.0
1.0
1.0
0.9999392
1.0
0.9999913
1.0
0.9999988
1.0
1.0
1.0
1.0
0.9999988
1.0
1.0
0.99998844
1.0
0.9998734
1.0
1.0
1.0
1.0
1.0
1.0
1.0
0.999997
0.99997306
0.99141824
0.83167744
0.99999964
0.99970394
1.0
1.0
1.0
0.99999976
1.0
1.0
1.0
1.0
1.0
0.99999726
1.0
0.9999999
1.0
0.99999976
0.9999999
0.9999789
1.0
1.0
1.0
0.99979883
1.0
0.9999994
1.0
0.99999666
1.0
1.0
1.0
1.0
1.0
1.0
0.99999976
0.99999976
1.0
0.9998828
1.0
1.0
1.0
1.0
0.9999995
1.0
1.0
0.99842924
0.99959654
0.99999976
0.99999964
1.0
1.0
0.9999995
0.9999989
0.9999993
1.0
0.99999976
0.9999931
1.0
1.0
1.0
1.0
0.9821202
0.99999833
0.99999976
0.9999945
1.0
0.9999976
1.0
0.9999888
0.9999989
0.9999708
0.9999987
0.9999995
0.9999994
1.0
0.99926096
1.0
1.0
1.0
1.0
1.0
1.0
1.0
1.0
0.9999087
1.0
1.0
0.9976338
1.0
1.0
0.99930584
0.9999999
0.9999987
0.99999976
1.0
0.9999999
1.0
1.0
1.0
0.999653
1.0
0.9999989
1.0
1.0
1.0
1.0
0.99999344
1.0
1.0
0.9999863
1.0
1.0
0.99999225
1.0
0.99999523
0.99999976
1.0
1.0
0.9999924
1.0
1.0
1.0
1.0
0.9998759
1.0
1.0
1.0
0.9999994
1.0
0.9975563
1.0
1.0
1.0
1.0
1.0
0.9997273
0.9999994
0.9999939
1.0
1.0
1.0
1.0
1.0
0.9999999
0.9999999
0.49906603
1.0
0.999974
1.0
1.0
1.0
1.0
1.0
1.0
1.0
0.9697
1.0
0.99998784
1.0
1.0
1.0
1.0
1.0
1.0
1.0
0.99952006
1.0
1.0
1.0
1.0
1.0
1.0
0.99999833
1.0
0.99995255
1.0
0.9911289
1.0
1.0
0.99993086
0.9999999
1.0
1.0
1.0
1.0
0.9999999
1.0
1.0
0.9999993
1.0
0.99999964
1.0
1.0
1.0
1.0
1.0
1.0
1.0
1.0
0.9999994
1.0
1.0
1.0
1.0
1.0
0.9999999
1.0
1.0
1.0
1.0
1.0
1.0
1.0
1.0
1.0
1.0
1.0
1.0
1.0
1.0
1.0
0.9960602
1.0
1.0
1.0
0.99997795
1.0
1.0
1.0
1.0
0.7277521
1.0
0.99999416
1.0
0.99999976
1.0
0.9590005
0.96386915
0.99999845
1.0
1.0
1.0
1.0
1.0
1.0
0.9999999
0.9999999
1.0
1.0
1.0
1.0
1.0
0.9999999
1.0
1.0
1.0
0.9999999
1.0
1.0
1.0
1.0
1.0
1.0
1.0
1.0
1.0
1.0
0.9999999
1.0
1.0
1.0
1.0
1.0
1.0
1.0
1.0
1.0
1.0
1.0
1.0
1.0
1.0
1.0
1.0
1.0
1.0
1.0
1.0
0.9999999
1.0
1.0
1.0
0.9999999
1.0
0.99999976
1.0
1.0
0.99999976
0.99999297
1.0
1.0
1.0
1.0
0.9999999
1.0
1.0
0.99999964
0.9999976
1.0
1.0
1.0
1.0
1.0
1.0
1.0
1.0
1.0
1.0
1.0
1.0
1.0
1.0
1.0
1.0
1.0
1.0
1.0
1.0
1.0
1.0
0.9999999
1.0
1.0
1.0
1.0
1.0
1.0
1.0
1.0
1.0
1.0
1.0
1.0
1.0
1.0
1.0
1.0
1.0
1.0
1.0
1.0
1.0
1.0
1.0
1.0
1.0
1.0
1.0
1.0
1.0
1.0
1.0
1.0
1.0
1.0
1.0
1.0
1.0
1.0
0.9999974
0.9999999
1.0
0.99999785
1.0
1.0
1.0
1.0
1.0
1.0
1.0
1.0
1.0
1.0
1.0
1.0
1.0
1.0
1.0
1.0
1.0
1.0
1.0
1.0
1.0
1.0
1.0
1.0
1.0
1.0
1.0
1.0
1.0
0.99999833
1.0
1.0
1.0
1.0
1.0
0.9999994
1.0
1.0
0.9999999
1.0
1.0
1.0
1.0
1.0
1.0
1.0
1.0
0.9999999
1.0
1.0
1.0
1.0
1.0
1.0
1.0
1.0
1.0
0.9999995
1.0
1.0
1.0
1.0
1.0
1.0
1.0
1.0
1.0
0.99999714
0.99999976
1.0
1.0
0.99999976
1.0
1.0
1.0
1.0
1.0
1.0
1.0
1.0
1.0
1.0
0.9999988
1.0
0.9999219
1.0
1.0
1.0
1.0
0.99999964
1.0
0.9999051
0.9999968
1.0
1.0
1.0
1.0
1.0
0.99999976
0.99999976
1.0
1.0
0.99996746
1.0
1.0
1.0
1.0
1.0
1.0
0.999967
1.0
0.9999654
1.0
0.99999976
1.0
0.9999999
1.0
0.99917907
1.0
0.9999969
1.0
1.0
1.0
1.0
1.0
0.9999999
1.0
1.0
1.0
1.0
1.0
1.0
0.99999833
1.0
0.99999976
1.0
1.0
0.99999976
1.0
1.0
1.0
1.0
1.0
0.9999856
1.0
1.0
0.99999964
1.0
1.0
0.9999968
1.0
1.0
1.0
1.0
1.0
1.0
1.0
1.0
1.0
0.9999999
1.0
1.0
0.9999949
1.0
1.0
1.0
1.0
1.0
0.99999964
1.0
1.0
0.9997234
0.99999964
1.0
1.0
1.0
1.0
1.0
0.9999999
1.0
1.0
1.0
1.0
1.0
1.0
1.0
0.99987686
1.0
0.9999999
1.0
0.9999999
1.0
1.0
1.0
1.0
1.0
0.9847803
0.9999993
1.0
1.0
1.0
1.0
0.99999833
0.9999993
1.0
1.0
1.0
1.0
0.99999595
1.0
1.0
1.0
1.0
1.0
0.9999999
1.0
1.0
1.0
1.0
0.9999939
1.0
0.99999976
1.0
0.99902296
1.0
1.0
1.0
1.0
0.9999999
0.999699
0.9999988
0.9999968
1.0
0.9999999
1.0
0.9999994
1.0
0.9999976
1.0
0.99999976
0.9999987
1.0
1.0
1.0
0.9999999
0.9961151
0.45323655
0.99999774
0.99998283
0.9664797
1.0
0.9576239
0.9957766
1.0
1.0
0.9999949
0.99999833
1.0
0.9999995
0.99972826
0.9989957
0.9998671
0.8287942
0.9856017
0.9999958
0.97424173
0.9999504
0.8667606
0.9999871
0.9996798
0.9999987
0.99999857
1.0
1.0
1.0
0.99999917
1.0
0.9999999
1.0
1.0
1.0
1.0
1.0
0.9965815
1.0
0.99999464
1.0
0.999987
0.7684861
0.9986405
0.9603791
0.9999999
1.0
0.9999995
0.9998387
1.0
0.99938154
1.0
0.9999999
0.99979097
0.99999976
0.9999999
1.0
1.0
0.9999095
0.999992
0.9999006
1.0
0.99998987
0.99997795
0.9999999
1.0
0.99999964
0.9999678
0.9999981
0.9999982
0.4058861
1.0
0.9999968
0.99999976
1.0
1.0
0.99984586
0.9965132
1.0
1.0
0.9999927
0.9999894
0.9999994
1.0
1.0
1.0
1.0
0.99999785
0.9999999
1.0
0.99999166
1.0
1.0
1.0
1.0
0.9999999
0.9698174
0.9999999
1.0
1.0
1.0
0.9999999
1.0
1.0
1.0
1.0
0.9999964
0.9999957
1.0
1.0
1.0
1.0
1.0
1.0
1.0
0.9999999
1.0
0.99998856
1.0
1.0
1.0
1.0
0.9999007
1.0
1.0
0.99999976
0.9999981
1.0
0.9999999
1.0
1.0
1.0
1.0
0.9999956
1.0
1.0
1.0
0.99999976
1.0
0.99999297
1.0
1.0
1.0
1.0
1.0
1.0
1.0
1.0
1.0
1.0
1.0
0.99998
1.0
1.0
0.99998987
0.99999917
1.0
0.9999999
1.0
1.0
1.0
1.0
1.0
0.99999535
1.0
0.99999964
0.99580634
0.99999
1.0
0.99999976
0.9999995
1.0
1.0
1.0
1.0
0.99999976
1.0
0.9999924
0.9999999
1.0
1.0
1.0
1.0
1.0
1.0
0.99222505
0.99999666
1.0
0.9999987
0.925748
0.9999833
1.0
0.9999685
1.0
1.0
0.9999999
0.9999995
1.0
1.0
0.9999982
0.95238197
0.9995672
1.0
0.9999999
1.0
0.9999999
1.0
0.999998
1.0
0.99999964
0.99999976
1.0
1.0
0.9999999
0.9999957
1.0
1.0
1.0
1.0
1.0
1.0
1.0
1.0
1.0
1.0
0.99999785
1.0
1.0
0.9452122
0.99999475
0.9999672
1.0
0.99999666
1.0
1.0
1.0
0.9999993
1.0
0.9999962
1.0
1.0
0.9876972
1.0
1.0
1.0
1.0
0.9999995
1.0
1.0
1.0
0.9999999
1.0
0.99999774
1.0
0.9999999
1.0
0.99999034
1.0
0.9999995
1.0
1.0
1.0
0.9999927
1.0
1.0
1.0
1.0
1.0
1.0
1.0
0.9999999
1.0
0.9999993
1.0
1.0
1.0
1.0
1.0
1.0
1.0
1.0
1.0
1.0
1.0
1.0
0.9999999
0.9999999
1.0
1.0
1.0
0.99999905
1.0
0.9927464
1.0
1.0
1.0
1.0
0.99999046
1.0
1.0
1.0
1.0
1.0
1.0
1.0
1.0
1.0
1.0
1.0
1.0
1.0
1.0
1.0
1.0
1.0
0.99999964
1.0
1.0
1.0
1.0
1.0
1.0
1.0
0.99999905
1.0
1.0
1.0
1.0
0.9999019
1.0
0.9999999
1.0
0.9999999
1.0
1.0
1.0
0.9999995
1.0
1.0
0.99999976
0.9998466
1.0
1.0
1.0
0.9999913
1.0
1.0
0.99999964
1.0
1.0
1.0
0.9999844
1.0
1.0
0.9999999
0.99993396
1.0
0.9999969
1.0
0.9999902
1.0
1.0
0.9999999
0.9999999
0.9999975
1.0
1.0
1.0
1.0
1.0
1.0
0.9999988
1.0
1.0
0.99999964
1.0
1.0
1.0
1.0
1.0
1.0
0.9999982
1.0
1.0
1.0
0.99998856
1.0
1.0
1.0
0.99999905
0.9998691
1.0
1.0
1.0
1.0
0.99999976
1.0
1.0
1.0
0.99999917
1.0
1.0
1.0
1.0
1.0
1.0
1.0
1.0
1.0
1.0
1.0
1.0
1.0
1.0
1.0
1.0
0.9999993
1.0
1.0
1.0
1.0
1.0
1.0
1.0
1.0
1.0
0.9999999
1.0
1.0
1.0
1.0
1.0
1.0
1.0
1.0
1.0
1.0
1.0
1.0
1.0
1.0
1.0
1.0
0.99999475
1.0
1.0
0.9999999
0.9999988
1.0
1.0
1.0
1.0
1.0
1.0
1.0
1.0
1.0
1.0
1.0
1.0
1.0
1.0
1.0
1.0
1.0
1.0
0.9999956
1.0
0.99999964
1.0
1.0
1.0
1.0
0.9999994
1.0
0.99999106
1.0
1.0
1.0
1.0
1.0
1.0
1.0
1.0
1.0
1.0
1.0
1.0
1.0
0.9999999
1.0
1.0
1.0
1.0
0.93718016
1.0
1.0
1.0
0.9999987
0.99961674
1.0
1.0
1.0
1.0
1.0
1.0
0.9999962
1.0
0.9999999
0.99998033
1.0
1.0
1.0
1.0
1.0
1.0
0.99999774
1.0
1.0
0.99999917
1.0
1.0
1.0
1.0
0.99999976
1.0
0.99999666
1.0
1.0
1.0
1.0
1.0
1.0
1.0
0.9999981
1.0
1.0
1.0
0.99983835
0.9996456
0.99999297
1.0
1.0
0.9999993
1.0
0.99999917
1.0
1.0
1.0
1.0
1.0
0.999998
0.99998105
1.0
1.0
1.0
1.0
1.0
1.0
1.0
0.9999759
1.0
1.0
0.9999999
1.0
0.9999999
0.99849963
1.0
0.9999999
1.0
1.0
1.0
1.0
0.99999976
1.0
1.0
1.0
0.9999989
1.0
1.0
0.99975854
0.99999976
1.0
0.99999964
1.0
1.0
1.0
1.0
1.0
1.0
1.0
1.0
1.0
0.9999987
1.0
1.0
0.9999999
1.0
1.0
0.9557255
1.0
0.9999908
1.0
1.0
1.0
1.0
1.0
1.0
1.0
1.0
1.0
1.0
1.0
1.0
1.0
1.0
1.0
1.0
1.0
0.99999976
1.0
1.0
1.0
1.0
0.99999964
1.0
1.0
1.0
1.0
1.0
1.0
1.0
1.0
1.0
1.0
1.0
1.0
0.9999999
1.0
1.0
0.99999964
1.0
1.0
0.9999678
1.0
1.0
1.0
1.0
1.0
0.99999535
0.99999833
1.0
1.0
0.99998105
1.0
0.9999969
1.0
0.6159536
1.0
1.0
1.0
0.8851512
0.99999976
1.0
1.0
0.9999937
1.0
1.0
0.99999976
0.99999976
1.0
0.9999999
1.0
1.0
0.99999535
1.0
0.9999999
1.0
0.9999144
1.0
0.9747048
1.0
0.9999974
1.0
1.0
0.9999274
0.9999999
1.0
1.0
1.0
0.99999464
1.0
0.99999917
1.0
0.99956983
1.0
1.0
1.0
0.99999976
1.0
1.0
1.0
1.0
0.9999999
0.99999976
0.9999999
0.99999976
0.99999666
1.0
1.0
1.0
0.9999988
0.9999964
0.9999968
1.0
1.0
0.9999987
0.9999995
1.0
1.0
1.0
1.0
1.0
0.99995804
1.0
1.0
1.0
1.0
1.0
1.0
1.0
1.0
1.0
0.9999994
1.0
1.0
0.99999774
1.0
1.0
1.0
1.0
1.0
1.0
0.9999994
1.0
1.0
1.0
1.0
1.0
0.99999917
1.0
1.0
1.0
1.0
0.9999889
1.0
1.0
1.0
1.0
1.0
1.0
1.0
1.0
1.0
1.0
1.0
1.0
1.0
1.0
1.0
0.99999976
1.0
1.0
1.0
1.0
1.0
1.0
1.0
1.0
1.0
1.0
1.0
1.0
1.0
1.0
1.0
1.0
1.0
1.0
0.9999988
1.0
1.0
1.0
0.9999989
0.99999285
0.99999964
1.0
1.0
1.0
0.9999927
1.0
0.9999999
1.0
1.0
1.0
1.0
1.0
1.0
1.0
0.9999999
1.0
1.0
1.0
1.0
1.0
1.0
1.0
0.9999999
0.9999989
1.0
1.0
1.0
0.9999999
1.0
1.0
0.9999999
1.0
1.0
1.0
0.9999745
1.0
0.9999989
1.0
1.0
1.0
0.99999964
1.0
0.99999964
1.0
1.0
1.0
1.0
1.0
1.0
1.0
0.9999994
0.99999714
1.0
0.9999974
0.99999976
0.9999989
0.9999999
0.9999988
1.0
1.0
0.99999833
1.0
1.0
0.99998355
1.0
1.0
0.99999976
1.0
1.0
0.9999999
0.9999938
1.0
0.9999999
1.0
1.0
1.0
0.9999999
0.9999943
1.0
1.0
0.9999995
0.9999976
0.9999105
1.0
0.99578434
1.0
1.0
1.0
1.0
1.0
1.0
0.9954158
0.9999999
0.9999995
1.0
0.99999976
1.0
0.9999819
1.0
1.0
1.0
0.9984511
1.0
1.0
1.0
1.0
1.0
0.99966085
1.0
1.0
1.0
0.9999597
0.99999976
0.9999989
1.0
0.99999976
1.0
1.0
0.99999917
1.0
1.0
0.99999976
0.9913449
0.9999981
1.0
1.0
0.999997
1.0
1.0
1.0
1.0
1.0
1.0
0.9997547
1.0
1.0
0.9999999
0.99999964
1.0
1.0
0.99999964
0.99999046
0.99999285
1.0
1.0
1.0
0.9999999
0.99999976
0.99943906
1.0
1.0
1.0
1.0
0.99999917
0.9999999
0.9999559
1.0
0.99999964
1.0
1.0
1.0
0.9999989
1.0
1.0
0.9998211
0.99999833
1.0
0.99999976
1.0
1.0
1.0
1.0
1.0
0.99999976
0.9999944
1.0
1.0
1.0
1.0
1.0
1.0
1.0
1.0
1.0
1.0
0.99999976
1.0
1.0
0.9999999
0.99999523
1.0
1.0
1.0
1.0
1.0
0.99999857
1.0
1.0
1.0
1.0
1.0
1.0
0.99999976
1.0
1.0
1.0
0.9999999
1.0
0.9999999
1.0
1.0
0.9999999
1.0
1.0
1.0
0.999998
1.0
0.9999999
1.0
0.99999857
1.0
0.9999999
0.9999999
0.99999917
0.99988985
1.0
1.0
1.0
1.0
0.99999964
0.999995
1.0
0.99999976
1.0
1.0
1.0
1.0
1.0
1.0
1.0
1.0
1.0
0.9999999
1.0
1.0
1.0
1.0
1.0
1.0
1.0
0.9999999
1.0
1.0
0.99999976
1.0
0.9999995
0.99999964
1.0
1.0
1.0
0.9999999
1.0
1.0
1.0
1.0
1.0
0.9999999
1.0
1.0
0.99998856
1.0
1.0
1.0
1.0
1.0
1.0
1.0
0.99999845
1.0
1.0
1.0
1.0
1.0
1.0
0.9999995
1.0
0.99999964
0.9999926
0.9999987
0.9999999
0.9999989
0.9999889
1.0
1.0
1.0
1.0
1.0
1.0
1.0
0.9999989
1.0
0.9998392
0.9999999
1.0
1.0
1.0
0.99999976
1.0
1.0
1.0
1.0
0.9999999
1.0
1.0
1.0
0.9999999
1.0
1.0
1.0
1.0
1.0
0.99999976
0.9999995
0.99999976
1.0
1.0
0.99999976
1.0
1.0
1.0
0.99999714
1.0
1.0
0.99999225
1.0
1.0
1.0
0.9999994
1.0
1.0
1.0
1.0
0.99998796
1.0
1.0
1.0
1.0
1.0
0.9999999
1.0
0.9999999
1.0
1.0
1.0
1.0
1.0
1.0
1.0
0.9999999
1.0
1.0
0.9999999
1.0
1.0
1.0
1.0
1.0
1.0
1.0
1.0
1.0
1.0
1.0
1.0
0.99999976
1.0
1.0
1.0
0.99998283
0.9999958
1.0
1.0
0.9999814
1.0
0.9999993
0.99987876
0.99992883
1.0
0.99999917
0.9999995
1.0
1.0
1.0
1.0
1.0
1.0
0.99999964
1.0
0.99999976
0.9999975
1.0
1.0
1.0
1.0
0.9999999
1.0
1.0
1.0
1.0
1.0
0.9999994
1.0
1.0
1.0
1.0
1.0
0.9999999
1.0
1.0
1.0
1.0
1.0
0.9999999
0.99999905
1.0
1.0
1.0
1.0
1.0
1.0
1.0
0.99999905
1.0
0.9999926
0.99999917
1.0
1.0
1.0
1.0
1.0
0.9999993
1.0
1.0
1.0
1.0
1.0
1.0
0.99993134
1.0
1.0
0.9999927
0.99999964
0.99999
1.0
1.0
1.0
0.9999964
1.0
1.0
1.0
1.0
0.9999974
0.9998398
0.999995
1.0
0.99999833
1.0
1.0
1.0
1.0
1.0
0.99999106
0.99998426
1.0
1.0
1.0
1.0
1.0
1.0
1.0
1.0
1.0
1.0
1.0
1.0
1.0
1.0
0.9999993
1.0
0.9879483
0.99999523
0.9999944
0.99999774
1.0
0.999998
0.9945627
1.0
0.9965062
0.9999999
0.9325321
1.0
0.9998988
0.99999964
0.9994795
1.0
1.0
0.99590695
0.9999994
0.9999945
0.9999994
0.99956113
1.0
1.0
0.9999995
1.0
1.0
1.0
1.0
1.0
0.9999981
0.9999995
1.0
1.0
1.0
0.99999976
0.99999964
1.0
0.9999999
1.0
1.0
1.0
1.0
1.0
1.0
1.0
1.0
0.9999976
1.0
1.0
1.0
1.0
0.99999976
1.0
0.9999988
0.9999887
1.0
0.9999924
1.0
0.99999917
0.99154156
0.9997845
1.0
0.9979115
0.9999932
1.0
0.9999999
1.0
1.0
1.0
0.99999976
1.0
0.99998975
0.99999905
1.0
1.0
0.9999745
0.9997055
0.99999964
0.99999607
1.0
0.99994123
0.99994373
0.99999976
1.0
0.99999964
0.9999831
1.0
0.9999925
0.97288764
1.0
1.0
1.0
1.0
1.0
0.9998679
1.0
1.0
1.0
1.0
1.0
1.0
1.0
1.0
1.0
1.0
0.99999833
1.0
1.0
1.0
1.0
1.0
0.9999999
0.9999994
1.0
0.9999982
1.0
1.0
1.0
1.0
1.0
1.0
1.0
1.0
1.0
0.99999595
1.0
1.0
1.0
1.0
1.0
1.0
0.99973065
1.0
1.0
1.0
1.0
1.0
1.0
0.9999993
1.0
0.9999999
1.0
1.0
1.0
1.0
0.9999906
0.9999989
1.0
1.0
1.0
0.9989636
0.99990165
1.0
1.0
1.0
1.0
1.0
1.0
1.0
0.99999964
1.0
1.0
1.0
0.9999999
0.99999917
1.0
1.0
1.0
0.9999994
1.0
1.0
1.0
1.0
1.0
1.0
1.0
0.9999924
1.0
1.0
0.999998
0.99883527
1.0
0.9999081
1.0
1.0
1.0
1.0
1.0
0.9999995
1.0
0.99999917
0.99999964
1.0
1.0
1.0
1.0
1.0
1.0
1.0
1.0
1.0
1.0
1.0
0.99999976
1.0
0.99999976
1.0
0.99999976
1.0
1.0
1.0
1.0
1.0
1.0
1.0
1.0
1.0
1.0
0.99999964
0.99791616
1.0
0.98856944
1.0
0.9999645
0.9999949
0.999315
0.9999999
1.0
0.9999989
0.99995387
1.0
0.9999062
1.0
1.0
0.9999995
0.9999925
1.0
1.0
0.99999547
0.9999995
1.0
0.9990803
1.0
1.0
0.99999917
1.0
0.99999917
1.0
0.999998
1.0
0.9999988
0.9999256
0.9999244
0.99973136
0.9106225
0.99919206
1.0
1.0
0.9999999
1.0
0.9999999
0.9999995
0.9999325
0.9999999
0.99995804
0.9999894
0.99998426
0.9999957
1.0
0.9999943
0.9979474
1.0
0.9999924
0.99999976
1.0
0.9999747
1.0
1.0
1.0
0.9999999
1.0
1.0
1.0
1.0
1.0
1.0
0.9999999
1.0
0.9759744
1.0
1.0
1.0
1.0
1.0
1.0
1.0
1.0
1.0
0.99999976
0.9999981
1.0
1.0
1.0
1.0
1.0
1.0
1.0
1.0
1.0
1.0
0.9999999
0.9999902
1.0
0.99999905
1.0
1.0
0.9999999
1.0
1.0
0.9999999
1.0
1.0
1.0
1.0
0.9999982
0.99999654
1.0
1.0
0.99999845
1.0
1.0
0.9999999
1.0
1.0
1.0
1.0
1.0
1.0
1.0
1.0
1.0
0.9999881
0.99998236
0.9999976
0.9999989
0.99999976
1.0
0.99999976
1.0
1.0
1.0
1.0
0.99999976
1.0
1.0
1.0
0.9999746
1.0
0.99999344
1.0
1.0
1.0
1.0
0.9999771
1.0
1.0
1.0
1.0
0.9999999
1.0
0.99999976
1.0
1.0
0.9999999
1.0
1.0
1.0
0.9999864
0.9999999
1.0
1.0
1.0
1.0
1.0
1.0
0.99999857
1.0
1.0
0.999997
0.9999995
1.0
0.9999999
1.0
1.0
1.0
1.0
1.0
1.0
1.0
0.9999999
1.0
1.0
1.0
0.9999989
0.9999974
0.9999691
0.9740596
1.0
1.0
1.0
0.99999976
1.0
0.9999989
0.999997
0.9999993
0.99999976
0.9999999
1.0
1.0
0.99998856
1.0
0.9999999
0.9999926
1.0
1.0
1.0
1.0
0.9999999
0.9999993
1.0
1.0
1.0
1.0
0.6568533
0.9999994
0.9999995
1.0
0.99988544
0.99999166
0.9999722
1.0
0.99999976
0.9999999
1.0
1.0
1.0
0.99999833
1.0
0.99998915
0.9999999
1.0
1.0
0.9999999
1.0
1.0
0.9999988
1.0
1.0
1.0
1.0
1.0
1.0
1.0
0.9999999
1.0
0.99999976
1.0
1.0
1.0
1.0
0.9999994
0.61859095
1.0
0.9999999
1.0
0.9984524
0.995331
1.0
0.9999995
0.99999976
0.9991322
0.9999994
0.99999845
0.99994004
0.9999993
0.9952857
0.9835908
0.9999999
1.0
1.0
1.0
1.0
0.99974424
1.0
0.99998736
1.0
1.0
1.0
1.0
0.9999881
1.0
1.0
1.0
1.0
1.0
1.0
1.0
1.0
1.0
0.999995
1.0
0.9999994
0.9999982
0.99999845
0.9999999
1.0
0.9999999
1.0
0.9999999
0.99999976
0.9999999
1.0
0.9999968
1.0
1.0
1.0
1.0
1.0
1.0
1.0
1.0
1.0
1.0
1.0
0.99999213
0.999967
0.9702538
1.0
1.0
1.0
1.0
0.99999964
0.9982432
0.9999906
1.0
1.0
1.0
1.0
0.9999999
0.99999714
1.0
0.99999917
1.0
1.0
1.0
1.0
0.9999999
0.9999802
1.0
1.0
1.0
1.0
1.0
1.0
1.0
1.0
0.99933213
1.0
0.55898684
1.0
0.99999976
1.0
1.0
1.0
1.0
1.0
1.0
1.0
1.0
1.0
1.0
1.0
0.9999999
1.0
1.0
0.99999917
0.99987745
0.9999999
1.0
1.0
1.0
0.99999917
1.0
1.0
1.0
1.0
1.0
1.0
1.0
0.9999999
1.0
1.0
0.9999995
1.0
1.0
1.0
1.0
1.0
1.0
1.0
1.0
1.0
1.0
1.0
1.0
1.0
1.0
1.0
1.0
0.99997175
1.0
1.0
1.0
1.0
1.0
1.0
1.0
1.0
1.0
0.9999964
1.0
1.0
1.0
1.0
1.0
1.0
1.0
1.0
1.0
1.0
1.0
1.0
1.0
1.0
1.0
1.0
1.0
1.0
0.9999994
1.0
0.9999999
0.9999943
1.0
0.9999863
1.0
0.9999994
1.0
0.99999833
0.99999976
1.0
1.0
1.0
0.9999267
0.9999782
0.9999945
1.0
0.9999999
1.0
0.9999385
0.9996326
0.9999994
0.9999999
1.0
1.0
1.0
1.0
1.0
1.0
1.0
0.99938333
0.99719596
0.9999999
0.9999999
0.99987316
1.0
0.99999857
0.99999976
0.79257256
1.0
1.0
0.9999999
1.0
1.0
1.0
1.0
1.0
1.0
1.0
1.0
0.99999046
0.9999999
0.9999999
1.0
1.0
0.99999976
1.0
1.0
1.0
1.0
1.0
1.0
1.0
1.0
1.0
1.0
1.0
1.0
1.0
1.0
0.9999999
1.0
1.0
1.0
1.0
1.0
0.9999999
1.0
1.0
1.0
1.0
1.0
1.0
1.0
1.0
1.0
1.0
1.0
1.0
1.0
1.0
1.0
1.0
1.0
1.0
0.9987178
1.0
1.0
1.0
1.0
1.0
1.0
1.0
1.0
0.9999988
1.0
1.0
1.0
1.0
1.0
1.0
1.0
1.0
0.99999964
1.0
1.0
1.0
0.9999999
0.9999894
0.9999999
1.0
1.0
1.0
1.0
1.0
1.0
0.9999999
1.0
1.0
1.0
1.0
1.0
1.0
1.0
0.99999726
0.9999999
1.0
1.0
1.0
1.0
1.0
1.0
0.9999999
1.0
1.0
1.0
1.0
1.0
0.99997556
1.0
1.0
0.99999976
1.0
1.0
1.0
1.0
1.0
1.0
1.0
1.0
1.0
0.9999999
1.0
1.0
1.0
1.0
1.0
1.0
1.0
1.0
1.0
1.0
1.0
1.0
1.0
1.0
1.0
0.9999999
1.0
1.0
1.0
1.0
1.0
1.0
1.0
1.0
1.0
1.0
1.0
1.0
1.0
1.0
1.0
0.9999999
1.0
1.0
1.0
1.0
1.0
1.0
1.0
0.9999999
0.9999999
1.0
1.0
1.0
1.0
1.0
1.0
1.0
1.0
1.0
1.0
1.0
1.0
1.0
0.9999999
1.0
1.0
1.0
1.0
1.0
1.0
1.0
1.0
1.0
0.99999976
1.0
0.9999993
1.0
1.0
1.0
1.0
1.0
1.0
1.0
1.0
1.0
1.0
1.0
1.0
1.0
1.0
1.0
1.0
1.0
0.9999999
0.99999964
1.0
0.9999044
1.0
1.0
1.0
0.9999938
1.0
1.0
1.0
1.0
1.0
1.0
1.0
1.0
1.0
1.0
1.0
1.0
1.0
1.0
1.0
1.0
1.0
1.0
1.0
1.0
1.0
1.0
1.0
1.0
1.0
1.0
1.0
1.0
1.0
1.0
1.0
1.0
1.0
1.0
1.0
1.0
1.0
1.0
0.999998
0.99999976
1.0
1.0
1.0
1.0
1.0
0.9999999
1.0
1.0
1.0
1.0
1.0
1.0
0.9999999
1.0
1.0
1.0
1.0
1.0
1.0
1.0
1.0
1.0
1.0
0.9999995
0.9999995
1.0
1.0
1.0
1.0
1.0
1.0
1.0
1.0
1.0
1.0
1.0
0.99999976
1.0
1.0
1.0
1.0
1.0
1.0
1.0
1.0
1.0
1.0
1.0
1.0
1.0
0.9999999
1.0
1.0
1.0
1.0
1.0
0.9999999
1.0
1.0
1.0
1.0
1.0
1.0
0.9999994
0.99999964
1.0
1.0
1.0
1.0
1.0
1.0
1.0
1.0
1.0
1.0
1.0
0.9999999
1.0
1.0
1.0
1.0
1.0
1.0
1.0
1.0
1.0
1.0
1.0
1.0
1.0
1.0
1.0
1.0
1.0
1.0
1.0
1.0
1.0
1.0
0.9993599
1.0
1.0
1.0
1.0
0.99999833
1.0
0.99999344
1.0
1.0
0.9999999
1.0
1.0
1.0
1.0
1.0
1.0
1.0
0.99999845
1.0
1.0
1.0
0.9999999
0.9999999
0.99998534
1.0
1.0
1.0
1.0
1.0
1.0
0.99999964
1.0
1.0
1.0
1.0
1.0
1.0
1.0
1.0
1.0
0.99999976
1.0
1.0
1.0
1.0
1.0
1.0
0.99999976
0.99999857
1.0
1.0
1.0
1.0
1.0
1.0
1.0
1.0
1.0
1.0
0.9999999
1.0
0.99999964
1.0
1.0
1.0
1.0
1.0
1.0
1.0
0.9999851
1.0
1.0
1.0
0.9999995
0.9999999
1.0
1.0
1.0
1.0
1.0
0.9997304
1.0
1.0
1.0
1.0
1.0
1.0
1.0
0.9999999
1.0
1.0
0.99999964
1.0
1.0
1.0
1.0
0.99999964
0.9999994
1.0
1.0
1.0
1.0
1.0
0.9999999
1.0
0.9999999
1.0
1.0
1.0
1.0
1.0
1.0
0.99999905
1.0
1.0
0.99999917
1.0
1.0
1.0
1.0
0.9999999
1.0
0.99999917
1.0
1.0
1.0
0.99845827
0.99999595
1.0
0.9998913
1.0
0.99999785
0.9918725
0.99998176
0.9999937
0.9999999
0.97175974
1.0
1.0
1.0
1.0
0.9933181
0.9996892
0.99999964
1.0
0.99999976
1.0
0.99999964
1.0
1.0
1.0
1.0
1.0
0.9998043
1.0
1.0
0.99999845
1.0
1.0
1.0
0.9999999
0.99994326
0.99999726
0.9999999
1.0
1.0
0.9999999
1.0
0.99965703
1.0
1.0
1.0
1.0
1.0
0.99998426
1.0
1.0
1.0
0.9999933
1.0
1.0
1.0
1.0
1.0
1.0
1.0
0.9999889
1.0
0.9765688
1.0
1.0
1.0
1.0
1.0
1.0
1.0
0.9999995
1.0
0.9999987
1.0
1.0
1.0
1.0
1.0
1.0
1.0
0.99999905
1.0
1.0
1.0
1.0
1.0
1.0
1.0
1.0
1.0
1.0
1.0
1.0
1.0
0.99999976
1.0
1.0
1.0
1.0
1.0
1.0
0.99998283
1.0
0.99998224
1.0
1.0
1.0
1.0
0.99999976
1.0
1.0
1.0
0.99999976
1.0
0.99999785
1.0
1.0
1.0
0.9999999
1.0
1.0
1.0
1.0
1.0
1.0
1.0
1.0
1.0
1.0
1.0
1.0
0.9999999
0.99999964
1.0
1.0
0.9999999
1.0
1.0
1.0
1.0
1.0
1.0
1.0
1.0
0.99999475
1.0
0.99999714
1.0
1.0
0.9995975
1.0
1.0
1.0
1.0
0.99999976
1.0
0.9999999
1.0
1.0
1.0
1.0
0.999956
1.0
1.0
1.0
1.0
1.0
1.0
1.0
1.0
1.0
1.0
1.0
1.0
1.0
1.0
1.0
1.0
1.0
0.9999974
1.0
1.0
1.0
1.0
1.0
1.0
1.0
1.0
1.0
1.0
1.0
0.99999976
1.0
1.0
1.0
1.0
1.0
0.9999999
1.0
1.0
1.0
1.0
1.0
1.0
1.0
0.99999845
1.0
0.99999976
1.0
0.99999976
1.0
1.0
1.0
0.99999976
1.0
1.0
0.99999833
1.0
1.0
1.0
1.0
1.0
1.0
1.0
0.99999917
1.0
1.0
1.0
1.0
1.0
1.0
1.0
0.99999917
1.0
1.0
1.0
0.99999976
1.0
1.0
1.0
0.9999999
1.0
1.0
0.99992573
0.9999999
1.0
0.9999988
1.0
1.0
0.99999964
0.9999995
1.0
1.0
1.0
1.0
1.0
1.0
1.0
1.0
1.0
1.0
1.0
1.0
0.99999976
1.0
1.0
1.0
1.0
1.0
1.0
1.0
0.999995
1.0
1.0
1.0
1.0
1.0
1.0
1.0
1.0
1.0
0.9999999
1.0
1.0
0.99999976
1.0
1.0
0.99999857
1.0
1.0
1.0
1.0
1.0
1.0
1.0
1.0
1.0
1.0
1.0
0.99999976
1.0
1.0
1.0
1.0
1.0
1.0
1.0
1.0
1.0
1.0
0.9999999
1.0
1.0
1.0
1.0
1.0
0.99999976
1.0
1.0
1.0
1.0
1.0
0.9999875
1.0
1.0
1.0
1.0
1.0
0.9999999
1.0
0.9999999
1.0
1.0
0.99988806
1.0
1.0
1.0
0.9999964
1.0
1.0
1.0
1.0
1.0
1.0
1.0
1.0
1.0
1.0
0.99999964
1.0
1.0
1.0
1.0
1.0
1.0
1.0
1.0
1.0
1.0
1.0
1.0
1.0
1.0
1.0
1.0
0.9999999
0.9999999
1.0
1.0
1.0
1.0
1.0
1.0
0.9999343
1.0
1.0
0.9999988
1.0
1.0
0.9999925
1.0
1.0
1.0
0.9999982
1.0
1.0
0.9999999
1.0
0.9999995
1.0
1.0
1.0
1.0
1.0
1.0
1.0
1.0
1.0
0.99999964
1.0
1.0
1.0
0.9999999
1.0
0.9999943
1.0
1.0
1.0
1.0
1.0
0.9999999
1.0
0.9977749
0.9999684
0.9999454
1.0
0.9999896
0.99999106
1.0
1.0
1.0
1.0
1.0
1.0
1.0
0.9999999
0.9999988
1.0
1.0
1.0
1.0
1.0
1.0
1.0
1.0
1.0
1.0
0.9999294
1.0
1.0
1.0
1.0
1.0
1.0
1.0
1.0
1.0
0.9999902
1.0
0.9999999
1.0
1.0
1.0
1.0
0.9999968
0.9999999
1.0
0.99999976
1.0
1.0
0.9999995
1.0
1.0
1.0
1.0
1.0
1.0
1.0
1.0
0.9999989
1.0
1.0
1.0
1.0
0.99999964
1.0
0.9999995
1.0
1.0
1.0
1.0
0.9999999
0.9999981
0.99996936
1.0
0.9999807
0.9999982
1.0
0.9999821
1.0
0.9999988
0.99943143
0.9999999
0.9999999
1.0
1.0
0.99933344
1.0
0.99999833
0.9999981
1.0
0.9999999
1.0
0.9999937
0.9999999
1.0
0.9999999
1.0
0.99980706
1.0
1.0
0.99999976
0.99999976
0.999982
1.0
1.0
1.0
0.9999999
0.9999994
1.0
1.0
0.5630488
1.0
1.0
1.0
0.99997175
0.9999994
0.99999857
1.0
0.9999285
0.99998426
0.963617
1.0
1.0
1.0
0.9999999
1.0
0.9999839
1.0
1.0
0.99999905
1.0
1.0
1.0
0.9999994
0.99999964
1.0
0.9999993
1.0
1.0
0.99999976
0.9999999
1.0
0.99999845
1.0
1.0
1.0
1.0
1.0
1.0
0.99999976
1.0
0.99993634
1.0
1.0
1.0
1.0
0.9999987
1.0
1.0
1.0
0.9999995
1.0
1.0
1.0
1.0
1.0
1.0
0.8512886
0.9999999
1.0
1.0
0.9999989
1.0
1.0
0.99609524
1.0
1.0
1.0
1.0
0.99882907
1.0
1.0
1.0
1.0
1.0
1.0
1.0
0.9999597
1.0
1.0
0.9999999
1.0
0.99981433
0.9999572
0.99999964
1.0
1.0
0.99991465
1.0
1.0
0.8712366
1.0
0.9999192
0.9999995
1.0
0.9999746
0.9999999
0.9170161
1.0
1.0
1.0
1.0
1.0
1.0
0.999864
1.0
0.99804413
0.99992085
0.9728741
1.0
1.0
0.9999542
0.7964569
0.9995258
1.0
0.99992704
1.0
1.0
1.0
0.99999785
0.9999999
0.99999976
0.9999732
0.99948066
1.0
0.9999995
1.0
0.9999999
0.99997306
1.0
0.9999999
0.9999082
1.0
0.9999999
0.99766636
0.99999917
1.0
1.0
1.0
0.9981901
1.0
1.0
0.99999905
1.0
1.0
1.0
0.99999905
0.9999962
0.99999666
0.61087
1.0
1.0
1.0
0.9999999
0.9999999
1.0
0.9996408
0.9999566
0.99999976
0.9999999
1.0
0.9999988
0.5399544
0.99934036
0.9999895
1.0
0.9999999
0.9999999
0.98169035
0.9999918
0.9999343
0.99999905
1.0
0.99997735
1.0
1.0
1.0
1.0
1.0
0.9999999
1.0
1.0
0.9999995
0.99999917
0.99717283
1.0
0.9994961
1.0
1.0
1.0
0.9999999
1.0
1.0
0.99999964
0.9999999
0.9999999
0.99983513
1.0
1.0
0.99999714
0.9999964
0.9999721
1.0
0.99995196
1.0
0.9999995
0.9999995
1.0
1.0
0.9999999
0.9999887
0.99989843
0.9999999
1.0
1.0
1.0
1.0
0.9999999
1.0
0.999691
0.99999404
0.99407
0.9996309
0.99999964
0.9999329
0.99391645
0.9999999
1.0
0.9999976
1.0
1.0
0.9999999
0.9982457
1.0
1.0
1.0
1.0
0.9999994
0.98289615
1.0
0.98381525
1.0
1.0
1.0
0.9999999
1.0
1.0
0.9999951
1.0
0.9913599
1.0
0.99999917
0.9999943
1.0
1.0
1.0
1.0
1.0
0.9999999
1.0
0.99999917
1.0
0.7180141
0.99997246
1.0
0.99999976
1.0
1.0
0.99999976
0.9999995
0.9999337
1.0
0.9999999
1.0
1.0
1.0
1.0
1.0
0.99987066
1.0
0.9999999
0.99963784
1.0
1.0
1.0
1.0
0.99999666
1.0
1.0
0.9999999
1.0
1.0
1.0
1.0
1.0
1.0
1.0
1.0
0.99992347
0.99999106
1.0
0.9999789
0.99999785
1.0
1.0
1.0
1.0
0.9999999
0.99999964
0.990577
0.9985629
0.9999964
1.0
1.0
0.9999999
0.99999976
0.9999987
0.99923396
0.9999999
1.0
0.8764338
1.0
1.0
1.0
1.0
0.9999975
0.9999722
1.0
0.9999993
1.0
0.9999993
1.0
1.0
1.0
1.0
1.0
1.0
0.99999654
1.0
1.0
1.0
1.0
1.0
1.0
0.9999831
1.0
0.9999999
1.0
1.0
0.999894
0.99999917
0.9999999
0.9999999
0.9999646
0.999992
1.0
1.0
1.0
0.9977685
1.0
0.99990547
0.9998938
0.9999989
0.9999864
1.0
1.0
1.0
1.0
1.0
1.0
1.0
1.0
0.9999949
0.99999857
0.98391783
0.9973585
0.99997854
1.0
1.0
1.0
1.0
1.0
0.99999976
0.9999491
1.0
1.0
0.9999964
1.0
0.9999993
1.0
1.0
1.0
0.9999957
0.9999999
1.0
0.99999857
1.0
1.0
1.0
0.9999999
1.0
1.0
0.9999999
1.0
1.0
0.9999993
1.0
0.9999862
1.0
1.0
0.9999994
0.9999949
1.0
1.0
1.0
1.0
0.9999995
1.0
1.0
1.0
1.0
1.0
1.0
0.99999976
0.99999595
0.9999999
0.9999999
1.0
1.0
1.0
1.0
1.0
1.0
1.0
1.0
0.99999976
1.0
1.0
1.0
0.99999976
0.99999297
0.99999976
1.0
1.0
1.0
0.99999654
0.9999999
1.0
0.9999989
1.0
0.99998593
0.99999726
0.7625
1.0
0.9999999
0.9999999
1.0
1.0
1.0
1.0
1.0
1.0
0.99999976
0.99999905
1.0
1.0
1.0
1.0
1.0
1.0
