1.0
1.0
1.0
1.0
1.0
1.0
0.99997056
1.0
0.98639166
0.99999976
1.0
1.0
0.9999989
1.0
1.0
1.0
1.0
1.0
0.71871096
1.0
1.0
0.9999994
1.0
1.0
1.0
1.0
1.0
1.0
0.9999999
1.0
1.0
0.9999999
1.0
0.99999976
1.0
1.0
1.0
1.0
0.9999994
1.0
1.0
0.9999999
0.9999995
0.9999995
0.99999917
1.0
0.9999999
1.0
1.0
1.0
1.0
1.0
1.0
1.0
1.0
1.0
1.0
1.0
1.0
0.999998
1.0
1.0
0.99998236
0.9999993
1.0
0.9999999
1.0
0.9999993
1.0
1.0
1.0
1.0
1.0
0.9997546
1.0
1.0
1.0
1.0
0.99999785
0.9999988
0.99999976
1.0
1.0
1.0
1.0
1.0
0.99999976
0.9999969
1.0
1.0
1.0
1.0
0.9983734
0.99999964
1.0
0.999846
0.99989283
0.9999993
1.0
1.0
1.0
1.0
1.0
1.0
0.9999995
1.0
1.0
0.99999964
1.0
1.0
1.0
0.9997898
1.0
1.0
1.0
0.9790146
1.0
1.0
0.99999905
0.99999416
1.0
0.9998975
1.0
1.0
0.9999945
0.9998869
0.99999964
1.0
1.0
1.0
1.0
1.0
1.0
1.0
1.0
1.0
1.0
1.0
1.0
0.9999286
1.0
1.0
0.9999989
1.0
0.9999999
1.0
1.0
1.0
1.0
0.9974935
1.0
0.99240375
1.0
1.0
1.0
1.0
1.0
1.0
0.99999535
1.0
0.99981695
1.0
1.0
1.0
1.0
1.0
1.0
0.99999475
1.0
1.0
1.0
0.9999745
1.0
1.0
1.0
0.9997124
1.0
1.0
1.0
1.0
1.0
1.0
1.0
1.0
0.99736315
1.0
1.0
1.0
1.0
0.9999995
0.9999999
0.9999993
1.0
0.9999113
1.0
0.99944574
1.0
1.0
1.0
0.99999964
1.0
1.0
1.0
1.0
1.0
1.0
0.99999475
1.0
1.0
0.9994711
1.0
0.9998272
1.0
1.0
0.99999976
1.0
1.0
0.9999846
1.0
1.0
0.9999999
0.9999337
1.0
1.0
1.0
1.0
1.0
1.0
1.0
0.9999993
1.0
1.0
0.9999999
1.0
0.9999999
1.0
1.0
1.0
1.0
1.0
1.0
0.99999917
1.0
0.9999951
0.9999976
0.999966
1.0
0.9487319
1.0
1.0
0.9999999
0.99999976
1.0
1.0
1.0
0.99999905
1.0
1.0
1.0
0.7408913
1.0
1.0
1.0
0.9999999
0.9871538
1.0
0.9999827
1.0
1.0
1.0
0.99998856
1.0
1.0
0.9999987
1.0
1.0
1.0
1.0
1.0
1.0
1.0
1.0
0.9993481
1.0
1.0
1.0
0.9999999
0.99999535
1.0
1.0
0.9991916
0.9999957
0.9999994
1.0
1.0
1.0
1.0
0.9999999
1.0
1.0
1.0
1.0
1.0
1.0
1.0
1.0
1.0
1.0
1.0
1.0
1.0
1.0
1.0
0.99999964
1.0
1.0
1.0
0.99999905
1.0
1.0
0.98584646
0.7689413
1.0
1.0
0.99994874
1.0
0.9996463
1.0
1.0
1.0
1.0
1.0
1.0
0.9999999
1.0
1.0
0.9999721
0.99999154
1.0
0.9999956
0.98369724
0.9999999
1.0
1.0
0.9999999
1.0
1.0
1.0
1.0
0.9999999
0.9999999
1.0
1.0
1.0
0.9999999
1.0
1.0
1.0
0.9995969
0.98085785
0.9999994
1.0
0.9999994
0.9999999
1.0
1.0
0.9999995
1.0
0.9999157
1.0
1.0
1.0
1.0
1.0
1.0
1.0
1.0
1.0
1.0
1.0
0.99999976
0.9988745
1.0
1.0
1.0
1.0
0.99999774
1.0
1.0
0.9999995
1.0
0.99999976
1.0
1.0
0.99999964
1.0
1.0
0.9999999
1.0
1.0
0.9999939
1.0
1.0
0.9999999
0.9999796
1.0
1.0
1.0
1.0
0.99999976
1.0
0.99987876
0.99997044
1.0
0.99999964
0.9996667
1.0
0.99986506
1.0
1.0
0.99999
0.9999999
0.9999995
1.0
1.0
1.0
1.0
1.0
1.0
1.0
1.0
1.0
1.0
1.0
1.0
0.99999714
1.0
1.0
0.9999994
1.0
1.0
0.99999857
0.9999999
0.99999905
0.9999393
0.51233006
1.0
0.98750967
0.9999938
0.95533264
0.99479926
1.0
1.0
1.0
1.0
1.0
0.9999919
0.99999905
1.0
1.0
0.99998355
1.0
0.9999975
1.0
0.9999901
1.0
1.0
1.0
0.999995
0.9999987
1.0
1.0
1.0
1.0
1.0
1.0
1.0
1.0
0.99999964
0.99998105
1.0
1.0
0.9999999
1.0
1.0
1.0
1.0
1.0
0.9999994
1.0
0.99999547
0.99999976
0.999998
1.0
1.0
0.9913862
1.0
0.9986733
0.9999999
1.0
1.0
1.0
1.0
1.0
1.0
1.0
1.0
0.99999917
0.9999999
1.0
0.99999976
0.9999993
1.0
1.0
1.0
1.0
1.0
1.0
1.0
1.0
1.0
0.9999999
1.0
0.99999666
1.0
1.0
1.0
1.0
0.9999918
1.0
0.9999876
1.0
1.0
1.0
1.0
1.0
0.9999993
1.0
1.0
1.0
1.0
1.0
0.99999917
0.96412516
1.0
0.99999976
1.0
0.99999964
1.0
1.0
1.0
0.93412
0.99998903
1.0
1.0
1.0
1.0
0.99999666
1.0
1.0
1.0
0.99999917
1.0
1.0
0.9999999
1.0
1.0
1.0
1.0
0.9999999
1.0
0.99888283
1.0
1.0
1.0
1.0
1.0
1.0
1.0
1.0
1.0
1.0
0.9959693
0.9767603
1.0
1.0
1.0
1.0
1.0
1.0
1.0
0.99909174
1.0
0.9998939
1.0
1.0
1.0
0.9999924
1.0
1.0
1.0
1.0
1.0
1.0
1.0
0.99999833
1.0
1.0
1.0
1.0
0.9999999
1.0
1.0
0.999985
1.0
0.9999999
1.0
1.0
0.9999906
0.99435496
0.99999964
1.0
1.0
1.0
0.9999981
0.99984443
1.0
1.0
0.9999994
0.9999974
1.0
1.0
1.0
1.0
1.0
0.9999962
1.0
1.0
1.0
0.9999989
1.0
1.0
0.9999981
1.0
1.0
0.9999939
0.99798834
1.0
1.0
1.0
0.9999995
1.0
1.0
1.0
1.0
1.0
1.0
1.0
0.99986184
0.7038012
1.0
0.9999974
1.0
1.0
1.0
1.0
0.99999833
0.9999871
1.0
1.0
1.0
0.99999976
1.0
0.9999987
0.98969716
1.0
0.99999964
1.0
1.0
0.99999964
1.0
1.0
1.0
1.0
0.97819215
0.9999993
1.0
1.0
1.0
0.9995233
1.0
0.9999777
1.0
1.0
1.0
1.0
1.0
1.0
0.9999994
0.9999987
1.0
1.0
1.0
1.0
1.0
1.0
1.0
0.99999905
1.0
1.0
1.0
1.0
0.9999995
1.0
1.0
0.9999999
0.9986539
0.7142812
1.0
1.0
0.9912124
1.0
1.0
0.99980396
1.0
1.0
0.9955206
1.0
0.99999976
1.0
0.9999956
1.0
1.0
1.0
1.0
1.0
1.0
0.99999845
0.9998216
1.0
0.98571104
0.99999976
1.0
1.0
1.0
1.0
0.99998236
1.0
1.0
1.0
1.0
1.0
1.0
1.0
1.0
1.0
1.0
1.0
1.0
0.9999999
0.9998926
0.9999646
1.0
1.0
1.0
1.0
1.0
0.99999976
1.0
1.0
1.0
1.0
1.0
1.0
1.0
1.0
1.0
1.0
1.0
1.0
0.9999846
0.9999558
1.0
1.0
1.0
1.0
0.9941369
1.0
1.0
0.9999205
1.0
0.9999838
1.0
1.0
1.0
0.9999999
1.0
0.99996245
1.0
1.0
0.9999999
1.0
1.0
1.0
0.99999905
1.0
1.0
1.0
1.0
1.0
0.9999968
1.0
1.0
0.7262273
1.0
1.0
0.99999607
0.9999999
1.0
1.0
1.0
1.0
1.0
0.9999999
1.0
1.0
1.0
0.9999999
1.0
0.9999956
1.0
1.0
1.0
0.9999927
1.0
1.0
1.0
1.0
1.0
0.99999857
1.0
1.0
0.9999994
1.0
0.9993363
0.9999999
0.99863833
1.0
1.0
1.0
1.0
1.0
1.0
1.0
1.0
1.0
1.0
1.0
1.0
0.9999994
1.0
1.0
1.0
1.0
1.0
1.0
0.99999917
1.0
1.0
1.0
0.99999905
1.0
1.0
1.0
0.999998
0.9999995
1.0
0.9999814
1.0
1.0
1.0
0.99952304
0.91798204
0.75883853
1.0
0.99999845
1.0
1.0
1.0
1.0
0.9999982
1.0
1.0
1.0
1.0
0.9970149
0.9999877
1.0
0.9999913
1.0
0.9999906
1.0
0.9997911
0.9999982
1.0
1.0
1.0
1.0
1.0
0.99999225
1.0
1.0
1.0
1.0
1.0
1.0
0.9999865
1.0
1.0
1.0
1.0
1.0
1.0
1.0
0.9941263
1.0
1.0
1.0
1.0
1.0
0.99999964
1.0
0.9999994
1.0
1.0
1.0
0.99999833
1.0
0.82611924
0.98305476
0.9999994
1.0
0.99999976
0.9999999
0.9999999
1.0
0.99999976
0.9889658
1.0
1.0
0.9999285
0.9999999
0.99999976
1.0
1.0
1.0
0.99787605
0.9999999
0.99896896
1.0
0.9999949
1.0
0.9999999
1.0
1.0
0.9755328
0.99999535
1.0
1.0
0.9997687
0.9999999
1.0
1.0
1.0
1.0
1.0
1.0
1.0
1.0
1.0
1.0
1.0
0.9995852
1.0
1.0
1.0
1.0
1.0
1.0
1.0
1.0
1.0
1.0
1.0
1.0
0.99999976
1.0
1.0
1.0
0.99999917
1.0
0.99999976
1.0
1.0
1.0
1.0
0.9999714
1.0
1.0
1.0
0.9999999
1.0
0.9999993
1.0
0.9999968
1.0
1.0
0.99999964
1.0
0.9999999
1.0
0.99999976
0.99995065
1.0
0.9999999
1.0
0.9999994
1.0
1.0
1.0
1.0
1.0
0.99998367
0.9995478
0.9999999
1.0
1.0
1.0
1.0
0.62003845
1.0
1.0
1.0
1.0
0.9999498
0.9969216
1.0
1.0
1.0
1.0
0.99999917
0.99999857
1.0
1.0
1.0
0.9999974
0.9999999
1.0
1.0
0.99999976
1.0
1.0
0.9999871
1.0
1.0
1.0
0.9999999
1.0
0.9999995
1.0
1.0
1.0
0.99998546
1.0
1.0
1.0
1.0
1.0
1.0
1.0
1.0
0.9999589
1.0
1.0
1.0
1.0
1.0
1.0
1.0
1.0
0.9999993
1.0
1.0
1.0
1.0
1.0
0.9999999
1.0
1.0
1.0
1.0
0.9999999
1.0
1.0
1.0
1.0
1.0
0.9998766
0.99999976
1.0
1.0
1.0
0.91371816
1.0
0.97049856
1.0
1.0
1.0
0.9999981
0.9999958
1.0
0.9999714
0.99999976
1.0
1.0
1.0
1.0
1.0
0.99911875
1.0
0.9999976
1.0
1.0
0.999995
1.0
1.0
1.0
1.0
0.99999785
1.0
1.0
0.9999999
1.0
0.9999987
1.0
0.99998176
0.9999999
0.999172
1.0
1.0
1.0
0.99999976
1.0
0.99999964
1.0
1.0
0.9998517
1.0
1.0
1.0
1.0
0.9999999
1.0
1.0
0.99996173
1.0
0.9999591
1.0
1.0
0.99999774
1.0
1.0
1.0
0.9998778
1.0
1.0
0.99999964
1.0
0.9997377
1.0
1.0
0.9989421
0.6241179
1.0
1.0
1.0
1.0
1.0
1.0
1.0
1.0
0.9995097
0.9999522
1.0
0.9999999
0.99999964
1.0
0.9999999
1.0
0.9999999
1.0
1.0
0.9998307
1.0
0.9997789
1.0
0.9999001
1.0
0.9999999
0.9999602
1.0
1.0
0.999997
1.0
1.0
1.0
0.99990714
0.99999905
1.0
1.0
1.0
0.9999999
1.0
1.0
0.9995734
1.0
0.9977087
1.0
0.99999356
1.0
1.0
1.0
0.99816173
1.0
0.9999999
1.0
1.0
0.9999999
1.0
0.99999
1.0
0.9999914
0.9483321
0.9999999
0.9999945
1.0
0.99999964
0.97619694
0.9975262
1.0
1.0
0.9999852
1.0
1.0
1.0
1.0
0.9999924
1.0
1.0
0.9999999
0.8580335
1.0
0.9999999
0.99993896
0.9999999
1.0
0.9999999
1.0
1.0
1.0
1.0
1.0
0.9999981
0.9999982
1.0
1.0
1.0
1.0
1.0
0.9999331
1.0
0.99999917
0.99997294
0.99999785
1.0
1.0
1.0
1.0
0.99999964
0.99991214
0.99401987
1.0
0.9999963
1.0
1.0
1.0
0.9998565
1.0
1.0
0.99957794
1.0
0.99999774
1.0
1.0
1.0
1.0
1.0
1.0
1.0
1.0
0.9999999
1.0
1.0
1.0
1.0
0.99999666
1.0
1.0
1.0
0.97526056
1.0
1.0
1.0
1.0
1.0
0.9999999
0.98563576
1.0
0.9993327
1.0
0.999972
0.9999994
1.0
1.0
0.99999964
1.0
1.0
0.99894005
1.0
0.9999989
1.0
1.0
1.0
1.0
0.9999987
1.0
1.0
0.9999722
1.0
1.0
1.0
1.0
0.99999976
1.0
1.0
0.9999999
0.9999993
1.0
1.0
1.0
1.0
1.0
1.0
1.0
0.9996499
0.9999994
1.0
1.0
1.0
1.0
1.0
1.0
1.0
1.0
1.0
1.0
1.0
0.99999154
0.99999917
1.0
1.0
1.0
1.0
0.9999999
1.0
0.9999894
1.0
1.0
1.0
1.0
1.0
0.99994516
1.0
0.8416145
0.99994326
0.9999994
1.0
0.99999845
1.0
1.0
1.0
1.0
0.9999958
0.9998461
0.9999993
1.0
0.9999999
1.0
1.0
1.0
1.0
0.9999635
1.0
1.0
0.57556844
0.95180243
1.0
1.0
1.0
1.0
1.0
1.0
1.0
0.99997306
1.0
0.999318
1.0
0.9999938
0.99999905
0.9999801
1.0
1.0
1.0
0.9999993
1.0
0.9999975
0.9999931
0.9999999
0.9997812
0.99999976
0.99986756
0.99999475
1.0
1.0
0.99992704
1.0
1.0
1.0
1.0
1.0
1.0
1.0
1.0
0.99998367
0.9999995
1.0
1.0
1.0
0.9999999
0.9994124
1.0
1.0
0.9999926
1.0
0.99999964
0.99999595
1.0
1.0
1.0
0.9999999
1.0
1.0
1.0
1.0
1.0
1.0
1.0
1.0
1.0
1.0
1.0
1.0
0.99992025
1.0
1.0
1.0
1.0
1.0
1.0
1.0
1.0
1.0
0.9999889
1.0
0.9999914
1.0
0.999979
1.0
1.0
1.0
0.991995
0.9999999
0.99999964
1.0
1.0
0.999998
1.0
0.9999994
0.9999937
0.9998549
1.0
0.9999999
1.0
1.0
0.99999905
1.0
0.9999995
1.0
1.0
1.0
0.99571085
1.0
0.59670526
0.9999995
1.0
1.0
1.0
0.99092144
1.0
1.0
0.9721876
0.99993956
1.0
0.9999999
0.9999999
1.0
1.0
1.0
1.0
1.0
1.0
1.0
1.0
0.9999882
1.0
1.0
1.0
0.99999917
1.0
0.9336974
1.0
0.99990344
1.0
0.99451834
0.999469
1.0
1.0
1.0
0.9999995
0.99496377
1.0
1.0
1.0
0.9999999
1.0
1.0
0.9999994
1.0
1.0
0.77700996
0.9996712
1.0
1.0
1.0
1.0
1.0
0.99999964
1.0
1.0
0.9999995
1.0
0.9999616
1.0
0.99999964
1.0
1.0
1.0
0.9999988
1.0
1.0
1.0
1.0
0.9999999
1.0
1.0
0.999997
1.0
0.9999993
1.0
1.0
0.9931217
1.0
1.0
1.0
1.0
1.0
1.0
0.9999448
1.0
0.99991775
1.0
0.8305978
1.0
1.0
0.99999964
1.0
1.0
1.0
0.99999917
1.0
1.0
0.7552768
1.0
1.0
0.99999976
1.0
0.9999987
1.0
1.0
1.0
1.0
1.0
1.0
1.0
0.9999689
1.0
1.0
0.99999726
1.0
1.0
1.0
0.9747542
1.0
1.0
1.0
1.0
1.0
1.0
0.99999976
1.0
1.0
1.0
1.0
1.0
0.99920124
1.0
1.0
1.0
1.0
1.0
0.9999989
1.0
1.0
1.0
1.0
1.0
1.0
0.99999964
1.0
1.0
0.99999976
0.9999461
1.0
0.9999864
1.0
1.0
0.99995005
1.0
0.99970466
1.0
1.0
0.5415602
0.99999917
1.0
1.0
1.0
0.9959545
1.0
1.0
0.9999962
1.0
0.9999999
1.0
1.0
1.0
0.99999976
0.99999857
0.99999976
1.0
1.0
1.0
0.99999
0.9999976
1.0
1.0
1.0
0.9999999
0.9999994
1.0
0.9757066
0.99999964
1.0
1.0
1.0
1.0
1.0
0.9999794
0.99583
0.9999825
1.0
1.0
0.9995016
0.989823
1.0
1.0
0.99999976
1.0
1.0
1.0
1.0
0.99999344
1.0
1.0
1.0
1.0
1.0
1.0
0.98407274
1.0
0.9999999
1.0
0.99999976
1.0
1.0
1.0
1.0
1.0
1.0
0.9995024
1.0
1.0
0.99999976
1.0
1.0
0.9994611
0.99999964
1.0
1.0
1.0
1.0
1.0
1.0
1.0
1.0
1.0
1.0
1.0
1.0
1.0
0.99999964
1.0
0.9999999
0.9999714
0.99995804
1.0
1.0
0.9999999
1.0
1.0
1.0
1.0
1.0
0.9999925
0.9999999
1.0
0.9999995
1.0
1.0
0.9999999
0.99999976
0.46534333
1.0
1.0
0.9999999
1.0
1.0
1.0
0.9999999
0.99999964
1.0
0.9905503
0.9999999
1.0
1.0
1.0
1.0
1.0
1.0
0.99752706
0.99738497
1.0
0.9999995
1.0
0.9999993
0.9999995
1.0
0.9999989
1.0
0.9999999
0.9999933
1.0
1.0
0.9996805
1.0
1.0
1.0
0.9999999
1.0
0.99950683
1.0
1.0
1.0
1.0
0.9999999
1.0
1.0
1.0
1.0
0.999998
0.9999976
1.0
0.9999999
1.0
0.99999654
1.0
1.0
1.0
0.9999293
1.0
0.9999999
1.0
0.9999982
1.0
1.0
1.0
1.0
0.99999714
1.0
1.0
1.0
1.0
1.0
1.0
1.0
1.0
0.9999585
1.0
1.0
0.99997294
1.0
1.0
0.9999691
1.0
1.0
1.0
1.0
1.0
1.0
0.8411002
1.0
0.99989665
1.0
1.0
0.99953675
1.0
0.99999976
1.0
1.0
0.9999989
1.0
1.0
1.0
1.0
1.0
0.9999999
1.0
1.0
1.0
0.99966514
0.9999864
0.9999987
0.9953833
1.0
0.51558656
0.99999833
1.0
1.0
1.0
1.0
0.9999933
0.99999964
0.99999964
1.0
0.9999999
1.0
1.0
1.0
1.0
1.0
1.0
1.0
1.0
1.0
1.0
0.99997103
1.0
0.9999999
1.0
1.0
0.9999958
1.0
1.0
1.0
1.0
1.0
0.9999999
1.0
1.0
0.99999356
1.0
0.9999987
0.999859
1.0
0.99999976
0.99997365
1.0
1.0
0.9999995
1.0
0.99999
1.0
1.0
0.999998
1.0
0.999995
0.999979
0.999915
1.0
1.0
0.9999994
1.0
1.0
1.0
0.9999993
1.0
0.9999995
1.0
1.0
0.9999999
0.9999999
1.0
1.0
1.0
0.9999999
1.0
1.0
0.9999994
1.0
0.9999999
1.0
1.0
1.0
0.98402965
1.0
0.9999994
1.0
1.0
0.9999689
0.99999845
0.9999987
1.0
1.0
0.99999917
0.99999595
1.0
1.0
0.9999999
1.0
0.9999969
0.99999964
1.0
0.99999964
1.0
1.0
1.0
1.0
1.0
1.0
0.9999999
0.99999976
1.0
1.0
1.0
1.0
1.0
1.0
0.9874907
1.0
0.9969823
1.0
1.0
1.0
1.0
0.9999976
0.99091595
0.999997
1.0
1.0
0.99972075
1.0
1.0
1.0
1.0
0.9999995
1.0
0.593711
0.9999999
0.9999995
1.0
1.0
0.94998515
1.0
1.0
0.97822684
0.9999776
0.9999999
1.0
0.9999982
0.99995935
1.0
1.0
1.0
1.0
0.72913265
1.0
1.0
1.0
1.0
0.99999964
0.9999999
1.0
0.99999976
1.0
0.99786985
1.0
1.0
1.0
0.9999995
0.9999976
1.0
0.633149
0.9999995
1.0
1.0
0.999995
1.0
1.0
1.0
1.0
1.0
1.0
1.0
1.0
1.0
0.9998696
1.0
1.0
1.0
1.0
0.9999999
0.99979
1.0
1.0
0.9992779
0.99999976
1.0
1.0
1.0
0.9762464
0.99999964
1.0
1.0
1.0
1.0
0.9999993
0.9999995
1.0
0.99944884
1.0
0.5029891
1.0
1.0
1.0
0.99999976
1.0
1.0
0.99999917
1.0
0.99240196
1.0
1.0
1.0
0.99999976
0.9999995
1.0
0.99999976
1.0
1.0
1.0
0.3760079
0.9999535
0.9999995
1.0
1.0
1.0
0.45299575
1.0
1.0
0.9999964
1.0
1.0
1.0
1.0
1.0
1.0
1.0
1.0
0.9999987
0.99998605
1.0
0.9999999
1.0
1.0
0.9999982
1.0
0.99999976
1.0
1.0
0.99999905
1.0
1.0
0.99999726
0.9999957
1.0
1.0
1.0
0.99999225
1.0
0.9999989
0.99998605
1.0
1.0
1.0
1.0
0.9997392
1.0
1.0
1.0
1.0
1.0
1.0
1.0
0.98281854
1.0
1.0
0.9925925
0.98235786
1.0
0.9999994
0.96341205
1.0
1.0
1.0
0.9999995
1.0
0.9999802
1.0
0.99999976
0.999992
1.0
0.99999917
1.0
1.0
1.0
1.0
1.0
1.0
1.0
1.0
1.0
1.0
1.0
0.99999905
1.0
1.0
0.999777
1.0
1.0
1.0
1.0
1.0
1.0
0.9999999
1.0
0.99999964
0.99937975
1.0
1.0
1.0
1.0
1.0
1.0
0.9999962
1.0
1.0
0.9999994
1.0
0.99987006
1.0
1.0
1.0
1.0
1.0
0.99999976
0.9999999
1.0
1.0
1.0
1.0
1.0
1.0
1.0
0.9999999
1.0
1.0
1.0
1.0
1.0
0.9999993
1.0
1.0
1.0
0.9999999
1.0
1.0
1.0
0.9986094
1.0
0.9999999
1.0
1.0
1.0
0.99914706
1.0
1.0
1.0
0.9999931
1.0
1.0
0.9999995
0.9523106
1.0
1.0
1.0
1.0
1.0
1.0
1.0
0.9999975
1.0
1.0
1.0
0.9999989
0.98767227
0.99999964
1.0
0.99999905
1.0
0.9999999
0.99999344
0.9999994
1.0
1.0
1.0
1.0
1.0
1.0
0.9999999
0.9922999
1.0
1.0
1.0
1.0
1.0
0.9994561
1.0
1.0
0.9999999
0.9999796
1.0
0.99999785
1.0
1.0
1.0
1.0
1.0
0.99997306
0.9999995
1.0
0.999196
1.0
1.0
0.9999999
0.99999976
0.9999999
1.0
1.0
1.0
0.9999995
0.9999982
1.0
1.0
1.0
0.9995389
1.0
0.9999999
1.0
1.0
1.0
1.0
1.0
0.9999995
1.0
1.0
1.0
1.0
1.0
1.0
0.9999995
1.0
1.0
1.0
1.0
0.99999964
1.0
1.0
1.0
1.0
1.0
0.99939823
0.9999989
0.9999324
1.0
1.0
1.0
1.0
1.0
0.9999912
0.99999714
1.0
0.9996184
1.0
0.9999999
1.0
0.9999999
1.0
0.99999595
0.9787602
0.9999999
1.0
1.0
1.0
1.0
0.99999547
0.9999999
0.9999999
0.9999999
1.0
0.99999976
1.0
1.0
1.0
1.0
1.0
1.0
0.99999857
0.94062823
1.0
0.9999943
1.0
1.0
1.0
1.0
1.0
0.69796264
1.0
1.0
0.99989724
1.0
1.0
1.0
1.0
0.99999833
1.0
1.0
0.99999976
0.99994874
1.0
1.0
1.0
1.0
1.0
1.0
0.99978274
1.0
1.0
1.0
0.9999232
0.99999905
1.0
1.0
0.9998902
1.0
1.0
1.0
1.0
1.0
0.97710127
0.9999932
0.99999976
0.99999917
1.0
1.0
1.0
0.6785725
0.99929
1.0
0.9999865
1.0
0.9999769
0.9999999
1.0
0.99910223
0.99999845
1.0
1.0
1.0
1.0
1.0
1.0
1.0
1.0
0.99999976
1.0
0.9999999
1.0
1.0
0.99999964
0.9999999
1.0
0.9999844
1.0
0.99999964
1.0
0.9999999
1.0
1.0
1.0
0.80543506
1.0
0.9999877
1.0
1.0
1.0
1.0
1.0
0.9999999
1.0
1.0
1.0
1.0
1.0
1.0
1.0
0.99999976
1.0
1.0
0.9999918
0.99999964
1.0
1.0
1.0
0.9999994
0.9999994
0.9978137
1.0
0.9989699
1.0
1.0
1.0
1.0
0.99999976
1.0
0.99999714
1.0
0.99999976
0.9999956
1.0
0.9999907
1.0
1.0
1.0
0.99986374
0.99999833
0.86158866
1.0
1.0
1.0
1.0
1.0
1.0
1.0
1.0
1.0
0.99999964
1.0
1.0
1.0
0.99992764
1.0
1.0
0.99999964
1.0
1.0
1.0
1.0
0.99999976
1.0
1.0
0.9999999
0.9997929
1.0
1.0
1.0
0.9999994
1.0
1.0
0.99999964
1.0
0.99999964
0.99999857
0.99999464
1.0
0.99931943
1.0
1.0
1.0
0.9999999
0.9982223
1.0
1.0
1.0
0.997361
1.0
1.0
1.0
1.0
1.0
1.0
0.9999999
1.0
1.0
1.0
0.9999999
1.0
1.0
0.99999774
0.9990338
0.9999988
1.0
1.0
1.0
1.0
1.0
1.0
1.0
1.0
0.9956026
1.0
0.9999995
0.99998367
0.9999999
0.9999999
1.0
1.0
1.0
1.0
1.0
0.9968112
1.0
1.0
1.0
1.0
0.99999857
0.9999995
1.0
1.0
1.0
0.9999999
0.99999964
0.999655
0.99955684
1.0
1.0
1.0
0.9998122
0.9999999
1.0
0.9999999
1.0
1.0
0.9999989
0.9999999
1.0
1.0
0.9999995
1.0
1.0
0.9901849
1.0
1.0
0.9999993
1.0
1.0
0.9999956
1.0
1.0
1.0
1.0
0.9951133
1.0
1.0
1.0
1.0
1.0
1.0
1.0
1.0
0.99998057
1.0
0.99999976
0.9999647
0.99999976
1.0
1.0
1.0
1.0
1.0
0.99797434
1.0
1.0
1.0
1.0
0.99999833
0.99999976
1.0
0.9999975
1.0
1.0
0.99987185
1.0
1.0
1.0
1.0
1.0
0.99993646
1.0
1.0
1.0
1.0
1.0
1.0
1.0
0.99999285
1.0
0.99999976
1.0
1.0
1.0
1.0
1.0
1.0
1.0
0.9999362
1.0
1.0
1.0
1.0
1.0
1.0
0.8464671
0.9999999
1.0
1.0
0.9999999
1.0
1.0
1.0
1.0
1.0
0.99928194
1.0
0.99999917
1.0
0.9999999
0.9999995
0.99999976
1.0
1.0
1.0
0.99999976
1.0
0.9894833
0.99994755
1.0
1.0
1.0
1.0
1.0
0.9999994
1.0
0.99999964
1.0
0.99999785
0.99999595
1.0
0.999987
1.0
0.9998511
1.0
0.99928975
0.99999857
1.0
1.0
1.0
1.0
1.0
1.0
1.0
0.999998
0.99854624
0.9058284
1.0
1.0
1.0
1.0
1.0
0.99999905
0.94567937
1.0
0.9999666
0.99999964
0.9999999
1.0
1.0
1.0
1.0
1.0
1.0
1.0
1.0
1.0
1.0
0.99999976
1.0
1.0
1.0
1.0
1.0
1.0
1.0
1.0
1.0
0.9999989
1.0
1.0
1.0
1.0
0.9999999
1.0
0.9999522
0.9999999
0.99999976
1.0
0.9999999
1.0
1.0
1.0
0.9999747
1.0
1.0
0.99999845
1.0
0.99914885
1.0
0.9999999
1.0
1.0
0.999995
0.99999857
1.0
1.0
1.0
1.0
1.0
1.0
0.9994363
1.0
1.0
1.0
1.0
1.0
1.0
0.999964
1.0
0.9999995
1.0
0.99999905
1.0
1.0
0.99998343
0.99879825
1.0
1.0
0.9999962
1.0
1.0
1.0
0.99997175
1.0
0.9999058
1.0
1.0
0.99982554
1.0
1.0
1.0
1.0
1.0
1.0
1.0
1.0
1.0
1.0
1.0
0.99999976
0.9999995
0.99999976
1.0
1.0
1.0
1.0
1.0
0.9999999
1.0
1.0
1.0
1.0
0.99999964
1.0
1.0
0.99999976
1.0
1.0
0.99979836
1.0
0.99982435
1.0
1.0
1.0
1.0
1.0
0.9999999
1.0
1.0
1.0
0.9999999
0.9999732
1.0
1.0
0.9999968
1.0
1.0
0.99999976
1.0
0.99997747
0.9999764
1.0
1.0
1.0
0.99999976
0.9999206
1.0
1.0
1.0
0.99998486
0.9999999
0.94268554
1.0
1.0
0.99939346
1.0
1.0
0.9999999
1.0
1.0
0.9999999
1.0
0.98604244
0.9644139
0.9999956
1.0
1.0
1.0
1.0
0.9999393
0.9999999
1.0
1.0
1.0
1.0
1.0
0.9466157
0.864684
1.0
1.0
0.9999988
1.0
1.0
0.9999989
1.0
0.99998224
1.0
1.0
1.0
1.0
0.99999726
1.0
1.0
1.0
0.9999894
1.0
0.9999993
1.0
1.0
1.0
0.9999994
0.9999993
1.0
0.9998945
1.0
1.0
1.0
1.0
1.0
1.0
0.99999595
1.0
1.0
1.0
0.9999993
0.9999995
1.0
0.9999995
1.0
0.93065226
1.0
1.0
1.0
1.0
0.9999993
1.0
1.0
1.0
0.9999993
0.62540346
1.0
0.9999999
1.0
1.0
1.0
1.0
0.99999976
1.0
1.0
1.0
1.0
1.0
1.0
1.0
1.0
0.99999964
1.0
0.99992216
1.0
1.0
0.9999994
1.0
1.0
0.99999976
0.9917748
1.0
1.0
0.9999995
1.0
1.0
1.0
1.0
1.0
1.0
0.9999949
1.0
1.0
1.0
1.0
1.0
1.0
1.0
1.0
1.0
1.0
1.0
1.0
1.0
1.0
1.0
1.0
1.0
1.0
0.99994624
0.9887552
0.9999995
0.9992118
1.0
1.0
1.0
1.0
1.0
1.0
0.9999912
0.9999999
1.0
1.0
0.98108613
1.0
1.0
1.0
1.0
0.99999905
1.0
1.0
1.0
1.0
1.0
0.9999999
1.0
1.0
1.0
0.9999994
1.0
1.0
1.0
0.9999999
1.0
1.0
1.0
1.0
1.0
0.99999976
1.0
0.9999682
1.0
0.99996746
0.9999987
1.0
1.0
0.9999999
1.0
0.99965155
0.99977654
1.0
0.9999987
1.0
1.0
0.99997425
1.0
1.0
0.99999833
1.0
1.0
1.0
1.0
0.9999919
1.0
1.0
1.0
1.0
1.0
1.0
0.99028033
0.9999844
1.0
0.9994667
0.999997
0.9999969
1.0
0.9999982
1.0
0.9999993
1.0
1.0
1.0
1.0
1.0
1.0
1.0
1.0
1.0
1.0
1.0
1.0
1.0
1.0
1.0
1.0
1.0
1.0
0.9998994
1.0
1.0
0.99999976
1.0
1.0
1.0
1.0
1.0
0.9999856
1.0
1.0
1.0
1.0
1.0
0.9998487
0.99999607
1.0
1.0
0.9999989
1.0
1.0
1.0
1.0
1.0
1.0
1.0
0.9999995
0.99999964
1.0
1.0
1.0
0.9996301
0.9999999
1.0
1.0
0.9999999
1.0
1.0
0.99999857
1.0
1.0
1.0
1.0
1.0
0.99999285
1.0
1.0
0.99999
0.99992514
1.0
1.0
1.0
1.0
0.9999999
1.0
0.9993395
0.9999999
1.0
1.0
1.0
0.9996475
0.999997
1.0
1.0
0.99999964
1.0
1.0
0.9623559
1.0
1.0
1.0
1.0
1.0
1.0
1.0
1.0
1.0
0.9999976
0.9997905
1.0
0.9999771
0.9999951
0.9999989
1.0
0.9999999
1.0
1.0
1.0
1.0
1.0
1.0
1.0
0.9962335
0.9996126
0.9999993
1.0
0.9999976
1.0
1.0
1.0
1.0
1.0
0.9999987
1.0
0.99997485
0.9999963
1.0
1.0
0.99999964
0.9999994
1.0
0.9999988
1.0
1.0
1.0
1.0
1.0
1.0
1.0
0.9999825
1.0
1.0
0.9999857
1.0
1.0
1.0
1.0
1.0
1.0
1.0
0.9994862
0.9982077
1.0
0.9999999
1.0
1.0
1.0
1.0
1.0
1.0
1.0
1.0
1.0
1.0
0.99999774
0.99999714
1.0
0.9999987
1.0
1.0
0.9999999
1.0
1.0
1.0
1.0
1.0
1.0
1.0
0.9998311
0.99999607
1.0
1.0
1.0
1.0
1.0
1.0
1.0
1.0
0.99999
1.0
0.9999999
0.9999418
0.95906305
1.0
1.0
0.9999964
1.0
1.0
0.99947304
0.9999964
1.0
0.9999999
1.0
1.0
0.9979645
0.99999964
0.9999989
1.0
1.0
0.9999988
1.0
1.0
1.0
1.0
1.0
1.0
1.0
1.0
1.0
1.0
0.99999833
1.0
1.0
0.9999907
1.0
1.0
1.0
0.99999976
1.0
1.0
1.0
0.9998636
1.0
1.0
1.0
0.99998987
1.0
1.0
0.9999558
0.9999958
1.0
1.0
1.0
1.0
1.0
1.0
0.9403074
1.0
1.0
1.0
0.9998783
1.0
0.9999999
1.0
0.9999995
1.0
0.99999785
1.0
1.0
1.0
1.0
1.0
1.0
1.0
0.9999999
1.0
1.0
1.0
1.0
1.0
1.0
1.0
0.99999905
0.999997
0.9999999
1.0
1.0
1.0
0.9999999
1.0
0.9999994
1.0
1.0
1.0
0.9623689
0.9999995
1.0
0.99999964
0.9999989
1.0
1.0
0.99999976
0.9999995
1.0
1.0
1.0
1.0
1.0
1.0
1.0
1.0
1.0
1.0
0.99996626
1.0
1.0
1.0
1.0
1.0
0.99999857
0.99958605
1.0
0.99999034
0.9999031
1.0
0.9999881
1.0
1.0
1.0
0.99998844
1.0
1.0
0.9999999
1.0
1.0
1.0
0.9999995
1.0
1.0
1.0
1.0
1.0
1.0
1.0
1.0
1.0
0.9995641
0.99977344
1.0
0.9999999
1.0
1.0
1.0
1.0
1.0
0.9999999
1.0
1.0
1.0
1.0
1.0
0.9999999
1.0
0.9999999
1.0
1.0
0.999995
1.0
1.0
1.0
0.99998116
1.0
1.0
1.0
1.0
0.96756995
0.9999999
1.0
0.9999999
1.0
1.0
0.9999963
1.0
0.99983275
1.0
1.0
1.0
1.0
1.0
1.0
0.9999999
1.0
0.9999913
1.0
0.99999905
1.0
1.0
0.99999046
1.0
1.0
1.0
0.9997626
1.0
1.0
1.0
0.99998295
0.59460825
1.0
0.99999845
1.0
1.0
0.9999999
1.0
1.0
1.0
1.0
1.0
1.0
1.0
1.0
1.0
0.99999964
0.9979417
1.0
0.9999999
1.0
1.0
0.9999974
1.0
0.99999654
0.8372221
0.99719787
1.0
1.0
1.0
1.0
0.9999999
0.9999999
1.0
0.99999714
1.0
1.0
1.0
0.9999993
1.0
0.9999981
0.9999546
0.99999964
0.9999995
1.0
1.0
1.0
0.99973077
0.9999999
1.0
1.0
1.0
0.99999666
1.0
1.0
1.0
0.9999975
1.0
0.99998665
0.9999994
1.0
1.0
1.0
0.99999845
0.99983954
0.99999905
0.9747943
0.99997175
0.9999839
1.0
1.0
0.9999999
1.0
1.0
0.9999999
1.0
1.0
1.0
1.0
1.0
0.9999993
1.0
1.0
1.0
1.0
0.99997747
1.0
1.0
1.0
1.0
1.0
1.0
1.0
0.99968064
1.0
1.0
0.9999999
1.0
1.0
0.9999999
1.0
1.0
0.99999976
1.0
1.0
1.0
1.0
1.0
1.0
1.0
1.0
1.0
1.0
0.9992834
1.0
1.0
1.0
1.0
1.0
1.0
0.99999964
0.9999999
1.0
1.0
1.0
0.99993336
1.0
1.0
1.0
0.9998492
1.0
0.999998
1.0
1.0
0.9999999
1.0
1.0
1.0
1.0
0.9999938
1.0
1.0
1.0
1.0
1.0
1.0
1.0
0.99999964
0.98032206
1.0
1.0
1.0
1.0
1.0
1.0
0.9999975
1.0
0.9999918
1.0
1.0
1.0
0.99993205
1.0
1.0
1.0
1.0
1.0
1.0
1.0
0.99813557
1.0
1.0
1.0
1.0
1.0
1.0
1.0
0.99999845
1.0
1.0
1.0
1.0
1.0
1.0
1.0
0.9834751
1.0
1.0
0.9999765
1.0
0.9999999
0.99999595
1.0
0.9963865
0.5609319
1.0
0.99999774
0.9674544
1.0
1.0
0.9999999
1.0
1.0
0.9999956
1.0
0.99999857
0.99997973
1.0
1.0
0.9808606
1.0
1.0
1.0
1.0
1.0
0.99999964
0.9999821
1.0
0.9347833
1.0
1.0
0.99999976
0.9994622
0.9999993
0.9999999
1.0
1.0
1.0
1.0
0.9992849
1.0
1.0
1.0
0.99970776
0.83461994
1.0
1.0
1.0
1.0
1.0
1.0
1.0
1.0
0.999987
1.0
0.9698519
1.0
0.97824347
1.0
0.9999745
1.0
1.0
0.9999987
1.0
1.0
1.0
1.0
0.99999917
1.0
1.0
1.0
0.99249
1.0
0.99980277
1.0
1.0
0.99999976
1.0
0.99999094
1.0
1.0
1.0
1.0
0.9997192
1.0
0.99896955
1.0
0.99999964
0.99804
1.0
1.0
1.0
1.0
1.0
0.9999999
0.9998037
1.0
1.0
0.9997378
1.0
1.0
1.0
1.0
1.0
1.0
1.0
1.0
1.0
0.9999746
1.0
1.0
0.9999999
1.0
0.9999987
1.0
0.9957411
1.0
0.99999976
1.0
1.0
1.0
1.0
1.0
0.9999999
1.0
1.0
1.0
0.5938508
1.0
1.0
0.5255681
1.0
1.0
0.99999976
0.9999999
1.0
0.99999774
1.0
1.0
0.9999558
1.0
0.9999999
1.0
1.0
1.0
1.0
0.9996848
1.0
0.9999615
1.0
1.0
1.0
1.0
0.9999993
1.0
0.9999926
1.0
1.0
1.0
1.0
1.0
1.0
0.99999976
1.0
1.0
1.0
1.0
1.0
1.0
1.0
0.9363185
1.0
1.0
1.0
0.9999999
1.0
1.0
1.0
1.0
0.999982
1.0
1.0
1.0
0.9821535
1.0
1.0
0.9999995
1.0
1.0
1.0
0.9999999
1.0
1.0
1.0
1.0
1.0
1.0
1.0
1.0
1.0
1.0
0.9999999
0.9999999
0.999933
1.0
1.0
1.0
1.0
1.0
1.0
1.0
1.0
1.0
1.0
1.0
1.0
0.99986243
0.99999213
0.8314425
0.99999976
0.9980172
1.0
1.0
0.9999845
1.0
1.0
1.0
1.0
0.99985206
1.0
1.0
1.0
1.0
1.0
1.0
1.0
1.0
1.0
1.0
0.99994767
1.0
1.0
1.0
1.0
1.0
0.99836844
0.99999726
0.99995744
0.9999987
0.9999999
1.0
1.0
1.0
0.9983254
0.99999666
1.0
1.0
1.0
1.0
1.0
0.9999987
0.99999356
0.9949797
0.99999964
1.0
1.0
0.9999963
1.0
1.0
1.0
1.0
1.0
0.99852115
0.99999976
0.99993145
1.0
1.0
0.99999976
0.999995
1.0
1.0
1.0
1.0
1.0
0.49770567
1.0
1.0
1.0
1.0
0.99999917
1.0
1.0
0.99995804
1.0
0.9624738
0.9999944
1.0
1.0
1.0
0.99999905
1.0
1.0
1.0
1.0
0.70728374
1.0
0.99999857
0.9999974
1.0
1.0
1.0
1.0
1.0
1.0
0.9999995
1.0
1.0
0.99999976
1.0
1.0
1.0
0.9999974
1.0
1.0
0.9999987
0.9999999
1.0
1.0
1.0
0.99999905
0.9999906
1.0
1.0
0.99999964
1.0
1.0
0.99999917
1.0
0.99999964
1.0
0.99929976
1.0
0.999912
1.0
1.0
1.0
1.0
1.0
0.9999137
1.0
1.0
1.0
0.99746776
1.0
1.0
0.8816704
1.0
1.0
1.0
1.0
1.0
1.0
1.0
0.9999993
1.0
0.9999999
1.0
0.9999999
0.99999964
0.9999999
0.9999573
1.0
1.0
1.0
1.0
1.0
0.9999988
0.9999995
1.0
0.9999907
1.0
1.0
1.0
1.0
1.0
1.0
1.0
1.0
0.9999999
1.0
1.0
1.0
1.0
0.9999999
0.99999666
1.0
0.99999976
1.0
1.0
1.0
1.0
1.0
0.9999995
0.9999863
1.0
1.0
1.0
1.0
1.0
1.0
1.0
0.9999993
1.0
1.0
1.0
1.0
0.9999981
0.99999225
1.0
0.99998105
0.99999917
1.0
1.0
0.999977
1.0
0.9999901
0.9999999
1.0
0.9999993
0.99999964
1.0
0.99975973
1.0
0.99999046
1.0
0.99999964
0.99999976
1.0
1.0
1.0
0.9960828
1.0
1.0
1.0
1.0
1.0
1.0
1.0
0.9999974
1.0
1.0
0.99988806
1.0
0.49517393
0.99999857
0.9999956
1.0
0.9999982
1.0
0.99999595
1.0
0.99999917
0.99999654
1.0
1.0
1.0
1.0
1.0
1.0
0.9999993
0.9999994
0.99999905
1.0
0.99999523
1.0
0.9999995
0.99887305
1.0
0.98151785
1.0
1.0
1.0
0.9410069
1.0
0.9999784
1.0
1.0
1.0
0.9999869
0.9998727
1.0
1.0
1.0
1.0
1.0
1.0
1.0
1.0
1.0
1.0
0.9999995
0.98979527
1.0
1.0
1.0
1.0
1.0
1.0
1.0
1.0
1.0
1.0
1.0
1.0
1.0
0.99884194
0.99999964
1.0
1.0
1.0
0.9999999
0.9999826
1.0
1.0
1.0
0.6883311
1.0
1.0
1.0
1.0
1.0
1.0
0.9999939
0.9953093
1.0
1.0
0.9999765
0.99999785
1.0
1.0
1.0
1.0
0.96041036
0.9999989
1.0
1.0
0.99997675
1.0
0.9993088
1.0
1.0
1.0
1.0
1.0
0.9999995
1.0
1.0
0.99999976
0.99999964
1.0
1.0
0.98633343
1.0
0.99999917
0.9999999
1.0
0.6805927
1.0
0.99999976
1.0
0.999998
0.99999976
1.0
1.0
0.9998286
1.0
0.9999938
0.99999774
0.9999995
1.0
1.0
1.0
1.0
0.9963432
1.0
0.9999994
1.0
1.0
0.9999999
1.0
0.999998
0.9999933
0.9999968
1.0
0.9999802
1.0
1.0
1.0
1.0
1.0
0.9999995
1.0
0.99999845
1.0
0.99999964
1.0
0.99999774
0.9999999
1.0
1.0
1.0
1.0
1.0
1.0
1.0
1.0
1.0
1.0
0.9999999
1.0
1.0
0.99364895
1.0
1.0
1.0
1.0
1.0
0.9999559
1.0
1.0
1.0
1.0
0.9999999
1.0
0.9999995
0.9999999
0.9998964
0.99740773
1.0
1.0
0.99999785
1.0
1.0
1.0
0.99999976
0.9999999
0.9954513
1.0
1.0
1.0
1.0
0.9999958
1.0
1.0
0.99999964
1.0
1.0
0.9999918
1.0
0.9916237
0.9999999
0.99955374
1.0
1.0
1.0
1.0
1.0
1.0
0.9999974
1.0
0.99999845
1.0
1.0
0.99999976
1.0
1.0
0.99999976
0.9997712
0.9999999
1.0
0.99862397
1.0
0.9996026
1.0
1.0
1.0
1.0
1.0
1.0
1.0
0.99999976
1.0
0.99999976
1.0
1.0
1.0
0.99999344
1.0
0.9999989
1.0
1.0
0.9999994
0.9748965
1.0
0.99999964
1.0
0.99998474
1.0
1.0
0.9999963
0.99994576
0.99999976
0.999907
1.0
0.99986255
0.9999999
0.9999999
1.0
1.0
1.0
0.9492637
1.0
1.0
1.0
1.0
1.0
0.9999999
1.0
0.99999774
1.0
0.99999964
0.99497765
1.0
1.0
1.0
1.0
1.0
0.9999993
1.0
1.0
0.99999726
1.0
1.0
1.0
1.0
1.0
1.0
1.0
1.0
1.0
1.0
1.0
1.0
1.0
0.7935768
1.0
0.9999974
1.0
1.0
0.9999999
0.99999905
0.9999999
1.0
1.0
0.99398273
0.9999974
0.9999994
1.0
1.0
1.0
1.0
0.99818796
1.0
1.0
0.941419
0.99986184
1.0
0.99757856
1.0
1.0
0.9999999
0.9991875
0.9999951
1.0
0.98498744
1.0
0.99999976
1.0
0.99969757
1.0
0.9999988
1.0
1.0
1.0
1.0
1.0
0.9999893
1.0
0.99999976
1.0
1.0
1.0
1.0
1.0
1.0
0.99996376
1.0
1.0
1.0
1.0
1.0
0.99999547
1.0
0.5864458
1.0
1.0
1.0
0.9999969
1.0
1.0
0.9999951
1.0
1.0
1.0
0.9951159
0.99999845
1.0
0.9999999
0.9995851
1.0
1.0
1.0
0.9999999
1.0
1.0
0.99999905
1.0
0.9999999
1.0
1.0
0.99999404
1.0
0.9999999
0.99991167
0.99999976
1.0
1.0
0.9999993
0.52648324
1.0
1.0
1.0
0.9862105
1.0
1.0
0.99870265
0.99997103
1.0
1.0
1.0
1.0
1.0
0.99999976
1.0
1.0
1.0
1.0
1.0
1.0
0.9999999
0.9999995
0.99999905
1.0
1.0
1.0
0.9999999
1.0
1.0
0.9526028
1.0
1.0
1.0
1.0
1.0
1.0
1.0
1.0
1.0
1.0
1.0
1.0
1.0
0.9348407
1.0
0.9999999
1.0
0.9999932
0.9985091
1.0
1.0
1.0
1.0
1.0
1.0
1.0
1.0
1.0
0.9999999
1.0
1.0
1.0
1.0
0.99975926
1.0
1.0
1.0
0.9444478
1.0
1.0
1.0
0.9999999
0.99999976
1.0
1.0
1.0
1.0
1.0
1.0
1.0
1.0
1.0
1.0
1.0
0.9997955
0.9999999
0.9999958
1.0
0.9999994
1.0
0.99999475
1.0
1.0
0.99999857
1.0
1.0
1.0
1.0
1.0
0.9999993
0.9999995
0.99999976
0.9999968
1.0
1.0
1.0
1.0
0.9999999
1.0
0.9999999
1.0
1.0
1.0
1.0
1.0
1.0
1.0
1.0
0.9984816
1.0
0.99999833
0.99999964
1.0
1.0
0.9999995
1.0
1.0
0.8117132
1.0
1.0
0.9999988
1.0
1.0
1.0
1.0
1.0
1.0
1.0
1.0
1.0
0.9999895
1.0
1.0
0.9999999
1.0
1.0
1.0
1.0
0.9999968
1.0
1.0
0.9999951
1.0
0.99999976
1.0
0.9999995
1.0
1.0
1.0
0.99998665
1.0
1.0
1.0
0.99999964
0.9999974
1.0
0.99999285
0.99998033
0.9993868
1.0
1.0
0.9995135
0.99999785
0.99999976
1.0
1.0
1.0
1.0
1.0
0.9999764
1.0
1.0
1.0
0.99999905
1.0
1.0
1.0
0.99993396
0.9999999
0.9980861
1.0
0.9999907
1.0
1.0
1.0
1.0
1.0
1.0
1.0
1.0
1.0
1.0
1.0
1.0
1.0
1.0
1.0
1.0
1.0
1.0
1.0
0.91738564
1.0
1.0
1.0
1.0
0.999997
0.99999964
1.0
1.0
1.0
1.0
1.0
0.9999999
1.0
1.0
0.999992
1.0
1.0
1.0
1.0
1.0
1.0
1.0
1.0
0.9774864
0.99903524
1.0
1.0
1.0
1.0
0.9999999
0.9929697
0.9999895
0.9992467
1.0
1.0
0.9999995
1.0
1.0
1.0
0.97485536
1.0
1.0
0.9999962
1.0
0.9999999
1.0
1.0
1.0
1.0
1.0
0.9999989
1.0
0.9999999
0.9891595
0.9946766
0.9999999
1.0
0.9999999
1.0
1.0
1.0
0.99997807
0.9999974
1.0
1.0
1.0
1.0
1.0
0.99998724
1.0
0.9999999
1.0
0.99999905
0.99995327
1.0
1.0
0.92591465
0.9999968
1.0
1.0
1.0
1.0
0.9999999
1.0
0.9999999
1.0
1.0
1.0
1.0
1.0
0.9954234
1.0
0.99999535
1.0
1.0
0.99986696
0.998961
0.9999999
0.9999709
1.0
0.99999475
1.0
0.9615982
1.0
0.9999794
1.0
0.9999267
1.0
1.0
1.0
0.9999999
1.0
1.0
0.99999976
1.0
1.0
0.9999995
1.0
0.99999964
1.0
1.0
1.0
1.0
0.99999857
1.0
0.9999993
0.9999987
0.99997854
1.0
1.0
1.0
0.9999516
1.0
1.0
0.9999975
1.0
1.0
0.9999174
1.0
1.0
0.9999994
0.9999999
1.0
1.0
1.0
0.99999964
1.0
1.0
1.0
1.0
0.99999976
1.0
0.9999999
1.0
1.0
0.9999896
1.0
1.0
0.9999912
0.99800855
0.9999999
1.0
1.0
1.0
1.0
1.0
0.9999734
0.99992454
0.99999654
1.0
0.9999999
1.0
0.7722542
1.0
1.0
0.9999999
1.0
1.0
1.0
1.0
1.0
1.0
0.9981305
1.0
1.0
1.0
0.99999964
1.0
1.0
1.0
1.0
1.0
1.0
1.0
0.9999844
1.0
1.0
1.0
1.0
1.0
0.9999999
0.9999999
1.0
1.0
1.0
0.9999995
0.98386174
1.0
1.0
1.0
1.0
0.9999927
1.0
0.99977964
1.0
1.0
1.0
0.9999999
1.0
1.0
1.0
1.0
0.9999995
1.0
1.0
0.99999774
1.0
1.0
1.0
1.0
1.0
0.9999999
1.0
1.0
1.0
1.0
1.0
1.0
0.9999999
1.0
1.0
1.0
1.0
1.0
1.0
0.99999905
1.0
1.0
1.0
1.0
1.0
0.99998677
1.0
1.0
1.0
1.0
0.9999926
1.0
1.0
1.0
1.0
1.0
0.9999999
1.0
0.99998546
1.0
1.0
0.9999994
1.0
1.0
1.0
1.0
1.0
1.0
0.9999999
1.0
1.0
1.0
1.0
1.0
0.99999976
1.0
1.0
0.9999875
0.99999213
1.0
0.99999976
1.0
1.0
1.0
0.99999964
1.0
1.0
0.99999905
1.0
1.0
1.0
1.0
1.0
1.0
1.0
1.0
0.99999905
1.0
1.0
1.0
1.0
1.0
1.0
1.0
0.99999905
1.0
1.0
0.99999905
1.0
1.0
0.99999976
1.0
1.0
1.0
1.0
1.0
0.9999987
1.0
1.0
1.0
0.99999917
1.0
1.0
1.0
0.9999981
1.0
1.0
1.0
1.0
1.0
1.0
0.99999213
0.99999976
1.0
1.0
1.0
1.0
0.9999093
1.0
1.0
1.0
1.0
1.0
1.0
1.0
0.99999917
1.0
1.0
0.9999999
1.0
0.9993808
1.0
1.0
1.0
1.0
1.0
0.9999999
1.0
1.0
1.0
1.0
1.0
1.0
1.0
1.0
1.0
1.0
1.0
1.0
0.9758613
1.0
1.0
0.99999845
1.0
1.0
0.99743927
1.0
0.9999995
1.0
1.0
1.0
1.0
0.9999999
1.0
1.0
1.0
0.9999994
0.99999523
1.0
1.0
1.0
1.0
0.9999999
1.0
1.0
1.0
1.0
1.0
1.0
1.0
1.0
1.0
1.0
1.0
0.9999597
1.0
1.0
1.0
1.0
0.9973828
1.0
0.9991683
1.0
0.9999974
1.0
0.99999964
1.0
1.0
1.0
1.0
1.0
1.0
1.0
1.0
1.0
1.0
1.0
0.9999999
1.0
0.9999993
0.9999999
0.9999845
1.0
1.0
1.0
1.0
1.0
1.0
0.9998122
1.0
1.0
1.0
1.0
1.0
0.99999964
1.0
1.0
1.0
1.0
1.0
1.0
1.0
0.99999857
1.0
1.0
1.0
0.7809018
0.9999999
1.0
1.0
0.9999958
1.0
0.9999999
1.0
1.0
0.99999976
1.0
1.0
1.0
1.0
0.9999999
0.99993324
0.9999999
1.0
1.0
0.9802224
1.0
1.0
0.9891328
0.9997663
0.9999995
1.0
1.0
1.0
1.0
1.0
1.0
1.0
0.99999356
1.0
1.0
1.0
1.0
1.0
1.0
1.0
1.0
1.0
0.99999607
1.0
1.0
1.0
1.0
1.0
1.0
1.0
1.0
1.0
1.0
1.0
1.0
1.0
1.0
1.0
1.0
1.0
1.0
1.0
1.0
1.0
1.0
1.0
1.0
1.0
1.0
1.0
1.0
1.0
1.0
1.0
1.0
1.0
1.0
1.0
1.0
1.0
1.0
1.0
1.0
1.0
1.0
0.8040712
1.0
1.0
1.0
0.9999989
1.0
1.0
1.0
1.0
1.0
1.0
1.0
1.0
1.0
1.0
1.0
1.0
1.0
1.0
1.0
1.0
1.0
1.0
1.0
1.0
1.0
1.0
1.0
1.0
1.0
1.0
1.0
0.99999905
1.0
1.0
1.0
1.0
1.0
1.0
1.0
0.99999905
0.9999987
1.0
1.0
1.0
1.0
1.0
1.0
1.0
1.0
1.0
1.0
1.0
1.0
1.0
1.0
1.0
1.0
1.0
1.0
1.0
1.0
1.0
1.0
1.0
1.0
1.0
1.0
1.0
1.0
0.9999999
1.0
1.0
1.0
1.0
1.0
0.99997437
1.0
1.0
1.0
1.0
1.0
1.0
1.0
1.0
0.9999999
0.9999957
1.0
1.0
1.0
1.0
1.0
1.0
0.9999994
1.0
1.0
1.0
1.0
1.0
1.0
1.0
1.0
1.0
1.0
1.0
1.0
1.0
1.0
1.0
1.0
1.0
1.0
1.0
1.0
1.0
1.0
1.0
1.0
0.99999523
0.9970145
1.0
1.0
1.0
1.0
1.0
1.0
0.99839145
1.0
1.0
1.0
1.0
1.0
1.0
1.0
1.0
1.0
1.0
1.0
1.0
1.0
1.0
1.0
1.0
1.0
1.0
1.0
1.0
1.0
1.0
1.0
1.0
1.0
1.0
1.0
1.0
1.0
1.0
1.0
1.0
1.0
1.0
1.0
1.0
1.0
1.0
1.0
1.0
1.0
1.0
1.0
1.0
1.0
1.0
0.99999964
1.0
1.0
1.0
1.0
1.0
1.0
1.0
0.9999999
1.0
1.0
1.0
1.0
1.0
1.0
0.9999993
1.0
1.0
0.99999774
1.0
1.0
0.99999845
1.0
0.9999999
1.0
1.0
1.0
1.0
1.0
1.0
1.0
1.0
0.99999964
1.0
1.0
1.0
1.0
1.0
1.0
1.0
1.0
1.0
0.9999957
0.9999987
1.0
1.0
1.0
1.0
1.0
1.0
1.0
1.0
1.0
1.0
1.0
0.9999999
1.0
0.9999957
0.9999999
1.0
0.9999254
1.0
1.0
1.0
1.0
0.9999932
1.0
1.0
1.0
0.999881
1.0
1.0
1.0
1.0
1.0
1.0
0.99999917
1.0
1.0
0.9999286
1.0
1.0
0.9999975
1.0
1.0
1.0
1.0
1.0
1.0
0.99999976
0.9999999
1.0
1.0
1.0
1.0
1.0
0.9898902
1.0
1.0
0.99999976
1.0
1.0
1.0
1.0
1.0
1.0
1.0
1.0
1.0
0.9999995
1.0
1.0
1.0
0.99999964
1.0
0.9999999
0.99999785
1.0
1.0
0.99920195
1.0
1.0
0.9999993
1.0
1.0
1.0
1.0
0.99999964
1.0
1.0
0.9946209
1.0
0.99999845
1.0
0.9999995
0.9999999
1.0
0.9999999
0.99986863
0.9999975
1.0
1.0
1.0
0.9999999
0.9999999
0.99995756
1.0
1.0
1.0
0.99999976
0.9914909
0.99982965
1.0
1.0
1.0
1.0
1.0
1.0
1.0
1.0
0.99999976
1.0
1.0
0.99999976
1.0
1.0
0.9999999
1.0
1.0
1.0
1.0
1.0
0.9987626
0.99977225
0.99999833
1.0
1.0
1.0
1.0
1.0
1.0
1.0
1.0
1.0
0.9999931
1.0
1.0
0.99999976
1.0
1.0
1.0
1.0
0.9999999
1.0
1.0
1.0
1.0
1.0
1.0
0.99999976
1.0
1.0
1.0
1.0
0.99999905
0.99999666
1.0
1.0
1.0
1.0
0.99999666
1.0
1.0
0.9999999
1.0
1.0
0.9999713
1.0
1.0
1.0
1.0
1.0
0.9999987
1.0
1.0
1.0
1.0
0.99999976
1.0
1.0
0.9756351
0.99998665
0.91397035
1.0
1.0
1.0
0.9999999
1.0
1.0
0.9999993
1.0
0.9997032
1.0
1.0
1.0
0.8530608
1.0
1.0
0.997451
1.0
1.0
1.0
0.9999995
1.0
1.0
0.99999964
1.0
1.0
1.0
1.0
1.0
1.0
1.0
1.0
1.0
1.0
1.0
1.0
0.9999999
0.999998
1.0
1.0
1.0
1.0
0.9999975
1.0
1.0
1.0
1.0
1.0
0.9999999
1.0
1.0
0.99999976
1.0
1.0
1.0
1.0
1.0
1.0
1.0
1.0
1.0
1.0
1.0
1.0
1.0
0.99988437
0.9999354
1.0
1.0
1.0
1.0
1.0
1.0
1.0
1.0
1.0
1.0
1.0
0.9999999
1.0
1.0
1.0
1.0
1.0
1.0
1.0
1.0
0.9999999
1.0
1.0
1.0
0.9999292
0.9963536
1.0
0.9999988
1.0
1.0
0.99999857
1.0
0.9999858
1.0
1.0
1.0
1.0
1.0
1.0
0.9999999
1.0
1.0
0.9999987
1.0
1.0
1.0
1.0
1.0
1.0
1.0
1.0
1.0
1.0
1.0
1.0
1.0
1.0
1.0
0.9999999
1.0
1.0
1.0
1.0
1.0
1.0
1.0
1.0
1.0
0.9999995
1.0
1.0
1.0
1.0
1.0
0.9999709
0.99999905
1.0
1.0
1.0
1.0
1.0
1.0
0.99999976
1.0
0.9927383
0.9957188
1.0
0.99999154
1.0
1.0
1.0
1.0
1.0
1.0
0.99999964
1.0
0.9999999
1.0
1.0
1.0
0.9999995
1.0
1.0
0.9999219
1.0
1.0
1.0
1.0
1.0
0.99996924
1.0
0.9999994
1.0
0.99999917
1.0
0.99999976
1.0
1.0
0.9999627
0.9999999
0.9999999
0.9999995
1.0
0.9999938
1.0
1.0
1.0
1.0
1.0
1.0
1.0
0.9999995
0.99998343
0.99672675
0.78421813
1.0
0.99991095
1.0
1.0
1.0
1.0
1.0
1.0
1.0
1.0
1.0
0.99998784
0.9999999
0.99999964
1.0
1.0
1.0
0.9997907
1.0
1.0
1.0
0.99997175
1.0
0.9999846
1.0
0.9999957
1.0
1.0
1.0
1.0
1.0
1.0
1.0
1.0
0.99999976
0.9984816
1.0
0.9999999
1.0
1.0
1.0
1.0
0.9999999
0.9998566
0.99965394
1.0
0.9999999
0.99999976
0.9999999
0.99999857
0.9999975
0.9999999
1.0
1.0
0.99999905
1.0
1.0
1.0
1.0
0.9994991
0.9999974
0.9999995
0.9999994
1.0
0.9999994
1.0
0.9999814
0.99999917
0.99995613
0.9999993
1.0
0.99994063
1.0
0.9087258
1.0
1.0
1.0
1.0
1.0
1.0
1.0
1.0
0.9999515
1.0
0.9999999
0.9945393
1.0
1.0
0.9999105
1.0
0.9999993
0.9999999
1.0
0.99999976
1.0
1.0
1.0
0.99982953
1.0
0.9998691
0.9999999
1.0
1.0
1.0
0.99998784
1.0
1.0
0.999974
1.0
1.0
0.9999964
1.0
0.99999976
1.0
1.0
1.0
0.99998295
1.0
1.0
1.0
1.0
0.99996734
1.0
1.0
1.0
1.0
1.0
0.98986596
1.0
1.0
1.0
1.0
1.0
0.999943
0.99999166
1.0
1.0
1.0
1.0
1.0
1.0
1.0
1.0
0.9740626
1.0
1.0
1.0
1.0
1.0
1.0
1.0
1.0
1.0
0.60855275
1.0
0.9999988
1.0
1.0
1.0
1.0
1.0
1.0
1.0
0.99999285
1.0
1.0
1.0
1.0
1.0
0.9999999
1.0
0.99999976
1.0
1.0
0.99841464
1.0
1.0
1.0
0.9999999
1.0
1.0
1.0
1.0
0.9999995
1.0
1.0
0.9999994
1.0
0.9999994
1.0
1.0
1.0
1.0
1.0
1.0
1.0
1.0
1.0
1.0
1.0
1.0
1.0
1.0
1.0
1.0
1.0
1.0
1.0
1.0
1.0
1.0
0.9999999
1.0
1.0
1.0
1.0
1.0
1.0
1.0
0.99739814
1.0
1.0
1.0
0.9999999
1.0
1.0
1.0
1.0
0.9635691
1.0
0.999964
1.0
0.99999774
1.0
0.8690465
0.9899102
0.9994777
1.0
1.0
1.0
1.0
1.0
1.0
1.0
1.0
1.0
1.0
1.0
1.0
1.0
1.0
1.0
1.0
1.0
1.0
1.0
1.0
1.0
1.0
1.0
1.0
1.0
1.0
1.0
1.0
1.0
1.0
1.0
1.0
1.0
1.0
1.0
1.0
1.0
1.0
1.0
1.0
1.0
1.0
1.0
1.0
1.0
1.0
1.0
1.0
0.9999999
1.0
1.0
1.0
1.0
1.0
1.0
1.0
1.0
1.0
1.0
1.0
1.0
1.0
1.0
1.0
1.0
1.0
1.0
1.0
0.9999931
1.0
1.0
1.0
1.0
1.0
1.0
0.9999994
1.0
1.0
1.0
1.0
1.0
1.0
1.0
1.0
1.0
1.0
1.0
1.0
1.0
1.0
1.0
0.9999999
1.0
1.0
1.0
1.0
1.0
1.0
1.0
1.0
1.0
1.0
1.0
1.0
1.0
1.0
1.0
1.0
1.0
1.0
1.0
1.0
1.0
1.0
1.0
1.0
1.0
1.0
1.0
1.0
1.0
1.0
1.0
1.0
1.0
1.0
1.0
1.0
0.9999999
1.0
0.9999999
0.9999995
1.0
1.0
1.0
1.0
1.0
1.0
1.0
1.0
1.0
1.0
1.0
1.0
1.0
1.0
1.0
1.0
1.0
1.0
1.0
1.0
1.0
1.0
1.0
1.0
1.0
1.0
1.0
1.0
1.0
1.0
1.0
1.0
1.0
1.0
1.0
1.0
1.0
0.9999999
1.0
1.0
0.9999999
1.0
1.0
1.0
1.0
1.0
1.0
1.0
1.0
1.0
1.0
1.0
1.0
1.0
1.0
1.0
1.0
1.0
1.0
1.0
1.0
1.0
1.0
1.0
1.0
1.0
1.0
1.0
1.0
0.99999917
1.0
1.0
0.9999999
1.0
1.0
1.0
1.0
1.0
1.0
1.0
1.0
1.0
1.0
1.0
0.99999976
1.0
0.9999192
1.0
1.0
1.0
1.0
0.9999999
1.0
0.9999454
0.9999999
1.0
1.0
1.0
1.0
1.0
1.0
1.0
0.99999976
1.0
0.9999987
1.0
1.0
1.0
1.0
1.0
1.0
0.9999907
1.0
0.99999905
0.9999999
0.9999999
1.0
1.0
1.0
0.99967635
1.0
0.9999993
1.0
1.0
1.0
1.0
1.0
1.0
1.0
1.0
1.0
1.0
1.0
1.0
0.99999857
1.0
0.9999987
1.0
1.0
1.0
1.0
1.0
1.0
1.0
1.0
0.9999994
1.0
1.0
1.0
1.0
1.0
0.9999993
1.0
1.0
1.0
1.0
1.0
1.0
1.0
1.0
1.0
1.0
1.0
1.0
0.9997881
1.0
1.0
1.0
1.0
1.0
1.0
1.0
1.0
0.99987805
1.0
1.0
1.0
1.0
1.0
1.0
0.9999999
1.0
1.0
1.0
1.0
1.0
1.0
1.0
0.99999785
1.0
1.0
1.0
1.0
1.0
1.0
1.0
0.99999976
1.0
0.9965307
1.0
1.0
1.0
1.0
1.0
0.9999999
0.99999785
1.0
1.0
1.0
1.0
0.999997
1.0
1.0
1.0
1.0
1.0
1.0
1.0
1.0
0.9999995
1.0
0.9999999
1.0
1.0
1.0
0.98659956
1.0
0.9999999
1.0
1.0
1.0
0.9996456
0.99999964
1.0
1.0
0.9999999
1.0
0.9999999
1.0
0.9999957
1.0
1.0
0.99999917
1.0
1.0
1.0
0.999956
0.9973374
0.8474768
0.99999976
0.9999269
0.991392
0.9999999
0.9623768
0.9966683
1.0
1.0
1.0
0.99999225
1.0
0.99999857
0.9999882
0.999757
0.99999666
0.9337297
0.9999461
0.9999995
0.997903
0.9999993
0.85649693
0.99998903
0.9999207
1.0
0.9999999
1.0
1.0
1.0
0.9999926
1.0
0.99999976
1.0
0.9999999
1.0
0.9999994
1.0
0.9990754
1.0
1.0
1.0
0.9999056
0.95187813
0.99888176
0.9671396
1.0
1.0
0.99999714
0.9999697
1.0
0.99975616
1.0
1.0
0.9993036
0.9999974
1.0
1.0
1.0
0.9999243
0.99996257
0.9997874
1.0
0.9991436
0.99999964
0.99999976
1.0
0.99998474
0.99999917
1.0
0.99999833
0.53955466
1.0
0.9999993
0.9999993
1.0
1.0
0.99997306
0.9984157
1.0
1.0
1.0
0.99998367
0.9999999
1.0
1.0
0.9999999
0.99999976
0.9999989
0.9999999
0.9999999
0.99999976
1.0
1.0
1.0
1.0
1.0
0.92210966
0.9999999
1.0
1.0
1.0
1.0
1.0
1.0
1.0
1.0
0.99999964
0.9999914
1.0
1.0
1.0
0.9999999
1.0
1.0
1.0
0.9999999
1.0
0.9999963
1.0
0.9999999
1.0
1.0
0.9999988
1.0
1.0
0.9999999
1.0
1.0
1.0
0.9999999
1.0
1.0
1.0
0.999998
1.0
1.0
0.9999914
0.9999994
1.0
0.9999994
1.0
1.0
1.0
1.0
1.0
1.0
1.0
1.0
1.0
1.0
1.0
0.9999809
1.0
0.99999976
1.0
0.9999995
1.0
1.0
1.0
1.0
0.9999999
1.0
1.0
0.999987
1.0
1.0
0.9998747
0.99999976
1.0
0.9999999
0.99999976
1.0
1.0
1.0
1.0
0.9999995
0.99999845
0.9999987
1.0
1.0
1.0
1.0
1.0
1.0
1.0
0.982786
0.99999356
1.0
0.9999999
0.99978536
0.9999995
1.0
0.9999778
1.0
0.99999964
1.0
0.9999999
1.0
1.0
0.99999976
0.999828
0.99852604
1.0
1.0
0.999998
1.0
1.0
0.99999976
1.0
0.9999999
1.0
1.0
1.0
0.99999714
0.9999839
1.0
1.0
1.0
1.0
1.0
1.0
1.0
1.0
1.0
1.0
0.99998677
1.0
0.9999999
0.9075967
0.9999987
0.99999917
1.0
0.9999999
1.0
1.0
1.0
0.999974
1.0
0.99999905
1.0
1.0
0.9998604
1.0
1.0
1.0
1.0
1.0
1.0
1.0
1.0
1.0
0.9999999
0.99999297
1.0
1.0
1.0
0.9999987
1.0
0.99999976
1.0
1.0
1.0
0.999995
1.0
1.0
1.0
1.0
1.0
1.0
1.0
1.0
1.0
0.99999976
1.0
1.0
1.0
1.0
1.0
1.0
1.0
1.0
1.0
1.0
1.0
1.0
1.0
1.0
1.0
1.0
1.0
0.9999999
1.0
0.9839287
1.0
1.0
1.0
1.0
0.99999774
1.0
1.0
1.0
1.0
1.0
1.0
1.0
1.0
1.0
1.0
1.0
1.0
1.0
1.0
1.0
1.0
1.0
1.0
1.0
1.0
1.0
1.0
1.0
1.0
1.0
0.99999785
1.0
1.0
1.0
1.0
0.9989858
1.0
1.0
0.9999999
1.0
1.0
1.0
1.0
1.0
1.0
1.0
1.0
0.9999449
1.0
1.0
1.0
0.99999833
1.0
1.0
1.0
1.0
1.0
1.0
0.99999654
1.0
1.0
0.9999999
0.999998
1.0
0.9999989
1.0
0.9999995
1.0
1.0
1.0
1.0
0.99990654
1.0
1.0
1.0
1.0
1.0
1.0
0.9999999
1.0
1.0
1.0
1.0
1.0
1.0
1.0
1.0
1.0
1.0
1.0
1.0
1.0
0.9999994
1.0
1.0
1.0
0.9999994
0.99999976
1.0
1.0
1.0
1.0
1.0
1.0
1.0
1.0
0.99999833
1.0
1.0
1.0
1.0
1.0
1.0
1.0
0.99999964
1.0
1.0
1.0
1.0
0.9999999
1.0
1.0
1.0
0.9999987
1.0
1.0
1.0
1.0
1.0
1.0
1.0
1.0
1.0
1.0
1.0
1.0
1.0
1.0
0.99999976
1.0
1.0
1.0
1.0
1.0
1.0
1.0
1.0
1.0
1.0
1.0
0.9999989
1.0
1.0
1.0
1.0
1.0
1.0
1.0
1.0
1.0
1.0
1.0
1.0
1.0
1.0
1.0
1.0
1.0
1.0
1.0
1.0
1.0
1.0
0.99999917
1.0
1.0
1.0
1.0
1.0
1.0
1.0
1.0
0.9999491
0.999998
1.0
1.0
1.0
1.0
1.0
0.99999976
1.0
1.0
1.0
1.0
1.0
1.0
1.0
1.0
1.0
1.0
1.0
0.9973387
1.0
1.0
1.0
1.0
0.99795926
1.0
1.0
1.0
1.0
1.0
1.0
1.0
1.0
1.0
0.9999982
1.0
1.0
1.0
1.0
0.9999999
1.0
0.9999995
1.0
1.0
1.0
1.0
1.0
1.0
1.0
0.9999987
1.0
0.999998
1.0
1.0
1.0
1.0
1.0
1.0
1.0
0.9999945
1.0
1.0
1.0
0.9999881
0.99999774
0.9999994
1.0
1.0
0.99999774
1.0
0.99999857
1.0
1.0
1.0
1.0
1.0
1.0
0.99999106
1.0
1.0
1.0
1.0
1.0
1.0
1.0
0.9999989
1.0
1.0
1.0
1.0
1.0
0.99997354
1.0
1.0
1.0
1.0
1.0
1.0
1.0
1.0
1.0
1.0
0.9999987
1.0
1.0
0.9999809
0.99999976
1.0
1.0
1.0
1.0
1.0
1.0
1.0
1.0
1.0
1.0
1.0
0.9999559
0.9999999
1.0
1.0
1.0
1.0
0.99184036
1.0
0.99999976
1.0
1.0
1.0
1.0
1.0
1.0
1.0
1.0
1.0
1.0
1.0
1.0
1.0
1.0
1.0
1.0
1.0
1.0
1.0
1.0
1.0
1.0
0.9999895
1.0
1.0
1.0
1.0
1.0
1.0
1.0
1.0
1.0
1.0
1.0
0.9999999
1.0
1.0
1.0
0.99999976
1.0
1.0
0.9999833
1.0
1.0
1.0
1.0
1.0
0.99999535
0.9999995
1.0
1.0
0.9999918
0.9999999
0.9999989
1.0
0.9989791
1.0
1.0
1.0
0.83221173
0.99999964
1.0
1.0
1.0
1.0
1.0
0.9999999
0.99999976
0.9999999
0.99999917
1.0
1.0
1.0
1.0
1.0
1.0
0.99999547
1.0
0.99782455
1.0
1.0
0.9999999
1.0
0.9996915
0.9999999
1.0
1.0
1.0
0.9999999
1.0
0.9999999
1.0
0.99997985
1.0
1.0
1.0
1.0
1.0
1.0
1.0
1.0
0.9999982
0.99999857
0.9999993
1.0
1.0
1.0
1.0
1.0
1.0
0.9999949
0.99998987
1.0
1.0
0.9999999
1.0
1.0
1.0
1.0
1.0
1.0
0.99999607
1.0
1.0
1.0
1.0
1.0
1.0
1.0
1.0
0.9999999
0.9999995
1.0
1.0
1.0
1.0
1.0
1.0
1.0
1.0
1.0
0.9999999
1.0
1.0
1.0
1.0
1.0
1.0
1.0
1.0
0.9999995
1.0
0.9999976
1.0
1.0
1.0
1.0
1.0
1.0
1.0
1.0
1.0
1.0
1.0
1.0
1.0
1.0
1.0
1.0
1.0
1.0
1.0
1.0
1.0
1.0
1.0
1.0
0.99999976
1.0
1.0
1.0
1.0
1.0
1.0
1.0
1.0
1.0
1.0
1.0
1.0
1.0
1.0
0.9999926
1.0
1.0
1.0
1.0
0.9999734
1.0
0.99999976
1.0
1.0
1.0
1.0
1.0
1.0
1.0
1.0
1.0
1.0
1.0
1.0
1.0
1.0
1.0
1.0
1.0
1.0
0.99999964
1.0
1.0
1.0
1.0
0.9999999
1.0
1.0
1.0
0.9999968
1.0
1.0
1.0
1.0
1.0
0.9999993
1.0
0.9999999
1.0
1.0
1.0
1.0
1.0
1.0
1.0
0.9999999
0.9999989
1.0
0.9999999
0.99999964
1.0
1.0
1.0
0.99999976
1.0
0.9999999
1.0
1.0
0.9998965
1.0
0.9999999
0.99999917
1.0
1.0
0.9999993
1.0
1.0
0.9999999
0.99999964
1.0
0.9999999
1.0
0.99999976
1.0
1.0
0.99999976
0.9999993
0.99977905
1.0
0.99919635
1.0
1.0
1.0
1.0
0.99999976
1.0
0.99889624
1.0
0.9999993
1.0
0.9999976
1.0
0.99998534
1.0
1.0
1.0
0.99966073
1.0
1.0
1.0
1.0
0.9999999
0.9999968
1.0
1.0
1.0
0.9999367
1.0
0.9999999
1.0
0.99999976
1.0
1.0
1.0
1.0
1.0
1.0
0.99905103
0.9999943
1.0
1.0
0.9999641
0.99999976
1.0
1.0
1.0
1.0
1.0
0.9999851
1.0
1.0
0.9999999
0.9999999
1.0
1.0
0.999997
0.99998367
0.99999774
0.99999976
0.9999999
1.0
1.0
1.0
0.999946
1.0
1.0
1.0
1.0
0.99999845
0.99999964
0.99998915
1.0
1.0
1.0
1.0
1.0
0.99998283
1.0
1.0
0.9999906
1.0
1.0
1.0
1.0
1.0
1.0
1.0
1.0
0.9999957
0.9999999
1.0
1.0
1.0
1.0
1.0
1.0
1.0
1.0
1.0
1.0
1.0
1.0
1.0
0.99999475
0.9999945
1.0
1.0
1.0
1.0
1.0
0.99999404
1.0
1.0
1.0
1.0
1.0
1.0
1.0
1.0
1.0
1.0
1.0
1.0
0.9999999
1.0
0.9999999
1.0
1.0
1.0
1.0
0.9999993
1.0
1.0
1.0
0.9999989
1.0
0.9999999
1.0
0.9999943
0.99985623
1.0
1.0
1.0
1.0
1.0
0.9999739
1.0
1.0
1.0
0.99999976
1.0
0.9999999
1.0
1.0
1.0
1.0
1.0
1.0
1.0
1.0
1.0
1.0
1.0
1.0
1.0
1.0
1.0
1.0
1.0
1.0
0.9999995
0.99978966
1.0
1.0
1.0
1.0
1.0
1.0
1.0
1.0
1.0
1.0
1.0
1.0
0.999995
1.0
1.0
1.0
1.0
1.0
1.0
1.0
0.9999975
1.0
1.0
1.0
1.0
1.0
1.0
1.0
1.0
1.0
0.99999917
1.0
0.99999976
1.0
0.9999994
1.0
1.0
1.0
1.0
1.0
1.0
1.0
1.0
1.0
0.9999962
1.0
1.0
1.0
1.0
0.99999976
1.0
1.0
1.0
1.0
1.0
1.0
1.0
1.0
1.0
1.0
1.0
1.0
1.0
1.0
0.99999964
0.99999976
0.9999995
1.0
1.0
1.0
1.0
1.0
0.99999976
0.9999999
1.0
1.0
1.0
1.0
1.0
1.0
1.0
1.0
1.0
1.0
1.0
0.99999976
1.0
1.0
1.0
1.0
1.0
1.0
1.0
1.0
1.0
1.0
1.0
1.0
1.0
1.0
1.0
1.0
1.0
1.0
0.99999964
1.0
1.0
1.0
1.0
1.0
1.0
1.0
1.0
0.99997807
1.0
1.0
1.0
1.0
1.0
1.0
1.0
1.0
0.99999976
1.0
1.0
0.99999917
1.0
0.99999666
0.99997616
0.9999945
1.0
1.0
1.0
1.0
1.0
1.0
1.0
1.0
1.0
0.9999976
1.0
1.0
0.9999999
1.0
1.0
1.0
1.0
1.0
1.0
0.9999999
1.0
1.0
1.0
0.9999999
1.0
1.0
1.0
1.0
1.0
1.0
1.0
1.0
1.0
1.0
1.0
1.0
1.0
1.0
1.0
1.0
1.0
1.0
0.9999999
1.0
1.0
1.0
1.0
1.0
1.0
1.0
1.0
1.0
1.0
1.0
1.0
1.0
1.0
1.0
0.9999999
1.0
0.9999871
1.0
0.9999999
0.99999774
1.0
1.0
1.0
1.0
1.0
1.0
1.0
1.0
1.0
1.0
1.0
0.99999976
0.9999492
1.0
1.0
1.0
1.0
1.0
1.0
0.9999999
0.99999666
1.0
1.0
1.0
1.0
0.99999857
1.0
0.9999999
1.0
1.0
1.0
1.0
1.0
1.0
1.0
1.0
0.99999976
1.0
0.99999845
1.0
0.99999774
0.99997675
1.0
0.99999976
0.99993026
1.0
0.99999905
1.0
0.9373908
1.0
0.99999654
1.0
0.9997631
1.0
1.0
0.999998
0.9999993
0.99999857
0.9999995
0.99999905
1.0
1.0
0.9999999
1.0
1.0
1.0
1.0
1.0
1.0
0.9999999
1.0
1.0
1.0
0.99999905
1.0
1.0
0.9999999
1.0
1.0
1.0
1.0
1.0
1.0
1.0
1.0
0.99999726
1.0
1.0
1.0
1.0
1.0
1.0
1.0
1.0
1.0
1.0
1.0
0.9999999
0.99999845
1.0
1.0
0.999841
0.99999976
1.0
1.0
1.0
1.0
1.0
1.0
1.0
1.0
0.9999974
1.0
1.0
0.99929917
0.9999999
0.99999964
0.99998
1.0
1.0
0.99999595
1.0
1.0
0.99999976
0.99999976
1.0
0.9999385
0.9999871
1.0
1.0
1.0
1.0
1.0
1.0
1.0
1.0
1.0
1.0
1.0
1.0
1.0
1.0
1.0
1.0
1.0
1.0
1.0
1.0
1.0
1.0
1.0
0.99999976
1.0
1.0
1.0
1.0
1.0
1.0
1.0
1.0
1.0
1.0
1.0
0.9999987
1.0
1.0
1.0
1.0
1.0
1.0
0.99999356
1.0
1.0
1.0
1.0
1.0
1.0
0.9999995
1.0
1.0
1.0
1.0
1.0
1.0
0.9999869
0.99999845
1.0
1.0
1.0
0.9999994
0.99808747
1.0
1.0
1.0
1.0
1.0
1.0
0.9999999
1.0
1.0
1.0
1.0
0.99999833
1.0
1.0
1.0
1.0
0.9999981
1.0
1.0
1.0
1.0
1.0
1.0
1.0
0.9999918
1.0
1.0
1.0
1.0
1.0
1.0
1.0
1.0
1.0
1.0
1.0
0.9999999
1.0
1.0
1.0
1.0
1.0
1.0
1.0
1.0
1.0
1.0
1.0
1.0
1.0
1.0
0.99999845
0.99999976
1.0
1.0
0.9999995
1.0
1.0
1.0
1.0
1.0
1.0
1.0
1.0
1.0
1.0
1.0
0.90672
1.0
0.999368
1.0
0.9999999
0.9999901
0.99998426
1.0
1.0
1.0
0.99617517
1.0
0.9999317
1.0
1.0
0.99999595
1.0
1.0
1.0
1.0
0.9999758
1.0
0.9998926
1.0
1.0
0.99999905
1.0
1.0
1.0
1.0
1.0
1.0
0.99998605
0.9941869
0.9999919
0.7750126
0.941752
1.0
1.0
1.0
1.0
1.0
0.9999999
0.99997354
1.0
0.9999881
0.9999999
0.9998667
0.99999833
1.0
0.9999999
0.99566877
1.0
1.0
1.0
1.0
0.99998295
1.0
1.0
1.0
1.0
1.0
1.0
1.0
1.0
1.0
1.0
0.99999475
1.0
0.99901533
1.0
1.0
1.0
1.0
1.0
1.0
1.0
0.99999964
1.0
1.0
1.0
1.0
1.0
1.0
1.0
0.99999964
1.0
1.0
1.0
1.0
1.0
0.9999999
0.9999908
1.0
0.9999999
1.0
1.0
0.99999964
1.0
1.0
1.0
1.0
1.0
1.0
1.0
1.0
0.99999034
1.0
1.0
0.9999999
1.0
1.0
1.0
1.0
1.0
1.0
1.0
1.0
1.0
1.0
1.0
1.0
0.99995184
0.99956626
1.0
0.99999785
1.0
1.0
1.0
1.0
1.0
0.99999976
1.0
1.0
1.0
1.0
1.0
0.9999926
1.0
0.99999785
1.0
1.0
1.0
0.9999999
0.99999714
1.0
1.0
1.0
0.99999917
0.9999999
1.0
0.9999999
1.0
1.0
1.0
1.0
1.0
1.0
0.9999995
0.9999976
1.0
1.0
1.0
1.0
1.0
1.0
1.0
1.0
0.99999917
0.99999976
1.0
0.99999964
1.0
1.0
1.0
1.0
1.0
1.0
1.0
1.0
1.0
1.0
1.0
1.0
0.99979323
0.99999976
0.99996185
0.9985648
1.0
1.0
1.0
0.99999654
1.0
1.0
0.99999976
0.99999785
0.9999995
0.9999993
1.0
1.0
0.9999515
1.0
1.0
0.9999981
1.0
1.0
1.0
1.0
0.99999976
0.9999999
1.0
1.0
1.0
1.0
0.84889257
0.99998784
1.0
1.0
0.9999428
0.9999838
0.99993634
1.0
0.9999999
0.99999905
0.99999726
1.0
0.9999999
0.9999988
0.99999905
0.99991655
1.0
1.0
1.0
1.0
1.0
1.0
0.9999999
1.0
1.0
0.99999976
1.0
1.0
1.0
1.0
1.0
1.0
1.0
1.0
1.0
1.0
1.0
0.9999988
0.9215985
1.0
1.0
1.0
0.99989235
0.98007786
0.99999964
1.0
0.99999785
0.9999715
0.9999999
0.9998548
0.9999827
1.0
0.8277746
0.99894816
1.0
1.0
1.0
1.0
1.0
0.99997115
0.99999976
0.9998392
1.0
1.0
1.0
1.0
0.9999981
1.0
1.0
1.0
1.0
1.0
1.0
1.0
1.0
1.0
0.9999999
1.0
1.0
1.0
1.0
1.0
1.0
1.0
1.0
0.9999995
1.0
1.0
1.0
0.9999999
1.0
1.0
1.0
1.0
1.0
1.0
1.0
1.0
1.0
0.9999988
0.9999999
0.9999
0.9999825
0.9999908
1.0
1.0
0.9999999
1.0
0.99999917
0.9939307
0.9999869
1.0
1.0
1.0
1.0
0.9999999
0.999998
1.0
0.9999995
1.0
1.0
1.0
1.0
1.0
0.99997425
1.0
1.0
1.0
1.0
1.0
1.0
1.0
1.0
0.9995028
1.0
0.97599936
1.0
1.0
1.0
1.0
1.0
1.0
1.0
1.0
1.0
1.0
1.0
1.0
1.0
0.9999993
1.0
1.0
0.9999964
0.9998863
1.0
1.0
1.0
1.0
0.9999957
1.0
1.0
1.0
0.99999976
1.0
1.0
1.0
1.0
1.0
1.0
1.0
1.0
1.0
1.0
1.0
1.0
1.0
1.0
1.0
1.0
1.0
1.0
1.0
1.0
1.0
1.0
1.0
0.9999994
1.0
1.0
1.0
1.0
1.0
1.0
1.0
1.0
1.0
1.0
1.0
1.0
1.0
1.0
1.0
1.0
1.0
1.0
1.0
1.0
1.0
1.0
1.0
1.0
1.0
1.0
1.0
1.0
1.0
1.0
0.9999999
1.0
1.0
1.0
1.0
0.99999976
1.0
0.99999833
1.0
1.0
1.0
1.0
0.9999901
0.99999905
1.0
1.0
0.9999999
1.0
0.99998975
0.99999857
0.99999964
0.9999999
1.0
1.0
1.0
1.0
1.0
1.0
1.0
0.99999046
0.976001
0.9999999
0.99999917
0.9999987
1.0
0.99999917
1.0
0.84586984
1.0
1.0
1.0
1.0
1.0
1.0
1.0
1.0
1.0
1.0
1.0
0.99999976
1.0
0.9999999
1.0
1.0
1.0
1.0
1.0
1.0
1.0
1.0
0.9999999
1.0
1.0
1.0
1.0
1.0
1.0
1.0
1.0
1.0
1.0
1.0
1.0
1.0
1.0
0.9999994
1.0
1.0
1.0
1.0
1.0
1.0
1.0
1.0
1.0
1.0
1.0
1.0
1.0
1.0
1.0
1.0
1.0
1.0
0.9999976
1.0
1.0
1.0
1.0
1.0
1.0
1.0
1.0
0.9999995
1.0
1.0
1.0
1.0
1.0
1.0
1.0
1.0
1.0
1.0
1.0
1.0
1.0
0.99999034
1.0
1.0
1.0
1.0
1.0
1.0
1.0
1.0
1.0
0.99999976
1.0
1.0
1.0
0.9999999
1.0
1.0
1.0
1.0
1.0
1.0
1.0
1.0
1.0
0.9999999
1.0
1.0
1.0
1.0
1.0
0.99999976
1.0
1.0
1.0
1.0
1.0
1.0
1.0
1.0
1.0
1.0
1.0
1.0
1.0
1.0
1.0
1.0
1.0
1.0
1.0
1.0
1.0
1.0
1.0
1.0
1.0
1.0
1.0
1.0
1.0
1.0
1.0
1.0
1.0
1.0
1.0
1.0
1.0
1.0
1.0
1.0
1.0
1.0
1.0
1.0
1.0
1.0
1.0
1.0
1.0
1.0
1.0
1.0
0.99999964
0.9999999
1.0
1.0
1.0
1.0
1.0
1.0
1.0
1.0
0.9999999
1.0
1.0
1.0
1.0
0.99999976
1.0
1.0
1.0
1.0
1.0
1.0
1.0
1.0
1.0
1.0
1.0
1.0
1.0
1.0
1.0
1.0
1.0
1.0
1.0
1.0
1.0
0.9999999
1.0
1.0
1.0
1.0
1.0
1.0
1.0
1.0
0.9999993
1.0
0.9999223
1.0
1.0
1.0
0.999997
1.0
1.0
1.0
1.0
1.0
1.0
0.9999999
1.0
1.0
1.0
1.0
1.0
1.0
1.0
1.0
1.0
1.0
1.0
1.0
1.0
1.0
1.0
1.0
1.0
1.0
1.0
1.0
1.0
1.0
1.0
1.0
1.0
1.0
1.0
1.0
1.0
1.0
1.0
0.99999917
1.0
1.0
1.0
1.0
1.0
1.0
1.0
1.0
1.0
1.0
1.0
1.0
1.0
1.0
1.0
1.0
1.0
1.0
1.0
1.0
1.0
1.0
1.0
0.9999999
0.99999976
0.9999999
1.0
1.0
1.0
1.0
1.0
1.0
1.0
1.0
1.0
1.0
1.0
0.99999964
1.0
1.0
1.0
1.0
1.0
0.9999999
1.0
1.0
1.0
1.0
1.0
1.0
1.0
0.99999976
1.0
1.0
1.0
0.9999999
1.0
1.0
1.0
1.0
1.0
1.0
1.0
1.0
0.99999845
0.9999995
1.0
1.0
1.0
1.0
1.0
1.0
1.0
1.0
1.0
1.0
1.0
1.0
1.0
1.0
1.0
1.0
1.0
1.0
1.0
1.0
1.0
1.0
1.0
1.0
1.0
1.0
1.0
1.0
1.0
1.0
1.0
1.0
1.0
1.0
0.9999758
1.0
1.0
1.0
1.0
0.9999989
1.0
0.9999975
1.0
1.0
1.0
1.0
1.0
1.0
1.0
0.9999999
1.0
1.0
0.9999999
1.0
1.0
1.0
0.9999995
1.0
0.9999913
1.0
1.0
1.0
1.0
1.0
1.0
0.99999905
1.0
1.0
1.0
1.0
1.0
1.0
1.0
1.0
1.0
1.0
1.0
1.0
1.0
1.0
1.0
1.0
1.0
0.9999999
1.0
1.0
1.0
1.0
1.0
1.0
1.0
1.0
1.0
1.0
1.0
1.0
0.99999905
1.0
1.0
1.0
1.0
1.0
1.0
1.0
0.9999994
1.0
1.0
0.9999999
0.99999976
1.0
1.0
1.0
1.0
1.0
1.0
0.9999994
1.0
1.0
1.0
1.0
1.0
1.0
1.0
1.0
1.0
1.0
0.99999964
1.0
1.0
1.0
1.0
1.0
0.9999994
1.0
1.0
1.0
1.0
1.0
0.99999976
1.0
1.0
1.0
1.0
1.0
1.0
1.0
1.0
0.9999999
1.0
1.0
0.99995863
1.0
1.0
1.0
1.0
1.0
0.9999999
1.0
1.0
1.0
1.0
0.9949281
0.9999995
1.0
0.9999882
1.0
1.0
0.99709165
0.9999608
0.99999845
1.0
0.5004564
1.0
1.0
1.0
1.0
0.9666562
0.9999925
0.99999917
1.0
0.9999964
1.0
1.0
0.9999999
1.0
1.0
1.0
1.0
0.99997735
1.0
0.99999964
1.0
1.0
1.0
1.0
0.9999999
0.9998785
0.9999957
1.0
1.0
1.0
0.9999999
1.0
0.9999851
1.0
1.0
1.0
1.0
1.0
0.999982
1.0
1.0
1.0
1.0
0.9999988
1.0
1.0
1.0
1.0
1.0
1.0
0.9999895
1.0
0.9996978
1.0
1.0
1.0
1.0
1.0
1.0
1.0
0.9999995
1.0
1.0
1.0
1.0
1.0
1.0
1.0
1.0
1.0
1.0
1.0
1.0
1.0
1.0
1.0
1.0
1.0
1.0
1.0
1.0
1.0
1.0
1.0
1.0
1.0
1.0
1.0
1.0
1.0
1.0
0.9999995
1.0
1.0
1.0
1.0
1.0
1.0
0.9999999
1.0
1.0
1.0
1.0
1.0
0.99999976
1.0
1.0
1.0
1.0
1.0
1.0
1.0
1.0
1.0
1.0
1.0
1.0
1.0
1.0
1.0
1.0
1.0
1.0
1.0
1.0
1.0
1.0
1.0
1.0
1.0
1.0
1.0
1.0
1.0
0.99999845
1.0
1.0
1.0
1.0
0.99956805
1.0
1.0
1.0
1.0
0.9999989
1.0
0.9999975
1.0
1.0
0.9999958
1.0
0.9999993
1.0
1.0
1.0
1.0
1.0
1.0
1.0
1.0
1.0
1.0
1.0
1.0
1.0
1.0
1.0
0.9999999
1.0
0.99999964
1.0
1.0
1.0
1.0
1.0
1.0
1.0
1.0
1.0
1.0
1.0
1.0
1.0
1.0
1.0
1.0
1.0
1.0
1.0
1.0
1.0
1.0
1.0
1.0
1.0
0.9999988
1.0
0.99999976
1.0
0.9999994
1.0
1.0
1.0
1.0
1.0
1.0
0.9999987
1.0
1.0
1.0
1.0
1.0
1.0
1.0
1.0
1.0
1.0
1.0
1.0
1.0
1.0
1.0
1.0
1.0
1.0
1.0
0.9999987
1.0
1.0
1.0
1.0
1.0
1.0
0.99984634
0.9999995
1.0
0.9999995
1.0
0.9999999
1.0
1.0
1.0
1.0
0.9999999
1.0
1.0
1.0
1.0
1.0
1.0
1.0
1.0
1.0
1.0
1.0
1.0
1.0
1.0
1.0
1.0
1.0
0.9991967
1.0
1.0
1.0
1.0
1.0
1.0
1.0
1.0
1.0
1.0
1.0
1.0
1.0
1.0
1.0
0.99999976
1.0
1.0
1.0
1.0
1.0
1.0
1.0
1.0
1.0
1.0
1.0
1.0
1.0
1.0
1.0
1.0
1.0
1.0
1.0
0.99999356
1.0
1.0
1.0
1.0
1.0
1.0
1.0
1.0
1.0
1.0
1.0
1.0
1.0
1.0
0.99999845
1.0
1.0
1.0
1.0
1.0
1.0
1.0
1.0
1.0
1.0
0.99943155
1.0
1.0
1.0
0.9999863
1.0
1.0
1.0
1.0
1.0
1.0
1.0
1.0
1.0
1.0
1.0
1.0
1.0
1.0
1.0
1.0
1.0
1.0
1.0
1.0
1.0
1.0
1.0
1.0
1.0
1.0
1.0
1.0
0.9999999
1.0
0.9999995
1.0
1.0
1.0
0.9999999
0.9999863
1.0
1.0
0.99999976
1.0
1.0
1.0
1.0
1.0
1.0
0.9999988
1.0
1.0
1.0
1.0
1.0
0.9999999
1.0
1.0
1.0
1.0
1.0
1.0
1.0
1.0
1.0
1.0
1.0
1.0
0.99999976
1.0
0.99999654
1.0
1.0
1.0
1.0
1.0
0.99999976
1.0
0.99798346
0.99996877
0.9999976
1.0
0.9994456
0.99998987
1.0
1.0
1.0
1.0
1.0
1.0
1.0
1.0
1.0
0.99999976
1.0
1.0
1.0
1.0
1.0
1.0
1.0
1.0
1.0
0.9999889
1.0
1.0
1.0
1.0
1.0
1.0
1.0
1.0
1.0
0.99999964
1.0
0.9999999
1.0
1.0
1.0
1.0
0.9999989
1.0
1.0
1.0
0.99999976
1.0
0.9999999
1.0
1.0
1.0
1.0
1.0
1.0
1.0
0.99999976
0.9999999
1.0
1.0
1.0
1.0
1.0
1.0
1.0
1.0
1.0
1.0
1.0
0.9999995
0.9999962
0.9999682
1.0
1.0
0.99999475
1.0
0.99999535
1.0
1.0
0.9998442
1.0
1.0
1.0
1.0
0.9994899
1.0
1.0
0.999995
1.0
1.0
1.0
0.9999982
1.0
1.0
1.0
1.0
0.9998982
1.0
1.0
1.0
1.0
0.99999964
1.0
1.0
1.0
0.99999964
0.9999987
1.0
1.0
0.6824966
1.0
1.0
1.0
0.9999943
1.0
0.9999999
1.0
0.9999443
0.99999046
0.9999927
1.0
1.0
1.0
1.0
1.0
0.99999034
1.0
1.0
1.0
1.0
1.0
1.0
1.0
0.9999981
1.0
1.0
1.0
1.0
1.0
0.9999995
1.0
0.99999976
1.0
1.0
1.0
1.0
0.9999999
1.0
1.0
1.0
0.99982125
1.0
1.0
1.0
1.0
0.99999917
1.0
1.0
1.0
0.99999905
1.0
1.0
1.0
1.0
1.0
1.0
0.99298453
0.9999993
1.0
1.0
1.0
1.0
1.0
0.9999999
0.99999964
0.99998736
1.0
1.0
0.9999988
1.0
1.0
1.0
1.0
1.0
1.0
1.0
0.99997604
1.0
1.0
0.9999999
1.0
0.9999846
0.9999999
0.9999999
1.0
1.0
0.9999962
1.0
1.0
0.91713196
1.0
0.99999726
1.0
0.9999987
0.9992724
0.9999999
0.9199358
1.0
1.0
1.0
1.0
1.0
1.0
0.7599258
1.0
0.99451846
0.9999713
0.56757295
1.0
1.0
0.99999785
0.7859291
0.99995637
1.0
0.9999895
1.0
1.0
1.0
0.99999964
1.0
0.9999995
0.9999802
0.9999924
1.0
0.99999666
1.0
1.0
0.99999607
1.0
1.0
0.9999949
1.0
0.9999999
0.92973
1.0
1.0
1.0
1.0
0.9997125
1.0
1.0
0.99999905
1.0
1.0
1.0
1.0
0.99999714
0.9999987
0.9017374
1.0
1.0
1.0
0.99999917
1.0
1.0
0.9999937
0.9996706
1.0
0.9999999
1.0
0.99999976
0.9802065
0.99998856
0.99999976
1.0
0.9999999
1.0
0.77656156
0.9999999
0.99999785
0.9999995
1.0
0.9999999
1.0
1.0
1.0
1.0
1.0
1.0
1.0
1.0
0.99999905
0.9999993
0.9989949
1.0
0.9998223
1.0
1.0
1.0
1.0
0.9999969
1.0
0.9999982
1.0
0.9999999
0.9999925
1.0
1.0
0.9999932
0.99999917
0.9999945
1.0
0.99952567
1.0
0.99999654
0.9999975
1.0
1.0
1.0
0.9996685
0.9999957
1.0
1.0
1.0
0.9999976
1.0
1.0
1.0
0.9999044
0.9999999
0.9998988
0.9999988
0.9999999
0.9999261
0.9999845
0.99999857
1.0
0.9999995
1.0
1.0
0.9999999
0.99994135
1.0
1.0
1.0
1.0
0.99999905
0.9312945
1.0
0.94526494
0.99999976
1.0
1.0
1.0
1.0
1.0
0.99998105
1.0
0.99999785
1.0
0.9999924
0.9999622
1.0
1.0
1.0
1.0
1.0
0.9999995
1.0
1.0
1.0
0.56137884
0.9998832
1.0
0.99999964
0.9999999
1.0
1.0
0.9999999
0.99999154
1.0
1.0
1.0
1.0
1.0
1.0
1.0
0.9999844
0.99999976
1.0
0.98891103
1.0
1.0
1.0
1.0
0.99998975
1.0
1.0
1.0
1.0
1.0
1.0
1.0
1.0
1.0
1.0
1.0
0.99999666
0.99999464
1.0
0.9997377
0.99999964
1.0
0.9999999
1.0
1.0
0.9999999
1.0
0.94714516
0.9997756
0.9999994
1.0
1.0
1.0
1.0
1.0
0.9997975
1.0
0.99999976
0.5176868
1.0
1.0
1.0
1.0
0.99995375
0.9998548
1.0
0.9999155
0.9999999
1.0
1.0
0.9999999
1.0
0.9999975
1.0
1.0
0.9999939
0.9999999
1.0
1.0
1.0
1.0
1.0
0.99995327
1.0
1.0
1.0
1.0
0.99769175
0.9999999
1.0
1.0
0.99888414
0.99999607
1.0
0.99999964
1.0
0.9998323
1.0
0.99999356
0.99997556
1.0
0.99997413
0.999997
0.9999999
1.0
1.0
1.0
1.0
1.0
1.0
0.9999994
0.9999994
0.99777836
0.9999752
0.99971503
1.0
1.0
0.99999976
1.0
1.0
1.0
0.9999995
1.0
1.0
0.99998
1.0
0.99999976
0.9999989
1.0
1.0
0.99735296
1.0
1.0
0.9999999
1.0
1.0
1.0
0.9999999
1.0
1.0
1.0
1.0
1.0
0.9999945
1.0
0.9999999
1.0
1.0
0.999984
0.9999987
1.0
1.0
1.0
0.99999964
1.0
1.0
0.99999976
1.0
1.0
0.9999999
1.0
1.0
1.0
1.0
0.9999999
1.0
1.0
1.0
1.0
1.0
1.0
1.0
1.0
0.99999976
1.0
1.0
1.0
1.0
0.9999994
0.9999999
1.0
0.9999999
1.0
0.9999608
0.99999976
1.0
0.9999999
1.0
0.9999988
0.999997
0.9928933
1.0
1.0
1.0
1.0
1.0
1.0
1.0
1.0
1.0
0.9999999
0.9999908
1.0
1.0
1.0
1.0
1.0
1.0
