1.0
1.0
0.99999976
1.0
0.9999999
0.9999987
0.9999504
1.0
0.9997625
1.0
1.0
1.0
0.9999999
1.0
1.0
0.9999999
1.0
1.0
0.9986696
1.0
0.99999964
0.99999917
1.0
1.0
1.0
1.0
1.0
1.0
0.99999976
1.0
1.0
1.0
1.0
0.99999523
1.0
1.0
0.9999988
1.0
0.99999774
1.0
1.0
0.99999785
0.9999994
0.99999976
0.99999785
0.9999999
1.0
1.0
1.0
1.0
0.9999999
1.0
1.0
0.9999999
1.0
1.0
1.0
0.9999999
1.0
1.0
1.0
1.0
0.9905183
0.99999976
1.0
0.9999989
0.9999989
0.9999999
1.0
1.0
1.0
1.0
1.0
0.9999645
1.0
1.0
1.0
1.0
0.9999875
1.0
0.99999964
1.0
1.0
1.0
1.0
1.0
1.0
0.99999905
1.0
0.9999995
1.0
1.0
0.999841
1.0
1.0
0.99783176
0.99999416
0.99999654
1.0
1.0
1.0
1.0
1.0
1.0
0.999995
1.0
1.0
0.99994874
1.0
1.0
1.0
0.9999796
1.0
1.0
1.0
0.9491993
0.9999999
1.0
0.9999999
0.9999896
1.0
0.9997764
1.0
1.0
0.99999535
0.99999416
1.0
1.0
1.0
1.0
1.0
1.0
1.0
1.0
1.0
1.0
0.9999999
1.0
1.0
0.99986124
1.0
1.0
1.0
1.0
1.0
1.0
1.0
1.0
1.0
0.99987817
1.0
0.99777573
1.0
1.0
1.0
1.0
1.0
1.0
0.99999833
1.0
0.9998423
1.0
1.0
1.0
1.0
1.0
1.0
0.9999751
1.0
1.0
1.0
0.9999981
1.0
1.0
1.0
0.99717903
1.0
1.0
1.0
1.0
1.0
1.0
1.0
1.0
0.99789315
0.9999999
1.0
1.0
1.0
0.9999999
0.9999994
0.9999999
1.0
0.9984022
1.0
0.9999969
1.0
1.0
0.999997
0.9999964
1.0
1.0
0.9999987
1.0
0.9999995
1.0
1.0
0.9999994
1.0
0.9999455
1.0
0.9998926
1.0
1.0
1.0
1.0
1.0
0.9999633
1.0
1.0
0.9999999
0.9999945
1.0
1.0
0.99999964
1.0
1.0
1.0
0.9999994
0.99999917
1.0
1.0
1.0
1.0
0.99999607
1.0
1.0
1.0
1.0
1.0
0.99999964
0.99999464
0.9999995
0.9999937
0.9999999
0.9999962
1.0
0.944539
0.9999999
1.0
1.0
0.9999988
1.0
1.0
1.0
0.99999785
1.0
0.9999999
1.0
0.6197091
1.0
1.0
1.0
0.9999999
0.9999776
1.0
0.99974424
1.0
1.0
1.0
1.0
1.0
1.0
1.0
1.0
0.9999999
1.0
1.0
1.0
1.0
0.9999999
1.0
0.9999505
1.0
1.0
1.0
0.9999993
0.9999982
1.0
0.9999999
0.9999379
0.9999999
0.9999914
1.0
1.0
1.0
1.0
0.9999999
0.99999976
1.0
1.0
1.0
1.0
1.0
1.0
1.0
1.0
1.0
0.9999999
1.0
1.0
1.0
1.0
0.99999976
1.0
1.0
0.99999976
0.99999523
1.0
1.0
0.9878664
0.78126496
1.0
1.0
0.99999166
0.9999982
0.99779165
1.0
0.9999999
1.0
1.0
1.0
1.0
1.0
1.0
1.0
0.99998605
0.9999813
1.0
0.99947995
0.86681885
0.9999994
1.0
1.0
1.0
1.0
1.0
1.0
1.0
1.0
1.0
1.0
0.9999994
1.0
0.9999999
1.0
1.0
0.9999981
0.99971336
0.99570435
0.9999999
1.0
0.99999726
0.99999785
1.0
1.0
0.9999082
1.0
0.9993523
1.0
1.0
1.0
1.0
1.0
1.0
1.0
0.9999999
1.0
1.0
1.0
0.9999999
0.9998778
1.0
1.0
1.0
1.0
0.99999595
1.0
0.9999987
0.9999999
1.0
1.0
1.0
0.9999999
1.0
0.9999999
1.0
0.9999999
0.99999976
1.0
0.9999999
1.0
1.0
0.9999999
0.99998796
0.99999976
1.0
1.0
1.0
1.0
1.0
0.9998685
0.9997054
1.0
0.99999976
0.99999547
1.0
0.9982856
1.0
1.0
0.9999995
1.0
1.0
1.0
1.0
1.0
1.0
1.0
1.0
1.0
1.0
1.0
0.9999999
1.0
1.0
0.99999416
1.0
1.0
0.9999999
0.99999976
1.0
0.9999999
1.0
0.9999994
0.9998387
0.9021169
0.99999535
0.9976649
0.999897
0.8015101
0.9998462
1.0
0.9999974
1.0
0.9999999
1.0
0.9999714
0.9999995
1.0
1.0
0.9999682
1.0
0.9999994
1.0
0.99999964
1.0
1.0
1.0
0.99999964
0.99999964
1.0
1.0
1.0
1.0
1.0
1.0
1.0
1.0
0.9999269
0.99997246
0.99999976
1.0
1.0
1.0
1.0
1.0
1.0
1.0
0.9999995
1.0
0.99999857
1.0
0.99988747
1.0
1.0
0.96326506
1.0
0.9961261
0.99999917
1.0
1.0
1.0
0.99999976
1.0
0.9999999
1.0
1.0
0.9999988
0.9999975
1.0
0.99999964
0.9998016
1.0
1.0
1.0
1.0
1.0
1.0
1.0
0.9999999
1.0
1.0
1.0
0.99999225
1.0
1.0
1.0
1.0
1.0
1.0
0.9999995
1.0
0.9999999
1.0
0.99999905
1.0
0.99999976
1.0
1.0
1.0
1.0
1.0
0.99999
0.99902225
1.0
0.9999999
1.0
0.99999714
1.0
1.0
1.0
0.99980575
0.99999857
1.0
1.0
1.0
1.0
0.99996555
0.9999999
0.9999975
1.0
0.9999995
1.0
1.0
1.0
1.0
1.0
1.0
1.0
1.0
1.0
0.99617827
1.0
1.0
1.0
1.0
1.0
1.0
1.0
1.0
1.0
0.99999976
0.9297804
0.9454253
1.0
1.0
1.0
0.9999999
0.9999994
1.0
1.0
0.9718769
1.0
0.9999229
0.9999999
1.0
1.0
0.9999739
1.0
1.0
1.0
1.0
1.0
1.0
1.0
0.99999976
1.0
1.0
1.0
1.0
0.9999999
1.0
1.0
0.99994755
1.0
0.99999714
1.0
1.0
0.9999982
0.9914186
0.9999999
1.0
1.0
1.0
0.99999833
0.6204634
1.0
1.0
1.0
0.9999931
1.0
1.0
1.0
1.0
1.0
0.9999925
1.0
1.0
1.0
0.9999999
1.0
1.0
0.99998116
1.0
1.0
0.9998764
0.99909854
1.0
1.0
0.9999949
0.99999917
1.0
1.0
1.0
1.0
1.0
1.0
1.0
0.9999069
0.6768663
1.0
0.9999999
1.0
1.0
1.0
1.0
0.9999995
0.9997397
1.0
1.0
0.9999999
0.9999995
1.0
1.0
0.97284794
1.0
0.9999994
1.0
1.0
0.99999714
1.0
1.0
1.0
1.0
0.9747235
0.9999999
1.0
1.0
0.9999982
0.9962853
1.0
0.99998116
1.0
1.0
1.0
0.99999964
1.0
1.0
0.9999995
1.0
1.0
1.0
1.0
1.0
1.0
1.0
1.0
0.9999989
0.9999999
1.0
1.0
1.0
1.0
1.0
1.0
1.0
0.54878926
0.9479043
1.0
1.0
0.99922144
1.0
1.0
0.99984944
1.0
1.0
0.99567467
1.0
0.99999785
1.0
0.9999988
1.0
1.0
1.0
1.0
1.0
1.0
0.9999993
0.99978405
0.99999917
0.9947942
0.99999833
1.0
0.99999976
1.0
0.9999999
0.99999297
1.0
1.0
1.0
1.0
1.0
1.0
1.0
1.0
1.0
0.9999994
1.0
1.0
1.0
0.9862808
0.9999981
0.99999344
1.0
1.0
1.0
1.0
0.99999356
1.0
0.99999917
1.0
1.0
1.0
1.0
1.0
1.0
1.0
1.0
1.0
1.0
0.9999926
0.9999919
1.0
1.0
1.0
0.99999607
0.9899539
1.0
1.0
0.9998983
0.99999917
0.9999993
1.0
1.0
1.0
1.0
1.0
0.99999917
1.0
1.0
0.9999975
1.0
1.0
1.0
0.9999987
1.0
1.0
1.0
1.0
1.0
0.9999999
1.0
1.0
0.9991473
1.0
1.0
0.99999654
0.9999974
1.0
1.0
1.0
1.0
1.0
0.9999999
1.0
1.0
0.9999999
0.9999999
0.9999999
0.9990295
1.0
0.9999995
1.0
0.9999713
1.0
0.99999845
0.9999999
1.0
1.0
0.9994086
0.9999999
1.0
0.9999974
1.0
0.99435
0.99999964
0.94567573
1.0
0.9999999
1.0
1.0
1.0
1.0
1.0
1.0
1.0
1.0
0.9999981
1.0
0.9999994
1.0
0.99999976
1.0
0.9999999
1.0
1.0
0.9998722
1.0
1.0
1.0
0.9999609
1.0
0.9999999
1.0
0.9999938
0.9999999
1.0
0.99999964
1.0
1.0
0.9999999
0.979352
0.7973213
0.9653355
1.0
0.9999988
0.9999999
1.0
0.9999999
1.0
1.0
1.0
1.0
1.0
1.0
0.9999926
0.99999857
1.0
0.99997485
1.0
0.99646205
1.0
0.99988925
0.9999151
1.0
1.0
0.9999999
0.9999975
1.0
0.9999981
1.0
1.0
1.0
1.0
1.0
1.0
0.999997
1.0
0.99999964
1.0
1.0
1.0
0.9999999
1.0
0.99013966
1.0
0.99999976
1.0
1.0
1.0
1.0
1.0
1.0
1.0
1.0
0.9999999
0.99999154
1.0
0.80272377
0.9979382
0.9999069
1.0
0.99999857
0.9999999
1.0
1.0
0.99999964
0.8980333
1.0
0.9999999
0.99992216
1.0
0.9999732
1.0
1.0
0.99999905
0.9985222
1.0
0.99998736
1.0
1.0
1.0
0.99999857
0.99999976
0.9999951
0.95060873
0.9999957
1.0
1.0
0.9996666
1.0
1.0
1.0
1.0
1.0
1.0
1.0
0.99999976
1.0
1.0
1.0
1.0
0.9999999
1.0
1.0
1.0
1.0
1.0
1.0
1.0
1.0
1.0
0.9999993
1.0
0.9999999
1.0
1.0
1.0
1.0
0.9999999
0.99999964
1.0
0.99999833
1.0
1.0
1.0
0.99999785
1.0
1.0
1.0
1.0
1.0
1.0
1.0
0.99999595
0.9999958
1.0
0.9999999
1.0
0.9999976
1.0
0.9999176
0.9999924
1.0
0.9999796
0.99999964
0.9999993
1.0
1.0
1.0
0.9999999
1.0
0.99992096
0.9733768
0.9999999
0.9999995
1.0
1.0
1.0
0.513075
1.0
1.0
1.0
1.0
0.99957365
0.9996234
1.0
1.0
1.0
1.0
0.9999989
0.9999752
1.0
1.0
1.0
0.99999905
0.9999993
0.99999726
1.0
0.99999845
1.0
1.0
0.9999068
1.0
1.0
1.0
1.0
1.0
1.0
1.0
1.0
1.0
0.9999963
1.0
1.0
1.0
1.0
0.99999976
1.0
1.0
1.0
0.99999595
0.9999987
1.0
1.0
0.9999999
1.0
1.0
1.0
0.99999857
0.9999993
1.0
1.0
1.0
1.0
1.0
1.0
1.0
1.0
1.0
1.0
0.9999882
1.0
1.0
1.0
1.0
1.0
0.9924164
0.99999964
1.0
1.0
0.9999999
0.5158774
1.0
0.9971054
1.0
1.0
0.9999995
0.99999666
0.9999945
1.0
0.99998605
0.9999981
1.0
1.0
1.0
1.0
1.0
0.9999708
1.0
1.0
1.0
1.0
0.99999416
1.0
1.0
0.99999976
1.0
0.9999685
1.0
1.0
0.9999989
1.0
1.0
1.0
0.9999999
0.9999987
0.9999709
1.0
1.0
1.0
0.999998
0.9999999
0.9999964
1.0
1.0
0.9999974
0.9999962
1.0
1.0
1.0
0.99999917
1.0
0.9999999
0.9999826
1.0
0.9999751
0.99999905
1.0
0.999969
1.0
1.0
1.0
0.9999833
1.0
1.0
1.0
1.0
0.9999325
1.0
1.0
0.9989108
0.7391167
1.0
1.0
1.0
1.0
0.9999993
1.0
1.0
1.0
0.9979037
0.99981374
1.0
1.0
0.99999917
1.0
1.0
1.0
0.9999999
0.9999999
1.0
0.9998778
1.0
0.99997234
1.0
0.99994886
1.0
1.0
0.99998045
1.0
0.9999994
0.9999572
1.0
0.99999976
1.0
0.9985411
0.99999404
1.0
1.0
1.0
1.0
1.0
1.0
0.99999785
1.0
0.90690196
1.0
0.99999917
1.0
1.0
0.9999999
0.9959518
0.9999999
0.9999999
1.0
1.0
1.0
1.0
0.9999987
1.0
0.9999999
0.9839733
0.99999964
0.9999951
1.0
1.0
0.8445667
0.99999654
1.0
0.9999999
0.99999964
0.99999833
1.0
1.0
1.0
0.9999871
0.9999999
1.0
0.9999999
0.76920223
1.0
1.0
0.9996
0.9999974
1.0
0.9999988
1.0
1.0
1.0
0.9999999
1.0
0.9999999
1.0
0.99996495
1.0
1.0
1.0
1.0
0.9981558
1.0
1.0
0.9999881
0.99999976
1.0
1.0
1.0
1.0
1.0
0.9986553
0.99952793
1.0
0.9999989
1.0
1.0
0.99999976
0.9999683
1.0
1.0
0.9992895
1.0
0.9999995
1.0
1.0
1.0
1.0
1.0
0.9999994
1.0
1.0
1.0
1.0
1.0
0.9999999
1.0
0.99999976
1.0
1.0
0.9999987
0.7567722
1.0
1.0
1.0
1.0
1.0
1.0
0.9956742
1.0
0.5504951
1.0
0.9999846
0.9999987
1.0
1.0
0.99999905
0.9999999
1.0
0.94070816
1.0
0.9999399
1.0
1.0
1.0
1.0
0.99999046
1.0
1.0
0.99998343
1.0
0.9999999
1.0
1.0
1.0
1.0
1.0
0.9999989
0.99999905
0.9999999
1.0
1.0
1.0
1.0
1.0
1.0
0.88817835
0.9999981
0.9999999
1.0
1.0
1.0
1.0
1.0
1.0
1.0
1.0
1.0
1.0
0.99996376
0.99999845
1.0
1.0
1.0
1.0
1.0
1.0
0.9999473
1.0
1.0
1.0
1.0
1.0
0.9999746
0.9999999
0.9013534
0.99954
0.99999833
1.0
0.99999845
0.99999964
1.0
1.0
0.9999995
0.9999949
0.9967014
0.99999905
1.0
0.9999999
1.0
0.99999976
1.0
1.0
0.9999994
1.0
0.9999987
0.3997497
0.9663254
1.0
1.0
1.0
1.0
1.0
1.0
1.0
0.99991536
1.0
0.99997675
1.0
0.99999845
1.0
0.99997735
1.0
1.0
1.0
0.9999951
1.0
0.99999905
0.9998965
1.0
0.99971455
0.9999993
0.9940369
0.9999887
1.0
1.0
0.9999739
1.0
1.0
1.0
0.99999964
1.0
0.9999999
1.0
1.0
0.9999944
0.9999994
1.0
1.0
1.0
0.99999905
0.9809841
1.0
1.0
0.99999976
1.0
0.9999908
0.9999912
0.99999964
0.99999976
1.0
0.99999654
1.0
1.0
1.0
1.0
1.0
0.99999726
0.99998343
1.0
1.0
1.0
1.0
1.0
0.99997914
1.0
1.0
1.0
1.0
1.0
0.99999976
1.0
1.0
1.0
0.9999522
1.0
0.99621624
1.0
0.9999995
1.0
1.0
1.0
0.9754286
1.0
1.0
1.0
0.9999999
0.9999734
1.0
0.99999964
0.99999857
0.9999528
0.99999726
0.99999964
1.0
1.0
0.99999857
1.0
0.9998548
1.0
1.0
1.0
0.94554704
1.0
0.89320517
0.9999924
1.0
1.0
1.0
0.7096741
1.0
1.0
0.57717985
0.9999994
1.0
1.0
1.0
1.0
1.0
1.0
1.0
1.0
1.0
1.0
1.0
0.999982
1.0
1.0
1.0
0.9999105
1.0
0.9759118
1.0
0.9994387
1.0
0.9759897
0.9672528
1.0
1.0
0.99999905
0.9999981
0.9987445
1.0
1.0
0.9999999
1.0
1.0
1.0
0.999933
1.0
1.0
0.9972976
0.9999485
1.0
1.0
1.0
1.0
1.0
0.99999595
1.0
1.0
0.99999344
0.9999999
0.9999522
1.0
1.0
1.0
1.0
1.0
0.9999894
1.0
1.0
1.0
1.0
0.99999964
1.0
1.0
0.99991155
1.0
1.0
1.0
1.0
0.9999995
1.0
1.0
1.0
0.9999999
1.0
1.0
0.99998975
1.0
0.9999926
1.0
0.99916446
1.0
1.0
0.9999857
1.0
0.9999999
1.0
0.99999905
1.0
0.99999964
0.79419565
1.0
1.0
1.0
1.0
0.99997675
1.0
1.0
1.0
1.0
0.99999774
1.0
1.0
0.9998368
1.0
1.0
0.9999887
1.0
1.0
0.9999999
0.99387854
1.0
1.0
1.0
1.0
1.0
1.0
0.9999999
0.99999714
1.0
1.0
1.0
1.0
0.92442423
1.0
1.0
1.0
1.0
0.99999905
0.99997914
1.0
1.0
1.0
1.0
1.0
1.0
0.99999964
1.0
1.0
0.9999989
0.9999902
1.0
0.99968743
1.0
1.0
0.99999774
1.0
0.99924314
1.0
1.0
0.56344926
0.9996772
1.0
1.0
1.0
0.9932777
1.0
1.0
0.99999976
1.0
0.9999999
1.0
1.0
1.0
0.9999943
0.99998975
0.9999999
1.0
1.0
1.0
0.99999607
0.99999917
1.0
1.0
1.0
1.0
0.99999917
1.0
0.58329
0.99999976
0.9999995
1.0
1.0
1.0
1.0
0.99996173
0.5432098
0.99978405
1.0
1.0
0.9988631
0.9867055
1.0
1.0
0.99998605
1.0
1.0
1.0
0.9999999
0.99999905
1.0
0.9999995
1.0
1.0
1.0
1.0
0.7615178
1.0
1.0
1.0
0.9999999
1.0
1.0
1.0
1.0
1.0
1.0
0.9999945
1.0
1.0
0.9999627
1.0
1.0
0.9951047
0.9999995
1.0
1.0
1.0
1.0
1.0
1.0
1.0
1.0
1.0
1.0
0.99999964
0.9999999
1.0
1.0
1.0
1.0
0.9998995
0.9984357
0.9999976
1.0
0.9999976
1.0
1.0
1.0
1.0
0.9999995
0.99998856
1.0
1.0
0.9999999
1.0
1.0
1.0
1.0
0.9762164
1.0
0.99999964
1.0
1.0
1.0
1.0
1.0
1.0
1.0
0.9867982
1.0
1.0
1.0
1.0
1.0
0.9999975
1.0
0.9999651
0.99799216
1.0
0.9999925
1.0
0.99999976
1.0
1.0
0.99999964
1.0
1.0
0.9999944
1.0
1.0
0.9983203
1.0
1.0
1.0
0.9999999
1.0
0.9995596
1.0
1.0
0.99999905
1.0
0.99998903
1.0
1.0
0.99999833
1.0
0.99814165
0.9999901
1.0
1.0
1.0
0.999974
0.99999475
1.0
1.0
0.99916387
1.0
0.9999988
1.0
1.0
1.0
1.0
1.0
1.0
1.0
0.9999968
1.0
1.0
1.0
1.0
1.0
1.0
1.0
0.9998517
1.0
1.0
0.99866736
1.0
1.0
0.99988735
1.0
1.0
1.0
1.0
1.0
1.0
0.9416351
1.0
0.9995048
1.0
1.0
0.99951804
1.0
0.9999988
1.0
1.0
0.9999778
1.0
1.0
1.0
1.0
1.0
0.9999968
1.0
1.0
1.0
0.9999993
0.99650675
0.9999937
0.9822843
1.0
0.5626389
1.0
1.0
1.0
1.0
1.0
0.9999511
0.9999999
0.9999801
1.0
1.0
1.0
1.0
1.0
1.0
0.9999999
1.0
1.0
1.0
1.0
1.0
0.9999783
1.0
1.0
0.9999999
1.0
0.9999901
1.0
1.0
1.0
1.0
1.0
1.0
1.0
0.9999995
0.9999758
1.0
1.0
0.99999964
1.0
0.99999964
0.9999455
0.9999956
1.0
0.99999976
0.9999999
0.99962187
1.0
1.0
0.9999838
1.0
0.99999917
0.99998724
0.9984848
1.0
1.0
1.0
1.0
1.0
1.0
0.9999951
1.0
0.99998975
1.0
1.0
1.0
0.9999809
1.0
1.0
1.0
1.0
1.0
1.0
1.0
1.0
0.9999999
1.0
1.0
0.9999976
0.95372105
1.0
0.9999442
1.0
1.0
0.99979514
0.99999297
0.9999995
0.99999535
1.0
0.9999964
0.9999745
0.99999857
1.0
0.99999785
1.0
0.99999976
0.9999968
0.99999917
1.0
1.0
1.0
0.9999999
1.0
1.0
1.0
1.0
0.999995
1.0
1.0
1.0
1.0
1.0
1.0
0.99988985
1.0
0.9720337
1.0
1.0
1.0
1.0
0.9999993
0.98690856
0.9999862
1.0
1.0
0.9999919
0.9999995
1.0
1.0
1.0
0.99999976
1.0
0.9997476
1.0
1.0
1.0
0.9999999
0.998367
1.0
1.0
0.90285915
0.9999882
1.0
1.0
0.99998426
0.9999999
0.9999999
1.0
0.99999964
1.0
0.60336405
1.0
1.0
1.0
0.99999845
0.9999995
1.0
1.0
1.0
1.0
0.99990606
1.0
0.9999999
1.0
0.9999988
0.99999976
1.0
0.85849035
1.0
1.0
1.0
0.99999857
1.0
1.0
1.0
1.0
1.0
1.0
1.0
1.0
1.0
0.99957734
1.0
1.0
1.0
1.0
0.9999993
0.99943906
1.0
1.0
0.99574536
0.9999995
0.9999999
1.0
1.0
0.8652118
0.99999905
1.0
1.0
1.0
1.0
1.0
1.0
1.0
0.99914336
1.0
0.9895112
1.0
1.0
1.0
0.9999989
1.0
1.0
0.9999969
1.0
0.90183514
1.0
1.0
1.0
1.0
1.0
1.0
0.9999957
1.0
1.0
1.0
0.5255445
0.99996424
0.9998442
1.0
1.0
1.0
0.93234074
1.0
1.0
0.9999862
1.0
1.0
1.0
1.0
0.9999813
1.0
1.0
1.0
1.0
0.9999616
0.99999976
0.9999893
1.0
1.0
1.0
1.0
1.0
1.0
1.0
0.99999976
1.0
1.0
0.99999213
0.9999999
1.0
1.0
1.0
0.99999976
1.0
0.9999988
0.9999676
1.0
1.0
1.0
1.0
0.9999908
0.9999994
1.0
1.0
1.0
0.9999974
1.0
1.0
0.5845019
1.0
1.0
0.9287448
0.98858184
1.0
0.99999964
0.9655945
1.0
1.0
1.0
0.99999917
1.0
0.99776363
1.0
0.9999975
0.99998605
1.0
0.9999974
1.0
1.0
1.0
1.0
1.0
1.0
1.0
0.99999976
0.9999956
1.0
1.0
1.0
1.0
1.0
0.9990969
1.0
1.0
0.9999945
1.0
1.0
0.9999887
0.9999995
1.0
0.99997056
0.9995472
1.0
1.0
0.9999993
1.0
1.0
1.0
0.9999989
1.0
0.9999999
0.9999924
1.0
0.999681
1.0
1.0
1.0
1.0
0.99999845
1.0
0.9999999
0.9999951
1.0
1.0
1.0
1.0
1.0
1.0
1.0
0.9999993
0.9999999
1.0
1.0
1.0
0.9999299
1.0
1.0
0.9999999
1.0
1.0
1.0
1.0
0.9927719
1.0
0.9999995
1.0
1.0
1.0
0.99993443
0.99999654
1.0
1.0
0.999979
0.99999595
1.0
0.99999845
0.9732091
1.0
0.99999976
1.0
1.0
1.0
0.9999995
1.0
1.0
1.0
1.0
0.9999969
0.999992
0.99136984
1.0
1.0
0.9999999
1.0
0.99999774
0.99999774
1.0
1.0
0.9999516
1.0
1.0
1.0
0.99999976
0.9999999
0.9999776
1.0
1.0
1.0
1.0
1.0
0.99994016
1.0
1.0
1.0
0.99998844
1.0
0.99999905
1.0
1.0
1.0
1.0
1.0
0.99998677
0.99998486
1.0
0.8043108
1.0
1.0
1.0
0.99999905
1.0
1.0
1.0
1.0
0.9999987
0.9999999
1.0
1.0
1.0
0.97781724
1.0
1.0
1.0
1.0
1.0
1.0
1.0
0.99999917
1.0
1.0
1.0
0.99999845
1.0
1.0
0.9999999
1.0
1.0
1.0
1.0
1.0
1.0
1.0
0.99999964
1.0
1.0
0.96006113
0.99999976
0.99999106
0.9999999
1.0
0.9999999
1.0
1.0
0.9999995
0.99999094
1.0
0.9975568
1.0
0.9999987
1.0
1.0
1.0
0.99988484
0.9004836
0.9999999
1.0
1.0
1.0
1.0
1.0
0.9999999
0.9999933
0.99999976
0.9999999
0.9999999
1.0
0.99999845
1.0
1.0
1.0
0.99999976
0.9999994
0.78973836
1.0
0.9999999
0.9999925
1.0
1.0
1.0
1.0
0.70959866
1.0
1.0
0.9999845
0.99999905
1.0
1.0
1.0
0.99947554
1.0
1.0
0.9999993
0.9999988
1.0
1.0
0.9999999
1.0
1.0
1.0
0.9994393
0.99999905
1.0
1.0
0.9999454
1.0
1.0
1.0
0.99999475
1.0
1.0
0.9999995
1.0
1.0
0.8945238
0.9999981
0.9999982
0.9999999
1.0
1.0
1.0
0.7164802
0.9999893
1.0
0.99980825
1.0
1.0
0.9999981
1.0
0.99978024
0.9999999
0.9999994
1.0
1.0
1.0
1.0
1.0
1.0
1.0
1.0
1.0
1.0
1.0
0.9999894
1.0
1.0
1.0
0.99997056
0.99999964
0.9999999
1.0
0.99999917
1.0
1.0
1.0
0.8161564
0.99999917
0.9999999
1.0
1.0
1.0
1.0
1.0
0.99993765
1.0
0.9999999
1.0
1.0
1.0
1.0
1.0
0.9999999
1.0
1.0
0.9999962
0.9999999
1.0
0.9999999
1.0
1.0
0.9999999
0.9991756
1.0
0.9999721
1.0
1.0
0.9999999
1.0
0.9999418
1.0
0.9999864
0.99999905
0.9997465
0.9999217
0.9999999
0.9999838
1.0
0.99999917
1.0
0.9992054
0.9999993
0.9973097
0.99999976
1.0
1.0
1.0
1.0
0.9999993
1.0
0.9999999
1.0
1.0
1.0
1.0
1.0
0.99987745
1.0
1.0
1.0
1.0
1.0
1.0
1.0
0.999998
1.0
1.0
0.9999958
0.99999464
1.0
1.0
0.9999999
0.9999962
1.0
1.0
0.9999999
1.0
0.99999416
0.99999964
0.99999976
1.0
0.9995047
1.0
1.0
0.9999999
0.9999976
0.9747481
1.0
0.9999999
1.0
0.9566912
1.0
1.0
1.0
0.99999964
1.0
1.0
0.99999917
1.0
1.0
1.0
0.99999917
1.0
1.0
0.9999999
0.9999621
0.99999845
1.0
1.0
1.0
0.9999999
1.0
0.9999999
1.0
1.0
0.99850345
1.0
0.99999094
0.9999794
0.99999857
1.0
1.0
1.0
1.0
1.0
1.0
0.99999774
1.0
1.0
1.0
1.0
0.9999999
0.9999999
1.0
1.0
1.0
1.0
1.0
0.99977785
0.99989796
1.0
1.0
1.0
0.9989704
1.0
1.0
0.9999999
1.0
1.0
0.9999887
0.99999774
0.99999976
1.0
0.99999475
1.0
1.0
0.9978124
1.0
1.0
0.99999964
0.9999999
1.0
0.99969757
0.9999995
1.0
1.0
1.0
0.9511402
1.0
1.0
1.0
1.0
1.0
0.9999999
1.0
1.0
0.99963903
1.0
0.9999969
0.9999995
0.99999535
1.0
1.0
1.0
0.99999917
1.0
0.9997775
1.0
0.9999995
1.0
1.0
0.9999963
1.0
1.0
0.9999944
1.0
1.0
0.99938023
1.0
1.0
1.0
1.0
1.0
0.99989486
1.0
1.0
1.0
0.9999999
0.99999785
1.0
1.0
1.0
0.99999976
0.99999917
1.0
1.0
1.0
1.0
0.9999995
1.0
1.0
0.9999316
1.0
0.99999976
1.0
1.0
0.9999994
0.99999964
0.9192726
0.99999905
1.0
1.0
1.0
1.0
1.0
1.0
1.0
1.0
0.9999907
1.0
0.9999856
1.0
0.9999927
0.99999917
0.9999672
1.0
1.0
1.0
0.9999988
1.0
0.8001164
0.99999905
1.0
1.0
0.99999976
1.0
1.0
1.0
0.9999964
0.9999994
1.0
0.9997763
0.9997944
1.0
0.99999964
1.0
0.9997912
1.0
0.9998884
0.99999857
1.0
1.0
1.0
1.0
1.0
1.0
1.0
0.9999864
0.998689
0.5455137
1.0
1.0
1.0
1.0
1.0
0.99999917
0.9994012
1.0
0.9996737
1.0
0.9999925
1.0
1.0
1.0
1.0
1.0
1.0
0.99999976
1.0
1.0
1.0
1.0
1.0
1.0
0.9999999
1.0
1.0
1.0
1.0
0.99999917
1.0
0.9999975
1.0
1.0
1.0
1.0
0.99999833
1.0
0.9998394
0.9999993
0.9999994
1.0
0.9997744
1.0
0.99999976
1.0
0.99993956
1.0
1.0
0.9999995
1.0
0.999951
1.0
0.99999976
1.0
0.9999995
0.99999285
0.99999905
1.0
0.9999999
0.9999994
1.0
1.0
1.0
0.82325006
1.0
1.0
1.0
1.0
1.0
1.0
0.9999995
1.0
1.0
1.0
0.99999845
1.0
1.0
0.9999746
0.9998648
1.0
1.0
0.99999654
1.0
1.0
1.0
0.99999976
1.0
0.9974323
1.0
1.0
0.99989045
1.0
1.0
0.9999999
1.0
1.0
1.0
1.0
1.0
0.99999976
1.0
1.0
0.9999999
0.9999925
0.9999994
1.0
1.0
0.9999995
1.0
1.0
1.0
1.0
0.9999995
1.0
1.0
0.99999976
1.0
1.0
0.99999714
1.0
1.0
0.9999634
1.0
0.9999392
1.0
0.99999964
1.0
1.0
1.0
1.0
1.0
1.0
1.0
1.0
0.99998665
1.0
1.0
0.9999974
1.0
1.0
0.9999999
1.0
0.9995703
0.9999944
1.0
1.0
1.0
0.99999917
0.9937962
1.0
1.0
0.9999999
0.99999166
0.9999999
0.8995145
1.0
1.0
0.99954945
1.0
1.0
0.9999999
1.0
1.0
0.99999976
0.9999988
0.9940404
0.98610026
0.99999714
1.0
1.0
0.99999976
0.99999774
0.99999774
0.99999917
1.0
1.0
1.0
1.0
1.0
0.9999548
0.94728935
0.9999993
1.0
0.999997
1.0
1.0
0.99985003
1.0
0.9999956
1.0
1.0
1.0
1.0
0.99999344
1.0
0.99999976
1.0
0.998059
1.0
0.99999964
1.0
1.0
1.0
0.99995065
0.9999994
1.0
0.99976295
1.0
0.9999994
1.0
1.0
1.0
1.0
0.9999981
1.0
1.0
1.0
0.9999807
0.9999999
1.0
0.99999857
1.0
0.9173923
1.0
1.0
1.0
1.0
0.9999907
0.99999917
1.0
1.0
1.0
0.99142224
1.0
0.9999999
1.0
1.0
1.0
1.0
0.99999917
1.0
1.0
1.0
1.0
1.0
1.0
0.9999945
1.0
0.9999995
1.0
0.99999845
1.0
1.0
0.9999386
1.0
1.0
0.99999833
0.8832915
1.0
1.0
0.9999994
1.0
1.0
1.0
1.0
0.99999917
1.0
0.9999995
1.0
1.0
1.0
1.0
1.0
1.0
0.9999999
1.0
1.0
1.0
1.0
1.0
1.0
1.0
1.0
0.9999999
1.0
1.0
0.9883321
0.65995306
1.0
0.9983254
0.99999976
1.0
1.0
1.0
1.0
1.0
0.99999833
0.9999999
1.0
1.0
0.7486249
1.0
1.0
1.0
1.0
0.9999975
1.0
1.0
1.0
1.0
1.0
0.9999999
1.0
1.0
1.0
0.999998
1.0
1.0
1.0
0.9999993
1.0
1.0
1.0
1.0
0.9999968
0.9999988
0.9999994
0.99995446
1.0
0.99957556
0.99999917
1.0
1.0
0.99999654
1.0
0.9999912
0.9993912
1.0
0.9999999
1.0
1.0
0.99946314
1.0
1.0
0.999851
1.0
1.0
1.0
0.9999987
0.99999404
1.0
1.0
1.0
1.0
1.0
1.0
0.99940515
0.9997496
1.0
0.9999814
0.9998876
0.9999999
1.0
1.0
1.0
0.9999999
1.0
1.0
1.0
0.99999976
1.0
1.0
1.0
1.0
1.0
0.99999774
1.0
1.0
0.9999999
0.9999999
1.0
1.0
1.0
1.0
0.9995952
1.0
1.0
0.99999964
0.9999999
1.0
1.0
0.9999995
1.0
0.99999726
1.0
1.0
1.0
1.0
1.0
0.9989182
0.99995434
1.0
1.0
0.9999987
1.0
1.0
1.0
1.0
1.0
1.0
1.0
0.99999905
0.9999876
1.0
1.0
1.0
0.99899167
1.0
1.0
0.9999999
1.0
0.9999995
1.0
0.9992423
1.0
1.0
1.0
1.0
1.0
1.0
1.0
1.0
0.9999994
0.9999113
1.0
1.0
1.0
0.99999964
0.99999654
1.0
0.99904174
0.9999994
1.0
1.0
1.0
0.99993336
0.9999994
1.0
1.0
0.9999974
1.0
1.0
0.9182387
1.0
1.0
0.9999999
1.0
1.0
1.0
1.0
0.99999976
1.0
0.9999969
0.99888736
1.0
0.99996555
0.99996066
0.9999995
1.0
1.0
1.0
0.99999976
1.0
1.0
1.0
1.0
1.0
0.99518424
0.9995859
0.9999989
1.0
0.9999993
0.99999917
1.0
1.0
1.0
1.0
0.99999094
1.0
0.999997
0.99999976
1.0
1.0
0.9999987
0.99998677
1.0
0.9999702
1.0
1.0
0.99999976
0.99999905
1.0
0.99999976
1.0
0.99999976
1.0
1.0
0.9999659
1.0
1.0
1.0
1.0
1.0
1.0
1.0
0.9978387
0.99891067
1.0
0.9999993
0.9999999
1.0
1.0
1.0
1.0
1.0
1.0
1.0
1.0
1.0
0.99999976
0.9999993
0.99999976
1.0
1.0
1.0
1.0
0.9999995
1.0
1.0
1.0
1.0
0.9999993
1.0
0.9995852
1.0
1.0
1.0
0.9999994
0.99999976
1.0
1.0
1.0
1.0
0.9999907
1.0
0.9999981
0.9999957
0.9910693
0.99999976
1.0
0.9999999
1.0
1.0
0.99996924
0.99986815
1.0
1.0
1.0
0.99999666
0.99958223
1.0
0.99931335
0.9999989
1.0
0.9999995
1.0
1.0
0.9999999
0.99999964
0.999997
1.0
1.0
1.0
1.0
1.0
0.9999964
1.0
1.0
1.0
1.0
1.0
1.0
0.99999905
1.0
1.0
1.0
0.999951
1.0
1.0
1.0
0.99999785
1.0
0.99999976
0.99998987
0.9999771
1.0
1.0
1.0
1.0
1.0
0.9999999
0.97388136
1.0
0.99999976
1.0
0.9999844
1.0
1.0
0.9999999
0.99999976
1.0
0.99999964
1.0
1.0
1.0
0.99999976
1.0
1.0
0.99999976
0.99999976
1.0
0.9999993
0.9999999
1.0
1.0
1.0
1.0
0.9999156
0.9999989
0.99999285
1.0
1.0
1.0
0.99999964
1.0
0.9999975
1.0
0.9999943
1.0
0.9994966
0.99999976
1.0
0.9992299
1.0
0.99999774
1.0
0.99999964
0.9999999
1.0
1.0
0.9999999
1.0
1.0
0.99999976
1.0
1.0
1.0
1.0
0.999966
1.0
1.0
1.0
1.0
1.0
0.9999198
0.9999691
1.0
0.9999989
0.98692036
0.9999999
0.9999815
1.0
1.0
1.0
0.99989283
1.0
1.0
0.9999999
0.9999999
1.0
1.0
0.9999999
1.0
1.0
1.0
0.99999976
1.0
1.0
1.0
1.0
1.0
0.9999871
0.9997781
1.0
0.9999999
1.0
1.0
1.0
1.0
1.0
1.0
1.0
1.0
1.0
1.0
1.0
0.9999987
0.99999607
1.0
0.9999999
1.0
0.999962
0.99999917
1.0
1.0
0.999984
1.0
1.0
1.0
1.0
0.7485458
0.9999993
1.0
0.9999994
1.0
1.0
1.0
1.0
0.99996734
0.99999976
1.0
1.0
1.0
1.0
1.0
0.9999999
1.0
0.999964
1.0
0.9999969
1.0
0.9999999
0.99997854
1.0
1.0
1.0
0.9999939
0.9999995
1.0
1.0
0.99993837
0.8499531
1.0
0.9999999
1.0
1.0
0.999998
0.9999994
0.99999964
1.0
1.0
1.0
1.0
1.0
1.0
1.0
1.0
0.99923253
1.0
1.0
1.0
1.0
1.0
1.0
0.9999924
0.75213104
0.99125504
1.0
0.99999774
1.0
1.0
1.0
0.9999999
1.0
1.0
1.0
1.0
1.0
0.9999864
1.0
0.9999999
0.999775
1.0
1.0
1.0
1.0
1.0
0.99998987
0.9999999
1.0
1.0
1.0
1.0
1.0
1.0
1.0
0.99999917
1.0
0.9999964
1.0
1.0
1.0
1.0
0.99999595
0.9989768
0.9999995
0.9969451
0.99999845
0.99990106
1.0
1.0
0.9999993
1.0
1.0
0.9999999
1.0
1.0
1.0
1.0
1.0
1.0
1.0
0.9999881
1.0
1.0
0.9999119
1.0
1.0
1.0
1.0
1.0
1.0
1.0
0.9972262
1.0
1.0
0.9999666
1.0
1.0
0.99999964
1.0
0.9999999
1.0
0.9999995
1.0
1.0
1.0
1.0
1.0
1.0
1.0
1.0
1.0
0.9999993
0.9999988
1.0
1.0
1.0
1.0
1.0
0.99990594
0.99999976
1.0
1.0
1.0
0.9997223
1.0
1.0
1.0
0.9999703
1.0
0.9999987
0.9999999
1.0
0.9999999
1.0
0.999997
1.0
1.0
0.99999774
1.0
1.0
1.0
1.0
1.0
1.0
0.99999964
1.0
0.8288649
1.0
1.0
1.0
1.0
1.0
1.0
0.99995875
1.0
0.99999213
1.0
1.0
1.0
0.99999607
1.0
1.0
1.0
1.0
1.0
1.0
1.0
0.956749
1.0
1.0
1.0
0.9999993
1.0
1.0
1.0
0.99999857
1.0
1.0
1.0
0.99999976
1.0
0.999998
1.0
0.7920389
1.0
1.0
0.99998677
1.0
0.9999999
0.9999937
0.999998
0.9985758
0.94707394
0.99999964
0.99999976
0.9916598
1.0
1.0
0.99999726
1.0
1.0
0.999992
1.0
1.0
0.9999913
1.0
1.0
0.99973327
1.0
1.0
1.0
1.0
1.0
0.99999833
0.9999392
1.0
0.9926327
1.0
0.9999999
0.9999963
0.9996524
0.99999654
0.999987
1.0
1.0
1.0
1.0
0.9987406
0.9999999
1.0
1.0
0.99999595
0.5920591
1.0
1.0
1.0
0.9999999
0.99999726
1.0
1.0
1.0
0.9996824
1.0
0.4373524
1.0
0.9997904
1.0
0.9999701
1.0
1.0
0.99999976
1.0
1.0
1.0
1.0
0.9999999
1.0
1.0
1.0
0.983752
1.0
0.9999759
1.0
1.0
0.99996626
0.9999999
0.9999862
1.0
1.0
1.0
1.0
0.9961837
1.0
0.9867041
0.9999999
0.9999994
0.9644015
1.0
1.0
1.0
1.0
1.0
1.0
0.99990714
1.0
1.0
0.99959177
1.0
1.0
1.0
1.0
1.0
1.0
1.0
1.0
1.0
0.9999207
1.0
0.9999999
1.0
0.9999999
0.99999785
1.0
0.99935466
0.99999976
1.0
1.0
1.0
1.0
1.0
1.0
0.9998184
1.0
1.0
1.0
0.95121616
1.0
0.99999595
0.9892341
1.0
1.0
0.9999367
1.0
0.99999917
0.9999969
1.0
1.0
0.9999889
1.0
1.0
1.0
1.0
0.9999999
1.0
0.99987245
1.0
0.99999774
1.0
1.0
1.0
1.0
0.9999987
1.0
0.99999154
1.0
1.0
1.0
1.0
1.0
1.0
1.0
1.0
1.0
1.0
1.0
1.0
1.0
1.0
0.9978409
0.9999994
1.0
1.0
1.0
1.0
1.0
0.9999999
1.0
0.99938166
1.0
1.0
1.0
0.85063356
1.0
1.0
0.9999999
1.0
1.0
1.0
0.9999999
1.0
1.0
1.0
1.0
1.0
1.0
1.0
1.0
0.99999917
0.99999964
1.0
0.9999975
0.99995434
1.0
1.0
1.0
1.0
1.0
1.0
1.0
1.0
1.0
1.0
1.0
0.99999976
0.99827754
0.9999939
0.84407157
0.99999976
0.9998963
1.0
1.0
0.99976
1.0
0.9999999
1.0
0.9999995
0.9991303
0.9999975
1.0
1.0
1.0
1.0
0.9999999
1.0
1.0
1.0
1.0
0.9999988
1.0
1.0
1.0
1.0
1.0
0.96823347
0.999959
0.99999976
0.999984
1.0
1.0
1.0
1.0
0.9962424
1.0
0.9999999
1.0
1.0
1.0
1.0
0.9999814
0.99998736
0.99954444
0.9999988
0.9999999
1.0
0.9999999
1.0
0.99999976
1.0
1.0
0.9999999
0.9999846
1.0
0.99998
0.99999976
1.0
0.9999999
0.9999738
1.0
1.0
1.0
0.99999976
1.0
0.67522156
1.0
1.0
1.0
1.0
0.99999416
1.0
1.0
0.999936
1.0
0.8760336
0.9999976
1.0
1.0
1.0
0.9999865
1.0
1.0
1.0
1.0
0.78308135
1.0
0.9999927
0.99998975
0.9999999
1.0
1.0
1.0
1.0
1.0
0.99997485
1.0
0.9999999
1.0
1.0
1.0
1.0
0.9999999
1.0
1.0
0.99999976
1.0
1.0
1.0
0.9999994
0.99936587
0.99961615
1.0
1.0
1.0
1.0
1.0
1.0
0.9999999
0.99999976
1.0
0.99966097
1.0
0.97352874
1.0
0.9999999
1.0
1.0
1.0
0.999464
1.0
1.0
1.0
0.982752
1.0
1.0
0.92931634
1.0
1.0
1.0
1.0
1.0
1.0
1.0
1.0
1.0
0.9999999
1.0
1.0
0.9999995
1.0
0.99968433
1.0
1.0
1.0
1.0
1.0
0.99999595
0.99996316
1.0
0.9999995
1.0
1.0
0.9999995
1.0
0.9999999
1.0
1.0
0.9999951
0.9999995
1.0
1.0
1.0
1.0
0.9999999
0.9999349
1.0
0.99999964
1.0
1.0
1.0
0.99999964
1.0
0.99994886
0.9998958
1.0
1.0
1.0
1.0
0.999998
1.0
1.0
0.9999994
1.0
1.0
1.0
1.0
0.9999974
0.9999697
1.0
0.99999917
1.0
1.0
1.0
0.9999994
0.9999999
0.9999999
0.9999995
1.0
0.9999999
0.99999905
1.0
0.99998415
1.0
0.99997425
1.0
0.99999976
0.99999726
1.0
1.0
1.0
0.99729246
1.0
1.0
1.0
0.99999976
1.0
1.0
1.0
0.9999995
1.0
1.0
0.99999964
1.0
0.73505545
0.99999976
0.9999695
1.0
0.99999475
1.0
0.9999995
0.9999999
1.0
0.99992394
1.0
1.0
1.0
1.0
1.0
1.0
0.99999845
0.9999833
0.99999726
1.0
0.99999833
0.99999976
1.0
0.9999826
1.0
0.99985695
1.0
1.0
1.0
0.98056304
1.0
0.9999999
0.9999999
1.0
1.0
0.9997156
0.9999727
1.0
1.0
1.0
0.9999908
1.0
1.0
1.0
1.0
0.9999999
1.0
0.9999962
0.9823997
1.0
1.0
1.0
0.9999999
1.0
1.0
1.0
1.0
1.0
1.0
1.0
1.0
1.0
0.6302622
0.9999988
1.0
1.0
1.0
0.9999975
0.9999981
1.0
1.0
0.9999999
0.94074655
1.0
1.0
1.0
1.0
1.0
0.9999963
0.99758613
0.99895346
1.0
1.0
0.9999814
0.99999785
0.9999999
1.0
1.0
1.0
0.9835751
0.99998903
1.0
0.9999926
0.999928
1.0
0.9619876
1.0
1.0
1.0
1.0
1.0
0.99999964
1.0
1.0
1.0
0.9999995
1.0
1.0
0.94299465
1.0
1.0
0.9999987
1.0
0.5898401
1.0
0.99999964
1.0
0.9999995
0.9999999
0.99999964
1.0
0.99999225
1.0
0.9999987
0.9998833
0.99999964
0.9999999
0.9999999
1.0
1.0
0.99930584
1.0
0.9999672
1.0
1.0
1.0
1.0
0.9997725
0.99998426
0.99998474
1.0
1.0
0.9999999
1.0
1.0
0.99999523
1.0
0.99999654
1.0
0.9999981
1.0
1.0
1.0
0.99999976
0.99999976
1.0
1.0
1.0
1.0
1.0
1.0
1.0
1.0
0.99999917
1.0
0.9999999
1.0
1.0
0.9994122
1.0
1.0
1.0
1.0
0.9999962
0.99889934
1.0
1.0
1.0
1.0
0.999997
1.0
1.0
1.0
0.99952435
0.8748606
1.0
1.0
0.99997354
1.0
1.0
1.0
0.99999976
0.9999968
0.9995622
1.0
1.0
1.0
1.0
0.9999919
1.0
1.0
0.99997365
1.0
1.0
0.99997365
1.0
0.99711835
1.0
0.9998671
1.0
0.9999999
0.99999964
1.0
1.0
1.0
0.99999535
1.0
0.9999987
1.0
0.9999964
0.9999999
1.0
1.0
0.9999728
0.9928388
0.99999774
1.0
0.99941635
1.0
0.99987113
1.0
1.0
0.99999523
1.0
1.0
1.0
1.0
0.99999297
1.0
1.0
1.0
1.0
1.0
0.99999833
0.9999999
0.9999869
0.99999964
1.0
1.0
0.99572694
1.0
0.9999963
1.0
0.99999905
1.0
1.0
1.0
0.9999269
0.99999475
0.9999975
1.0
0.99999905
0.99999607
0.99954283
1.0
0.99999917
0.9999999
0.9381395
1.0
1.0
1.0
1.0
1.0
0.9999999
1.0
0.99998176
1.0
0.9999994
0.9957045
1.0
1.0
1.0
1.0
1.0
0.9999913
1.0
1.0
0.9999647
1.0
1.0
1.0
1.0
1.0
1.0
1.0
1.0
1.0
1.0
1.0
1.0
1.0
0.9990496
1.0
0.99999726
1.0
0.99999976
0.9999956
0.9999989
0.9999999
1.0
1.0
0.9988894
0.99999404
0.9999919
1.0
1.0
1.0
1.0
0.99991786
1.0
1.0
0.98582435
0.99997044
1.0
0.96486557
1.0
1.0
0.9999993
0.99695134
0.9994874
1.0
0.535094
1.0
1.0
1.0
0.99997365
1.0
0.99999785
0.9999968
1.0
1.0
1.0
1.0
0.98554546
1.0
0.9999856
1.0
1.0
1.0
1.0
1.0
1.0
0.9999999
1.0
1.0
1.0
1.0
1.0
0.9999901
1.0
0.8516847
1.0
1.0
1.0
0.999997
1.0
1.0
0.99998176
1.0
1.0
1.0
0.99938035
0.9999677
1.0
1.0
0.9997634
1.0
1.0
0.9999994
1.0
1.0
1.0
0.999998
1.0
1.0
0.99999833
1.0
0.99834204
1.0
0.9999999
0.9999964
0.9997582
0.99998856
0.99999905
0.9999987
0.9683535
1.0
1.0
1.0
0.9926987
1.0
1.0
0.9996228
0.9986513
1.0
1.0
1.0
1.0
1.0
1.0
1.0
1.0
1.0
0.9999896
1.0
1.0
1.0
1.0
0.9999956
1.0
1.0
0.99999976
0.9999999
1.0
1.0
0.62047327
0.9999999
1.0
0.9999999
1.0
0.99999917
1.0
1.0
1.0
1.0
1.0
1.0
1.0
0.9999999
0.676279
1.0
0.99999106
1.0
0.99998283
0.8955247
1.0
1.0
1.0
1.0
1.0
1.0
1.0
1.0
1.0
0.9999999
1.0
1.0
1.0
1.0
0.9999944
1.0
1.0
1.0
0.5999699
0.9999939
0.9999999
1.0
0.9999999
1.0
1.0
1.0
1.0
1.0
1.0
1.0
1.0
1.0
1.0
1.0
1.0
0.9977247
1.0
0.99999976
1.0
0.9999956
1.0
0.9998115
1.0
1.0
1.0
1.0
1.0
0.9999999
1.0
1.0
0.9999993
0.9999999
0.99999964
0.9981811
1.0
1.0
1.0
1.0
1.0
1.0
0.9999999
0.9999999
1.0
1.0
1.0
1.0
1.0
1.0
1.0
0.99989307
1.0
1.0
1.0
1.0
0.9999374
0.9999777
1.0
1.0
0.5061328
1.0
1.0
0.99951744
1.0
0.9999999
1.0
1.0
1.0
1.0
1.0
1.0
1.0
0.99998724
0.999977
1.0
1.0
1.0
0.9999987
1.0
0.99999976
0.9999981
0.9999999
1.0
0.99811244
0.99999523
1.0
1.0
1.0
1.0
0.9999999
1.0
0.998987
1.0
0.99999774
1.0
1.0
0.99999964
1.0
0.9998435
0.9999449
0.98042035
1.0
1.0
0.9999658
0.9999976
1.0
0.9999999
1.0
1.0
1.0
1.0
0.9999721
1.0
1.0
1.0
0.99999976
1.0
1.0
1.0
0.9999651
0.99999964
0.99898344
1.0
0.9999925
0.99999976
0.99999976
1.0
1.0
1.0
1.0
1.0
1.0
0.9999999
1.0
1.0
1.0
1.0
1.0
1.0
1.0
1.0
1.0
1.0
0.983727
1.0
1.0
1.0
1.0
0.9999999
1.0
0.9999999
0.99999976
1.0
1.0
1.0
1.0
1.0
1.0
0.999803
1.0
1.0
0.9999999
1.0
1.0
1.0
1.0
1.0
0.68983805
0.99999774
1.0
1.0
1.0
0.9999995
0.9999988
0.9924158
0.9999976
0.998111
1.0
1.0
0.9999999
1.0
1.0
1.0
0.992814
1.0
1.0
0.999998
1.0
0.9999999
1.0
1.0
1.0
1.0
1.0
0.9999976
1.0
1.0
0.9971992
0.9973578
0.99999845
0.9999999
1.0
1.0
1.0
1.0
0.9999994
1.0
1.0
1.0
1.0
1.0
0.99999976
1.0
1.0
1.0
1.0
0.9999995
0.9999999
0.9999999
1.0
0.8767694
0.9995801
1.0
1.0
1.0
1.0
1.0
1.0
1.0
1.0
1.0
0.9999999
0.99999905
1.0
0.99187285
1.0
0.99998295
0.99999976
1.0
0.99998474
0.99991155
1.0
0.9998343
1.0
1.0
1.0
0.9986394
1.0
0.9999578
1.0
0.9999989
1.0
1.0
1.0
1.0
1.0
1.0
0.9999999
0.9999963
1.0
0.9999993
1.0
0.9999876
1.0
1.0
1.0
1.0
0.99999964
1.0
0.99999976
1.0
0.9993957
1.0
1.0
1.0
0.9999975
1.0
1.0
0.99999833
1.0
1.0
0.99997616
1.0
1.0
0.9999887
1.0
1.0
1.0
1.0
0.9999895
1.0
1.0
0.9999999
1.0
0.9999995
1.0
1.0
1.0
1.0
0.9995135
1.0
0.9999999
0.9999242
0.99982387
1.0
1.0
1.0
1.0
1.0
1.0
0.9997911
0.99927264
0.99997556
1.0
1.0
1.0
0.50561285
1.0
1.0
0.99999964
1.0
1.0
1.0
1.0
0.99999917
1.0
0.99972135
1.0
0.99999976
0.9999999
1.0
1.0
0.99999857
1.0
0.9999999
1.0
1.0
1.0
0.9932986
0.9999974
1.0
1.0
1.0
1.0
0.99999976
0.9999974
1.0
1.0
1.0
0.9999969
0.9999814
1.0
1.0
0.9999999
1.0
0.99990845
1.0
0.9994485
1.0
1.0
1.0
0.9999999
1.0
1.0
1.0
0.99999976
0.99999964
1.0
1.0
0.9999999
1.0
1.0
1.0
1.0
0.9999999
0.9999956
1.0
1.0
1.0
1.0
1.0
1.0
1.0
1.0
1.0
1.0
1.0
0.9999999
1.0
1.0
1.0
1.0
1.0
1.0
1.0
0.9999994
1.0
1.0
1.0
1.0
0.99999547
1.0
1.0
1.0
1.0
1.0
0.9999999
1.0
0.99999917
1.0
1.0
0.99999833
0.99999976
1.0
1.0
1.0
1.0
1.0
0.9999999
1.0
1.0
1.0
1.0
1.0
1.0
1.0
1.0
0.9999995
0.9999732
1.0
1.0
1.0
1.0
1.0
0.99999976
1.0
1.0
1.0
1.0
1.0
1.0
0.9999999
1.0
1.0
0.99999964
0.9999999
0.99999785
1.0
1.0
1.0
0.99999976
0.9999999
1.0
1.0
1.0
1.0
1.0
0.9999951
1.0
1.0
1.0
1.0
1.0
1.0
1.0
1.0
1.0
1.0
0.99999964
1.0
1.0
1.0
1.0
0.9999999
0.99999917
1.0
1.0
1.0
1.0
1.0
1.0
0.9999982
1.0
1.0
1.0
1.0
0.99999976
0.99763083
0.9999999
1.0
1.0
1.0
1.0
1.0
1.0
0.9999999
1.0
1.0
1.0
1.0
0.99995613
1.0
1.0
1.0
1.0
1.0
1.0
1.0
1.0
1.0
1.0
1.0
0.9999999
1.0
0.9999999
0.99999905
1.0
1.0
1.0
0.9658396
1.0
1.0
0.99999034
1.0
1.0
0.99554527
0.99999976
0.99999845
1.0
1.0
1.0
0.9999999
0.9999975
1.0
1.0
1.0
1.0
0.9999819
1.0
1.0
0.9999995
1.0
1.0
1.0
1.0
1.0
1.0
1.0
1.0
1.0
0.9999989
1.0
1.0
0.9999981
0.9998392
1.0
1.0
1.0
1.0
0.959809
0.9999999
0.9961177
1.0
0.999995
1.0
0.9999999
1.0
0.9999933
1.0
1.0
1.0
0.9999994
1.0
0.9999999
1.0
1.0
1.0
0.99999976
0.9999995
1.0
1.0
0.99991584
1.0
1.0
1.0
1.0
1.0
1.0
0.9728032
1.0
1.0
1.0
1.0
1.0
0.9999999
1.0
1.0
1.0
1.0
1.0
0.99999964
1.0
0.99999785
0.9999999
0.9999976
1.0
0.853793
1.0
1.0
1.0
0.9999949
1.0
0.99999547
0.9999999
0.9999987
0.9999995
1.0
0.99999964
1.0
1.0
0.999998
0.9959921
1.0
1.0
1.0
0.9963812
1.0
1.0
0.99984336
0.99997663
1.0
1.0
1.0
1.0
1.0
1.0
1.0
1.0
0.99998295
1.0
1.0
1.0
1.0
1.0
1.0
1.0
1.0
1.0
0.9999995
1.0
1.0
1.0
1.0
1.0
1.0
1.0
1.0
1.0
0.9999999
1.0
1.0
1.0
1.0
1.0
1.0
1.0
1.0
1.0
1.0
1.0
1.0
1.0
1.0
1.0
1.0
1.0
1.0
1.0
1.0
1.0
1.0
1.0
1.0
1.0
1.0
1.0
1.0
1.0
1.0
1.0
1.0
0.9540815
1.0
1.0
1.0
0.9999764
1.0
1.0
1.0
1.0
1.0
1.0
1.0
0.9999999
1.0
1.0
1.0
1.0
1.0
1.0
1.0
1.0
1.0
1.0
1.0
0.9999999
1.0
1.0
1.0
1.0
1.0
1.0
1.0
1.0
1.0
1.0
1.0
1.0
1.0
1.0
1.0
0.9999999
0.9999995
1.0
1.0
1.0
1.0
1.0
1.0
1.0
1.0
1.0
1.0
1.0
1.0
1.0
1.0
1.0
1.0
1.0
1.0
1.0
1.0
1.0
1.0
0.9999989
1.0
1.0
0.9999999
1.0
1.0
0.9999999
1.0
1.0
1.0
1.0
0.99999845
0.99999905
1.0
1.0
1.0
1.0
1.0
1.0
1.0
1.0
0.99970454
0.99999917
1.0
1.0
0.9999999
0.99999976
1.0
1.0
1.0
1.0
1.0
0.99999976
1.0
1.0
1.0
0.9999995
1.0
1.0
1.0
1.0
1.0
1.0
1.0
1.0
1.0
1.0
1.0
1.0
1.0
1.0
1.0
1.0
1.0
0.99984264
0.9999918
1.0
1.0
0.99999917
1.0
1.0
1.0
0.9989247
1.0
1.0
0.9999993
1.0
1.0
1.0
1.0
1.0
1.0
1.0
1.0
1.0
1.0
0.99999976
1.0
1.0
1.0
1.0
1.0
0.9999999
1.0
1.0
1.0
1.0
1.0
1.0
1.0
1.0
1.0
1.0
1.0
1.0
1.0
1.0
1.0
1.0
1.0
1.0
1.0
1.0
1.0
0.99999905
1.0
1.0
0.9999974
1.0
1.0
1.0
1.0
0.99999964
1.0
1.0
1.0
1.0
1.0
1.0
1.0
1.0
1.0
1.0
1.0
0.9999976
1.0
1.0
0.9999987
1.0
1.0
0.99999976
0.99999964
1.0
1.0
1.0
1.0
1.0
0.99999976
1.0
1.0
1.0
0.99999607
1.0
1.0
0.99999976
1.0
1.0
1.0
1.0
1.0
1.0
0.9999999
0.99999774
1.0
1.0
1.0
1.0
1.0
1.0
1.0
1.0
1.0
1.0
1.0
0.9999995
1.0
0.99999726
1.0
1.0
0.9999088
1.0
1.0
1.0
1.0
0.9999999
1.0
1.0
1.0
0.9999999
1.0
1.0
1.0
0.99999917
1.0
1.0
1.0
1.0
1.0
1.0
1.0
1.0
0.99980634
1.0
0.9999999
1.0
1.0
1.0
1.0
1.0
1.0
0.99999976
1.0
0.99999964
1.0
1.0
0.99978703
1.0
1.0
0.9999951
1.0
1.0
1.0
0.9999753
1.0
1.0
1.0
1.0
1.0
0.9999987
1.0
1.0
1.0
0.99999774
1.0
1.0
0.9999995
1.0
1.0
0.9999949
1.0
1.0
0.9999511
1.0
1.0
1.0
1.0
0.99997497
1.0
1.0
0.936059
1.0
0.9999554
1.0
1.0
0.9999982
1.0
0.99999547
0.9978594
0.9999907
1.0
1.0
1.0
0.99999976
1.0
0.9999906
1.0
1.0
1.0
1.0
0.878497
0.99992394
1.0
1.0
1.0
1.0
1.0
1.0
0.9999999
1.0
0.9999794
1.0
1.0
0.9999999
1.0
1.0
1.0
1.0
1.0
1.0
1.0
1.0
0.9998017
0.9945898
0.9999945
1.0
1.0
1.0
1.0
0.9999999
1.0
1.0
1.0
1.0
0.9999958
1.0
0.9999999
0.99983454
1.0
1.0
1.0
1.0
0.99999905
1.0
0.99999964
1.0
1.0
1.0
1.0
0.9999999
1.0
1.0
1.0
1.0
1.0
0.9999658
1.0
1.0
1.0
0.9999999
0.9999821
1.0
1.0
1.0
1.0
1.0
0.9992046
1.0
1.0
1.0
1.0
1.0
0.9999963
0.99999833
1.0
1.0
1.0
0.99999976
0.99999964
1.0
0.986865
0.9987011
0.50861096
0.9999999
1.0
1.0
0.9999999
1.0
0.99996674
0.99995387
1.0
0.99997497
0.99999976
1.0
1.0
0.99136215
1.0
1.0
0.9993936
1.0
0.9999999
1.0
0.9999989
1.0
1.0
0.9999964
1.0
1.0
1.0
0.9999999
1.0
1.0
1.0
1.0
1.0
0.9999969
0.9999969
1.0
1.0
0.9999945
1.0
1.0
1.0
1.0
0.99999833
1.0
1.0
1.0
1.0
1.0
1.0
1.0
1.0
1.0
1.0
1.0
1.0
1.0
1.0
1.0
1.0
1.0
1.0
1.0
1.0
1.0
1.0
0.999876
0.9999764
1.0
1.0
1.0
0.9999995
0.9999994
1.0
0.9999999
1.0
1.0
1.0
1.0
1.0
1.0
1.0
1.0
1.0
1.0
1.0
0.999998
1.0
0.9999999
1.0
1.0
1.0
0.99995327
0.99991405
1.0
1.0
1.0
1.0
0.99999714
1.0
0.99999595
1.0
1.0
1.0
1.0
1.0
1.0
0.99999976
1.0
1.0
1.0
1.0
1.0
1.0
1.0
1.0
1.0
0.9999999
1.0
1.0
1.0
1.0
1.0
1.0
1.0
1.0
1.0
1.0
1.0
1.0
1.0
1.0
1.0
1.0
1.0
1.0
1.0
1.0
1.0
1.0
1.0
1.0
0.9984269
1.0
1.0
1.0
1.0
1.0
1.0
1.0
0.9999958
0.9999999
0.97955406
0.99933726
1.0
0.99999726
0.99999976
1.0
1.0
1.0
0.9999999
1.0
0.9999999
1.0
1.0
1.0
1.0
1.0
0.9999988
1.0
1.0
0.99999905
0.9999995
1.0
0.9999999
1.0
1.0
0.99999785
1.0
1.0
1.0
0.99999964
1.0
1.0
1.0
1.0
0.9999995
0.99997246
1.0
0.99999654
1.0
0.9999765
1.0
1.0
1.0
1.0
1.0
1.0
1.0
1.0
0.9999999
0.9925511
0.99035805
1.0
0.99999595
1.0
1.0
1.0
1.0
1.0
1.0
1.0
1.0
1.0
0.9999969
1.0
1.0
1.0
1.0
1.0
0.5681417
1.0
1.0
1.0
0.99999607
1.0
0.99997723
1.0
0.9999994
1.0
1.0
1.0
1.0
1.0
1.0
1.0
1.0
0.99999976
0.9999999
1.0
0.9999989
1.0
0.9999999
1.0
1.0
1.0
0.9895303
0.994692
1.0
1.0
0.9999999
1.0
0.9999981
1.0
0.9999999
1.0
1.0
0.9999981
1.0
1.0
1.0
1.0
0.9993555
0.99999976
0.9999999
0.99999774
1.0
0.99999976
1.0
0.99997103
1.0
0.99999356
0.9999999
0.9999999
1.0
0.99999917
0.99999726
1.0
1.0
1.0
1.0
1.0
1.0
1.0
1.0
0.9999819
1.0
1.0
0.9999826
1.0
1.0
0.99986446
0.9999999
0.99999917
0.99999857
1.0
0.99999833
1.0
1.0
1.0
0.999759
1.0
0.9999937
0.9999993
1.0
1.0
1.0
0.99987006
1.0
1.0
0.9999995
1.0
1.0
0.9999989
1.0
0.99999976
1.0
1.0
0.9999999
0.999998
1.0
1.0
1.0
1.0
0.99999905
1.0
1.0
1.0
1.0
1.0
0.9999901
1.0
1.0
1.0
1.0
1.0
0.99779785
0.99999976
0.99999976
1.0
1.0
1.0
1.0
1.0
1.0
1.0
0.98871475
1.0
1.0
1.0
1.0
1.0
1.0
1.0
1.0
1.0
0.7215978
1.0
0.99997866
1.0
1.0
1.0
1.0
1.0
1.0
1.0
0.99998426
1.0
1.0
1.0
1.0
1.0
1.0
1.0
0.9999999
1.0
1.0
0.99542063
1.0
1.0
1.0
1.0
1.0
1.0
1.0
1.0
1.0
1.0
1.0
0.99999964
1.0
0.99999917
1.0
1.0
1.0
1.0
1.0
1.0
1.0
1.0
1.0
1.0
1.0
1.0
1.0
1.0
1.0
1.0
1.0
1.0
1.0
1.0
1.0
1.0
1.0
1.0
1.0
1.0
1.0
1.0
1.0
1.0
0.9985428
1.0
1.0
1.0
0.99997604
1.0
1.0
1.0
1.0
0.854311
1.0
0.9998698
1.0
0.9999999
1.0
0.9972361
0.994505
0.9999995
1.0
1.0
1.0
1.0
1.0
0.9999999
1.0
1.0
1.0
1.0
1.0
1.0
1.0
1.0
1.0
1.0
1.0
1.0
1.0
1.0
1.0
1.0
1.0
1.0
1.0
1.0
1.0
1.0
1.0
1.0
1.0
1.0
1.0
1.0
1.0
1.0
1.0
1.0
1.0
1.0
1.0
1.0
1.0
1.0
1.0
1.0
1.0
1.0
1.0
0.9999999
1.0
1.0
0.9999981
1.0
1.0
1.0
1.0
1.0
0.99999976
1.0
0.9999999
1.0
1.0
1.0
1.0
1.0
1.0
0.9999988
0.99999607
1.0
1.0
1.0
1.0
1.0
1.0
1.0
1.0
1.0
1.0
1.0
1.0
1.0
1.0
1.0
1.0
1.0
1.0
1.0
1.0
1.0
0.9999999
1.0
1.0
1.0
1.0
1.0
1.0
1.0
1.0
1.0
1.0
0.99999964
1.0
0.99999976
1.0
1.0
1.0
1.0
1.0
1.0
1.0
1.0
1.0
1.0
1.0
1.0
1.0
1.0
1.0
1.0
1.0
1.0
1.0
0.99999976
1.0
1.0
1.0
1.0
1.0
1.0
0.9999989
1.0
1.0
0.99999905
1.0
1.0
1.0
1.0
1.0
1.0
1.0
1.0
1.0
1.0
1.0
1.0
1.0
1.0
1.0
1.0
1.0
1.0
1.0
1.0
1.0
1.0
1.0
1.0
1.0
1.0
1.0
1.0
1.0
0.9999999
1.0
1.0
1.0
1.0
1.0
0.9999999
1.0
1.0
1.0
1.0
1.0
1.0
1.0
1.0
1.0
1.0
1.0
0.99999976
1.0
1.0
1.0
1.0
1.0
1.0
1.0
1.0
1.0
0.9999993
1.0
1.0
1.0
1.0
1.0
1.0
1.0
1.0
1.0
1.0
1.0
1.0
1.0
1.0
1.0
1.0
1.0
1.0
1.0
1.0
1.0
0.9999999
1.0
1.0
1.0
0.9999982
0.99999607
1.0
1.0
1.0
1.0
0.9999963
1.0
0.9999994
1.0
1.0
1.0
1.0
1.0
1.0
0.9999999
0.9999999
1.0
1.0
0.99999917
1.0
1.0
1.0
1.0
1.0
1.0
0.99991167
1.0
1.0
1.0
1.0
1.0
1.0
0.99999964
0.9998827
1.0
0.99999905
1.0
1.0
1.0
1.0
1.0
0.9999988
1.0
1.0
1.0
0.9999994
1.0
1.0
0.9999943
1.0
1.0
1.0
0.99999976
0.9999999
1.0
1.0
1.0
1.0
1.0
0.99999964
1.0
1.0
1.0
0.9999982
1.0
0.9999982
1.0
1.0
1.0
1.0
1.0
1.0
1.0
1.0
1.0
0.99999976
1.0
1.0
0.99992704
0.9999999
1.0
1.0
1.0
1.0
1.0
1.0
1.0
0.99995387
1.0
1.0
1.0
1.0
1.0
1.0
1.0
1.0
1.0
1.0
1.0
1.0
1.0
1.0
0.9999988
1.0
1.0
1.0
1.0
1.0
1.0
1.0
0.9999993
1.0
0.974196
0.9999987
1.0
1.0
1.0
1.0
1.0
0.9999988
1.0
1.0
1.0
1.0
0.99999976
1.0
1.0
1.0
1.0
1.0
1.0
1.0
1.0
0.9999999
1.0
0.99999654
1.0
1.0
1.0
0.99984705
0.9999999
1.0
1.0
1.0
1.0
0.9842957
0.9999995
1.0
1.0
0.9999994
0.9999938
0.99998164
1.0
0.99999726
1.0
0.9999995
0.9999881
1.0
1.0
0.99999833
0.99994123
0.99456984
0.84239876
0.9999939
0.9994054
0.95752394
0.9999987
0.6292981
0.98986524
1.0
1.0
1.0
0.99999654
1.0
0.9999982
0.99994767
0.99999964
0.99999833
0.7111407
0.9659208
0.99923646
0.99342316
0.9999864
0.7214102
0.999967
0.99220204
0.9999906
0.9999988
1.0
1.0
1.0
0.99999976
1.0
0.99999714
1.0
0.9999995
0.99999964
0.9999999
1.0
0.99458176
1.0
0.9999999
1.0
0.99998593
0.7600485
0.99547285
0.9663689
0.9999988
1.0
0.9999285
0.99970394
1.0
0.9996375
0.9999999
1.0
0.9965062
0.99999976
0.99999845
1.0
1.0
0.99983954
0.999998
0.99995935
1.0
0.9999405
0.99980265
0.99999976
1.0
0.99999785
0.9994142
0.99998474
1.0
0.77457833
1.0
0.99998534
0.9999989
0.99999976
0.9999999
0.9999685
0.9986828
1.0
1.0
0.99999964
0.99999964
0.99999046
1.0
1.0
1.0
0.9999994
1.0
1.0
0.9999999
0.99999785
1.0
1.0
1.0
1.0
0.9999999
0.8067152
0.999998
1.0
1.0
1.0
1.0
1.0
1.0
1.0
1.0
0.9999988
0.99908185
1.0
1.0
1.0
1.0
0.9999995
0.9999994
1.0
0.99999905
1.0
0.99999404
0.9999999
1.0
0.99999964
1.0
0.9999976
0.9999999
1.0
0.99999535
1.0
1.0
1.0
1.0
1.0
1.0
1.0
0.9999888
1.0
1.0
0.99992836
0.9999999
1.0
0.9999956
0.9999975
1.0
1.0
1.0
1.0
0.9999999
1.0
1.0
1.0
1.0
1.0
0.99998367
1.0
1.0
1.0
0.99999845
1.0
1.0
1.0
1.0
1.0
1.0
1.0
0.99999905
1.0
0.9999999
0.99791497
1.0
1.0
1.0
0.9999999
1.0
1.0
1.0
1.0
1.0
1.0
0.9997675
1.0
0.9999999
1.0
1.0
0.9999999
1.0
1.0
0.99433124
0.99999964
1.0
0.9999999
0.96858025
0.99999976
0.9999999
0.9999207
1.0
0.9999999
1.0
0.9999993
1.0
1.0
1.0
0.99993515
0.9998031
1.0
1.0
0.99999845
1.0
1.0
0.9999999
1.0
0.99999976
1.0
1.0
1.0
0.99999475
0.99993575
1.0
1.0
1.0
1.0
1.0
1.0
1.0
1.0
1.0
1.0
0.9999968
1.0
1.0
0.6636396
0.99999964
0.99999106
1.0
0.9999993
1.0
1.0
1.0
1.0
1.0
0.99999964
1.0
1.0
0.9998323
1.0
1.0
1.0
1.0
1.0
1.0
1.0
1.0
0.9999999
0.99999964
0.99999774
1.0
1.0
1.0
0.99999976
1.0
0.99999976
1.0
1.0
1.0
0.99998736
1.0
1.0
1.0
1.0
1.0
1.0
1.0
1.0
1.0
0.99999976
1.0
1.0
1.0
1.0
1.0
1.0
1.0
1.0
1.0
1.0
1.0
0.9999999
1.0
0.9999999
1.0
1.0
1.0
0.9999999
1.0
0.9839118
1.0
1.0
1.0
1.0
0.99999726
1.0
1.0
1.0
0.9999999
1.0
1.0
1.0
1.0
1.0
1.0
1.0
1.0
1.0
1.0
0.99999964
1.0
1.0
1.0
1.0
1.0
1.0
1.0
1.0
1.0
1.0
0.99999523
1.0
1.0
1.0
1.0
0.9999392
1.0
0.99999905
0.99999964
1.0
1.0
1.0
1.0
1.0
1.0
1.0
0.9999995
0.99926037
1.0
1.0
1.0
0.9999924
1.0
1.0
0.9999999
1.0
1.0
0.9999995
0.99999106
1.0
1.0
1.0
0.9999981
1.0
0.9999975
1.0
1.0
1.0
1.0
1.0
1.0
0.9999987
1.0
1.0
1.0
1.0
1.0
0.9999999
0.9999938
1.0
1.0
1.0
1.0
1.0
1.0
1.0
1.0
1.0
1.0
0.999998
1.0
1.0
0.9999995
1.0
1.0
0.9999988
0.99999976
0.99999964
1.0
1.0
1.0
1.0
1.0
1.0
1.0
1.0
0.9994672
1.0
1.0
1.0
1.0
1.0
1.0
1.0
1.0
1.0
0.99999976
1.0
1.0
0.9999999
1.0
1.0
1.0
0.9999999
1.0
1.0
1.0
1.0
0.99999976
1.0
1.0
1.0
0.9999999
0.9994708
1.0
0.9999999
1.0
1.0
0.99999714
1.0
1.0
1.0
1.0
1.0
1.0
1.0
1.0
1.0
1.0
0.9999589
1.0
0.99999976
0.9999999
1.0
1.0
0.9999999
1.0
0.9999999
1.0
1.0
1.0
0.9999999
1.0
1.0
1.0
1.0
1.0
1.0
1.0
1.0
1.0
1.0
1.0
0.9999988
1.0
0.9999999
1.0
1.0
1.0
1.0
0.99999917
0.9999999
0.9999658
0.9999689
1.0
0.9999995
1.0
1.0
1.0
1.0
1.0
1.0
1.0
1.0
1.0
0.9999901
1.0
1.0
1.0
0.9999964
1.0
0.9999815
1.0
1.0
1.0
1.0
0.9998691
1.0
1.0
1.0
1.0
1.0
1.0
0.9999999
1.0
1.0
0.99997866
1.0
1.0
1.0
1.0
1.0
1.0
0.99999845
1.0
1.0
1.0
1.0
1.0
1.0
1.0
0.99999964
1.0
0.999995
1.0
0.9999999
1.0
1.0
1.0
0.9999999
1.0
0.99999857
1.0
1.0
1.0
0.9999982
0.9999862
0.9999988
1.0
1.0
0.9999995
1.0
0.9999976
1.0
1.0
1.0
1.0
1.0
1.0
0.9999937
1.0
1.0
1.0
1.0
1.0
1.0
1.0
0.99999845
1.0
1.0
1.0
1.0
1.0
0.99996793
1.0
1.0
1.0
1.0
1.0
1.0
1.0
1.0
1.0
1.0
0.9999939
1.0
1.0
0.9997093
1.0
1.0
0.9999999
1.0
1.0
1.0
1.0
1.0
1.0
1.0
1.0
1.0
0.9999982
1.0
1.0
1.0
1.0
1.0
0.9968188
1.0
0.99999905
1.0
1.0
1.0
1.0
1.0
0.99999976
1.0
1.0
1.0
1.0
1.0
1.0
1.0
1.0
1.0
1.0
1.0
1.0
1.0
1.0
0.9999999
1.0
0.9999448
1.0
1.0
1.0
1.0
1.0
1.0
1.0
1.0
1.0
1.0
1.0
0.99999845
1.0
1.0
1.0
0.9999999
1.0
1.0
0.99908817
1.0
1.0
1.0
1.0
1.0
0.99995375
1.0
1.0
1.0
0.9999869
0.9999993
0.9999764
1.0
0.9996277
1.0
1.0
1.0
0.9981883
0.99999607
1.0
1.0
0.99997723
1.0
1.0
0.99999607
0.99999976
0.9999999
0.999997
1.0
0.9999999
0.99999857
1.0
0.9999999
0.99999964
0.9999988
1.0
0.9970197
1.0
0.99999964
1.0
1.0
0.99996173
0.99999976
1.0
1.0
1.0
0.99999917
1.0
0.9999881
1.0
0.99997663
1.0
1.0
1.0
0.9999999
1.0
0.9999989
1.0
1.0
0.9999993
0.99998593
0.9999995
0.9999999
0.9999999
1.0
1.0
0.9999999
0.99999976
0.99998367
0.99998605
1.0
1.0
0.9999999
1.0
1.0
1.0
1.0
0.99999964
1.0
0.9999999
1.0
1.0
1.0
1.0
1.0
1.0
1.0
1.0
1.0
1.0
1.0
1.0
0.99999964
1.0
1.0
0.99999976
1.0
1.0
1.0
1.0
1.0
1.0
1.0
1.0
1.0
0.99999833
1.0
1.0
0.9999999
1.0
0.99999917
1.0
1.0
1.0
1.0
1.0
1.0
1.0
1.0
1.0
1.0
1.0
1.0
1.0
1.0
1.0
1.0
1.0
1.0
1.0
1.0
1.0
1.0
1.0
1.0
0.99998844
1.0
1.0
1.0
0.9999999
1.0
1.0
1.0
1.0
1.0
0.9999999
1.0
1.0
1.0
1.0
0.9999999
1.0
0.99999976
0.9999999
1.0
0.9999908
1.0
1.0
1.0
1.0
1.0
1.0
1.0
1.0
1.0
1.0
1.0
1.0
1.0
1.0
1.0
1.0
1.0
1.0
1.0
1.0
0.9999987
1.0
1.0
1.0
1.0
1.0
1.0
1.0
1.0
0.9999993
1.0
1.0
1.0
1.0
1.0
0.99998474
1.0
1.0
1.0
0.9999999
1.0
1.0
1.0
1.0
1.0
0.9999999
1.0
1.0
0.9999993
0.9999702
1.0
1.0
1.0
0.99999964
1.0
0.9999999
1.0
1.0
0.9998927
1.0
0.99999905
0.99999666
1.0
0.9999999
0.99999666
1.0
0.9999999
0.9999999
0.99994516
0.9999994
0.9999995
0.9999999
0.99999225
1.0
1.0
0.9999999
1.0
0.9999715
0.9999999
0.6881508
1.0
1.0
0.9999999
0.99999976
0.99998367
1.0
0.99973243
0.9999994
0.99999857
1.0
0.9999982
0.99999714
0.9999913
1.0
1.0
1.0
0.99981195
1.0
0.9999999
1.0
1.0
0.9999993
0.99997437
1.0
0.9999999
1.0
0.99998
0.99999964
0.9999993
1.0
0.99999714
0.9999999
1.0
0.9999989
1.0
1.0
0.9999995
0.9935422
0.9999627
1.0
1.0
0.9999999
0.9999937
1.0
1.0
1.0
1.0
0.9999999
0.99998605
1.0
1.0
1.0
1.0
0.9999999
1.0
0.99999225
0.99988186
0.999982
0.9999999
0.9999989
1.0
1.0
1.0
0.99888843
1.0
1.0
1.0
1.0
0.99998724
0.99999726
0.99999905
1.0
0.99998593
1.0
1.0
1.0
0.99999964
1.0
1.0
0.9999763
1.0
1.0
1.0
1.0
1.0
1.0
1.0
1.0
0.9999999
0.9999963
1.0
1.0
0.9999993
1.0
1.0
0.99999607
1.0
1.0
1.0
1.0
1.0
1.0
1.0
0.99998343
0.99999964
1.0
1.0
1.0
1.0
1.0
0.9999988
1.0
1.0
1.0
1.0
1.0
1.0
1.0
1.0
1.0
0.99999964
0.99999917
1.0
0.9999999
1.0
0.9999974
1.0
1.0
1.0
1.0
0.99999917
1.0
1.0
1.0
0.9999987
1.0
1.0
0.9999999
0.9999968
0.9999161
1.0
1.0
1.0
1.0
1.0
0.9999958
1.0
0.9999999
1.0
0.99999964
1.0
0.9999999
1.0
1.0
1.0
1.0
1.0
1.0
1.0
1.0
1.0
1.0
0.9999999
1.0
1.0
1.0
1.0
1.0
1.0
1.0
0.9999975
0.9999808
1.0
1.0
1.0
1.0
1.0
1.0
1.0
1.0
1.0
1.0
1.0
1.0
0.99999917
1.0
1.0
1.0
1.0
1.0
1.0
1.0
0.9999919
1.0
1.0
1.0
0.9999999
1.0
1.0
1.0
1.0
1.0
0.99999905
0.9999999
1.0
1.0
1.0
1.0
1.0
1.0
1.0
1.0
1.0
1.0
1.0
1.0
0.99999607
1.0
1.0
1.0
1.0
1.0
1.0
1.0
0.99999976
1.0
1.0
1.0
1.0
1.0
1.0
1.0
1.0
1.0
1.0
1.0
0.9999995
0.9999995
1.0
1.0
1.0
1.0
1.0
1.0
0.9999933
1.0
1.0
1.0
0.9999963
1.0
1.0
1.0
1.0
1.0
1.0
1.0
1.0
1.0
1.0
1.0
1.0
1.0
1.0
0.9999999
1.0
1.0
0.9999999
1.0
1.0
1.0
1.0
1.0
1.0
0.9999994
1.0
1.0
1.0
1.0
1.0
1.0
1.0
1.0
1.0
1.0
1.0
0.99999833
1.0
1.0
1.0
0.9999993
1.0
1.0
1.0
0.9999999
0.9999999
1.0
1.0
0.99999905
1.0
0.99999976
0.99997365
0.99979824
1.0
1.0
1.0
1.0
1.0
1.0
1.0
1.0
1.0
1.0
1.0
1.0
1.0
1.0
1.0
1.0
1.0
1.0
1.0
1.0
0.9999999
1.0
1.0
1.0
1.0
1.0
1.0
1.0
1.0
1.0
1.0
1.0
1.0
1.0
1.0
1.0
1.0
1.0
1.0
1.0
1.0
1.0
0.9999962
1.0
1.0
1.0
1.0
1.0
1.0
0.9999999
1.0
1.0
1.0
0.9999999
1.0
1.0
1.0
1.0
1.0
1.0
0.9999932
1.0
1.0
0.99999297
1.0
1.0
1.0
1.0
1.0
1.0
1.0
1.0
1.0
1.0
1.0
1.0
0.9999956
1.0
1.0
1.0
1.0
1.0
1.0
0.99999964
0.9999895
0.99999976
1.0
1.0
1.0
0.99999857
1.0
1.0
1.0
1.0
1.0
1.0
1.0
1.0
1.0
1.0
1.0
1.0
0.99995816
1.0
0.9999995
0.99972385
1.0
1.0
0.99999213
1.0
0.9999974
1.0
0.99932575
0.9999907
0.99972636
1.0
0.99999464
1.0
1.0
0.99999213
0.9999956
0.9999969
0.99998903
0.99980384
1.0
1.0
1.0
1.0
1.0
1.0
1.0
1.0
1.0
1.0
1.0
1.0
1.0
1.0
1.0
0.99999964
1.0
1.0
1.0
1.0
1.0
1.0
1.0
1.0
1.0
0.99999547
1.0
1.0
1.0
1.0
1.0
1.0
1.0
1.0
1.0
1.0
1.0
1.0
0.99999917
1.0
1.0
0.9999919
0.99999976
1.0
1.0
1.0
1.0
1.0
1.0
1.0
1.0
0.9999995
1.0
1.0
0.99999785
0.9999995
0.9999993
0.9999883
1.0
1.0
0.9999932
1.0
1.0
1.0
0.9999994
1.0
0.9999964
0.9999796
1.0
1.0
1.0
1.0
1.0
1.0
1.0
1.0
1.0
1.0
1.0
1.0
1.0
1.0
1.0
1.0
1.0
1.0
1.0
1.0
1.0
1.0
1.0
0.99999976
1.0
1.0
1.0
1.0
1.0
1.0
1.0
1.0
1.0
1.0
1.0
0.9999994
1.0
1.0
1.0
1.0
0.9999999
1.0
0.99996054
1.0
1.0
1.0
1.0
1.0
1.0
0.9999987
1.0
1.0
1.0
1.0
1.0
1.0
0.9999993
0.99999976
1.0
1.0
1.0
1.0
0.9998022
1.0
1.0
0.9999999
1.0
1.0
1.0
0.9999999
0.9999999
1.0
1.0
1.0
0.9999982
1.0
1.0
1.0
1.0
0.9999989
1.0
1.0
1.0
1.0
1.0
1.0
1.0
0.9999975
1.0
1.0
1.0
0.9999876
1.0
0.99999976
1.0
1.0
1.0
1.0
1.0
1.0
1.0
1.0
0.9999995
1.0
1.0
1.0
1.0
1.0
1.0
1.0
1.0
1.0
1.0
1.0
0.99999917
1.0
1.0
1.0
0.9999987
1.0
1.0
1.0
1.0
1.0
1.0
1.0
1.0
1.0
1.0
1.0
0.8178266
1.0
0.9990784
0.9999999
0.99999094
0.99999833
0.99999905
0.99999964
1.0
1.0
0.9996331
1.0
0.9999981
1.0
1.0
1.0
0.99999976
1.0
1.0
0.9999999
0.9999622
1.0
1.0
1.0
1.0
0.9999999
1.0
0.9999999
1.0
1.0
1.0
1.0
0.9996056
0.99921644
0.9999957
0.92872745
0.9994373
1.0
1.0
1.0
1.0
1.0
1.0
0.9999907
0.9999999
0.9999989
0.99999356
0.99998343
0.9999044
1.0
1.0
0.99994695
1.0
1.0
1.0
1.0
1.0
1.0
1.0
1.0
0.9999999
1.0
1.0
1.0
0.9999999
0.99999976
1.0
0.9999988
1.0
0.97377735
1.0
1.0
1.0
1.0
1.0
1.0
1.0
1.0
1.0
1.0
0.99999905
1.0
1.0
1.0
0.9999995
0.9999994
1.0
1.0
1.0
1.0
1.0
0.9999999
0.9999825
1.0
0.9999999
1.0
1.0
1.0
1.0
1.0
0.9999995
1.0
1.0
1.0
1.0
0.99999976
0.99999917
0.9999994
1.0
0.99997413
1.0
1.0
1.0
1.0
1.0
1.0
1.0
1.0
1.0
1.0
1.0
1.0
0.9997657
0.99945873
0.9999999
0.9999993
0.99999964
1.0
0.9999999
1.0
1.0
1.0
1.0
1.0
1.0
0.9999994
1.0
0.9990175
0.99999964
0.999998
1.0
1.0
1.0
0.9999999
0.99999595
1.0
1.0
1.0
1.0
1.0
1.0
1.0
1.0
1.0
0.99999917
1.0
1.0
1.0
0.99999976
0.9999962
1.0
1.0
1.0
1.0
1.0
1.0
0.9999927
1.0
0.9999999
0.99999905
0.99999964
1.0
0.99999964
1.0
1.0
0.9999999
1.0
1.0
1.0
1.0
0.99999976
1.0
1.0
1.0
0.9999505
0.9999999
0.9999988
0.99953544
1.0
1.0
1.0
0.9999999
1.0
0.99999976
0.9999962
1.0
0.99999976
0.99999964
1.0
1.0
0.9993814
0.9999999
1.0
0.9999989
1.0
1.0
0.9999962
1.0
0.9999999
0.9999994
1.0
1.0
1.0
1.0
0.94991446
0.99999464
0.9999982
1.0
0.9999995
0.99995863
0.99997354
1.0
0.9999964
0.9999863
0.99999964
0.99999964
0.99999976
0.9999362
0.999762
0.99999917
0.9999993
1.0
1.0
1.0
1.0
1.0
0.9999976
1.0
1.0
1.0
0.99999976
1.0
1.0
1.0
1.0
0.9999994
0.9999999
1.0
1.0
1.0
1.0
0.99999964
0.83986354
1.0
0.9999999
1.0
0.9999268
0.9740335
0.9999989
1.0
0.9999974
0.9999573
0.99997866
0.99988425
0.9999975
1.0
0.9957163
0.9699412
0.99999976
1.0
1.0
1.0
1.0
0.998379
0.9999995
0.99999344
1.0
0.9999995
1.0
1.0
0.99999964
1.0
1.0
1.0
1.0
1.0
1.0
1.0
1.0
1.0
0.9999863
1.0
0.99999607
0.9999999
1.0
1.0
1.0
1.0
1.0
0.999998
1.0
0.9999999
1.0
1.0
1.0
1.0
1.0
1.0
0.99999917
1.0
1.0
1.0
1.0
0.9999999
1.0
0.9999995
0.99999535
0.9999012
1.0
0.99999905
1.0
1.0
0.9999981
0.94254106
0.9999995
1.0
1.0
1.0
0.9999999
0.99999774
0.99999285
0.99999976
0.9999994
1.0
1.0
1.0
1.0
0.9999838
0.9999999
0.99999964
1.0
1.0
1.0
1.0
1.0
1.0
1.0
0.9915753
1.0
0.6059591
1.0
0.99999976
1.0
1.0
1.0
0.9999999
1.0
0.99999726
1.0
1.0
1.0
1.0
1.0
0.99999976
0.9999963
1.0
0.99999845
0.9999944
0.9999995
1.0
1.0
1.0
0.9999974
1.0
1.0
1.0
1.0
1.0
1.0
1.0
0.9999995
1.0
0.9999994
1.0
1.0
1.0
1.0
1.0
1.0
1.0
1.0
1.0
1.0
1.0
1.0
1.0
1.0
1.0
1.0
1.0
0.9999994
1.0
1.0
1.0
1.0
1.0
1.0
1.0
1.0
1.0
0.9999999
1.0
1.0
0.9999999
1.0
1.0
1.0
1.0
1.0
1.0
1.0
1.0
1.0
1.0
1.0
1.0
1.0
1.0
1.0
1.0
1.0
0.9999999
1.0
0.99999833
1.0
1.0
0.9999888
1.0
0.9999994
1.0
1.0
1.0
1.0
0.9999244
0.9999999
0.9999976
1.0
1.0
1.0
0.99999857
0.9999405
0.9999989
1.0
1.0
0.9999999
1.0
1.0
1.0
1.0
1.0
0.9944126
0.9973788
0.9999994
1.0
0.99996567
1.0
0.99999785
1.0
0.87417704
1.0
1.0
1.0
1.0
1.0
1.0
1.0
1.0
1.0
1.0
1.0
0.9999957
1.0
0.9999993
1.0
1.0
1.0
1.0
1.0
1.0
1.0
1.0
1.0
1.0
1.0
1.0
1.0
1.0
1.0
1.0
1.0
1.0
1.0
1.0
1.0
1.0
1.0
0.99999976
1.0
1.0
1.0
1.0
1.0
1.0
1.0
1.0
1.0
1.0
1.0
1.0
1.0
1.0
1.0
1.0
1.0
1.0
0.9998827
1.0
1.0
1.0
0.9999999
1.0
1.0
0.9999999
1.0
1.0
1.0
1.0
1.0
1.0
1.0
1.0
1.0
1.0
0.99999726
1.0
1.0
1.0
1.0
0.9999999
1.0
1.0
1.0
1.0
1.0
1.0
1.0
1.0
1.0
1.0
1.0
1.0
1.0
1.0
1.0
0.99999976
1.0
1.0
1.0
1.0
1.0
1.0
1.0
1.0
0.9999999
1.0
1.0
1.0
1.0
0.99999917
1.0
1.0
1.0
1.0
1.0
1.0
1.0
1.0
1.0
1.0
1.0
1.0
0.9999994
1.0
1.0
0.9999937
1.0
1.0
0.9999999
1.0
1.0
1.0
1.0
1.0
1.0
1.0
1.0
0.99999964
1.0
1.0
1.0
1.0
1.0
1.0
1.0
1.0
1.0
1.0
1.0
1.0
1.0
1.0
1.0
1.0
1.0
1.0
1.0
1.0
1.0
1.0
1.0
1.0
1.0
1.0
1.0
1.0
1.0
1.0
1.0
1.0
1.0
1.0
1.0
1.0
1.0
1.0
1.0
1.0
1.0
1.0
1.0
1.0
1.0
1.0
1.0
1.0
1.0
1.0
1.0
1.0
1.0
1.0
1.0
1.0
1.0
1.0
1.0
1.0
1.0
1.0
1.0
1.0
1.0
1.0
1.0
1.0
1.0
1.0
0.99999976
1.0
0.9999989
1.0
1.0
1.0
0.9999906
1.0
1.0
1.0
1.0
1.0
1.0
1.0
1.0
1.0
1.0
1.0
1.0
1.0
1.0
1.0
1.0
1.0
1.0
1.0
1.0
1.0
1.0
1.0
1.0
1.0
1.0
1.0
1.0
1.0
1.0
1.0
1.0
1.0
1.0
1.0
1.0
1.0
1.0
0.9999999
1.0
1.0
1.0
1.0
1.0
1.0
0.9999999
1.0
1.0
1.0
1.0
1.0
1.0
1.0
1.0
1.0
1.0
1.0
1.0
1.0
1.0
1.0
1.0
1.0
1.0
1.0
1.0
0.99999976
1.0
1.0
1.0
1.0
1.0
1.0
1.0
1.0
1.0
0.99999666
1.0
1.0
1.0
1.0
1.0
1.0
1.0
1.0
1.0
1.0
1.0
1.0
1.0
1.0
1.0
1.0
1.0
1.0
1.0
1.0
1.0
1.0
1.0
1.0
1.0
1.0
1.0
0.99999976
0.99999976
1.0
1.0
1.0
1.0
1.0
1.0
1.0
1.0
1.0
1.0
1.0
1.0
1.0
1.0
1.0
1.0
1.0
1.0
1.0
1.0
1.0
1.0
1.0
1.0
0.99999976
1.0
1.0
1.0
1.0
1.0
1.0
1.0
1.0
0.9999993
1.0
1.0
1.0
0.9999999
0.99999523
1.0
0.9999894
1.0
1.0
0.9999999
1.0
1.0
1.0
1.0
0.9999999
1.0
1.0
1.0
1.0
1.0
1.0
1.0
0.9999999
0.99999535
1.0
1.0
1.0
1.0
1.0
1.0
0.9999945
0.9999999
1.0
1.0
1.0
1.0
1.0
1.0
0.9999999
1.0
1.0
1.0
1.0
1.0
1.0
1.0
1.0
0.9999999
0.999997
1.0
1.0
1.0
1.0
1.0
1.0
0.99999976
1.0
1.0
1.0
0.9999999
1.0
0.99999917
1.0
1.0
1.0
1.0
1.0
1.0
1.0
0.9999999
1.0
1.0
1.0
1.0
1.0
1.0
1.0
1.0
1.0
1.0
0.99999976
1.0
1.0
1.0
0.99999976
1.0
1.0
1.0
0.99999964
1.0
1.0
0.99999976
1.0
0.9999993
1.0
1.0
0.9999999
0.99999714
1.0
1.0
1.0
0.99999976
1.0
0.99999857
1.0
0.9999999
1.0
1.0
1.0
1.0
1.0
1.0
0.99999833
1.0
1.0
0.9999993
1.0
1.0
1.0
0.9999999
0.99999976
0.99999976
0.9999999
1.0
1.0
1.0
0.99753785
0.9999895
1.0
0.9994822
1.0
0.9999994
0.9980476
0.99992454
0.99999166
0.9999999
0.90554625
1.0
1.0
1.0
1.0
0.9991327
0.99987197
0.99999976
1.0
0.999998
1.0
0.9999988
1.0
0.9999994
1.0
1.0
1.0
0.9999975
0.9999999
0.9999989
0.9999995
1.0
1.0
1.0
0.99999845
0.99999905
0.99999833
0.99999976
1.0
1.0
0.99999976
0.9999994
0.9999994
1.0
1.0
0.9999999
1.0
1.0
0.99179757
1.0
1.0
1.0
1.0
1.0
1.0
1.0
1.0
1.0
1.0
1.0
0.99997365
1.0
0.9995431
1.0
1.0
1.0
1.0
1.0
1.0
1.0
1.0
1.0
1.0
1.0
1.0
1.0
1.0
1.0
1.0
1.0
1.0
1.0
1.0
1.0
1.0
1.0
1.0
1.0
1.0
1.0
1.0
1.0
1.0
1.0
1.0
1.0
1.0
1.0
1.0
1.0
1.0
0.99999905
1.0
0.9999999
1.0
1.0
1.0
1.0
0.9999993
1.0
1.0
1.0
1.0
1.0
0.9999993
1.0
1.0
1.0
0.99999976
1.0
1.0
1.0
1.0
1.0
1.0
1.0
1.0
1.0
1.0
1.0
1.0
1.0
0.9999999
1.0
1.0
1.0
1.0
0.99999976
1.0
1.0
1.0
1.0
1.0
1.0
1.0
1.0
1.0
1.0
1.0
0.9999286
1.0
1.0
1.0
1.0
1.0
1.0
0.9999999
1.0
1.0
0.9999999
1.0
0.9999994
1.0
1.0
1.0
1.0
1.0
1.0
1.0
1.0
1.0
1.0
1.0
1.0
1.0
1.0
1.0
1.0
1.0
0.9999999
1.0
1.0
1.0
1.0
1.0
0.99999976
1.0
1.0
1.0
0.9999999
1.0
1.0
1.0
1.0
1.0
1.0
1.0
1.0
1.0
0.99999964
1.0
1.0
0.99999976
1.0
1.0
0.9999976
0.9999999
0.99999976
1.0
1.0
1.0
1.0
1.0
0.9999988
1.0
1.0
0.99999845
1.0
1.0
1.0
1.0
1.0
1.0
1.0
0.9999999
1.0
1.0
1.0
1.0
1.0
1.0
1.0
0.9999999
1.0
1.0
0.99999976
0.99999964
1.0
1.0
1.0
1.0
1.0
1.0
0.99999726
0.9999912
1.0
0.99999964
1.0
1.0
0.9999999
0.99999917
1.0
1.0
1.0
1.0
1.0
1.0
1.0
1.0
1.0
1.0
1.0
1.0
1.0
1.0
1.0
1.0
1.0
1.0
1.0
1.0
0.99989045
1.0
1.0
1.0
1.0
1.0
1.0
1.0
1.0
1.0
1.0
1.0
1.0
1.0
1.0
0.9999999
0.99999976
1.0
1.0
1.0
1.0
1.0
1.0
1.0
1.0
1.0
1.0
1.0
1.0
1.0
1.0
1.0
1.0
1.0
1.0
1.0
1.0
1.0
1.0
1.0
1.0
1.0
1.0
1.0
1.0
1.0
1.0
1.0
1.0
1.0
1.0
0.9999988
1.0
1.0
1.0
1.0
1.0
1.0
1.0
1.0
0.9999999
1.0
0.9999726
1.0
1.0
1.0
0.9999993
1.0
1.0
1.0
1.0
1.0
1.0
1.0
1.0
1.0
1.0
1.0
1.0
1.0
1.0
1.0
1.0
1.0
1.0
1.0
1.0
1.0
1.0
1.0
1.0
1.0
0.9999995
1.0
1.0
1.0
1.0
0.9999999
1.0
1.0
1.0
1.0
0.99969494
1.0
1.0
1.0
1.0
0.9999995
1.0
1.0
1.0
0.99999964
0.9999982
1.0
1.0
1.0
1.0
1.0
0.9999988
1.0
0.99999964
1.0
1.0
1.0
1.0
1.0
1.0
1.0
1.0
1.0
1.0
0.9999969
1.0
0.99999404
1.0
1.0
1.0
1.0
1.0
1.0
1.0
0.9997594
0.99809784
1.0
1.0
0.99422616
0.9999714
0.9999999
1.0
1.0
1.0
1.0
1.0
1.0
1.0
1.0
1.0
0.9999995
1.0
1.0
1.0
1.0
0.9999999
1.0
1.0
1.0
0.998343
0.9999999
1.0
1.0
1.0
1.0
1.0
1.0
0.99999964
1.0
0.9999654
1.0
0.9999999
1.0
1.0
1.0
1.0
0.9999913
0.99999964
0.99999976
1.0
1.0
1.0
1.0
1.0
1.0
1.0
1.0
1.0
1.0
1.0
0.9999995
0.99996483
1.0
1.0
1.0
0.9999987
1.0
1.0
0.9999995
1.0
1.0
0.9999974
1.0
1.0
1.0
0.9999962
1.0
0.99999905
0.99999714
1.0
0.99999976
1.0
1.0
0.99999666
1.0
0.9999999
1.0
1.0
0.9979291
1.0
1.0
0.99999857
1.0
1.0
1.0
0.99999917
0.99999976
1.0
1.0
1.0
0.9999062
0.99999833
1.0
0.99999964
1.0
0.9999999
1.0
1.0
1.0
1.0
0.99999964
1.0
1.0
0.9964573
0.99999964
0.99999964
1.0
0.9999926
0.9999999
1.0
1.0
0.99991703
0.9999018
0.9972792
0.9999999
1.0
1.0
0.9999989
1.0
0.99999905
1.0
1.0
0.9999982
0.999997
1.0
1.0
1.0
1.0
1.0
0.99999905
1.0
1.0
1.0
1.0
1.0
0.9999995
1.0
1.0
1.0
1.0
1.0
1.0
1.0
1.0
0.9999968
1.0
1.0
1.0
1.0
0.99998605
1.0
1.0
1.0
0.99999976
1.0
1.0
0.999997
1.0
0.9999999
1.0
0.92033684
0.9999999
1.0
1.0
0.9999993
1.0
1.0
0.9999485
1.0
0.9999987
1.0
1.0
0.9999268
1.0
1.0
0.99999976
1.0
1.0
1.0
1.0
0.99994826
1.0
1.0
1.0
1.0
0.9999002
0.99990284
1.0
0.99999964
1.0
0.99999106
0.9999994
1.0
0.51430386
0.9999999
0.9996112
0.99999976
1.0
0.99878806
0.9999999
0.9816234
0.9999975
1.0
1.0
1.0
0.9999957
1.0
0.87844133
1.0
0.9999863
0.99991155
0.5472654
0.9999999
0.99999917
0.999985
0.8362272
0.99953985
0.9999882
0.999866
1.0
1.0
1.0
0.9999995
1.0
0.99999976
0.9999627
0.9996718
1.0
1.0
1.0
0.99999964
0.99998343
1.0
1.0
0.9999231
1.0
0.99999976
0.9995616
0.9999988
0.99999917
1.0
1.0
0.99907875
1.0
1.0
0.9999858
1.0
0.9999999
1.0
0.9994342
0.9999598
0.99998534
0.45663765
1.0
1.0
1.0
0.999997
0.9999999
1.0
0.99999857
0.9999168
0.9999995
0.99999976
0.9999999
1.0
0.69592553
0.9995876
0.9941042
1.0
1.0
1.0
0.97217226
0.99999464
0.9999982
0.9999993
1.0
0.9999982
1.0
1.0
1.0
1.0
1.0
0.9999999
1.0
1.0
0.99999523
0.99999917
0.9999708
0.99999964
0.99989104
1.0
1.0
0.99999976
0.9999993
0.9999999
1.0
0.99999976
0.9999999
0.99999917
0.999882
1.0
1.0
0.9999963
0.9999844
0.99999917
1.0
0.99689084
1.0
0.99980825
0.9999945
0.99999845
1.0
0.9999987
0.9999882
0.99992764
1.0
1.0
1.0
0.99999285
1.0
0.9999999
1.0
0.9999591
1.0
0.9828856
0.9958503
1.0
0.9999609
0.99982953
0.9999975
1.0
0.99999976
1.0
0.9999994
1.0
0.99999547
1.0
0.9999999
0.9999999
1.0
0.99999976
0.97965837
1.0
0.8523588
1.0
0.99999976
0.9999994
0.99999964
1.0
1.0
0.99997246
0.99999976
0.9998926
1.0
0.9999999
0.9996158
1.0
1.0
1.0
0.99999964
1.0
1.0
0.99999976
1.0
1.0
0.9473989
0.9992756
1.0
0.99999607
0.9999993
1.0
1.0
0.9999982
0.99996805
1.0
0.9999999
1.0
1.0
1.0
1.0
1.0
0.999985
0.9999964
1.0
0.99347985
1.0
0.9999999
1.0
0.9999999
0.9999964
1.0
1.0
1.0
0.99999964
1.0
1.0
1.0
1.0
1.0
0.9999999
1.0
0.9999933
0.9999981
1.0
0.9999454
0.9999989
0.9999999
1.0
1.0
1.0
0.9999993
0.99999976
0.923292
0.99996185
0.9999993
1.0
1.0
0.99999833
0.9999993
0.9999999
0.99877816
1.0
0.99999166
0.99551564
1.0
1.0
1.0
1.0
0.99955446
0.9996222
1.0
0.9997234
1.0
1.0
1.0
0.99995625
1.0
0.99999964
1.0
1.0
0.999995
1.0
1.0
1.0
1.0
1.0
1.0
0.9997559
1.0
1.0
1.0
0.99999845
0.9971163
0.9999993
1.0
1.0
0.9999809
0.9999912
0.9999988
0.99999547
1.0
0.986585
1.0
0.99999857
0.99838924
0.9999999
0.99963915
0.9999999
1.0
0.9999993
1.0
1.0
1.0
1.0
1.0
0.9999943
0.99999404
0.9979931
0.99921536
0.99371654
1.0
1.0
1.0
1.0
1.0
0.99999976
0.9999974
1.0
1.0
0.99998295
1.0
1.0
0.9999999
1.0
1.0
0.9994696
0.99999976
0.9999994
1.0
1.0
1.0
1.0
0.99999976
1.0
0.99999917
1.0
1.0
1.0
0.9999943
1.0
0.9999999
1.0
0.9999994
0.99999833
0.99999464
1.0
1.0
1.0
1.0
0.9999989
1.0
1.0
1.0
0.99999964
0.9999993
1.0
0.9999999
0.9999989
0.99999964
0.9999976
1.0
1.0
1.0
1.0
1.0
0.9999995
1.0
0.9999994
1.0
1.0
1.0
1.0
0.99999714
0.9999871
1.0
1.0
1.0
0.9999999
1.0
0.9999999
1.0
0.9999981
1.0
0.99999714
0.9999926
0.837569
1.0
1.0
0.99999976
1.0
1.0
1.0
1.0
1.0
1.0
1.0
0.9999999
1.0
1.0
1.0
1.0
1.0
1.0
