1.0
1.0
1.0
1.0
1.0
1.0
0.9999999
1.0
0.99716127
0.99999964
1.0
1.0
0.99999976
1.0
1.0
1.0
0.9999999
1.0
0.9088756
1.0
1.0
0.9999999
1.0
1.0
1.0
1.0
0.9999999
1.0
1.0
1.0
1.0
0.9999993
0.9999999
0.9999999
1.0
1.0
1.0
1.0
1.0
0.9999999
1.0
1.0
0.9999999
0.9999999
0.9999789
1.0
0.9999999
1.0
0.9999994
1.0
1.0
1.0
1.0
1.0
1.0
1.0
1.0
1.0
1.0
0.9999987
1.0
1.0
0.9976205
0.9999516
1.0
1.0
1.0
1.0
1.0
1.0
1.0
1.0
1.0
0.9999491
0.99999964
1.0
1.0
1.0
0.99999964
0.9999999
0.99999917
1.0
1.0
1.0
1.0
1.0
1.0
0.9999999
1.0
1.0
1.0
1.0
0.9637853
0.99996924
1.0
0.9999399
0.99889684
0.9999995
1.0
1.0
1.0
1.0
1.0
1.0
0.9999825
1.0
1.0
0.9999995
1.0
1.0
1.0
0.9999696
1.0
1.0
1.0
0.9995158
1.0
1.0
1.0
0.99998045
1.0
0.9999999
1.0
1.0
0.9999752
0.99999034
0.9999976
1.0
1.0
1.0
1.0
1.0
1.0
1.0
1.0
1.0
1.0
1.0
1.0
0.99999857
1.0
1.0
1.0
1.0
1.0
1.0
1.0
1.0
1.0
0.99990976
1.0
0.9484056
1.0
1.0
1.0
1.0
1.0
1.0
0.9995394
1.0
0.9999666
1.0
1.0
1.0
1.0
1.0
1.0
0.99998593
1.0
1.0
1.0
0.999962
1.0
0.9999999
1.0
0.9994624
1.0
1.0
1.0
1.0
1.0
1.0
1.0
1.0
0.9999813
0.9999994
1.0
1.0
1.0
0.9999994
0.9999988
0.9999939
1.0
0.9946911
1.0
0.9998093
1.0
1.0
0.99999976
0.9999995
1.0
1.0
1.0
1.0
1.0
1.0
0.9999994
1.0
1.0
0.9992034
1.0
0.99993694
1.0
1.0
0.99999833
1.0
1.0
0.9999938
1.0
1.0
0.9999999
0.9999999
1.0
1.0
1.0
1.0
1.0
1.0
1.0
1.0
0.9999999
1.0
1.0
1.0
0.9999999
1.0
1.0
1.0
1.0
1.0
0.9999999
0.9999709
0.99998987
0.99999785
0.9999999
0.99999475
1.0
0.97721964
1.0
1.0
0.99999976
0.99999917
1.0
1.0
1.0
0.99999607
1.0
0.9999993
1.0
0.5817023
1.0
1.0
1.0
1.0
0.9998661
1.0
0.9977235
1.0
1.0
1.0
0.9999994
1.0
1.0
0.99999976
1.0
1.0
1.0
1.0
1.0
1.0
1.0
1.0
0.9964636
1.0
1.0
1.0
0.9999994
0.99999595
1.0
1.0
0.99990416
1.0
0.99999666
1.0
1.0
1.0
1.0
0.99999976
1.0
1.0
1.0
0.9999993
1.0
1.0
1.0
0.9999999
1.0
1.0
0.9999999
1.0
1.0
1.0
1.0
0.9999888
1.0
1.0
1.0
0.9999999
1.0
1.0
0.96454495
0.5667383
1.0
1.0
0.99999714
1.0
0.99970263
1.0
1.0
1.0
1.0
1.0
1.0
0.99999976
1.0
1.0
0.9999659
0.99998283
1.0
1.0
0.88714427
0.99999917
1.0
1.0
1.0
1.0
1.0
1.0
1.0
1.0
0.9999999
1.0
0.9999999
1.0
1.0
1.0
1.0
0.99999976
0.99928963
0.9782973
0.9999982
1.0
0.99999154
1.0
1.0
1.0
0.999949
1.0
0.9999976
1.0
1.0
1.0
1.0
1.0
1.0
1.0
1.0
1.0
1.0
1.0
0.9999988
0.9999268
1.0
1.0
1.0
1.0
0.9999999
1.0
1.0
0.99999917
1.0
1.0
1.0
0.99999976
1.0
1.0
1.0
1.0
1.0
0.99999976
1.0
1.0
1.0
1.0
0.99999976
1.0
1.0
1.0
1.0
0.99999964
1.0
0.99998415
0.99999976
1.0
1.0
0.99999285
1.0
0.99992573
1.0
1.0
1.0
0.9999999
0.9999999
1.0
1.0
1.0
1.0
1.0
1.0
1.0
1.0
1.0
1.0
1.0
1.0
0.99977297
1.0
1.0
0.9999999
1.0
1.0
1.0
0.9999995
1.0
0.9999738
0.9652074
0.9999999
0.99525553
0.9999331
0.99732226
0.99028605
1.0
1.0
1.0
1.0
1.0
1.0
1.0
1.0
1.0
0.9999639
1.0
0.9999999
1.0
0.99997973
1.0
1.0
1.0
0.99999964
1.0
1.0
1.0
1.0
1.0
1.0
0.9999999
1.0
1.0
0.9999933
0.99992085
1.0
1.0
1.0
1.0
1.0
1.0
1.0
0.9999999
1.0
1.0
0.9999974
0.9999999
0.9999989
1.0
1.0
0.59052664
1.0
0.9999273
1.0
1.0
1.0
1.0
1.0
1.0
0.99999976
1.0
1.0
0.9999943
1.0
1.0
1.0
1.0
1.0
1.0
1.0
1.0
1.0
1.0
1.0
1.0
1.0
1.0
1.0
0.99999547
1.0
1.0
1.0
1.0
0.99999976
1.0
0.9999999
0.99999964
1.0
1.0
1.0
1.0
1.0
1.0
1.0
1.0
1.0
1.0
0.99999917
0.9991234
1.0
1.0
1.0
1.0
0.9999999
1.0
1.0
0.86864346
0.9999993
1.0
1.0
1.0
1.0
0.99999774
1.0
0.9999995
1.0
0.99999654
1.0
1.0
1.0
1.0
1.0
1.0
1.0
0.9999925
1.0
0.999778
1.0
1.0
1.0
1.0
1.0
1.0
1.0
1.0
1.0
0.9999974
0.8988769
0.9903999
0.9999999
1.0
1.0
1.0
1.0
1.0
1.0
0.99974054
1.0
0.99999833
1.0
1.0
1.0
0.99998236
1.0
1.0
1.0
1.0
1.0
0.9999999
1.0
1.0
1.0
1.0
1.0
1.0
1.0
0.99999917
1.0
0.99999905
1.0
0.99999964
1.0
1.0
0.99995506
0.97698337
1.0
1.0
1.0
1.0
0.99999976
0.99990547
1.0
1.0
1.0
0.9999964
1.0
1.0
1.0
1.0
1.0
0.9999994
1.0
0.9999999
1.0
1.0
0.9999999
1.0
0.99999225
1.0
1.0
0.9999714
0.99592704
1.0
1.0
0.99999845
1.0
0.9999999
1.0
1.0
1.0
1.0
1.0
1.0
0.999984
0.4653557
1.0
0.9999999
1.0
1.0
1.0
1.0
0.9999993
0.9999863
1.0
1.0
1.0
0.99998856
1.0
1.0
0.9970716
1.0
1.0
0.9999999
1.0
0.9999993
1.0
1.0
1.0
0.99999976
0.9865007
1.0
1.0
1.0
1.0
0.9999819
1.0
0.99844676
1.0
1.0
1.0
1.0
0.9999999
1.0
0.99999976
0.9999982
0.9999994
1.0
1.0
1.0
1.0
1.0
1.0
0.9999999
1.0
1.0
1.0
1.0
1.0
1.0
1.0
1.0
0.86195165
0.92159903
1.0
1.0
0.9979443
1.0
1.0
0.99999535
1.0
1.0
0.9808481
1.0
1.0
1.0
0.99999905
1.0
1.0
1.0
1.0
1.0
0.9999927
0.9999995
0.9999882
1.0
0.989136
1.0
1.0
1.0
1.0
1.0
0.99999785
1.0
1.0
1.0
1.0
1.0
1.0
1.0
1.0
1.0
1.0
1.0
1.0
1.0
0.9999728
0.9997907
0.9999989
1.0
1.0
1.0
1.0
0.9999999
1.0
1.0
1.0
0.9999993
1.0
1.0
1.0
1.0
1.0
1.0
1.0
1.0
0.99997616
0.99999595
0.99999976
1.0
1.0
0.9999999
0.99992394
1.0
1.0
0.9999945
0.99999976
0.999977
1.0
1.0
1.0
1.0
1.0
0.99998987
1.0
1.0
0.9999993
1.0
1.0
1.0
0.9999982
1.0
1.0
1.0
1.0
1.0
0.99999917
1.0
1.0
0.9915072
1.0
0.99999976
0.99999976
1.0
1.0
1.0
1.0
1.0
1.0
1.0
1.0
1.0
0.99999964
1.0
1.0
0.9999999
1.0
1.0
1.0
0.9999962
1.0
1.0
1.0
1.0
1.0
0.99999094
1.0
1.0
1.0
1.0
0.99932814
1.0
0.9999027
1.0
1.0
1.0
1.0
1.0
1.0
1.0
1.0
1.0
1.0
0.99999976
1.0
0.9999994
1.0
1.0
1.0
1.0
1.0
1.0
0.9999927
1.0
1.0
1.0
0.99999976
1.0
1.0
1.0
0.99999845
1.0
1.0
0.9999993
1.0
1.0
1.0
0.99844486
0.9098995
0.83804
1.0
0.9999999
1.0
1.0
1.0
1.0
0.99999774
1.0
1.0
1.0
1.0
0.99999666
0.9999993
1.0
0.9999893
1.0
0.9999794
1.0
0.9997974
0.99998295
1.0
1.0
0.99999976
1.0
1.0
0.9999758
1.0
1.0
1.0
1.0
1.0
1.0
0.9999995
1.0
1.0
1.0
1.0
1.0
1.0
1.0
0.8582825
1.0
0.9999993
1.0
0.9999999
1.0
1.0
1.0
0.99999964
1.0
1.0
1.0
0.99998105
1.0
0.8873173
0.99974614
1.0
1.0
1.0
1.0
0.99999976
1.0
0.99999774
0.9634959
1.0
0.99999976
0.9999982
0.9999838
1.0
1.0
1.0
0.99999654
0.99343455
1.0
0.98470587
1.0
0.9999995
1.0
0.99999905
0.99999833
0.99999976
0.9778912
1.0
1.0
1.0
0.9999975
0.9999999
1.0
1.0
1.0
1.0
1.0
0.9999999
1.0
1.0
0.99999917
1.0
1.0
0.9999901
1.0
1.0
1.0
1.0
1.0
1.0
1.0
1.0
1.0
0.9999969
1.0
0.9999982
1.0
1.0
1.0
1.0
0.9999999
1.0
1.0
1.0
1.0
0.9999999
1.0
0.9999244
0.9999999
0.9999999
1.0
0.9999999
1.0
1.0
1.0
0.9999989
1.0
1.0
0.999998
1.0
0.99999976
1.0
0.99999976
0.9998228
1.0
1.0
1.0
0.99999905
1.0
1.0
1.0
1.0
0.9999999
0.99995327
0.91562694
1.0
1.0
1.0
1.0
1.0
0.5138638
1.0
1.0
0.99999964
1.0
0.99999964
0.99583226
1.0
1.0
1.0
1.0
0.99999857
0.9999726
1.0
1.0
1.0
0.9999949
1.0
1.0
1.0
1.0
1.0
0.9999999
0.9993717
1.0
1.0
1.0
1.0
1.0
0.9999603
1.0
1.0
1.0
0.9999019
1.0
1.0
1.0
1.0
0.9999999
1.0
1.0
1.0
0.9999982
0.9999993
1.0
1.0
1.0
1.0
1.0
0.9999999
1.0
0.9999999
1.0
1.0
1.0
1.0
0.9999988
1.0
1.0
1.0
1.0
1.0
0.9999999
1.0
1.0
1.0
1.0
1.0
0.9956827
1.0
1.0
1.0
1.0
0.8601635
1.0
0.97933507
1.0
1.0
1.0
1.0
0.99999964
1.0
0.99999344
0.99999976
1.0
1.0
1.0
1.0
1.0
0.99974734
1.0
0.9999994
1.0
1.0
1.0
1.0
1.0
1.0
1.0
1.0
1.0
1.0
0.9999999
1.0
0.99999964
1.0
0.9999993
1.0
0.99998665
1.0
1.0
0.9999999
1.0
0.99999976
0.99999964
1.0
1.0
0.99999976
1.0
1.0
1.0
1.0
0.9999999
1.0
1.0
0.99998903
1.0
0.99972385
1.0
1.0
0.9999937
1.0
1.0
1.0
0.99998605
1.0
1.0
1.0
1.0
0.99999964
1.0
0.9999999
0.99785393
0.96492296
1.0
1.0
1.0
1.0
1.0
1.0
1.0
1.0
0.9997179
0.99379975
1.0
1.0
1.0
1.0
1.0
1.0
0.9999994
1.0
1.0
0.98946315
1.0
0.99999094
1.0
0.9990627
1.0
1.0
1.0
1.0
1.0
0.9999999
1.0
0.99999976
1.0
0.9999963
0.9999999
1.0
1.0
1.0
0.9999999
1.0
0.9999999
0.9987644
1.0
0.8369463
1.0
0.99991906
1.0
1.0
1.0
0.9906475
0.9999999
1.0
1.0
1.0
1.0
1.0
0.99999905
1.0
1.0
0.82102585
0.9999989
0.9999999
1.0
1.0
0.95479083
0.99985707
1.0
1.0
0.99999344
1.0
1.0
1.0
1.0
0.999902
1.0
1.0
1.0
0.9070913
1.0
1.0
0.9993343
0.9999999
1.0
0.9999999
1.0
1.0
1.0
1.0
1.0
0.99999833
0.99999845
1.0
1.0
1.0
1.0
1.0
0.9999925
1.0
0.99981886
0.9999101
1.0
1.0
1.0
1.0
1.0
1.0
0.9999701
0.9959894
1.0
0.9999999
1.0
1.0
1.0
0.99993086
1.0
1.0
0.99445045
1.0
0.9999995
0.9999999
1.0
1.0
1.0
1.0
1.0
1.0
1.0
0.9999989
1.0
1.0
1.0
1.0
0.9997985
1.0
1.0
0.9999999
0.5958326
1.0
1.0
1.0
1.0
1.0
1.0
0.96475804
1.0
0.99992
1.0
0.9999982
0.99999785
1.0
1.0
0.9999999
1.0
1.0
0.9797686
1.0
0.99999976
1.0
1.0
1.0
1.0
1.0
1.0
1.0
0.9999924
1.0
1.0
1.0
0.9999999
1.0
1.0
1.0
1.0
0.9999999
1.0
1.0
1.0
1.0
1.0
1.0
1.0
0.9721254
1.0
1.0
1.0
1.0
1.0
1.0
1.0
1.0
1.0
1.0
1.0
1.0
0.9999752
0.99995637
1.0
1.0
1.0
1.0
0.9999999
1.0
0.9999095
1.0
1.0
1.0
1.0
1.0
0.999992
1.0
0.8472471
0.99986815
1.0
1.0
0.9999875
1.0
1.0
1.0
1.0
0.99999845
0.99972695
1.0
1.0
1.0
1.0
1.0
0.99999964
1.0
1.0
1.0
0.9999999
0.600955
0.9962022
1.0
1.0
1.0
0.99999976
1.0
1.0
0.9999999
0.99999976
0.99999964
0.9999776
1.0
0.99999833
0.99999976
0.9997428
1.0
1.0
1.0
1.0
1.0
0.9999951
0.9999989
0.9999999
0.99999213
0.9999994
0.9999981
0.9999914
1.0
1.0
0.9999821
1.0
1.0
0.9999993
1.0
1.0
1.0
1.0
1.0
0.99999416
1.0
0.99999964
1.0
1.0
1.0
0.9989629
1.0
1.0
1.0
0.9999989
1.0
1.0
0.9999999
1.0
1.0
0.9999896
1.0
1.0
0.99999964
1.0
1.0
1.0
1.0
1.0
1.0
1.0
1.0
1.0
0.99999416
1.0
1.0
1.0
1.0
1.0
1.0
1.0
1.0
1.0
0.99972075
1.0
1.0
0.9999999
0.99999464
1.0
1.0
1.0
0.9986136
1.0
1.0
1.0
1.0
0.99999976
1.0
1.0
0.999997
0.9999957
0.9999999
1.0
1.0
1.0
1.0
1.0
0.9999969
1.0
1.0
1.0
0.9998685
1.0
0.9878072
0.99999726
1.0
1.0
1.0
0.8260442
1.0
1.0
0.84215474
0.9999764
1.0
1.0
1.0
1.0
1.0
1.0
1.0
1.0
1.0
1.0
1.0
0.99996865
1.0
1.0
1.0
0.99999964
0.9999999
0.99968374
1.0
0.99998343
1.0
0.6214813
0.99793965
1.0
1.0
1.0
1.0
0.9972723
1.0
1.0
0.9999994
1.0
1.0
1.0
0.9999999
1.0
1.0
0.99929655
0.99999344
1.0
1.0
1.0
1.0
1.0
0.9999999
1.0
1.0
0.99999964
1.0
0.99998856
1.0
1.0
1.0
1.0
0.99999976
0.99999976
1.0
1.0
1.0
1.0
0.99999917
1.0
1.0
0.99999404
1.0
0.9999999
1.0
1.0
0.97029996
1.0
1.0
1.0
1.0
1.0
1.0
0.99676526
1.0
0.99999094
1.0
0.91473746
1.0
1.0
0.9999999
1.0
1.0
1.0
1.0
1.0
1.0
0.62654126
1.0
1.0
0.99999845
1.0
0.9999999
1.0
1.0
1.0
1.0
0.99999976
1.0
1.0
0.9999988
1.0
1.0
0.9999987
1.0
1.0
0.99999976
0.98872757
1.0
1.0
1.0
1.0
1.0
1.0
1.0
0.9999999
1.0
1.0
1.0
1.0
0.99947745
1.0
1.0
1.0
1.0
1.0
0.9999994
1.0
1.0
1.0
1.0
1.0
1.0
0.9999958
1.0
1.0
0.9999999
0.99914205
1.0
0.9990903
0.99999976
1.0
0.9999769
1.0
0.9947312
1.0
1.0
0.7715114
0.9999988
1.0
1.0
1.0
0.96733
1.0
1.0
0.9999989
0.9999999
0.99999607
1.0
1.0
0.9999999
0.9999999
1.0
1.0
1.0
1.0
1.0
0.9999989
0.9999999
1.0
1.0
1.0
1.0
0.9999957
1.0
0.78246427
1.0
1.0
1.0
1.0
1.0
1.0
0.9999987
0.59292954
0.9999819
1.0
1.0
0.99997306
0.9988998
1.0
1.0
0.9999994
1.0
1.0
1.0
0.9999999
0.99999475
1.0
0.9999975
1.0
1.0
1.0
1.0
0.99212205
1.0
1.0
1.0
1.0
1.0
0.9999999
1.0
1.0
1.0
1.0
0.9992743
1.0
1.0
0.99999845
1.0
1.0
0.9511081
0.9999918
1.0
1.0
1.0
0.9999999
0.9999995
0.99999964
1.0
1.0
0.9999994
1.0
1.0
1.0
1.0
0.9999989
1.0
1.0
0.9996486
0.9998914
1.0
1.0
1.0
1.0
1.0
1.0
1.0
0.99999976
0.9999087
0.9999999
1.0
0.9999963
1.0
1.0
1.0
0.9999994
0.49601573
1.0
1.0
0.9999999
1.0
1.0
1.0
1.0
0.9999988
1.0
0.9994578
0.9999999
1.0
1.0
1.0
1.0
0.9999999
1.0
0.9991209
0.9996686
1.0
1.0
1.0
0.99999976
1.0
1.0
1.0
1.0
1.0
0.9999999
1.0
1.0
0.99985445
1.0
1.0
1.0
0.9999999
1.0
0.99938333
0.9999987
1.0
1.0
1.0
0.99999917
0.9999999
1.0
0.9999999
0.9999999
0.99998975
0.99999857
1.0
1.0
1.0
0.99999917
0.9999994
1.0
1.0
0.9999901
1.0
1.0
0.99999976
0.9999989
1.0
0.99999976
1.0
1.0
1.0
0.9999976
1.0
1.0
1.0
0.9999999
1.0
1.0
1.0
0.9999913
1.0
1.0
0.9997992
0.99999976
1.0
0.99998665
1.0
1.0
1.0
1.0
1.0
1.0
0.9835683
1.0
0.99990404
1.0
1.0
0.9982913
1.0
0.9999999
1.0
1.0
0.999998
1.0
1.0
1.0
1.0
1.0
0.9999993
1.0
1.0
1.0
0.99997497
0.99999964
0.99993944
0.99833786
1.0
0.7523427
1.0
1.0
1.0
1.0
1.0
0.9998555
0.99999964
0.99999917
1.0
0.9999944
1.0
1.0
1.0
1.0
1.0
1.0
1.0
1.0
1.0
1.0
0.9999943
1.0
0.9999987
1.0
1.0
0.9999999
1.0
1.0
1.0
1.0
1.0
1.0
1.0
1.0
0.99999416
0.9999999
1.0
1.0
1.0
1.0
0.9999856
1.0
1.0
0.9999999
1.0
0.99999034
1.0
1.0
0.99999964
0.99999976
0.9999913
0.9999553
0.9996057
1.0
1.0
1.0
1.0
1.0
1.0
0.9999999
1.0
1.0
1.0
1.0
0.99999964
0.9999933
1.0
1.0
1.0
1.0
1.0
1.0
0.99998546
1.0
1.0
1.0
1.0
1.0
0.9867422
1.0
0.9999976
1.0
1.0
0.99917185
0.9999994
1.0
0.99999917
1.0
0.9999999
0.9999994
0.9999999
1.0
1.0
1.0
0.9999958
0.99999285
1.0
1.0
1.0
1.0
1.0
1.0
1.0
1.0
0.99999964
0.99999976
1.0
1.0
1.0
1.0
1.0
1.0
0.99806017
1.0
0.9284836
1.0
1.0
1.0
1.0
1.0
0.99579406
0.99998796
1.0
0.99999905
0.99999857
0.99999976
1.0
1.0
1.0
1.0
1.0
0.9806934
0.99999976
0.99999905
1.0
1.0
0.99976116
1.0
1.0
0.99200773
0.9999845
1.0
1.0
0.9999999
0.9998362
1.0
1.0
1.0
0.9999999
0.8506686
1.0
1.0
1.0
1.0
0.99999714
1.0
0.99999964
1.0
1.0
0.9999877
1.0
1.0
1.0
1.0
0.99999774
1.0
0.86886686
0.9999994
1.0
1.0
0.9999974
1.0
1.0
1.0
1.0
1.0
1.0
1.0
1.0
1.0
0.9998869
1.0
1.0
1.0
1.0
0.9999999
0.9999993
0.9999999
1.0
0.98490673
0.9999999
1.0
1.0
1.0
0.91464716
0.99997413
1.0
1.0
1.0
1.0
0.99999964
0.9999962
1.0
0.9942616
1.0
0.6748842
1.0
1.0
1.0
0.99998283
1.0
0.99999964
0.999997
1.0
0.8143106
1.0
1.0
1.0
1.0
1.0
1.0
0.99999595
1.0
1.0
1.0
0.6884386
0.99998534
0.99999785
1.0
1.0
1.0
0.56177044
0.9999999
1.0
0.99999976
1.0
1.0
1.0
1.0
0.99999917
1.0
1.0
1.0
0.9999999
0.9999994
1.0
0.9999999
1.0
1.0
0.9999993
1.0
1.0
1.0
1.0
1.0
1.0
1.0
0.9999949
0.9999976
1.0
1.0
1.0
0.99999774
1.0
0.9999999
0.99999917
1.0
1.0
1.0
1.0
0.99938595
0.9999988
1.0
1.0
1.0
1.0
1.0
1.0
0.881305
0.99999976
1.0
0.99863607
0.98437405
1.0
0.99999976
0.9996613
1.0
1.0
1.0
1.0
1.0
0.9999975
1.0
1.0
0.9999659
1.0
0.99999976
1.0
1.0
1.0
1.0
1.0
1.0
1.0
1.0
1.0
1.0
1.0
0.99999845
1.0
1.0
0.9999993
1.0
1.0
1.0
1.0
1.0
1.0
0.99999475
1.0
0.99999917
0.9984635
1.0
1.0
1.0
1.0
1.0
1.0
0.9999988
1.0
1.0
1.0
1.0
0.9999888
1.0
1.0
1.0
1.0
1.0
1.0
1.0
0.9999999
1.0
1.0
1.0
1.0
1.0
1.0
1.0
1.0
1.0
1.0
1.0
1.0
0.9999994
1.0
1.0
1.0
1.0
1.0
1.0
1.0
0.97169703
1.0
1.0
1.0
1.0
1.0
0.9987651
1.0
1.0
1.0
0.9999988
0.9999999
1.0
0.9999993
0.8071662
1.0
1.0
1.0
1.0
1.0
1.0
1.0
0.99999964
1.0
1.0
1.0
0.9999912
0.813601
1.0
1.0
1.0
1.0
0.99999976
0.9999969
1.0
1.0
0.99999857
1.0
0.9999999
1.0
1.0
1.0
0.97979707
1.0
1.0
1.0
1.0
1.0
0.9999926
1.0
1.0
0.9999999
0.99999845
1.0
0.9999975
1.0
1.0
1.0
0.9999995
1.0
0.9999931
1.0
1.0
0.9297033
1.0
1.0
1.0
1.0
1.0
1.0
1.0
1.0
0.99999666
0.99999976
1.0
1.0
1.0
0.9699321
1.0
1.0
1.0
1.0
1.0
1.0
1.0
0.99999976
1.0
1.0
1.0
0.9999989
1.0
1.0
0.99999845
1.0
1.0
1.0
1.0
0.9999999
0.99999964
1.0
1.0
1.0
1.0
0.97613895
0.9999988
0.99999833
0.9999999
1.0
1.0
1.0
1.0
0.9999987
0.9999802
1.0
0.94282305
1.0
0.9999958
1.0
1.0
1.0
0.99999857
0.99853456
1.0
1.0
1.0
1.0
1.0
0.99999964
0.99999976
0.99999833
1.0
1.0
0.9999989
1.0
1.0
1.0
1.0
1.0
1.0
1.0
0.94253904
1.0
0.9999776
1.0
1.0
1.0
1.0
1.0
0.70730585
1.0
0.9999999
0.99998057
1.0
1.0
1.0
0.9999999
0.9959608
1.0
1.0
0.9999999
0.99998975
1.0
1.0
1.0
1.0
1.0
1.0
0.99993694
0.9999958
1.0
1.0
0.999954
0.9999999
1.0
1.0
0.99997437
1.0
1.0
1.0
1.0
1.0
0.9993204
0.99993455
1.0
0.9999918
1.0
1.0
1.0
0.98593175
0.9999993
1.0
0.9999919
1.0
0.99999964
0.99999356
1.0
0.98329055
1.0
0.9999999
1.0
1.0
1.0
1.0
1.0
1.0
1.0
1.0
1.0
0.9999999
1.0
0.9999994
1.0
0.99999857
1.0
0.9999988
1.0
0.99999833
1.0
0.9999999
1.0
1.0
1.0
0.99548656
1.0
1.0
1.0
1.0
1.0
1.0
1.0
1.0
1.0
1.0
1.0
1.0
1.0
1.0
1.0
0.99999964
1.0
1.0
1.0
0.99999976
1.0
0.9999999
1.0
0.99999976
1.0
0.9996761
1.0
0.9999666
1.0
1.0
1.0
1.0
0.9999999
0.9999999
0.99987745
1.0
0.99999976
0.9999989
1.0
0.9999896
1.0
1.0
1.0
0.99996555
0.9999027
0.974877
1.0
1.0
1.0
1.0
1.0
1.0
1.0
1.0
1.0
1.0
1.0
1.0
1.0
0.99991024
1.0
1.0
0.9999982
1.0
1.0
1.0
1.0
0.99999225
1.0
1.0
0.99999976
0.9996111
1.0
1.0
1.0
1.0
1.0
1.0
1.0
1.0
0.99999535
0.9999988
1.0
1.0
0.999491
1.0
1.0
1.0
0.9999993
0.9981341
1.0
1.0
1.0
0.99425936
1.0
1.0
1.0
1.0
1.0
1.0
0.9999962
1.0
1.0
1.0
1.0
0.9999993
1.0
0.9999999
0.99899405
0.9999999
0.99999976
1.0
1.0
1.0
0.99999976
1.0
1.0
1.0
0.99739933
1.0
0.9999975
0.9999913
0.9999999
0.99999964
1.0
1.0
1.0
1.0
0.99999523
0.999902
1.0
1.0
1.0
1.0
0.9999944
0.9999995
1.0
1.0
1.0
1.0
0.9999999
0.9999449
0.9873504
1.0
1.0
1.0
0.9996557
1.0
1.0
0.9999995
1.0
1.0
0.9999962
0.9999999
1.0
1.0
0.9999993
1.0
1.0
0.9999356
1.0
1.0
1.0
1.0
1.0
0.95650184
1.0
1.0
1.0
1.0
0.99997973
1.0
1.0
1.0
1.0
1.0
0.9999988
1.0
1.0
0.99994135
1.0
0.9999993
0.9999981
0.99999976
1.0
1.0
1.0
1.0
1.0
0.9966323
1.0
1.0
1.0
1.0
0.9999999
0.9999999
1.0
0.99999654
1.0
1.0
0.9999902
1.0
1.0
1.0
1.0
1.0
0.9996655
1.0
1.0
1.0
0.9999999
0.99999607
1.0
1.0
1.0
0.9999988
0.9999999
1.0
1.0
1.0
1.0
1.0
1.0
1.0
0.9999664
1.0
1.0
1.0
1.0
0.9999999
1.0
0.98735225
1.0
1.0
1.0
1.0
1.0
1.0
1.0
1.0
1.0
0.999899
0.9999987
0.9999999
1.0
0.99999964
0.99999964
0.9999993
1.0
1.0
1.0
0.9999999
1.0
0.92395157
0.99994326
1.0
1.0
1.0
1.0
1.0
0.9999995
0.9999999
1.0
1.0
0.999998
0.99992883
1.0
0.99999475
1.0
0.9996025
1.0
0.9983559
0.9999999
1.0
1.0
1.0
1.0
1.0
1.0
1.0
0.99997294
0.97506046
0.98758197
1.0
1.0
1.0
1.0
1.0
1.0
0.88041514
1.0
0.999974
0.9999995
0.9999999
1.0
1.0
1.0
1.0
1.0
1.0
1.0
1.0
1.0
1.0
0.9999999
1.0
1.0
1.0
1.0
1.0
1.0
1.0
1.0
1.0
0.9999777
1.0
1.0
1.0
1.0
1.0
1.0
0.9999716
0.99999976
0.9999995
1.0
0.9999989
1.0
1.0
1.0
0.9999994
1.0
1.0
1.0
0.9999993
0.993822
1.0
0.9999882
1.0
0.9999981
1.0
0.9999982
0.9999832
1.0
1.0
1.0
1.0
1.0
0.976442
1.0
1.0
1.0
1.0
1.0
1.0
0.99999535
1.0
0.9999999
1.0
0.9999999
1.0
1.0
0.9999958
0.9984285
1.0
0.9999999
0.9999999
1.0
1.0
1.0
0.9999995
1.0
0.99997425
1.0
1.0
0.9923947
1.0
1.0
1.0
1.0
0.9999995
1.0
1.0
1.0
1.0
1.0
1.0
1.0
1.0
1.0
1.0
1.0
1.0
1.0
1.0
1.0
1.0
1.0
1.0
1.0
1.0
1.0
1.0
1.0
1.0
1.0
0.99961394
1.0
0.9999844
1.0
1.0
1.0
1.0
1.0
1.0
1.0
1.0
1.0
0.9999987
0.9999999
1.0
1.0
0.9999994
1.0
1.0
0.9999945
1.0
0.9997904
0.9999995
1.0
1.0
0.9999975
0.99999905
0.99492836
1.0
1.0
0.99999976
0.99998736
0.99999976
0.93839526
1.0
0.99999964
0.9947885
0.9999999
0.99999976
1.0
1.0
1.0
0.9999999
1.0
0.9999633
0.55094165
0.99999976
1.0
1.0
0.99999976
1.0
0.9998259
0.9999993
1.0
1.0
1.0
1.0
1.0
0.9950754
0.6915022
1.0
1.0
0.99999964
1.0
1.0
0.9999988
1.0
0.99982965
1.0
1.0
0.9999999
1.0
0.9999695
1.0
1.0
1.0
0.99985504
1.0
0.9999964
1.0
1.0
1.0
0.99999976
1.0
0.9999999
0.99647623
1.0
1.0
1.0
1.0
0.9999999
0.9999999
0.9999994
1.0
1.0
1.0
0.9999795
0.9999888
1.0
1.0
1.0
0.9591906
1.0
1.0
1.0
1.0
0.99999976
1.0
1.0
1.0
0.9999999
0.97598404
1.0
0.99999976
1.0
1.0
1.0
0.99999976
0.99996364
1.0
1.0
1.0
1.0
1.0
1.0
0.99999976
1.0
0.99999774
1.0
0.9999007
1.0
1.0
0.9999999
1.0
1.0
1.0
0.98777044
1.0
1.0
1.0
1.0
1.0
1.0
1.0
1.0
1.0
0.99999976
1.0
1.0
1.0
1.0
1.0
1.0
1.0
1.0
1.0
1.0
1.0
1.0
1.0
1.0
1.0
0.9999999
1.0
1.0
0.9999317
0.9996755
1.0
0.9989229
1.0
1.0
1.0
1.0
1.0
1.0
0.9999987
0.99999666
1.0
1.0
0.92218196
1.0
1.0
1.0
1.0
0.9999893
1.0
1.0
1.0
1.0
1.0
1.0
1.0
1.0
1.0
1.0
1.0
1.0
0.99999976
0.9999999
1.0
1.0
1.0
1.0
1.0
0.99999976
1.0
0.9999819
1.0
0.99997497
1.0
1.0
1.0
1.0
1.0
0.98901796
0.9994673
0.9999999
0.9999999
1.0
1.0
0.9988526
1.0
1.0
0.9994281
1.0
1.0
1.0
1.0
0.9999994
1.0
1.0
1.0
1.0
1.0
1.0
0.9273162
0.9999207
0.9999999
0.9990953
0.99999344
0.99999833
1.0
1.0
1.0
0.9999994
1.0
1.0
1.0
1.0
1.0
1.0
0.9999999
0.99999905
1.0
1.0
1.0
1.0
1.0
1.0
1.0
1.0
1.0
1.0
0.99999607
1.0
1.0
0.99999857
1.0
1.0
1.0
1.0
1.0
0.9999788
0.99999976
1.0
1.0
1.0
1.0
0.99967384
0.99999976
1.0
0.9999999
0.99998605
1.0
0.9999999
1.0
1.0
0.9999999
1.0
1.0
0.99999976
1.0
1.0
1.0
1.0
0.99940014
1.0
1.0
1.0
1.0
1.0
1.0
0.99993145
1.0
1.0
1.0
1.0
1.0
0.9999999
1.0
1.0
0.99999774
0.99999976
1.0
1.0
1.0
1.0
1.0
1.0
0.9999788
1.0
1.0
1.0
1.0
0.9999883
1.0
1.0
1.0
0.99999905
1.0
1.0
0.9864568
1.0
1.0
1.0
1.0
1.0
1.0
1.0
1.0
1.0
0.99998844
0.99992716
0.9999999
0.99999976
0.99999976
0.99999225
1.0
0.9999999
1.0
1.0
1.0
1.0
1.0
1.0
1.0
0.9892554
0.9985139
1.0
1.0
0.99999857
1.0
1.0
1.0
1.0
1.0
0.9999993
0.9999994
1.0
0.9999987
1.0
1.0
1.0
1.0
1.0
0.9999999
1.0
1.0
1.0
1.0
1.0
1.0
1.0
0.99999976
1.0
1.0
0.99995744
1.0
1.0
1.0
1.0
1.0
1.0
1.0
0.9999502
0.99628484
1.0
0.9999994
0.9999995
1.0
1.0
1.0
1.0
1.0
1.0
1.0
1.0
1.0
1.0
0.9999981
1.0
1.0
1.0
1.0
1.0
1.0
1.0
1.0
1.0
1.0
1.0
1.0
0.99996126
0.99999964
1.0
0.99999976
1.0
1.0
1.0
1.0
1.0
1.0
0.99999535
1.0
0.9999999
0.9998128
0.9998554
1.0
1.0
0.99999964
1.0
1.0
0.9995552
0.99997187
1.0
1.0
1.0
1.0
0.999747
1.0
0.9999968
1.0
1.0
0.99999833
1.0
1.0
1.0
1.0
0.9999999
1.0
1.0
1.0
1.0
1.0
1.0
1.0
1.0
0.999998
1.0
1.0
1.0
0.99999976
1.0
1.0
1.0
0.99996746
1.0
1.0
1.0
0.99997747
1.0
1.0
0.99999964
0.999998
1.0
1.0
1.0
1.0
1.0
0.9999999
0.618893
1.0
1.0
1.0
0.9999988
1.0
0.99999857
1.0
0.9999999
1.0
0.9999989
1.0
1.0
1.0
1.0
1.0
1.0
1.0
0.9999999
1.0
0.99999976
1.0
1.0
1.0
1.0
1.0
0.9999975
0.9999974
0.99999857
1.0
1.0
1.0
1.0
1.0
0.99999845
1.0
0.9999999
1.0
0.9856559
0.9999999
1.0
0.9999999
0.9999999
1.0
1.0
1.0
0.99999523
1.0
0.999998
1.0
1.0
1.0
1.0
1.0
1.0
1.0
1.0
0.99996245
1.0
1.0
1.0
1.0
1.0
0.99999845
0.99991214
1.0
0.9999999
0.9998385
1.0
0.9999976
1.0
1.0
1.0
0.99534935
1.0
1.0
0.9999989
1.0
1.0
1.0
0.9999988
1.0
1.0
1.0
1.0
1.0
1.0
1.0
1.0
1.0
0.99995756
0.9959382
1.0
1.0
1.0
1.0
1.0
1.0
1.0
1.0
1.0
1.0
1.0
1.0
1.0
0.9999999
1.0
0.99999857
0.9999995
1.0
0.9999995
1.0
1.0
1.0
0.99999976
1.0
1.0
1.0
1.0
0.9992379
1.0
1.0
0.9999999
1.0
1.0
0.9999999
1.0
0.9978131
1.0
1.0
1.0
1.0
1.0
1.0
1.0
1.0
0.99990094
1.0
0.99999964
1.0
1.0
0.99998915
1.0
1.0
1.0
0.99992466
0.9999999
1.0
1.0
0.9999989
0.5605424
0.99999976
1.0
1.0
1.0
1.0
0.99999976
0.99999964
1.0
1.0
1.0
1.0
1.0
1.0
1.0
0.9999865
0.9998971
1.0
1.0
1.0
1.0
0.99997556
1.0
0.9999999
0.60757875
0.9999273
1.0
1.0
1.0
1.0
1.0
0.999998
1.0
0.9999927
1.0
1.0
1.0
0.999998
1.0
0.9999951
0.99998415
0.9999999
1.0
1.0
1.0
1.0
0.9999337
1.0
0.9999999
1.0
1.0
0.99999607
1.0
1.0
1.0
0.9999615
1.0
0.9999995
1.0
1.0
1.0
1.0
0.9999994
0.99992454
0.99999523
0.81600004
0.99999976
0.99973136
1.0
1.0
0.9999999
1.0
1.0
0.9999999
1.0
1.0
1.0
1.0
1.0
1.0
1.0
1.0
1.0
1.0
0.99941874
1.0
1.0
1.0
1.0
1.0
1.0
1.0
0.9344011
1.0
1.0
0.9999989
1.0
1.0
1.0
1.0
1.0
0.9999999
1.0
1.0
1.0
0.9999999
1.0
1.0
1.0
1.0
1.0
1.0
0.9999993
1.0
1.0
1.0
1.0
1.0
1.0
1.0
0.99999976
1.0
1.0
1.0
0.99999475
1.0
1.0
1.0
0.99979347
1.0
0.9999881
1.0
1.0
1.0
1.0
0.9999889
1.0
1.0
1.0
1.0
1.0
1.0
1.0
1.0
1.0
1.0
1.0
0.8916058
1.0
1.0
1.0
1.0
1.0
1.0
0.99999607
1.0
0.9999988
1.0
1.0
1.0
0.9999932
1.0
1.0
1.0
1.0
1.0
1.0
1.0
0.99936324
1.0
1.0
1.0
0.9999999
1.0
1.0
0.99999964
0.9999994
1.0
1.0
1.0
1.0
1.0
0.9999999
1.0
0.99342346
1.0
1.0
0.99999213
1.0
1.0
1.0
1.0
0.9961874
0.99592966
1.0
0.9999999
0.9988675
1.0
1.0
1.0
1.0
1.0
0.9999995
1.0
0.99999905
0.99994946
1.0
1.0
0.9977794
1.0
1.0
1.0
1.0
1.0
1.0
0.9999708
1.0
0.82738644
1.0
1.0
0.9999969
0.99999046
0.99999523
0.99999654
1.0
1.0
1.0
1.0
0.9961677
0.99999964
1.0
0.99999964
0.9993212
0.61253434
1.0
1.0
1.0
0.99999976
1.0
1.0
1.0
1.0
0.9999802
1.0
0.5460543
1.0
0.9996636
1.0
0.9999981
1.0
1.0
0.99999964
1.0
0.9999994
1.0
0.9999999
0.9999999
1.0
1.0
1.0
0.99740416
1.0
0.99991846
1.0
1.0
1.0
1.0
0.9999999
1.0
1.0
1.0
1.0
0.999977
1.0
0.9795838
1.0
0.9999995
0.8056241
1.0
1.0
1.0
1.0
1.0
0.9999963
0.9989453
1.0
1.0
0.96712065
1.0
1.0
1.0
1.0
1.0
1.0
1.0
1.0
1.0
0.99961865
1.0
0.9999999
1.0
1.0
0.99996376
1.0
0.99650794
1.0
0.9999999
1.0
1.0
1.0
1.0
1.0
0.9999999
1.0
0.9999999
1.0
0.8275568
1.0
1.0
0.94230086
1.0
0.9999987
0.99999976
1.0
1.0
0.999987
1.0
1.0
0.9999206
1.0
1.0
1.0
1.0
0.9999999
1.0
0.9999341
1.0
0.99999976
1.0
1.0
1.0
1.0
0.9999993
1.0
0.9999963
0.9999999
1.0
1.0
1.0
1.0
1.0
1.0
1.0
1.0
1.0
1.0
1.0
1.0
1.0
0.992941
0.9999999
1.0
1.0
0.9999995
1.0
1.0
0.99999964
1.0
0.9999769
1.0
1.0
1.0
0.97458696
1.0
1.0
0.99999905
1.0
1.0
1.0
1.0
1.0
1.0
1.0
1.0
1.0
1.0
1.0
1.0
1.0
0.9999999
0.9999999
1.0
0.99987984
1.0
1.0
1.0
1.0
1.0
1.0
1.0
1.0
1.0
1.0
1.0
1.0
0.99990344
0.99999833
0.97847223
0.99999976
0.95359355
1.0
1.0
0.9999951
1.0
1.0
1.0
0.9999989
0.99998045
1.0
1.0
0.99999833
1.0
1.0
1.0
1.0
1.0
1.0
1.0
0.99999416
1.0
1.0
0.9999999
0.99999905
1.0
0.99391705
0.99998724
1.0
0.9999989
1.0
1.0
1.0
1.0
0.9993636
0.9999994
1.0
1.0
1.0
1.0
1.0
0.9999993
0.99999416
0.9960424
0.99999976
0.99999976
1.0
1.0
1.0
1.0
1.0
1.0
0.99999964
0.9989397
0.9999999
0.99997413
1.0
1.0
0.999998
0.9999999
0.9999989
1.0
1.0
1.0
1.0
0.8436066
1.0
1.0
1.0
1.0
0.9999999
0.9999999
1.0
0.9986337
1.0
0.9942469
0.9995832
1.0
1.0
1.0
1.0
1.0
1.0
1.0
1.0
0.75915277
1.0
1.0
0.9999881
1.0
1.0
1.0
1.0
1.0
1.0
1.0
1.0
1.0
1.0
1.0
1.0
1.0
0.99999833
1.0
1.0
0.9999993
1.0
1.0
1.0
1.0
0.9999988
0.9999727
1.0
1.0
0.9999999
1.0
1.0
1.0
1.0
0.9999999
1.0
0.9999236
1.0
0.99970585
1.0
1.0
1.0
1.0
1.0
0.99999416
1.0
1.0
0.99999976
0.8827293
1.0
1.0
0.56334656
1.0
1.0
1.0
1.0
1.0
1.0
1.0
0.99999607
1.0
0.9999951
1.0
1.0
1.0
0.9999999
0.9998714
1.0
1.0
1.0
1.0
1.0
0.999998
0.9999988
1.0
0.9998342
1.0
1.0
1.0
1.0
0.9999999
1.0
1.0
0.9999999
0.99997056
1.0
1.0
1.0
1.0
0.9999995
0.9999981
1.0
1.0
1.0
1.0
1.0
1.0
1.0
0.9999844
0.9999521
1.0
1.0
1.0
1.0
0.99999964
1.0
1.0
0.9999994
1.0
1.0
0.99999964
1.0
0.9999995
0.9999974
1.0
0.9999982
1.0
1.0
1.0
1.0
0.9999999
0.9999999
0.9999999
1.0
0.9999995
0.99999857
1.0
0.9993413
1.0
0.99999726
1.0
0.9999906
1.0
1.0
1.0
1.0
0.9994037
1.0
1.0
1.0
1.0
1.0
1.0
1.0
0.9999939
1.0
1.0
0.9999981
1.0
0.957394
0.9999988
0.99999964
1.0
0.99999976
1.0
1.0
0.9999999
1.0
0.9999969
1.0
1.0
1.0
1.0
1.0
1.0
0.99999976
0.99999976
0.9999999
1.0
0.99999344
1.0
0.9999999
0.9993944
1.0
0.86414963
1.0
1.0
1.0
0.9478586
1.0
0.99999785
0.9999999
1.0
1.0
0.9999963
0.99998736
1.0
1.0
1.0
0.99999845
1.0
1.0
1.0
1.0
1.0
1.0
0.9999987
0.9996107
1.0
1.0
1.0
1.0
1.0
1.0
1.0
1.0
1.0
1.0
1.0
1.0
0.99999905
0.99597687
1.0
1.0
1.0
1.0
1.0
0.99999106
1.0
1.0
1.0
0.8907674
1.0
1.0
1.0
1.0
1.0
1.0
0.9999882
0.8858732
1.0
1.0
0.9999517
0.9999895
1.0
1.0
1.0
1.0
0.9991866
0.99999964
1.0
0.99999857
0.99994624
1.0
0.9992755
1.0
0.9999999
1.0
1.0
1.0
0.99999976
1.0
1.0
1.0
1.0
1.0
1.0
0.88921607
1.0
0.9999999
0.9999975
1.0
0.95307946
1.0
1.0
1.0
0.99999905
1.0
0.99999976
1.0
0.99980015
0.99999976
0.9999993
0.999877
0.9999999
1.0
1.0
1.0
1.0
0.99988925
1.0
0.9999951
0.9999999
1.0
0.9999949
1.0
0.999974
0.99999976
0.99999416
1.0
0.9999162
1.0
1.0
1.0
0.99999857
1.0
1.0
1.0
0.99999917
1.0
0.99999964
0.99999964
0.99999785
0.999998
1.0
1.0
1.0
1.0
0.9999958
1.0
1.0
1.0
1.0
1.0
1.0
1.0
1.0
0.99813
1.0
1.0
1.0
1.0
0.9999927
0.9999666
1.0
1.0
1.0
1.0
0.99999475
1.0
0.9999951
1.0
0.9989722
0.9990758
1.0
1.0
0.99999726
1.0
1.0
1.0
0.9999999
0.99999976
0.52183324
1.0
1.0
1.0
1.0
0.99999225
1.0
1.0
0.9999999
1.0
1.0
0.9999999
1.0
0.99996483
1.0
0.9999634
1.0
0.9999993
1.0
1.0
1.0
0.99999964
0.99999595
1.0
0.99997747
1.0
1.0
1.0
0.99999964
1.0
0.99988973
0.99272585
0.99999976
1.0
0.9997485
1.0
0.99960154
1.0
1.0
0.9999994
1.0
1.0
1.0
1.0
1.0
1.0
1.0
1.0
1.0
1.0
0.9999924
1.0
1.0
0.99999845
1.0
1.0
0.92304665
1.0
1.0
1.0
0.9999994
1.0
1.0
1.0
0.99999774
0.9999999
0.9999974
1.0
0.99928004
1.0
0.9999999
0.99999964
1.0
1.0
0.88922375
1.0
1.0
1.0
1.0
1.0
0.9999999
0.99999964
0.9999933
1.0
1.0
0.99764085
0.9999976
1.0
1.0
0.9999999
0.9999999
0.9999962
1.0
1.0
0.999998
1.0
1.0
1.0
1.0
1.0
0.999998
1.0
1.0
1.0
1.0
1.0
1.0
1.0
0.9976295
1.0
0.9999999
0.9999999
1.0
1.0
1.0
1.0
1.0
1.0
0.9998995
0.9999999
0.9999981
1.0
1.0
1.0
1.0
0.9960294
1.0
1.0
0.53870213
0.9998777
1.0
0.99439067
1.0
1.0
0.9999999
0.992054
0.99537176
1.0
0.99449545
1.0
1.0
1.0
0.99725085
1.0
1.0
1.0
1.0
1.0
1.0
1.0
0.9999871
1.0
0.9999995
1.0
1.0
1.0
1.0
1.0
1.0
0.9999951
1.0
1.0
1.0
1.0
1.0
0.9999976
1.0
0.97661257
1.0
0.99999976
1.0
0.9999993
1.0
1.0
0.9999993
1.0
1.0
1.0
0.99953365
0.99999964
1.0
1.0
0.9999682
0.99999917
1.0
0.99999654
0.9999999
1.0
1.0
0.9999908
1.0
1.0
1.0
1.0
0.99999845
1.0
1.0
0.9999933
0.9999999
1.0
0.9999999
0.9999982
0.7908564
1.0
1.0
0.9999988
0.9923936
1.0
1.0
0.9943877
0.99999654
1.0
1.0
1.0
1.0
1.0
1.0
1.0
1.0
1.0
1.0
1.0
1.0
1.0
0.9999944
0.9999964
1.0
1.0
1.0
1.0
1.0
1.0
0.99110514
1.0
1.0
0.99980694
0.9999999
1.0
1.0
1.0
1.0
1.0
1.0
1.0
1.0
0.9999999
0.55964494
1.0
0.9999999
1.0
0.9999995
0.9831261
1.0
1.0
1.0
1.0
1.0
1.0
1.0
1.0
1.0
0.9999995
1.0
1.0
0.99999976
1.0
0.99977034
1.0
1.0
1.0
0.6368751
0.9999999
1.0
1.0
0.99999964
1.0
1.0
1.0
1.0
1.0
1.0
1.0
1.0
1.0
1.0
1.0
0.9999999
0.99947184
0.9999999
0.99999964
0.99999976
0.99999774
1.0
0.99981195
1.0
1.0
0.9999999
1.0
1.0
0.99999976
1.0
1.0
0.9999999
1.0
1.0
0.9999988
1.0
1.0
1.0
1.0
0.99999857
1.0
0.9999999
1.0
1.0
1.0
1.0
1.0
1.0
1.0
1.0
0.9996507
1.0
0.999998
0.9999945
1.0
0.99999976
0.99999785
1.0
1.0
0.6009273
1.0
1.0
1.0
0.9999999
1.0
1.0
1.0
1.0
1.0
1.0
1.0
1.0
0.99728835
0.9999976
1.0
1.0
1.0
1.0
1.0
1.0
0.9999993
1.0
1.0
1.0
0.9999907
1.0
1.0
1.0
1.0
0.9999995
1.0
0.99976224
1.0
1.0
1.0
0.9999989
0.9999994
1.0
0.9999988
0.9997813
0.99901164
1.0
1.0
0.99960047
0.99999976
1.0
1.0
1.0
1.0
1.0
1.0
0.99990547
1.0
1.0
1.0
0.9999964
1.0
1.0
1.0
0.9985929
0.99999976
0.99839896
1.0
0.99996555
1.0
1.0
1.0
1.0
0.9999999
1.0
1.0
1.0
1.0
1.0
1.0
1.0
0.99999976
1.0
1.0
1.0
1.0
1.0
1.0
0.99501085
1.0
1.0
1.0
1.0
1.0
1.0
1.0
1.0
1.0
1.0
1.0
1.0
1.0
1.0
0.9999989
1.0
1.0
1.0
0.9999999
1.0
1.0
1.0
1.0
0.96703
0.9996221
1.0
1.0
1.0
1.0
1.0
0.997396
0.9999993
0.99982834
1.0
1.0
1.0
1.0
1.0
1.0
0.56526285
1.0
1.0
0.99999964
1.0
0.9999999
1.0
1.0
0.9999999
1.0
1.0
0.99999976
1.0
0.9999987
0.99495476
0.9999771
0.9999999
1.0
1.0
0.99999976
1.0
1.0
1.0
1.0
1.0
1.0
1.0
1.0
1.0
1.0
1.0
0.99999964
1.0
0.9999995
1.0
1.0
1.0
0.92516726
0.9997086
1.0
1.0
1.0
1.0
1.0
1.0
1.0
1.0
1.0
1.0
0.9999999
1.0
0.6333943
1.0
0.9999591
0.9999982
1.0
0.9997224
0.9999999
1.0
0.9999999
1.0
0.99999976
1.0
0.9890407
1.0
0.999998
1.0
0.99999464
1.0
1.0
1.0
0.99999917
1.0
1.0
1.0
1.0
1.0
1.0
1.0
0.9999963
1.0
1.0
1.0
1.0
0.9999858
1.0
0.9999994
0.99999774
0.9997017
1.0
1.0
1.0
0.9999567
1.0
1.0
0.9999999
1.0
1.0
0.9999616
1.0
1.0
0.99999905
1.0
1.0
1.0
1.0
1.0
1.0
1.0
1.0
1.0
0.99999964
1.0
1.0
1.0
1.0
0.9999647
1.0
1.0
0.999938
0.9999858
1.0
1.0
1.0
1.0
1.0
1.0
0.99999
0.9999517
0.99999976
1.0
1.0
1.0
0.95065176
1.0
1.0
1.0
1.0
1.0
1.0
1.0
1.0
1.0
0.99964845
1.0
1.0
1.0
1.0
1.0
0.99999976
1.0
1.0
1.0
1.0
1.0
0.99880934
1.0
1.0
1.0
1.0
1.0
0.9999981
0.99999976
1.0
1.0
1.0
0.99999905
0.99770314
1.0
1.0
1.0
0.9999999
0.99999595
1.0
0.99999356
1.0
1.0
0.9999999
0.9999999
1.0
1.0
1.0
1.0
1.0
1.0
1.0
0.99999976
1.0
1.0
1.0
1.0
1.0
1.0
1.0
1.0
1.0
1.0
1.0
1.0
1.0
1.0
1.0
1.0
1.0
1.0
1.0
0.9999999
1.0
1.0
1.0
1.0
1.0
0.9999999
1.0
1.0
1.0
1.0
0.9999995
1.0
1.0
1.0
1.0
1.0
0.9999989
1.0
1.0
1.0
1.0
0.99999976
1.0
1.0
1.0
1.0
1.0
1.0
1.0
1.0
1.0
1.0
0.99999976
1.0
1.0
1.0
1.0
0.99995315
1.0
1.0
1.0
1.0
1.0
1.0
0.9999987
1.0
1.0
1.0
0.99999976
1.0
1.0
1.0
1.0
1.0
1.0
1.0
0.99999964
1.0
1.0
1.0
1.0
1.0
1.0
1.0
1.0
1.0
1.0
0.99999976
1.0
1.0
1.0
1.0
1.0
1.0
1.0
1.0
1.0
1.0
1.0
1.0
1.0
1.0
1.0
1.0
0.9999988
1.0
1.0
1.0
1.0
1.0
1.0
1.0
1.0
1.0
1.0
1.0
1.0
0.99889416
1.0
1.0
1.0
1.0
1.0
1.0
1.0
0.9999999
1.0
1.0
1.0
1.0
0.9995459
1.0
1.0
1.0
1.0
1.0
0.9999987
1.0
1.0
1.0
1.0
1.0
1.0
1.0
1.0
1.0
1.0
1.0
1.0
0.99294406
1.0
1.0
1.0
1.0
1.0
0.9640714
1.0
1.0
1.0
1.0
1.0
1.0
1.0
1.0
1.0
1.0
0.9999864
1.0
1.0
1.0
1.0
1.0
1.0
0.99999833
1.0
1.0
1.0
1.0
1.0
1.0
1.0
1.0
1.0
1.0
0.9999943
1.0
1.0
1.0
1.0
0.99895537
1.0
0.9998078
1.0
0.9995018
1.0
1.0
1.0
1.0
1.0
1.0
0.9999999
1.0
1.0
1.0
1.0
1.0
1.0
1.0
1.0
1.0
1.0
0.99999356
1.0
1.0
1.0
1.0
1.0
1.0
0.99951684
1.0
1.0
1.0
1.0
1.0
1.0
1.0
1.0
1.0
1.0
1.0
1.0
1.0
1.0
1.0
0.9999999
1.0
0.7569467
1.0
1.0
1.0
0.9999999
1.0
1.0
1.0
1.0
1.0
1.0
1.0
1.0
1.0
1.0
0.9999553
0.9999999
1.0
1.0
0.99998057
1.0
1.0
0.9992805
0.9999999
1.0
1.0
1.0
1.0
1.0
1.0
1.0
1.0
0.99977225
1.0
1.0
1.0
1.0
1.0
1.0
1.0
1.0
1.0
0.9998017
1.0
1.0
1.0
1.0
1.0
1.0
1.0
1.0
1.0
0.9999976
1.0
1.0
1.0
1.0
1.0
1.0
1.0
1.0
1.0
1.0
1.0
1.0
1.0
1.0
1.0
1.0
1.0
1.0
1.0
1.0
1.0
1.0
1.0
1.0
1.0
1.0
1.0
1.0
1.0
1.0
1.0
1.0
0.6347318
1.0
1.0
1.0
1.0
1.0
1.0
1.0
1.0
1.0
1.0
1.0
0.99999976
1.0
1.0
1.0
1.0
1.0
1.0
1.0
1.0
1.0
1.0
1.0
1.0
1.0
1.0
1.0
1.0
1.0
1.0
1.0
1.0
1.0
1.0
1.0
1.0
1.0
1.0
1.0
1.0
1.0
1.0
1.0
1.0
1.0
1.0
1.0
1.0
0.99999857
1.0
1.0
1.0
1.0
1.0
1.0
1.0
1.0
1.0
1.0
1.0
1.0
1.0
0.9999999
1.0
1.0
1.0
1.0
1.0
1.0
1.0
1.0
1.0
1.0
1.0
1.0
0.9999981
1.0
0.99999785
1.0
1.0
1.0
1.0
1.0
1.0
0.99999917
0.9999999
1.0
1.0
1.0
1.0
1.0
1.0
0.9999981
1.0
1.0
1.0
1.0
1.0
1.0
1.0
1.0
1.0
1.0
1.0
1.0
1.0
1.0
1.0
1.0
1.0
1.0
1.0
1.0
1.0
1.0
1.0
1.0
0.99999917
0.9999465
1.0
1.0
1.0
1.0
1.0
1.0
0.9990312
1.0
1.0
1.0
1.0
1.0
1.0
1.0
1.0
1.0
1.0
1.0
1.0
1.0
1.0
1.0
1.0
1.0
1.0
1.0
1.0
1.0
1.0
1.0
1.0
1.0
1.0
1.0
1.0
1.0
1.0
1.0
1.0
1.0
1.0
1.0
1.0
1.0
1.0
1.0
1.0
1.0
0.9999999
1.0
1.0
1.0
1.0
0.9999999
1.0
1.0
1.0
1.0
1.0
1.0
1.0
1.0
1.0
1.0
1.0
1.0
1.0
1.0
0.9999995
1.0
1.0
0.9999989
1.0
1.0
1.0
1.0
1.0
1.0
1.0
1.0
1.0
1.0
1.0
1.0
1.0
0.9999999
1.0
1.0
1.0
1.0
1.0
1.0
1.0
0.99999976
1.0
1.0
0.99995923
1.0
1.0
1.0
1.0
1.0
1.0
1.0
1.0
1.0
1.0
1.0
1.0
1.0
0.9999995
1.0
1.0
0.99998033
1.0
0.99999976
1.0
1.0
0.99999976
1.0
1.0
1.0
0.99998915
1.0
1.0
1.0
1.0
1.0
1.0
0.999998
1.0
0.9999999
0.99997795
1.0
1.0
0.9978715
1.0
0.99999964
1.0
1.0
1.0
1.0
1.0
0.99999857
0.9999999
1.0
1.0
1.0
1.0
0.9997509
1.0
1.0
0.9999957
1.0
1.0
1.0
1.0
1.0
1.0
1.0
1.0
1.0
0.9999902
1.0
1.0
1.0
1.0
1.0
1.0
0.9999962
1.0
1.0
0.99974245
1.0
1.0
0.9999999
1.0
1.0
1.0
0.9999995
1.0
1.0
1.0
0.9990268
1.0
0.99999595
0.99999964
0.9999999
0.999961
0.9999999
1.0
0.97664213
1.0
1.0
1.0
1.0
0.99999857
0.9999968
0.99997056
0.9999999
1.0
1.0
0.9999995
0.99956197
0.9999242
1.0
1.0
1.0
1.0
1.0
1.0
0.9999999
1.0
1.0
1.0
1.0
1.0
1.0
1.0
1.0
1.0
1.0
1.0
1.0
1.0
0.99999154
0.9999994
0.9999989
1.0
1.0
1.0
1.0
0.9999994
1.0
1.0
1.0
1.0
0.9999995
1.0
1.0
1.0
1.0
1.0
1.0
1.0
1.0
1.0
1.0
0.9999999
1.0
1.0
1.0
0.99994147
1.0
1.0
1.0
1.0
1.0
0.9999976
1.0
1.0
1.0
1.0
0.99999666
1.0
1.0
1.0
1.0
0.9999999
0.99999845
1.0
1.0
1.0
1.0
1.0
0.9999999
1.0
0.9999999
1.0
1.0
1.0
0.9999989
1.0
0.9416722
0.9999931
0.9800316
0.99999976
1.0
1.0
0.99999976
1.0
1.0
0.99999833
1.0
0.9999684
1.0
1.0
1.0
0.92947906
1.0
1.0
0.99973994
1.0
1.0
1.0
1.0
1.0
1.0
1.0
1.0
1.0
1.0
1.0
1.0
1.0
1.0
1.0
1.0
0.9999993
1.0
1.0
1.0
0.99999607
1.0
1.0
1.0
1.0
0.9999999
1.0
1.0
1.0
1.0
1.0
1.0
1.0
1.0
1.0
1.0
1.0
1.0
1.0
1.0
1.0
1.0
1.0
1.0
1.0
1.0
1.0
1.0
0.9999969
0.99998987
1.0
1.0
1.0
1.0
0.9999993
1.0
1.0
1.0
1.0
1.0
1.0
1.0
1.0
1.0
1.0
1.0
1.0
1.0
0.99999964
1.0
0.99999964
0.9999999
1.0
1.0
0.9996599
0.99992883
1.0
1.0
0.9999999
1.0
0.99999833
1.0
0.9999541
1.0
1.0
1.0
1.0
1.0
1.0
0.99999976
1.0
1.0
1.0
1.0
1.0
1.0
1.0
1.0
1.0
1.0
1.0
1.0
1.0
1.0
1.0
1.0
1.0
1.0
1.0
1.0
1.0
1.0
1.0
1.0
1.0
1.0
1.0
1.0
0.9999999
1.0
1.0
1.0
1.0
1.0
0.997276
0.99999976
1.0
1.0
1.0
1.0
1.0
1.0
0.99999976
1.0
0.93969023
0.88096815
1.0
0.99999905
1.0
1.0
0.9999999
1.0
1.0
1.0
1.0
1.0
1.0
1.0
1.0
1.0
0.9999982
1.0
1.0
0.9998381
1.0
1.0
1.0
1.0
1.0
0.99999654
1.0
0.9999999
1.0
1.0
1.0
1.0
1.0
1.0
0.99999976
0.9999999
1.0
1.0
1.0
0.9999975
1.0
1.0
1.0
1.0
1.0
1.0
1.0
1.0
0.99997973
0.9954182
0.92888016
0.99999964
0.9998491
1.0
1.0
1.0
1.0
1.0
1.0
1.0
1.0
1.0
0.9999478
1.0
0.99999976
1.0
1.0
1.0
0.9910137
1.0
1.0
1.0
0.9997063
1.0
0.99999535
1.0
0.99998057
1.0
0.9999999
1.0
1.0
1.0
1.0
1.0
1.0
1.0
0.9997665
1.0
0.99999976
1.0
0.9999989
0.9999999
1.0
0.9999999
0.9999455
0.9999163
1.0
0.9999999
1.0
1.0
0.99999356
0.9999993
0.9999994
1.0
0.99999976
0.99998
1.0
1.0
1.0
1.0
0.99995863
0.99996734
1.0
0.9999949
1.0
0.9999999
1.0
0.9999964
0.9999989
0.9999782
0.9999875
0.99999976
0.99999905
1.0
0.99998677
1.0
1.0
1.0
0.99999976
1.0
1.0
1.0
1.0
0.9999845
1.0
0.9999999
0.99659085
1.0
1.0
0.9999565
0.9999999
0.99999917
0.9999999
1.0
0.99999917
1.0
1.0
1.0
0.99992645
1.0
0.99999785
0.9999995
1.0
1.0
1.0
0.9999999
1.0
1.0
0.99999833
1.0
1.0
0.9999974
1.0
0.999998
1.0
1.0
1.0
0.99999654
1.0
1.0
1.0
1.0
0.9999931
1.0
1.0
1.0
0.99999964
1.0
0.99587655
1.0
1.0
1.0
1.0
1.0
0.99989283
0.9999981
0.9999969
1.0
0.9999999
1.0
1.0
1.0
1.0
0.9999994
0.9650917
1.0
0.9999995
1.0
1.0
1.0
1.0
1.0
1.0
1.0
0.65609163
1.0
0.9999989
1.0
1.0
1.0
1.0
1.0
1.0
1.0
0.9999993
1.0
1.0
1.0
1.0
1.0
1.0
1.0
1.0
0.99999964
1.0
0.9991854
1.0
1.0
0.99999905
1.0
1.0
1.0
1.0
1.0
0.99999976
1.0
1.0
0.9999995
1.0
0.9999993
1.0
1.0
1.0
1.0
1.0
1.0
1.0
1.0
1.0
1.0
1.0
1.0
1.0
1.0
1.0
1.0
1.0
1.0
1.0
1.0
1.0
1.0
1.0
1.0
1.0
1.0
1.0
1.0
1.0
1.0
0.99970835
0.9999999
1.0
1.0
0.99999464
1.0
1.0
1.0
1.0
0.4450511
1.0
0.99989974
1.0
0.9999999
1.0
0.9589774
0.83044595
0.99998474
1.0
1.0
1.0
1.0
1.0
1.0
1.0
1.0
1.0
1.0
1.0
1.0
1.0
1.0
1.0
1.0
1.0
1.0
1.0
1.0
1.0
1.0
1.0
1.0
1.0
1.0
1.0
1.0
1.0
1.0
1.0
1.0
1.0
1.0
1.0
1.0
1.0
1.0
1.0
1.0
1.0
1.0
1.0
1.0
1.0
1.0
1.0
1.0
1.0
1.0
1.0
1.0
1.0
1.0
1.0
1.0
1.0
1.0
1.0
1.0
1.0
1.0
1.0
1.0
1.0
1.0
1.0
0.99999917
0.99999654
1.0
1.0
1.0
1.0
1.0
1.0
1.0
1.0
1.0
1.0
1.0
1.0
1.0
1.0
1.0
1.0
1.0
1.0
1.0
1.0
1.0
1.0
1.0
1.0
1.0
1.0
1.0
1.0
1.0
1.0
1.0
1.0
1.0
1.0
1.0
1.0
1.0
1.0
1.0
1.0
1.0
1.0
1.0
1.0
1.0
1.0
1.0
1.0
1.0
1.0
1.0
1.0
1.0
1.0
1.0
1.0
1.0
1.0
1.0
1.0
1.0
1.0
1.0
1.0
0.9999999
1.0
1.0
1.0
1.0
1.0
1.0
1.0
1.0
1.0
1.0
1.0
1.0
1.0
1.0
1.0
1.0
1.0
1.0
1.0
1.0
1.0
1.0
1.0
1.0
1.0
1.0
0.9999999
1.0
1.0
1.0
1.0
1.0
1.0
1.0
1.0
1.0
1.0
1.0
1.0
1.0
1.0
1.0
1.0
1.0
1.0
1.0
1.0
0.9999999
1.0
1.0
1.0
1.0
1.0
1.0
1.0
1.0
1.0
1.0
1.0
1.0
1.0
1.0
1.0
1.0
1.0
1.0
1.0
0.9999999
1.0
1.0
1.0
0.9999999
1.0
1.0
1.0
1.0
1.0
1.0
1.0
1.0
1.0
1.0
0.99999964
1.0
0.9999789
1.0
1.0
1.0
1.0
0.9999993
1.0
0.9999999
0.9999913
1.0
1.0
1.0
1.0
1.0
1.0
0.99999976
0.9999999
1.0
0.9999776
1.0
1.0
1.0
1.0
1.0
1.0
0.9999969
1.0
1.0
1.0
1.0
1.0
1.0
1.0
0.99953556
1.0
0.99999976
1.0
1.0
1.0
1.0
1.0
1.0
1.0
1.0
1.0
1.0
1.0
1.0
0.99999976
1.0
1.0
1.0
1.0
1.0
1.0
1.0
1.0
1.0
1.0
0.9999994
1.0
1.0
1.0
1.0
1.0
1.0
1.0
1.0
1.0
1.0
1.0
1.0
1.0
1.0
1.0
1.0
1.0
1.0
0.9999896
1.0
1.0
1.0
1.0
1.0
1.0
1.0
1.0
0.99999475
1.0
1.0
1.0
1.0
1.0
1.0
1.0
1.0
1.0
1.0
1.0
1.0
1.0
1.0
0.9999937
1.0
1.0
1.0
1.0
1.0
1.0
1.0
1.0
1.0
0.700197
1.0
1.0
1.0
1.0
1.0
1.0
1.0
1.0
1.0
1.0
1.0
0.9999994
1.0
1.0
1.0
1.0
1.0
0.99999976
1.0
1.0
1.0
1.0
0.99999976
1.0
1.0
1.0
0.99937516
1.0
1.0
1.0
1.0
0.99999976
0.99999905
0.9999999
0.9999987
1.0
1.0
1.0
0.99999833
1.0
0.9999951
1.0
1.0
0.99999976
1.0
1.0
1.0
1.0
0.9997589
0.4290683
0.99999976
0.99998164
0.97375643
1.0
0.827698
0.9991523
1.0
1.0
0.9999958
0.99999094
1.0
0.9999999
0.99999416
0.9965585
0.99991226
0.9084198
0.9773376
0.9999982
0.9953491
0.9999981
0.7835662
0.9999987
0.999793
1.0
0.9999951
1.0
1.0
1.0
0.9999995
1.0
0.9999999
1.0
1.0
1.0
0.9999995
1.0
0.99978846
1.0
1.0
1.0
0.9999987
0.99261403
0.98540723
0.99666506
0.9999999
1.0
0.99999845
0.99997914
1.0
0.9998535
1.0
1.0
0.9977938
1.0
1.0
1.0
1.0
0.9999993
0.999977
0.99998903
1.0
0.99999976
0.99999905
0.9999995
1.0
0.99996674
0.99999416
0.99999976
0.9999989
0.3520386
1.0
0.99999285
0.99999416
1.0
1.0
0.99994886
0.9990717
1.0
1.0
1.0
0.9999962
1.0
1.0
1.0
1.0
1.0
0.9999999
1.0
1.0
0.999998
1.0
1.0
1.0
1.0
0.9999999
0.9882017
1.0
1.0
1.0
1.0
1.0
1.0
1.0
1.0
1.0
1.0
0.99999523
1.0
1.0
1.0
1.0
1.0
1.0
1.0
1.0
1.0
0.9999988
1.0
1.0
1.0
1.0
0.9999999
1.0
1.0
0.9999999
0.99999917
1.0
1.0
1.0
1.0
1.0
1.0
0.9999995
1.0
1.0
0.99999845
0.9999999
1.0
0.99999976
1.0
1.0
1.0
1.0
1.0
1.0
1.0
1.0
1.0
1.0
1.0
0.99998856
1.0
1.0
1.0
1.0
1.0
1.0
1.0
1.0
1.0
1.0
1.0
0.9999995
1.0
1.0
0.99932146
0.9999987
1.0
0.9999999
0.99999905
1.0
1.0
1.0
1.0
0.9999999
1.0
0.9999999
1.0
1.0
1.0
1.0
1.0
1.0
1.0
0.9993623
0.9999989
1.0
1.0
0.97085595
0.9999727
1.0
0.9999784
1.0
1.0
1.0
1.0
1.0
1.0
1.0
0.9994068
0.9997272
1.0
1.0
0.9999999
1.0
1.0
0.99999833
1.0
0.99999833
1.0
1.0
1.0
0.99999464
0.9999958
1.0
1.0
1.0
1.0
1.0
1.0
1.0
1.0
1.0
1.0
0.99999905
1.0
1.0
0.71297216
0.9999976
0.9999989
1.0
1.0
1.0
1.0
1.0
0.9999993
1.0
0.99999905
1.0
1.0
0.99970526
1.0
1.0
1.0
1.0
0.9999999
1.0
1.0
1.0
1.0
0.9999999
0.9999795
1.0
1.0
1.0
0.99999
1.0
1.0
1.0
1.0
1.0
0.9999982
0.9999999
1.0
1.0
1.0
1.0
1.0
1.0
1.0
1.0
0.9999981
1.0
1.0
1.0
1.0
1.0
1.0
1.0
0.9999999
1.0
1.0
1.0
1.0
0.9999999
0.99999976
1.0
1.0
1.0
0.9999999
1.0
0.73512536
1.0
1.0
1.0
1.0
0.9999976
1.0
1.0
1.0
1.0
1.0
1.0
1.0
1.0
1.0
1.0
1.0
1.0
1.0
1.0
1.0
1.0
1.0
1.0
1.0
1.0
1.0
1.0
1.0
1.0
1.0
0.99999714
1.0
1.0
1.0
1.0
0.9999269
1.0
1.0
1.0
0.9999999
1.0
1.0
1.0
1.0
1.0
1.0
0.9999995
0.9991523
1.0
1.0
1.0
0.99999094
1.0
1.0
0.9999999
1.0
1.0
0.99999964
0.9999269
1.0
1.0
0.99999905
0.999992
1.0
0.99999976
1.0
0.9999994
1.0
1.0
1.0
1.0
0.99998975
1.0
1.0
1.0
1.0
1.0
1.0
0.9999995
1.0
1.0
1.0
1.0
1.0
1.0
1.0
1.0
1.0
1.0
1.0
1.0
1.0
0.99999964
1.0
1.0
1.0
1.0
0.9999658
1.0
1.0
1.0
1.0
1.0
1.0
1.0
1.0
0.9999968
1.0
1.0
1.0
1.0
1.0
1.0
1.0
0.9999999
1.0
1.0
1.0
1.0
1.0
1.0
1.0
1.0
1.0
1.0
1.0
1.0
1.0
1.0
1.0
1.0
1.0
1.0
0.99999917
1.0
1.0
1.0
1.0
1.0
1.0
1.0
1.0
1.0
1.0
1.0
1.0
1.0
1.0
1.0
1.0
0.99999964
1.0
1.0
1.0
1.0
1.0
1.0
1.0
1.0
1.0
1.0
1.0
1.0
1.0
1.0
1.0
1.0
1.0
1.0
1.0
1.0
1.0
1.0
0.9999999
1.0
1.0
1.0
1.0
1.0
1.0
1.0
1.0
0.9999981
0.9999999
1.0
1.0
1.0
1.0
1.0
1.0
1.0
1.0
1.0
1.0
1.0
1.0
1.0
1.0
1.0
1.0
1.0
0.9999906
1.0
1.0
1.0
0.9999995
0.9996426
1.0
1.0
1.0
1.0
1.0
1.0
0.9999999
1.0
1.0
0.9999993
1.0
1.0
1.0
1.0
1.0
1.0
0.99999857
1.0
1.0
1.0
1.0
1.0
1.0
1.0
0.9999999
1.0
0.9999945
1.0
1.0
1.0
1.0
1.0
1.0
1.0
0.99999607
1.0
1.0
1.0
0.99999964
0.9999938
0.99999976
1.0
1.0
0.99999976
1.0
1.0
1.0
1.0
1.0
1.0
1.0
1.0
0.99999964
1.0
1.0
1.0
1.0
1.0
1.0
1.0
0.99999964
1.0
1.0
1.0
1.0
1.0
0.9972439
1.0
1.0
1.0
1.0
1.0
1.0
0.9999999
1.0
1.0
1.0
0.99999356
1.0
1.0
0.9999342
1.0
1.0
1.0
1.0
1.0
1.0
1.0
1.0
1.0
1.0
1.0
1.0
0.99999785
1.0
1.0
1.0
1.0
1.0
0.99909437
1.0
0.9999999
1.0
1.0
1.0
1.0
1.0
1.0
1.0
1.0
1.0
1.0
1.0
1.0
1.0
1.0
1.0
1.0
1.0
0.9999999
1.0
1.0
1.0
1.0
1.0
1.0
1.0
1.0
1.0
1.0
1.0
1.0
1.0
1.0
1.0
1.0
1.0
1.0
1.0
1.0
1.0
1.0
1.0
0.9751355
1.0
1.0
1.0
1.0
1.0
1.0
1.0
1.0
1.0
0.9999964
1.0
0.99999976
1.0
0.9951421
1.0
1.0
1.0
0.99710435
0.9999999
1.0
1.0
0.99999607
1.0
1.0
0.99999964
1.0
1.0
0.99999976
1.0
1.0
1.0
1.0
1.0
1.0
0.9999473
1.0
0.99991
1.0
1.0
1.0
1.0
0.99911886
0.99999976
1.0
1.0
1.0
1.0
1.0
1.0
0.99999726
0.9999577
1.0
1.0
1.0
1.0
1.0
1.0
1.0
1.0
0.9999969
1.0
1.0
1.0
1.0
1.0
1.0
0.9999999
1.0
0.9999999
0.9999999
1.0
1.0
0.9999999
1.0
1.0
1.0
1.0
1.0
1.0
0.9999964
1.0
1.0
1.0
1.0
1.0
1.0
1.0
1.0
1.0
1.0
1.0
1.0
1.0
1.0
1.0
1.0
1.0
1.0
1.0
1.0
1.0
1.0
1.0
1.0
1.0
1.0
1.0
1.0
1.0
1.0
0.9999945
1.0
1.0
1.0
1.0
1.0
1.0
1.0
1.0
1.0
1.0
1.0
1.0
1.0
1.0
1.0
0.9999999
1.0
1.0
1.0
1.0
1.0
1.0
1.0
1.0
1.0
1.0
1.0
1.0
1.0
1.0
1.0
1.0
1.0
1.0
1.0
1.0
1.0
1.0
1.0
0.9999994
1.0
1.0
1.0
1.0
0.999969
1.0
1.0
1.0
1.0
1.0
1.0
1.0
1.0
1.0
1.0
1.0
1.0
1.0
1.0
1.0
1.0
1.0
1.0
1.0
1.0
1.0
1.0
1.0
1.0
1.0
1.0
1.0
1.0
1.0
0.99999976
1.0
1.0
1.0
1.0
1.0
1.0
1.0
1.0
1.0
1.0
1.0
1.0
1.0
1.0
1.0
0.99999976
0.9999987
1.0
0.9999994
1.0
1.0
1.0
1.0
1.0
1.0
1.0
1.0
1.0
0.9999958
1.0
1.0
1.0
1.0
1.0
1.0
0.9999999
1.0
1.0
1.0
1.0
1.0
1.0
0.9999982
1.0
1.0
1.0
0.9999999
0.99932957
1.0
0.9998574
1.0
1.0
1.0
1.0
1.0
1.0
0.9993661
1.0
1.0
1.0
1.0
1.0
0.9999968
1.0
1.0
1.0
0.99426997
1.0
1.0
1.0
1.0
1.0
1.0
1.0
1.0
1.0
0.99999285
0.9999999
1.0
1.0
1.0
1.0
1.0
1.0
1.0
1.0
1.0
0.99868375
0.99999976
1.0
1.0
0.9999821
1.0
1.0
1.0
1.0
1.0
1.0
0.999995
1.0
1.0
1.0
1.0
1.0
1.0
0.9999994
0.99999714
0.999998
1.0
1.0
1.0
1.0
1.0
0.999964
1.0
1.0
1.0
1.0
0.9999994
1.0
0.9999974
1.0
1.0
1.0
1.0
1.0
0.99999976
1.0
1.0
0.9999708
0.9999999
1.0
1.0
1.0
1.0
1.0
1.0
1.0
1.0
0.99999976
1.0
1.0
1.0
1.0
1.0
1.0
1.0
1.0
1.0
0.9999999
1.0
1.0
1.0
1.0
0.99999964
1.0
1.0
1.0
1.0
1.0
0.99999917
1.0
1.0
1.0
1.0
1.0
1.0
1.0
1.0
1.0
1.0
1.0
1.0
1.0
1.0
1.0
1.0
1.0
1.0
1.0
1.0
1.0
1.0
1.0
0.99999976
1.0
1.0
1.0
0.9999999
0.9999862
1.0
1.0
1.0
1.0
1.0
0.99999475
1.0
1.0
1.0
1.0
1.0
1.0
1.0
1.0
1.0
1.0
1.0
1.0
1.0
1.0
1.0
1.0
1.0
1.0
1.0
1.0
1.0
1.0
0.99999917
1.0
1.0
0.9999994
1.0
1.0
1.0
0.9999999
1.0
1.0
1.0
1.0
1.0
1.0
1.0
1.0
0.9999981
1.0
1.0
1.0
1.0
1.0
1.0
1.0
1.0
1.0
1.0
1.0
1.0
1.0
1.0
1.0
1.0
0.99999964
0.99999964
0.99999964
1.0
1.0
0.9999999
1.0
1.0
0.9999999
1.0
1.0
1.0
1.0
1.0
1.0
0.99998665
1.0
1.0
1.0
1.0
0.99999976
1.0
1.0
1.0
1.0
1.0
1.0
1.0
1.0
1.0
1.0
1.0
1.0
1.0
1.0
0.9999999
0.99999976
0.9999993
1.0
1.0
1.0
1.0
1.0
1.0
1.0
1.0
1.0
1.0
1.0
1.0
1.0
1.0
1.0
1.0
1.0
1.0
0.9999993
1.0
1.0
1.0
1.0
1.0
1.0
1.0
1.0
1.0
1.0
1.0
1.0
1.0
1.0
1.0
1.0
1.0
1.0
0.9999993
1.0
1.0
1.0
1.0
1.0
1.0
1.0
1.0
0.99999976
1.0
1.0
1.0
1.0
1.0
1.0
1.0
0.9999999
1.0
1.0
1.0
0.99997854
1.0
0.99999845
0.99966383
0.999997
1.0
1.0
1.0
1.0
1.0
1.0
1.0
1.0
1.0
1.0
1.0
1.0
1.0
1.0
1.0
1.0
1.0
1.0
1.0
1.0
1.0
1.0
1.0
1.0
1.0
1.0
1.0
1.0
1.0
1.0
1.0
1.0
1.0
1.0
1.0
1.0
1.0
1.0
1.0
1.0
1.0
1.0
0.9999999
1.0
0.99999976
1.0
1.0
1.0
1.0
1.0
1.0
1.0
1.0
1.0
1.0
1.0
0.9999999
1.0
1.0
1.0
0.9999678
1.0
1.0
0.99968493
1.0
1.0
1.0
1.0
1.0
1.0
1.0
1.0
1.0
1.0
1.0
0.99999774
0.9999969
1.0
1.0
1.0
1.0
1.0
1.0
0.9999999
0.9999517
1.0
1.0
1.0
1.0
0.99999976
1.0
1.0
1.0
1.0
1.0
1.0
1.0
1.0
1.0
1.0
1.0
1.0
0.9999267
1.0
0.9999683
0.99997604
1.0
0.9999999
0.9976985
1.0
0.9999269
1.0
0.88000405
0.99999917
0.9999361
0.9999993
0.99832934
1.0
1.0
0.9996903
0.99999976
0.99999607
0.9999994
0.9999622
0.99999976
1.0
1.0
1.0
0.99999976
1.0
1.0
1.0
1.0
1.0
1.0
1.0
1.0
1.0
0.99999905
1.0
1.0
1.0
1.0
1.0
1.0
1.0
1.0
1.0
1.0
0.99997294
0.9999999
1.0
1.0
1.0
1.0
1.0
1.0
0.9999995
1.0
1.0
1.0
0.99999964
0.9997514
0.99999774
1.0
0.98660856
0.9999988
1.0
0.9999999
1.0
1.0
1.0
1.0
1.0
0.99999976
0.9999989
1.0
1.0
0.99728835
0.999998
0.99999976
0.9999783
1.0
0.9999994
0.99995124
1.0
1.0
0.9999995
0.99999595
1.0
0.9999292
0.9975883
1.0
1.0
1.0
1.0
1.0
0.99998987
1.0
1.0
1.0
1.0
1.0
1.0
1.0
1.0
1.0
1.0
0.9999994
1.0
1.0
1.0
1.0
1.0
1.0
0.9999995
1.0
1.0
1.0
1.0
1.0
1.0
1.0
1.0
1.0
1.0
1.0
0.99997175
1.0
1.0
1.0
1.0
1.0
1.0
0.9997018
1.0
1.0
1.0
1.0
1.0
1.0
0.9999938
1.0
1.0
1.0
1.0
1.0
1.0
0.99998
0.9999999
1.0
1.0
1.0
0.99999785
0.99974066
1.0
1.0
1.0
1.0
1.0
1.0
1.0
0.9999974
0.9999999
1.0
1.0
0.99999964
1.0
1.0
1.0
1.0
0.99999976
1.0
1.0
1.0
1.0
1.0
1.0
1.0
0.9999882
1.0
1.0
1.0
0.9999974
1.0
0.9999999
1.0
1.0
1.0
1.0
1.0
1.0
1.0
0.9999962
1.0
1.0
1.0
1.0
1.0
1.0
1.0
1.0
1.0
1.0
1.0
1.0
0.99999976
1.0
1.0
1.0
0.9999999
1.0
1.0
1.0
1.0
1.0
1.0
1.0
1.0
1.0
1.0
1.0
0.9924637
1.0
0.900957
1.0
0.99999845
0.99998045
0.9996351
1.0
1.0
1.0
0.99986017
1.0
0.9999839
1.0
1.0
1.0
0.9999974
1.0
1.0
0.9999914
0.99999654
1.0
0.9999902
1.0
1.0
0.99999905
1.0
0.9999999
1.0
1.0
1.0
1.0
0.9999633
0.9999145
0.9999728
0.8982081
0.99801815
1.0
0.9999999
1.0
1.0
1.0
0.99999976
0.9999927
0.99999976
0.9999715
0.9999366
0.9999726
0.9999993
1.0
1.0
0.9998933
1.0
1.0
1.0
1.0
0.9998971
1.0
1.0
1.0
1.0
1.0
1.0
1.0
1.0
1.0
1.0
0.9999999
1.0
0.99974185
1.0
1.0
1.0
1.0
1.0
1.0
1.0
0.9999999
1.0
1.0
1.0
1.0
1.0
1.0
0.9999999
1.0
1.0
1.0
1.0
1.0
1.0
1.0
0.99999785
1.0
1.0
1.0
1.0
1.0
1.0
1.0
1.0
1.0
1.0
1.0
1.0
1.0
0.9999995
1.0
1.0
1.0
1.0
1.0
1.0
1.0
1.0
1.0
1.0
1.0
1.0
1.0
1.0
1.0
0.99999535
0.9995863
0.9999999
0.99999964
1.0
1.0
1.0
1.0
1.0
1.0
1.0
1.0
1.0
1.0
1.0
0.9999566
1.0
0.99999845
1.0
1.0
1.0
1.0
0.9999999
1.0
1.0
1.0
1.0
1.0
1.0
1.0
1.0
1.0
1.0
1.0
1.0
1.0
0.99999523
1.0
1.0
1.0
1.0
1.0
1.0
1.0
1.0
1.0
1.0
1.0
1.0
1.0
1.0
1.0
1.0
1.0
1.0
1.0
1.0
1.0
1.0
1.0
1.0
1.0
0.999995
0.99999905
0.99999845
0.9477683
1.0
1.0
1.0
1.0
1.0
1.0
1.0
0.9999194
1.0
0.9999988
1.0
1.0
0.9999845
1.0
1.0
0.99998856
1.0
1.0
0.9999999
1.0
1.0
1.0
1.0
1.0
1.0
0.9999993
0.97800773
1.0
0.9999963
1.0
0.9999783
0.99998033
0.9999994
1.0
0.9999999
1.0
1.0
0.99999964
1.0
0.9999999
0.9999908
0.9999968
1.0
1.0
1.0
1.0
1.0
1.0
1.0
1.0
1.0
1.0
1.0
1.0
1.0
1.0
1.0
1.0
1.0
1.0
1.0
0.9999937
1.0
0.9999989
0.9987355
1.0
0.9999999
1.0
0.99989116
0.9838293
1.0
1.0
1.0
0.999941
0.99999964
0.99999964
0.999997
1.0
0.99969256
0.9895549
1.0
1.0
1.0
1.0
1.0
0.9995945
1.0
0.99999726
1.0
1.0
1.0
1.0
1.0
1.0
1.0
1.0
1.0
1.0
1.0
1.0
1.0
1.0
1.0
1.0
1.0
1.0
1.0
1.0
1.0
0.9999999
1.0
1.0
1.0
1.0
1.0
0.99999976
1.0
1.0
1.0
1.0
1.0
1.0
1.0
1.0
1.0
1.0
1.0
0.99999964
0.99987316
0.9991211
1.0
1.0
1.0
1.0
1.0
0.9996599
0.9999993
1.0
1.0
1.0
1.0
1.0
0.9999995
1.0
1.0
1.0
1.0
1.0
1.0
1.0
0.99999845
1.0
1.0
1.0
1.0
1.0
1.0
1.0
1.0
0.99923086
1.0
0.6705098
1.0
1.0
1.0
1.0
1.0
1.0
1.0
1.0
1.0
1.0
1.0
1.0
1.0
0.9999999
1.0
1.0
1.0
0.99999845
1.0
1.0
1.0
1.0
0.9999999
1.0
1.0
1.0
0.9999999
1.0
1.0
1.0
1.0
1.0
1.0
0.9999999
1.0
1.0
1.0
1.0
1.0
1.0
1.0
1.0
1.0
1.0
1.0
1.0
1.0
1.0
1.0
1.0
0.9999583
1.0
1.0
1.0
1.0
1.0
1.0
1.0
1.0
1.0
0.99999976
1.0
1.0
0.9999999
1.0
1.0
1.0
1.0
1.0
1.0
1.0
1.0
1.0
1.0
1.0
1.0
1.0
0.9999976
1.0
1.0
0.9999999
0.9999999
1.0
1.0
0.99999964
0.9999999
0.99999976
1.0
0.99999094
1.0
1.0
1.0
1.0
0.9999982
0.99999976
0.99999714
1.0
0.99999976
1.0
0.9999721
0.99995494
0.99999726
0.99999976
1.0
0.9999999
1.0
1.0
1.0
1.0
1.0
0.99991155
0.916988
1.0
0.99998045
0.9996228
1.0
0.99999857
1.0
0.7009673
1.0
0.99999976
0.9999994
1.0
1.0
1.0
0.9999999
1.0
1.0
1.0
1.0
0.9999807
1.0
0.9999989
1.0
1.0
1.0
1.0
1.0
1.0
1.0
1.0
1.0
1.0
1.0
1.0
1.0
1.0
1.0
1.0
1.0
1.0
1.0
1.0
1.0
1.0
1.0
0.9999999
1.0
1.0
1.0
1.0
1.0
1.0
1.0
1.0
1.0
1.0
1.0
1.0
1.0
1.0
1.0
1.0
1.0
1.0
0.99999833
1.0
1.0
1.0
1.0
1.0
1.0
1.0
1.0
0.99999964
1.0
1.0
1.0
1.0
1.0
1.0
1.0
1.0
1.0
1.0
1.0
1.0
0.9999999
0.9999795
0.9999999
1.0
1.0
1.0
1.0
1.0
1.0
1.0
1.0
0.9999999
1.0
1.0
1.0
1.0
1.0
1.0
1.0
1.0
1.0
1.0
1.0
1.0
1.0
1.0
1.0
1.0
1.0
1.0
1.0
0.9999999
1.0
1.0
1.0
1.0
1.0
1.0
1.0
1.0
1.0
1.0
1.0
1.0
0.9999999
1.0
1.0
0.99999964
1.0
1.0
1.0
1.0
1.0
1.0
1.0
1.0
1.0
1.0
1.0
0.9999999
0.9999999
1.0
1.0
1.0
1.0
1.0
1.0
1.0
1.0
1.0
1.0
1.0
1.0
1.0
1.0
1.0
1.0
1.0
1.0
1.0
1.0
1.0
1.0
1.0
1.0
1.0
1.0
1.0
1.0
1.0
1.0
1.0
1.0
1.0
1.0
1.0
1.0
1.0
1.0
1.0
1.0
1.0
1.0
1.0
1.0
1.0
1.0
0.9999999
1.0
0.99999964
1.0
1.0
1.0
1.0
1.0
1.0
1.0
1.0
1.0
1.0
1.0
1.0
1.0
1.0
1.0
1.0
1.0
1.0
1.0
1.0
1.0
1.0
0.9999981
1.0
1.0
1.0
0.99999917
1.0
1.0
1.0
1.0
1.0
1.0
1.0
1.0
1.0
1.0
1.0
1.0
1.0
1.0
1.0
1.0
1.0
1.0
1.0
1.0
1.0
1.0
1.0
1.0
1.0
1.0
1.0
1.0
1.0
1.0
1.0
1.0
1.0
1.0
1.0
1.0
1.0
1.0
1.0
1.0
1.0
1.0
1.0
1.0
1.0
1.0
1.0
1.0
1.0
1.0
1.0
1.0
1.0
1.0
1.0
1.0
1.0
1.0
1.0
1.0
1.0
1.0
1.0
0.9999994
0.99999976
1.0
1.0
1.0
1.0
1.0
1.0
1.0
1.0
1.0
1.0
1.0
0.9999999
1.0
1.0
1.0
1.0
1.0
1.0
1.0
1.0
1.0
1.0
1.0
1.0
1.0
1.0
1.0
1.0
1.0
1.0
1.0
1.0
1.0
1.0
1.0
1.0
1.0
1.0
0.9999999
1.0
1.0
1.0
1.0
1.0
1.0
1.0
1.0
1.0
1.0
1.0
1.0
1.0
1.0
1.0
1.0
1.0
1.0
1.0
1.0
1.0
1.0
1.0
1.0
1.0
1.0
1.0
1.0
1.0
1.0
1.0
1.0
1.0
1.0
1.0
0.9999262
1.0
1.0
1.0
1.0
0.9999999
1.0
0.9999999
1.0
1.0
1.0
1.0
1.0
1.0
1.0
1.0
1.0
1.0
0.9999999
1.0
1.0
1.0
0.99999964
1.0
0.999998
1.0
1.0
1.0
1.0
1.0
1.0
1.0
1.0
1.0
1.0
1.0
1.0
1.0
1.0
1.0
1.0
1.0
1.0
1.0
1.0
1.0
1.0
1.0
1.0
1.0
1.0
1.0
1.0
1.0
1.0
1.0
1.0
1.0
1.0
1.0
1.0
1.0
1.0
1.0
1.0
1.0
1.0
1.0
1.0
1.0
0.999892
1.0
1.0
1.0
1.0
1.0
1.0
1.0
1.0
1.0
1.0
0.9999995
1.0
1.0
1.0
1.0
1.0
1.0
1.0
1.0
1.0
1.0
1.0
1.0
1.0
1.0
1.0
1.0
1.0
1.0
1.0
1.0
1.0
1.0
1.0
1.0
1.0
1.0
1.0
1.0
1.0
1.0
1.0
1.0
1.0
1.0
0.999997
1.0
1.0
1.0
1.0
1.0
1.0
1.0
1.0
1.0
1.0
0.9936606
0.9999999
1.0
0.99998593
1.0
0.9999913
0.99981683
0.9998901
0.99999905
1.0
0.5815225
1.0
1.0
1.0
1.0
0.998762
0.99999464
1.0
1.0
0.99999976
1.0
1.0
1.0
1.0
1.0
1.0
1.0
0.99988174
1.0
0.9999999
1.0
1.0
1.0
1.0
1.0
0.9999969
0.99996924
1.0
1.0
1.0
1.0
1.0
0.9999995
1.0
1.0
1.0
1.0
1.0
0.9999989
1.0
1.0
1.0
0.9999993
1.0
1.0
1.0
1.0
1.0
1.0
1.0
0.9994624
1.0
0.9975781
1.0
1.0
1.0
1.0
1.0
1.0
1.0
0.99999964
1.0
0.9999995
1.0
1.0
1.0
1.0
1.0
1.0
1.0
1.0
1.0
1.0
1.0
0.9999999
0.9999999
1.0
1.0
1.0
1.0
1.0
1.0
1.0
1.0
0.9999968
1.0
1.0
1.0
1.0
1.0
1.0
0.99999034
1.0
0.99999917
1.0
1.0
1.0
1.0
1.0
1.0
1.0
1.0
1.0
1.0
0.9999999
1.0
1.0
1.0
1.0
1.0
1.0
1.0
1.0
1.0
1.0
1.0
1.0
1.0
1.0
1.0
1.0
1.0
0.99999964
1.0
1.0
1.0
1.0
1.0
1.0
1.0
1.0
1.0
1.0
1.0
0.9999999
1.0
1.0
1.0
1.0
0.99964035
1.0
1.0
1.0
1.0
0.9999975
1.0
0.99999976
1.0
1.0
0.9999999
1.0
0.99999905
1.0
1.0
1.0
1.0
1.0
1.0
1.0
1.0
1.0
1.0
1.0
1.0
1.0
1.0
1.0
1.0
1.0
0.9999999
1.0
1.0
1.0
1.0
1.0
1.0
1.0
1.0
1.0
1.0
1.0
1.0
1.0
1.0
1.0
1.0
1.0
1.0
1.0
1.0
1.0
1.0
1.0
1.0
1.0
0.99999964
1.0
1.0
1.0
1.0
1.0
1.0
1.0
1.0
1.0
1.0
0.9999989
1.0
1.0
1.0
1.0
1.0
1.0
1.0
1.0
1.0
1.0
1.0
1.0
1.0
1.0
1.0
1.0
1.0
1.0
1.0
0.9999989
1.0
1.0
1.0
1.0
1.0
1.0
0.99997175
1.0
1.0
0.99999976
1.0
1.0
1.0
1.0
1.0
1.0
1.0
1.0
1.0
1.0
1.0
1.0
1.0
1.0
1.0
1.0
1.0
1.0
1.0
1.0
1.0
1.0
1.0
1.0
0.9999988
1.0
1.0
1.0
1.0
1.0
1.0
1.0
1.0
1.0
1.0
1.0
1.0
1.0
1.0
1.0
0.99999905
1.0
1.0
1.0
1.0
1.0
1.0
1.0
1.0
1.0
1.0
1.0
0.9999993
1.0
1.0
1.0
1.0
1.0
1.0
1.0
1.0
1.0
1.0
1.0
1.0
1.0
1.0
1.0
1.0
1.0
1.0
1.0
1.0
1.0
1.0
0.9999958
1.0
1.0
1.0
1.0
1.0
1.0
1.0
1.0
1.0
1.0
0.99986565
1.0
1.0
1.0
0.99999964
1.0
1.0
1.0
1.0
1.0
1.0
1.0
1.0
1.0
1.0
0.9999999
1.0
1.0
0.9999999
1.0
1.0
1.0
1.0
1.0
1.0
1.0
1.0
1.0
1.0
1.0
1.0
1.0
1.0
0.9999957
1.0
1.0
1.0
1.0
1.0
1.0
0.99970466
1.0
1.0
0.9999995
1.0
1.0
1.0
1.0
1.0
1.0
0.99999976
1.0
1.0
1.0
1.0
1.0
1.0
1.0
1.0
1.0
1.0
1.0
1.0
1.0
1.0
0.99999905
1.0
1.0
1.0
0.9999999
1.0
0.99999905
1.0
1.0
1.0
1.0
1.0
0.9999999
1.0
0.9999933
0.9999659
0.9999932
1.0
0.99993825
0.99999976
1.0
1.0
1.0
1.0
1.0
1.0
1.0
0.9999999
0.99999964
1.0
1.0
1.0
1.0
1.0
1.0
1.0
1.0
1.0
1.0
0.9999018
1.0
1.0
1.0
1.0
1.0
1.0
1.0
1.0
1.0
0.99999964
1.0
1.0
1.0
1.0
1.0
1.0
0.9999994
1.0
1.0
1.0
0.9999995
1.0
0.9999999
1.0
1.0
1.0
1.0
1.0
1.0
1.0
1.0
1.0
1.0
1.0
1.0
1.0
1.0
1.0
1.0
1.0
1.0
0.99999976
1.0
1.0
0.9999957
0.99998546
1.0
0.99998426
0.9999963
1.0
0.9999877
1.0
0.9999999
0.99999344
0.9999999
0.9999999
1.0
1.0
0.99974567
1.0
1.0
1.0
1.0
1.0
1.0
0.9999989
0.9999999
1.0
1.0
1.0
0.9997576
1.0
1.0
1.0
1.0
0.9999994
1.0
1.0
1.0
1.0
0.99998736
1.0
1.0
0.99455005
1.0
1.0
1.0
0.99999964
1.0
0.9999987
1.0
0.9999795
0.9999988
0.99984145
1.0
1.0
1.0
1.0
1.0
0.99998784
1.0
1.0
0.9999999
1.0
1.0
1.0
1.0
1.0
1.0
0.9999993
1.0
1.0
1.0
0.9999999
1.0
0.99999976
1.0
1.0
1.0
1.0
1.0
1.0
1.0
1.0
0.99999154
1.0
1.0
1.0
1.0
0.9999994
1.0
1.0
1.0
1.0
1.0
1.0
1.0
1.0
1.0
1.0
0.60916805
0.9999999
1.0
1.0
1.0
1.0
1.0
0.99998367
1.0
0.9999989
1.0
1.0
0.9999895
1.0
1.0
1.0
1.0
1.0
1.0
1.0
0.9999963
1.0
1.0
1.0
1.0
0.99999523
0.9999999
0.99999964
0.9999999
1.0
0.9999925
1.0
1.0
0.9898825
1.0
0.99999404
0.99998546
1.0
0.99999976
0.9999999
0.99758697
1.0
1.0
1.0
1.0
0.99999964
1.0
0.9993062
1.0
0.99170554
0.9999987
0.8406536
1.0
1.0
0.99999905
0.59394747
0.9998807
1.0
0.99999404
1.0
1.0
1.0
0.9999999
1.0
0.99999976
0.99999833
0.99998426
1.0
0.9999919
0.99999976
1.0
0.99999905
1.0
1.0
0.9999927
1.0
0.9999999
0.99089867
0.9999999
1.0
1.0
1.0
0.9999833
1.0
1.0
0.99999785
1.0
1.0
1.0
1.0
0.9999999
0.99999917
0.48336348
1.0
1.0
1.0
1.0
1.0
1.0
0.9999981
0.99999905
1.0
1.0
1.0
0.9999999
0.8378312
0.99997175
0.99987125
1.0
1.0
0.9999999
0.9714296
0.9999999
0.9999974
0.9999987
1.0
0.9999987
1.0
1.0
1.0
1.0
1.0
0.9999999
1.0
1.0
1.0
0.9999995
0.9997303
1.0
0.9999912
1.0
1.0
0.99999964
0.9999999
1.0
1.0
0.99999976
1.0
1.0
0.9999994
1.0
1.0
0.9999999
0.99999976
0.99999964
1.0
0.99999785
1.0
0.9999999
0.9999999
1.0
1.0
1.0
0.99999833
0.9999945
1.0
1.0
1.0
1.0
1.0
0.9999999
1.0
0.9999995
0.99986887
0.99997616
0.99999917
1.0
0.9997365
0.95873106
1.0
1.0
1.0
1.0
1.0
1.0
0.9843838
1.0
1.0
1.0
1.0
0.99999964
0.99612767
1.0
0.5333171
1.0
1.0
1.0
1.0
1.0
1.0
0.9999982
1.0
0.9999608
1.0
0.9999999
0.999997
1.0
1.0
1.0
1.0
1.0
1.0
1.0
1.0
1.0
0.76382136
0.9999933
1.0
1.0
1.0
1.0
1.0
1.0
0.9999896
1.0
1.0
1.0
1.0
1.0
1.0
1.0
0.9999459
1.0
1.0
0.99977523
1.0
1.0
1.0
1.0
0.99999785
1.0
1.0
1.0
1.0
1.0
1.0
1.0
1.0
1.0
1.0
1.0
0.9999715
1.0
1.0
0.999987
0.9999999
1.0
1.0
1.0
1.0
1.0
1.0
0.87838835
0.9999745
0.9999615
1.0
1.0
1.0
1.0
1.0
0.9986449
1.0
1.0
0.9440283
1.0
1.0
1.0
1.0
0.999997
0.99998796
1.0
0.99999774
1.0
1.0
1.0
0.99999964
1.0
0.9999999
1.0
1.0
0.99999833
1.0
1.0
0.9999999
1.0
1.0
1.0
0.999992
1.0
1.0
1.0
1.0
0.99929035
1.0
1.0
1.0
0.9994235
0.9999993
1.0
1.0
1.0
0.9968155
1.0
0.9999858
0.999974
0.99999976
0.9999995
1.0
1.0
1.0
1.0
1.0
1.0
1.0
1.0
1.0
0.9999999
0.99992037
0.99984527
0.9999976
1.0
1.0
1.0
1.0
1.0
1.0
0.99999976
1.0
1.0
0.9999993
1.0
1.0
1.0
1.0
1.0
0.99999964
1.0
1.0
0.9999982
1.0
1.0
1.0
1.0
1.0
1.0
1.0
1.0
1.0
0.9999994
1.0
1.0
1.0
1.0
0.9999999
0.9999956
1.0
1.0
1.0
1.0
1.0
1.0
1.0
1.0
1.0
1.0
1.0
1.0
1.0
1.0
1.0
1.0
1.0
0.9999999
1.0
1.0
1.0
1.0
1.0
0.99999964
1.0
1.0
1.0
1.0
0.99998593
1.0
1.0
1.0
1.0
0.999969
1.0
1.0
0.9999999
1.0
0.99999976
0.9999995
0.527578
1.0
0.9999999
0.9999993
1.0
1.0
1.0
1.0
1.0
1.0
1.0
0.99999976
1.0
1.0
1.0
1.0
1.0
1.0
