0.9999999
0.9999999
0.999998
0.9999987
1.0
0.9999976
0.99997413
0.9999982
0.999856
0.9999517
0.9999995
1.0
0.99998724
0.99999976
1.0
1.0
0.999974
1.0
0.96037185
1.0
0.9999832
0.99999607
0.9999999
1.0
0.9999999
0.99999845
1.0
1.0
0.999941
0.9999988
1.0
0.99999714
0.99999964
0.9999529
0.9999995
1.0
1.0
0.99999976
0.9999962
0.9999993
1.0
0.99999654
0.9998772
0.99991024
0.999956
0.9999999
0.9998466
1.0
0.9999943
1.0
0.9999968
1.0
1.0
1.0
0.99999976
0.9999993
1.0
0.9999999
0.99998987
0.99999964
0.9999989
1.0
0.99832267
0.9999927
0.9999999
1.0
0.9999348
0.99999857
1.0
1.0
1.0
1.0
1.0
0.9993736
0.9999944
1.0
1.0
1.0
0.99880254
0.9999944
0.99999964
1.0
1.0
1.0
1.0
1.0
0.99993813
0.99998724
1.0
0.99997973
1.0
1.0
0.98864347
0.99994135
0.9999982
0.99862623
0.9981598
0.9999796
1.0
1.0
1.0
1.0
1.0
1.0
0.999987
1.0
1.0
0.9999081
0.9999989
1.0
1.0
0.999734
0.9999999
1.0
1.0
0.79607135
0.9999999
0.9999999
0.99991775
0.99874324
1.0
0.99967325
0.9999999
1.0
0.999931
0.9969399
0.99998033
1.0
1.0
1.0
1.0
1.0
0.9999995
0.9999995
1.0
1.0
0.9999964
0.99999356
1.0
0.9971879
1.0
1.0
0.9999999
0.99999976
0.99999976
0.9999999
1.0
1.0
0.9999994
0.9992003
0.9999995
0.96153045
1.0
1.0
0.99999917
1.0
1.0
0.9999993
0.9999449
0.9999999
0.9888804
1.0
1.0
1.0
1.0
1.0
1.0
0.99999166
0.99999964
1.0
1.0
0.9994586
1.0
0.9999989
1.0
0.9989478
1.0
0.9999994
1.0
1.0
0.99999976
0.9999993
0.9999995
1.0
0.9878807
0.9999939
1.0
1.0
1.0
0.99988365
0.9978654
0.9993149
0.99999976
0.9892224
0.99999607
0.9990828
0.9999999
1.0
0.9999908
0.99927217
1.0
1.0
0.9999982
0.99999857
0.99999833
1.0
0.9998989
0.9999999
1.0
0.9921962
1.0
0.9998654
0.9999995
1.0
0.9999281
0.9999995
1.0
0.99929583
1.0
1.0
0.999977
0.9997161
1.0
1.0
0.9999933
1.0
0.99999917
1.0
0.99999785
0.9999926
1.0
1.0
0.9999982
0.9999999
0.999998
0.9999989
1.0
1.0
1.0
1.0
0.99999845
0.9997274
0.99999845
0.99997985
0.9999969
0.99996936
0.9999999
0.9878693
0.9999738
0.99999964
0.99998665
0.9999738
0.9999999
1.0
1.0
0.99997735
0.9999987
0.99999905
0.99999714
0.7731938
1.0
1.0
1.0
0.9999994
0.99473
0.9999999
0.99139047
1.0
0.9999783
0.9999993
0.9999918
0.9999993
0.9999999
0.9999875
0.99999905
0.9999484
1.0
1.0
1.0
1.0
0.99999714
0.9999999
0.99622416
1.0
0.9999883
1.0
0.9999845
0.9999987
0.99999905
0.999997
0.9971807
0.9999993
0.99916756
0.9999987
0.9999963
1.0
1.0
0.999995
0.99999964
1.0
1.0
0.99999547
1.0
1.0
1.0
0.99999964
1.0
1.0
0.999905
1.0
1.0
0.9999969
0.9999995
0.999997
1.0
0.9999999
0.9999976
0.99999833
0.9999882
1.0
0.98619384
0.7903009
0.99999666
1.0
0.9975526
0.99999726
0.9952825
0.99999976
0.9999988
0.9999999
1.0
1.0
1.0
1.0
1.0
1.0
0.99310476
0.99983084
0.9999994
0.9999106
0.68265295
0.99998975
0.9999994
1.0
0.9999981
1.0
0.99999845
0.9999999
0.9999999
0.9999999
0.9999176
1.0
0.9999995
1.0
0.9999993
0.9999999
1.0
0.99999785
0.99526346
0.947277
0.9999994
1.0
0.9999864
0.99999976
1.0
0.9999974
0.9999418
1.0
0.9995857
1.0
0.99999976
1.0
0.99999475
1.0
1.0
1.0
1.0
0.9999999
1.0
1.0
1.0
0.9989837
1.0
1.0
1.0
1.0
0.9999734
1.0
0.99999213
0.9997321
1.0
0.999998
1.0
0.9999995
0.9999876
1.0
1.0
0.99999523
1.0
0.99999905
0.9999889
1.0
0.9999999
0.9999232
0.9999876
1.0
0.99999964
0.9999999
1.0
0.99998057
1.0
0.99872106
0.9999521
0.9999995
0.9999778
0.99989545
1.0
0.9893964
1.0
0.9999999
0.9999995
0.9999995
0.9999473
1.0
0.9999989
1.0
1.0
0.99999964
1.0
1.0
1.0
0.9999937
1.0
1.0
1.0
0.9999343
1.0
1.0
0.9999641
0.99999964
0.9999999
0.9999987
0.99999964
0.99999595
0.99993217
0.8731462
0.99999595
0.9755763
0.99889624
0.6967295
0.9895447
1.0
0.9999987
1.0
0.99998724
0.9999999
0.99996996
0.999907
1.0
0.99999666
0.9998927
1.0
0.9999654
1.0
0.99864393
0.99999905
1.0
1.0
0.9999988
0.99999654
1.0
0.99999785
1.0
1.0
0.9999999
0.99999964
0.9999999
1.0
0.99999213
0.99986136
0.99999964
0.9999999
0.9999995
1.0
1.0
0.99999213
0.99999964
0.9999993
0.9999839
0.99999976
0.99998415
0.9999999
0.99998355
1.0
1.0
0.9852878
0.99999964
0.998613
0.9998934
0.99999976
1.0
0.9999999
0.9999988
1.0
0.99999964
1.0
0.9999993
0.99998474
0.99998975
1.0
0.9999999
0.9999007
1.0
1.0
1.0
0.99999774
1.0
1.0
1.0
0.99999976
0.9999994
0.9999958
0.9999999
0.9998307
0.9999994
0.99999964
0.99999976
1.0
0.99999785
1.0
0.9995511
0.99999857
0.9999987
1.0
0.99999917
1.0
0.99995613
0.9999999
1.0
0.9999988
0.99999976
0.9999999
0.99914443
0.5349098
1.0
0.99995863
1.0
0.999998
0.9999994
1.0
0.9999994
0.93834674
0.99557495
0.9999999
0.9999999
0.9999988
0.9999995
0.9997576
0.99996173
0.9999515
0.9999999
0.99999964
1.0
0.99999523
0.9999963
1.0
1.0
1.0
0.99999845
0.9999989
1.0
0.99986243
0.99999964
0.99999964
1.0
0.9999957
1.0
1.0
1.0
1.0
0.9999956
0.99999714
0.891074
0.67712957
0.99999666
1.0
0.9999999
0.99999785
1.0
1.0
1.0
0.93427765
0.9999999
0.9980842
0.9999999
0.99999964
1.0
0.9998367
0.9999937
0.9999944
1.0
1.0
1.0
0.9999951
1.0
1.0
1.0
1.0
0.9999989
1.0
0.9999989
0.9999968
1.0
0.9999461
1.0
0.9999907
0.9999902
0.99999857
0.9999982
0.95390433
0.99994683
0.9999999
0.9999999
0.99999976
0.99989796
0.9857179
1.0
0.99999523
0.9999933
0.99999154
0.99999964
1.0
1.0
1.0
0.9999995
0.99991024
1.0
0.9999995
0.9999999
0.9992667
0.999972
0.99999976
0.9999062
1.0
0.9999999
0.9992213
0.99344325
0.9999999
1.0
0.99999976
0.99999905
0.99999774
1.0
1.0
1.0
0.99999964
1.0
1.0
0.9992582
0.46645743
1.0
0.99974877
1.0
1.0
1.0
1.0
0.99998856
0.9998876
1.0
0.99999917
1.0
0.9999993
1.0
0.9999982
0.91550606
0.9999993
0.9999645
0.9999908
0.9999304
0.9999945
1.0
0.999995
1.0
0.9999995
0.80413973
0.99999297
1.0
1.0
0.9999974
0.9892692
0.9999999
0.9998467
1.0
0.9999999
0.99997807
0.99999774
0.9999995
1.0
0.99998426
0.99999845
0.9996431
0.99999976
0.9999956
0.9999999
0.9999995
1.0
1.0
0.9999908
0.99999356
1.0
1.0
1.0
0.9999994
1.0
0.9999994
0.9999989
0.8468529
0.58351827
1.0
0.9999987
0.98617154
0.99999964
1.0
0.9981438
1.0
1.0
0.98652947
1.0
0.99998915
0.99999976
0.9999521
1.0
1.0
0.99999845
0.9999999
0.9999999
0.999491
0.99997985
0.9970487
0.9999988
0.9775599
0.99998343
1.0
0.9999989
1.0
0.9999908
0.99991155
1.0
0.9999995
0.9999999
1.0
1.0
1.0
1.0
0.9999999
0.9999999
0.9999895
1.0
0.99999595
0.9999989
0.99280035
0.9999721
0.99955255
0.99999917
1.0
0.9999987
1.0
0.99996674
1.0
0.99999917
1.0
0.9999901
0.99999976
0.9999999
1.0
1.0
1.0
0.99999976
1.0
1.0
0.99983025
0.9982948
0.99999976
0.99999964
0.99999976
0.9999999
0.99900514
0.9999968
1.0
0.99979705
0.99995804
0.9999789
1.0
1.0
0.99999964
0.9999976
1.0
0.9998486
0.99999917
1.0
0.99997187
0.9999999
1.0
1.0
0.99994063
1.0
1.0
0.9999999
1.0
1.0
0.9999895
1.0
1.0
0.8636912
1.0
0.9999999
0.9997919
0.9999995
0.99999666
1.0
1.0
0.99999833
1.0
0.99997926
1.0
1.0
0.9999995
0.9999999
1.0
0.99823797
1.0
0.99999905
1.0
0.9977665
0.99999046
0.99999785
0.99999976
0.99999976
1.0
0.9993389
0.999954
1.0
0.99999714
1.0
0.9915377
0.9999827
0.99408925
1.0
0.99999976
1.0
1.0
0.9999963
1.0
0.9999999
0.99999523
1.0
1.0
0.9999577
1.0
0.9999944
1.0
0.9999999
0.99999976
0.9999999
1.0
1.0
0.9999968
1.0
0.99999976
1.0
0.9999641
1.0
0.99999356
1.0
0.99943966
0.99999535
1.0
0.9999691
0.9999945
1.0
0.99999964
0.9848333
0.83634526
0.60245514
0.99999905
0.9999881
0.99999857
1.0
0.9999993
1.0
0.99999356
1.0
1.0
0.99999976
0.99999976
0.9880023
0.9997794
1.0
0.9998747
0.9999993
0.9995782
1.0
0.9960079
0.998684
0.9999987
0.9999995
0.9999944
0.9999888
1.0
0.99999523
1.0
1.0
1.0
0.9999993
1.0
0.99999726
0.9999919
1.0
0.99999416
1.0
1.0
1.0
1.0
1.0
0.99191236
1.0
0.99998856
1.0
0.99999833
1.0
0.99999404
1.0
0.9999949
1.0
1.0
1.0
0.9917699
1.0
0.86488897
0.99952805
0.99999464
1.0
0.99999905
0.9999999
0.99999094
1.0
0.99999785
0.9512099
0.9999999
0.99999547
0.99976045
0.9999988
0.9999622
0.99999976
0.999979
0.9999912
0.99451977
0.9999999
0.9997811
1.0
0.9999995
1.0
0.9999436
0.9999964
0.9999424
0.9952226
0.9999206
0.99999964
1.0
0.99877053
1.0
1.0
1.0
1.0
1.0
0.99999905
0.9999995
0.9999701
1.0
0.99999404
1.0
0.9999906
0.9999225
1.0
0.99999964
0.9999999
0.9999999
1.0
0.9999999
0.99999964
1.0
0.99999976
0.99970055
0.9999949
0.9999058
0.9999962
1.0
1.0
0.99999964
0.9998215
0.99999297
0.9999951
0.9999937
1.0
0.9999784
1.0
0.9997719
0.9999969
0.99998987
0.9999999
0.99997723
1.0
0.9999976
0.99999464
0.9999995
0.999997
1.0
0.9999902
1.0
0.99999857
1.0
0.9999014
0.9999932
1.0
0.99987054
0.9999981
0.99971694
0.99999964
0.9999999
1.0
0.99999976
0.9999999
0.99999964
0.9405693
0.9999962
0.99999917
0.99999917
0.9999999
1.0
0.45127013
1.0
1.0
0.9999943
0.9999999
0.9947292
0.8760276
1.0
0.99999964
1.0
1.0
0.99999666
0.9998853
0.9999994
1.0
0.99999964
0.9999932
0.9999974
0.99990416
0.99998283
0.99985087
0.9999995
0.99999225
0.9907907
0.99999905
1.0
0.99999774
0.99999964
1.0
0.999998
0.9999963
1.0
1.0
0.9735064
1.0
1.0
0.99999976
1.0
0.99999964
1.0
1.0
1.0
0.9993887
0.9999951
1.0
1.0
1.0
0.99999666
1.0
0.9999993
0.9999902
0.99985707
1.0
0.9999995
0.99999964
0.9999732
0.9999993
0.9999999
1.0
0.9999981
0.9999999
0.99999654
0.99991333
1.0
1.0
1.0
0.9999852
1.0
0.99621
0.9999974
1.0
1.0
0.99999976
0.5452508
1.0
0.86135644
1.0
1.0
0.99999785
0.99993193
0.999997
1.0
0.9993722
0.9999888
1.0
0.99999154
1.0
1.0
1.0
0.99882966
0.99999857
0.99988854
0.9999999
1.0
0.99999166
0.9999999
1.0
0.9999962
0.9999999
0.99992085
1.0
1.0
0.99999475
0.9999995
0.9999459
1.0
0.99999845
0.9999999
0.9999697
0.9999906
0.9999999
0.9999974
0.9999696
0.9999975
0.9999602
0.9999987
1.0
0.99893886
1.0
1.0
1.0
1.0
0.99997675
1.0
1.0
0.9999591
0.9999963
0.999869
1.0
1.0
0.999985
1.0
1.0
1.0
0.9999864
1.0
1.0
0.9999889
0.99999964
0.9996037
0.9999989
0.99999774
0.99853516
0.5882365
0.99999964
0.9999989
1.0
0.9999999
0.9999981
0.99999976
1.0
1.0
0.9997687
0.9988386
0.9999999
0.99999833
0.9999647
1.0
0.99998987
0.99999964
0.9999989
0.9999914
0.9999999
0.99495006
1.0
0.99940014
1.0
0.99593806
1.0
0.9999999
0.9997104
1.0
0.99997425
0.9997136
1.0
0.9999895
0.9999989
0.99943525
0.99859244
1.0
0.9999933
0.9999994
0.99999976
1.0
0.9999939
0.99809676
1.0
0.78041106
1.0
0.9822176
0.9999999
1.0
0.9999876
0.97339547
0.99999857
0.99999976
0.9999999
0.9999994
1.0
0.9999999
0.9999715
0.999998
0.99998224
0.97461253
0.9999989
0.9994217
1.0
0.999995
0.59071183
0.98804575
1.0
0.99999976
0.99999213
0.99999607
1.0
1.0
0.9999949
0.9997676
0.99999845
1.0
0.999997
0.8963152
0.9999999
0.99999297
0.9865562
0.99999857
1.0
0.9999982
1.0
1.0
0.99999976
1.0
0.9999999
0.9999993
0.9990018
0.9999274
1.0
0.99999964
0.9999846
1.0
0.99877757
1.0
0.9999995
0.99759716
0.99999917
1.0
1.0
0.99999976
0.99999726
0.99995923
0.9995172
0.9980147
1.0
0.9999198
1.0
0.99999976
0.99999964
0.99998057
0.99999964
1.0
0.9965869
1.0
0.999808
0.9999882
0.9999957
1.0
0.99999964
1.0
0.9999993
0.99999785
1.0
0.99999046
0.9999988
0.99999976
1.0
1.0
0.9999541
1.0
1.0
0.9999752
0.97463
1.0
0.9999999
0.9999999
1.0
1.0
0.9999987
0.9965888
0.99999976
0.9865833
1.0
0.99856025
0.9998745
1.0
0.9999999
0.9999993
0.9999672
0.99999905
0.91590947
1.0
0.9997296
1.0
1.0
1.0
0.9999944
0.9999622
1.0
1.0
0.99999106
1.0
0.9999994
1.0
0.99999785
0.9999976
1.0
0.99999976
0.9995339
0.9999124
0.99999964
1.0
1.0
1.0
0.99999976
0.9999993
1.0
0.61453074
0.9999007
0.9999982
1.0
1.0
0.9999999
1.0
1.0
1.0
1.0
1.0
0.9999994
1.0
0.9998149
0.9999795
0.99999917
1.0
1.0
1.0
0.9999908
0.99999976
0.99834263
0.99999976
1.0
0.9999995
1.0
0.9999982
0.99979335
0.9999989
0.8163475
0.992432
0.999938
1.0
0.9999473
0.9999789
0.99999976
0.99999857
0.99999726
0.9999927
0.99825853
0.99998355
1.0
0.9999993
0.9999999
0.99999034
0.9999943
1.0
0.999899
1.0
0.9999987
0.4355864
0.8671267
0.9999999
0.9999999
1.0
0.9999999
0.9999999
1.0
1.0
0.9992016
0.9999981
0.9995103
1.0
0.99967086
0.9999727
0.99982625
0.99999905
0.99999964
1.0
0.99998975
0.9999995
0.9994191
0.9994
0.9999982
0.91037315
0.9994832
0.99751925
0.9991078
1.0
1.0
0.99708086
0.9999969
0.99999964
0.99999046
0.9999994
1.0
0.9999937
1.0
1.0
0.999871
0.9999819
0.99995637
0.99999964
1.0
0.9999863
0.9559614
1.0
1.0
0.9999994
1.0
0.999764
0.9999858
0.9999963
0.9999999
0.99999976
0.99992776
1.0
1.0
0.99999964
1.0
1.0
0.9999964
0.99999785
1.0
0.99999964
1.0
1.0
1.0
0.9998877
0.9999987
1.0
1.0
1.0
1.0
0.9999758
1.0
0.9999999
1.0
0.9999286
1.0
0.9959974
0.9999999
0.999974
0.9999999
1.0
0.99999774
0.99697
0.9999989
0.9999945
1.0
0.9999993
0.9999819
1.0
0.9999907
0.99986696
0.9999654
0.9999995
0.99999166
0.9999994
1.0
0.9999945
0.99999464
0.99949956
0.9999999
0.9999988
1.0
0.95876664
1.0
0.80280507
0.99993825
1.0
1.0
0.99999976
0.6225994
1.0
1.0
0.90730506
0.9999417
0.999998
0.9999945
0.99999166
0.9999989
1.0
0.9999974
1.0
1.0
0.99999976
1.0
1.0
0.999969
1.0
0.9999989
0.9999999
0.99992204
0.9999999
0.93793947
1.0
0.98056525
0.9999999
0.93849456
0.96296126
0.9999999
1.0
0.99997663
0.9995863
0.99710625
1.0
1.0
0.99990296
0.9999976
0.9999994
0.99999905
0.9999647
1.0
0.9999999
0.97500473
0.99716526
1.0
1.0
0.9999995
1.0
1.0
0.9999908
1.0
1.0
0.99987876
0.99999976
0.9997309
0.99999964
0.9999783
0.9999901
1.0
1.0
0.99997723
1.0
0.9999999
0.9999708
1.0
0.9999945
0.99999976
0.9999956
0.9996673
1.0
0.9998759
1.0
1.0
0.7400029
0.9999976
1.0
0.9999987
0.9999994
1.0
0.99999726
0.9936498
1.0
0.99997365
1.0
0.94794726
1.0
0.99999964
0.9999678
1.0
0.99999785
0.9999982
0.99998343
0.9999976
0.9999689
0.8093816
1.0
1.0
0.9999937
1.0
0.9997619
0.9999994
0.99999964
1.0
0.9999999
0.99981695
1.0
1.0
0.99803203
1.0
1.0
0.9997812
0.9999937
1.0
0.9999846
0.9911724
1.0
0.99999905
0.9999982
0.9999989
0.99999917
0.99999964
0.9999981
0.9997565
0.99998367
1.0
1.0
1.0
0.8953003
0.999998
0.9999999
1.0
0.9999999
0.999998
0.9999722
1.0
0.9999999
1.0
1.0
1.0
1.0
0.9998927
1.0
0.9999981
0.9999989
0.9965873
1.0
0.9999472
0.9999993
1.0
0.9996086
1.0
0.98077893
0.9999999
1.0
0.53389204
0.99948055
1.0
1.0
0.99999976
0.966018
0.99994993
0.9999999
0.99988866
0.9999999
0.9998022
1.0
1.0
0.99999714
0.9998222
0.99994516
0.9999585
1.0
1.0
1.0
0.99999404
0.99995756
1.0
1.0
1.0
0.99999726
0.99994075
1.0
0.52340525
0.99998915
0.9999988
0.99999917
1.0
0.99999475
1.0
0.9945844
0.9739404
0.9995117
1.0
1.0
0.9996087
0.9996439
0.99999857
1.0
0.9974137
1.0
0.9999999
0.9999999
0.99993575
0.9996859
1.0
0.999998
1.0
1.0
1.0
0.9999999
0.8779027
1.0
0.999977
0.99999976
0.99999714
1.0
0.9999962
1.0
0.99999964
0.9999989
0.9999999
0.9898651
0.99999976
1.0
0.9999896
1.0
0.99999976
0.97935814
0.9999975
1.0
0.9999701
0.9999989
0.9999994
0.99998343
1.0
0.99997973
0.99999917
0.9999924
1.0
0.99999917
0.9999999
1.0
0.99998045
1.0
0.9999995
0.9893439
0.9996525
0.9999033
0.9999995
0.9999938
0.99999976
1.0
1.0
1.0
0.99999213
0.999828
0.9999993
1.0
0.99425524
1.0
0.9999993
0.9999918
0.99999905
0.6772177
0.9999999
0.9999987
0.9999987
0.9999964
1.0
0.99999976
0.9999999
0.99999154
0.9999999
0.9595361
0.99999523
0.99999917
1.0
1.0
0.9999999
0.9999974
1.0
0.9973821
0.98597276
1.0
0.9999809
0.99999964
0.9999645
0.9999976
1.0
0.99993443
1.0
0.9999958
0.9999957
0.99999964
0.9999999
0.9954912
0.99994004
1.0
0.9999367
0.999995
1.0
0.9793561
0.9999975
1.0
0.9999988
1.0
0.99999726
0.99999726
1.0
0.99999785
0.99999964
0.9998054
0.9996979
1.0
0.9999958
0.99999964
0.9997173
0.99999857
1.0
1.0
0.9994697
1.0
0.99999976
0.99998796
0.99995816
0.99999714
0.9998017
1.0
0.9999796
0.9999999
0.9999801
1.0
1.0
1.0
0.99999416
1.0
1.0
1.0
0.99965155
1.0
0.9999999
0.99207336
0.99998295
1.0
0.98453116
1.0
0.9999999
0.99999964
1.0
0.9999999
1.0
0.7577249
0.9999999
0.99949133
0.99997354
0.99998033
0.9968712
0.99999356
0.99999666
0.9999999
1.0
0.99974877
0.9999999
1.0
1.0
1.0
1.0
0.99999213
0.99999774
1.0
1.0
0.9999286
0.99882966
0.9985707
0.99101734
1.0
0.8877038
0.9999906
1.0
0.99999774
0.9999987
1.0
0.9978066
0.9999994
0.9999989
1.0
0.99999845
1.0
0.9999999
1.0
1.0
0.9999819
1.0
1.0
1.0
0.99999964
1.0
0.99999106
1.0
0.9999999
0.9999995
1.0
0.99994326
1.0
1.0
0.9999994
0.9999999
0.9999999
0.9999976
1.0
0.99999905
0.99993277
0.99999726
1.0
0.9998547
0.9999999
0.9999938
0.99998176
0.99994946
1.0
0.9999918
0.9999999
0.9999144
0.9999999
0.99999917
0.99991
1.0
0.9999963
0.99928564
0.999721
1.0
1.0
0.999995
1.0
1.0
1.0
0.9999696
0.9999993
0.999987
1.0
1.0
0.9999907
0.9995747
1.0
0.9999999
0.9999988
0.9999801
1.0
0.99999976
0.999987
1.0
0.99999833
1.0
1.0
0.999997
0.94146526
1.0
0.999915
1.0
1.0
0.9998374
0.99928695
0.99993336
0.9999753
1.0
0.99996054
0.999813
0.9999808
0.9999995
0.9999993
1.0
0.9999652
0.9999999
0.9999957
1.0
1.0
1.0
0.99999976
0.99999905
0.9999988
1.0
0.99999917
1.0
0.99999964
1.0
0.99999976
0.9999999
0.9999993
0.9999981
0.9969548
0.99999976
0.80679816
0.99999845
1.0
1.0
1.0
0.99998975
0.9922167
0.99932265
1.0
0.9999999
0.9998153
0.99999964
0.9999999
1.0
1.0
0.9999778
1.0
0.8837628
0.9999956
0.9999975
1.0
0.99999976
0.99822086
0.99999976
0.9999994
0.54146683
0.99974674
0.9999994
1.0
0.9998853
0.99959034
0.9999924
0.99999905
0.99999857
0.99999404
0.9519114
0.99999595
0.99999475
1.0
0.99995506
0.9993032
1.0
0.9999728
0.99996555
1.0
0.9997303
1.0
0.9999821
0.9999962
0.99991715
0.99963224
1.0
0.6462053
0.99999845
1.0
1.0
0.9998815
1.0
0.9999999
1.0
1.0
0.99999964
1.0
0.9999994
1.0
1.0
0.9983901
1.0
1.0
0.9999987
0.99999857
0.99996126
0.9992428
0.9999907
1.0
0.9705723
0.9999975
0.9999956
0.9999988
0.9999999
0.99709773
0.9999931
1.0
0.9999919
1.0
1.0
0.9999995
0.99984884
1.0
0.99911267
0.99999976
0.87310714
1.0
1.0
1.0
0.9999902
1.0
0.9999945
0.9998822
1.0
0.9587861
1.0
1.0
0.9999999
0.99999905
0.9999987
1.0
0.9999554
1.0
1.0
1.0
0.73230314
0.9971501
0.9989121
0.9999993
0.9999999
1.0
0.3717142
0.999943
1.0
0.999938
1.0
1.0
1.0
0.9999999
0.9998927
0.9999993
0.99999964
1.0
0.9998165
0.9999882
0.9999999
0.9999931
1.0
1.0
0.999992
0.99999857
0.99999297
0.9999989
0.9999875
0.9999293
1.0
0.99999726
0.9992902
0.9999231
1.0
0.99999964
1.0
0.9934249
1.0
0.99990547
0.9999511
1.0
0.9999999
1.0
1.0
0.99972075
0.9999974
1.0
0.9999999
1.0
0.99999976
1.0
0.9999938
0.6987835
0.9999937
0.999998
0.9739942
0.9778261
1.0
0.99992824
0.91138214
0.9999995
1.0
1.0
0.99999666
0.9999999
0.999966
0.99999774
0.9999995
0.99938834
1.0
0.99970275
1.0
1.0
1.0
0.9999914
1.0
1.0
1.0
0.99999976
0.9999924
0.9999999
0.9999993
0.9999527
1.0
1.0
0.9945598
0.9999925
1.0
0.9999858
0.9999999
0.9999999
0.9999759
0.99999976
0.9999993
0.99990416
0.9914603
0.99999905
1.0
0.9999981
1.0
1.0
1.0
0.99984884
1.0
0.99999
0.99998677
1.0
0.9997855
0.99999905
1.0
1.0
1.0
0.9999931
0.9999994
0.9999411
0.99999595
1.0
1.0
0.9999999
1.0
0.99999666
1.0
1.0
0.9999999
1.0
0.9999999
1.0
0.9999937
0.9996117
0.9999993
1.0
0.99998724
0.9999999
1.0
1.0
1.0
0.8671365
0.9999999
0.99996793
0.9999908
0.99999845
1.0
0.99533737
0.999974
1.0
1.0
0.9998622
0.99999654
0.99999917
0.9999969
0.89859605
1.0
1.0
1.0
1.0
0.99999964
0.9999809
1.0
0.999998
1.0
0.9999999
1.0
0.99998426
0.9611236
0.99999976
1.0
0.9999131
1.0
0.99999535
0.99988127
0.99998784
1.0
0.9999105
1.0
0.9999999
1.0
0.99999976
0.99999917
0.9722617
0.99997497
0.9999999
1.0
1.0
0.9999995
0.9995846
0.99999976
0.9999999
1.0
0.99897814
0.99999976
0.99996746
1.0
1.0
1.0
0.9999995
1.0
0.9995479
0.99993646
0.9999999
0.8709858
1.0
0.9999975
0.99999845
0.99995196
0.9999999
0.99999964
1.0
1.0
0.99998903
0.99999785
1.0
0.999998
0.99999774
0.9468154
0.9999999
0.99999714
1.0
1.0
1.0
1.0
1.0
0.9999993
1.0
1.0
1.0
0.9999813
0.9999999
1.0
0.9999851
0.99999833
1.0
0.99999964
1.0
0.99999714
0.9999995
0.99999964
0.99999166
1.0
1.0
0.9643454
0.99998486
0.99983966
1.0
1.0
0.9999976
0.99999917
0.9999995
0.9998534
0.99918896
0.99999976
0.990236
0.9999989
0.9995851
1.0
0.9999932
0.9999999
0.9999442
0.9753196
0.99999857
1.0
1.0
1.0
0.9999685
0.9998969
1.0
0.9999486
0.9999999
0.9999999
0.99897313
1.0
0.9999999
1.0
0.9999999
0.99999547
0.99998975
0.99999654
0.8521547
0.99999976
0.99996936
0.99993145
0.99999845
1.0
0.99999857
1.0
0.80400354
0.99998033
1.0
0.99987566
0.9999995
0.99999714
0.99999845
0.99999917
0.8903704
0.9999988
0.9999999
0.9999876
0.99943656
1.0
1.0
0.99999964
1.0
1.0
1.0
0.97933125
0.9998398
1.0
1.0
0.99950767
0.9999796
1.0
1.0
0.9998404
0.99999976
0.99999654
0.9999988
1.0
1.0
0.9900636
0.9994742
0.99998236
0.9999957
1.0
1.0
1.0
0.60111517
0.99849164
0.99999833
0.9997602
1.0
0.9999838
0.9999864
0.9999995
0.98906016
0.9999602
0.9999609
1.0
1.0
1.0
1.0
0.9999999
0.9999993
1.0
0.99991167
0.999974
0.9999765
1.0
0.99999976
0.9999913
0.9996933
0.99999976
0.9999393
0.999863
0.9999888
1.0
0.9998957
0.9999995
1.0
1.0
0.5165132
0.9999999
0.99998784
1.0
0.99999964
0.9999995
0.9999964
1.0
0.9999608
0.99999464
1.0
1.0
1.0
1.0
1.0
1.0
0.99999535
1.0
0.9999763
0.9999789
0.99999857
1.0
0.9999982
0.9999995
0.9998528
0.99998295
0.99825007
0.99999964
0.99927574
1.0
1.0
0.9999999
1.0
0.99995625
0.9999995
0.9991406
0.9999963
0.9999336
0.9999658
0.99996305
0.99980205
0.99999845
0.9999974
1.0
0.9979632
0.9988104
0.53270894
0.99999964
0.99999976
0.9999999
0.99999976
1.0
0.9999982
1.0
0.9999981
0.99999964
0.9997402
1.0
1.0
1.0
0.97668993
1.0
1.0
0.9999851
0.99998057
0.9999999
1.0
0.9999994
0.9999994
0.99999845
1.0
0.9999962
0.99979
1.0
1.0
0.9999994
0.99996555
1.0
1.0
0.9999945
0.99999833
0.9999949
0.9999317
0.99979717
0.9999999
0.9994584
0.9999999
1.0
0.9999995
0.99980074
0.9891406
1.0
0.9999988
1.0
0.9984818
1.0
1.0
0.9999882
0.9999999
1.0
1.0
0.99976176
0.9999987
1.0
0.99999857
0.99999595
0.99999785
0.99999964
0.9999777
0.9976599
0.9999982
0.9999924
1.0
1.0
0.9999969
0.9999919
0.9999999
0.9999999
1.0
0.99291766
1.0
0.99999905
0.9998317
0.99999857
0.9999596
1.0
1.0
1.0
1.0
0.99999344
0.9995646
0.99999785
0.9999933
1.0
1.0
0.9999236
0.99994755
0.9999995
1.0
0.9999999
0.9999994
0.9999969
0.97659653
0.99262345
1.0
0.9999993
1.0
0.9994887
0.99999666
0.9999975
0.99996674
1.0
0.9999999
0.99997485
0.9999709
1.0
1.0
0.9999951
1.0
0.99999976
0.9972011
0.9999993
0.99999964
0.9999118
1.0
1.0
0.9892314
0.9999987
0.999998
1.0
1.0
0.81339407
0.99999976
0.99999976
1.0
1.0
0.9999999
0.9999981
1.0
0.9999999
0.9999083
1.0
0.999941
0.9999989
0.9999089
0.99996984
0.99999976
1.0
0.9999938
1.0
0.8130436
1.0
0.9999975
1.0
1.0
0.99969685
0.99999857
0.9999881
0.9999988
1.0
0.99999976
0.999933
1.0
1.0
0.9999994
0.99999726
0.9999995
0.9992822
0.9999999
1.0
0.99999964
0.99998593
0.99999905
1.0
1.0
0.9999783
0.9999988
0.99816376
1.0
1.0
1.0
1.0
1.0
1.0
1.0
0.99961555
0.99999845
1.0
1.0
0.99999917
0.9999664
0.99999464
0.57408226
0.9999975
1.0
1.0
0.9999995
0.99999964
1.0
1.0
0.9999999
1.0
0.9960194
0.9999994
0.99849045
0.9999999
0.99986017
0.9999753
0.9999926
1.0
0.9999993
0.9999999
0.999511
1.0
0.8437817
0.999979
1.0
1.0
0.9999988
0.9999999
1.0
0.99999046
0.99990404
0.9999993
1.0
0.99997413
0.99976593
0.9999938
0.99983406
0.9999993
0.99371886
1.0
0.9961448
0.999907
0.99999964
0.9999999
0.99999666
0.99999905
1.0
1.0
1.0
0.99961436
0.9928148
0.8646525
1.0
1.0
1.0
0.9999989
1.0
0.999992
0.98908055
1.0
0.98759824
0.99998677
0.99995005
0.9999995
0.9999994
1.0
1.0
0.99999917
0.9999999
0.9999981
1.0
0.99999905
1.0
0.99997044
0.9999995
1.0
0.99999774
1.0
1.0
0.9999887
1.0
0.9999856
1.0
0.99947184
1.0
1.0
1.0
1.0
0.9999994
1.0
0.99909747
0.9999949
0.9999013
1.0
0.99990594
0.99999714
0.9999963
0.9999926
0.999527
1.0
1.0
0.9999366
0.99983466
0.9660661
0.99999833
0.99942446
1.0
0.99998856
0.99999833
0.99998415
0.99999547
0.9999994
1.0
0.9999999
0.999926
1.0
0.95794624
1.0
0.99999976
1.0
1.0
1.0
0.9999963
0.9998783
0.99999905
0.9999393
1.0
0.99996245
1.0
1.0
0.99977046
0.99636984
1.0
0.9999925
0.9990048
1.0
1.0
1.0
0.99959975
1.0
0.99056214
1.0
1.0
0.9990426
0.9999993
1.0
1.0
0.99999976
0.9999925
1.0
1.0
1.0
0.99998343
0.9999981
1.0
0.9998559
0.9999908
0.99999976
0.99999964
1.0
0.9999962
1.0
1.0
0.9999924
1.0
0.9999914
0.9999999
0.9999999
0.9999919
1.0
0.99999976
0.9999622
0.99999976
1.0
0.9929838
1.0
0.9937384
1.0
0.9999987
0.99999976
0.9999988
1.0
0.9994037
1.0
1.0
0.9999999
0.99998
0.99999857
0.99999964
0.9999999
0.9998042
1.0
1.0
0.9999938
0.9999999
0.99921393
0.9978078
1.0
1.0
0.99999917
0.99987555
0.98840415
1.0
0.99997914
0.99999547
0.9999094
0.99999595
0.8983799
0.9999994
0.99999905
0.99959844
0.9999995
0.9999894
0.9999995
1.0
1.0
0.9999881
0.99986506
0.9068661
0.65842915
0.9999348
0.99999964
0.9999995
0.99999976
0.99999666
0.9999608
0.99997663
1.0
1.0
1.0
0.9999993
0.9999995
0.99729985
0.9437459
0.99999905
1.0
0.9999802
1.0
1.0
0.9999641
0.9999993
0.99931717
0.9999968
1.0
0.99999833
1.0
0.9982502
0.9999999
0.99999917
1.0
0.9990784
1.0
0.9993851
0.9999995
1.0
0.99999404
0.99978775
0.9999937
0.9999999
0.9986607
1.0
0.99998915
1.0
0.9999994
0.9999995
0.9999999
0.9998708
1.0
0.9999999
1.0
0.9999268
0.9998944
1.0
0.99998856
1.0
0.5779086
1.0
1.0
0.9999999
1.0
0.99998844
0.999995
1.0
0.9999982
0.9999939
0.9559445
0.9999999
0.9999999
1.0
0.99999976
1.0
1.0
0.9997787
1.0
1.0
1.0
0.9999994
1.0
1.0
0.9999833
1.0
0.99975914
1.0
0.99904436
1.0
0.9999914
0.9997111
0.9999999
1.0
0.99998033
0.9339798
1.0
0.9999989
0.9999782
0.9999969
1.0
1.0
1.0
0.99999917
0.9999975
0.99999607
0.99999964
1.0
0.99999857
0.9999989
1.0
1.0
0.99999607
1.0
1.0
1.0
1.0
1.0
1.0
0.9999999
0.99999976
0.9999981
1.0
0.99999976
0.9931804
0.98183006
0.99999917
0.9848977
0.9999993
1.0
1.0
0.99999976
1.0
1.0
0.99999833
0.9999995
1.0
1.0
0.70016736
1.0
0.9999999
1.0
0.9999989
0.99972457
1.0
1.0
1.0
1.0
1.0
0.9999981
0.9999999
0.9999999
0.9999994
0.99999774
0.99999964
0.9999864
0.9998698
0.99997926
1.0
1.0
1.0
1.0
0.9999964
0.9999906
0.9999993
0.9999882
0.99999654
0.99988306
0.99999833
0.99999857
1.0
0.9999535
0.9999999
0.9465688
0.9987631
0.9999982
0.99998903
0.99999213
1.0
0.987944
0.9999999
1.0
0.9998599
0.99999976
1.0
1.0
0.9999969
0.999967
1.0
0.9999702
0.99999976
0.9999999
1.0
0.9999999
0.9849466
0.9987649
0.9999999
0.99924004
0.9998258
0.9990397
1.0
0.9999937
1.0
0.9999851
1.0
0.9999994
1.0
0.99999964
0.9999974
1.0
0.9999999
0.9999976
1.0
0.9999987
0.99996746
1.0
0.9999989
0.99999964
0.9999956
1.0
0.99999976
1.0
0.99988675
1.0
1.0
0.999998
0.9999771
1.0
1.0
0.99999917
0.9999862
0.99989784
0.99999964
0.9999999
1.0
0.99999905
0.99999976
0.9987929
0.9999635
0.9999988
0.9999876
0.999843
0.9999999
0.99998236
1.0
0.99999976
0.9999987
1.0
1.0
0.99999845
0.99995923
0.99999976
1.0
1.0
0.9998079
0.9999994
0.9999995
1.0
0.9999999
0.9999988
1.0
0.9996195
1.0
1.0
1.0
0.9999988
0.9999964
0.9999882
0.9999999
0.99999964
0.9984132
0.99920624
0.99999905
0.9999999
0.9999993
0.9999888
0.99998736
1.0
0.9992168
0.9999993
0.99999917
1.0
1.0
0.9972345
0.9999795
1.0
1.0
0.99979514
1.0
0.9999999
0.56041026
0.99999857
1.0
0.9999908
0.99993825
0.9999999
0.9999999
1.0
0.9999982
1.0
0.99981993
0.9965753
0.99999905
0.9994742
0.99986935
0.99984944
0.99999976
0.9999951
0.9999999
0.9999993
1.0
0.9999995
0.99999976
1.0
1.0
0.98332524
0.9998772
0.9999386
0.9999999
0.99998987
0.9999976
0.9999989
1.0
0.9999999
0.9999993
0.99933016
0.99999964
0.9999945
0.99963677
0.99999976
1.0
0.9999832
0.9999931
1.0
0.9996202
0.9999995
1.0
0.99999917
0.9999993
1.0
0.9999994
1.0
0.99998856
1.0
1.0
0.99974424
0.9999999
1.0
0.9999999
1.0
1.0
0.9999995
0.99998283
0.99807835
0.98216355
1.0
0.99995625
0.99995184
1.0
0.9999995
1.0
0.99999976
0.99999964
1.0
1.0
0.99999964
1.0
0.9999962
0.99996305
0.9999958
0.99999714
0.999997
1.0
1.0
0.9999995
0.9999987
1.0
0.9999995
0.9999999
0.9999963
1.0
0.9856339
0.99988663
0.99999917
0.9999963
0.99999857
1.0
0.9999943
0.999997
0.99999964
0.9999999
0.9992362
1.0
0.9999932
0.99874073
0.9324722
0.9999999
0.99999976
0.9999949
1.0
1.0
0.99988675
0.9968263
0.9999958
1.0
1.0
1.0
0.88306683
0.999551
0.999931
0.9999993
0.9999927
0.99998415
1.0
0.9999995
0.9999995
0.9999974
0.9999981
0.9999877
1.0
1.0
0.9999999
1.0
0.9999014
0.9999958
0.9999994
0.9999981
1.0
1.0
0.9999963
0.9999522
1.0
0.99998856
0.9999999
0.99853706
1.0
0.9999993
0.9999999
0.9999598
0.99999964
0.9999999
0.9999304
0.9998927
1.0
1.0
1.0
1.0
1.0
0.9999924
0.9705941
1.0
0.99999845
0.99999964
0.9999875
1.0
0.99999917
0.9999999
0.99976844
1.0
0.99977595
1.0
1.0
1.0
0.9999988
1.0
1.0
0.9999999
0.9999881
0.9999988
0.9999982
0.9999999
1.0
0.9999939
1.0
1.0
0.9999927
0.9976803
0.9999825
0.99999964
0.9999999
0.99999917
0.9999987
0.9999883
0.99999785
1.0
0.99999154
0.99999964
0.8232842
0.99998033
0.9999999
0.9999677
0.999992
0.9999839
1.0
0.99999714
0.99999833
1.0
0.9999988
0.9999995
1.0
1.0
0.99999917
0.9999989
0.9999993
0.9999943
1.0
0.99848074
0.9999924
1.0
0.9999999
1.0
0.99999845
0.99997985
0.9996252
1.0
0.99996054
0.9751237
0.9999976
0.99991
1.0
0.9999999
1.0
0.98103285
0.99999976
0.9999975
0.99999356
0.9999994
1.0
1.0
0.9996233
0.9999989
0.999995
1.0
0.99999964
0.9999999
1.0
0.99997723
1.0
0.99999833
0.97282887
0.99978906
1.0
0.99998474
0.99999404
1.0
0.9999999
0.9999999
1.0
0.9999944
1.0
0.99999976
1.0
1.0
0.99999106
0.9999583
0.9999995
0.99998784
0.9999809
1.0
0.99991274
0.99999857
0.99999785
1.0
0.9999994
1.0
1.0
1.0
1.0
0.9925175
0.99999344
0.99999964
0.9999813
0.9999999
1.0
0.99999607
0.9999999
0.9969168
0.9999789
1.0
0.9999999
1.0
0.9999989
1.0
0.9999987
0.9999541
0.9995646
0.99999976
0.99997985
0.99999964
0.99999046
0.99998033
0.99999845
0.9999999
1.0
0.99905735
0.9999956
1.0
1.0
0.9983925
0.69513035
0.99999976
0.999696
0.9999908
1.0
0.9999956
0.9999926
0.99957997
1.0
0.9999999
1.0
1.0
1.0
0.9999938
1.0
0.99999833
0.9996841
0.9999999
1.0
0.9999982
1.0
0.9999733
1.0
0.9995975
0.50059766
0.9711949
1.0
0.9999993
0.99999976
0.9999995
0.99999726
0.9999924
0.99999976
0.999998
1.0
1.0
1.0
0.99947745
0.99999976
0.99988616
0.99022
0.9999963
0.9999993
1.0
1.0
1.0
0.9988102
0.9999925
0.99999774
0.99999976
1.0
0.9997125
0.9999999
0.9999994
1.0
0.9999293
1.0
0.9999844
0.99999917
0.99999964
0.99999964
1.0
0.9999999
0.99959534
0.99949586
0.53161514
0.99985194
0.9780227
1.0
1.0
0.99999726
0.9999951
0.9999999
0.9999999
1.0
0.9999999
1.0
1.0
1.0
0.9999807
0.99999475
0.99997044
0.9999589
1.0
0.9933965
1.0
1.0
1.0
1.0
1.0
0.9999995
1.0
0.99464697
1.0
1.0
0.9999579
1.0
1.0
0.9999964
1.0
0.9999155
0.99996984
1.0
0.9999988
0.99999964
1.0
0.9999931
1.0
1.0
0.9999993
1.0
1.0
0.99993706
0.99999666
0.99999976
0.9999999
0.99998593
0.9999993
0.9999999
0.99999595
0.9999994
0.9999999
1.0
1.0
0.99835604
1.0
1.0
1.0
0.9993513
1.0
0.9999863
0.9999962
0.9999993
0.99998856
1.0
0.99993336
1.0
1.0
0.99999285
0.99999976
0.99999917
1.0
1.0
1.0
1.0
0.9999993
0.9998938
0.8633201
0.99999976
0.9999999
0.9999999
0.9999999
0.9999999
0.9999902
0.99454427
0.9999999
0.9998944
1.0
1.0
0.99999964
0.999895
0.9999988
0.99999917
1.0
0.9999999
0.99999905
1.0
1.0
0.9980531
0.99999976
1.0
1.0
0.99989283
1.0
1.0
0.99999416
0.9995678
0.99999666
1.0
1.0
0.99999976
1.0
0.99998784
1.0
0.8313372
1.0
0.9999845
0.99994516
1.0
0.99992573
0.9998424
0.9999999
0.971913
0.63748825
0.9999722
0.9991684
0.96766335
1.0
1.0
0.9999969
1.0
1.0
0.99996483
1.0
0.9999994
0.99942774
0.9999999
1.0
0.9977672
0.99999404
1.0
0.9999995
1.0
0.9999988
0.9999871
0.98638654
1.0
0.99997234
1.0
1.0
0.9999987
0.9999486
0.999995
0.9999988
1.0
0.9999999
0.9999993
1.0
0.9293881
1.0
0.99999917
0.9999932
0.9943
0.97358537
0.9999933
1.0
1.0
0.99999964
0.9999982
1.0
0.99999976
1.0
0.9999994
1.0
0.9357419
0.9999999
0.9977635
1.0
0.9997658
0.9999994
0.99999905
0.9999256
0.99997663
0.99999154
1.0
0.999902
0.99997735
0.9999844
1.0
0.9999987
0.91897523
0.9999999
0.990144
1.0
0.99996877
0.9999913
0.9999906
0.999866
1.0
1.0
0.999992
0.9999988
0.9991634
1.0
0.9639524
0.99999917
0.999977
0.98517656
0.99999964
1.0
1.0
0.9999999
0.99999976
0.9999993
0.9999244
1.0
0.9999927
0.99892753
1.0
0.9999999
1.0
0.99999976
1.0
0.9999999
1.0
0.9999999
0.9999999
0.99322116
0.9999993
0.9999641
1.0
0.9999982
0.9999466
1.0
0.99336267
0.99999845
0.9999505
1.0
1.0
1.0
1.0
1.0
0.99998
0.99999976
0.9999789
1.0
0.5384535
1.0
0.99995697
0.5457103
1.0
0.99999976
0.9998841
0.9999529
0.999972
0.999721
1.0
0.999998
0.99989724
1.0
0.99999666
1.0
0.99999833
0.9999993
0.9999999
0.8916567
0.9999988
0.9962529
0.999997
1.0
0.9999999
1.0
0.9999404
1.0
0.9999312
0.9999989
0.99999845
0.99999976
1.0
1.0
0.99999976
0.99998295
1.0
1.0
0.99999845
0.99999833
1.0
0.99999964
1.0
0.99961394
0.9999981
0.9999999
1.0
0.9999957
0.9999999
1.0
0.99997795
1.0
0.99997723
0.99999964
0.9999987
1.0
0.70808846
1.0
0.99999976
0.9999975
1.0
0.9999995
1.0
0.99998975
1.0
0.9999999
0.999998
0.9999999
1.0
1.0
1.0
0.9999999
0.99999106
0.9999993
0.99997854
0.9999702
0.9994766
0.9999999
1.0
1.0
1.0
1.0
1.0
1.0
1.0
0.99999976
1.0
0.9999999
0.9999846
0.92910606
0.9999794
0.9410275
0.99995184
0.9946138
1.0
1.0
0.9993191
1.0
0.9999945
1.0
0.99996877
0.9840651
0.9999988
1.0
0.99999976
1.0
0.9999999
0.9999999
1.0
1.0
1.0
1.0
0.9999757
1.0
0.9999901
1.0
0.99999976
0.9999995
0.74567693
0.999933
0.99817145
0.99986196
0.99999905
1.0
1.0
1.0
0.99186474
0.9999912
0.9999975
1.0
1.0
0.9999974
0.9999988
0.9999465
0.9964618
0.9837928
0.9999621
0.99999094
0.9999969
0.99999726
0.9999987
0.9999995
0.9999949
0.9999989
0.9999999
0.9834932
0.9999994
0.99969196
0.99999976
1.0
0.99996924
0.99999905
0.99999213
1.0
0.99999976
0.99999917
1.0
0.7991947
1.0
0.9998878
0.99999964
0.9999995
0.99999964
0.99999774
1.0
0.94205755
0.999997
0.9886212
0.9972909
0.9999949
1.0
1.0
0.9999747
1.0
1.0
0.99999964
1.0
0.88108367
0.9999999
0.99999166
0.99972445
0.9999994
0.99999046
1.0
0.9999989
1.0
0.9999999
0.99981385
0.99999905
0.99999976
0.9999987
1.0
1.0
1.0
0.9999826
1.0
0.9999999
0.99994457
0.9999993
1.0
0.9999999
0.999998
0.9999424
0.9953485
1.0
1.0
0.999995
1.0
1.0
0.9999995
0.9999999
0.99999297
0.99999917
0.98100865
1.0
0.9978848
0.99999976
1.0
0.9999969
1.0
1.0
0.9964529
1.0
0.9999999
0.99999845
0.9752178
1.0
0.9999865
0.61985135
1.0
0.9999932
0.9999999
0.9999999
1.0
1.0
1.0
0.9999901
1.0
0.99995124
0.99999845
0.9999994
0.9999957
0.9999926
0.98669434
1.0
0.99999857
1.0
1.0
0.9998319
0.9999472
0.9999231
0.9999962
0.9997116
0.9999999
0.9999995
0.9999882
1.0
0.99999976
1.0
1.0
0.9999931
0.9999496
0.99999523
0.9999982
0.99999595
1.0
0.9999256
0.99945885
0.99999976
0.99999714
1.0
1.0
0.9999995
0.99996924
0.999995
0.99977726
0.9994413
0.9999989
0.99999964
0.9999999
1.0
0.99999666
1.0
1.0
0.99993694
1.0
0.9999968
0.9997838
0.9999968
0.9999968
0.9964431
0.9999988
0.99993217
0.99998736
0.9999999
0.99999917
0.999777
0.99999607
0.99996674
0.9999982
1.0
0.9999981
0.99999964
1.0
0.9990994
1.0
0.9992797
0.99998164
0.99996436
0.9999603
1.0
1.0
1.0
0.99906343
1.0
0.99999905
0.99999774
1.0
0.99999964
1.0
0.9999975
0.9950212
0.9999999
1.0
0.99930525
1.0
0.6182043
0.9999776
0.99993587
0.9999999
0.99981076
0.9999999
0.9999819
0.9999845
0.99994826
0.99980575
0.99999833
1.0
0.9999999
0.9999999
1.0
1.0
0.99999547
0.9999918
0.99998045
0.9999999
0.99999464
0.9999999
0.9999964
0.99983037
1.0
0.98812217
1.0
0.9999968
0.99999356
0.80595934
1.0
0.9999937
0.99999857
1.0
1.0
0.99657404
0.9976247
0.99998784
0.9999999
1.0
0.99998
1.0
1.0
1.0
1.0
0.99999976
1.0
0.99996877
0.98790646
1.0
1.0
1.0
0.9999995
1.0
1.0
1.0
1.0
1.0
1.0
1.0
1.0
0.99999535
0.98301274
0.9998273
0.99999976
0.9999999
1.0
0.9999994
0.9991628
0.9999989
1.0
0.9999982
0.73323816
1.0
0.9999993
1.0
1.0
1.0
0.99999964
0.99147546
0.88810843
1.0
1.0
0.9965668
0.9998783
1.0
0.9999993
1.0
1.0
0.9690878
0.99990094
0.9999999
0.9999999
0.99941254
1.0
0.9974809
0.9999982
0.9999995
0.99999726
1.0
1.0
0.999998
1.0
1.0
0.9999702
0.9994168
1.0
0.99999964
0.8668292
0.99999654
0.999997
0.9998723
1.0
0.8652529
0.99999905
0.9999999
1.0
0.9999536
0.9999976
0.9999999
1.0
0.9986659
0.9999995
0.9998604
0.9999752
0.99999535
1.0
0.99999905
1.0
1.0
0.999476
1.0
0.9999399
0.9999912
0.9999999
0.99999964
1.0
0.9997379
0.99968517
0.99969864
0.99999976
0.999931
0.9999943
0.9999846
1.0
0.9999727
0.9999999
0.9999999
1.0
0.99944884
1.0
0.9999958
0.99999845
0.99995553
0.99994457
0.99999964
1.0
0.9999682
1.0
0.9999999
1.0
1.0
0.99999976
0.9999964
1.0
0.9999975
1.0
0.9999881
0.9923611
1.0
0.9999999
1.0
1.0
0.9985488
0.9930166
0.9999999
1.0
0.9999994
0.9999976
0.99999535
1.0
0.9999999
0.9999889
0.9994867
0.9732849
0.9999912
1.0
0.9998878
1.0
0.99999523
1.0
0.9999975
0.9999999
0.5293045
0.99999714
1.0
1.0
1.0
0.9999975
1.0
1.0
0.9998981
1.0
1.0
0.9983499
1.0
0.9990798
0.99999595
0.9969758
0.999998
0.99997413
0.99999726
0.99999976
1.0
0.99999905
0.99996126
1.0
0.99992347
1.0
0.9999839
0.9999995
0.99999976
1.0
0.9998313
0.9791778
0.99983525
1.0
0.99934274
0.9999999
0.9983608
1.0
1.0
0.99995565
0.9999999
0.99999917
1.0
1.0
0.99989665
0.9999999
0.9999999
1.0
1.0
1.0
0.9997948
1.0
0.99994874
1.0
1.0
0.9999875
0.80725956
1.0
0.9999937
1.0
0.99556977
1.0
0.9999999
0.9999858
0.99907076
0.999997
0.99989045
0.99999905
0.9999902
0.9999995
0.99913675
1.0
0.9999893
0.99999964
0.97901595
1.0
0.99999964
1.0
0.9999995
0.9999999
0.99999905
0.9999981
0.99986875
1.0
0.99999833
0.99576664
0.99998295
0.99999976
0.9999999
0.99999917
0.99999905
0.9999713
1.0
1.0
0.9999962
1.0
1.0
1.0
0.99999964
1.0
0.99997663
0.9999852
1.0
1.0
0.99999857
1.0
1.0
1.0
0.9137101
1.0
0.99965656
0.99999046
1.0
0.9999943
0.9999999
0.9999989
1.0
0.9999999
0.9981406
0.99999464
0.99941134
1.0
0.99999845
1.0
1.0
0.9989191
0.9999987
1.0
0.89766455
0.9948639
0.9999995
0.9193388
1.0
0.99999833
0.99998903
0.99905986
0.9880691
0.9999982
0.7172626
1.0
0.99998975
0.99999964
0.9990269
1.0
0.9999795
0.99999726
0.99999607
0.9999999
1.0
0.9999999
0.98548615
1.0
0.999869
0.9999999
0.9999999
0.99999905
0.9999999
1.0
0.9999999
0.99979395
1.0
1.0
0.99999976
1.0
1.0
0.99853206
1.0
0.7820016
1.0
0.9999844
0.9999999
0.9996885
1.0
1.0
0.9997836
0.99999976
1.0
1.0
0.9957338
0.99999905
1.0
0.9999958
0.998481
0.9999869
0.9999999
0.9999546
0.9999281
0.99999726
1.0
0.99859196
1.0
0.99999905
0.9999771
0.99999976
0.9994766
0.9999969
0.99999785
0.999977
0.99999785
0.9999982
0.99993706
0.9999548
0.6936491
0.9999882
1.0
0.99999046
0.98497343
1.0
1.0
0.9861826
0.9994655
0.99999464
1.0
1.0
1.0
0.9999912
0.99999
1.0
1.0
0.99999964
0.9999585
1.0
0.9999999
0.9999975
0.99999964
0.9999268
0.9999999
1.0
0.99999785
0.99999845
1.0
1.0
0.911488
0.99999833
0.99999774
0.9974474
1.0
0.999995
0.9999932
1.0
0.9999994
0.9999925
1.0
0.99999976
1.0
0.9999747
0.59795856
1.0
0.9999981
0.9999995
0.9977781
0.97124434
1.0
1.0
1.0
1.0
0.99999976
0.9999982
0.9999974
1.0
1.0
0.9999466
1.0
0.99998367
0.9999815
1.0
0.999793
1.0
1.0
0.9999999
0.77084506
0.9999244
0.99999964
1.0
0.99900526
0.99999654
1.0
0.9999999
0.99999976
0.9999994
1.0
1.0
0.9999999
1.0
1.0
0.9999994
0.99999845
0.9998828
0.99999964
0.9999933
0.9999963
0.9999808
1.0
0.99254084
0.9999361
0.99999917
0.9999536
1.0
1.0
0.9999994
0.9999999
0.9999999
0.9997768
0.9999939
0.99998415
0.99949884
0.9999994
1.0
0.9999862
0.9999999
0.99999726
1.0
0.999915
0.99999976
1.0
0.9999994
1.0
0.9999994
1.0
1.0
1.0
0.9996444
0.99999917
0.99993205
0.99998474
0.99999976
0.9997942
0.99993694
1.0
0.999995
0.5788589
0.99998784
0.99999917
0.9999733
0.9999999
0.99999976
1.0
0.99998903
0.99999833
0.9999999
0.9999999
0.99999964
1.0
0.99999404
0.9999685
1.0
0.99999976
0.9999995
0.99999833
1.0
0.999998
0.99983275
0.99999964
1.0
0.9974776
0.9998636
0.999966
1.0
1.0
1.0
0.99971884
1.0
0.99681795
0.9999988
0.9999875
0.9999999
0.99998283
0.9999994
0.9999995
0.99999607
0.99974626
0.8784012
0.999998
0.9999994
0.98704684
0.9999796
0.9999987
0.9999969
1.0
1.0
1.0
1.0
0.99987054
0.9999993
1.0
0.9999993
0.9998987
1.0
0.99999976
1.0
0.99962723
0.99999774
0.99973565
1.0
0.9999703
0.99999964
0.9999987
1.0
1.0
0.9999999
0.9999987
1.0
1.0
1.0
1.0
1.0
1.0
0.9999583
0.9999999
0.9999999
1.0
1.0
1.0
1.0
0.7807788
0.9999999
0.9999999
0.99999726
1.0
0.9998621
0.9999778
0.99999964
0.99999654
1.0
0.9999994
0.9999987
0.99999666
1.0
1.0
0.99809724
1.0
0.9999999
0.99999297
0.9999999
1.0
0.99998236
1.0
1.0
0.70168245
0.9961093
1.0
1.0
1.0
0.9999924
0.99999917
0.80738217
0.9995553
0.99283653
1.0
1.0
0.99993277
0.99999964
1.0
1.0
0.99803513
0.99999535
0.99999833
0.99993205
1.0
0.9999987
0.9999968
1.0
0.99999857
1.0
1.0
0.99999547
0.99999976
0.99999905
0.9725815
0.9774137
0.9996594
0.9999994
0.99995565
0.9999995
0.99999666
0.9999999
0.9999994
0.99987483
0.99999976
1.0
1.0
1.0
0.9999913
0.9999906
0.9999993
0.9999974
0.99999833
0.99956185
0.99993634
0.99999857
0.9999999
0.97345555
0.9980039
1.0
0.9999485
1.0
1.0
0.9999993
0.9999994
0.9999999
0.9999999
1.0
0.99999976
0.99999297
0.99999976
0.9907539
1.0
0.99946064
0.9998779
1.0
0.99894303
0.99317425
0.99999976
0.9999788
1.0
0.9999181
1.0
0.9907103
0.99997246
0.9993654
1.0
0.9999862
1.0
1.0
0.99999976
0.9999914
1.0
1.0
0.99999964
0.999984
0.9999999
0.9998777
0.9999994
0.9999993
0.9999995
1.0
1.0
0.99999964
0.9999881
1.0
0.99992526
0.9999461
0.9882537
0.9999994
1.0
0.9999981
0.99996054
0.99999917
0.99999964
0.9999565
0.99999976
1.0
0.999851
0.999998
0.9999993
0.99989915
0.99999154
1.0
0.99999976
1.0
0.99994266
0.9999999
0.99999857
0.9999995
1.0
0.9999858
0.99999905
0.9999962
0.99999964
0.9999988
0.9996326
1.0
0.9999975
0.9996791
0.97281396
0.9999962
0.9999999
0.9999999
0.99999964
0.9999994
1.0
0.9992424
0.99985135
0.99976593
1.0
0.9999995
1.0
0.9555934
1.0
1.0
0.9999778
0.9999999
1.0
1.0
0.99999297
0.99997413
1.0
0.9820632
0.9999546
0.9999982
0.9999995
0.99999833
0.99999976
0.9999981
1.0
1.0
0.9999964
1.0
1.0
0.99472827
1.0
1.0
0.999998
0.99998343
1.0
0.99999356
0.99999535
1.0
1.0
0.9999995
0.99963236
0.9983423
1.0
1.0
0.99999964
0.9999945
0.99896634
1.0
0.9969613
1.0
1.0
0.9999994
0.99999654
0.9999995
1.0
1.0
0.999992
0.9999988
1.0
0.99999976
0.99998033
1.0
1.0
0.9999999
0.9999995
0.99999523
0.9999387
1.0
0.99999595
1.0
1.0
1.0
0.99999976
0.9999969
1.0
0.99999905
0.9999994
0.9999989
1.0
1.0
0.99998486
1.0
1.0
1.0
0.99999917
1.0
0.99993694
0.99999845
1.0
1.0
1.0
0.99997354
1.0
1.0
0.9999995
0.9999995
1.0
0.9998005
1.0
0.999985
1.0
1.0
0.9999217
0.9999993
1.0
0.9999999
1.0
1.0
1.0
0.9999999
1.0
0.9999931
1.0
0.99998856
1.0
0.99999845
0.9999988
1.0
0.9999614
0.9999918
0.9999999
0.9999989
1.0
0.9999888
1.0
0.999984
1.0
1.0
0.99999976
0.9999994
0.9999999
1.0
0.99999654
1.0
0.9999995
0.999998
0.9999962
0.9998976
1.0
0.9999957
1.0
0.99997115
0.9999659
0.99999774
0.9999994
0.9999995
1.0
1.0
0.99999774
1.0
0.99996305
0.9999995
1.0
1.0
1.0
1.0
0.9999676
0.999998
0.99999964
0.99999785
1.0
0.99999976
1.0
1.0
0.99999976
0.99998856
1.0
1.0
0.9999995
1.0
0.99999964
0.9999913
0.999985
0.9999994
1.0
0.9999999
0.9999999
0.99999726
0.905564
0.9999994
1.0
1.0
0.99999976
0.9999994
1.0
1.0
0.9999721
0.99999905
0.9999999
1.0
0.9999999
0.99968827
0.99999774
1.0
0.999998
0.9999975
0.9999995
0.99999976
1.0
0.999995
1.0
1.0
1.0
0.9999999
1.0
0.9999989
0.9999367
0.99999976
1.0
1.0
0.9688215
1.0
1.0
0.99997234
1.0
0.99999905
0.9703739
0.9999999
0.99999964
1.0
1.0
1.0
0.99999964
0.99999917
0.99999917
1.0
0.9999993
0.99981064
0.9999182
1.0
1.0
0.99999857
1.0
0.99999225
0.99998
1.0
1.0
0.9999999
0.9999995
1.0
1.0
0.99999833
1.0
1.0
0.9999924
0.9998628
1.0
1.0
1.0
1.0
0.9757962
0.9999944
0.963561
1.0
0.999962
1.0
0.9999999
1.0
0.9999993
0.9999987
1.0
0.99999607
0.99999917
1.0
0.9999994
0.9999999
1.0
1.0
0.9999958
0.9999982
0.9999987
0.9999831
0.999858
1.0
1.0
1.0
1.0
1.0
0.99998295
0.99086654
0.9999999
1.0
1.0
0.9999999
0.99999845
0.99999857
0.9999995
1.0
1.0
0.99999964
1.0
0.9999976
0.99999976
0.99997365
0.999998
0.9999925
1.0
0.98008865
0.99999857
1.0
1.0
0.99999785
1.0
0.9999981
0.9999995
0.99999976
0.99999654
1.0
0.9999995
0.9999988
1.0
0.9999876
0.9998516
0.9999906
1.0
1.0
0.99078584
1.0
1.0
0.99812573
0.9999893
0.99991417
0.9999989
1.0
1.0
1.0
1.0
1.0
0.99999976
0.9983917
0.99999475
0.9999999
0.9999995
1.0
0.99999404
0.9999901
1.0
1.0
1.0
0.9993017
0.9999999
0.99999976
0.99999285
1.0
1.0
1.0
1.0
1.0
1.0
0.99999905
0.99999917
1.0
0.99999833
1.0
1.0
1.0
0.9999995
1.0
0.99999654
1.0
0.9999999
0.9999999
0.9999908
0.99999976
1.0
0.99999976
0.99999666
0.9999951
0.9999999
0.9999989
0.99999416
0.9999918
0.9999976
0.99999976
0.99999714
0.99999845
1.0
1.0
0.99999845
1.0
0.99999976
1.0
0.7015789
1.0
1.0
1.0
0.9998958
1.0
1.0
1.0
1.0
1.0
0.9999999
0.99999774
0.9999485
0.9999999
0.9999999
1.0
1.0
1.0
1.0
0.99999845
1.0
0.9999999
0.99999964
1.0
0.99999845
1.0
1.0
0.99999964
1.0
0.9999957
0.99999976
1.0
0.99999654
1.0
0.9999999
1.0
1.0
1.0
1.0
0.99999964
0.9999945
0.9999969
0.99999964
1.0
0.99998593
1.0
0.9999989
1.0
0.99999785
0.9999994
1.0
0.9999999
1.0
1.0
1.0
0.9999995
1.0
0.99998724
1.0
1.0
1.0
1.0
1.0
0.9999987
0.999998
1.0
0.9999999
0.99999917
0.99999917
1.0
0.99999607
1.0
0.99999976
0.9999999
0.9999938
0.9999902
0.99998486
1.0
0.99999905
1.0
1.0
1.0
1.0
0.9999995
1.0
0.9989241
0.9999323
1.0
1.0
1.0
0.99996424
1.0
0.9999999
0.999984
1.0
1.0
0.9999995
1.0
0.9999999
1.0
0.99999297
1.0
1.0
0.9999999
0.99999976
1.0
0.9999995
1.0
1.0
1.0
1.0
1.0
0.99999905
1.0
1.0
1.0
0.99999344
1.0
0.9978841
0.99968505
1.0
0.9999999
0.9999989
1.0
1.0
0.9999994
0.9918058
1.0
0.9999932
0.9999932
0.9999995
1.0
1.0
1.0
1.0
0.99999976
1.0
1.0
1.0
0.999997
0.99999917
1.0
1.0
1.0
1.0
1.0
0.999998
1.0
1.0
1.0
0.9999999
1.0
0.9999981
1.0
0.99999976
0.99999976
1.0
1.0
1.0
0.99999917
0.9999989
1.0
1.0
1.0
1.0
0.99999964
1.0
1.0
0.9999826
1.0
1.0
0.99985814
1.0
0.9999995
0.99999666
1.0
0.9999995
0.9999999
1.0
1.0
1.0
0.99999964
0.9999999
0.9999999
1.0
1.0
1.0
1.0
0.9996587
0.9999999
1.0
0.99968064
0.9999963
1.0
0.9999976
0.99994063
0.9999176
1.0
0.99999976
0.999998
1.0
0.99999905
0.9999995
1.0
0.9999999
0.9999423
0.99995434
1.0
0.99997294
0.99999976
0.99999976
1.0
1.0
0.9999999
1.0
0.9999422
0.9999263
0.99999475
0.9999999
1.0
0.9999999
0.9999999
1.0
0.9999964
1.0
0.9999932
1.0
0.99999976
0.99998486
0.9999995
0.99999297
1.0
0.9999999
0.999954
0.99999356
0.9999989
0.9999999
1.0
0.99971026
1.0
1.0
1.0
0.99995375
1.0
0.9999994
1.0
0.9999974
0.9999943
1.0
0.999843
0.9999988
0.9999682
0.9996798
1.0
1.0
0.99991596
0.9999987
0.9999976
1.0
0.99999976
1.0
0.99999905
0.99999833
0.99850035
0.999443
1.0
1.0
1.0
1.0
0.9991447
0.9999925
0.99998903
0.99997306
1.0
0.99999833
1.0
0.99999976
1.0
1.0
0.9999969
1.0
0.9999913
0.9999678
0.9999354
0.9999999
1.0
1.0
1.0
0.99999964
0.9992855
1.0
0.99999595
0.9909711
1.0
1.0
0.99931955
0.99999726
1.0
0.99999964
0.99999034
0.9999932
1.0
1.0
0.50754917
1.0
0.99776995
0.99998474
0.9999782
0.9998448
0.99999905
0.99996924
0.8375268
0.9999417
0.9999999
0.99999976
0.99999976
0.99999094
0.997589
0.9997583
1.0
0.99999905
1.0
0.99999654
0.8649007
0.99958533
1.0
1.0
1.0
1.0
1.0
0.9999862
0.9999994
0.99999523
0.99999976
1.0
0.9999999
0.9999285
1.0
1.0
0.9999993
0.9999999
0.9999988
1.0
0.99999976
0.9999995
0.9999218
0.9972972
0.9999491
1.0
0.99999976
1.0
1.0
0.9999697
1.0
1.0
1.0
1.0
0.9999273
1.0
0.9999999
0.9999995
1.0
1.0
1.0
1.0
1.0
1.0
0.99999964
0.999997
0.999998
0.9999999
1.0
0.9996226
0.99999917
0.99999976
1.0
0.9999999
0.9998393
0.999977
1.0
1.0
1.0
1.0
0.99993014
1.0
1.0
0.9999536
0.99999964
0.99998903
0.9999931
1.0
0.9999999
1.0
1.0
1.0
1.0
0.9999951
0.9999769
1.0
1.0
0.9999826
0.99993634
1.0
0.9190647
0.9992489
0.9129448
0.9999995
0.99999845
1.0
0.99995553
1.0
0.99999845
0.9998332
1.0
0.99899584
0.99999964
1.0
1.0
0.7319606
0.9999999
1.0
0.9997272
0.9999988
0.99999714
1.0
0.99992526
0.9999838
1.0
0.999997
1.0
1.0
0.99999785
1.0
1.0
1.0
1.0
1.0
0.99999166
0.9999976
0.9999851
1.0
0.9999925
0.9999242
0.9999999
1.0
0.99999976
1.0
0.99995863
1.0
1.0
0.9999974
1.0
1.0
0.99998164
1.0
0.9999999
0.99999094
1.0
0.9999999
0.99999475
0.99999964
1.0
1.0
0.9999999
0.9999999
1.0
1.0
1.0
1.0
0.9999964
0.9987972
0.9999993
1.0
1.0
0.9999999
0.99997973
0.9999987
0.9999994
0.99999976
1.0
0.9999995
0.99999774
1.0
0.99999976
1.0
1.0
1.0
0.99999976
1.0
0.9999988
0.9999949
1.0
0.9999831
1.0
1.0
0.99999976
0.9995883
0.9978156
1.0
0.9999994
0.9999999
1.0
1.0
1.0
0.99872655
1.0
0.999997
1.0
0.9999994
1.0
0.9999999
0.99999964
1.0
1.0
0.9999949
1.0
1.0
0.99999845
0.99999976
1.0
0.99999976
1.0
1.0
0.99999785
1.0
0.99999976
1.0
1.0
1.0
1.0
0.99999976
1.0
1.0
1.0
0.99999976
0.99999535
1.0
0.9999994
0.99999976
0.9999987
0.99997914
0.9999999
1.0
1.0
1.0
1.0
0.9802082
0.99999976
0.9999999
1.0
1.0
1.0
1.0
1.0
0.9999993
0.99999964
0.95947474
0.9814879
0.9999999
0.99998045
0.99999535
1.0
0.9999999
0.99999976
0.9999993
0.9999999
0.99999595
1.0
0.9999963
1.0
1.0
0.9999999
0.9999387
1.0
1.0
0.9997452
0.9999988
1.0
1.0
1.0
1.0
0.9999951
1.0
0.9999969
1.0
0.99999917
1.0
0.9999912
0.9999957
1.0
0.99987924
0.9999852
1.0
0.99997866
1.0
0.99983835
1.0
1.0
0.9999995
1.0
1.0
1.0
0.99999666
0.99955326
0.9991341
0.980802
0.9058466
0.9999957
0.9992818
1.0
0.99999964
0.9999932
0.9999726
0.9999844
0.99999917
1.0
1.0
0.9999999
0.9991574
0.9999685
0.9999852
0.99999917
0.9999987
0.9999912
0.99426717
0.99999976
0.9999999
0.9999993
0.9998011
0.99999654
0.99978286
1.0
0.99930334
1.0
0.9999527
0.9999995
0.99999905
0.99999976
1.0
0.9999876
0.99999654
0.99997747
0.9881941
0.9999988
0.9999995
0.99999905
0.99996567
0.999964
1.0
0.99997234
0.9970794
0.9930427
0.9999002
0.9999846
0.9999995
0.99999976
0.9995741
0.99999857
0.99997556
0.99999726
0.9999969
0.99991536
0.99999905
1.0
1.0
0.9999902
0.99259067
0.9999802
0.9999999
0.9998853
0.9999988
0.99996984
0.9999962
0.9990363
0.99997747
0.99849415
0.999908
0.99971455
0.9999683
0.9997271
0.9999912
0.9999987
1.0
0.9999999
0.99999905
1.0
1.0
0.9999999
1.0
0.99999857
1.0
0.9999919
0.99677473
0.9999821
1.0
0.99878806
0.9999994
0.9999875
0.99999917
0.9999999
0.99998724
0.9999988
0.99999964
1.0
0.9973947
1.0
0.99999475
0.9999987
0.9999989
0.9999993
0.99999976
0.9997316
1.0
0.99999094
0.99966383
1.0
0.999997
0.999984
0.99999976
0.9999958
0.9999999
1.0
0.99989736
0.99990714
0.9999976
0.99999774
1.0
0.9999969
0.99990284
0.9999988
1.0
0.9999999
0.9999901
0.9999999
0.9774939
1.0
1.0
1.0
0.99999976
0.99997866
0.9987884
0.9990747
0.9997869
1.0
0.9999924
0.9999995
1.0
1.0
0.99996865
0.99999785
0.99664044
0.9999895
0.99992466
0.99998844
0.9999994
0.9999999
0.9999999
1.0
0.9999994
0.9999999
0.6632085
0.9999999
0.9998561
1.0
1.0
0.9999995
1.0
0.999995
0.9999999
1.0
0.9985128
1.0
0.9999999
1.0
0.99999774
1.0
0.9999988
0.99999356
0.9999956
0.9999621
0.99999416
0.87851155
0.99999976
1.0
0.9999391
0.9999976
1.0
1.0
1.0
1.0
0.9999857
1.0
1.0
0.999966
1.0
0.99993587
1.0
1.0
1.0
1.0
1.0
1.0
1.0
0.9999995
0.9999999
1.0
0.9999999
1.0
1.0
0.9999999
0.9999995
1.0
1.0
1.0
1.0
1.0
0.9999968
1.0
0.99999857
1.0
0.9999949
1.0
1.0
1.0
1.0
1.0
0.96312356
0.99999225
0.99999976
1.0
0.99996245
0.9999999
0.9999994
0.9999994
1.0
0.7235616
1.0
0.99914
1.0
0.9999349
0.9999995
0.9595306
0.83491373
0.9997906
1.0
1.0
0.9999999
0.99999976
0.99999845
0.999997
0.99998486
0.9999975
1.0
1.0
0.9999999
1.0
1.0
0.99999917
1.0
0.9999999
1.0
0.99999964
1.0
1.0
1.0
1.0
1.0
0.9999999
1.0
0.9999994
1.0
0.99999976
1.0
1.0
1.0
1.0
1.0
0.99999976
1.0
0.9999993
1.0
1.0
1.0
0.9999968
1.0
1.0
1.0
1.0
1.0
1.0
0.99999964
0.9999999
0.9999938
0.9999993
1.0
1.0
0.99999964
0.99999964
1.0
0.99999917
0.9999988
0.9999993
0.99999833
0.99999917
0.9999999
1.0
1.0
0.9999999
0.999998
0.9999999
0.99999535
0.9999317
0.9994993
1.0
1.0
1.0
0.9999999
1.0
0.9999994
0.9999933
1.0
1.0
0.99999976
0.99999964
1.0
1.0
1.0
1.0
1.0
1.0
1.0
1.0
1.0
1.0
0.9999999
0.99999917
0.9999995
0.99999976
0.9999994
1.0
1.0
1.0
0.9999982
1.0
1.0
0.9999995
1.0
0.99999833
1.0
1.0
1.0
1.0
1.0
0.9999999
1.0
1.0
0.9999994
0.9999994
1.0
1.0
1.0
0.9999999
0.9999993
1.0
0.9999999
1.0
1.0
0.99999964
1.0
1.0
1.0
0.99999917
0.99999905
1.0
0.9999933
0.99999654
1.0
0.99998605
0.99999964
0.9999901
1.0
1.0
1.0
1.0
1.0
0.99999857
1.0
0.9999995
1.0
0.9999999
1.0
1.0
1.0
1.0
1.0
1.0
1.0
0.99999976
0.9999999
1.0
1.0
1.0
1.0
1.0
0.9999999
1.0
1.0
0.9999999
1.0
1.0
1.0
0.99999976
1.0
0.9999281
1.0
1.0
0.9999995
1.0
1.0
1.0
0.99999845
1.0
0.9999999
1.0
1.0
0.99999464
1.0
1.0
0.99999976
1.0
1.0
1.0
1.0
0.9999999
1.0
0.9999994
1.0
1.0
1.0
1.0
1.0
1.0
1.0
1.0
1.0
0.9999958
1.0
1.0
0.9999999
0.99999976
1.0
1.0
0.9999999
1.0
1.0
1.0
0.9999999
0.99999976
1.0
1.0
0.9999987
0.9999937
0.9979068
1.0
1.0
1.0
1.0
0.9997743
1.0
0.9999678
0.9999968
0.9999974
1.0
1.0
1.0
1.0
0.99999857
0.9999988
0.99996674
0.9998746
0.99919444
1.0
1.0
1.0
1.0
0.99999964
1.0
0.9999882
0.9999999
0.999998
1.0
0.99999726
1.0
0.9999964
0.9999994
0.9964964
1.0
0.9999001
1.0
0.99999905
1.0
1.0
1.0
0.9999889
1.0
0.9999999
1.0
0.9999989
1.0
1.0
0.99994636
1.0
0.99997175
0.99999785
0.99999833
0.9999969
1.0
1.0
0.9999993
1.0
0.9999974
0.99995553
0.99999976
0.99999774
0.99999666
0.999997
1.0
0.9999733
1.0
1.0
0.99999976
1.0
1.0
1.0
1.0
1.0
1.0
0.9999939
1.0
0.9999995
0.9996567
0.99999976
0.9999938
1.0
1.0
1.0
0.99999976
0.9999999
1.0
0.9998783
0.9999982
0.9999981
1.0
0.9999987
1.0
1.0
0.9999633
1.0
1.0
0.99999964
1.0
1.0
1.0
1.0
0.99985456
0.9999969
1.0
1.0
1.0
1.0
1.0
0.9999993
0.99995697
1.0
0.99749726
0.99999356
0.99999976
0.9999982
1.0
1.0
1.0
0.99998844
0.99999976
1.0
0.9999999
1.0
0.99999976
1.0
1.0
0.9999969
0.99999976
1.0
0.9999845
0.9999982
1.0
0.9999999
0.9999989
0.9999995
1.0
1.0
0.99999976
0.9770204
0.9999993
0.99999857
1.0
0.99999976
1.0
0.99847966
0.9999926
0.99999726
1.0
0.99999535
0.9999918
0.9999063
0.9999981
0.99991
1.0
0.9999995
0.9995086
1.0
1.0
0.9999976
0.99998164
0.98426026
0.880097
0.99999106
0.99914086
0.9226601
0.99999905
0.56572455
0.9940632
0.99999964
1.0
0.99999976
0.9997745
0.9999999
0.9999621
0.9988973
0.99907553
0.9999933
0.6757138
0.9983437
0.9999938
0.99948263
0.9999149
0.91158515
0.99986637
0.7404935
0.9999969
0.9999627
0.9999925
1.0
0.9999994
0.99999785
1.0
0.9999951
1.0
0.99998736
0.9999895
0.99993074
0.9999999
0.99719054
1.0
0.9999994
1.0
0.9999783
0.88152003
0.954868
0.9812429
1.0
0.9999989
0.999244
0.9565749
1.0
0.9955433
0.9999956
0.9999995
0.9924057
0.99999535
0.9998505
1.0
1.0
0.99988365
0.999728
0.9997297
1.0
0.9900281
0.99864167
0.99998736
1.0
0.99981016
0.99919945
0.9999764
0.9999635
0.5380573
0.9999995
0.9994647
0.9999958
0.99997604
1.0
0.99894494
0.98622453
0.9999999
0.99999976
0.9999851
0.99994063
0.99998856
1.0
1.0
1.0
0.9999994
0.9999788
0.99999833
0.99999845
0.99997175
1.0
1.0
1.0
1.0
0.99999833
0.96107405
0.9999976
1.0
1.0
1.0
0.9999398
1.0
0.9999989
1.0
1.0
0.99996984
0.99999905
1.0
1.0
1.0
0.9999994
0.99999964
0.99999964
0.9999999
0.99999976
0.9999994
0.99999464
0.9999994
0.9999995
0.9999995
1.0
0.9999993
0.99999905
1.0
0.9999962
0.99999905
1.0
0.99999976
1.0
1.0
1.0
1.0
0.9998715
1.0
1.0
0.9997979
0.9999734
1.0
0.99998295
0.9999871
1.0
1.0
1.0
1.0
0.9999937
0.9999999
1.0
1.0
1.0
1.0
0.9999902
0.9999994
0.999998
0.9999994
0.9999852
1.0
0.9999993
1.0
1.0
0.9999999
1.0
0.9999988
0.99999726
1.0
0.9999925
0.99964726
0.99999404
0.9999995
0.9999964
0.9999957
0.9999995
1.0
1.0
0.99999964
0.9999994
0.99999917
0.99997973
0.99999785
0.9999999
1.0
1.0
0.9999982
1.0
1.0
0.9940653
0.99993455
1.0
0.99993443
0.9975314
0.999894
1.0
0.99933225
0.99999976
0.9999925
0.9999993
0.9999869
1.0
0.99999666
0.99999917
0.9982967
0.9998971
1.0
0.99999523
0.9999769
0.9999981
1.0
0.99994636
0.9999999
0.99998057
0.99999976
0.9999995
1.0
0.99999774
0.99896264
1.0
0.9999994
1.0
0.9999999
1.0
1.0
1.0
1.0
0.999998
0.9999974
0.99999785
1.0
0.9999832
0.60107577
0.99997604
0.9999995
1.0
0.9999782
1.0
0.9999999
1.0
0.9999671
1.0
0.99996674
1.0
0.9999994
0.99941564
1.0
0.9999999
1.0
0.99999917
0.9999999
1.0
1.0
1.0
0.99999905
0.9999553
0.9951944
0.9999988
0.9999994
1.0
0.9999783
1.0
0.9999745
1.0
1.0
1.0
0.99928445
0.9999734
1.0
1.0
1.0
1.0
1.0
1.0
0.9999995
1.0
0.9999708
1.0
0.99999976
1.0
0.9999999
1.0
0.9999995
0.99999917
0.9999975
0.9999999
0.99999976
1.0
0.9999753
1.0
0.99997306
1.0
1.0
0.9999994
0.99999964
1.0
0.9748811
0.9999999
1.0
1.0
1.0
0.9999529
1.0
1.0
0.9999999
1.0
0.9999994
0.9999995
1.0
1.0
1.0
1.0
1.0
0.99999976
1.0
1.0
1.0
0.9999999
1.0
0.9999994
1.0
0.9999993
1.0
1.0
1.0
1.0
0.9999999
0.99999106
1.0
0.99999976
1.0
1.0
0.9992982
1.0
0.999967
0.9999821
0.9999999
0.99999845
1.0
1.0
0.9999999
0.99999964
0.9999999
0.9999832
0.98560137
1.0
0.9999956
1.0
0.9999753
1.0
1.0
0.9999995
0.99999154
1.0
0.9999994
0.9998865
1.0
1.0
0.9999982
0.9999112
1.0
0.99998665
1.0
0.9999244
1.0
0.9999944
0.9999999
1.0
0.99991536
0.99999964
0.99999964
0.9999999
0.9999995
1.0
0.99999523
0.99999714
0.99999774
1.0
0.9999944
1.0
1.0
1.0
1.0
1.0
1.0
0.9999974
0.9999989
0.99999905
0.9999999
0.99999404
1.0
1.0
0.9999982
0.9999957
0.99987686
0.9999969
1.0
0.99999976
1.0
0.9999999
1.0
1.0
1.0
0.9967577
1.0
0.99999976
1.0
1.0
0.9999958
0.99999964
0.9999993
0.9997298
0.99999297
1.0
1.0
1.0
0.9999143
0.99999535
1.0
0.9999999
0.9998312
1.0
1.0
0.99999976
0.99999976
0.9999999
1.0
0.9999999
0.9999976
0.9999223
0.9999994
1.0
0.99999547
0.99999905
1.0
0.9999949
1.0
0.9999999
1.0
1.0
0.9999999
1.0
1.0
1.0
1.0
0.9999975
0.99999714
0.9999306
0.9999974
0.9999989
1.0
0.99999917
1.0
1.0
0.9999993
1.0
1.0
0.99999857
0.9999995
1.0
1.0
1.0
1.0
0.99999905
1.0
1.0
1.0
1.0
0.9999993
1.0
0.9999565
1.0
0.99999106
1.0
0.99998724
1.0
1.0
0.99998975
1.0
0.9999579
0.99995077
0.99998903
0.99999857
1.0
0.99999976
1.0
0.999998
1.0
1.0
1.0
0.99999976
1.0
0.99998903
0.99998415
0.99999964
1.0
0.99999905
1.0
0.9976412
0.99999964
1.0
0.9999999
0.9999887
0.99671054
1.0
1.0
1.0
0.99999976
1.0
1.0
0.999984
0.99999964
0.99999845
0.99996066
1.0
1.0
1.0
0.9999987
0.99999833
1.0
0.9999974
0.99999666
0.99999976
0.9999999
1.0
1.0
1.0
1.0
0.9999887
1.0
0.99995065
0.9999999
1.0
0.9999865
1.0
0.9999994
0.99999845
0.9999999
0.99935
1.0
0.99999917
1.0
0.9999609
0.9998832
0.9994429
1.0
1.0
0.9999404
0.99999857
0.9999863
1.0
1.0
1.0
1.0
1.0
0.9999603
0.99958926
0.99999976
1.0
1.0
0.99999917
0.9999993
1.0
1.0
0.99996626
1.0
1.0
0.99995816
1.0
1.0
0.9889103
1.0
0.99999905
0.9999995
1.0
1.0
1.0
0.9999763
0.9999975
1.0
1.0
0.99572456
0.9999995
1.0
0.9999827
0.9999949
1.0
0.9999987
0.9999994
1.0
1.0
1.0
1.0
1.0
1.0
1.0
1.0
0.99978095
0.99999774
0.9999995
0.99999785
1.0
1.0
0.9951368
1.0
0.99998856
1.0
0.9999994
1.0
1.0
0.99999964
0.99999213
1.0
1.0
0.9999994
0.9999999
0.9999999
0.99999845
1.0
1.0
0.99999917
0.99999976
0.99999833
0.99998844
1.0
1.0
1.0
1.0
0.99994516
1.0
1.0
0.99999845
1.0
1.0
1.0
1.0
1.0
1.0
1.0
1.0
0.99999356
0.9999999
1.0
1.0
1.0
0.99999917
1.0
0.99275887
0.99999976
0.99999976
1.0
1.0
1.0
0.9999076
0.99999976
1.0
1.0
0.99992275
0.99999833
0.99979335
1.0
0.99994814
1.0
1.0
1.0
0.77173865
0.99998045
1.0
0.9999963
0.99994826
0.9999987
1.0
0.99998677
0.9999975
0.99999714
0.99999774
0.99999857
0.99999595
0.9999943
0.9999993
0.9999856
0.999995
0.9999138
1.0
0.9995938
0.99999964
1.0
0.9999995
1.0
0.9999919
1.0
0.9999988
0.99999964
1.0
0.9999987
0.9999995
0.9999664
0.9999999
0.9999597
1.0
1.0
1.0
0.9999968
1.0
0.9999801
0.9999993
1.0
0.99998176
0.99999416
0.9999883
0.9999987
0.99999034
0.9999987
1.0
0.99999607
0.99999976
0.9998179
0.9992872
0.9999999
0.9999999
0.9999138
0.9999995
1.0
1.0
1.0
0.9999963
1.0
0.99958247
0.99999523
1.0
0.99999976
1.0
1.0
1.0
1.0
0.9999999
0.99999714
0.9999738
0.99999976
0.9999995
0.99911326
1.0
1.0
0.9999987
1.0
0.99999666
0.9999995
0.9999902
0.9999989
0.99999726
1.0
1.0
0.9999999
0.9999994
0.9999999
1.0
0.9999902
0.9999999
0.9996923
0.9999995
1.0
1.0
1.0
1.0
1.0
1.0
0.99999917
0.99999726
0.9999994
0.9999554
0.9999999
0.99999976
1.0
1.0
0.999998
1.0
0.9999956
0.99999607
1.0
1.0
1.0
0.99999976
1.0
0.9998704
0.99999726
0.99999905
0.99997795
0.99999833
0.99999976
0.99999976
0.9999999
1.0
0.9999994
0.99999654
0.9999974
1.0
0.99999833
0.99999917
0.9979785
1.0
0.9999999
0.99999976
0.9999989
0.99980253
1.0
0.99996316
0.9999995
1.0
0.9999993
0.99999964
1.0
1.0
0.9999995
0.9999964
1.0
0.9999999
1.0
0.9999999
1.0
0.9999807
0.99999917
1.0
0.99998546
1.0
0.9999652
1.0
0.99999285
1.0
0.999998
0.9999858
0.9999999
0.9999944
1.0
0.99826884
0.9999989
0.99998784
0.9999968
1.0
0.9999993
0.99996126
1.0
0.9999893
1.0
0.99999964
0.9999993
1.0
1.0
1.0
0.9999957
0.99999547
0.9999999
0.99999964
0.99997115
0.99998236
0.99997854
1.0
1.0
0.99999607
1.0
0.9999976
0.99999976
1.0
0.99654645
1.0
0.9999993
0.99999154
0.9999999
0.9999995
0.9999974
0.9999988
0.9999999
0.99999774
0.99999046
0.99999905
0.99999964
0.9999956
0.99999285
1.0
1.0
0.9999999
0.999997
0.99902344
0.9999974
0.9637774
1.0
1.0
0.9999994
0.99999845
0.9999844
0.99999917
0.9999436
0.9999995
0.9999976
1.0
0.9999949
0.9999993
0.9999716
1.0
0.9999999
0.9999988
0.99989367
1.0
0.99999964
1.0
0.9999975
0.999997
0.9998286
0.9999999
0.999997
0.99999964
0.9999896
0.99999964
0.9999919
0.9999999
0.99998677
0.99999917
1.0
0.9999912
1.0
1.0
0.99999917
0.9961946
0.9999751
1.0
1.0
0.9999908
0.9998481
1.0
1.0
0.9999999
1.0
0.9999902
0.9997278
1.0
0.99999976
0.9999982
0.99999666
1.0
0.99999976
0.9999958
0.9999572
0.99994135
0.9999981
0.9999995
1.0
0.999992
0.9999994
0.9970505
0.9999999
1.0
1.0
0.9999995
0.9997398
0.99999976
0.9999312
0.9999988
0.99999356
1.0
1.0
1.0
0.9999709
1.0
0.99999976
0.999987
0.99999976
0.99999976
0.99999344
1.0
1.0
1.0
1.0
0.99999917
0.9999908
0.9999927
0.9999987
0.9999995
0.9999937
1.0
1.0
0.9999975
1.0
1.0
0.9999999
0.99999774
0.9999989
0.9999931
1.0
0.99999
0.9999106
1.0
1.0
1.0
1.0
0.999998
0.9999852
1.0
1.0
1.0
1.0
0.9999994
1.0
0.9999968
0.9999999
1.0
0.9999596
0.9999931
0.99999976
0.9999751
1.0
0.9999999
0.99999976
0.9999994
0.9999993
1.0
0.9998354
0.99999225
0.99999845
1.0
0.99995506
1.0
0.9999993
0.99999976
0.9999902
0.99510175
1.0
1.0
1.0
1.0
0.9999993
0.9993167
0.99999905
0.99999833
1.0
0.99999905
1.0
0.99992585
0.9999999
0.99999976
1.0
1.0
0.9999963
0.9999678
0.99999976
0.9999964
1.0
1.0
1.0
1.0
0.9999957
0.9999995
0.9999999
1.0
0.9999999
1.0
0.99998355
0.9998222
1.0
0.99999726
1.0
0.99999714
1.0
1.0
0.9999999
1.0
1.0
0.99999106
1.0
0.9999999
0.99824226
0.9999999
1.0
1.0
1.0
1.0
0.99999964
0.9999999
0.99992406
1.0
1.0
1.0
0.9999975
1.0
1.0
0.9999975
1.0
0.99999964
0.9999865
0.9997323
0.99999774
0.99996626
0.9999902
1.0
1.0
0.99999774
0.9999999
0.9999994
1.0
1.0
0.99999976
0.9999999
0.99993515
0.99999964
0.9999981
1.0
1.0
0.9999808
0.9999999
0.9999999
1.0
1.0
0.9999993
1.0
1.0
1.0
0.99999976
1.0
1.0
0.99999976
0.9999995
1.0
0.9999237
0.99999785
0.99999976
1.0
0.9999994
1.0
1.0
0.9999999
0.9999976
0.9999995
1.0
1.0
0.99998534
1.0
1.0
0.99999964
0.99999976
0.9999999
0.9999963
0.9999999
0.9999994
0.9999559
0.9999995
0.9999989
1.0
1.0
0.99987566
0.9999995
1.0
0.99999964
1.0
0.9999889
1.0
1.0
1.0
1.0
0.99999833
0.99999046
1.0
1.0
0.9999995
0.9999999
0.99999976
1.0
1.0
1.0
0.99999976
1.0
1.0
0.9967687
1.0
0.9999999
1.0
0.9999838
1.0
1.0
0.9999999
0.9997652
0.9999176
1.0
0.99999285
0.999746
0.99999547
0.9998331
0.99714214
0.99231213
1.0
0.9999491
0.99999845
1.0
1.0
1.0
0.9999342
0.9999914
1.0
0.99990594
0.99999547
0.9999975
0.9999963
1.0
1.0
1.0
1.0
0.9999982
0.9999993
0.99999523
0.9999933
1.0
1.0
0.99999785
1.0
1.0
1.0
0.9999999
1.0
0.99999845
1.0
0.99999964
0.9999927
1.0
1.0
1.0
0.9999982
1.0
1.0
1.0
0.9999999
1.0
0.9999963
1.0
0.9999895
0.99999845
0.9999074
0.9999856
0.99999976
0.9999689
1.0
1.0
0.999998
0.9999088
0.99999535
1.0
0.9999999
0.99999964
0.9999813
0.9999945
0.9997149
1.0
0.9999682
0.99997115
0.99996924
0.99978584
0.9999999
1.0
1.0
0.99997413
0.99999857
1.0
0.9999999
0.9999981
0.9999372
0.99991906
0.9985757
1.0
0.999992
1.0
0.99999654
1.0
1.0
0.99997175
0.99991155
0.9999838
0.9999503
0.99999917
0.9999931
0.9999981
0.99999976
0.9999778
1.0
0.99998474
1.0
0.99999857
1.0
0.99999976
1.0
1.0
0.9999722
1.0
0.99274254
0.9999993
0.99985063
0.99889576
0.9999994
0.9999455
0.9798797
1.0
0.99689794
1.0
0.7348581
0.9998437
0.9975885
0.9999808
0.96136
0.9999995
0.9999994
0.9960813
0.9999982
0.99999917
0.99999917
0.99529994
0.9999944
0.999992
0.999997
0.9999981
0.9999864
0.99999917
1.0
0.99999166
0.9999795
1.0
1.0
1.0
0.9999999
0.99998355
0.9999987
0.9999999
0.99998116
1.0
1.0
0.9999989
0.9999987
0.99999964
1.0
1.0
1.0
0.99999225
0.99992466
1.0
0.99999356
0.9999989
0.999992
0.9999995
0.99999976
0.9999989
0.9999999
0.9999435
0.9999987
0.9998511
0.9962166
0.99986064
1.0
0.9954855
0.99917537
0.99999976
0.9999999
0.99999857
0.999964
0.9999981
0.999997
0.99999976
0.99997604
0.9999331
1.0
0.9999659
0.9984842
0.9993426
0.99999666
0.9999777
0.99999857
0.99987173
0.999894
0.99999976
0.9999994
0.99998164
0.98009175
1.0
0.9982755
0.9854102
0.9999957
1.0
0.99999917
1.0
1.0
0.99990296
0.9999999
0.9999994
1.0
1.0
1.0
0.9999995
1.0
0.99999833
0.9999995
0.99999976
0.9999988
0.9999999
1.0
1.0
1.0
0.9999995
0.99999976
0.9994609
1.0
0.99998975
1.0
1.0
1.0
1.0
1.0
0.9999995
1.0
0.99998975
1.0
0.9998086
1.0
0.9999994
1.0
1.0
0.99997485
1.0
0.99593806
1.0
0.99999976
1.0
1.0
1.0
0.9999999
0.9999758
1.0
0.99999785
1.0
0.9999999
1.0
1.0
0.9995166
0.9999839
0.9999999
1.0
0.9999995
0.99926776
0.99590564
0.9999999
1.0
0.9999995
1.0
1.0
1.0
0.99999774
0.9999858
0.99999535
0.9999993
0.99999917
0.9999759
0.999995
0.9999994
0.99999917
1.0
0.9999745
1.0
1.0
1.0
0.9999995
1.0
1.0
1.0
0.9998265
0.9999981
1.0
0.99999523
0.995146
0.9999993
0.999969
0.9999995
1.0
1.0
1.0
1.0
0.999908
0.9999995
0.9999325
0.9999994
1.0
1.0
1.0
1.0
1.0
1.0
1.0
0.99999976
1.0
1.0
1.0
0.9999927
0.99992275
0.99999094
1.0
0.9999877
1.0
1.0
1.0
1.0
0.999997
0.99999714
1.0
0.99998796
1.0
1.0
0.9999993
0.79869497
1.0
0.99084866
0.99999654
0.9994956
0.9996722
0.99924076
0.99991024
1.0
0.9999982
0.98658967
1.0
0.99887365
1.0
0.9999994
0.99999547
0.9996339
0.9999958
0.999992
0.9996263
0.9986211
1.0
0.999954
1.0
1.0
0.9993518
1.0
0.9999914
1.0
0.99999523
1.0
0.9999999
0.9997352
0.98864824
0.9850347
0.47880664
0.9935721
0.9999999
0.99991596
0.99999964
0.9999988
0.9999994
0.99981743
0.99609995
0.9998921
0.98240256
0.99564135
0.99946076
0.9990103
0.99999976
0.99986637
0.998792
1.0
0.99990654
0.9999964
0.99999475
0.99794227
0.9999999
1.0
0.9999988
1.0
1.0
1.0
1.0
0.99999964
0.99999964
1.0
0.9998481
1.0
0.97237873
1.0
1.0
1.0
1.0
1.0
0.9999999
1.0
0.9999902
0.9999999
0.99999964
0.99999845
1.0
1.0
1.0
0.9999031
0.99999285
1.0
0.9999989
1.0
1.0
1.0
0.9999815
0.99990404
1.0
0.99999595
1.0
1.0
0.99999964
1.0
1.0
0.99999833
1.0
1.0
1.0
1.0
0.99999344
0.99999905
0.9999994
1.0
0.9999995
1.0
1.0
0.99999833
0.9999982
1.0
1.0
1.0
1.0
1.0
1.0
1.0
1.0
0.99918467
0.9985858
0.9999949
0.9999975
0.9999994
1.0
0.99999785
1.0
1.0
1.0
0.9999999
1.0
1.0
0.99999404
0.9999999
0.9994448
0.9999987
0.9999999
0.9999999
1.0
1.0
0.999998
0.99997485
1.0
1.0
1.0
0.99999976
0.99999964
1.0
0.9999869
1.0
0.99999964
0.9999927
1.0
1.0
1.0
0.99992275
0.9999863
0.9999999
1.0
1.0
1.0
1.0
1.0
0.99999976
1.0
0.9999882
0.99999535
0.999997
0.9999993
0.9999964
1.0
0.9999995
0.99999976
1.0
0.9999999
1.0
1.0
0.99999964
0.9999999
1.0
1.0
0.9762379
0.9997961
0.9999615
0.75972366
1.0
0.9999999
1.0
0.99998987
0.99999976
0.99999213
0.99999964
0.9999423
0.9999981
0.99975127
0.9999995
1.0
0.99987483
0.9999988
0.9999995
0.99999845
1.0
1.0
0.9999833
1.0
0.9999963
0.9999958
1.0
1.0
1.0
0.999997
0.9764583
0.99989855
0.99999964
1.0
0.9942306
0.9998241
0.9999988
1.0
0.9999552
0.99999344
0.9999982
0.9999994
0.9999987
0.99998045
0.99283737
0.999972
0.9999982
1.0
0.9999999
0.999998
1.0
1.0
0.99971586
0.9999999
1.0
0.9999963
0.999995
1.0
1.0
1.0
0.9999944
0.99999964
0.9999937
0.9999988
1.0
0.9999907
1.0
0.9999893
0.8412066
1.0
0.9999943
1.0
0.99938667
0.95367825
1.0
0.9999999
0.99998283
0.99893636
0.99998105
0.9997813
0.9999386
0.99998283
0.63843286
0.65173066
0.9999999
1.0
1.0
0.9999999
1.0
0.99591017
0.9999968
0.9995407
0.9999975
0.9999974
1.0
1.0
0.9999665
0.9999994
1.0
0.9999999
0.99999917
0.9999993
1.0
1.0
1.0
1.0
0.99993503
0.9999993
0.9999982
0.99999154
0.9999999
0.9999975
1.0
0.9999969
0.9999999
0.99985397
0.99999976
0.99995327
1.0
0.99999845
1.0
0.9999999
1.0
1.0
0.9999994
0.9999999
1.0
1.0
0.9999995
0.99996626
0.9999989
0.9999291
0.9995974
0.9989153
0.9999912
0.99999774
1.0
1.0
0.99999964
0.9807828
0.9999292
1.0
1.0
1.0
0.99999547
0.99999666
0.99998
0.99999785
0.9999927
1.0
0.99999976
1.0
1.0
0.9999949
0.99999845
0.99999833
1.0
1.0
0.99999976
1.0
1.0
0.999998
1.0
0.9717648
1.0
0.57868457
1.0
0.9999865
1.0
1.0
1.0
0.99999857
1.0
1.0
1.0
0.999997
1.0
0.9999993
0.99999976
0.99998534
0.9999919
1.0
0.9999896
0.99877983
0.9999988
0.9999994
1.0
1.0
0.9997383
0.9999982
0.9999999
1.0
1.0
0.9999968
1.0
1.0
0.9999863
1.0
0.99999416
0.9999999
1.0
1.0
1.0
1.0
1.0
1.0
0.9999963
1.0
1.0
1.0
1.0
1.0
1.0
0.99999964
0.99999905
1.0
0.9990735
1.0
1.0
1.0
1.0
1.0
0.99999595
1.0
0.9999993
1.0
0.99994576
1.0
1.0
0.9999963
1.0
0.9999999
0.9999964
0.99999833
1.0
0.9999999
0.9999999
0.99999785
0.9999999
0.9999999
1.0
1.0
0.9999989
0.99993026
1.0
0.99999774
0.999998
0.9999516
0.99996936
0.9999976
0.9999974
0.9999994
0.9965559
0.99998975
0.99990654
0.9999924
1.0
1.0
0.99999857
0.9998412
0.99995756
0.9999778
1.0
0.9999509
1.0
0.99974936
0.9547936
0.9998752
0.99999905
0.9999995
0.999985
1.0
0.999987
1.0
1.0
0.99999964
0.99951303
0.96146655
0.99993813
0.9999541
0.9994092
0.99999845
0.9998105
0.9999981
0.6954536
1.0
0.99999154
0.9999887
0.99999964
0.99999905
1.0
0.9999844
1.0
0.99995327
0.9999981
0.99998665
0.99999976
0.99997187
0.9999708
0.9999994
0.99998105
1.0
0.99991846
0.99999964
1.0
1.0
0.99999714
0.99999857
1.0
1.0
1.0
1.0
0.9999995
1.0
0.9999987
0.99999905
0.99999976
1.0
1.0
1.0
1.0
1.0
0.99999976
1.0
1.0
1.0
1.0
1.0
1.0
1.0
1.0
1.0
0.9999999
0.99999976
1.0
1.0
1.0
0.9999999
1.0
1.0
1.0
0.9997851
1.0
1.0
1.0
0.99999976
1.0
0.9999901
0.9999999
1.0
0.9999138
0.9999999
1.0
0.99999976
1.0
0.9999999
1.0
0.99999976
1.0
0.9999988
1.0
1.0
1.0
0.9999999
0.9999958
0.9999999
1.0
1.0
1.0
1.0
1.0
0.9999999
0.9999958
1.0
0.999997
1.0
1.0
1.0
0.9999999
1.0
0.9999509
1.0
1.0
1.0
1.0
0.99999845
1.0
1.0
0.99999917
1.0
1.0
0.9999994
1.0
1.0
0.99986804
0.9999993
1.0
0.99999976
1.0
1.0
1.0
1.0
1.0
1.0
0.99999905
1.0
1.0
0.9999995
0.9999999
1.0
0.9999943
1.0
1.0
0.99999976
1.0
0.9999999
1.0
1.0
1.0
1.0
1.0
1.0
0.9999994
0.9999994
1.0
1.0
1.0
0.99999964
1.0
0.99999976
0.9999999
1.0
1.0
1.0
0.9999999
0.9999994
0.99999976
0.99981016
0.99999297
0.99999857
1.0
1.0
1.0
0.9999999
1.0
0.99999976
1.0
0.99998856
0.9999995
0.99999976
1.0
1.0
1.0
1.0
1.0
0.99999976
1.0
0.99982685
1.0
1.0
1.0
1.0
0.9999801
1.0
1.0
0.99999976
1.0
1.0
1.0
1.0
0.9999962
0.9999999
0.99998355
1.0
0.9999957
0.9999995
1.0
0.9999995
1.0
1.0
1.0
0.99999917
1.0
1.0
0.99999857
1.0
0.99999726
0.99999785
0.99999976
0.9999999
0.99999917
1.0
0.9999994
0.99998593
1.0
0.99956137
1.0
1.0
1.0
0.99992776
1.0
1.0
0.99999905
1.0
1.0
0.9999943
0.99999905
0.9999994
1.0
0.99999976
1.0
1.0
1.0
1.0
1.0
0.99999726
0.99999964
1.0
1.0
1.0
0.9999994
0.99999964
0.99998343
1.0
0.99999976
0.9999999
0.9999993
1.0
1.0
0.99999964
1.0
1.0
0.9999999
0.9999924
1.0
1.0
0.9999999
1.0
0.9999467
0.9999968
1.0
1.0
0.9999999
0.9999981
0.9999999
0.999997
1.0
1.0
0.99999976
1.0
1.0
1.0
0.99999714
0.9999995
1.0
1.0
0.9999994
1.0
1.0
1.0
1.0
1.0
0.9999999
0.99999917
0.99999523
0.99999917
0.99999964
1.0
1.0
1.0
1.0
1.0
0.99999976
0.9999994
1.0
1.0
0.99999833
1.0
1.0
1.0
1.0
1.0
0.9999999
0.9999999
0.99999857
1.0
0.99999607
1.0
1.0
1.0
0.999997
1.0
1.0
1.0
0.99999976
1.0
0.99999356
1.0
0.9999999
1.0
0.99999964
1.0
0.9999994
0.9999138
0.9999995
0.99999213
0.99999905
0.9999999
0.9999988
1.0
1.0
1.0
1.0
1.0
1.0
1.0
0.9999943
1.0
1.0
0.99999964
1.0
1.0
0.99999785
0.9999999
1.0
0.9999987
1.0
1.0
0.9999999
1.0
0.9999993
1.0
0.9999999
1.0
1.0
1.0
1.0
1.0
0.99999917
0.9969964
1.0
1.0
0.9999999
0.99999976
0.9999943
1.0
0.9999254
1.0
0.9999999
0.9999987
1.0
1.0
0.9999982
0.99999964
0.999998
1.0
0.9999974
0.99999475
1.0
1.0
1.0
0.9999989
0.99999547
0.9999113
1.0
1.0
1.0
1.0
1.0
0.9999993
0.9998254
0.99999976
1.0
1.0
1.0
1.0
1.0
0.9999989
0.99999976
0.9999999
0.9999999
1.0
1.0
1.0
1.0
1.0
0.9999999
0.99999845
0.99999666
1.0
0.9999958
1.0
1.0
1.0
1.0
0.99999976
1.0
1.0
1.0
0.9999609
1.0
0.99999917
1.0
1.0
1.0
1.0
0.99999976
1.0
0.9999995
0.9997116
0.9999993
1.0
0.9999938
0.99999213
0.9999999
1.0
1.0
1.0
1.0
0.99999666
0.9999305
1.0
1.0
1.0
0.99999964
1.0
1.0
1.0
0.99999905
1.0
1.0
1.0
1.0
0.9999995
0.99999726
0.9999989
0.9999974
0.99999046
0.9999994
1.0
0.99999964
0.9999993
1.0
0.9999995
1.0
0.99999905
1.0
1.0
1.0
1.0
1.0
0.9999976
0.9999982
1.0
0.9999999
0.9999789
0.9999999
1.0
1.0
0.99999976
0.9999989
0.99999917
0.9999914
0.99999964
1.0
1.0
0.9742371
0.99999595
1.0
0.9996151
1.0
0.9999529
0.9283837
0.9998853
0.99998224
0.9999994
0.7959878
1.0
0.99999976
1.0
0.99999917
0.98415136
0.99952304
0.99998486
1.0
0.99997926
1.0
0.99999833
0.9999994
0.99999833
1.0
1.0
1.0
0.99991345
0.999998
0.9999943
0.9999746
0.9999999
1.0
1.0
0.99999905
0.99990904
0.9999987
0.99999964
1.0
1.0
0.9999963
0.9999784
0.9999604
0.99999833
1.0
0.99999845
1.0
1.0
0.99990034
0.99999166
1.0
1.0
0.99992967
0.9999883
0.999998
1.0
1.0
1.0
1.0
0.9999945
0.99058175
0.9999999
0.7021144
0.9999883
0.99999976
1.0
1.0
1.0
1.0
1.0
0.99995506
1.0
0.999985
0.99999976
1.0
0.9999976
1.0
1.0
1.0
0.99999976
0.99999297
0.9999999
1.0
0.99999726
0.99995315
0.9999317
1.0
1.0
1.0
1.0
1.0
1.0
1.0
1.0
0.99999976
1.0
0.9999988
1.0
1.0
1.0
1.0
0.9850937
1.0
0.9993248
0.99999917
1.0
1.0
1.0
0.99999976
0.9999993
1.0
1.0
0.99999976
1.0
0.9999877
1.0
1.0
1.0
0.99999774
0.99999976
0.99999976
0.9999995
1.0
1.0
1.0
0.9999995
1.0
0.9999999
1.0
1.0
0.9999999
0.9999988
0.99992144
0.99999654
1.0
0.99994814
1.0
0.99999917
0.99999964
1.0
1.0
0.9999993
0.9999999
1.0
0.9999894
1.0
0.9999763
1.0
1.0
0.99943227
1.0
1.0
0.9999993
0.99999833
0.9999994
1.0
0.99999297
1.0
1.0
0.9999976
0.9999995
0.99983335
0.99999964
0.99999964
1.0
1.0
1.0
1.0
1.0
1.0
1.0
0.99999785
1.0
1.0
1.0
1.0
1.0
1.0
1.0
0.99998236
1.0
0.99999976
1.0
1.0
1.0
1.0
1.0
1.0
1.0
0.9999999
0.9999999
0.99999654
1.0
1.0
1.0
1.0
1.0
0.99999905
1.0
0.9999993
0.99999964
0.99999976
0.9999994
0.9999987
1.0
0.99992514
0.9999999
0.9999887
1.0
0.9999684
1.0
0.9999999
0.99999785
0.9999974
0.99999857
1.0
0.99998
1.0
1.0
1.0
1.0
1.0
1.0
1.0
0.99998736
1.0
1.0
0.9999982
1.0
1.0
1.0
1.0
0.99999833
1.0
1.0
0.9999938
0.9997819
1.0
1.0
0.99999833
0.99999726
0.9999993
1.0
0.99904794
0.9999993
0.9999993
0.9999951
1.0
0.9999999
0.99999833
0.9999981
0.9999999
1.0
0.9999999
1.0
1.0
0.99999976
1.0
1.0
0.9999999
1.0
1.0
1.0
0.999982
1.0
0.9999995
1.0
1.0
1.0
1.0
1.0
0.98303753
1.0
1.0
1.0
1.0
1.0
1.0
1.0
0.9999999
1.0
1.0
0.9999999
0.9999999
0.9999988
1.0
0.9999989
0.9999933
0.9999999
1.0
0.9999993
1.0
1.0
1.0
0.99999845
1.0
1.0
1.0
1.0
1.0
0.99999964
1.0
1.0
1.0
1.0
1.0
1.0
0.999974
1.0
1.0
0.9999995
1.0
1.0
1.0
1.0
0.99999976
0.9999999
1.0
1.0
1.0
1.0
1.0
0.99999976
1.0
1.0
1.0
1.0
1.0
1.0
1.0
0.9999995
1.0
1.0
0.9998902
1.0
1.0
1.0
0.9999751
1.0
1.0
1.0
1.0
1.0
1.0
1.0
1.0
1.0
1.0
0.9999969
1.0
1.0
0.9999999
1.0
0.9999999
1.0
1.0
1.0
0.9999999
1.0
0.99999964
0.9999999
1.0
1.0
0.9999999
1.0
0.9999999
0.9999063
0.99999964
0.9999912
1.0
1.0
1.0
0.9999958
0.99707246
1.0
0.9999999
0.99998856
0.9999995
0.9999982
0.9999392
1.0
1.0
0.99999964
0.9999907
0.9999932
1.0
0.99999976
1.0
0.999998
0.99999654
1.0
0.99999917
0.9999999
0.9999989
1.0
0.99999976
1.0
0.99999595
0.99999475
0.999998
1.0
0.9999999
0.99991953
0.9999999
0.99989057
1.0
1.0
0.9999987
1.0
1.0
0.99999976
1.0
0.99998105
0.99961793
0.99990165
1.0
0.99781764
0.99995804
0.9999999
1.0
1.0
1.0
1.0
1.0
0.99999976
0.99999845
0.9999994
0.9999653
0.9999988
1.0
1.0
0.9999999
0.9999999
0.9999999
0.9999999
1.0
1.0
0.9999968
0.9999999
0.9999995
1.0
1.0
0.9999999
1.0
1.0
0.99999905
0.99999976
0.9999895
0.99999964
0.99999785
1.0
1.0
1.0
1.0
0.99998915
0.9999982
1.0
0.99997115
0.99999785
1.0
0.9999999
1.0
0.9999999
0.99999607
0.9999988
1.0
1.0
1.0
0.99999976
0.99999976
1.0
1.0
1.0
0.9999999
0.9999974
1.0
0.9999939
0.9999988
0.9999999
0.99999607
1.0
0.99999094
0.9999858
0.99997485
1.0
0.99997485
0.9998154
1.0
0.99990726
1.0
0.9999994
0.9997229
0.9999999
0.9999877
1.0
1.0
0.92895955
1.0
0.9999968
0.9998708
0.99999833
0.999998
1.0
0.9999831
0.9999999
0.9999999
0.9999888
1.0
0.9996593
0.99999774
0.9999999
0.99999833
0.99999917
0.99991333
1.0
0.9999999
1.0
0.99999976
0.99959224
1.0
1.0
0.90850645
0.99999857
1.0
1.0
0.99902344
0.9999993
0.9999989
1.0
0.9971961
0.9987375
0.9969138
0.99999905
0.99999404
0.9999999
0.99997246
1.0
0.9998264
1.0
1.0
0.999995
0.9999937
0.99999976
0.99998
0.9999516
0.999987
1.0
0.9999119
1.0
1.0
1.0
0.99999547
1.0
0.99995327
1.0
1.0
0.99999976
0.9999981
0.9999989
1.0
0.99998164
0.9999995
0.9976406
1.0
1.0
1.0
1.0
0.99982494
0.99994576
1.0
1.0
0.9999862
1.0
1.0
0.99999976
1.0
0.99998033
0.9999943
0.91365516
0.9999999
0.9999999
1.0
0.99999726
1.0
0.99999976
0.9999176
0.99999976
0.9999368
1.0
1.0
0.999941
1.0
0.9999999
0.9999962
1.0
1.0
1.0
1.0
0.9999515
0.99999964
1.0
0.99999774
1.0
0.99782467
0.99998784
0.9999993
0.99999976
1.0
0.99967647
0.99999976
1.0
0.5718405
1.0
0.99822325
0.9999064
0.9999994
0.9993254
1.0
0.9595194
1.0
1.0
1.0
0.9999995
0.99996173
0.9999225
0.6364202
1.0
0.9920427
0.9980805
0.55061793
0.9999937
1.0
0.9998921
0.9127467
0.99979144
0.99999774
0.99822026
1.0
1.0
0.9999999
0.9999852
1.0
0.9999999
0.99998784
0.9975345
1.0
0.99999464
1.0
0.99999166
0.99999
0.9999907
1.0
0.9939653
1.0
0.99997914
0.9929824
0.99998677
0.9999958
1.0
1.0
0.99946195
1.0
1.0
0.98666674
1.0
0.99999666
1.0
0.9999261
0.99986184
0.99998486
0.7552903
1.0
1.0
0.9999994
0.9998964
0.99999666
1.0
0.99997175
0.9982299
0.9999956
0.99999344
0.99999964
0.9999064
0.481129
0.99450433
0.9986105
1.0
0.999997
1.0
0.897901
0.9999105
0.9997851
0.99999654
1.0
0.99968934
0.9999995
0.99999976
1.0
1.0
1.0
1.0
0.9999999
0.99999976
0.9999931
0.99999297
0.9996567
0.9999993
0.99750024
1.0
1.0
0.9999993
0.99999917
0.9999995
1.0
0.9999832
0.99999964
0.9999994
0.99969804
1.0
1.0
0.99998903
0.9999989
0.99996364
0.9999999
0.99671113
0.9999995
0.9999436
0.9999765
0.99999833
1.0
0.99999475
0.9997501
0.99944645
0.9999999
1.0
1.0
0.99995327
0.99999654
0.99999976
1.0
0.99970454
0.9999931
0.9883986
0.99883264
0.9999995
0.9999844
0.9971927
0.9999989
0.99999976
0.99999475
1.0
0.99995434
0.9999995
0.9998779
0.9999999
0.9999988
0.9999995
1.0
0.9999596
0.9423373
0.9999963
0.95270157
0.9999981
0.9999995
0.9999999
0.99999917
1.0
1.0
0.9999995
0.9999999
0.9998641
1.0
0.9999999
0.99929476
1.0
0.99999857
1.0
1.0
1.0
0.9999999
0.9999989
1.0
0.99999976
0.7342151
0.99992454
1.0
0.9999908
0.99999917
1.0
1.0
0.9999919
0.9999639
0.9999999
0.999995
0.9999999
1.0
1.0
0.9999995
1.0
0.9997392
0.99994624
0.99999905
0.86086625
1.0
0.9999994
1.0
0.99999964
0.9999285
1.0
0.9999993
0.9999975
0.99999547
1.0
1.0
0.9999999
1.0
0.9999999
0.9999956
1.0
0.99999917
0.99970895
1.0
0.99998295
0.99992895
0.9999974
0.99999964
1.0
0.999997
0.99999404
0.9999875
0.96852106
0.9999604
0.99997914
1.0
0.99999547
0.9999951
0.99999356
0.9999933
0.99508816
0.999998
0.99999964
0.49534377
1.0
1.0
1.0
1.0
0.9998599
0.98145986
0.9999865
0.9983047
0.9999982
1.0
1.0
0.9999428
0.9999931
0.9999732
0.99999607
1.0
0.99996495
0.9999993
1.0
0.99999774
1.0
1.0
1.0
0.99939895
1.0
0.99999905
1.0
0.99999714
0.99752384
0.9999981
1.0
0.9999999
0.997498
0.9997893
0.999984
0.99999344
1.0
0.9961893
1.0
0.9995592
0.99970704
0.9999863
0.99987483
0.9999981
0.9999999
0.99999917
1.0
0.99999964
1.0
0.9999999
0.99996924
0.9999957
0.99999213
0.9614803
0.997273
0.99314183
1.0
1.0
0.99999976
1.0
1.0
0.9999988
0.99974066
1.0
1.0
0.99998057
1.0
0.9999212
0.9999957
1.0
1.0
0.9989772
0.9999976
0.99999607
0.9999999
1.0
1.0
1.0
0.9999963
1.0
0.99998856
0.9999895
1.0
1.0
0.99996376
1.0
0.99999726
1.0
0.9999937
0.99996936
0.9999032
1.0
1.0
0.9999999
0.99999774
0.99999404
1.0
0.9999994
1.0
0.9999993
0.99999464
0.9999999
1.0
0.999998
0.9999988
0.999997
1.0
0.9999999
0.9999989
1.0
1.0
0.99999964
1.0
0.999998
0.99999905
0.99999976
1.0
1.0
0.99999845
0.99809426
0.9999989
1.0
0.99999905
0.99999726
0.9999999
0.9999908
1.0
0.99999523
0.9999999
0.99998415
0.9999547
0.8812638
1.0
0.9999964
0.999992
1.0
1.0
1.0
1.0
0.9999969
1.0
0.9999442
0.99996185
0.9999987
1.0
0.9999999
1.0
0.9999995
0.99999964
