1.0
1.0
0.9999995
1.0
0.9999993
0.99999905
0.9999695
1.0
0.99701583
1.0
1.0
1.0
0.99999666
1.0
1.0
1.0
1.0
1.0
0.9994159
1.0
0.99999964
0.99999976
1.0
1.0
1.0
1.0
0.99999845
1.0
0.9999975
0.99999213
1.0
0.9999341
1.0
0.9999927
1.0
1.0
0.99997354
0.9999927
0.9999999
0.999992
1.0
0.99999785
0.9999994
0.9999994
0.9999932
1.0
0.99998903
1.0
0.9999981
1.0
0.99999964
1.0
1.0
1.0
1.0
0.9999999
1.0
0.99999976
0.9999999
0.9999993
0.99999976
1.0
0.99906355
0.9999927
1.0
0.99999976
0.9999999
0.9999989
1.0
1.0
1.0
1.0
1.0
0.99999964
0.9999943
1.0
1.0
1.0
0.9999976
1.0
0.9999285
1.0
1.0
1.0
1.0
1.0
0.9999995
0.99999905
1.0
0.9999975
1.0
1.0
0.99964106
0.99998915
0.99999905
0.9999317
0.9998747
0.99999785
1.0
1.0
1.0
1.0
1.0
1.0
0.9999999
1.0
1.0
0.9999944
1.0
1.0
1.0
0.99995005
1.0
1.0
1.0
0.95011026
0.9999975
1.0
0.9999994
0.9999906
1.0
0.99997413
0.9999988
1.0
0.9999709
0.9999242
0.9999982
1.0
1.0
1.0
1.0
1.0
1.0
0.9999999
1.0
0.99999774
0.9999999
0.99999976
1.0
0.99993384
1.0
0.9999999
1.0
0.99999964
1.0
0.99999475
1.0
1.0
1.0
0.99990416
1.0
0.9620535
1.0
1.0
0.999995
1.0
0.9999995
1.0
0.99991775
1.0
0.9990127
1.0
1.0
1.0
1.0
1.0
1.0
0.9993044
0.9999943
1.0
1.0
0.9999894
1.0
1.0
1.0
0.999642
0.9999995
1.0
0.99999976
1.0
0.99999714
1.0
1.0
1.0
0.9999765
0.9999987
1.0
0.9999999
1.0
0.99982303
0.9999565
0.9999522
1.0
0.9933657
1.0
0.99999726
0.99999654
1.0
0.999998
0.999912
1.0
1.0
0.9999993
0.9999968
0.9999987
1.0
0.99999726
0.9999999
1.0
0.99771297
1.0
0.99975604
1.0
1.0
0.99999094
0.9999999
1.0
0.9998024
1.0
1.0
0.9999987
0.99998224
1.0
1.0
0.9999999
1.0
1.0
1.0
0.9999999
0.9999999
1.0
1.0
1.0
1.0
0.99999547
1.0
1.0
1.0
1.0
0.9999902
0.9999999
0.99997854
0.99999714
0.9999999
0.9999999
0.99999964
1.0
0.9815516
0.99999976
1.0
0.9999994
0.99956936
1.0
1.0
0.9999995
0.99990475
1.0
0.99999917
1.0
0.93349487
1.0
0.9999999
1.0
0.9999999
0.9993005
0.99999976
0.999987
1.0
0.9999999
1.0
1.0
1.0
0.9999678
0.9999995
1.0
0.99999976
1.0
1.0
1.0
0.99999905
1.0
1.0
0.9993765
1.0
1.0
1.0
0.9999994
0.9999423
0.9999999
0.99999976
0.999995
1.0
0.9999925
1.0
1.0
1.0
1.0
0.9999958
0.9999999
1.0
1.0
0.9999999
0.9999989
1.0
1.0
0.9999999
1.0
1.0
0.99999714
1.0
1.0
1.0
1.0
0.99999964
1.0
1.0
1.0
0.9999944
0.9999987
1.0
0.96675146
0.56757325
1.0
1.0
0.99849784
1.0
0.9984542
1.0
1.0
0.99999976
0.99999964
1.0
1.0
0.99999905
1.0
1.0
0.9998646
0.9999509
1.0
0.9999918
0.8299246
1.0
0.9999993
1.0
1.0
1.0
1.0
1.0
0.9999999
1.0
0.99996424
1.0
0.9999999
0.9999999
0.9999995
1.0
1.0
0.99999475
0.99363625
0.9933729
0.99999917
1.0
0.9999943
0.9999999
1.0
1.0
0.9999851
1.0
0.9999896
1.0
0.9999999
1.0
1.0
1.0
1.0
1.0
0.9999999
0.999987
0.9999993
1.0
0.9999993
0.99971205
1.0
1.0
1.0
0.9999999
0.99999857
1.0
0.9999999
0.9999889
1.0
0.9999964
1.0
0.999997
0.9999999
1.0
1.0
1.0
0.9999999
0.99998605
0.9999995
1.0
1.0
0.9999964
0.9999734
0.99999964
1.0
1.0
1.0
0.9999895
1.0
0.99997556
0.9999746
0.9999995
0.99999976
0.99992514
1.0
0.99928147
1.0
0.9999895
0.9999988
1.0
0.9999999
1.0
1.0
1.0
1.0
0.999997
1.0
1.0
0.9999999
1.0
0.99999774
1.0
1.0
0.99999285
1.0
1.0
0.99999833
1.0
1.0
0.99999535
1.0
0.99999964
0.9993331
0.9865264
1.0
0.89613104
0.9999074
0.8825027
0.99977666
1.0
1.0
1.0
1.0
0.9999999
0.99999344
0.99999845
1.0
1.0
0.99985933
1.0
0.9999994
1.0
0.99999845
1.0
1.0
1.0
0.9999999
0.99999976
1.0
1.0
1.0
0.99999964
1.0
0.9999939
0.999997
1.0
0.9999553
0.9999324
1.0
1.0
0.99999964
1.0
1.0
1.0
1.0
1.0
1.0
0.9999999
0.9995167
0.9999999
0.99999654
1.0
1.0
0.9993094
1.0
0.9980983
0.999997
0.9999999
1.0
1.0
0.99999917
1.0
0.99985266
1.0
0.9999995
0.9999999
0.9999913
1.0
1.0
0.9999994
1.0
1.0
1.0
1.0
1.0
1.0
1.0
1.0
1.0
0.9999999
1.0
0.99999213
1.0
1.0
1.0
1.0
0.9999974
0.99999976
0.99999547
1.0
0.99999785
1.0
0.99999976
0.9999999
1.0
0.9999995
1.0
1.0
0.9999999
1.0
0.99999225
0.9997867
0.9999999
0.99999976
1.0
0.9999918
1.0
1.0
1.0
0.935392
0.9999075
1.0
1.0
1.0
0.9999994
0.99993896
1.0
0.99997556
1.0
0.99999917
1.0
1.0
1.0
1.0
1.0
1.0
1.0
1.0
1.0
0.9999472
1.0
1.0
1.0
0.9999999
1.0
1.0
1.0
1.0
0.99999976
1.0
0.52003753
0.94041616
0.9999839
0.99999976
1.0
0.9999999
1.0
1.0
1.0
0.9953852
1.0
0.9999937
1.0
1.0
1.0
0.9999906
1.0
0.9999999
1.0
1.0
1.0
0.9999999
1.0
0.9999999
1.0
1.0
1.0
1.0
0.99999857
0.9999976
1.0
0.9999945
1.0
0.9999994
0.9999999
1.0
0.9999598
0.9302797
0.9999999
1.0
1.0
1.0
0.99999976
0.9679041
1.0
1.0
1.0
0.9999995
1.0
1.0
1.0
1.0
1.0
0.99998415
1.0
0.9999999
1.0
0.99999833
0.9999664
1.0
0.99999714
1.0
1.0
0.99992454
0.97972494
0.9999918
1.0
0.9999931
0.99999964
0.99999917
1.0
1.0
1.0
1.0
1.0
1.0
0.9999497
0.7174567
1.0
0.9999927
1.0
0.9999993
1.0
1.0
0.99999964
0.9999957
1.0
1.0
1.0
0.99999356
0.9999999
1.0
0.5785418
0.999995
0.9999982
1.0
1.0
0.999908
1.0
1.0
0.9999901
1.0
0.9370774
0.99999905
1.0
1.0
0.99999917
0.99658126
1.0
0.99999917
1.0
1.0
1.0
0.99999595
0.9999988
1.0
0.99997985
1.0
0.9999963
1.0
0.9999999
1.0
1.0
1.0
1.0
0.99999964
1.0
1.0
1.0
1.0
1.0
1.0
1.0
1.0
0.7275814
0.9460553
1.0
0.9999995
0.69223267
1.0
1.0
0.9996718
1.0
0.9999995
0.97336066
1.0
0.9999945
1.0
0.99999547
1.0
1.0
1.0
1.0
0.99999905
0.99998975
0.9999994
0.9999957
1.0
0.99501085
0.9999982
1.0
0.99999964
1.0
0.99999976
0.99999213
1.0
1.0
0.99999976
1.0
1.0
1.0
1.0
0.99999857
0.99999785
0.99999976
1.0
1.0
1.0
0.99986553
0.9999831
0.999997
1.0
1.0
1.0
1.0
0.999998
0.99999833
0.99999976
1.0
0.99999607
0.9999951
1.0
1.0
1.0
0.9999999
0.9999994
1.0
1.0
0.99999964
0.9999999
1.0
0.9999912
0.99999976
0.99999726
0.9999454
1.0
1.0
0.99918944
0.99998367
0.99992037
1.0
1.0
1.0
1.0
1.0
0.99998033
0.99999714
1.0
0.9999999
1.0
1.0
1.0
0.9999974
1.0
1.0
1.0
1.0
0.9999999
0.99999905
1.0
1.0
0.9997707
1.0
1.0
0.9999993
0.9999999
0.99999905
1.0
1.0
1.0
1.0
0.9999999
0.9999994
1.0
0.99998355
1.0
1.0
0.999998
1.0
0.99999774
1.0
0.99994314
0.9999993
0.9999852
0.99999976
1.0
1.0
0.99975973
0.99999726
1.0
0.99999964
1.0
0.95172167
0.9999999
0.98595965
1.0
1.0
1.0
0.9999995
1.0
1.0
1.0
0.9999995
1.0
1.0
0.9999865
1.0
0.9999951
1.0
1.0
1.0
1.0
1.0
1.0
0.99999547
1.0
1.0
1.0
0.99997723
1.0
0.99999404
1.0
0.99999726
0.99999976
1.0
0.99999964
1.0
1.0
1.0
0.95315075
0.91922414
0.85253185
1.0
0.99987626
1.0
1.0
0.99999976
0.99999666
1.0
1.0
1.0
1.0
1.0
0.984411
0.99991953
1.0
0.9999956
1.0
0.9508307
0.99999726
0.9984012
0.99999285
1.0
1.0
0.9999999
0.9999993
1.0
0.9997825
1.0
1.0
1.0
1.0
1.0
1.0
0.9999883
1.0
0.99995935
1.0
0.9999989
1.0
1.0
1.0
0.9984946
1.0
0.9999995
1.0
0.9999999
1.0
1.0
1.0
0.99999976
1.0
1.0
1.0
0.9999763
1.0
0.92686886
0.99985135
0.9999169
1.0
0.9999995
0.99999976
1.0
1.0
0.99999285
0.9172106
0.9999751
0.9999136
0.9999982
0.99999785
0.9999981
1.0
1.0
0.9999906
0.9945556
1.0
0.9999826
0.9999999
0.9999999
1.0
0.9999999
0.99999404
0.99999905
0.96157134
0.9999999
0.9999969
1.0
0.9999701
0.99999976
1.0
1.0
1.0
1.0
1.0
1.0
0.99999917
1.0
0.999979
1.0
1.0
0.9999987
1.0
0.99999475
1.0
1.0
1.0
0.999997
1.0
1.0
1.0
0.9999987
1.0
0.9999666
0.9999994
1.0
1.0
1.0
0.9999999
1.0
0.99999976
0.9999999
1.0
0.99996233
1.0
0.9991609
1.0
0.99998224
1.0
0.99999404
0.9999958
0.9999999
1.0
0.9999789
0.9999999
1.0
0.99999154
1.0
0.99999595
1.0
0.9999615
0.9999199
1.0
1.0
1.0
0.9999974
1.0
1.0
1.0
0.9999976
0.9999999
0.9997923
0.9915177
1.0
0.99999964
1.0
0.9999987
1.0
0.43358988
0.999998
1.0
0.9999999
1.0
0.99999917
0.9804243
1.0
1.0
1.0
1.0
0.99999976
0.9999372
1.0
1.0
0.9999957
0.9999453
0.9999995
0.9999999
1.0
0.9999981
0.99999845
0.9999987
0.9999038
1.0
1.0
1.0
1.0
1.0
0.9993963
1.0
1.0
1.0
0.9999999
1.0
1.0
0.9999937
1.0
0.99999964
1.0
1.0
1.0
0.99997926
0.99999464
0.99999905
1.0
1.0
0.9999999
1.0
1.0
0.99999976
0.99999034
1.0
1.0
1.0
1.0
1.0
0.99999845
0.9999907
1.0
1.0
1.0
0.9999993
1.0
0.9999999
1.0
1.0
1.0
0.9991666
0.99999905
1.0
1.0
1.0
0.9764454
1.0
0.9998035
1.0
1.0
1.0
0.9999993
0.9999999
1.0
0.99993145
0.99996746
1.0
0.9999999
1.0
1.0
1.0
0.9997284
0.99999917
1.0
1.0
1.0
0.9999932
1.0
1.0
0.9999982
1.0
0.99999905
0.9999999
1.0
0.99999785
1.0
0.9999925
1.0
0.99997723
1.0
0.999926
0.9999993
1.0
1.0
0.9999999
1.0
0.9999883
0.99999976
1.0
0.99999976
0.9999999
1.0
1.0
1.0
0.9999999
1.0
1.0
0.9997595
1.0
0.9999702
1.0
1.0
0.9997489
1.0
0.9999999
1.0
0.99997187
1.0
1.0
1.0
1.0
0.9999974
0.99999547
0.999956
0.9914511
0.6813676
1.0
1.0
1.0
1.0
1.0
1.0
0.9999994
1.0
0.9998771
0.9985191
0.99999976
1.0
1.0
1.0
1.0
1.0
1.0
1.0
0.99999917
0.9999175
1.0
0.9999988
1.0
0.9987972
1.0
1.0
0.9999994
1.0
0.9999944
0.9999995
0.9999999
0.9999275
1.0
0.99991107
0.9999968
1.0
1.0
1.0
0.9999999
1.0
0.9999999
0.99989283
1.0
0.90263784
1.0
0.99999106
1.0
0.9999993
0.99999833
0.9905003
1.0
1.0
0.99999976
0.9999778
1.0
0.9999999
1.0
0.9999999
1.0
0.6119883
0.99999905
0.9999943
1.0
0.99999964
0.9595688
0.99999535
1.0
1.0
0.9999993
0.99999964
1.0
0.9999902
1.0
0.99996376
1.0
0.9999999
0.99999976
0.7352041
1.0
1.0
0.9992009
0.99999475
1.0
0.999998
1.0
1.0
1.0
1.0
1.0
0.99999964
0.99998784
0.99999344
1.0
1.0
1.0
1.0
0.9999825
0.9999989
0.99999917
0.9991186
1.0
1.0
1.0
0.9999999
1.0
0.99999976
0.99945694
0.9992454
1.0
0.99999845
1.0
1.0
0.99999845
0.9999424
1.0
1.0
0.9986387
1.0
0.99997437
0.9999943
1.0
1.0
0.9999999
1.0
0.9999968
1.0
1.0
1.0
1.0
0.9999999
1.0
0.9999999
0.99999917
0.9999999
1.0
0.999998
0.91630244
1.0
0.99999976
1.0
1.0
1.0
1.0
0.96232986
1.0
0.96523243
0.9999993
0.99998975
0.9999926
1.0
1.0
0.9999926
1.0
1.0
0.9841723
0.9999993
0.99997294
1.0
1.0
0.9999999
1.0
0.99999845
1.0
1.0
0.99998903
1.0
0.99999905
0.99999976
0.9999988
1.0
1.0
1.0
0.999995
0.9999987
0.99999976
0.9999974
1.0
0.99998486
1.0
0.9999994
1.0
0.9978108
0.9999999
0.99999905
1.0
0.9999995
1.0
1.0
1.0
1.0
1.0
1.0
1.0
1.0
0.99996936
0.9999676
1.0
1.0
1.0
1.0
1.0
1.0
0.9999696
1.0
1.0
1.0
1.0
1.0
0.9999776
0.9999994
0.77960926
0.91795343
0.9999999
1.0
0.9998801
1.0
1.0
1.0
0.9999995
0.9999434
0.99842024
0.99980587
1.0
1.0
1.0
0.99999976
0.9999999
1.0
0.9999814
1.0
0.999997
0.5198723
0.99913603
1.0
0.9999999
1.0
0.9999993
1.0
1.0
0.9999918
0.9999999
0.99997866
0.9995517
1.0
0.9999974
1.0
0.99995446
0.9999927
1.0
1.0
0.9999999
0.99999785
0.9999739
0.9999379
0.9999993
0.9998012
0.99925166
0.9999794
0.9999523
1.0
1.0
0.99986494
1.0
1.0
0.9999995
0.9999975
1.0
0.9999999
1.0
1.0
0.99999225
0.9999999
1.0
1.0
1.0
0.9999999
0.97555155
1.0
1.0
1.0
1.0
0.99999976
0.99999523
0.99999976
0.99999976
0.9999999
0.9999994
1.0
1.0
1.0
0.99999976
1.0
0.9999994
0.99999905
1.0
1.0
1.0
1.0
1.0
0.99981576
0.9999968
0.9999999
1.0
1.0
1.0
0.9999995
1.0
1.0
1.0
0.99992275
1.0
0.9999931
1.0
0.99984384
0.99999964
1.0
1.0
0.99218494
1.0
1.0
1.0
0.99999976
0.9999913
1.0
0.99999845
0.99998677
0.999892
0.9999987
0.9999974
1.0
1.0
0.99999964
0.9999968
0.99993825
1.0
1.0
1.0
0.9996736
1.0
0.65267545
0.9999857
1.0
1.0
0.99999964
0.81551427
0.99999785
0.9999999
0.9233779
0.99999976
1.0
0.9999999
1.0
1.0
1.0
0.9999999
1.0
1.0
0.9999999
1.0
1.0
0.9999989
1.0
1.0
1.0
0.9999995
0.9999893
0.9686064
1.0
0.99996734
1.0
0.9569992
0.98735887
0.9999995
1.0
1.0
0.9999976
0.99789953
1.0
1.0
0.9999999
1.0
1.0
1.0
0.999992
1.0
1.0
0.99852544
0.9896847
1.0
1.0
1.0
1.0
1.0
0.9999479
1.0
1.0
0.99999464
1.0
0.9999447
0.9999995
0.9999993
1.0
1.0
1.0
0.9999969
1.0
1.0
1.0
1.0
0.99999833
0.99999976
1.0
0.9991062
1.0
0.9999999
1.0
1.0
0.9999987
1.0
1.0
0.99999464
1.0
1.0
1.0
0.99999094
1.0
0.9999441
1.0
0.99594814
1.0
1.0
0.99999833
1.0
1.0
0.99999976
0.9999995
1.0
0.99999964
0.9408756
1.0
1.0
0.99998105
1.0
0.9999957
1.0
1.0
1.0
0.99999046
0.99999917
1.0
0.9999999
0.99998045
1.0
1.0
0.9999851
0.99999976
1.0
0.9999999
0.9189262
1.0
0.99999976
1.0
1.0
1.0
1.0
0.99999976
0.99999857
0.99999976
1.0
0.9999999
1.0
0.9990606
1.0
1.0
1.0
1.0
0.9999844
0.9999939
1.0
1.0
1.0
1.0
1.0
1.0
0.99997544
1.0
1.0
0.9999987
0.99453074
1.0
0.9994935
0.99999464
1.0
0.9999155
1.0
0.9936951
0.9999999
1.0
0.9950016
0.99998677
1.0
1.0
1.0
0.9984952
0.99999714
1.0
0.9999999
1.0
0.9998287
1.0
1.0
1.0
0.99999976
1.0
1.0
1.0
1.0
1.0
0.999997
0.9999999
1.0
0.9999999
1.0
0.9999987
0.9996252
1.0
0.4816374
0.99999976
1.0
0.999998
0.9999999
1.0
0.9999974
0.999992
0.9890886
0.99965155
1.0
0.9999999
0.99957603
0.98965925
1.0
0.9999999
0.9999975
1.0
1.0
0.99994886
0.99998975
1.0
1.0
0.9999956
1.0
1.0
1.0
0.99999154
0.9929951
1.0
0.9999999
1.0
0.99999964
1.0
1.0
1.0
1.0
1.0
1.0
0.9992642
1.0
1.0
0.9992493
1.0
0.9999962
0.9976325
0.999992
1.0
0.9999993
1.0
0.9999999
0.99999094
0.99999976
0.9999999
1.0
1.0
1.0
1.0
1.0
1.0
0.9999999
1.0
1.0
0.9985405
0.99934846
0.9999999
1.0
0.99999666
1.0
0.9999999
1.0
0.9999981
0.9999999
0.99999714
0.99999905
1.0
0.99987423
1.0
1.0
1.0
0.9999999
0.9900566
0.99999905
0.9999999
1.0
1.0
1.0
1.0
1.0
1.0
1.0
0.9665648
1.0
1.0
1.0
1.0
1.0
0.9999969
1.0
0.98388344
0.9987816
1.0
0.9999981
1.0
0.99999976
1.0
0.9999988
0.9999995
1.0
1.0
0.99999917
1.0
1.0
0.99522215
1.0
1.0
0.99999726
0.99999964
1.0
0.9972921
0.99997365
0.99999976
0.99999964
1.0
0.99999976
0.9999906
0.9999999
0.9999838
1.0
0.99970526
0.9999912
1.0
1.0
1.0
0.99986994
0.9999796
1.0
1.0
0.9997154
1.0
0.9999999
0.9999995
0.9999994
1.0
0.9999993
1.0
1.0
1.0
0.9999671
1.0
1.0
1.0
0.9999981
1.0
1.0
1.0
0.999972
1.0
0.9999951
0.99862707
0.99999964
1.0
0.9999906
1.0
1.0
0.9999993
0.9999988
0.9999994
1.0
0.9997422
1.0
0.9996568
1.0
1.0
0.98837215
0.9999974
0.9999988
1.0
1.0
0.99998677
1.0
1.0
1.0
1.0
1.0
0.99999964
1.0
1.0
1.0
0.9998994
0.99998343
0.99989915
0.9938958
1.0
0.5628018
0.99999964
1.0
1.0
1.0
1.0
0.9976926
0.9999988
0.99992776
1.0
1.0
1.0
1.0
1.0
0.9999999
0.99999845
1.0
1.0
1.0
0.99999976
1.0
0.99995613
1.0
1.0
1.0
1.0
0.99999
1.0
1.0
1.0
1.0
0.99999976
1.0
1.0
1.0
0.9997726
0.999974
0.99999785
0.9999999
1.0
0.99999905
0.9999058
0.999997
1.0
0.9999877
0.99998236
0.9999021
1.0
0.9999999
0.99999094
1.0
0.99998605
0.99909866
0.99978524
1.0
1.0
0.99999976
1.0
1.0
1.0
0.9999949
1.0
1.0
1.0
1.0
0.99999905
0.9999492
1.0
1.0
1.0
1.0
1.0
1.0
0.9999999
1.0
0.9999999
1.0
1.0
1.0
0.99400216
1.0
0.9999988
1.0
0.9999975
0.99782336
0.9995357
0.99999475
0.9999976
1.0
0.9999999
0.99991024
0.9999641
0.9999995
0.99999917
1.0
0.99999905
0.9999672
0.99999976
1.0
1.0
1.0
1.0
0.9999989
1.0
1.0
1.0
0.9999994
0.999992
1.0
1.0
0.9999671
1.0
0.9999976
0.9998248
0.9999995
0.44968835
1.0
1.0
1.0
1.0
0.9999989
0.98448366
0.9999994
1.0
0.9999397
0.9999995
0.99994576
1.0
1.0
1.0
0.9999963
0.9999995
0.999858
0.9999988
0.99999976
1.0
1.0
0.9756555
0.99999046
1.0
0.9974968
0.99997616
1.0
1.0
0.99999964
0.9967669
0.99999976
1.0
0.9999995
0.9999839
0.7920362
1.0
1.0
1.0
0.9999994
0.9999914
1.0
0.9999999
1.0
1.0
0.99999714
0.9999999
1.0
0.9999999
0.9999999
0.9999999
1.0
0.84061694
0.9997744
1.0
1.0
0.9999981
1.0
1.0
1.0
1.0
1.0
1.0
1.0
1.0
1.0
0.99938774
1.0
1.0
1.0
1.0
0.99999106
0.9999516
0.9999933
1.0
0.9659344
0.99999905
0.99999976
1.0
1.0
0.991552
0.9999999
1.0
0.9999999
1.0
1.0
0.9999416
0.9999999
1.0
0.9998385
1.0
0.99103945
1.0
1.0
1.0
0.99998736
1.0
0.9999993
0.99997795
1.0
0.6531141
1.0
1.0
1.0
1.0
1.0
1.0
0.9999826
1.0
1.0
1.0
0.4995072
0.9999211
0.9999968
1.0
1.0
1.0
0.76357454
0.9999933
0.9999995
0.99999666
1.0
1.0
1.0
1.0
0.9999988
0.9999988
1.0
1.0
0.9999999
0.9998671
1.0
1.0
1.0
1.0
0.9999999
0.99999976
0.9999999
1.0
1.0
0.9999988
1.0
0.9999999
0.99991405
0.9999827
1.0
0.9999995
1.0
0.99988115
1.0
0.99999905
0.99998915
1.0
0.9999975
1.0
1.0
0.9999938
0.999997
1.0
1.0
1.0
0.99999976
1.0
1.0
0.7488894
0.9999999
1.0
0.98738617
0.99502426
1.0
0.99999905
0.9990251
1.0
1.0
1.0
0.99999964
0.9999999
0.99976426
1.0
1.0
0.9999875
0.9999999
0.9999558
1.0
1.0
1.0
0.9999994
1.0
1.0
1.0
1.0
0.99999964
1.0
1.0
0.9999994
1.0
1.0
0.9990164
1.0
1.0
1.0
1.0
1.0
0.99999833
0.99999964
1.0
0.99978274
0.9999186
1.0
1.0
0.99999905
1.0
1.0
1.0
0.9999975
1.0
0.9999877
0.9999987
1.0
0.99933225
0.9999999
0.9999945
0.9999999
1.0
0.9999999
1.0
1.0
0.99999607
1.0
1.0
1.0
1.0
1.0
0.99999964
1.0
1.0
1.0
1.0
1.0
1.0
0.9996507
1.0
1.0
1.0
1.0
1.0
0.9999994
1.0
0.9907081
1.0
0.99999225
0.9999999
1.0
1.0
0.99952745
0.9999988
1.0
1.0
0.9983475
0.99999917
0.9999999
0.9999993
0.9155991
1.0
1.0
0.9999999
1.0
1.0
0.9999995
0.9999974
0.99999976
1.0
1.0
0.99999976
0.99999
0.41952622
0.9999999
1.0
0.9999993
1.0
0.9999976
0.99999607
0.9999999
1.0
0.99998796
1.0
1.0
1.0
1.0
1.0
0.9997402
1.0
1.0
1.0
1.0
1.0
0.99991226
0.9999881
0.99999285
0.9999975
0.99921167
1.0
0.9999919
1.0
1.0
1.0
0.9999989
1.0
0.99995005
0.99999964
1.0
0.782789
1.0
0.99999964
0.9999999
1.0
1.0
0.99999976
1.0
1.0
0.99997663
0.9999957
1.0
1.0
0.9999999
0.9728765
0.99999976
1.0
1.0
1.0
1.0
1.0
1.0
1.0
1.0
1.0
1.0
0.9999956
0.9999927
1.0
0.99999905
0.9999989
1.0
1.0
1.0
0.9999969
1.0
1.0
0.9999989
0.9999999
1.0
0.7173032
0.99999607
0.99905163
0.999998
1.0
1.0
0.99999905
1.0
0.9999993
0.99999166
0.9999949
0.9984756
1.0
0.9999924
1.0
1.0
1.0
1.0
0.9821597
0.9999993
1.0
1.0
1.0
1.0
0.9999999
0.99999785
0.9999945
1.0
0.9999999
0.99995184
1.0
0.99999976
1.0
1.0
1.0
0.9999995
0.9999999
0.98852366
0.9999999
0.99999976
0.9999995
1.0
0.99999976
1.0
1.0
0.74729276
0.99999976
0.9999864
0.9999052
0.99999964
1.0
1.0
0.9999865
0.9989334
1.0
1.0
0.99995816
0.99998665
1.0
1.0
1.0
1.0
1.0
1.0
0.9999795
0.99998224
1.0
1.0
0.9995215
1.0
1.0
1.0
0.9999615
1.0
1.0
0.9999528
1.0
1.0
0.99890685
0.9998933
0.9999987
1.0
1.0
1.0
1.0
0.61705494
0.99967897
1.0
0.99994457
1.0
0.9999945
0.99999464
1.0
0.9922848
0.9999999
0.9999926
1.0
1.0
1.0
1.0
0.9999999
1.0
1.0
0.99999917
0.9999912
0.9999995
1.0
0.99999857
1.0
0.9999987
1.0
0.99999726
0.99999964
0.9999958
1.0
0.9999896
1.0
1.0
1.0
0.6153766
0.9999958
0.99999964
1.0
1.0
1.0
1.0
1.0
0.99999976
1.0
0.99999976
1.0
1.0
1.0
1.0
1.0
0.9999291
1.0
1.0
0.9999999
0.9999963
1.0
0.99999166
1.0
0.99999964
1.0
0.99847966
0.99999976
0.99990034
1.0
1.0
0.99999535
1.0
0.999997
1.0
0.9996376
0.99999654
0.9999924
0.9999466
0.99999833
0.9999672
0.9999993
1.0
1.0
0.9975738
0.99995434
0.9991215
1.0
1.0
1.0
1.0
1.0
0.99999976
0.9999974
0.9999999
1.0
0.9999999
1.0
1.0
1.0
0.99961674
1.0
1.0
1.0
1.0
0.9999988
1.0
1.0
0.99975425
1.0
1.0
0.9999994
0.9999919
1.0
1.0
0.9999999
0.99999964
1.0
1.0
0.99999905
1.0
0.9999881
0.99999726
0.9999137
1.0
0.99992836
1.0
1.0
0.99999964
0.99999285
0.9895615
1.0
0.9999999
1.0
0.98082525
1.0
1.0
1.0
0.99999976
1.0
0.99999976
1.0
0.99999726
1.0
1.0
1.0
1.0
1.0
0.99980134
0.9999999
0.9999994
0.99998975
1.0
1.0
1.0
0.9999999
1.0
0.9999987
1.0
0.99821043
1.0
0.99998975
0.99998
0.9999995
0.99995613
1.0
1.0
1.0
1.0
0.9999889
0.9999994
1.0
0.9999976
1.0
1.0
1.0
1.0
0.99999976
0.99998987
1.0
1.0
1.0
0.9985379
0.8868892
1.0
1.0
1.0
0.9950936
1.0
0.9999999
1.0
1.0
1.0
0.9999987
0.9999958
1.0
1.0
0.9999989
1.0
1.0
0.9997315
1.0
1.0
0.9999869
1.0
1.0
0.9979558
0.99999976
1.0
1.0
0.99999976
0.9999956
1.0
0.99999917
1.0
1.0
1.0
0.9999999
1.0
1.0
0.9990895
1.0
0.9999757
0.9999988
0.99999917
1.0
0.9999496
1.0
0.9999974
1.0
0.9863484
1.0
0.9999999
1.0
1.0
0.99999714
1.0
0.9999999
0.99999917
1.0
0.99999976
0.9999813
1.0
1.0
1.0
0.9999968
1.0
0.99918693
1.0
0.9999999
1.0
1.0
0.9998629
1.0
1.0
0.9999999
0.99996114
0.9999602
0.9999981
1.0
1.0
1.0
1.0
1.0
1.0
0.98406154
0.9999999
1.0
1.0
0.9999999
0.9999907
0.9999994
0.926055
0.9999994
0.9999944
1.0
1.0
1.0
1.0
1.0
1.0
1.0
0.99993885
1.0
0.9999908
1.0
0.9999993
0.99999976
0.9999988
1.0
1.0
1.0
0.9999896
1.0
0.61044705
0.99999547
1.0
1.0
1.0
1.0
1.0
0.99996793
0.99999857
0.9999994
1.0
0.99999774
0.9998134
0.9999999
0.99999917
0.9999982
0.9999701
1.0
0.99813867
0.9996026
1.0
1.0
0.9999995
0.9999999
1.0
1.0
1.0
0.99997616
0.9944324
0.8942908
1.0
1.0
1.0
1.0
1.0
0.99999905
0.98824185
1.0
0.99971086
0.9999999
0.9999987
1.0
1.0
1.0
1.0
1.0
0.99999905
1.0
1.0
1.0
1.0
0.9999989
1.0
1.0
1.0
1.0
1.0
1.0
1.0
0.9999999
1.0
0.9983606
1.0
1.0
1.0
1.0
0.9999969
1.0
0.99906975
0.99999964
0.99999964
1.0
0.9999331
0.99999857
0.9999999
1.0
0.9999453
1.0
1.0
0.9999999
0.99999595
0.9987828
0.99999547
0.99988747
1.0
0.9999527
0.99999976
0.99999774
0.9999957
0.99999964
0.9999964
0.9999999
1.0
1.0
0.56483155
1.0
1.0
1.0
1.0
1.0
1.0
0.9999957
1.0
1.0
1.0
0.99999917
1.0
1.0
0.99998224
0.98936814
1.0
1.0
0.99999976
1.0
1.0
1.0
0.9999994
1.0
0.9826042
1.0
0.9999999
0.98634315
1.0
1.0
1.0
0.9999995
0.9999912
1.0
1.0
1.0
0.9999999
1.0
1.0
0.99999726
0.9999994
1.0
0.9999993
1.0
0.9999975
1.0
0.99999976
1.0
1.0
0.9999999
1.0
1.0
0.9999976
1.0
1.0
0.99999917
1.0
1.0
0.9998785
1.0
0.9999188
1.0
1.0
1.0
0.9999999
1.0
0.99995446
1.0
1.0
1.0
0.9999999
0.9999988
1.0
1.0
0.99997914
1.0
0.99999964
0.99999547
1.0
0.9988945
0.9999788
0.99999976
1.0
0.9999999
0.9999995
0.9924109
1.0
1.0
1.0
0.9999902
0.9999949
0.6062782
0.9999999
0.9999999
0.99193233
1.0
1.0
1.0
1.0
1.0
0.9999931
0.99999857
0.9992962
0.9995018
0.99999917
1.0
1.0
0.99999917
0.999995
0.9999999
0.9999989
1.0
1.0
1.0
0.99999905
1.0
0.99979335
0.9886507
1.0
1.0
0.9999968
1.0
1.0
0.999895
0.9999993
0.99984694
1.0
0.9999999
0.99999905
0.9999976
0.99998116
1.0
1.0
1.0
0.9632347
1.0
0.9946425
1.0
1.0
0.9999999
0.9999927
1.0
1.0
0.99987733
1.0
0.9999999
0.9999963
1.0
0.99999666
1.0
0.99999964
1.0
1.0
1.0
0.99963236
0.9999999
1.0
0.99999976
0.9999999
0.9889631
1.0
0.9999987
1.0
1.0
0.9999988
0.9999999
1.0
0.9999951
0.9999994
0.9877779
1.0
0.9999945
1.0
1.0
1.0
0.9999999
0.99998903
1.0
1.0
1.0
1.0
1.0
1.0
0.9999782
1.0
0.9999875
1.0
0.9999914
1.0
1.0
0.9999875
0.99999976
1.0
0.9999995
0.98564297
1.0
1.0
0.9999988
0.99999976
1.0
1.0
1.0
0.9999964
0.999998
0.999998
1.0
1.0
1.0
1.0
1.0
1.0
1.0
1.0
1.0
0.9999999
1.0
1.0
1.0
1.0
0.9999999
1.0
1.0
1.0
0.9967674
0.898735
1.0
0.99920577
0.9999999
1.0
1.0
1.0
1.0
1.0
0.99932456
0.99974996
1.0
1.0
0.6094731
1.0
1.0
1.0
1.0
0.9999994
1.0
1.0
1.0
1.0
1.0
1.0
1.0
1.0
1.0
0.9999989
1.0
1.0
0.99999976
0.999998
1.0
1.0
1.0
1.0
0.9999987
0.999987
1.0
0.99770135
1.0
0.9998448
0.9999958
1.0
1.0
0.9999999
1.0
0.9999207
0.99994946
1.0
1.0
1.0
1.0
0.9981133
1.0
1.0
0.99948823
1.0
1.0
1.0
0.9999758
0.9999995
1.0
0.9999957
1.0
0.99999964
1.0
1.0
0.99734515
0.9999869
1.0
0.99803823
0.9999975
0.9999918
1.0
1.0
1.0
1.0
1.0
1.0
1.0
0.9999999
0.999985
1.0
0.9999999
1.0
1.0
0.99999774
1.0
1.0
0.9999995
0.9999536
1.0
1.0
1.0
1.0
0.9987363
1.0
1.0
0.99997735
0.9999999
1.0
1.0
1.0
1.0
0.9999864
1.0
1.0
1.0
0.9999999
0.99999976
0.9992391
0.99997556
0.9999999
0.9999944
0.9999945
1.0
1.0
1.0
1.0
1.0
1.0
1.0
0.9999993
0.9999989
1.0
1.0
1.0
0.9993006
1.0
1.0
0.99999964
1.0
1.0
1.0
0.9980609
1.0
1.0
1.0
1.0
1.0
0.9999994
1.0
1.0
0.99999666
0.99088633
1.0
1.0
1.0
0.9999999
0.9999931
1.0
0.99996626
0.9999999
1.0
1.0
1.0
0.9994228
0.99999964
1.0
1.0
0.9999987
1.0
1.0
0.8811485
1.0
0.9999989
0.99999976
0.9999999
0.99999964
0.9999968
1.0
0.9999995
1.0
0.9999405
0.99674267
0.9999696
0.9999989
0.99999416
0.99999475
1.0
0.99999726
1.0
0.99999976
1.0
1.0
1.0
1.0
1.0
0.9974681
0.9986873
0.9999989
0.9999993
0.999987
0.99999714
1.0
1.0
1.0
0.9999968
0.9999994
1.0
1.0
0.99989367
0.9999999
1.0
0.99999976
0.9999999
0.99999595
0.9999926
1.0
1.0
0.9999999
0.99999976
1.0
1.0
0.9999995
1.0
1.0
1.0
0.99997103
0.9999962
1.0
1.0
1.0
1.0
1.0
1.0
0.99893445
0.96743417
1.0
0.99998736
0.99999106
1.0
1.0
1.0
0.9999999
0.9999999
1.0
1.0
1.0
1.0
1.0
0.99993646
0.99999964
0.99999905
0.9999999
1.0
1.0
1.0
1.0
1.0
0.9999976
1.0
0.99999285
1.0
0.9999325
0.9999987
1.0
0.99999976
0.9999956
1.0
1.0
1.0
1.0
1.0
0.99999976
1.0
0.99999297
0.9991903
0.9987871
0.9999999
1.0
0.9999999
0.9999999
1.0
0.9999664
0.8510942
1.0
0.9999999
1.0
1.0
0.99970156
0.99999464
0.99996006
0.99999964
1.0
0.99999964
1.0
1.0
0.99999607
1.0
0.99999905
0.99998426
0.9999999
1.0
0.99999666
1.0
0.9999924
1.0
1.0
0.99999666
1.0
1.0
1.0
0.99999976
1.0
1.0
1.0
0.99910104
1.0
1.0
1.0
0.99999106
1.0
1.0
0.9999938
0.99999607
1.0
0.9999988
0.9999995
1.0
1.0
0.99999857
0.8724649
1.0
0.9999927
1.0
0.9999739
1.0
1.0
1.0
1.0
1.0
0.9999994
1.0
1.0
1.0
0.9999999
1.0
1.0
0.9999976
0.9999995
0.99999654
0.9999999
1.0
1.0
1.0
1.0
1.0
0.9996761
0.99999523
0.9999336
1.0
1.0
1.0
0.9999999
1.0
0.99999845
0.9999776
0.99999475
0.99999917
0.9915475
0.9999999
1.0
0.9999968
0.99999976
0.99999964
1.0
0.9999956
0.99991906
1.0
1.0
0.99999976
0.9999995
1.0
1.0
0.9999999
0.99999714
1.0
1.0
0.9999355
0.9999999
1.0
1.0
1.0
0.9999995
0.99988747
0.9989518
1.0
0.99999666
0.99091375
0.9999976
0.9999316
0.9999994
0.9999981
1.0
0.99728584
1.0
1.0
0.99999917
1.0
1.0
1.0
0.9999155
0.99999976
1.0
1.0
0.9999999
1.0
1.0
0.9999907
1.0
1.0
0.9997025
0.99987066
1.0
1.0
1.0
1.0
1.0
1.0
1.0
1.0
1.0
1.0
1.0
1.0
0.999997
0.9999999
0.9999875
0.9999999
1.0
1.0
0.99999964
0.9999999
1.0
0.99999964
0.99988365
1.0
1.0
1.0
1.0
0.92208385
0.9999999
0.99999964
0.99999607
1.0
1.0
0.9999995
1.0
0.9975879
0.99999833
1.0
1.0
1.0
1.0
1.0
0.99999976
1.0
0.99964845
1.0
0.99999976
1.0
0.999998
0.99998367
1.0
1.0
1.0
0.99999774
0.9999931
1.0
0.99999595
0.99997544
0.8675329
0.9999987
0.99999857
0.99999976
1.0
0.9999995
0.9999982
0.9999783
1.0
1.0
1.0
1.0
0.9999995
1.0
1.0
1.0
0.99698824
1.0
0.9999995
1.0
1.0
0.9999999
1.0
0.99999404
0.6606942
0.99925655
1.0
1.0
0.9999999
1.0
0.9999999
0.99999297
1.0
0.99999917
0.9999999
1.0
1.0
0.9999956
1.0
0.9999999
0.9997688
0.99999917
1.0
0.99999964
1.0
1.0
0.9999927
0.99999964
0.99974245
1.0
1.0
0.9999664
0.9999999
1.0
1.0
0.99990165
1.0
0.99998
1.0
1.0
0.9999999
1.0
0.99998546
0.9996418
0.9993709
0.9752195
0.9999987
0.99067676
1.0
1.0
0.9999981
0.9999999
1.0
0.9999758
1.0
1.0
1.0
1.0
0.9999999
0.99999976
1.0
1.0
1.0
1.0
0.99994636
1.0
1.0
1.0
1.0
1.0
1.0
0.99999714
0.5220372
0.99999726
1.0
0.99999964
1.0
1.0
0.9999989
1.0
0.99999917
0.99999964
0.99999857
1.0
0.99999845
0.9999449
0.9999999
0.9999893
1.0
0.9999995
1.0
1.0
0.99999535
0.99999976
0.99999976
0.9999989
1.0
0.9999964
0.9999927
0.9999969
0.9999999
1.0
1.0
1.0
0.9998902
1.0
1.0
1.0
0.99998116
1.0
0.99998915
0.9999999
1.0
0.99999654
1.0
0.99972457
1.0
1.0
0.99999917
0.9999999
1.0
1.0
1.0
1.0
1.0
0.99999845
1.0
0.9222355
1.0
0.9999999
1.0
0.99999917
1.0
1.0
0.9992093
0.9999995
0.99999654
1.0
1.0
1.0
0.9999597
1.0
1.0
1.0
1.0
0.99999654
1.0
1.0
0.6789121
1.0
1.0
1.0
0.9999976
1.0
1.0
1.0
0.99996006
1.0
1.0
1.0
1.0
1.0
0.9999937
1.0
0.9945175
0.9999987
1.0
0.9999403
1.0
1.0
0.99999917
0.99999976
0.9880767
0.996351
0.9999957
0.99999285
0.887151
1.0
1.0
0.99999964
1.0
1.0
0.9999875
1.0
1.0
0.9999975
1.0
1.0
0.99992585
1.0
1.0
0.9999658
1.0
0.9999925
0.99999976
0.99987185
1.0
0.87051815
1.0
1.0
0.99999905
0.99936
0.99998784
0.99999917
1.0
1.0
1.0
0.99999845
0.9996126
0.99999964
0.9999999
0.9999552
0.9999664
0.9873992
1.0
1.0
1.0
0.9999999
0.9999999
1.0
1.0
1.0
0.999995
0.99999297
0.47216734
0.9999771
0.9999045
1.0
0.9999999
1.0
0.99999774
1.0
0.9999932
0.9999989
1.0
0.99999845
0.99999976
0.9999999
1.0
0.9999999
0.9807947
1.0
0.9998677
1.0
1.0
0.999997
1.0
0.9999759
1.0
1.0
1.0
1.0
0.99999726
1.0
0.9912896
0.9999989
0.9999969
0.9972504
1.0
1.0
1.0
0.99999964
1.0
0.99999976
0.9998559
1.0
0.9999999
0.99887127
1.0
1.0
1.0
1.0
1.0
1.0
1.0
1.0
1.0
0.9999411
1.0
0.9999939
1.0
1.0
0.9999441
1.0
0.9994005
1.0
0.99999976
1.0
1.0
0.99999166
1.0
1.0
0.99998343
1.0
0.99999917
1.0
0.98916864
0.9999994
0.99999833
0.65957856
0.9999968
0.99999976
0.9999925
1.0
0.9999989
0.999931
1.0
0.9999999
0.9999678
1.0
0.9999999
1.0
0.99999523
0.9999908
1.0
0.99947387
0.9999999
0.9999995
1.0
1.0
1.0
0.99999857
0.99996066
1.0
0.9999912
1.0
0.9999999
1.0
1.0
1.0
1.0
1.0
1.0
1.0
1.0
1.0
1.0
1.0
1.0
0.5875014
0.99997747
1.0
1.0
1.0
0.9999999
1.0
0.9999701
1.0
0.99849904
1.0
1.0
1.0
0.9843247
1.0
1.0
0.9999999
1.0
0.99999976
1.0
1.0
1.0
1.0
1.0
0.9999999
0.9999999
0.99999976
1.0
1.0
0.9999994
1.0
0.99999976
0.99999976
0.9998746
1.0
1.0
1.0
1.0
0.99999905
1.0
1.0
1.0
1.0
1.0
0.99993396
0.9999999
0.9969145
0.9999924
0.64038146
0.99999535
0.9998722
1.0
1.0
0.9995764
1.0
1.0
1.0
0.99999666
0.9991621
0.9999999
1.0
0.99999905
1.0
1.0
1.0
1.0
1.0
1.0
0.9999987
0.9999994
1.0
0.9999999
1.0
0.9999999
1.0
0.95604604
0.9998554
0.99999726
0.9999951
0.9999999
1.0
0.9999999
1.0
0.9976447
1.0
0.9999995
1.0
1.0
1.0
1.0
0.9999862
0.9998901
0.9861653
0.9999999
0.9999999
0.9999999
0.9999999
0.9999993
1.0
1.0
0.99999964
1.0
0.9999893
0.9999995
0.9997435
1.0
1.0
0.9999925
1.0
1.0
1.0
1.0
0.999956
0.99999905
0.85619795
1.0
0.9999999
0.9999925
1.0
0.9999753
1.0
0.99999845
0.9997069
1.0
0.9985102
0.9999831
1.0
1.0
0.9999999
0.9999969
1.0
1.0
0.99998856
1.0
0.8863112
0.99999964
0.99999905
0.99995804
0.99999964
0.9999994
1.0
1.0
1.0
0.9999987
0.9999958
1.0
0.9999989
1.0
1.0
1.0
1.0
1.0
1.0
1.0
0.9999877
0.9999999
1.0
0.99999976
1.0
0.9999696
0.9997009
1.0
1.0
1.0
0.99999905
1.0
0.99999905
0.99999726
0.9999999
1.0
0.9994425
1.0
0.6197667
1.0
1.0
1.0
1.0
1.0
0.99990654
1.0
1.0
0.9997991
0.986826
1.0
0.9999888
0.9043786
1.0
1.0
1.0
1.0
1.0
1.0
0.99999917
0.9999875
1.0
0.999998
1.0
0.99999976
0.99999964
1.0
0.99971014
1.0
1.0
1.0
1.0
1.0
0.9999982
0.9999739
1.0
0.99947244
1.0
0.9999993
0.9999989
1.0
0.99999964
1.0
1.0
0.99999654
0.9999895
1.0
0.9999999
1.0
1.0
0.9999999
0.99995196
1.0
1.0
1.0
1.0
1.0
1.0
1.0
0.99993765
0.9998833
1.0
1.0
1.0
1.0
0.99990714
1.0
1.0
0.99999976
1.0
0.9999999
0.99999905
0.9999993
0.9998098
0.9999999
1.0
0.9999788
1.0
0.99999964
1.0
0.9996891
0.9999654
0.9999962
0.99999905
1.0
0.9999969
0.99999154
0.9999999
0.9996964
1.0
0.9999969
1.0
0.9999999
1.0
1.0
1.0
1.0
0.9999027
1.0
1.0
1.0
1.0
0.9999987
1.0
0.9999534
0.99862134
1.0
1.0
0.99994016
1.0
0.87495923
0.9999974
0.99999905
0.9999728
0.9999994
0.99999976
0.99999964
0.9999999
0.9999993
0.9999521
1.0
1.0
1.0
1.0
0.99999297
0.9999995
0.99997354
0.99999833
0.99999833
0.99999857
0.9999409
1.0
0.9999999
0.9998678
1.0
0.85513294
0.99999976
0.999998
1.0
0.99528754
1.0
0.9999938
0.99999976
1.0
1.0
0.9994735
0.9998903
1.0
1.0
1.0
0.99997973
0.9999999
1.0
1.0
1.0
0.9999995
1.0
0.9999989
0.99991083
1.0
1.0
1.0
1.0
1.0
1.0
1.0
0.9999995
1.0
1.0
1.0
1.0
0.99999976
0.9568741
0.99998736
1.0
1.0
1.0
0.99999964
0.9999989
1.0
1.0
1.0
0.83390856
0.999974
1.0
1.0
1.0
1.0
0.99999905
0.99800617
0.9846051
1.0
1.0
0.9997868
0.9999963
1.0
1.0
1.0
0.9999976
0.95498854
0.9999964
0.9999999
0.9999999
0.99988365
1.0
0.92456067
1.0
0.9999862
1.0
1.0
1.0
1.0
1.0
1.0
0.9999989
0.9999995
1.0
1.0
0.9280593
1.0
0.99999976
0.9999825
1.0
0.9883486
1.0
0.99999475
0.9999975
0.9999999
0.99999833
0.99999964
1.0
0.9999807
0.9999999
0.99999917
0.99908125
1.0
0.99999285
0.9999999
0.99999833
1.0
0.9999844
1.0
0.99998915
0.9999999
1.0
1.0
1.0
0.99997973
0.99999976
0.9974727
1.0
1.0
0.9999999
1.0
1.0
1.0
1.0
0.99998546
0.9999999
0.9999801
1.0
0.99999976
0.9999943
0.99999785
0.9999931
0.9999938
1.0
0.9999995
1.0
1.0
1.0
0.9999999
0.9999999
0.9999999
1.0
1.0
1.0
1.0
0.9985753
1.0
1.0
1.0
1.0
0.9995659
0.9906166
1.0
1.0
1.0
0.9999999
0.9999677
1.0
0.9999844
1.0
0.9950363
0.89063644
0.9999999
1.0
0.9999995
1.0
0.99999964
1.0
0.99999976
0.9999999
0.99314475
1.0
1.0
1.0
1.0
0.999918
1.0
1.0
0.99999976
1.0
1.0
0.9999987
1.0
0.9926577
1.0
0.9988121
1.0
0.9999689
1.0
0.9999999
1.0
0.99999976
0.9997881
1.0
0.99999905
1.0
0.9999968
1.0
1.0
1.0
0.99999964
0.97501874
0.99999857
1.0
0.9964155
1.0
0.99944013
1.0
1.0
0.99999714
1.0
1.0
1.0
1.0
0.9999994
1.0
0.99999976
1.0
1.0
1.0
0.99999964
1.0
0.9998789
1.0
1.0
0.99999654
0.98765266
1.0
0.99999654
0.99999785
0.99999666
1.0
1.0
0.9999993
0.99999166
1.0
0.99999404
1.0
0.99995244
0.9999999
0.9999974
0.99999905
0.9999974
1.0
0.59271014
1.0
1.0
1.0
0.9999999
1.0
1.0
0.99999964
0.9999982
1.0
0.9999999
0.9996656
0.99998903
1.0
1.0
0.99999416
0.99999964
0.9999324
1.0
1.0
0.9999907
1.0
1.0
1.0
1.0
1.0
0.9999999
0.9999999
1.0
1.0
1.0
1.0
0.9999995
1.0
0.9963366
1.0
0.9999895
0.9999999
1.0
0.9999993
1.0
0.9999999
1.0
1.0
0.99987984
0.9999987
0.9999974
1.0
0.9999982
1.0
1.0
0.9999157
1.0
1.0
0.9797586
0.9980909
0.99999976
0.972823
1.0
1.0
0.9999988
0.9988845
0.99021006
0.9999999
0.8724171
1.0
1.0
1.0
0.99999416
1.0
0.99999964
0.99999976
1.0
0.99998534
1.0
1.0
0.99986005
1.0
0.999998
1.0
1.0
0.99999857
0.9999999
1.0
1.0
0.9999999
1.0
1.0
1.0
1.0
0.99999976
0.99999213
1.0
0.91705656
1.0
0.99999523
1.0
0.99999857
1.0
1.0
0.999966
1.0
1.0
1.0
0.8230543
0.99978787
1.0
1.0
0.99998987
1.0
1.0
0.9997155
0.99999964
0.99999976
1.0
0.9999925
1.0
0.9999999
1.0
1.0
0.9997955
0.99999964
1.0
0.99992037
0.9999974
1.0
0.99999404
0.99999976
0.9271485
1.0
1.0
0.9999964
0.99172103
1.0
1.0
0.99510044
0.9998356
0.9999993
1.0
1.0
0.9999994
1.0
0.9999994
1.0
1.0
0.99999166
0.99999857
1.0
1.0
1.0
0.999984
0.99999964
0.99999964
1.0
0.9999939
0.9999982
1.0
1.0
0.9985611
0.9999999
0.99999285
0.9999938
1.0
0.9999957
0.9999999
1.0
1.0
1.0
1.0
1.0
1.0
0.9999994
0.53731495
1.0
0.9999988
1.0
0.99998677
0.89969563
1.0
1.0
0.9999999
1.0
1.0
1.0
1.0
1.0
1.0
1.0
1.0
0.99999964
1.0
1.0
0.99999917
1.0
1.0
1.0
0.7966932
0.9999989
0.9999995
1.0
0.9999726
1.0
1.0
0.9999999
1.0
1.0
1.0
1.0
0.9999615
1.0
0.9999782
0.99999976
0.99990296
0.9978688
1.0
0.9999999
1.0
0.9999993
1.0
0.9991248
0.9999999
1.0
0.99999964
1.0
1.0
1.0
1.0
0.9999994
0.99999976
0.99999905
0.9999999
0.9999895
1.0
0.9999993
1.0
1.0
0.9999963
1.0
0.99999285
1.0
1.0
1.0
0.999997
1.0
0.9999976
1.0
1.0
0.9946241
0.9999993
0.9999968
0.99996245
1.0
0.99999905
0.99999344
1.0
0.9999995
0.9081783
1.0
1.0
0.999997
1.0
1.0
1.0
1.0
1.0
0.9999975
1.0
1.0
1.0
0.9989791
0.9999993
1.0
0.99999285
1.0
0.9999981
1.0
0.9999999
0.9999869
0.9999999
1.0
0.9999999
0.99999726
0.9999999
1.0
1.0
1.0
0.99990296
0.9999976
0.9979754
0.9999994
0.9999995
1.0
0.999998
0.99999976
1.0
0.9999956
0.99978954
0.9158271
0.99999726
1.0
0.9999958
0.99999976
1.0
0.9999988
1.0
1.0
1.0
1.0
0.9999056
1.0
1.0
0.9999981
0.9999993
1.0
1.0
1.0
0.9991385
0.99999964
0.98302734
1.0
0.99949586
0.999998
1.0
1.0
1.0
0.99999976
1.0
1.0
1.0
1.0
1.0
0.9999895
1.0
0.99999917
1.0
0.99999845
1.0
1.0
1.0
1.0
0.9988782
1.0
1.0
1.0
1.0
0.99999917
1.0
1.0
1.0
1.0
1.0
0.9999976
1.0
1.0
1.0
0.9999653
1.0
1.0
1.0
1.0
1.0
1.0
1.0
0.9999951
0.9721807
0.99999964
1.0
1.0
1.0
0.99999976
1.0
0.9658808
0.99998045
0.99931824
1.0
1.0
0.9999994
1.0
0.9999999
1.0
0.9541826
1.0
1.0
0.99996877
1.0
0.99998915
1.0
1.0
1.0
1.0
1.0
0.99999917
1.0
1.0
0.9818664
0.9234811
0.9999938
1.0
1.0
0.9999987
1.0
1.0
1.0
0.99999976
0.9999796
1.0
1.0
1.0
1.0
1.0
0.99999905
0.9999999
0.9999999
1.0
0.9999845
0.999995
0.99999285
0.97013086
0.9990081
1.0
1.0
1.0
1.0
0.9999933
1.0
1.0
0.9999994
1.0
0.9999999
0.9999981
1.0
0.9983125
1.0
0.9999995
0.9999716
1.0
0.99996793
0.99998367
1.0
0.99992967
1.0
0.9999994
1.0
0.99874437
0.9999999
0.999933
1.0
0.99999976
1.0
1.0
0.9999999
1.0
1.0
1.0
1.0
0.99999964
1.0
1.0
1.0
0.9999895
0.99999607
1.0
1.0
1.0
0.99999964
1.0
0.9998429
0.99999857
0.99952507
1.0
0.9999999
1.0
0.9999212
1.0
0.9999999
0.9999974
1.0
1.0
0.9999981
1.0
0.9999999
0.99878186
1.0
1.0
0.9999993
1.0
0.9999989
0.9999968
0.99999976
1.0
1.0
0.9999995
0.9999999
1.0
0.99999964
0.99999964
0.99989355
1.0
1.0
0.99994516
0.9980679
1.0
1.0
1.0
1.0
1.0
0.9999993
0.99999833
0.99965215
0.9999511
0.99999094
1.0
0.9999993
0.9246196
1.0
1.0
0.9999999
1.0
1.0
1.0
1.0
1.0
1.0
0.9996754
1.0
1.0
1.0
0.99999917
0.9999975
0.9999902
1.0
1.0
1.0
0.99999976
0.99999595
0.9982735
1.0
1.0
1.0
1.0
1.0
0.9999943
0.9999981
1.0
1.0
1.0
0.9999925
0.9996505
1.0
1.0
0.9999982
0.999982
0.999821
1.0
0.9957444
1.0
1.0
1.0
0.99999964
1.0
1.0
1.0
0.9999995
0.99999905
1.0
1.0
0.9999999
1.0
1.0
1.0
0.99999976
0.9999995
0.9999994
1.0
1.0
1.0
1.0
1.0
0.99999976
1.0
1.0
1.0
1.0
1.0
1.0
1.0
1.0
1.0
1.0
1.0
1.0
1.0
0.99999976
1.0
1.0
1.0
1.0
0.9999999
1.0
1.0
1.0
1.0
1.0
0.9999999
1.0
1.0
1.0
1.0
0.9999962
1.0
1.0
1.0
1.0
1.0
1.0
1.0
1.0
1.0
1.0
0.99999964
1.0
1.0
1.0
1.0
0.9999964
0.99999905
1.0
1.0
1.0
1.0
1.0
1.0
1.0
1.0
1.0
1.0
1.0
1.0
0.99999917
1.0
1.0
1.0
1.0
1.0
1.0
0.9999994
1.0
0.9999993
1.0
0.99999964
0.9999999
1.0
1.0
1.0
0.9999982
1.0
1.0
1.0
1.0
1.0
1.0
1.0
0.9999999
1.0
1.0
1.0
1.0
1.0
1.0
1.0
1.0
0.9999976
1.0
1.0
1.0
1.0
1.0
0.9999999
0.9999999
1.0
1.0
1.0
1.0
1.0
0.99988294
1.0
1.0
1.0
1.0
1.0
1.0
1.0
1.0
1.0
1.0
0.9999999
1.0
0.99995863
1.0
1.0
1.0
1.0
1.0
0.99999976
1.0
1.0
1.0
1.0
0.99999976
0.9999999
1.0
0.9999999
0.9999999
0.9999999
1.0
1.0
0.9893506
1.0
1.0
0.99999774
1.0
1.0
0.9985656
0.99999976
0.9999981
1.0
1.0
1.0
0.9999999
1.0
1.0
0.9999999
1.0
0.9999436
0.9999951
1.0
1.0
0.99999976
1.0
1.0
0.99993825
1.0
1.0
1.0
1.0
1.0
1.0
1.0
1.0
1.0
0.9999995
0.9996816
1.0
1.0
1.0
1.0
0.9905025
0.9999999
0.9982692
0.99999976
0.99821764
1.0
1.0
1.0
0.9999995
0.9999981
1.0
0.9999999
0.9999987
1.0
0.9999995
1.0
1.0
1.0
0.99999976
0.99999976
1.0
1.0
0.999956
1.0
1.0
1.0
1.0
1.0
0.99999976
0.89055216
1.0
1.0
1.0
1.0
1.0
0.9999993
1.0
1.0
1.0
1.0
1.0
0.99999964
1.0
0.9999993
1.0
0.9999995
1.0
0.92515856
1.0
1.0
1.0
0.99999917
0.9999999
0.9999995
1.0
1.0
0.9999976
1.0
1.0
1.0
1.0
1.0
0.99997675
1.0
1.0
1.0
0.990186
1.0
1.0
0.99989665
0.99999976
0.9999999
0.99999905
1.0
1.0
1.0
1.0
1.0
1.0
0.99762577
1.0
1.0
1.0
1.0
1.0
1.0
1.0
1.0
0.9999999
0.99795866
1.0
1.0
0.99999976
1.0
1.0
1.0
1.0
1.0
1.0
0.9999989
1.0
1.0
0.9999999
1.0
1.0
1.0
1.0
1.0
1.0
1.0
1.0
0.99999976
1.0
1.0
1.0
1.0
1.0
0.9999999
0.9999999
1.0
1.0
1.0
1.0
1.0
0.99999976
1.0
1.0
1.0
0.9999999
1.0
1.0
1.0
0.9163581
1.0
1.0
1.0
0.99999976
1.0
1.0
1.0
1.0
1.0
1.0
1.0
0.9999956
1.0
0.9999999
1.0
1.0
1.0
1.0
1.0
1.0
1.0
1.0
1.0
1.0
1.0
1.0
1.0
1.0
0.9999999
1.0
1.0
0.99999976
1.0
1.0
1.0
1.0
1.0
1.0
0.9999999
0.9999999
0.9999999
1.0
1.0
1.0
1.0
1.0
1.0
0.9999994
0.9999999
1.0
1.0
1.0
0.9999999
1.0
1.0
1.0
1.0
1.0
1.0
1.0
1.0
1.0
0.9999976
1.0
1.0
0.9999999
1.0
1.0
1.0
0.9999974
1.0
1.0
1.0
0.9999999
0.9999976
0.9999882
1.0
1.0
1.0
1.0
1.0
1.0
1.0
1.0
0.99999225
0.99999976
1.0
1.0
1.0
1.0
1.0
1.0
0.99999166
1.0
1.0
1.0
1.0
1.0
1.0
0.9999988
1.0
1.0
1.0
1.0
1.0
1.0
1.0
1.0
1.0
1.0
1.0
1.0
1.0
1.0
1.0
1.0
1.0
0.999998
0.99998295
1.0
1.0
0.99999976
1.0
1.0
1.0
0.99563557
1.0
1.0
0.9999994
1.0
1.0
1.0
1.0
1.0
1.0
1.0
1.0
1.0
1.0
1.0
1.0
1.0
1.0
1.0
1.0
1.0
1.0
1.0
1.0
1.0
1.0
1.0
1.0
1.0
1.0
1.0
1.0
1.0
0.99999976
1.0
1.0
1.0
1.0
1.0
1.0
1.0
1.0
0.9999932
1.0
1.0
0.9999994
1.0
1.0
1.0
0.9999988
1.0
1.0
1.0
1.0
1.0
0.9999999
1.0
0.99999785
1.0
1.0
1.0
1.0
0.9999912
0.99999654
1.0
0.99999785
0.9999993
0.99999774
1.0
0.99999964
0.9999999
1.0
1.0
1.0
1.0
0.9999999
1.0
0.9999993
0.99999905
0.9999999
1.0
1.0
1.0
1.0
1.0
1.0
1.0
0.99999964
1.0
0.99999976
0.9999919
1.0
1.0
1.0
1.0
0.9999999
1.0
1.0
1.0
1.0
1.0
1.0
1.0
0.9999999
0.9999994
1.0
1.0
0.99984646
1.0
0.99999833
1.0
1.0
0.99999785
1.0
1.0
1.0
1.0
1.0
1.0
1.0
1.0
1.0
1.0
1.0
1.0
1.0
0.9999999
1.0
1.0
0.9995765
1.0
0.9999943
1.0
0.9999938
1.0
1.0
0.99999964
0.99995315
1.0
1.0
1.0
1.0
1.0
0.9989766
1.0
0.9999999
0.9999982
0.99999976
1.0
1.0
0.9999994
1.0
1.0
0.9999993
1.0
0.9999999
0.9999924
0.99999344
1.0
1.0
0.9999993
1.0
0.9999999
0.99991524
1.0
1.0
0.9999337
1.0
1.0
0.9999982
0.9999999
1.0
1.0
0.9999908
0.99999976
1.0
1.0
0.992203
1.0
0.9999809
0.9999846
1.0
0.99999523
0.99999654
1.0
0.99224335
0.99999917
1.0
1.0
0.9999982
0.9999999
0.99999166
0.99959487
1.0
1.0
1.0
0.99999976
0.9398021
0.99958724
1.0
1.0
1.0
1.0
1.0
0.9999988
0.9999987
0.9999999
0.9999995
1.0
0.9999994
0.99999976
1.0
1.0
0.9999999
1.0
1.0
1.0
1.0
1.0
0.9999908
0.999984
0.99999964
0.9999964
1.0
1.0
1.0
0.99999845
1.0
1.0
1.0
1.0
0.99996746
1.0
0.9999999
0.9999988
1.0
1.0
1.0
1.0
0.9999846
1.0
0.99999774
0.99999857
1.0
1.0
0.9999999
0.9999975
1.0
1.0
1.0
1.0
0.99999917
0.9999925
1.0
1.0
0.9999999
1.0
0.9999769
1.0
1.0
1.0
1.0
1.0
0.9999603
1.0
0.99999964
1.0
1.0
1.0
0.999998
0.9999993
1.0
1.0
1.0
0.99999654
0.99997425
1.0
0.9979886
0.9997402
0.55012965
0.9999999
0.99999964
1.0
0.9999999
1.0
0.9997043
0.9999893
1.0
0.99998224
0.9999995
1.0
1.0
0.96344036
1.0
1.0
0.50928617
1.0
0.99999976
1.0
0.9999958
1.0
1.0
0.9999969
1.0
1.0
0.9999949
0.9999987
1.0
1.0
1.0
1.0
0.99999905
0.9999994
0.9999999
1.0
0.99999976
0.9998815
1.0
1.0
0.99999976
1.0
0.99999344
1.0
1.0
1.0
0.9999999
0.99999976
1.0
1.0
0.99999976
1.0
1.0
1.0
1.0
0.9999999
1.0
1.0
1.0
1.0
1.0
1.0
1.0
1.0
1.0
0.9999764
0.9999372
1.0
1.0
1.0
0.99999976
0.9999987
1.0
1.0
1.0
1.0
1.0
1.0
1.0
1.0
1.0
1.0
1.0
1.0
0.9999945
0.99999857
1.0
0.9999856
1.0
1.0
0.9999999
0.9997352
0.99881977
1.0
0.9999994
0.99999726
1.0
0.99999905
1.0
0.9999621
1.0
1.0
1.0
1.0
1.0
1.0
0.99999976
1.0
1.0
0.9999999
1.0
1.0
0.9999988
1.0
1.0
1.0
0.99999976
1.0
1.0
1.0
1.0
1.0
1.0
0.99999964
1.0
1.0
1.0
1.0
1.0
1.0
1.0
1.0
1.0
1.0
1.0
1.0
0.99999976
0.9999995
1.0
1.0
1.0
0.9967623
1.0
1.0
0.99999404
1.0
1.0
1.0
1.0
0.9999995
1.0
0.8887925
0.7344289
0.999992
0.99998367
0.99999964
1.0
0.9999409
1.0
0.9999999
0.99999905
1.0
1.0
1.0
1.0
1.0
0.9999999
0.99999404
1.0
1.0
0.9999956
1.0
1.0
1.0
1.0
1.0
0.9999999
1.0
0.99999666
0.9999988
0.999967
0.9999939
0.99999964
1.0
1.0
0.99999654
0.99999976
1.0
0.9999995
1.0
0.9999889
1.0
1.0
1.0
1.0
1.0
1.0
0.99999785
0.9999999
0.99999905
0.9971879
0.9986713
0.9999796
0.9958189
1.0
1.0
1.0
0.99999714
1.0
1.0
1.0
0.9999999
1.0
0.9957657
1.0
0.9999989
1.0
0.99999666
1.0
0.9174382
0.9999999
0.9999999
0.99999905
0.9962071
1.0
0.9999974
1.0
0.999316
1.0
1.0
1.0
1.0
1.0
1.0
0.99999344
1.0
0.9999682
0.99999774
0.9999999
0.99999714
1.0
0.9999988
0.9999739
0.9999999
0.9999999
0.9855079
0.98418707
1.0
0.9999925
0.9999833
0.99999917
0.9999968
0.99994874
0.99999297
1.0
0.99998057
0.9988667
1.0
1.0
1.0
0.99999976
0.74507684
0.9998419
0.9999807
0.99999785
1.0
0.99998367
1.0
0.99998593
0.99998915
0.9990067
0.99925
0.999926
0.9999999
1.0
0.99997437
0.99998987
1.0
1.0
1.0
1.0
1.0
1.0
0.99999976
0.9997199
0.9999999
0.9999999
0.99995995
1.0
0.9999995
0.99002355
0.9999995
0.9999857
0.99999845
1.0
0.99999905
1.0
1.0
1.0
0.9999279
1.0
0.99970263
0.9999949
1.0
1.0
1.0
0.9998574
0.9999975
0.99999857
1.0
1.0
1.0
0.9998049
1.0
0.9999858
1.0
1.0
0.9999963
0.9995871
1.0
1.0
1.0
0.99998903
0.9999999
0.9999943
1.0
1.0
0.999995
1.0
0.99943167
1.0
1.0
1.0
1.0
0.9999999
0.9997508
0.99999666
0.9999753
1.0
1.0
1.0
1.0
1.0
1.0
0.99999976
0.99531436
1.0
0.99998987
1.0
1.0
1.0
1.0
1.0
1.0
1.0
0.9724253
0.99999905
0.99999225
1.0
1.0
1.0
1.0
1.0
1.0
1.0
0.9999734
1.0
1.0
1.0
1.0
1.0
1.0
1.0
0.99999976
0.9999956
1.0
0.9994842
1.0
1.0
0.99999344
1.0
1.0
1.0
1.0
1.0
0.9999988
1.0
1.0
0.9999987
1.0
0.99999976
1.0
1.0
1.0
1.0
1.0
1.0
1.0
1.0
0.9999988
1.0
1.0
1.0
1.0
1.0
0.9999995
1.0
1.0
1.0
1.0
1.0
1.0
1.0
1.0
1.0
1.0
1.0
1.0
1.0
1.0
1.0
0.99994993
0.99999976
0.9999988
1.0
0.9999999
0.9999994
1.0
1.0
1.0
0.69056445
1.0
0.99995375
1.0
0.99999964
1.0
0.99580234
0.9983706
0.9999995
1.0
1.0
1.0
1.0
1.0
1.0
1.0
0.99999857
1.0
1.0
1.0
1.0
1.0
0.9999999
1.0
1.0
1.0
0.9999999
1.0
1.0
1.0
1.0
1.0
1.0
1.0
1.0
1.0
1.0
1.0
1.0
1.0
1.0
1.0
1.0
1.0
1.0
1.0
1.0
1.0
1.0
1.0
1.0
1.0
1.0
1.0
1.0
1.0
0.99999964
1.0
0.9999995
1.0
1.0
0.99999976
1.0
1.0
1.0
0.9999999
0.9999999
0.9999968
1.0
1.0
1.0
1.0
1.0
1.0
1.0
1.0
0.9999995
0.9999808
1.0
1.0
1.0
1.0
1.0
1.0
0.9999999
1.0
1.0
1.0
0.9999999
1.0
1.0
1.0
1.0
1.0
1.0
1.0
1.0
0.9999988
0.9999999
1.0
0.9999999
1.0
1.0
0.9999999
1.0
1.0
1.0
1.0
1.0
1.0
1.0
1.0
0.9999999
1.0
1.0
1.0
1.0
1.0
1.0
1.0
1.0
1.0
1.0
1.0
1.0
1.0
1.0
1.0
0.9999999
1.0
1.0
1.0
1.0
1.0
1.0
1.0
1.0
1.0
1.0
0.99999976
1.0
1.0
0.9999988
1.0
0.99999344
1.0
1.0
1.0
1.0
1.0
0.99999964
1.0
1.0
1.0
1.0
1.0
1.0
0.99999976
1.0
1.0
1.0
1.0
1.0
0.9999999
1.0
1.0
1.0
1.0
1.0
0.9999994
1.0
1.0
0.9999894
1.0
1.0
1.0
1.0
1.0
1.0
1.0
0.99999917
0.9999989
1.0
1.0
1.0
0.99999976
1.0
0.99999976
1.0
1.0
0.99998367
1.0
1.0
1.0
1.0
1.0
1.0
0.9999999
1.0
1.0
0.99999976
1.0
1.0
1.0
1.0
1.0
1.0
1.0
1.0
0.9999994
0.9999993
0.9999989
1.0
1.0
0.99999905
1.0
1.0
1.0
1.0
1.0
1.0
1.0
1.0
1.0
1.0
0.9999999
0.9999988
0.99999297
1.0
1.0
1.0
0.99999845
0.99999905
1.0
0.9997271
0.99999917
1.0
1.0
1.0
1.0
1.0
0.999995
0.999967
1.0
0.9999999
0.9999739
1.0
1.0
1.0
1.0
1.0
1.0
0.9999722
0.9999968
0.9999993
1.0
1.0
1.0
0.99999976
1.0
0.9977616
1.0
0.9999871
1.0
1.0
1.0
1.0
1.0
1.0
1.0
1.0
1.0
0.9999999
1.0
1.0
0.9999995
1.0
1.0
0.9999999
1.0
1.0
1.0
1.0
1.0
1.0
1.0
0.9999995
1.0
1.0
1.0
0.9999999
1.0
0.9999989
1.0
1.0
1.0
1.0
1.0
1.0
1.0
1.0
1.0
0.99999964
1.0
1.0
0.9999709
1.0
1.0
1.0
1.0
1.0
0.99999964
1.0
1.0
0.9999938
1.0
1.0
1.0
1.0
1.0
1.0
1.0
1.0
1.0
1.0
1.0
1.0
1.0
1.0
0.99296254
1.0
1.0
1.0
1.0
1.0
1.0
1.0
1.0
1.0
0.9995098
0.9999999
1.0
1.0
1.0
1.0
1.0
0.99999976
1.0
1.0
1.0
1.0
0.9999999
1.0
1.0
1.0
1.0
1.0
0.99997663
1.0
1.0
0.99999976
1.0
1.0
0.9999999
1.0
1.0
0.99892694
0.9999944
0.9999994
1.0
1.0
0.9999999
0.99818254
0.99999344
0.999938
1.0
1.0
1.0
0.99999654
0.99999964
0.9999715
1.0
0.9999993
0.9998827
1.0
1.0
1.0
0.99993384
0.9738955
0.4586041
0.99999535
0.98874086
0.9460856
0.99998116
0.88254493
0.97998136
0.9999975
1.0
1.0
1.0
1.0
0.9999994
0.9999552
0.9993592
0.99999976
0.5905905
0.9876511
0.9995701
0.9160966
1.0
0.8541233
0.999985
0.9964224
1.0
0.9999937
0.99999964
1.0
1.0
0.9999968
1.0
0.9999995
1.0
0.99999964
1.0
0.9999994
1.0
0.99933904
1.0
0.999998
1.0
0.99994457
0.90408987
0.9851053
0.9892035
0.99999964
1.0
0.9999945
0.6197117
1.0
0.99799323
0.9999962
0.99999845
0.99941635
0.9999999
1.0
1.0
1.0
0.99980694
0.999962
0.99980193
1.0
0.99993694
0.99911207
0.99999654
1.0
0.9999697
0.99948967
0.99999404
0.99999964
0.7116047
1.0
1.0
0.9999926
1.0
1.0
0.9997284
0.9964365
1.0
1.0
1.0
1.0
0.99999976
1.0
1.0
1.0
1.0
1.0
1.0
0.9999999
1.0
1.0
1.0
1.0
1.0
1.0
0.72961795
1.0
1.0
1.0
1.0
1.0
1.0
1.0
1.0
1.0
0.9999989
0.99950254
1.0
1.0
1.0
1.0
0.9999995
1.0
1.0
0.99999917
1.0
0.99999404
1.0
1.0
1.0
1.0
0.99999726
0.9999999
1.0
0.9999987
1.0
1.0
1.0
1.0
1.0
1.0
1.0
0.99997723
1.0
1.0
0.99999535
0.9999999
1.0
0.99999464
0.9999999
1.0
1.0
1.0
1.0
1.0
1.0
1.0
0.9999999
1.0
1.0
0.99995697
1.0
1.0
0.99999976
1.0
1.0
0.9999999
1.0
1.0
1.0
1.0
0.9999999
0.9999989
1.0
0.9999974
0.9996418
0.9999943
1.0
1.0
0.9999908
0.99999976
1.0
1.0
1.0
1.0
1.0
0.99986756
1.0
1.0
1.0
1.0
1.0
1.0
1.0
0.9977284
0.9999975
1.0
0.99999833
0.988054
0.9999999
0.99999976
0.99999726
1.0
0.9999964
0.9999999
0.9999993
1.0
1.0
1.0
0.9743652
0.99979943
1.0
1.0
1.0
0.9999995
1.0
0.99999976
1.0
0.99999905
0.9999999
1.0
1.0
0.9999751
1.0
1.0
1.0
1.0
1.0
0.9999999
1.0
1.0
1.0
1.0
1.0
0.9999995
1.0
0.99999976
0.99441975
0.99999976
0.9999982
1.0
0.9999982
0.99999976
1.0
1.0
1.0
1.0
0.9999993
1.0
1.0
0.98943794
1.0
1.0
0.9999987
1.0
1.0
1.0
1.0
1.0
0.99999917
0.99999976
0.9998975
1.0
0.9999937
1.0
0.99999964
1.0
0.9999993
1.0
1.0
1.0
0.9999888
0.9999994
0.99999964
1.0
1.0
1.0
1.0
1.0
1.0
1.0
0.9999994
1.0
0.9999995
1.0
1.0
1.0
1.0
1.0
0.9999969
1.0
1.0
1.0
1.0
1.0
0.9999908
1.0
1.0
1.0
0.9999901
1.0
0.5709735
0.9999931
1.0
1.0
1.0
0.99998045
0.9999999
1.0
0.99999976
0.9999999
1.0
0.9999994
1.0
1.0
1.0
1.0
1.0
1.0
1.0
1.0
1.0
1.0
0.9999964
0.99999845
1.0
0.9999974
1.0
1.0
1.0
1.0
1.0
0.9998654
1.0
0.9999999
1.0
1.0
0.99673116
1.0
0.999987
0.9999999
0.9999999
1.0
1.0
1.0
0.99981517
1.0
1.0
0.9997484
0.9997414
1.0
1.0
1.0
0.99999917
1.0
1.0
0.99995685
1.0
1.0
0.9999993
0.9999509
1.0
1.0
0.9999999
0.99995756
1.0
0.9999579
0.9999994
0.9999919
1.0
1.0
0.9999989
1.0
0.9999583
1.0
1.0
1.0
0.99999833
1.0
0.99999547
0.9999957
1.0
0.9999999
1.0
1.0
1.0
1.0
1.0
1.0
1.0
1.0
1.0
0.9999994
1.0
0.9999949
1.0
1.0
0.9999999
0.99999976
0.99956125
1.0
1.0
0.9999999
1.0
1.0
1.0
1.0
1.0
0.99992824
1.0
1.0
1.0
1.0
1.0
1.0
0.9999999
0.99999905
1.0
0.99999917
1.0
1.0
1.0
1.0
1.0
1.0
0.99999845
1.0
1.0
1.0
1.0
1.0
1.0
1.0
1.0
1.0
0.99956876
1.0
1.0
1.0
1.0
0.9999995
1.0
1.0
1.0
1.0
0.99999976
1.0
1.0
1.0
1.0
1.0
0.9999999
0.99999964
1.0
1.0
1.0
1.0
1.0
1.0
1.0
1.0
1.0
1.0
1.0
1.0
1.0
1.0
1.0
0.9999981
1.0
1.0
1.0
0.9999999
0.9999994
1.0
0.9999949
1.0
0.99999905
1.0
1.0
1.0
1.0
0.99999964
1.0
0.9999981
0.9999933
0.99999964
1.0
1.0
1.0
1.0
0.9999993
1.0
1.0
1.0
1.0
1.0
0.9999999
0.99999976
1.0
1.0
0.99999976
1.0
0.9962212
1.0
1.0
1.0
0.99999726
0.99913293
1.0
1.0
1.0
0.9999999
1.0
1.0
0.9999993
1.0
0.99999917
0.9999982
1.0
1.0
1.0
1.0
0.99999964
1.0
0.99997914
1.0
0.99999976
0.9999999
1.0
1.0
1.0
1.0
0.9999988
1.0
0.9995061
1.0
1.0
0.9999999
1.0
1.0
0.99999917
1.0
0.99999106
1.0
1.0
1.0
0.9999925
0.9999765
0.99999607
1.0
1.0
0.9999999
1.0
0.99999964
1.0
1.0
1.0
1.0
1.0
0.99999964
0.9999703
0.99999976
1.0
1.0
1.0
1.0
1.0
1.0
0.99999917
1.0
1.0
1.0
1.0
1.0
0.9831592
1.0
0.9999999
1.0
1.0
1.0
1.0
0.9999999
1.0
1.0
1.0
0.9999982
1.0
1.0
0.99995124
1.0
1.0
0.9999994
1.0
1.0
1.0
1.0
1.0
1.0
1.0
1.0
1.0
0.9999993
1.0
1.0
0.9999999
1.0
1.0
0.99986196
1.0
0.99999547
1.0
0.9999999
1.0
1.0
1.0
0.9999981
0.9999999
1.0
1.0
1.0
1.0
1.0
1.0
1.0
0.9999995
1.0
0.9999999
0.9999999
1.0
0.9999995
1.0
1.0
0.99999785
1.0
1.0
1.0
0.9999999
1.0
1.0
1.0
1.0
1.0
1.0
1.0
0.99999917
1.0
1.0
1.0
0.99999964
0.99999964
1.0
0.97915316
1.0
1.0
1.0
1.0
1.0
0.9999981
0.9999999
1.0
1.0
0.99986696
0.99999964
0.9999857
1.0
0.9856706
1.0
1.0
1.0
0.99493754
0.99999857
1.0
1.0
0.99993145
1.0
1.0
0.9999994
1.0
0.9999945
0.9999944
1.0
1.0
0.9999994
1.0
1.0
0.9999999
0.99999857
1.0
0.99823254
1.0
1.0
1.0
1.0
0.99960333
0.9999896
1.0
1.0
1.0
0.9999999
1.0
0.9999995
1.0
0.99993265
1.0
1.0
1.0
0.99999976
1.0
1.0
1.0
1.0
0.999995
0.9999931
0.9999999
0.9999999
0.99999976
1.0
1.0
0.9999999
1.0
0.99999964
0.9999968
1.0
0.9999988
0.9999993
1.0
1.0
1.0
1.0
1.0
1.0
0.9999969
1.0
0.99999964
1.0
1.0
1.0
1.0
1.0
1.0
1.0
0.99999976
1.0
0.9999993
0.9999993
1.0
1.0
0.9999999
1.0
1.0
1.0
0.99999976
0.99999905
1.0
1.0
1.0
0.99999976
0.9999995
0.9999999
1.0
1.0
1.0
0.9999994
1.0
1.0
1.0
1.0
1.0
1.0
1.0
1.0
1.0
0.99999964
0.99999976
1.0
1.0
0.99999976
0.9999999
0.9999944
1.0
1.0
1.0
1.0
1.0
1.0
0.9999999
1.0
0.9999987
0.9999993
1.0
0.9999976
0.9999994
1.0
0.9999999
1.0
1.0
1.0
0.99999595
1.0
1.0
1.0
0.9999995
0.9999951
1.0
1.0
1.0
0.9999999
0.9998247
1.0
1.0
1.0
1.0
1.0
1.0
1.0
1.0
1.0
1.0
1.0
1.0
1.0
1.0
1.0
1.0
1.0
0.99999976
0.9999964
1.0
0.99999976
1.0
1.0
1.0
0.9999999
0.9999999
0.9999999
1.0
1.0
0.99999034
1.0
1.0
1.0
1.0
0.9999999
0.99999976
1.0
1.0
1.0
1.0
1.0
1.0
1.0
1.0
1.0
0.99999964
0.999998
1.0
0.9999995
0.99999964
0.99999976
0.9999999
1.0
1.0
1.0
0.99999976
1.0
1.0
0.99999964
1.0
0.9999999
0.9999999
1.0
1.0
0.99999976
0.9999999
1.0
1.0
1.0
1.0
1.0
1.0
1.0
1.0
1.0
0.99999976
1.0
0.9999398
1.0
0.9999839
1.0
1.0
0.9999993
1.0
1.0
1.0
0.96909016
1.0
0.99999344
1.0
0.9999999
0.99999964
0.9999893
1.0
1.0
1.0
0.9967751
1.0
1.0
1.0
1.0
1.0
0.9999995
1.0
1.0
1.0
0.9998621
1.0
0.9999993
1.0
0.9999994
1.0
1.0
0.9999999
1.0
1.0
1.0
0.9977387
0.9999975
1.0
1.0
0.99999833
0.9999993
1.0
1.0
1.0
1.0
0.9999999
0.9998934
1.0
1.0
1.0
1.0
1.0
1.0
0.9999993
0.9999114
0.99998784
1.0
1.0
1.0
1.0
0.99999845
0.9998344
1.0
1.0
1.0
1.0
1.0
1.0
0.9998222
1.0
0.9999949
1.0
1.0
1.0
0.99998915
1.0
1.0
1.0
0.9999999
1.0
1.0
1.0
1.0
1.0
1.0
1.0
0.99999976
0.9999999
1.0
1.0
0.9999989
1.0
1.0
1.0
1.0
1.0
1.0
1.0
1.0
1.0
1.0
0.99999976
0.9999999
1.0
1.0
1.0
1.0
1.0
0.99999857
1.0
1.0
1.0
1.0
1.0
1.0
0.9999994
1.0
1.0
1.0
0.9999982
1.0
0.9999958
1.0
1.0
1.0
1.0
1.0
1.0
0.99999547
1.0
1.0
1.0
0.99999905
1.0
1.0
1.0
0.99999917
0.99999464
1.0
1.0
1.0
1.0
1.0
0.9999527
1.0
0.9999999
1.0
1.0
1.0
0.9999999
1.0
1.0
1.0
1.0
0.9999999
1.0
1.0
1.0
1.0
1.0
1.0
1.0
1.0
1.0
1.0
1.0
1.0
1.0
0.99999976
0.99999714
1.0
0.9999995
1.0
1.0
1.0
1.0
1.0
1.0
1.0
1.0
1.0
0.99999857
0.9999974
1.0
0.9999999
1.0
1.0
1.0
1.0
0.9999999
0.99999475
1.0
0.99999976
1.0
1.0
1.0
1.0
0.99999976
1.0
0.99998236
1.0
0.99993527
1.0
1.0
0.9999988
1.0
1.0
1.0
0.9999999
1.0
1.0
1.0
1.0
1.0
0.99987614
1.0
0.99999976
1.0
1.0
0.9999999
0.9999993
0.9999999
0.9999995
1.0
0.99999976
1.0
1.0
0.9999999
0.9999989
1.0
1.0
1.0
1.0
1.0
0.99999917
0.99998116
0.99999857
1.0
1.0
0.9999999
0.99999976
1.0
0.9999995
0.9999999
1.0
1.0
0.99999785
1.0
1.0
0.9999994
0.9999999
1.0
1.0
1.0
1.0
0.99999964
0.9999999
1.0
0.9999989
1.0
0.9999999
1.0
1.0
1.0
1.0
1.0
1.0
1.0
1.0
1.0
1.0
0.9999999
1.0
1.0
0.99999857
1.0
1.0
1.0
1.0
1.0
1.0
1.0
1.0
0.99999976
1.0
0.9999995
1.0
1.0
0.9999994
1.0
1.0
0.9999989
0.99999976
1.0
1.0
0.9999943
1.0
0.99999976
0.99983525
0.99990666
1.0
1.0
1.0
1.0
1.0
1.0
1.0
1.0
1.0
1.0
1.0
0.99999976
0.9999989
1.0
1.0
1.0
1.0
1.0
1.0
1.0
1.0
1.0
1.0
1.0
1.0
1.0
1.0
1.0
1.0
1.0
1.0
1.0
1.0
1.0
1.0
0.99999976
0.9999999
1.0
1.0
1.0
0.99999976
1.0
0.9999999
1.0
0.99999344
1.0
0.9999988
0.99999845
1.0
0.9999999
1.0
1.0
1.0
1.0
1.0
1.0
1.0
1.0
1.0
1.0
0.9999732
1.0
1.0
0.999987
0.9999994
0.99999917
1.0
1.0
1.0
1.0
1.0
1.0
1.0
1.0
0.9999999
0.9999951
0.99999833
1.0
1.0
1.0
1.0
1.0
1.0
0.99999964
0.9999844
0.9999999
1.0
1.0
1.0
0.9999945
1.0
1.0
1.0
0.9999999
1.0
1.0
1.0
1.0
1.0
1.0
0.9999999
1.0
0.9999825
0.9999993
0.9999845
0.9974693
1.0
1.0
0.9985267
1.0
0.9999949
1.0
0.66787827
0.9999769
0.99996674
1.0
0.99978656
1.0
1.0
0.99997985
0.9999963
1.0
0.9999864
0.99999523
1.0
0.99999785
1.0
1.0
1.0
1.0
1.0
1.0
1.0
0.9999994
1.0
1.0
1.0
1.0
1.0
0.99999976
1.0
1.0
1.0
1.0
0.9999999
1.0
1.0
1.0
1.0
0.99999154
0.9999995
0.9999999
1.0
0.99999976
1.0
1.0
1.0
0.99999964
1.0
0.99999964
1.0
0.9999957
0.9999784
0.99999964
1.0
0.9999975
0.9999999
1.0
1.0
1.0
1.0
1.0
1.0
1.0
1.0
0.9999989
1.0
0.9999993
0.99999404
0.99999964
0.99999857
0.9999559
1.0
1.0
0.9998424
1.0
0.9999999
1.0
0.99986315
1.0
0.99998796
0.999956
1.0
1.0
1.0
1.0
1.0
0.99999845
1.0
1.0
1.0
1.0
1.0
0.9999999
1.0
1.0
1.0
1.0
0.9999993
1.0
1.0
1.0
1.0
1.0
0.9999999
0.9999999
1.0
0.9999999
1.0
1.0
1.0
1.0
1.0
1.0
1.0
1.0
1.0
0.99998546
1.0
1.0
1.0
1.0
0.9999999
1.0
0.99528617
1.0
1.0
1.0
1.0
1.0
1.0
0.9999987
1.0
0.99999833
1.0
1.0
1.0
1.0
0.99998486
0.9999839
1.0
1.0
1.0
0.999998
0.9999778
1.0
1.0
0.9999995
1.0
1.0
0.9999999
0.99999964
0.99999464
0.99999917
1.0
1.0
0.9999999
0.9999999
1.0
1.0
1.0
0.9999994
1.0
1.0
1.0
1.0
1.0
1.0
1.0
0.9999702
1.0
1.0
1.0
0.9999958
1.0
1.0
1.0
1.0
1.0
1.0
1.0
0.9999999
1.0
0.99999857
0.99999976
1.0
1.0
1.0
1.0
1.0
1.0
1.0
1.0
1.0
1.0
1.0
0.9999989
1.0
1.0
1.0
0.99999964
1.0
1.0
1.0
1.0
1.0
1.0
1.0
1.0
1.0
1.0
1.0
0.9959928
1.0
0.9986327
0.9999999
0.99989283
0.99999666
0.99973005
0.9999995
1.0
0.99999857
0.9992091
1.0
0.9999933
0.9999999
0.9999999
1.0
0.9999937
1.0
1.0
0.9999629
0.9999782
1.0
0.9999964
1.0
1.0
0.99999774
1.0
0.9999975
1.0
0.99999857
1.0
0.9999974
0.9999758
0.9973116
0.99981326
0.9909765
0.981406
1.0
0.9999993
1.0
0.9999999
0.9999999
1.0
0.99958307
0.9999932
0.99878913
0.9992501
0.99987495
0.99996614
1.0
0.99999857
0.9982382
1.0
1.0
0.99999726
1.0
0.9999976
1.0
1.0
1.0
1.0
1.0
1.0
1.0
0.9999995
1.0
1.0
0.99999833
1.0
0.9997814
1.0
1.0
1.0
1.0
1.0
1.0
1.0
0.9999999
1.0
1.0
0.9999999
1.0
1.0
1.0
0.9999994
1.0
1.0
1.0
1.0
1.0
1.0
1.0
0.99994075
1.0
0.999998
1.0
1.0
1.0
1.0
1.0
0.99999964
0.9999999
1.0
1.0
1.0
0.99999917
0.99998724
1.0
1.0
0.9999995
1.0
1.0
1.0
1.0
1.0
1.0
1.0
1.0
1.0
1.0
1.0
1.0
0.99998105
0.999979
0.99999976
0.99999976
0.9999988
1.0
0.9999995
1.0
1.0
0.9999999
1.0
1.0
1.0
1.0
1.0
0.99995625
1.0
0.999998
1.0
1.0
1.0
1.0
0.9999987
1.0
1.0
1.0
1.0
0.9999999
1.0
0.9999999
1.0
0.9999999
0.9999999
1.0
1.0
1.0
0.9999918
1.0
1.0
1.0
1.0
1.0
1.0
1.0
1.0
1.0
0.9999999
0.99999034
0.99999976
1.0
1.0
1.0
1.0
1.0
1.0
1.0
1.0
1.0
1.0
1.0
1.0
1.0
0.9999989
0.99999666
0.99999535
0.9966857
1.0
1.0
1.0
0.99999976
1.0
0.99999905
0.99999857
0.9999999
0.99998057
0.99999964
0.9999995
1.0
0.9999987
1.0
1.0
0.99999964
1.0
1.0
0.99999905
1.0
1.0
0.9999999
1.0
1.0
1.0
1.0
0.8055623
0.999998
0.99999917
1.0
0.99999785
0.998623
0.9999832
1.0
0.9999987
0.9999957
0.9999993
0.99999845
1.0
0.99996245
0.9999844
0.99999547
1.0
1.0
1.0
0.9999999
1.0
1.0
0.99999964
1.0
1.0
1.0
0.9999989
1.0
1.0
1.0
1.0
0.9999894
0.99999964
0.99999964
1.0
1.0
1.0
0.9999999
0.8503573
1.0
0.99999964
1.0
0.9976164
0.994739
1.0
1.0
1.0
0.99985063
0.9999186
0.99999607
0.9999958
0.9999995
0.8460878
0.9918031
0.9999995
1.0
1.0
1.0
1.0
0.99997985
0.9999999
0.99999607
1.0
1.0
1.0
1.0
0.9999999
1.0
1.0
1.0
1.0
1.0
1.0
1.0
0.9999999
1.0
0.9999975
1.0
0.99999726
0.99999523
1.0
1.0
1.0
0.9999999
1.0
0.9999989
0.99999964
0.99999905
1.0
1.0
1.0
1.0
1.0
1.0
0.99999976
1.0
1.0
1.0
1.0
0.99999976
1.0
0.9999807
0.9998499
0.9778471
0.99999976
1.0
1.0
1.0
0.9999988
0.9655457
0.9999989
1.0
1.0
1.0
1.0
0.9999976
0.9999987
1.0
0.999998
1.0
1.0
1.0
1.0
0.99999917
0.9999989
1.0
1.0
0.9999999
1.0
1.0
1.0
1.0
1.0
0.99621946
1.0
0.58577687
1.0
0.99999976
1.0
1.0
1.0
1.0
1.0
1.0
1.0
0.9999995
1.0
0.9999999
1.0
1.0
0.9999999
1.0
0.99999666
0.99995565
0.9999999
1.0
1.0
1.0
0.99999857
1.0
1.0
1.0
1.0
1.0
1.0
1.0
0.9999995
1.0
0.9999999
0.99999857
1.0
1.0
1.0
1.0
1.0
1.0
0.9999809
1.0
1.0
1.0
0.9999999
1.0
1.0
1.0
1.0
1.0
0.9995401
1.0
1.0
1.0
1.0
1.0
0.9999995
1.0
1.0
1.0
0.9999777
1.0
1.0
1.0
1.0
1.0
1.0
0.9999989
1.0
1.0
1.0
1.0
1.0
1.0
1.0
1.0
1.0
0.99999976
1.0
0.99999595
1.0
0.9999993
0.9999664
0.99999785
0.99999225
1.0
0.99999917
0.9999999
0.9999558
0.99999976
1.0
1.0
0.9999999
0.9999064
0.99999917
0.9999994
1.0
0.9999999
1.0
0.999992
0.9998215
0.999992
0.9999999
1.0
0.9999987
1.0
0.99999976
1.0
1.0
1.0
0.99833506
0.9852865
1.0
0.99999917
0.99986887
1.0
0.999995
0.9999981
0.95068365
1.0
0.99999976
1.0
0.9999999
1.0
1.0
1.0
1.0
0.99999607
1.0
0.9999994
0.99999726
0.99997485
0.99999714
0.9999993
0.99999666
1.0
0.9999906
1.0
1.0
1.0
0.9999989
1.0
1.0
1.0
1.0
1.0
1.0
1.0
1.0
1.0
0.9999999
1.0
1.0
1.0
1.0
1.0
0.9999995
1.0
1.0
0.99999833
1.0
1.0
1.0
1.0
1.0
1.0
0.9999994
1.0
1.0
1.0
1.0
1.0
1.0
1.0
1.0
0.9999963
1.0
1.0
1.0
1.0
1.0
1.0
1.0
1.0
0.99999595
1.0
1.0
1.0
1.0
1.0
1.0
0.99999845
1.0
1.0
1.0
0.999998
1.0
0.9999999
0.9999994
0.9999993
1.0
1.0
1.0
1.0
1.0
1.0
0.99999917
1.0
0.9999999
1.0
1.0
0.9999999
1.0
1.0
0.99999964
1.0
1.0
1.0
1.0
1.0
1.0
1.0
0.9999993
1.0
1.0
1.0
1.0
0.99999917
0.9999926
1.0
1.0
1.0
1.0
1.0
1.0
1.0
1.0
1.0
0.99999976
1.0
1.0
0.9999888
1.0
1.0
0.99999905
0.99999976
1.0
1.0
1.0
0.9999993
0.9999999
1.0
1.0
1.0
1.0
1.0
1.0
0.9999981
1.0
1.0
1.0
1.0
1.0
1.0
1.0
1.0
1.0
1.0
1.0
1.0
1.0
1.0
0.9999999
0.99999976
1.0
1.0
1.0
1.0
1.0
1.0
1.0
1.0
1.0
1.0
1.0
1.0
1.0
1.0
1.0
1.0
1.0
0.9999999
1.0
1.0
1.0
1.0
1.0
1.0
1.0
1.0
1.0
1.0
1.0
1.0
1.0
1.0
0.9999974
1.0
1.0
1.0
1.0
1.0
1.0
1.0
1.0
1.0
1.0
1.0
1.0
1.0
1.0
1.0
1.0
0.9999999
1.0
1.0
1.0
0.9999989
1.0
0.99996006
1.0
0.9999999
1.0
0.9999994
1.0
1.0
1.0
1.0
1.0
1.0
1.0
1.0
1.0
1.0
1.0
1.0
1.0
1.0
1.0
1.0
0.99999845
1.0
1.0
1.0
1.0
1.0
1.0
1.0
1.0
1.0
0.9999995
1.0
1.0
1.0
1.0
1.0
1.0
0.99999976
1.0
1.0
1.0
1.0
0.9999995
0.9999999
1.0
1.0
1.0
0.99999976
1.0
0.99999976
1.0
1.0
1.0
1.0
1.0
1.0
1.0
1.0
1.0
1.0
1.0
1.0
1.0
1.0
1.0
1.0
1.0
0.9999993
1.0
1.0
0.9999999
1.0
1.0
1.0
1.0
1.0
1.0
1.0
1.0
1.0
0.99999976
1.0
1.0
1.0
1.0
1.0
1.0
1.0
1.0
1.0
1.0
1.0
1.0
1.0
1.0
1.0
1.0
1.0
1.0
1.0
1.0
1.0
1.0
1.0
1.0
1.0
1.0
0.99999964
1.0
0.99999976
1.0
0.9999999
1.0
1.0
1.0
1.0
1.0
1.0
1.0
1.0
1.0
1.0
1.0
1.0
1.0
1.0
1.0
1.0
1.0
1.0
1.0
1.0
1.0
1.0
0.9999999
1.0
1.0
1.0
1.0
1.0
1.0
1.0
1.0
0.9999968
1.0
1.0
1.0
1.0
0.99999607
1.0
0.9999927
1.0
1.0
0.9999999
1.0
1.0
1.0
1.0
1.0
1.0
1.0
0.99999976
1.0
1.0
1.0
1.0
0.9999999
0.99999976
1.0
1.0
1.0
1.0
1.0
1.0
0.9999989
1.0
1.0
1.0
1.0
1.0
1.0
1.0
1.0
1.0
1.0
1.0
1.0
1.0
1.0
1.0
1.0
0.99999976
1.0
1.0
1.0
1.0
1.0
1.0
1.0
0.9999999
1.0
1.0
1.0
1.0
1.0
0.99999297
1.0
1.0
1.0
1.0
1.0
1.0
1.0
0.99999976
1.0
1.0
1.0
1.0
1.0
1.0
1.0
1.0
1.0
1.0
0.9999887
1.0
1.0
1.0
1.0
1.0
1.0
1.0
1.0
1.0
1.0
1.0
1.0
0.99999964
1.0
1.0
1.0
0.9999993
1.0
1.0
1.0
1.0
1.0
0.99999964
1.0
1.0
1.0
1.0
1.0
1.0
1.0
1.0
0.9999995
1.0
1.0
0.9999993
1.0
1.0
1.0
0.9999999
1.0
0.99999976
0.9999989
1.0
1.0
1.0
0.9987923
0.99999774
1.0
0.99999297
0.9999999
0.9999863
0.9998436
0.9998789
0.9999945
0.9999995
0.9759562
1.0
0.99999976
1.0
1.0
0.99929416
0.99998415
1.0
1.0
0.9999995
1.0
0.9999999
1.0
1.0
1.0
1.0
1.0
0.99998
1.0
0.9999999
0.9999976
0.9999999
1.0
1.0
0.9999999
0.9999956
0.9999994
0.9999999
1.0
1.0
0.9999999
0.9999999
0.99999964
1.0
1.0
1.0
1.0
1.0
0.9999969
0.99999976
1.0
1.0
0.9999877
1.0
1.0
1.0
1.0
1.0
0.99999976
0.9999999
0.9999858
1.0
0.99795
1.0
1.0
1.0
1.0
1.0
1.0
1.0
0.9999999
1.0
0.9999707
1.0
1.0
1.0
1.0
1.0
1.0
1.0
1.0
0.9999989
1.0
1.0
0.9999999
0.9999999
1.0
0.9999989
1.0
1.0
1.0
1.0
1.0
1.0
1.0
1.0
1.0
1.0
1.0
0.99999976
1.0
0.999998
1.0
0.99996674
1.0
1.0
1.0
1.0
1.0
1.0
1.0
0.9999989
0.99999857
1.0
0.9999994
0.9999999
1.0
1.0
0.999998
1.0
1.0
1.0
1.0
1.0
1.0
1.0
1.0
1.0
1.0
1.0
1.0
0.999998
0.9999975
1.0
1.0
1.0
1.0
1.0
1.0
1.0
1.0
1.0
1.0
1.0
0.99999774
1.0
0.9999968
1.0
1.0
0.9989249
1.0
1.0
1.0
1.0
1.0
1.0
0.9999995
1.0
1.0
1.0
1.0
0.99998486
0.99999976
1.0
1.0
1.0
1.0
1.0
1.0
1.0
1.0
1.0
1.0
1.0
1.0
1.0
1.0
1.0
1.0
0.9999999
1.0
1.0
0.9999999
1.0
1.0
0.9999993
1.0
1.0
1.0
1.0
1.0
1.0
1.0
1.0
1.0
1.0
1.0
1.0
1.0
0.9999999
1.0
1.0
1.0
1.0
1.0
0.99999976
1.0
1.0
1.0
1.0
1.0
1.0
1.0
0.9999999
1.0
1.0
0.99999976
1.0
1.0
1.0
1.0
1.0
1.0
1.0
0.99999976
1.0
1.0
1.0
1.0
1.0
1.0
1.0
1.0
1.0
1.0
1.0
0.99999774
1.0
1.0
1.0
1.0
1.0
1.0
0.99999464
0.9999995
1.0
0.9999994
1.0
1.0
0.9999999
0.9999995
0.9999999
1.0
1.0
1.0
1.0
0.9999938
1.0
0.99999976
1.0
1.0
1.0
1.0
1.0
1.0
0.99999833
1.0
1.0
1.0
1.0
0.9999999
0.9999994
1.0
1.0
1.0
1.0
1.0
1.0
1.0
1.0
1.0
1.0
0.9999956
1.0
0.9999999
1.0
0.99999964
0.9999963
1.0
1.0
1.0
1.0
0.99999964
0.9999988
1.0
1.0
1.0
1.0
1.0
1.0
1.0
1.0
1.0
1.0
0.9999968
1.0
1.0
1.0
1.0
1.0
1.0
1.0
1.0
1.0
0.99999976
0.9999982
0.9999999
1.0
1.0
1.0
1.0
1.0
0.99999845
1.0
1.0
1.0
0.9999796
0.99996805
1.0
1.0
0.99999917
0.9999999
1.0
0.9999603
1.0
1.0
0.9999999
0.99999964
1.0
1.0
1.0
0.9999999
1.0
1.0
0.99999833
1.0
1.0
0.9999989
0.99999964
1.0
1.0
0.99999976
1.0
1.0
1.0
1.0
1.0
0.99999917
1.0
0.99999666
1.0
1.0
0.9999999
0.9999993
1.0
0.9999999
0.99995816
1.0
0.9999988
1.0
1.0
1.0
0.9999999
0.9920238
1.0
0.9999999
1.0
1.0
1.0
0.9999851
1.0
1.0
0.9999999
0.99997187
0.9999999
1.0
0.99999666
1.0
1.0
0.99999976
1.0
0.9999999
0.9999987
1.0
1.0
1.0
1.0
0.99999964
0.99995637
1.0
1.0
0.9999999
0.99999714
1.0
0.9999982
1.0
0.999997
1.0
1.0
1.0
0.9999989
1.0
0.9996557
0.99974364
0.9999927
1.0
0.9999329
0.9997336
1.0
1.0
1.0
1.0
1.0
1.0
0.99999976
0.9999988
0.9999845
1.0
0.9999999
1.0
1.0
1.0
1.0
1.0
0.99999654
0.9999939
1.0
0.999835
1.0
0.99999845
1.0
1.0
0.99999976
1.0
0.9999999
1.0
1.0
0.9999939
1.0
0.99999857
1.0
1.0
1.0
1.0
0.9999361
0.9999988
0.99999833
1.0
1.0
1.0
0.99999964
1.0
0.9999993
1.0
1.0
1.0
1.0
1.0
0.99999976
0.9999918
1.0
1.0
0.9999999
1.0
1.0
1.0
0.99999976
0.9999999
1.0
0.99999964
1.0
0.9999999
0.99999964
0.9998785
1.0
0.9999198
0.9999765
1.0
0.9999459
1.0
0.9998665
0.9999807
1.0
0.9999994
1.0
1.0
0.942249
1.0
1.0
0.99999905
1.0
1.0
1.0
0.9999974
1.0
1.0
0.9999994
1.0
0.9999865
0.99999976
1.0
0.9999999
1.0
0.99999523
0.99999976
1.0
1.0
0.99999905
0.9999932
1.0
1.0
0.9949297
0.99999976
1.0
1.0
0.99998665
0.99999964
1.0
1.0
0.9998801
0.9999962
0.9744879
1.0
0.99999976
1.0
1.0
1.0
0.9999769
1.0
1.0
0.99999547
1.0
1.0
0.9999999
0.9999993
1.0
1.0
0.99999917
1.0
1.0
1.0
0.9999993
1.0
0.9999999
1.0
1.0
1.0
0.9999999
0.9999999
1.0
1.0
0.9999999
0.9999927
1.0
1.0
1.0
1.0
0.99999654
1.0
1.0
1.0
1.0
1.0
1.0
1.0
1.0
1.0
0.9999999
0.9992601
0.9999999
1.0
1.0
0.99999964
1.0
1.0
0.99999523
1.0
0.9999993
1.0
1.0
0.99994314
1.0
1.0
0.99999976
1.0
1.0
1.0
1.0
0.9998758
1.0
1.0
1.0
1.0
0.9995447
0.9999937
1.0
0.9999999
1.0
0.9999857
0.9999994
1.0
0.8627193
0.99999976
0.999701
0.99999726
1.0
0.9999912
0.9999999
0.9818087
0.9999994
1.0
1.0
1.0
0.9999975
0.9999999
0.7439576
1.0
0.9999747
0.9993554
0.51979065
0.9999999
1.0
0.9999654
0.879
0.9993298
0.9999995
0.9996146
1.0
1.0
1.0
0.9999989
1.0
0.99999976
0.9999875
0.99913543
1.0
1.0
1.0
0.9999962
0.9999993
1.0
1.0
0.99984515
1.0
0.99999154
0.99832743
0.9999968
0.99999225
1.0
1.0
0.8327887
1.0
1.0
0.99945194
1.0
0.9999995
1.0
0.9999958
0.9999784
0.99998176
0.36647907
1.0
1.0
0.9999999
0.99999964
0.9999999
1.0
0.99999845
0.99932706
0.9999999
0.9999999
1.0
0.99999976
0.97932416
0.9980159
0.99998105
1.0
1.0
1.0
0.8831816
0.9998561
0.9999821
0.9999994
1.0
0.9999968
1.0
1.0
1.0
1.0
1.0
0.9999995
1.0
1.0
0.9999993
0.9999994
0.99953485
1.0
0.99999535
1.0
1.0
0.9999883
0.9999981
1.0
1.0
0.9999999
0.9999999
0.9999999
0.99998784
1.0
1.0
0.99999714
0.9999974
0.9999969
1.0
0.99999607
1.0
0.99999845
0.99999523
0.9999999
1.0
1.0
0.9999937
0.99998987
1.0
1.0
1.0
0.99999356
1.0
1.0
1.0
0.9999968
0.99999964
0.9961792
0.9999485
0.9999999
0.99992514
0.9999732
0.99999976
1.0
1.0
1.0
0.9999999
1.0
0.99959344
1.0
0.9999994
1.0
1.0
0.9999993
0.9874314
1.0
0.7254766
1.0
1.0
1.0
1.0
1.0
0.9999994
0.9999771
0.9999995
0.99987066
1.0
0.9999993
0.99669397
1.0
1.0
1.0
0.99999964
1.0
1.0
1.0
1.0
1.0
0.8853322
0.9985607
1.0
0.9999995
0.9999999
1.0
1.0
1.0
0.99955934
1.0
0.9999999
1.0
1.0
1.0
0.9999999
1.0
0.99998045
0.9999999
1.0
0.9930099
1.0
1.0
1.0
0.99999976
0.9999927
1.0
1.0
0.9999999
0.99999964
1.0
1.0
1.0
1.0
1.0
0.9999956
1.0
0.99999607
0.99999595
1.0
0.9999478
0.9999995
1.0
1.0
1.0
1.0
0.9999994
0.99999976
0.970363
0.9999844
0.9999937
1.0
1.0
0.9999995
0.99999774
0.99999905
0.99818003
0.9999999
0.9999993
0.88384813
1.0
1.0
1.0
1.0
0.999997
0.99999404
1.0
0.9998425
1.0
1.0
1.0
0.9999995
1.0
0.9999999
0.9999999
1.0
0.9999994
1.0
1.0
0.9999994
1.0
1.0
1.0
0.9999162
1.0
1.0
1.0
0.9999999
0.96946913
0.9999999
1.0
1.0
0.99981767
0.99999774
0.9999988
0.99999917
1.0
0.999556
1.0
0.99999607
0.99990356
0.999997
0.99997497
1.0
1.0
1.0
1.0
1.0
1.0
1.0
1.0
0.9999945
0.9999958
0.99603564
0.999509
0.9996743
1.0
1.0
1.0
1.0
1.0
1.0
0.99999905
1.0
1.0
0.99999106
1.0
1.0
1.0
1.0
1.0
0.99999404
1.0
1.0
0.9999999
1.0
1.0
1.0
1.0
1.0
0.99999857
1.0
1.0
1.0
0.99999905
1.0
0.9999981
1.0
1.0
0.999982
0.99999905
1.0
1.0
1.0
1.0
0.99999964
1.0
0.99999976
1.0
1.0
1.0
1.0
1.0
1.0
0.9999999
1.0
1.0
1.0
1.0
1.0
1.0
0.99999976
1.0
1.0
0.9999999
1.0
1.0
1.0
0.99999964
0.99994755
0.9999994
1.0
1.0
1.0
0.9999962
0.99999964
1.0
0.99999857
1.0
0.9999968
0.99999654
0.8328092
1.0
0.99999857
1.0
1.0
1.0
1.0
1.0
1.0
1.0
1.0
0.9999877
0.99999917
1.0
1.0
1.0
0.9999999
1.0
