1.0
1.0
1.0
1.0
1.0
1.0
0.99999857
1.0
0.9997769
0.99999774
1.0
1.0
0.999966
1.0
1.0
1.0
0.99999607
1.0
0.9889937
1.0
0.99998343
0.99999964
1.0
1.0
1.0
1.0
1.0
1.0
1.0
1.0
1.0
0.9999988
0.99999964
0.9999989
1.0
1.0
0.99999845
1.0
0.99998546
1.0
1.0
0.9999969
0.99999976
0.99998534
0.9999207
1.0
0.9999964
1.0
0.9999993
1.0
1.0
1.0
1.0
1.0
1.0
1.0
1.0
1.0
0.999998
0.99999785
0.9999999
1.0
0.98156285
0.9990484
1.0
1.0
1.0
0.9999999
1.0
1.0
1.0
1.0
1.0
0.99998915
1.0
1.0
1.0
1.0
0.99995804
0.99999857
1.0
1.0
1.0
1.0
1.0
1.0
0.9999999
0.9999949
1.0
1.0
1.0
1.0
0.8989158
0.99999046
1.0
0.99998164
0.9998646
0.9999993
1.0
1.0
1.0
1.0
1.0
1.0
0.9998468
0.99999976
1.0
0.9999999
0.9999994
1.0
1.0
0.9999424
0.99999726
1.0
1.0
0.99988985
1.0
1.0
0.9999987
0.99993384
1.0
0.99999976
1.0
1.0
0.9999833
0.9995925
0.9999999
1.0
1.0
1.0
1.0
1.0
1.0
0.9999999
1.0
1.0
1.0
1.0
1.0
0.9999994
1.0
1.0
0.9999993
1.0
1.0
1.0
1.0
1.0
1.0
0.91500294
0.9999999
0.9663385
1.0
1.0
1.0
1.0
1.0
1.0
0.99996877
1.0
0.99979764
1.0
1.0
1.0
1.0
1.0
1.0
0.9994624
1.0
1.0
1.0
0.9996012
1.0
0.99999034
1.0
0.99416935
1.0
1.0
1.0
1.0
1.0
1.0
1.0
1.0
0.999982
0.9999988
1.0
1.0
1.0
0.99999917
0.9999969
0.99997354
1.0
0.9960024
1.0
0.9999064
1.0
1.0
0.9999999
0.99656063
1.0
1.0
1.0
1.0
1.0
1.0
0.9999825
1.0
1.0
0.998865
1.0
0.9971854
1.0
1.0
0.9999958
1.0
1.0
0.99928826
1.0
1.0
0.99999964
0.999984
1.0
1.0
1.0
1.0
1.0
1.0
1.0
0.9999999
0.9999995
1.0
0.9999999
1.0
0.9999994
0.9999989
1.0
1.0
1.0
1.0
1.0
0.9999279
0.99999714
0.9999969
0.9999993
0.9987883
1.0
0.9997149
1.0
1.0
0.99999976
0.99999964
1.0
1.0
1.0
0.99998903
0.99999905
1.0
1.0
0.6863681
1.0
1.0
1.0
1.0
0.9963921
1.0
0.9998958
1.0
0.9999999
1.0
0.9999982
1.0
1.0
0.9999821
1.0
0.9999999
1.0
1.0
1.0
1.0
0.9999993
1.0
0.99967694
1.0
0.99999976
1.0
0.99999
0.9999982
1.0
0.9999999
0.9983664
0.99999714
0.99995184
1.0
1.0
1.0
1.0
0.9999995
0.9999976
1.0
1.0
0.9999999
1.0
0.9999987
1.0
1.0
1.0
1.0
1.0
1.0
1.0
1.0
1.0
0.9999733
1.0
1.0
1.0
0.99999833
0.9999995
1.0
0.9324134
0.83226013
0.9999926
1.0
0.999944
1.0
0.9898914
1.0
0.9999999
1.0
1.0
1.0
1.0
0.9999999
1.0
1.0
0.9998392
0.99999654
0.9999999
0.99998164
0.9208993
1.0
1.0
1.0
1.0
1.0
1.0
1.0
1.0
0.9999989
0.99999976
1.0
1.0
1.0
1.0
0.9999999
1.0
1.0
0.99553764
0.8711139
0.99999976
1.0
0.9999659
0.99999857
1.0
1.0
0.9994727
1.0
0.99981755
0.9999999
1.0
1.0
1.0
1.0
1.0
1.0
1.0
1.0
1.0
1.0
0.9999999
0.99878114
1.0
1.0
1.0
1.0
0.99999905
1.0
1.0
0.99999535
1.0
0.9999877
1.0
1.0
0.9999906
1.0
1.0
0.99999976
1.0
0.9999999
0.9999981
1.0
1.0
0.9999999
0.99998736
1.0
1.0
1.0
0.99999976
0.99999964
1.0
0.99990976
0.99999964
1.0
0.9999914
0.9999883
1.0
0.9778969
1.0
1.0
1.0
0.99999976
0.9999924
1.0
1.0
1.0
1.0
1.0
1.0
1.0
1.0
1.0
0.99999976
1.0
1.0
0.9999893
1.0
1.0
1.0
1.0
1.0
1.0
0.9999994
1.0
0.996338
0.91507334
0.99999225
0.99098563
0.9999317
0.98415923
0.9978173
1.0
0.99999964
1.0
0.9999896
1.0
0.9999883
0.9999924
1.0
1.0
0.999985
1.0
0.9999995
1.0
0.99961746
0.99999964
1.0
1.0
0.99999976
0.99999964
1.0
1.0
1.0
1.0
1.0
1.0
1.0
1.0
0.99998295
0.99985003
1.0
1.0
0.9999999
1.0
1.0
1.0
1.0
0.9999975
0.99999976
1.0
0.9999975
1.0
0.9999738
1.0
1.0
0.7587853
1.0
0.99997616
1.0
0.9999999
1.0
1.0
1.0
1.0
0.99999976
0.9999999
1.0
0.99982196
0.9999728
1.0
1.0
0.9999999
1.0
1.0
1.0
0.9999975
1.0
1.0
1.0
1.0
1.0
0.999998
1.0
0.9999995
1.0
1.0
0.9999999
1.0
0.99997616
1.0
0.9999794
0.9999914
1.0
1.0
1.0
1.0
0.9999908
1.0
1.0
0.9999999
0.99999976
1.0
0.9999839
0.9999932
1.0
1.0
1.0
0.99992895
0.99999034
1.0
0.9999969
0.9424642
0.99994767
0.99999964
1.0
1.0
1.0
0.99999726
0.9999988
0.99999845
1.0
0.99999905
1.0
1.0
1.0
1.0
1.0
1.0
1.0
0.99999714
1.0
0.9995708
0.99999976
0.99999976
1.0
0.9999999
0.9999999
1.0
0.99999905
1.0
1.0
1.0
0.62136716
0.658025
0.99999976
1.0
1.0
1.0
1.0
1.0
1.0
0.9999201
1.0
0.99983597
0.9999999
0.99999964
1.0
0.99999404
0.9999993
0.99999976
1.0
0.9999999
1.0
0.99999714
1.0
0.9999999
1.0
1.0
1.0
1.0
1.0
1.0
1.0
0.9998884
0.99999964
0.9999999
0.99999917
0.9999999
0.99999917
0.9893449
1.0
1.0
1.0
1.0
0.99971694
0.96785706
1.0
0.9999999
0.9999993
0.9999726
0.9999999
1.0
1.0
1.0
0.9999999
0.9999397
1.0
0.9999906
1.0
0.999995
0.9999999
1.0
0.9999474
1.0
1.0
0.99995244
0.9760498
1.0
1.0
1.0
0.99999905
1.0
1.0
1.0
1.0
1.0
1.0
1.0
0.9999925
0.7463265
1.0
0.99999964
1.0
1.0
1.0
1.0
1.0
0.99997854
1.0
0.99999774
1.0
0.9999951
1.0
0.9999982
0.9996749
1.0
0.9999999
0.9999993
0.99999976
0.99999976
1.0
0.99999917
1.0
0.9999975
0.9066185
0.99999905
1.0
1.0
0.9999999
0.95221627
0.99999976
0.9999027
1.0
1.0
1.0
1.0
1.0
1.0
0.99999976
0.99999833
0.99999917
1.0
0.9999994
1.0
1.0
1.0
1.0
0.9999999
1.0
1.0
1.0
1.0
0.9999993
1.0
1.0
0.9999951
0.9829988
0.98995435
1.0
1.0
0.999265
1.0
1.0
0.9997793
1.0
1.0
0.9911771
1.0
0.9999876
1.0
0.9999999
1.0
1.0
0.9999999
0.99999976
1.0
0.99999976
0.99999523
0.9997273
0.999995
0.9963904
0.99999535
1.0
1.0
1.0
1.0
0.99998856
1.0
0.99999964
1.0
1.0
1.0
1.0
1.0
1.0
1.0
1.0
1.0
1.0
1.0
0.9999963
0.99999654
0.9999994
1.0
1.0
1.0
1.0
0.9999999
1.0
0.9999995
1.0
1.0
1.0
0.99999976
1.0
1.0
1.0
1.0
1.0
1.0
0.9954358
0.99999833
1.0
1.0
1.0
0.9999995
0.99986935
1.0
0.9999999
0.9999969
0.9999994
0.9999869
1.0
1.0
1.0
0.9999945
1.0
0.9999976
1.0
1.0
0.99999344
1.0
1.0
1.0
0.9999989
1.0
1.0
1.0
1.0
1.0
0.9999988
1.0
1.0
0.998611
1.0
0.9999995
0.9999957
0.99999857
1.0
1.0
1.0
1.0
1.0
0.99998486
1.0
1.0
1.0
1.0
0.9999999
0.99999416
1.0
1.0
1.0
0.99995327
1.0
1.0
1.0
1.0
1.0
0.99995697
0.9999999
1.0
0.9999995
1.0
0.9995617
1.0
0.99782807
1.0
1.0
1.0
1.0
1.0
1.0
1.0
1.0
1.0
0.9999999
1.0
1.0
0.99999976
1.0
1.0
0.99999964
0.99999964
1.0
1.0
0.99997437
1.0
1.0
1.0
0.99997675
1.0
0.99999976
1.0
0.999982
0.99999607
1.0
0.999979
0.99999976
1.0
0.9999999
0.999902
0.80156577
0.6261864
1.0
0.99999833
0.99999964
1.0
0.9999981
1.0
0.9999974
1.0
1.0
0.99999976
0.9999999
0.99950373
0.99998975
1.0
0.99999535
1.0
0.99999607
1.0
0.99985814
0.99999917
1.0
1.0
0.99999726
1.0
1.0
0.9999876
1.0
1.0
1.0
0.99999976
1.0
1.0
0.9999994
1.0
1.0
1.0
1.0
1.0
0.9999999
1.0
0.9162196
1.0
0.9999851
1.0
0.99999833
1.0
0.99999833
1.0
0.9999999
1.0
1.0
1.0
0.9999145
1.0
0.9182991
0.99502194
0.99999535
1.0
0.9999999
1.0
0.9999908
1.0
0.99999
0.9476225
1.0
0.9999993
0.9999908
0.99999976
0.99999964
1.0
1.0
0.9999974
0.9996306
0.9999982
0.991576
1.0
0.9999988
1.0
0.9999893
0.9999999
0.9999999
0.92890054
0.99998
1.0
1.0
0.99999774
1.0
1.0
1.0
1.0
1.0
0.99999976
0.99999094
0.9999999
1.0
0.9999999
1.0
1.0
0.9997533
1.0
1.0
0.99999976
1.0
1.0
1.0
1.0
1.0
0.99999976
0.99999845
1.0
0.9999995
0.9999918
1.0
1.0
1.0
0.99999285
1.0
1.0
0.99999917
1.0
0.9999989
1.0
0.9999728
1.0
0.9999999
1.0
0.999998
1.0
0.9999951
0.9999896
0.999969
1.0
1.0
0.99999964
1.0
0.9999999
1.0
0.9999964
0.9999976
1.0
1.0
1.0
0.9999453
1.0
0.99999964
1.0
1.0
0.9999993
0.999985
0.98727185
1.0
1.0
1.0
1.0
1.0
0.4032546
1.0
1.0
0.9999938
1.0
0.99996185
0.99652606
1.0
1.0
0.99999976
1.0
0.99999213
0.9999994
0.99999976
1.0
1.0
0.99999106
0.99999714
1.0
0.99999905
1.0
1.0
0.99999964
0.9956781
0.9999995
1.0
1.0
1.0
1.0
0.9999298
0.9999999
1.0
1.0
0.99454135
1.0
1.0
1.0
1.0
1.0
1.0
1.0
1.0
0.99987805
0.9999975
1.0
1.0
1.0
0.99999917
1.0
0.99999964
1.0
0.9999759
1.0
0.9999999
1.0
1.0
0.9999987
1.0
1.0
0.9999993
1.0
1.0
0.99999976
1.0
0.9999999
1.0
1.0
1.0
0.9995639
0.99999976
1.0
1.0
1.0
0.63428515
1.0
0.9246569
1.0
1.0
1.0
0.9999999
0.99999475
1.0
0.99993575
0.9999999
1.0
1.0
1.0
1.0
0.99999166
0.9966337
1.0
0.9999924
0.9999999
1.0
0.9999995
1.0
1.0
1.0
1.0
0.99989355
1.0
1.0
0.9999999
1.0
0.9999869
1.0
0.9999995
1.0
0.99996316
1.0
1.0
0.99999034
1.0
0.99999297
0.9999981
1.0
1.0
0.9999988
1.0
1.0
1.0
1.0
1.0
1.0
1.0
0.9999831
0.99999833
0.9998511
1.0
1.0
0.9999341
1.0
0.99999976
1.0
0.9999907
1.0
1.0
1.0
1.0
0.99999976
1.0
1.0
0.9938059
0.905274
1.0
0.9999957
1.0
1.0
0.99999964
1.0
1.0
1.0
0.9997563
0.99817824
1.0
1.0
1.0
1.0
1.0
1.0
0.9999989
1.0
1.0
0.9994836
1.0
0.99984527
1.0
0.9983113
1.0
1.0
0.99999785
1.0
0.9999987
1.0
1.0
0.9999999
0.9999993
0.999964
0.9999845
1.0
1.0
1.0
0.9999999
1.0
0.9999999
0.997712
1.0
0.9818002
1.0
0.99990773
1.0
1.0
0.9999999
0.99944407
0.99999416
1.0
0.9999999
1.0
0.9999995
1.0
0.99982005
1.0
0.99999976
0.90229046
0.9999993
0.99999976
1.0
1.0
0.7180473
0.9999248
1.0
1.0
0.99999714
1.0
1.0
1.0
0.9999999
0.99990475
1.0
1.0
0.9999999
0.98016423
1.0
0.9999995
0.99971634
0.9999999
1.0
1.0
1.0
1.0
1.0
1.0
1.0
0.99999833
0.99999523
1.0
1.0
1.0
0.9999999
1.0
0.9999838
1.0
0.9999974
0.9997477
0.9999993
1.0
1.0
1.0
0.99999964
0.9999999
0.9999882
0.99718887
0.99999964
0.99999905
1.0
1.0
1.0
0.99998593
1.0
0.99999976
0.9938543
1.0
0.9999987
0.9999999
0.9999993
1.0
1.0
1.0
0.99999976
1.0
1.0
0.99998856
0.99999976
1.0
1.0
1.0
0.99994326
1.0
1.0
0.99999964
0.53688276
1.0
1.0
1.0
1.0
1.0
0.99999964
0.9954497
1.0
0.9999747
1.0
0.9999963
0.9999963
1.0
1.0
0.99999976
0.99999964
0.99999976
0.9580879
1.0
0.9999912
1.0
1.0
1.0
0.99999905
0.9999988
0.99999976
1.0
0.99999523
0.99999774
0.99999917
1.0
1.0
0.99998903
1.0
0.99999917
0.99999726
0.9999672
1.0
1.0
1.0
1.0
1.0
1.0
1.0
0.9996221
0.9999988
1.0
1.0
1.0
1.0
1.0
1.0
0.9999999
1.0
1.0
1.0
1.0
0.9998087
0.9999379
1.0
1.0
1.0
1.0
0.9999875
0.9999989
0.9994211
1.0
1.0
1.0
1.0
1.0
0.9999697
1.0
0.9727213
0.9997085
0.9998846
1.0
0.99999046
1.0
1.0
0.9999999
1.0
0.9999846
0.99998915
0.9999993
1.0
0.9999999
1.0
0.9999993
0.99999964
1.0
0.9999989
1.0
0.9999999
0.79199827
0.97643733
1.0
0.99999976
0.9999999
1.0
1.0
1.0
1.0
0.99965537
1.0
0.99940836
1.0
0.9999769
0.9999999
0.99971527
1.0
0.9999999
1.0
0.9999964
1.0
0.9999306
0.9997255
0.9999999
0.9998124
0.9999374
0.999972
0.9999131
1.0
1.0
0.99301827
1.0
1.0
0.9999999
1.0
1.0
1.0
1.0
1.0
0.9999443
1.0
0.99999475
1.0
1.0
0.99999905
0.98520976
1.0
1.0
0.99999857
1.0
0.99999976
1.0
0.9999999
1.0
1.0
0.99955326
1.0
1.0
0.9999964
1.0
1.0
0.9999995
1.0
1.0
1.0
1.0
1.0
1.0
0.99994564
1.0
1.0
1.0
1.0
1.0
0.9999999
1.0
0.9999999
1.0
0.9998919
1.0
0.9999925
0.99999964
0.9999989
1.0
1.0
1.0
0.99760216
0.99999905
0.99999964
1.0
1.0
0.99999976
1.0
1.0
0.9999889
0.9999896
0.99999964
1.0
0.99999976
0.99999964
0.9999976
1.0
0.99999726
1.0
1.0
1.0
0.9995782
1.0
0.82103956
0.9995585
1.0
0.9999999
0.9999995
0.7146449
1.0
1.0
0.79021734
0.99868923
0.99999964
1.0
1.0
1.0
0.9999999
1.0
1.0
1.0
1.0
1.0
1.0
0.99999654
1.0
1.0
0.99999964
0.9999999
1.0
0.9972994
1.0
0.99098724
1.0
0.5611207
0.98464197
1.0
1.0
1.0
0.9999994
0.9948939
1.0
1.0
0.99996936
1.0
1.0
1.0
0.99999964
1.0
1.0
0.99731916
0.99994254
1.0
1.0
1.0
1.0
1.0
0.99999905
1.0
1.0
0.99999774
1.0
0.99498296
1.0
0.99999857
1.0
1.0
0.99999976
0.9999958
1.0
1.0
1.0
0.99999917
0.9999999
1.0
0.99999666
0.9999964
1.0
0.9999962
1.0
1.0
0.9806881
1.0
1.0
1.0
1.0
1.0
1.0
0.999047
1.0
0.9996131
1.0
0.50026554
0.99999857
0.9999999
0.99999964
1.0
1.0
0.9999976
0.99999976
1.0
0.999995
0.9950199
1.0
1.0
0.9999999
1.0
0.9999987
0.9999989
0.99999857
1.0
1.0
0.9999993
1.0
1.0
0.9999994
1.0
1.0
0.9999411
1.0
1.0
0.99999964
0.9921193
1.0
1.0
1.0
0.99999964
1.0
1.0
0.9999976
1.0
1.0
1.0
1.0
1.0
0.9983758
1.0
1.0
1.0
1.0
0.9999999
0.99999976
0.9999993
1.0
1.0
1.0
1.0
1.0
0.99999857
1.0
1.0
0.9999989
0.999954
1.0
0.9999989
1.0
1.0
0.9999752
1.0
0.92523146
1.0
1.0
0.95877606
0.99996257
1.0
1.0
1.0
0.9803941
1.0
1.0
0.99997175
0.9999999
0.9999976
1.0
1.0
1.0
0.9999713
0.9999995
0.99999344
1.0
1.0
1.0
0.9999993
0.99999964
1.0
1.0
1.0
0.9999999
0.9999976
1.0
0.43539774
1.0
0.9999987
0.99999976
1.0
0.99999964
1.0
0.9997454
0.99867356
0.9996973
1.0
1.0
0.999337
0.99512273
1.0
1.0
0.99999666
1.0
1.0
1.0
0.9999999
0.999961
1.0
0.99997616
1.0
1.0
1.0
1.0
0.9831656
1.0
1.0
1.0
0.9999995
1.0
0.9999989
1.0
1.0
0.9999937
1.0
0.99997187
0.9999999
1.0
0.9999994
1.0
1.0
0.99469864
0.9999999
1.0
1.0
1.0
0.9999881
1.0
0.9999999
0.9999999
0.99999917
1.0
0.9999999
1.0
1.0
1.0
0.99997497
1.0
0.99999905
0.99954814
0.999998
1.0
1.0
0.9999999
1.0
1.0
1.0
1.0
0.99999917
0.999992
1.0
1.0
0.99999213
1.0
1.0
0.99999785
1.0
0.6272447
1.0
1.0
0.99999964
1.0
1.0
1.0
0.99999785
0.99999905
1.0
0.9931959
0.99999845
0.99999976
0.99999654
1.0
1.0
0.9999988
1.0
0.9990669
0.99905163
1.0
0.9999974
0.9999999
0.99999285
1.0
1.0
1.0
1.0
1.0
0.99999917
1.0
1.0
0.9999294
0.99999976
1.0
1.0
1.0
1.0
0.99891925
0.9999999
1.0
0.99999964
0.9999999
0.99999917
1.0
1.0
1.0
0.9999976
0.99998856
0.9999987
1.0
1.0
0.9999999
0.99999714
1.0
1.0
1.0
0.9999932
1.0
1.0
1.0
0.99992836
1.0
0.99999964
1.0
1.0
0.99999774
0.9999994
1.0
1.0
1.0
1.0
1.0
1.0
1.0
0.9999591
1.0
1.0
0.99846613
0.9999888
1.0
0.9995983
1.0
1.0
1.0
1.0
1.0
1.0
0.7158884
1.0
0.9993949
0.99999964
1.0
0.9985044
1.0
1.0
1.0
1.0
1.0
0.9999999
1.0
1.0
1.0
1.0
0.99999464
0.99999964
1.0
1.0
0.9999869
0.9999925
0.9992324
0.9952479
1.0
0.92700756
0.99999917
1.0
0.99999905
1.0
1.0
0.99992716
0.9999999
0.9999945
1.0
0.99999166
1.0
1.0
1.0
1.0
1.0
1.0
1.0
1.0
1.0
1.0
0.99999595
1.0
0.999977
0.9999999
1.0
0.99999845
0.9999989
1.0
1.0
1.0
1.0
1.0
1.0
0.9999987
0.9999926
0.9999999
0.99999964
0.99999917
1.0
0.9999994
0.9999801
1.0
1.0
0.9999852
1.0
0.999982
1.0
1.0
0.99999607
1.0
0.9999926
0.9976133
0.9998958
0.99999976
1.0
1.0
1.0
1.0
1.0
0.99999976
0.9999994
0.99999917
1.0
1.0
0.9999995
0.9998596
1.0
1.0
1.0
0.9999994
1.0
1.0
0.99999595
1.0
1.0
1.0
1.0
0.99999976
0.9995833
1.0
0.99999297
1.0
1.0
0.9980597
0.9999939
0.9999981
0.99999785
1.0
0.9999925
0.9999987
1.0
1.0
0.99999964
0.99999964
0.99995077
0.9999995
1.0
0.99999964
1.0
1.0
1.0
1.0
1.0
1.0
0.9999994
0.9999968
1.0
1.0
1.0
1.0
0.99999845
1.0
0.999835
1.0
0.9989459
0.99999976
1.0
1.0
1.0
0.99998665
0.9995994
0.99990773
1.0
0.9999999
0.99999905
0.99999976
1.0
1.0
1.0
0.99999845
1.0
0.61154735
0.9999999
0.9999988
1.0
0.9999999
0.99775344
1.0
1.0
0.99924374
0.99986625
0.9999486
1.0
0.99999845
0.999931
0.99999845
1.0
1.0
0.9999939
0.66907746
0.9999994
0.9999999
1.0
0.9999994
0.99995446
1.0
1.0
1.0
1.0
0.9999124
1.0
1.0
1.0
1.0
0.9999976
1.0
0.96628803
0.9999949
1.0
0.999998
0.99999774
1.0
1.0
1.0
1.0
1.0
1.0
1.0
1.0
1.0
0.99996114
1.0
1.0
1.0
1.0
0.9999974
0.99997747
0.9999995
1.0
0.97207
1.0
0.99999917
1.0
1.0
0.9892453
0.9999442
1.0
0.99999964
1.0
1.0
1.0
0.999997
1.0
0.90089965
1.0
0.5693728
1.0
1.0
1.0
0.9999994
1.0
1.0
0.9999125
1.0
0.98174447
1.0
1.0
1.0
0.9999999
1.0
1.0
0.9999999
1.0
1.0
0.99999964
0.84341055
0.99982244
0.9999908
1.0
0.99999976
1.0
0.9622656
0.99999976
1.0
0.99999595
1.0
0.9999999
1.0
1.0
0.9999999
1.0
1.0
1.0
0.99998593
0.99998605
0.9999999
0.9999999
1.0
1.0
0.99999726
1.0
1.0
1.0
0.99999917
0.9999877
1.0
0.9999999
0.9999956
1.0
1.0
1.0
1.0
0.9999906
1.0
0.99999917
0.9999995
1.0
1.0
1.0
1.0
0.9948544
1.0
1.0
1.0
1.0
0.9999999
1.0
0.99999857
0.6712972
1.0
0.9999999
0.99994695
0.83243036
1.0
1.0
0.9707482
1.0
1.0
1.0
0.9999933
1.0
0.9998989
0.9999999
1.0
0.9999355
1.0
0.9998678
1.0
1.0
1.0
1.0
1.0
1.0
1.0
1.0
1.0
1.0
1.0
0.99995637
1.0
1.0
0.9990814
0.99999964
1.0
1.0
1.0
1.0
0.99999976
0.9999846
1.0
0.99995184
0.99731773
1.0
1.0
1.0
1.0
1.0
1.0
0.9999473
1.0
0.99999964
1.0
1.0
0.9999747
1.0
1.0
1.0
1.0
0.999995
1.0
0.9999969
1.0
1.0
1.0
1.0
1.0
0.9999993
1.0
1.0
0.99999905
0.9999995
0.99999905
1.0
0.9999999
0.9999869
0.99999905
1.0
1.0
1.0
1.0
1.0
1.0
0.98882306
1.0
0.99999464
0.9999999
1.0
1.0
0.99902284
1.0
1.0
1.0
0.9999547
1.0
1.0
0.99999714
0.63245326
1.0
1.0
1.0
0.9999993
1.0
0.9999999
1.0
0.99999857
1.0
1.0
1.0
0.9999181
0.986523
1.0
1.0
0.9999976
1.0
0.9999999
0.9999604
0.99999726
1.0
0.9999999
1.0
1.0
0.9999999
1.0
1.0
0.952062
0.9999999
1.0
1.0
0.99999976
1.0
0.99986696
1.0
1.0
0.9999999
0.9999956
1.0
0.99993956
1.0
1.0
1.0
1.0
0.99999976
0.99999666
0.9999746
1.0
0.9860093
1.0
1.0
1.0
1.0
1.0
1.0
1.0
1.0
0.9999995
0.9999875
1.0
0.99999964
0.99999547
0.9987897
1.0
0.9999999
1.0
1.0
1.0
1.0
1.0
0.99999774
1.0
1.0
1.0
0.9999999
1.0
1.0
0.99999666
1.0
1.0
1.0
1.0
0.99999976
0.99999964
1.0
1.0
1.0
1.0
0.8537845
0.99999547
0.9999902
1.0
1.0
1.0
1.0
1.0
0.9999938
0.9999975
1.0
0.9905675
1.0
0.9999989
1.0
1.0
1.0
1.0
0.98982763
1.0
1.0
1.0
1.0
0.9999821
0.99999976
0.9999994
0.999964
0.99999595
1.0
0.9999981
1.0
1.0
1.0
1.0
1.0
1.0
0.9999889
0.9560431
1.0
0.99987125
0.9999999
1.0
1.0
0.9999999
1.0
0.98501796
0.9999999
1.0
0.9999789
1.0
1.0
0.99999976
0.9999999
0.99935037
1.0
1.0
0.9999995
0.9994311
1.0
1.0
0.99999976
1.0
1.0
1.0
0.99507743
0.99999976
1.0
1.0
0.99975663
0.99999833
1.0
1.0
0.99742365
1.0
0.99999964
1.0
1.0
1.0
0.99970454
0.99936694
0.9999999
0.99990284
1.0
1.0
1.0
0.9118548
0.9999279
1.0
0.9999964
1.0
0.9998405
0.99999964
1.0
0.9994856
1.0
0.9999999
1.0
1.0
1.0
1.0
1.0
1.0
1.0
0.9999757
0.99999976
0.99999976
1.0
1.0
0.9999896
0.99999976
1.0
0.99983215
0.99999976
0.99999964
1.0
1.0
1.0
1.0
1.0
0.9957105
1.0
1.0
1.0
1.0
0.9999999
0.9999994
1.0
0.9988201
0.9999999
1.0
1.0
1.0
1.0
1.0
1.0
0.9999993
1.0
1.0
0.99999917
0.99999964
1.0
1.0
0.9999999
0.99999976
0.9999999
0.99997044
1.0
0.9996092
1.0
1.0
1.0
1.0
0.99999785
0.9999995
0.99995255
1.0
0.9999974
0.99975115
0.9999999
0.9995753
1.0
1.0
1.0
0.99864405
0.9998462
0.737172
0.99999976
1.0
1.0
1.0
1.0
0.9999999
1.0
0.9999993
0.99999976
0.99999976
1.0
1.0
1.0
0.9989427
1.0
1.0
0.9999628
1.0
1.0
1.0
1.0
0.999997
1.0
1.0
0.99999607
0.9997553
1.0
1.0
1.0
0.99999976
1.0
1.0
0.9999999
1.0
0.9999987
0.999985
0.9999988
1.0
0.99989355
1.0
1.0
1.0
0.99999833
0.99752134
1.0
1.0
1.0
0.9305073
1.0
1.0
0.9999993
1.0
1.0
1.0
0.99999607
1.0
1.0
1.0
1.0
0.9999988
1.0
0.9999918
0.98727745
0.9999993
1.0
1.0
1.0
0.9999982
0.9999995
1.0
1.0
1.0
0.9973416
1.0
0.9999999
0.9999089
1.0
0.9999999
1.0
1.0
1.0
1.0
0.99999857
0.9815964
1.0
0.99999905
1.0
1.0
0.9999758
0.99998415
0.99999845
1.0
1.0
0.9999999
0.9999633
0.9999703
0.99722314
1.0
1.0
1.0
0.9996362
0.9999981
0.9999871
0.9999999
1.0
1.0
0.9999999
0.9999999
1.0
1.0
1.0
1.0
1.0
0.9836167
1.0
1.0
0.99999917
0.99999976
1.0
0.99836403
1.0
1.0
1.0
1.0
0.9999689
1.0
1.0
1.0
1.0
1.0
0.9999993
1.0
1.0
0.99999607
1.0
0.999998
0.9999851
0.9999989
0.9999969
1.0
1.0
1.0
1.0
0.99704343
1.0
1.0
0.9999999
1.0
0.99999976
0.99999213
1.0
0.9999989
1.0
1.0
0.99992716
1.0
1.0
1.0
1.0
1.0
0.9998914
1.0
1.0
1.0
0.9999919
1.0
1.0
1.0
1.0
1.0
0.9999958
1.0
1.0
1.0
1.0
1.0
1.0
1.0
0.99998164
1.0
1.0
1.0
1.0
0.9999995
1.0
0.63763136
0.9999939
1.0
1.0
0.99999976
1.0
1.0
1.0
1.0
1.0
0.9978015
0.99995005
0.9999994
1.0
0.99999905
0.9999999
0.99999774
1.0
1.0
1.0
0.9999871
1.0
0.36804578
0.9999969
1.0
1.0
1.0
1.0
1.0
0.99999917
0.99999666
0.9999993
1.0
0.9999995
0.99918705
0.99999964
0.9999949
1.0
0.99881446
1.0
0.93260413
0.9999989
1.0
1.0
1.0
1.0
1.0
1.0
1.0
0.9999877
0.9987526
0.9690252
1.0
1.0
1.0
1.0
1.0
0.9999999
0.9990538
1.0
0.99958795
0.99999857
0.99999976
1.0
0.99999976
1.0
1.0
1.0
1.0
1.0
1.0
1.0
0.99999964
0.9999994
1.0
1.0
1.0
1.0
1.0
0.9999994
1.0
0.9999999
0.99999845
0.9999466
1.0
0.99999976
1.0
1.0
1.0
1.0
0.999946
0.9999994
0.9999887
0.9999999
0.99976677
0.9999999
1.0
1.0
0.99999917
1.0
0.9999993
1.0
0.9999999
0.9931055
1.0
0.99999356
1.0
0.99999774
1.0
0.9999989
0.99999964
0.9999958
1.0
1.0
0.99999976
1.0
0.99943644
1.0
0.99999976
1.0
1.0
0.9999999
1.0
0.9999908
1.0
0.99999654
1.0
0.99999964
0.9999999
1.0
0.9999958
0.9988869
1.0
0.99999857
0.9999765
1.0
1.0
1.0
0.999997
1.0
0.9966568
1.0
1.0
0.9902643
0.99999976
1.0
1.0
1.0
1.0
1.0
1.0
1.0
1.0
1.0
1.0
0.9999502
0.99999404
1.0
1.0
1.0
1.0
1.0
0.99999976
0.9999987
0.99999976
1.0
1.0
1.0
0.9999999
1.0
1.0
0.99999845
1.0
0.9999999
0.99998486
1.0
0.9999894
1.0
1.0
1.0
0.99999964
1.0
0.9999995
1.0
1.0
1.0
0.9999918
0.9999999
0.99999976
1.0
0.99999595
1.0
1.0
0.99999964
1.0
0.9999665
0.99990404
1.0
0.9999999
0.9999999
0.9999999
0.47450894
1.0
0.9999982
0.9999994
0.9999404
0.99999356
0.83282936
1.0
0.9999994
0.9918257
0.9999994
0.9999999
0.9999999
1.0
1.0
1.0
1.0
0.9998652
0.7830212
0.99991274
0.9999975
1.0
1.0
1.0
0.99807835
0.99999595
1.0
1.0
1.0
1.0
1.0
0.60408384
0.87955105
1.0
1.0
0.99999464
0.9999999
1.0
0.99358636
1.0
0.9997124
1.0
1.0
0.9999939
1.0
0.99983346
1.0
1.0
1.0
0.9993636
1.0
0.9999542
0.9999999
1.0
0.9999902
0.9999852
1.0
0.9999999
0.995551
1.0
0.99999976
1.0
1.0
1.0
0.9999995
0.99996614
1.0
1.0
1.0
0.999997
0.9999001
0.99999976
0.99999714
1.0
0.7933742
1.0
1.0
1.0
1.0
0.99999917
0.9999981
1.0
1.0
0.9999957
0.8174692
1.0
0.9999993
1.0
1.0
1.0
1.0
0.9996246
1.0
1.0
1.0
1.0
1.0
1.0
0.9999999
1.0
0.9999249
1.0
0.99940693
1.0
1.0
0.99999964
1.0
1.0
1.0
0.75892335
1.0
1.0
0.99999964
0.99999964
1.0
1.0
1.0
1.0
1.0
0.9999999
1.0
1.0
1.0
1.0
1.0
1.0
1.0
1.0
1.0
1.0
1.0
1.0
1.0
0.99999976
1.0
0.9999956
1.0
1.0
0.9964135
0.97902346
1.0
0.9975931
1.0
1.0
1.0
1.0
1.0
1.0
0.9999999
0.9999995
1.0
1.0
0.97549665
1.0
1.0
1.0
1.0
0.99999666
1.0
1.0
1.0
1.0
1.0
1.0
0.99999976
1.0
1.0
1.0
1.0
1.0
0.99999964
1.0
1.0
1.0
1.0
1.0
0.9999999
1.0
1.0
0.999982
1.0
0.99998915
0.99999976
0.99999917
1.0
0.99999905
1.0
0.838453
0.99945086
0.9999981
1.0
0.99999976
1.0
0.9997031
0.999998
1.0
0.9999231
1.0
1.0
1.0
0.9999982
0.9999678
1.0
0.9999995
1.0
1.0
1.0
1.0
0.9973355
0.99982506
0.9999999
0.99956745
0.9999658
0.9999553
1.0
0.9999951
1.0
0.99995065
1.0
1.0
1.0
1.0
0.9999999
1.0
1.0
0.99994445
0.99999964
1.0
0.9999999
1.0
0.9999999
1.0
1.0
1.0
1.0
1.0
0.9998259
1.0
1.0
0.9999993
0.9999999
1.0
1.0
1.0
0.99999905
0.99993193
0.99999905
1.0
1.0
1.0
1.0
0.99981064
0.9999963
1.0
0.9999999
0.9998753
1.0
1.0
1.0
1.0
0.9999995
1.0
1.0
0.9999989
0.99999964
0.9999994
1.0
1.0
0.9975721
0.99999166
1.0
1.0
0.99998796
1.0
1.0
0.99992824
1.0
1.0
1.0
1.0
1.0
0.99999845
1.0
1.0
0.9999683
0.9999807
1.0
1.0
1.0
0.9999999
1.0
1.0
0.999984
1.0
1.0
1.0
1.0
0.99695206
1.0
1.0
1.0
0.9999918
1.0
1.0
0.9904371
1.0
1.0
1.0
0.9999995
1.0
1.0
1.0
1.0
1.0
0.9999918
0.99981254
0.9999999
0.999998
0.9999889
0.99998474
1.0
0.9999999
1.0
1.0
1.0
1.0
1.0
1.0
1.0
0.98473537
0.99974805
0.99999845
1.0
0.99998736
1.0
1.0
1.0
1.0
0.99999976
0.99989986
0.9999988
1.0
0.9998932
1.0
1.0
1.0
0.99999297
1.0
0.99999034
1.0
1.0
1.0
0.99999917
1.0
1.0
1.0
1.0
1.0
1.0
0.9999521
1.0
1.0
0.999998
1.0
1.0
1.0
0.99999964
0.9998592
0.9932326
1.0
0.9999999
1.0
1.0
1.0
1.0
0.9999999
1.0
1.0
1.0
0.99999917
1.0
1.0
0.9999963
1.0
1.0
1.0
1.0
1.0
1.0
1.0
1.0
0.9999999
1.0
1.0
1.0
0.999869
0.9999982
0.999995
1.0
1.0
1.0
1.0
1.0
1.0
1.0
0.99929583
1.0
0.9999976
0.99966645
0.98319155
0.99999845
1.0
0.9999087
1.0
1.0
0.9999578
0.9887628
0.99999857
1.0
1.0
1.0
0.9989085
0.9999994
0.9999939
1.0
1.0
0.9999999
1.0
1.0
1.0
1.0
0.99999976
1.0
1.0
1.0
0.9999999
1.0
0.99999976
1.0
1.0
0.99999595
1.0
1.0
1.0
0.99999857
1.0
0.9999999
1.0
0.99899906
1.0
1.0
1.0
0.999995
1.0
0.9999999
0.99999857
0.99997365
1.0
1.0
1.0
0.99999905
1.0
0.9999999
0.5730057
1.0
1.0
0.99999964
0.99999905
1.0
0.9999976
0.9999999
0.99999905
1.0
0.99999344
1.0
0.99999976
1.0
0.9999999
1.0
1.0
1.0
0.9999999
1.0
1.0
1.0
1.0
0.99999964
1.0
1.0
0.99999607
0.9999827
0.99999976
1.0
1.0
0.9999995
0.9999931
1.0
0.9999994
1.0
0.9999999
1.0
0.9950389
1.0
1.0
0.9999927
0.9999969
1.0
1.0
0.99999976
0.9999994
1.0
0.999985
1.0
1.0
1.0
1.0
1.0
1.0
1.0
1.0
0.9998332
0.99999905
0.9999999
1.0
1.0
1.0
0.9999069
0.9979188
1.0
0.9999999
0.99997604
0.9999999
0.9999927
1.0
1.0
1.0
0.99989605
1.0
0.9999999
0.9999647
0.99999976
1.0
1.0
0.99999475
1.0
1.0
1.0
1.0
0.99999976
1.0
0.9999999
1.0
1.0
0.99963605
0.93850434
0.99999917
0.99999976
0.99999785
1.0
1.0
1.0
1.0
0.99999905
0.9999999
1.0
1.0
1.0
0.9999982
0.9999852
0.99999976
0.99999475
0.9999989
1.0
0.99999857
1.0
1.0
1.0
0.99999917
1.0
1.0
0.9999993
1.0
0.9607548
1.0
1.0
0.9999987
1.0
1.0
0.99999404
1.0
0.9845681
1.0
1.0
1.0
1.0
1.0
1.0
0.9999988
1.0
0.99978906
1.0
0.9999882
1.0
1.0
0.99983275
1.0
0.9999999
0.99999964
0.99950457
1.0
0.9999968
1.0
0.99999857
0.9416314
1.0
0.99999976
1.0
1.0
0.99999654
0.9999999
0.99999833
1.0
1.0
1.0
1.0
1.0
0.99999976
1.0
0.99999845
0.99978
1.0
1.0
0.9999989
1.0
0.9999273
1.0
0.9999906
0.7380212
0.9985637
1.0
1.0
1.0
1.0
1.0
0.9999981
0.9999999
0.99999964
1.0
1.0
1.0
0.9999876
1.0
0.99999607
0.99993324
0.99999845
1.0
1.0
1.0
1.0
0.999987
1.0
0.99999976
1.0
1.0
0.999997
1.0
1.0
1.0
0.9999994
1.0
0.99999964
0.99999607
1.0
1.0
1.0
0.9999999
0.9984654
0.999974
0.9749025
0.99996185
0.9996325
1.0
1.0
0.9999974
1.0
1.0
1.0
1.0
1.0
1.0
1.0
1.0
1.0
1.0
0.99999976
1.0
1.0
0.9999262
1.0
0.99999976
1.0
1.0
1.0
1.0
1.0
0.9988966
0.9999999
1.0
0.9999937
1.0
1.0
0.99999976
1.0
1.0
0.9999963
0.9999999
1.0
1.0
1.0
1.0
1.0
1.0
1.0
1.0
1.0
0.9999995
1.0
1.0
1.0
1.0
1.0
1.0
0.9999999
1.0
1.0
1.0
1.0
0.99960226
1.0
1.0
1.0
0.99951696
1.0
0.9998447
1.0
1.0
0.99999917
1.0
0.99999857
1.0
1.0
0.9999999
1.0
1.0
1.0
1.0
1.0
1.0
1.0
1.0
0.8245546
1.0
1.0
1.0
1.0
1.0
0.99999976
0.9999937
1.0
0.9999933
1.0
1.0
1.0
0.99843794
0.9999999
1.0
1.0
1.0
1.0
1.0
1.0
0.99944896
1.0
1.0
1.0
0.9999999
1.0
1.0
0.99999964
0.9999893
0.9999993
1.0
1.0
1.0
1.0
0.9999832
1.0
0.99974376
1.0
0.9999999
0.99999034
1.0
0.9999994
0.9999995
0.9999999
0.9981517
0.8122625
1.0
0.999941
0.999356
1.0
1.0
1.0
1.0
1.0
0.9999875
1.0
0.99999785
0.99984443
0.9999994
1.0
0.97151554
1.0
0.9999999
1.0
0.99999964
0.9999999
0.99999976
0.9939605
1.0
0.99380386
1.0
1.0
0.9999999
0.99995637
0.99999833
0.9999939
1.0
1.0
1.0
1.0
0.9977816
0.99999964
1.0
0.99999964
0.9738515
0.54988086
1.0
1.0
1.0
0.99999976
0.9999068
1.0
1.0
1.0
0.99998343
1.0
0.9454437
1.0
0.99996734
1.0
0.99999535
0.9999999
1.0
0.99992085
1.0
0.99999666
1.0
1.0
0.9999999
0.9999924
1.0
1.0
0.9958657
0.9999994
0.99790287
1.0
0.9999999
0.99995506
1.0
0.9998802
1.0
1.0
1.0
1.0
0.9971308
1.0
0.997872
1.0
0.99999905
0.99194264
0.9999988
1.0
1.0
1.0
1.0
0.9999912
0.9999778
1.0
0.9999995
0.99924004
1.0
1.0
1.0
0.99999964
1.0
1.0
1.0
1.0
1.0
0.9998586
0.9999999
0.9999989
0.9999994
0.9999999
0.9999851
1.0
0.7567764
0.9999995
0.99998224
1.0
0.99999917
1.0
1.0
1.0
0.9992737
1.0
0.99999976
1.0
0.88679576
1.0
0.9999999
0.712547
1.0
0.99999976
0.99999595
0.99999964
1.0
0.99981326
1.0
0.99999917
0.9999865
1.0
1.0
1.0
1.0
0.99999905
1.0
0.9424078
1.0
0.99979645
1.0
1.0
1.0
1.0
0.9999982
1.0
0.9999963
0.99999976
1.0
1.0
1.0
1.0
0.99999976
0.9999999
1.0
1.0
1.0
0.99999976
1.0
0.99999964
1.0
0.8437332
1.0
1.0
1.0
0.9999969
0.9999999
1.0
1.0
1.0
0.9999827
1.0
0.9999999
1.0
0.95717466
1.0
1.0
0.9999994
1.0
1.0
1.0
0.9999989
1.0
1.0
0.9999987
1.0
0.9999999
1.0
1.0
1.0
1.0
0.9999999
0.9999974
0.9999999
0.99898773
1.0
1.0
1.0
1.0
1.0
1.0
1.0
1.0
1.0
1.0
0.99999976
1.0
0.9994056
0.9999993
0.9792493
0.99999905
0.9692105
1.0
1.0
0.99990594
1.0
0.99999976
1.0
0.9999913
0.9991365
1.0
1.0
1.0
1.0
1.0
1.0
1.0
1.0
1.0
0.9999995
0.9999552
1.0
0.9999999
0.9999994
0.9999999
0.99999976
0.9729595
0.99999714
0.99993
0.99998736
1.0
1.0
1.0
0.9999999
0.9998012
0.9999963
0.9999994
1.0
1.0
0.9999994
1.0
0.9999999
0.9998159
0.97054803
0.99999416
0.9999999
0.99999976
1.0
1.0
1.0
1.0
1.0
0.9999999
0.9796325
1.0
0.99997795
1.0
1.0
0.9999968
0.99999964
0.999998
1.0
1.0
1.0
1.0
0.48149866
1.0
1.0
1.0
1.0
0.9999999
1.0
1.0
0.9992336
1.0
0.9951952
0.99909425
1.0
1.0
1.0
0.9999989
1.0
1.0
1.0
1.0
0.8299372
1.0
1.0
0.99981433
0.9999999
1.0
1.0
1.0
1.0
1.0
0.9999993
1.0
1.0
0.99999726
1.0
1.0
1.0
0.9998677
1.0
1.0
0.9999201
1.0
1.0
1.0
0.9999999
0.9999999
0.9993849
1.0
0.99999976
0.9999999
1.0
1.0
0.99999905
1.0
1.0
1.0
0.99845874
1.0
0.9972318
1.0
1.0
1.0
1.0
1.0
0.99999964
1.0
1.0
0.99999917
0.90861636
1.0
0.9999994
0.6029969
1.0
0.99999976
1.0
1.0
1.0
1.0
1.0
0.999995
1.0
0.9999962
1.0
1.0
0.9999912
1.0
0.99984837
1.0
0.9999982
1.0
1.0
0.9999994
0.99999607
0.9998647
0.9999999
0.9999907
1.0
1.0
1.0
1.0
0.9999956
1.0
1.0
1.0
0.9999112
1.0
0.9999949
0.9999989
1.0
0.99997735
0.99999297
1.0
1.0
0.9999716
1.0
1.0
1.0
0.9999993
0.999892
0.9999608
1.0
0.9999989
1.0
1.0
0.9999994
1.0
1.0
0.99999833
1.0
1.0
0.99998784
1.0
0.9999975
0.9999999
1.0
0.9998431
0.99999976
1.0
0.9999994
0.9999974
1.0
0.99998975
0.9999969
1.0
0.99999976
0.9999987
1.0
0.9989974
1.0
0.9999932
1.0
0.99999785
0.99999964
1.0
1.0
1.0
0.9961494
1.0
1.0
1.0
1.0
1.0
1.0
1.0
0.9999924
1.0
0.99999976
0.99685955
1.0
0.6814477
1.0
1.0
1.0
0.9999933
1.0
0.99998236
0.9999962
0.9999982
0.99999976
1.0
1.0
1.0
1.0
1.0
1.0
0.99999833
0.9999609
0.99999964
1.0
0.9999994
1.0
0.99999523
0.9992955
1.0
0.94422495
1.0
1.0
1.0
0.33255535
1.0
1.0
0.9999999
1.0
1.0
0.9998791
0.9998518
0.9999999
1.0
1.0
0.9999995
1.0
1.0
1.0
1.0
0.99999905
1.0
0.9999969
0.9998041
1.0
1.0
1.0
1.0
1.0
1.0
1.0
1.0
1.0
1.0
1.0
1.0
0.9999943
0.9937309
0.9999945
1.0
1.0
1.0
0.99999976
0.9997068
0.9999989
1.0
0.9999999
0.64694434
1.0
1.0
1.0
1.0
1.0
1.0
0.99917334
0.51570886
1.0
1.0
0.9988971
0.99999976
1.0
1.0
1.0
1.0
0.9997789
0.99999905
1.0
0.99999976
0.9999993
1.0
0.99996877
0.9999999
1.0
1.0
0.99999964
1.0
0.99999523
1.0
1.0
0.99999356
0.99999976
1.0
1.0
0.738165
1.0
0.9999999
0.9999856
1.0
0.723657
1.0
0.99999976
1.0
0.99999785
0.9999548
1.0
1.0
0.9994991
0.99999976
0.9999895
0.99999535
1.0
0.99999976
1.0
1.0
1.0
0.9811193
1.0
0.9999999
0.99999595
1.0
0.9999987
1.0
0.99999666
0.9999924
0.99999225
1.0
0.9999547
1.0
0.99999976
1.0
0.9999988
1.0
1.0
1.0
0.99999785
1.0
1.0
1.0
0.9999962
0.99999785
1.0
1.0
0.99999785
1.0
0.9999987
1.0
1.0
1.0
0.9999995
1.0
0.99999833
1.0
1.0
0.9976326
1.0
1.0
1.0
1.0
0.999997
0.98424894
1.0
1.0
1.0
0.9999999
0.9999999
1.0
0.99999976
0.99999976
0.99666923
0.9961281
1.0
1.0
0.9993305
1.0
1.0
1.0
0.9999957
0.9999999
0.61545396
1.0
1.0
1.0
1.0
0.9999987
1.0
1.0
0.9999999
1.0
1.0
0.9999807
1.0
0.9978715
0.9999999
0.9996069
0.99999964
0.9999999
0.99995434
1.0
1.0
1.0
0.9999571
1.0
0.9995758
1.0
0.9999993
1.0
0.99999833
1.0
0.99994123
0.9904875
0.9999875
1.0
0.999303
1.0
0.99806553
1.0
1.0
0.99999046
1.0
1.0
1.0
1.0
0.9999994
1.0
0.9999981
1.0
1.0
1.0
0.9999989
1.0
0.9999995
1.0
1.0
0.9999763
0.5908844
1.0
0.9999987
1.0
0.9999552
1.0
1.0
1.0
0.99919385
0.9999999
0.99992645
0.9999999
0.99817944
1.0
0.9999888
0.9999999
0.9999999
0.99999976
0.47712296
1.0
1.0
1.0
1.0
1.0
1.0
1.0
0.99998367
1.0
0.9999999
0.9893847
0.99998987
1.0
1.0
0.9999999
0.9999999
0.9999987
1.0
1.0
0.9999995
1.0
1.0
1.0
1.0
1.0
0.99998987
1.0
1.0
1.0
1.0
1.0
1.0
1.0
0.92680836
1.0
0.9999975
0.99999976
1.0
0.99999535
1.0
1.0
1.0
1.0
0.9999863
0.9999604
0.9999423
1.0
0.9999999
1.0
1.0
0.9920582
1.0
1.0
0.9925333
0.9988071
1.0
0.7098659
0.9999995
1.0
0.9999995
0.99200565
0.9953772
0.9999995
0.99678814
1.0
0.99999523
1.0
0.9999181
1.0
0.99998987
1.0
1.0
1.0
1.0
0.99999976
0.99999595
1.0
0.99998045
1.0
1.0
1.0
1.0
0.9999999
1.0
0.9990075
1.0
1.0
1.0
1.0
1.0
0.9997193
1.0
0.6383394
1.0
0.99999976
1.0
0.999995
1.0
1.0
0.9999995
1.0
1.0
1.0
0.99306786
0.9999746
1.0
0.99999976
0.99981433
0.99999785
1.0
0.99999964
0.99999464
0.99999976
1.0
0.99988365
1.0
0.99999833
0.9999999
1.0
0.9999975
1.0
1.0
0.9999604
1.0
1.0
0.99999964
0.99998176
0.9373427
1.0
1.0
1.0
0.9994562
1.0
1.0
0.9971469
0.9999027
1.0
1.0
1.0
1.0
0.99999976
0.9999962
0.9999999
1.0
1.0
1.0
1.0
1.0
0.99999285
0.9999989
0.99999475
1.0
1.0
1.0
1.0
1.0
1.0
0.9928758
1.0
1.0
0.9999982
1.0
1.0
1.0
1.0
1.0
0.9999999
1.0
1.0
1.0
1.0
0.80943847
1.0
0.9999999
0.99999714
0.99992585
0.9688399
1.0
1.0
1.0
1.0
1.0
0.99999976
1.0
1.0
1.0
0.99999964
1.0
0.9999895
0.99999845
1.0
0.9988423
1.0
1.0
0.9999999
0.98096895
0.999998
1.0
1.0
0.9999969
0.99999833
1.0
1.0
0.999998
1.0
1.0
1.0
1.0
1.0
1.0
1.0
0.99999976
0.995899
0.99996305
0.9999995
0.9999999
0.9999988
1.0
0.9997305
0.9999938
1.0
0.99999964
1.0
1.0
0.9999995
1.0
1.0
0.99999774
1.0
0.9999963
0.99999714
1.0
1.0
1.0
1.0
0.9999856
1.0
0.9999715
1.0
1.0
1.0
1.0
0.9999995
1.0
1.0
1.0
0.998231
1.0
0.99999213
0.9999988
1.0
0.99999964
0.9999933
1.0
1.0
0.76025385
1.0
0.99999905
0.99999976
0.9999999
1.0
1.0
0.99999845
1.0
1.0
1.0
0.9999994
1.0
0.9997993
0.9995485
0.9999999
1.0
0.9999988
1.0
1.0
1.0
0.9999974
1.0
1.0
0.9999933
0.999974
0.99999857
1.0
1.0
1.0
0.9999993
1.0
0.9987895
1.0
1.0
0.9999999
0.99999523
0.9999995
1.0
0.9999993
0.9991667
0.99059075
1.0
0.9999999
0.9991586
1.0
1.0
1.0
1.0
1.0
1.0
1.0
0.9999945
0.9999958
1.0
1.0
0.9999956
1.0
1.0
1.0
0.999767
0.99999976
0.9968707
1.0
0.9949108
1.0
1.0
1.0
1.0
1.0
1.0
1.0
0.9999999
1.0
1.0
1.0
1.0
0.9999999
1.0
1.0
1.0
1.0
1.0
1.0
0.9957344
1.0
0.9999995
1.0
1.0
0.9999999
0.9999995
1.0
0.9999994
1.0
1.0
0.99999976
1.0
1.0
1.0
0.999969
1.0
1.0
0.99999905
0.9999999
1.0
1.0
1.0
1.0
0.6765986
0.9972439
1.0
1.0
1.0
0.99999976
1.0
0.68762004
0.9999968
0.9999759
1.0
1.0
1.0
1.0
1.0
1.0
0.9938013
1.0
1.0
0.99999976
1.0
1.0
1.0
1.0
1.0
1.0
1.0
0.99999964
0.9999999
0.9999844
0.99816006
0.99887246
0.9999982
0.99999976
0.9999969
1.0
0.9999989
1.0
1.0
0.99999976
1.0
1.0
1.0
1.0
1.0
0.9999981
1.0
0.9999939
1.0
0.9999993
0.99999917
1.0
1.0
0.9237085
0.99975663
1.0
1.0
1.0
1.0
0.9999999
1.0
0.99999976
1.0
1.0
1.0
1.0
0.99999964
0.96177274
1.0
0.99727136
0.99999964
1.0
0.99906534
0.99895155
1.0
0.9998958
1.0
0.999979
1.0
0.9546084
0.99999976
0.9999864
1.0
0.99995244
1.0
1.0
0.9999999
0.9999963
1.0
1.0
0.99999845
0.99999976
0.99999976
0.99999976
0.99999976
1.0
1.0
1.0
1.0
1.0
0.9999343
1.0
0.9999962
0.99999654
0.99967873
1.0
1.0
1.0
0.9999925
1.0
1.0
0.99990976
0.9999999
1.0
0.99997294
1.0
1.0
0.99999964
0.9999999
1.0
1.0
1.0
0.99999917
1.0
1.0
1.0
1.0
1.0
1.0
0.9999999
1.0
1.0
0.999979
1.0
0.9999999
0.999941
0.9949956
0.99999917
0.9999999
1.0
0.9999999
1.0
1.0
0.9992073
0.99999285
0.9999685
1.0
0.99999785
1.0
0.7799704
1.0
1.0
1.0
0.99999595
1.0
1.0
0.9999999
0.99999976
1.0
0.99596125
0.99998415
0.99999833
1.0
0.9999999
1.0
0.9999999
1.0
1.0
0.9999999
1.0
1.0
0.999783
1.0
1.0
1.0
0.9999999
1.0
0.99999905
0.9999994
1.0
1.0
1.0
0.9999604
0.9870313
1.0
1.0
0.99999976
1.0
0.9994242
1.0
0.99981326
1.0
1.0
0.9999988
0.99999964
1.0
1.0
1.0
1.0
0.9999994
1.0
0.9999999
0.99999714
1.0
1.0
1.0
1.0
1.0
0.9999995
1.0
0.9999999
1.0
1.0
1.0
1.0
0.9999995
1.0
0.9999999
1.0
0.9999999
1.0
1.0
0.9999994
1.0
1.0
1.0
1.0
1.0
0.99999964
1.0
1.0
0.99999976
1.0
0.9999999
1.0
1.0
1.0
1.0
1.0
0.99996555
1.0
1.0
0.9999999
1.0
0.99999917
1.0
1.0
0.99999964
1.0
1.0
1.0
1.0
1.0
1.0
1.0
0.99975103
1.0
1.0
1.0
1.0
0.99611014
0.9999993
1.0
0.9999999
1.0
1.0
0.9999999
0.9999523
1.0
1.0
1.0
0.9999964
1.0
1.0
1.0
1.0
1.0
1.0
0.9999999
0.9996742
1.0
0.99999976
1.0
0.99999976
1.0
1.0
1.0
1.0
1.0
1.0
1.0
1.0
0.99999917
0.9999982
1.0
1.0
1.0
1.0
0.99999857
0.999998
1.0
0.9999999
1.0
1.0
1.0
1.0
1.0
0.99999905
1.0
1.0
1.0
1.0
0.9999989
0.99999225
1.0
1.0
1.0
1.0
1.0
1.0
0.88268787
1.0
1.0
1.0
1.0
1.0
1.0
1.0
0.99999726
0.9999999
1.0
1.0
1.0
0.99988663
1.0
1.0
0.99999857
0.9999999
1.0
0.99999
1.0
1.0
1.0
1.0
1.0
1.0
1.0
1.0
0.9999932
1.0
1.0
1.0
0.985773
1.0
1.0
0.99999976
1.0
0.99999845
0.98645014
1.0
0.9999894
1.0
1.0
1.0
1.0
1.0
0.99999464
1.0
1.0
0.9999465
0.99999917
1.0
1.0
1.0
1.0
0.9999999
0.99999857
1.0
0.9999999
1.0
1.0
1.0
1.0
0.9999999
1.0
1.0
1.0
0.9999509
1.0
1.0
1.0
1.0
0.9961067
1.0
0.9998826
1.0
0.9999964
1.0
1.0
1.0
0.99999917
1.0
0.9999999
0.99999416
1.0
0.9999999
0.99999964
0.9999994
0.9999999
1.0
0.999992
0.9999999
0.9999995
0.99999833
0.9995735
1.0
1.0
1.0
1.0
1.0
1.0
0.99935824
1.0
1.0
1.0
1.0
0.9999999
0.99999976
1.0
1.0
0.9999982
1.0
1.0
1.0
1.0
0.99999416
0.99999976
0.9999999
1.0
0.9568663
0.9999988
1.0
1.0
0.9999695
0.99999976
1.0
1.0
1.0
0.99999976
1.0
1.0
1.0
1.0
1.0
0.9997893
0.99999774
1.0
1.0
0.9997086
1.0
1.0
0.9980129
0.9999989
0.9999999
1.0
1.0
1.0
1.0
1.0
1.0
1.0
0.99995196
0.9999999
1.0
1.0
1.0
1.0
1.0
1.0
1.0
1.0
0.9989078
1.0
1.0
1.0
1.0
1.0
1.0
1.0
1.0
1.0
0.999998
0.99999976
1.0
1.0
1.0
1.0
1.0
1.0
1.0
1.0
1.0
1.0
1.0
0.99999976
1.0
1.0
1.0
0.99999976
1.0
1.0
1.0
1.0
1.0
1.0
1.0
1.0
1.0
1.0
1.0
1.0
1.0
1.0
1.0
0.7438055
1.0
1.0
1.0
1.0
1.0
1.0
1.0
1.0
1.0
1.0
1.0
0.9999927
1.0
1.0
1.0
1.0
1.0
1.0
1.0
1.0
1.0
1.0
1.0
1.0
1.0
1.0
1.0
0.9999999
0.9999999
1.0
1.0
1.0
1.0
1.0
1.0
1.0
1.0
1.0
1.0
0.9999999
0.99999976
0.99999964
1.0
0.9999995
1.0
1.0
1.0
0.99999917
0.9999999
1.0
0.99999976
1.0
1.0
1.0
0.99999976
1.0
0.9999999
1.0
1.0
1.0
1.0
1.0
0.9999999
1.0
1.0
1.0
1.0
1.0
1.0
0.9999999
1.0
1.0
1.0
1.0
0.9999999
0.99877256
0.99999976
1.0
1.0
1.0
1.0
1.0
1.0
1.0
0.99999964
0.9999975
1.0
1.0
1.0
0.9999999
1.0
1.0
0.99994123
1.0
1.0
0.99999917
1.0
1.0
1.0
1.0
1.0
1.0
1.0
1.0
1.0
1.0
1.0
1.0
1.0
1.0
1.0
1.0
1.0
1.0
0.9999999
0.99999964
1.0
0.99895144
0.9999032
1.0
1.0
1.0
1.0
1.0
1.0
0.9934503
1.0
0.9999987
1.0
1.0
1.0
1.0
1.0
1.0
1.0
1.0
1.0
1.0
0.9999999
1.0
1.0
1.0
1.0
1.0
1.0
1.0
1.0
1.0
1.0
1.0
1.0
1.0
1.0
1.0
1.0
1.0
1.0
1.0
1.0
0.99999964
1.0
1.0
1.0
1.0
1.0
1.0
1.0
0.99999976
1.0
1.0
0.99989593
1.0
0.9999931
1.0
1.0
0.99999976
1.0
1.0
1.0
1.0
1.0
1.0
1.0
1.0
1.0
1.0
1.0
0.99996483
1.0
1.0
0.9999174
0.9999994
1.0
0.9999994
1.0
0.99999666
1.0
1.0
1.0
1.0
1.0
1.0
1.0
1.0
0.9999732
0.99999976
1.0
1.0
1.0
1.0
1.0
1.0
1.0
1.0
0.99998593
0.9998192
1.0
1.0
1.0
1.0
1.0
1.0
1.0
1.0
0.99999976
1.0
1.0
1.0
1.0
0.9999993
0.9999988
1.0
0.9999131
0.99999964
1.0
1.0
1.0
0.99999726
1.0
1.0
1.0
0.9996762
1.0
1.0
1.0
0.9999999
0.9999988
1.0
0.9999975
1.0
1.0
0.999977
1.0
1.0
0.99305624
1.0
0.9999999
1.0
1.0
1.0
1.0
1.0
0.99999964
0.9999987
1.0
1.0
1.0
1.0
0.99916565
0.9999721
0.9999994
1.0
1.0
0.99999976
1.0
0.9999999
1.0
1.0
1.0
1.0
0.9999994
0.99999917
1.0
1.0
1.0
0.99998546
1.0
1.0
0.9999982
1.0
1.0
0.9959268
1.0
1.0
0.99992347
0.99999785
1.0
1.0
1.0
1.0
1.0
1.0
0.9689181
1.0
0.99994147
1.0
0.99999917
0.99994123
1.0
0.9999832
0.9996406
0.9999529
1.0
1.0
1.0
0.9999949
0.9999778
0.9999895
1.0
1.0
1.0
0.9999777
0.9965894
0.99994314
1.0
1.0
1.0
1.0
1.0
1.0
1.0
1.0
0.99999976
1.0
1.0
0.99997723
1.0
1.0
1.0
1.0
0.9999999
1.0
0.9999999
0.9999999
0.9999938
0.9999982
0.9999871
1.0
1.0
1.0
1.0
0.9999932
1.0
1.0
1.0
1.0
0.9999989
1.0
1.0
1.0
1.0
1.0
1.0
1.0
0.99999976
1.0
1.0
1.0
0.99999976
1.0
1.0
0.9999758
0.9999994
0.9999999
1.0
1.0
0.9999957
0.99999726
1.0
1.0
1.0
1.0
0.9999894
1.0
1.0
0.9999994
1.0
0.9999976
0.99998224
1.0
1.0
1.0
1.0
1.0
0.9999994
0.9999999
0.9999999
1.0
1.0
0.99999964
0.9999982
1.0
0.94758916
0.99886584
0.8584574
1.0
1.0
1.0
0.99996984
1.0
0.99999976
0.99999964
1.0
0.9995751
1.0
1.0
1.0
0.70470434
1.0
1.0
0.99942136
1.0
0.99999845
1.0
0.99999726
1.0
1.0
1.0
1.0
1.0
1.0
0.9999993
1.0
1.0
1.0
1.0
1.0
0.9999993
1.0
1.0
0.9999999
0.9999982
1.0
1.0
1.0
1.0
0.9999999
1.0
1.0
1.0
1.0
1.0
0.9999995
1.0
1.0
0.99999964
1.0
1.0
1.0
1.0
1.0
1.0
1.0
1.0
1.0
1.0
1.0
1.0
0.9999994
0.9999101
0.99998593
0.99999964
1.0
1.0
0.9999999
0.9999989
1.0
1.0
1.0
1.0
1.0
1.0
0.9999999
1.0
1.0
1.0
1.0
1.0
0.99999964
0.9999999
1.0
0.9999981
0.99999535
1.0
0.9999999
0.99997497
0.99996686
1.0
0.9999999
1.0
1.0
0.99999964
1.0
0.99998426
1.0
0.9999994
1.0
1.0
0.99999976
0.9999999
0.99999964
1.0
1.0
0.9999994
1.0
1.0
1.0
0.99999976
1.0
1.0
1.0
1.0
1.0
1.0
1.0
0.9999999
1.0
1.0
0.9999999
0.99999976
1.0
1.0
1.0
1.0
1.0
1.0
1.0
0.9999999
1.0
0.9999995
1.0
1.0
1.0
1.0
1.0
0.9971035
0.9999994
1.0
1.0
1.0
1.0
1.0
1.0
0.9999989
1.0
0.9662094
0.9882811
1.0
0.99999774
0.99999917
1.0
1.0
0.9999999
0.9999987
1.0
0.9999958
1.0
1.0
1.0
1.0
1.0
0.9999987
1.0
1.0
0.9999409
0.99999535
1.0
1.0
1.0
1.0
0.99911743
0.99999976
1.0
1.0
0.9999999
1.0
1.0
1.0
1.0
0.9999702
0.9999981
1.0
0.9999875
1.0
0.999995
1.0
1.0
1.0
1.0
1.0
1.0
1.0
0.99993455
0.9999782
0.96352184
0.9789969
0.9999994
0.9998989
1.0
1.0
1.0
1.0
1.0
0.99999976
1.0
1.0
1.0
0.9998876
0.99999917
0.99999857
1.0
0.9999999
0.9999993
0.9814135
1.0
1.0
1.0
0.9998647
1.0
0.9999759
1.0
0.9999931
1.0
1.0
1.0
1.0
0.9999999
1.0
0.9999999
0.9999999
0.9999995
0.9996234
1.0
1.0
1.0
0.9999999
0.9999999
1.0
1.0
0.99993217
0.99879456
0.99999857
0.99999774
0.9999981
1.0
0.99999964
0.99999917
0.9999993
1.0
0.9999999
0.9999368
1.0
1.0
1.0
0.999998
0.9996731
0.9999913
0.99999964
0.9999826
1.0
0.9999993
1.0
0.9999361
0.99999833
0.9999548
0.9999759
0.9999982
0.99996746
0.9999863
0.9995171
1.0
1.0
1.0
1.0
1.0
1.0
1.0
1.0
0.9999312
1.0
0.9999995
0.99960655
1.0
1.0
0.99656963
0.9999839
0.99999654
0.99999976
0.9999999
0.99999976
1.0
1.0
1.0
0.9912998
1.0
0.99998105
1.0
0.99999976
1.0
1.0
0.99999285
1.0
1.0
0.99993896
1.0
0.9999999
0.9999201
1.0
0.9999988
1.0
1.0
1.0
0.99999857
1.0
1.0
1.0
1.0
0.9997298
1.0
1.0
1.0
1.0
1.0
0.9993418
1.0
1.0
1.0
1.0
0.99999785
0.99890363
0.99999917
0.9999988
1.0
0.99999964
1.0
1.0
1.0
1.0
0.9999993
0.66702324
0.9999999
0.9999999
0.99999964
1.0
1.0
1.0
1.0
1.0
1.0
0.7330718
1.0
0.9999902
1.0
1.0
1.0
1.0
1.0
1.0
1.0
0.9997212
1.0
1.0
1.0
1.0
1.0
1.0
1.0
0.99999547
0.9999999
1.0
0.962287
1.0
1.0
0.99999857
1.0
1.0
1.0
1.0
1.0
0.99999964
1.0
1.0
0.99999964
1.0
0.99998987
1.0
1.0
1.0
1.0
1.0
1.0
1.0
1.0
1.0
1.0
1.0
1.0
1.0
1.0
1.0
1.0
1.0
1.0
1.0
1.0
0.9999999
1.0
1.0
1.0
1.0
1.0
1.0
1.0
1.0
1.0
0.95343995
1.0
1.0
1.0
0.9999298
1.0
1.0
1.0
1.0
0.5489278
1.0
0.99987745
1.0
0.9999999
1.0
0.7869259
0.96160185
0.9999286
1.0
1.0
1.0
1.0
0.99999964
1.0
1.0
1.0
0.9999999
1.0
1.0
1.0
1.0
0.9999999
1.0
1.0
1.0
1.0
1.0
1.0
1.0
1.0
1.0
1.0
1.0
0.99999917
1.0
1.0
1.0
1.0
1.0
1.0
1.0
1.0
1.0
0.9999999
1.0
1.0
0.99999905
0.9999975
1.0
1.0
1.0
1.0
1.0
1.0
0.99999964
1.0
1.0
1.0
0.9999988
1.0
0.9999999
0.9999995
1.0
0.99999857
1.0
1.0
0.9999999
0.99999404
1.0
1.0
1.0
1.0
1.0
1.0
1.0
0.99999964
0.99999285
1.0
1.0
1.0
1.0
1.0
1.0
1.0
1.0
1.0
1.0
1.0
1.0
1.0
1.0
1.0
1.0
1.0
1.0
1.0
1.0
1.0
1.0
0.99999976
1.0
1.0
1.0
1.0
1.0
1.0
1.0
1.0
1.0
1.0
1.0
1.0
1.0
1.0
1.0
1.0
1.0
1.0
1.0
1.0
1.0
1.0
1.0
1.0
1.0
1.0
1.0
1.0
1.0
1.0
1.0
1.0
1.0
1.0
1.0
1.0
0.99999917
1.0
0.9999429
0.99999976
1.0
1.0
1.0
1.0
1.0
0.9999999
1.0
1.0
1.0
1.0
1.0
1.0
1.0
1.0
1.0
1.0
1.0
1.0
1.0
1.0
1.0
1.0
1.0
1.0
1.0
1.0
1.0
1.0
1.0
1.0
1.0
1.0
1.0
1.0
1.0
1.0
1.0
0.9999995
1.0
1.0
0.9999968
1.0
1.0
1.0
0.9999989
1.0
1.0
1.0
1.0
1.0
1.0
1.0
1.0
1.0
1.0
1.0
1.0
1.0
1.0
1.0
1.0
1.0
1.0
1.0
1.0
1.0
1.0
1.0
1.0
0.99999475
1.0
1.0
0.9999999
1.0
1.0
1.0
1.0
1.0
1.0
1.0
1.0
0.9999999
1.0
1.0
0.9999919
0.99999297
0.999421
1.0
1.0
1.0
1.0
0.9999999
1.0
0.99999356
0.9998252
0.99999857
1.0
1.0
1.0
1.0
1.0
0.99999976
0.9999988
0.99999654
0.99969506
1.0
1.0
1.0
1.0
0.9999999
1.0
0.99999714
1.0
0.99996054
1.0
0.9999988
1.0
0.99999964
0.99999833
0.99990976
1.0
0.9999988
1.0
1.0
1.0
0.99999976
1.0
1.0
1.0
1.0
1.0
1.0
0.9999999
1.0
0.99999845
1.0
0.9999982
1.0
1.0
0.9999994
1.0
1.0
1.0
1.0
0.9999999
0.9999999
0.99999964
1.0
0.9999993
1.0
1.0
0.9999999
1.0
1.0
1.0
1.0
1.0
1.0
1.0
1.0
1.0
1.0
1.0
1.0
0.9997454
1.0
1.0
1.0
1.0
1.0
0.9999999
1.0
1.0
0.99957424
0.9999989
1.0
1.0
1.0
1.0
1.0
0.9999999
1.0
1.0
1.0
1.0
1.0
1.0
0.9999995
0.999445
1.0
1.0
1.0
0.99999917
1.0
1.0
1.0
1.0
1.0
0.9492329
1.0
1.0
0.9999987
1.0
1.0
0.99999964
0.99998665
1.0
1.0
1.0
1.0
0.99989843
1.0
1.0
0.9999999
0.99999905
1.0
0.99999154
0.9999999
1.0
0.9999999
1.0
0.9999474
1.0
1.0
1.0
0.99982613
1.0
0.9999993
1.0
1.0
1.0
0.99982065
1.0
0.99999976
1.0
0.9999783
1.0
0.9999963
1.0
0.9999918
1.0
1.0
0.9999981
1.0
1.0
1.0
0.9999999
0.9255787
0.8514514
0.99999905
0.99998355
0.90341634
1.0
0.6627955
0.9910328
0.9999957
1.0
0.99995506
0.9998023
0.9999987
0.99998903
0.99996495
0.9990295
0.99991477
0.55454427
0.9878323
1.0
0.99410975
0.9998715
0.98527795
0.99997985
0.9997502
1.0
0.99999833
0.9999995
1.0
1.0
0.9999969
1.0
1.0
1.0
1.0
1.0
0.9999999
0.9999999
0.9935869
0.9999999
0.9999999
1.0
0.99997616
0.9737873
0.95328623
0.9901708
1.0
1.0
0.99999964
0.9956701
1.0
0.9994128
1.0
1.0
0.9972905
0.99999976
0.99998295
1.0
1.0
0.9999863
0.99929523
0.9999187
1.0
0.9999893
0.99999213
1.0
1.0
0.9999764
0.9999907
0.99999917
0.99997175
0.557424
1.0
0.99998593
0.9999999
1.0
1.0
0.999814
0.9876061
1.0
1.0
0.9999894
0.99939764
1.0
1.0
1.0
1.0
0.99999917
0.99999666
1.0
1.0
0.9999374
0.99999976
1.0
1.0
1.0
0.99999416
0.9719079
1.0
1.0
1.0
0.9999999
0.99999976
1.0
0.99999964
1.0
1.0
0.9999981
0.99998486
1.0
1.0
1.0
1.0
0.99999917
0.99999905
0.9999999
1.0
1.0
0.9999958
1.0
1.0
0.9999999
1.0
0.9999726
1.0
1.0
0.9999999
0.99978274
1.0
1.0
1.0
1.0
1.0
1.0
0.999992
1.0
1.0
0.99999094
0.99999297
1.0
0.9999995
1.0
1.0
1.0
1.0
1.0
1.0
1.0
1.0
0.9999999
1.0
1.0
0.999995
1.0
1.0
0.99998784
0.999998
1.0
1.0
1.0
1.0
1.0
1.0
1.0
0.99999475
1.0
1.0
0.9992748
0.99998236
1.0
0.99999976
0.9999989
1.0
1.0
1.0
1.0
0.99999857
0.9999999
0.99999845
1.0
1.0
1.0
1.0
1.0
1.0
0.9999999
0.99537814
0.9999893
1.0
0.9999995
0.98268694
0.99996877
1.0
0.9994118
1.0
0.9999957
0.9999999
0.9999999
1.0
1.0
0.999998
0.9984937
0.99765754
1.0
0.9999999
0.9999999
0.9999999
1.0
0.9999981
1.0
0.99998736
0.999998
1.0
1.0
0.99996865
0.99996495
1.0
1.0
0.99999976
1.0
0.99999976
1.0
0.9999999
1.0
0.99999976
1.0
0.9999969
1.0
0.9999939
0.9796123
0.9999726
0.999998
1.0
0.99998677
1.0
1.0
0.9999982
0.99996805
1.0
0.99986887
1.0
1.0
0.9990382
1.0
1.0
1.0
1.0
0.9999995
1.0
1.0
1.0
1.0
1.0
0.9999827
1.0
1.0
1.0
0.99989414
1.0
0.99999785
1.0
1.0
1.0
0.99999714
1.0
1.0
1.0
0.9999999
1.0
1.0
1.0
1.0
1.0
0.99999845
1.0
1.0
1.0
1.0
1.0
1.0
1.0
1.0
1.0
1.0
1.0
1.0
0.9999988
0.99999964
1.0
1.0
1.0
0.9999999
1.0
0.8093449
1.0
1.0
1.0
1.0
0.99999726
1.0
1.0
1.0
1.0
0.9999999
1.0
1.0
1.0
1.0
1.0
0.9999999
1.0
1.0
1.0
1.0
1.0
1.0
0.99999976
1.0
1.0
1.0
1.0
1.0
0.9999999
1.0
0.9999902
1.0
1.0
1.0
1.0
0.99865675
1.0
0.99999857
0.99999976
0.99999964
1.0
1.0
1.0
1.0
1.0
1.0
0.99999917
0.9995757
1.0
1.0
1.0
0.99999905
1.0
1.0
1.0
0.9999999
1.0
0.99999976
0.99998593
1.0
1.0
0.9999999
0.9999938
1.0
0.99997914
1.0
0.99998474
1.0
0.9999988
1.0
0.9999994
0.9999219
0.9999999
1.0
1.0
1.0
1.0
1.0
0.9999988
1.0
1.0
0.99991786
1.0
1.0
1.0
1.0
1.0
1.0
0.99999964
1.0
1.0
1.0
0.99991786
1.0
1.0
1.0
1.0
0.99998534
1.0
1.0
1.0
1.0
0.99999595
1.0
1.0
1.0
0.99998784
1.0
1.0
1.0
1.0
1.0
1.0
1.0
0.99999976
1.0
1.0
1.0
1.0
0.99999714
1.0
1.0
1.0
0.9999999
1.0
1.0
1.0
1.0
1.0
1.0
1.0
1.0
0.9999999
0.9999999
1.0
1.0
1.0
1.0
1.0
1.0
1.0
1.0
1.0
1.0
1.0
1.0
1.0
1.0
1.0
1.0
0.9999938
1.0
1.0
0.9999995
0.99999964
1.0
1.0
1.0
1.0
1.0
0.9999987
1.0
1.0
1.0
1.0
1.0
1.0
0.9999999
1.0
1.0
1.0
1.0
1.0
0.9999994
1.0
1.0
1.0
0.9999995
1.0
1.0
1.0
1.0
0.9999933
0.99999976
1.0
1.0
1.0
0.99999976
1.0
1.0
1.0
1.0
1.0
1.0
1.0
1.0
1.0
1.0
1.0
1.0
1.0
0.9994887
1.0
1.0
1.0
1.0
0.9993765
1.0
1.0
1.0
1.0
1.0
1.0
0.9999925
1.0
1.0
0.9999738
1.0
1.0
1.0
1.0
0.9999999
1.0
0.9999796
1.0
1.0
0.999979
1.0
1.0
1.0
1.0
0.9999999
1.0
0.9998988
1.0
1.0
0.99999976
1.0
1.0
1.0
1.0
0.9999628
1.0
1.0
1.0
0.99968874
0.99999905
0.999747
1.0
1.0
0.99999964
1.0
0.9999938
1.0
1.0
1.0
1.0
1.0
0.9999814
0.99993145
1.0
1.0
1.0
1.0
1.0
1.0
1.0
0.9998292
1.0
1.0
0.99999607
1.0
0.99999774
0.9998728
1.0
1.0
1.0
1.0
1.0
1.0
0.99999785
1.0
1.0
1.0
0.9999949
1.0
1.0
0.99961084
0.9999918
1.0
1.0
1.0
1.0
1.0
1.0
1.0
1.0
1.0
1.0
1.0
0.99998844
1.0
1.0
0.99999905
1.0
1.0
0.86868215
1.0
0.9999199
1.0
1.0
1.0
1.0
1.0
1.0
0.9999994
1.0
1.0
1.0
1.0
1.0
1.0
0.9999999
1.0
1.0
1.0
0.9999875
1.0
1.0
1.0
1.0
0.99999726
1.0
1.0
0.9999999
1.0
0.9999999
1.0
1.0
1.0
1.0
1.0
1.0
1.0
0.9999963
1.0
1.0
0.9999999
0.9999999
1.0
0.9996786
1.0
1.0
1.0
1.0
1.0
0.9999969
0.99997616
1.0
1.0
0.9999496
0.9999993
0.9999931
0.99999964
0.9981096
1.0
1.0
0.9999999
0.94120276
1.0
1.0
1.0
0.99998534
1.0
1.0
1.0
0.9999999
1.0
1.0
1.0
1.0
0.9999796
1.0
1.0
1.0
0.99967515
1.0
0.94958746
1.0
0.9999912
0.9999999
1.0
0.9999287
0.99999976
0.9999999
0.99999976
1.0
0.9999914
1.0
1.0
0.99999976
0.9978138
1.0
1.0
1.0
1.0
1.0
0.9999999
1.0
1.0
0.99999654
0.999998
1.0
1.0
0.9999999
1.0
1.0
0.99999964
0.99999976
0.9999856
0.9999821
1.0
1.0
0.9999964
0.9999999
1.0
1.0
1.0
1.0
1.0
0.99995625
1.0
1.0
1.0
1.0
1.0
1.0
1.0
1.0
0.99999964
0.999997
1.0
1.0
0.9999981
1.0
1.0
1.0
1.0
1.0
0.99999976
0.99999976
1.0
1.0
1.0
1.0
1.0
1.0
1.0
1.0
1.0
1.0
0.9999542
1.0
1.0
1.0
1.0
1.0
1.0
1.0
1.0
1.0
1.0
1.0
1.0
0.9999999
1.0
1.0
1.0
1.0
0.9999999
1.0
1.0
1.0
1.0
1.0
0.9999999
0.99999964
1.0
0.9999987
0.99999976
1.0
1.0
1.0
1.0
1.0
1.0
1.0
0.9999995
1.0
0.99999976
0.999997
0.9997718
0.99999976
1.0
1.0
1.0
0.9999871
1.0
0.9999999
1.0
1.0
1.0
1.0
1.0
1.0
1.0
0.9999989
1.0
1.0
1.0
1.0
1.0
0.9999974
1.0
1.0
1.0
1.0
0.99999976
1.0
0.9999999
1.0
0.99999964
0.99999976
1.0
0.9999994
1.0
0.9999945
1.0
0.99999964
1.0
1.0
1.0
0.99999547
1.0
0.9999999
1.0
1.0
1.0
1.0
1.0
1.0
1.0
0.9999877
0.99999
1.0
0.99999964
0.9999976
1.0
0.99999976
0.99999607
1.0
1.0
0.9999969
1.0
0.9999999
0.9999893
1.0
1.0
0.99999964
1.0
1.0
0.99999976
0.9999994
1.0
1.0
1.0
1.0
1.0
0.99999845
0.9999993
1.0
1.0
0.99998915
0.9999907
0.9997218
0.9999931
0.9996432
1.0
1.0
1.0
0.9999999
0.9999994
1.0
0.9978199
1.0
0.99999774
1.0
0.9999882
1.0
0.9999989
1.0
1.0
0.9999913
0.99977404
1.0
1.0
1.0
1.0
1.0
0.99993896
1.0
1.0
1.0
0.99996674
0.99999785
0.9999999
1.0
0.9999999
0.9999999
1.0
1.0
0.9999999
1.0
0.999995
0.9977416
1.0
1.0
1.0
0.9999678
1.0
1.0
0.99999964
1.0
1.0
0.99999666
0.99961567
1.0
1.0
0.99999976
0.999997
1.0
1.0
0.99999225
0.9999502
0.9995435
1.0
1.0
1.0
0.9999999
0.99999857
0.9998196
1.0
1.0
1.0
0.9999999
0.9999994
0.9999989
0.9998629
1.0
1.0
1.0
1.0
1.0
0.99999344
1.0
1.0
0.9997485
0.99999917
1.0
1.0
1.0
1.0
1.0
1.0
1.0
0.9999989
0.9999906
1.0
1.0
1.0
1.0
0.9999999
1.0
1.0
1.0
1.0
0.9999995
0.9999999
1.0
1.0
1.0
0.9999752
1.0
1.0
1.0
1.0
1.0
0.9999143
1.0
1.0
1.0
1.0
1.0
1.0
0.9999993
1.0
1.0
0.9999999
1.0
1.0
0.99999905
1.0
1.0
1.0
1.0
1.0
1.0
0.99969006
1.0
1.0
1.0
0.9999715
0.9999999
0.9999988
0.9999918
0.9999995
0.99999917
0.99999976
1.0
1.0
1.0
0.9999901
0.99949145
1.0
1.0
1.0
1.0
1.0
0.9999994
0.9999995
1.0
1.0
1.0
1.0
0.9999999
1.0
0.99999976
1.0
1.0
1.0
1.0
1.0
1.0
1.0
1.0
0.99999285
0.99999857
1.0
0.99999607
1.0
1.0
1.0
0.999997
1.0
1.0
1.0
1.0
1.0
0.99999976
1.0
1.0
0.999966
0.99999964
1.0
1.0
1.0
1.0
1.0
1.0
0.9999974
1.0
1.0
1.0
1.0
1.0
1.0
0.9999982
0.9999999
0.99999976
0.99917656
0.9999995
0.9999628
0.99999976
0.9999988
1.0
1.0
0.9999937
1.0
1.0
1.0
1.0
1.0
1.0
0.999936
0.9999999
1.0
1.0
1.0
0.99999464
1.0
1.0
1.0
1.0
1.0
1.0
1.0
1.0
1.0
1.0
1.0
1.0
1.0
1.0
0.9999993
0.9999995
1.0
1.0
1.0
1.0
1.0
1.0
0.99999905
0.99999917
1.0
1.0
0.9999964
1.0
1.0
1.0
0.9999982
1.0
0.99999964
1.0
1.0
0.99982846
1.0
1.0
1.0
1.0
0.99999917
0.9999999
1.0
0.9999999
1.0
1.0
1.0
1.0
1.0
1.0
1.0
1.0
1.0
1.0
1.0
1.0
1.0
0.99999964
1.0
1.0
1.0
1.0
1.0
0.999995
1.0
1.0
1.0
0.99995744
1.0
1.0
1.0
0.99999976
0.9999943
1.0
1.0
0.9999995
1.0
0.99999976
0.9995183
0.999894
1.0
0.9999995
0.99999976
1.0
1.0
1.0
1.0
1.0
1.0
0.99999976
1.0
1.0
0.99995315
1.0
1.0
1.0
1.0
1.0
1.0
1.0
0.9999999
1.0
1.0
1.0
1.0
1.0
0.9999999
1.0
1.0
1.0
1.0
1.0
1.0
1.0
1.0
0.9999647
0.9999981
1.0
1.0
1.0
0.9999999
1.0
1.0
1.0
0.9999279
1.0
0.99999976
0.9999999
1.0
0.9999995
1.0
1.0
0.99999964
0.9999999
0.9999999
1.0
1.0
1.0
0.99999976
1.0
0.99999523
1.0
0.9999989
0.9999242
1.0
0.9999993
1.0
1.0
1.0
1.0
1.0
1.0
1.0
1.0
0.9999994
0.99998605
0.99999094
1.0
0.9999956
1.0
1.0
1.0
1.0
1.0
0.9999074
0.9999995
0.9999999
1.0
1.0
0.9999995
1.0
1.0
1.0
1.0
1.0
1.0
1.0
1.0
1.0
1.0
0.9999994
1.0
0.9999393
0.99999
0.9999988
0.999967
1.0
0.99999964
0.99973804
1.0
0.999964
1.0
0.8740408
0.99999416
0.99998844
0.99999976
0.99988544
0.9999999
1.0
0.99983823
0.99997604
0.9999964
0.9999957
0.999998
0.9999999
1.0
0.9999999
1.0
1.0
1.0
1.0
1.0
0.99999976
1.0
1.0
1.0
1.0
0.9999999
1.0
0.9999993
0.9999999
1.0
1.0
1.0
1.0
1.0
1.0
1.0
1.0
0.9999764
0.9999995
1.0
1.0
1.0
0.99999714
0.9999999
0.9999999
0.99999845
1.0
0.99999857
1.0
0.9999989
0.999699
0.99999166
1.0
0.994806
0.9999982
1.0
0.9999988
1.0
1.0
1.0
0.99999964
1.0
0.9999919
0.9999945
1.0
0.9999982
0.996083
0.99999535
0.99999
0.99984205
1.0
0.99999857
0.9999752
0.99999976
1.0
0.9999974
0.99986196
1.0
0.99994564
0.9951585
1.0
0.9999999
1.0
1.0
1.0
0.99999535
1.0
1.0
1.0
1.0
1.0
1.0
1.0
0.9999995
1.0
1.0
0.99999213
1.0
1.0
1.0
1.0
1.0
1.0
0.9999927
1.0
1.0
1.0
1.0
1.0
1.0
1.0
1.0
1.0
0.9999995
1.0
0.9999585
1.0
1.0
1.0
1.0
1.0
1.0
0.9978143
1.0
1.0
1.0
1.0
1.0
1.0
0.99999774
1.0
1.0
1.0
1.0
1.0
1.0
0.99997795
0.9999989
1.0
1.0
1.0
0.99996924
0.99995255
1.0
1.0
0.9999999
1.0
1.0
1.0
1.0
0.9999944
0.9999987
1.0
1.0
0.999995
1.0
1.0
1.0
1.0
0.9999981
1.0
1.0
1.0
1.0
1.0
0.9999999
1.0
0.99999416
1.0
1.0
1.0
0.9999987
1.0
1.0
1.0
1.0
1.0
1.0
1.0
0.99999976
1.0
0.99999917
1.0
1.0
1.0
1.0
1.0
1.0
1.0
1.0
1.0
1.0
1.0
1.0
0.99999905
0.9999999
1.0
1.0
0.99998915
1.0
1.0
1.0
1.0
1.0
1.0
1.0
1.0
1.0
1.0
1.0
0.9126125
1.0
0.986623
0.99999976
0.9999987
0.9999218
0.9999392
0.9999999
1.0
1.0
0.9960751
1.0
0.9998516
1.0
1.0
1.0
0.9999863
0.9999999
1.0
0.9999995
0.9998834
1.0
0.99999547
1.0
1.0
0.9999975
1.0
1.0
1.0
1.0
1.0
1.0
0.9998286
0.99992466
0.9999149
0.7301132
0.9993748
1.0
0.9999976
1.0
1.0
1.0
0.9999963
0.9994179
0.9999999
0.99961436
0.9999031
0.99992824
0.9999951
1.0
0.99999964
0.99994004
1.0
0.9999882
1.0
1.0
0.99997497
1.0
1.0
1.0
1.0
0.99999976
1.0
1.0
0.99999976
1.0
1.0
0.99996984
1.0
0.99961936
1.0
1.0
1.0
1.0
1.0
1.0
1.0
0.9999914
1.0
1.0
0.999954
1.0
1.0
1.0
0.9999912
0.99999976
1.0
1.0
1.0
1.0
1.0
0.99999523
0.9999924
1.0
0.99999547
1.0
1.0
0.99999905
1.0
1.0
1.0
1.0
1.0
1.0
1.0
0.9999999
0.99998415
1.0
1.0
0.9999989
1.0
1.0
0.9999949
0.9999999
1.0
1.0
1.0
1.0
1.0
1.0
1.0
1.0
0.9996051
0.99832314
0.99998736
0.9996675
0.9999999
1.0
1.0
1.0
1.0
1.0
1.0
0.9999999
1.0
1.0
1.0
0.9997837
0.99999785
0.99999404
1.0
1.0
0.9999999
1.0
0.99999964
1.0
1.0
1.0
1.0
0.9999995
1.0
0.99999905
1.0
0.99999976
0.99999905
1.0
1.0
1.0
0.9999474
0.99999964
1.0
1.0
1.0
1.0
1.0
1.0
0.9999969
0.9999995
0.9999981
0.99998057
1.0
0.99999917
1.0
1.0
1.0
1.0
1.0
0.99999964
1.0
1.0
1.0
0.9999999
1.0
1.0
0.9999374
0.9999918
0.99942505
0.9621074
1.0
1.0
1.0
0.99999964
1.0
1.0
0.9999865
0.99998486
0.9999988
0.9999987
0.9999995
1.0
0.9992192
0.9999999
1.0
0.9996269
1.0
1.0
0.99999976
1.0
0.9999982
0.9999999
1.0
1.0
1.0
0.99999416
0.93631727
0.9999962
0.99999714
1.0
0.9999732
0.9982481
0.99982125
1.0
0.9999999
0.9999825
0.999998
1.0
1.0
0.99999917
0.9999975
0.9999112
1.0
0.99999976
1.0
0.99999404
1.0
1.0
0.99995387
1.0
1.0
1.0
0.9999933
1.0
1.0
1.0
1.0
0.9999999
0.99999976
1.0
1.0
0.9999987
1.0
0.9999969
0.96126956
1.0
0.9999988
1.0
0.9984939
0.54851043
1.0
0.99999976
0.9999999
0.997554
0.9999993
0.99971324
0.99966466
0.9999999
0.9591644
0.9927335
0.99999976
1.0
1.0
0.9999988
1.0
0.99768686
0.99999976
0.99996257
0.9999999
1.0
1.0
1.0
0.99999154
1.0
1.0
1.0
1.0
1.0
1.0
1.0
1.0
1.0
0.9999809
1.0
0.9999999
1.0
0.9999604
0.9999995
1.0
1.0
1.0
0.9999969
0.9999999
0.9999999
1.0
0.9999974
1.0
1.0
1.0
1.0
1.0
1.0
1.0
1.0
1.0
0.99999785
0.9999999
0.9999156
0.9998011
0.99936837
1.0
1.0
0.99999976
1.0
0.9999982
0.99928254
0.9999629
1.0
1.0
1.0
1.0
0.9999994
0.99999714
1.0
0.9999993
1.0
0.99999726
0.9999999
1.0
1.0
0.9999429
1.0
1.0
1.0
1.0
1.0
1.0
1.0
1.0
0.9996973
1.0
0.46248594
1.0
0.9999683
1.0
1.0
1.0
1.0
1.0
1.0
1.0
1.0
1.0
1.0
1.0
0.9999908
0.9999999
1.0
0.9999999
0.9989753
1.0
1.0
1.0
0.9999999
0.99999046
1.0
1.0
1.0
0.99999905
0.9999999
1.0
1.0
1.0
1.0
0.9999999
1.0
1.0
1.0
1.0
1.0
1.0
1.0
1.0
1.0
1.0
1.0
1.0
1.0
1.0
1.0
1.0
1.0
0.99999976
1.0
1.0
1.0
1.0
1.0
1.0
1.0
1.0
1.0
0.9999987
1.0
1.0
1.0
1.0
1.0
1.0
0.9999957
1.0
1.0
1.0
1.0
1.0
1.0
1.0
1.0
1.0
0.9999758
1.0
1.0
0.99999976
0.9999999
0.9999999
0.9999993
1.0
1.0
0.9999968
1.0
0.99999917
0.9999994
1.0
1.0
1.0
0.9999831
0.9999938
0.999918
1.0
0.9999993
1.0
0.99965155
0.99997437
0.9999994
0.99999976
1.0
0.9999999
1.0
1.0
1.0
1.0
1.0
0.9999869
0.99945396
0.99999905
0.99989176
0.9999418
1.0
0.99999917
1.0
0.8601723
1.0
1.0
0.99999964
1.0
1.0
1.0
0.9999999
1.0
1.0
1.0
1.0
0.9999808
1.0
0.9999994
1.0
1.0
1.0
0.9999999
1.0
1.0
1.0
1.0
1.0
1.0
1.0
1.0
1.0
1.0
1.0
0.99999535
1.0
1.0
1.0
1.0
1.0
1.0
1.0
0.9999999
1.0
1.0
1.0
1.0
1.0
1.0
1.0
1.0
1.0
1.0
1.0
1.0
1.0
1.0
1.0
1.0
1.0
1.0
0.99925417
1.0
1.0
1.0
0.99999964
1.0
0.9999995
1.0
1.0
0.9999845
0.99999964
1.0
0.9999999
0.9999976
1.0
1.0
1.0
1.0
1.0
0.9999999
1.0
1.0
0.9999999
0.9999074
1.0
1.0
1.0
1.0
1.0
1.0
1.0
0.9999993
1.0
1.0
1.0
1.0
1.0
1.0
1.0
0.999998
1.0
1.0
1.0
1.0
0.9999993
1.0
1.0
1.0
1.0
1.0
1.0
1.0
1.0
0.9999987
1.0
1.0
0.99999964
1.0
1.0
1.0
1.0
0.9999999
1.0
1.0
1.0
1.0
1.0
1.0
1.0
0.9999999
1.0
1.0
1.0
1.0
1.0
1.0
1.0
1.0
1.0
1.0
1.0
1.0
1.0
1.0
1.0
1.0
1.0
1.0
1.0
1.0
1.0
1.0
1.0
1.0
1.0
1.0
1.0
0.9999999
1.0
1.0
1.0
1.0
1.0
1.0
1.0
1.0
0.99999905
1.0
1.0
1.0
1.0
1.0
1.0
1.0
1.0
1.0
0.9999999
1.0
1.0
1.0
1.0
0.9999995
1.0
1.0
1.0
1.0
1.0
1.0
1.0
0.99999976
1.0
1.0
1.0
0.99999964
1.0
1.0
1.0
1.0
1.0
1.0
1.0
1.0
1.0
1.0
1.0
1.0
1.0
1.0
1.0
1.0
1.0
1.0
0.9999999
1.0
0.99999785
1.0
1.0
1.0
0.99999917
1.0
1.0
1.0
1.0
1.0
1.0
1.0
0.9999999
1.0
1.0
1.0
1.0
1.0
1.0
1.0
1.0
0.9999999
1.0
1.0
1.0
1.0
1.0
1.0
1.0
1.0
1.0
0.9999999
1.0
1.0
1.0
1.0
1.0
1.0
1.0
1.0
1.0
1.0
1.0
0.9999995
0.99999976
1.0
1.0
0.9999999
1.0
1.0
1.0
1.0
1.0
1.0
1.0
1.0
1.0
1.0
0.9999999
1.0
1.0
1.0
1.0
1.0
1.0
1.0
1.0
1.0
0.9999237
0.99999666
1.0
1.0
1.0
1.0
1.0
1.0
1.0
1.0
1.0
1.0
1.0
1.0
0.99999857
1.0
1.0
1.0
1.0
1.0
0.99999976
1.0
1.0
1.0
0.99999976
1.0
1.0
1.0
1.0
1.0
1.0
1.0
1.0
0.99999964
1.0
1.0
1.0
0.9999809
1.0
1.0
0.9999974
0.99991786
1.0
1.0
1.0
1.0
1.0
1.0
1.0
1.0
1.0
1.0
1.0
1.0
1.0
1.0
1.0
1.0
1.0
1.0
1.0
1.0
1.0
1.0
1.0
1.0
1.0
1.0
1.0
1.0
1.0
1.0
1.0
1.0
1.0
1.0
0.99968004
1.0
1.0
1.0
1.0
0.99999964
1.0
0.99991345
1.0
1.0
1.0
1.0
1.0
1.0
1.0
0.9999999
1.0
0.99999976
0.9999865
1.0
1.0
1.0
1.0
1.0
0.9999782
1.0
0.99999964
1.0
1.0
1.0
1.0
0.99999845
1.0
1.0
1.0
1.0
1.0
1.0
1.0
1.0
1.0
0.9999976
1.0
1.0
1.0
1.0
1.0
1.0
1.0
0.99999976
1.0
0.9999999
1.0
1.0
1.0
1.0
1.0
1.0
1.0
1.0
0.9999999
1.0
0.99999833
1.0
1.0
1.0
1.0
0.9999999
1.0
1.0
0.9999219
1.0
1.0
0.9999995
0.99999976
0.9999993
1.0
1.0
1.0
1.0
0.99999964
0.9999758
1.0
1.0
1.0
0.9999999
1.0
1.0
1.0
1.0
1.0
1.0
1.0
1.0
1.0
1.0
1.0
1.0
0.9999999
0.99999857
1.0
0.9999999
1.0
1.0
1.0
1.0
1.0
1.0
1.0
1.0
1.0
1.0
0.9999999
1.0
1.0
1.0
0.9999417
1.0
1.0
1.0
1.0
1.0
1.0
0.99999833
0.99999964
1.0
1.0
0.997638
0.9994894
1.0
0.99999833
1.0
0.99987936
0.9995939
0.99979454
0.99999666
0.99999475
0.9831482
1.0
1.0
0.9999994
0.9999995
0.9993048
0.9999994
0.99998987
1.0
0.99996126
1.0
1.0
0.9999999
0.9999982
1.0
1.0
1.0
0.9999833
0.9999999
0.9999994
0.9999999
0.9999999
1.0
1.0
0.9999976
0.9999832
0.9999839
0.9997594
1.0
1.0
1.0
0.9999987
0.9999925
1.0
1.0
0.99999976
1.0
0.9999999
0.9977963
1.0
0.99999654
1.0
1.0
0.99999976
0.99999976
1.0
1.0
1.0
1.0
1.0
0.999501
1.0
0.9985359
1.0
1.0
1.0
1.0
1.0
1.0
1.0
0.9999987
1.0
1.0
1.0
1.0
1.0
1.0
1.0
1.0
1.0
0.9999999
1.0
1.0
0.9999999
0.99999774
0.9999988
1.0
1.0
1.0
1.0
1.0
1.0
1.0
1.0
1.0
1.0
1.0
1.0
1.0
1.0
1.0
0.999998
1.0
0.9999999
1.0
1.0
1.0
1.0
0.99999976
1.0
1.0
1.0
1.0
1.0
0.9999993
1.0
1.0
1.0
0.9999999
1.0
1.0
1.0
1.0
1.0
1.0
1.0
1.0
1.0
1.0
1.0
0.9999999
1.0
1.0
0.99999964
1.0
0.99999964
1.0
1.0
1.0
0.9999999
1.0
0.9999999
1.0
1.0
0.9999988
1.0
1.0
1.0
1.0
0.9997161
1.0
1.0
1.0
1.0
0.99999905
1.0
0.99999344
1.0
1.0
0.9999999
1.0
0.99999785
1.0
1.0
1.0
1.0
1.0
1.0
1.0
1.0
1.0
1.0
1.0
1.0
1.0
1.0
1.0
1.0
1.0
0.9999968
1.0
1.0
0.9999982
1.0
1.0
0.9999999
1.0
1.0
1.0
0.99999774
1.0
1.0
0.9999999
1.0
1.0
1.0
0.9999994
0.9999981
1.0
1.0
0.99999833
1.0
1.0
1.0
1.0
0.99998283
0.9999999
0.9999963
1.0
0.9999852
1.0
1.0
1.0
0.9999999
1.0
1.0
0.99986184
1.0
0.99999905
1.0
1.0
1.0
1.0
1.0
0.99999976
1.0
1.0
1.0
1.0
1.0
1.0
1.0
1.0
1.0
1.0
0.9999995
0.99999046
1.0
1.0
1.0
1.0
0.99999785
1.0
0.9989011
0.9999999
0.9999999
0.9999752
1.0
0.99999976
1.0
0.9998692
1.0
1.0
1.0
1.0
1.0
1.0
1.0
1.0
0.9999999
1.0
1.0
1.0
0.9999989
1.0
1.0
1.0
1.0
1.0
1.0
1.0
0.9990958
1.0
1.0
1.0
1.0
1.0
1.0
1.0
1.0
1.0
1.0
1.0
0.9999995
1.0
1.0
1.0
0.99999654
0.9999999
1.0
0.9999999
1.0
1.0
1.0
1.0
1.0
1.0
1.0
1.0
1.0
1.0
1.0
1.0
1.0
1.0
1.0
1.0
0.99999976
1.0
1.0
0.9999993
1.0
1.0
1.0
1.0
1.0
1.0
1.0
1.0
1.0
1.0
1.0
0.9999999
1.0
1.0
1.0
1.0
1.0
1.0
1.0
1.0
1.0
1.0
0.99950385
1.0
1.0
1.0
0.9999865
1.0
1.0
1.0
1.0
1.0
1.0
1.0
1.0
1.0
1.0
0.9999726
1.0
1.0
1.0
1.0
1.0
1.0
1.0
1.0
1.0
1.0
1.0
0.9999826
1.0
1.0
1.0
1.0
1.0
0.9999882
0.99999905
0.9999989
1.0
1.0
1.0
1.0
0.9998877
1.0
1.0
0.9999931
0.99999917
0.9999999
0.9999999
1.0
1.0
1.0
0.99999833
1.0
1.0
1.0
1.0
1.0
0.9999999
1.0
1.0
1.0
0.99999976
1.0
1.0
1.0
1.0
1.0
0.9999988
1.0
1.0
1.0
1.0
0.9999999
1.0
1.0
1.0
1.0
1.0
1.0
1.0
0.99796605
0.9999943
0.9998423
1.0
0.9998535
0.99998045
1.0
1.0
1.0
1.0
1.0
1.0
1.0
1.0
1.0
1.0
1.0
1.0
1.0
1.0
1.0
0.99999917
1.0
1.0
1.0
0.9997222
1.0
1.0
1.0
1.0
1.0
1.0
1.0
1.0
1.0
0.99999094
1.0
1.0
1.0
1.0
1.0
1.0
0.9999957
1.0
1.0
0.9999958
0.99999666
1.0
1.0
1.0
1.0
1.0
1.0
1.0
1.0
1.0
0.99999976
0.9999999
1.0
1.0
1.0
1.0
0.9999999
1.0
1.0
1.0
1.0
0.99999976
1.0
0.9999999
0.99999213
0.9998386
1.0
0.99999976
0.99999523
1.0
0.9999789
1.0
1.0
0.9996082
0.99999905
0.99999917
1.0
1.0
0.75599104
1.0
0.99999976
0.9999994
1.0
0.9999993
1.0
0.999995
0.9999981
1.0
1.0
1.0
0.98165154
1.0
1.0
1.0
1.0
0.9999999
1.0
0.99999976
1.0
1.0
0.9999989
1.0
1.0
0.9983839
0.9999995
0.99999964
1.0
0.9999975
0.9999845
0.999977
1.0
0.9998851
0.9999814
0.99973196
1.0
1.0
1.0
0.9999901
1.0
0.99999666
1.0
1.0
1.0
1.0
1.0
1.0
0.99999607
0.9999988
1.0
1.0
1.0
1.0
0.9999962
0.9999987
1.0
0.9999685
1.0
1.0
1.0
1.0
1.0
1.0
0.9999999
1.0
0.9995553
1.0
1.0
1.0
1.0
0.99999976
1.0
1.0
1.0
0.99999857
1.0
1.0
1.0
1.0
0.99999964
1.0
0.8359309
0.99999976
1.0
1.0
0.9999999
1.0
1.0
0.99999404
1.0
0.9994968
1.0
1.0
0.9999974
1.0
1.0
1.0
0.9999995
1.0
1.0
1.0
0.99987924
1.0
1.0
0.999992
1.0
0.99975485
0.9999994
0.99999416
1.0
1.0
0.9999858
0.99999976
1.0
0.979156
1.0
0.99999726
0.9999838
0.99983084
0.99997795
0.9999999
0.9968125
1.0
1.0
1.0
1.0
1.0
0.9999999
0.99613345
1.0
0.98396045
0.99986684
0.831588
0.99999976
1.0
0.9999993
0.94640017
0.9999567
0.9999994
0.9999534
1.0
1.0
1.0
0.9999994
0.9999994
0.9999993
0.99995995
0.99997735
0.9999999
0.99999213
0.9999993
0.9999999
0.99999917
0.99999976
1.0
0.9999609
0.9999994
0.9999993
0.9138393
0.99999714
0.9999995
1.0
1.0
0.99966514
0.9999989
1.0
0.99999964
1.0
1.0
1.0
0.9999994
0.9999856
0.9999987
0.9765385
1.0
1.0
1.0
1.0
1.0
1.0
0.9997669
0.99987173
1.0
1.0
1.0
0.99999976
0.8817794
0.9998012
0.9999757
1.0
0.9999981
0.999998
0.99840325
0.99999917
0.9997893
0.99989736
1.0
0.99997807
1.0
1.0
0.99999976
1.0
1.0
0.99999976
1.0
1.0
1.0
0.99993324
0.9997806
1.0
0.9997527
0.9999999
1.0
0.99999964
0.99998164
0.9999999
1.0
0.99996424
0.9999999
1.0
0.9999671
1.0
1.0
0.9999987
0.99998355
0.9999906
1.0
0.99904114
1.0
0.99999404
0.9999635
1.0
1.0
0.99999976
0.9997315
0.9994406
0.9999999
1.0
1.0
1.0
1.0
0.9999956
1.0
0.997654
0.99983764
0.9973417
0.99987686
0.9999999
0.9998814
0.9999783
0.99999976
1.0
0.99999344
1.0
1.0
1.0
0.986
1.0
1.0
1.0
1.0
0.9999865
0.9877257
1.0
0.911397
1.0
1.0
0.9999994
1.0
1.0
1.0
0.99999607
0.99999905
0.9954139
0.9999999
0.99999213
0.9998111
1.0
0.9999999
1.0
1.0
1.0
0.99999976
1.0
0.99999976
1.0
0.98068
0.9993488
1.0
1.0
1.0
1.0
0.99999905
1.0
0.99993014
1.0
1.0
0.9999981
1.0
1.0
1.0
1.0
0.999803
1.0
1.0
0.87549037
1.0
1.0
1.0
0.9999999
0.99999964
1.0
1.0
1.0
0.9999958
1.0
1.0
1.0
1.0
1.0
1.0
1.0
0.9975794
0.99996126
1.0
0.99999917
0.999985
1.0
0.99999785
1.0
1.0
1.0
1.0
0.88066113
0.9991566
0.99999785
1.0
0.9999999
1.0
1.0
1.0
0.9979791
1.0
0.99999964
0.86584353
1.0
1.0
1.0
1.0
0.9994205
0.9999571
1.0
0.999998
1.0
0.9999989
1.0
0.9999989
1.0
1.0
1.0
1.0
0.9998696
1.0
1.0
0.99999857
1.0
1.0
1.0
0.99942493
1.0
1.0
1.0
1.0
0.9972721
0.9999993
0.9999999
0.99999917
0.9999188
1.0
0.99999964
1.0
1.0
0.9735041
1.0
0.99983406
0.99942267
0.9999994
0.99781114
1.0
1.0
1.0
1.0
1.0
1.0
1.0
1.0
0.9999988
0.99999964
0.9976546
0.99546224
0.9999845
1.0
1.0
1.0
1.0
1.0
1.0
0.99983203
1.0
1.0
0.9999995
1.0
0.9999858
1.0
1.0
1.0
0.99999547
1.0
0.99997675
0.9999715
1.0
1.0
1.0
1.0
1.0
1.0
0.9999999
0.99999964
1.0
0.9999999
1.0
0.9999796
1.0
0.99999964
0.99999917
0.99997115
1.0
0.99999976
0.99999714
0.999998
1.0
1.0
0.9999999
1.0
1.0
0.9999999
1.0
1.0
0.9999573
1.0
1.0
1.0
1.0
1.0
1.0
1.0
0.9999999
1.0
1.0
0.99999785
1.0
1.0
1.0
1.0
0.9999924
0.9999925
1.0
0.99999845
1.0
0.99991596
0.99999917
1.0
1.0
1.0
0.9999838
0.9999987
0.88730854
1.0
1.0
0.99999607
1.0
1.0
1.0
1.0
1.0
1.0
0.9999944
0.99999845
1.0
1.0
1.0
1.0
1.0
1.0
