1.0
1.0
1.0
0.9999999
0.9999999
1.0
0.9999635
1.0
0.99996984
0.99999356
1.0
0.9999994
0.9999951
1.0
1.0
1.0
0.9999993
1.0
0.99800414
1.0
0.9999913
0.9999989
1.0
1.0
0.9999999
0.99999964
1.0
1.0
0.9998615
1.0
1.0
0.9999993
0.99999976
0.99978787
1.0
1.0
0.9999999
1.0
0.99999857
0.99999976
1.0
0.999998
0.9999945
0.9999753
0.9999858
1.0
0.9999987
1.0
0.99998057
1.0
0.9999987
1.0
1.0
1.0
1.0
0.99999964
1.0
1.0
0.99999964
0.9999994
1.0
1.0
0.85512817
0.99999034
1.0
0.99997354
0.9999863
0.9999937
1.0
1.0
1.0
1.0
1.0
0.9999331
0.99999976
1.0
1.0
1.0
0.9999949
0.9999993
0.9999944
1.0
1.0
1.0
1.0
1.0
0.999995
0.9999684
1.0
0.99999976
1.0
1.0
0.9685042
0.99980515
0.9999999
0.99874866
0.9997682
0.9999906
1.0
1.0
1.0
1.0
1.0
1.0
0.99994814
1.0
1.0
0.9999999
0.99999833
1.0
1.0
0.9999298
0.9999999
1.0
1.0
0.73315716
0.9999976
1.0
0.9999933
0.9991456
1.0
0.9997199
1.0
1.0
0.99999285
0.9999405
0.9999999
1.0
1.0
1.0
1.0
1.0
1.0
0.9999995
1.0
1.0
0.9999974
1.0
1.0
0.9998721
1.0
1.0
0.9999982
1.0
0.9999999
1.0
1.0
1.0
1.0
0.9939184
0.99999964
0.99934274
1.0
1.0
1.0
1.0
1.0
1.0
0.9999788
0.99999857
0.99975926
1.0
1.0
1.0
1.0
1.0
1.0
0.99998724
1.0
1.0
1.0
0.9990682
1.0
0.99999225
1.0
0.9965269
1.0
0.9999999
1.0
1.0
1.0
1.0
1.0
1.0
0.99993193
0.9999883
1.0
1.0
1.0
0.9999993
0.99999046
0.999995
1.0
0.99893385
0.99999976
0.9987941
0.9999993
0.9999999
0.9999889
0.99934524
1.0
1.0
1.0
1.0
1.0
1.0
0.999969
0.9999981
1.0
0.99796295
1.0
0.999959
1.0
1.0
0.9998456
0.9999993
1.0
0.9988306
1.0
1.0
0.9999968
0.9999782
0.9999993
1.0
1.0
1.0
0.9999995
0.9999999
1.0
0.9999995
1.0
1.0
1.0
0.99999976
0.9999974
0.9999933
1.0
1.0
1.0
1.0
1.0
0.9998957
0.9999956
0.99999
0.9999995
0.9997949
1.0
0.74968624
0.9999988
1.0
0.9999796
0.9999994
1.0
1.0
1.0
0.99994314
0.99999714
0.9999901
1.0
0.9082387
1.0
1.0
1.0
0.9999999
0.99987555
1.0
0.999129
1.0
1.0
1.0
0.9999995
0.9999994
0.9999999
0.99999976
0.99999976
0.9999962
1.0
0.9999999
1.0
1.0
0.9999999
1.0
0.99813277
1.0
0.99999964
1.0
0.9999727
0.99999547
1.0
0.99999976
0.99573636
0.9999833
0.99995875
1.0
1.0
0.99999976
1.0
0.9999974
0.99999976
1.0
0.9999999
0.9999989
1.0
1.0
1.0
1.0
1.0
1.0
0.99999595
1.0
1.0
1.0
1.0
0.9999993
1.0
1.0
0.99999964
0.9999999
0.99999845
1.0
0.9998171
0.96153396
0.999995
1.0
0.99982005
0.99999857
0.99972945
1.0
1.0
1.0
1.0
1.0
1.0
1.0
1.0
1.0
0.9996018
0.99999547
1.0
0.99999547
0.6823367
0.9998908
1.0
0.9999999
0.99999607
1.0
0.9999999
0.9999999
1.0
0.99999845
0.99999654
1.0
1.0
0.9999995
1.0
0.99999964
1.0
0.9999994
0.9999491
0.9306881
0.99999917
1.0
0.99994195
0.9999989
1.0
1.0
0.9962997
1.0
0.99993515
1.0
1.0
1.0
0.9999999
1.0
1.0
1.0
0.99998975
1.0
1.0
1.0
0.9999999
0.99553066
1.0
1.0
1.0
1.0
0.99999297
1.0
1.0
0.9999925
1.0
0.99998987
1.0
1.0
0.9998883
1.0
1.0
1.0
0.99999917
0.9999943
0.9999939
1.0
1.0
0.99996257
0.9998807
1.0
1.0
1.0
0.9999999
1.0
1.0
0.9996755
0.99949336
1.0
0.9999987
0.9999683
1.0
0.9967835
1.0
1.0
0.9999572
0.9999999
0.99999857
1.0
1.0
0.9999989
1.0
0.9999999
1.0
1.0
1.0
0.99998736
0.9998305
1.0
1.0
0.9998981
1.0
1.0
0.99999976
0.99999857
1.0
0.9999809
0.99999833
0.99999964
0.99669987
0.9183781
0.9999958
0.92272913
0.9965725
0.86334705
0.99472696
1.0
0.99999964
1.0
0.9999974
1.0
0.99977666
0.999977
1.0
0.9999999
0.99994683
1.0
0.9999908
1.0
0.99998343
0.99999475
1.0
1.0
0.9999944
1.0
1.0
0.99999523
1.0
1.0
1.0
1.0
1.0
1.0
0.99999404
0.99905723
1.0
1.0
1.0
1.0
1.0
0.99999976
1.0
0.99999714
0.9999989
1.0
0.99999845
0.99999976
0.9999975
1.0
1.0
0.9762986
1.0
0.99661
0.999969
0.9999994
1.0
0.9999999
1.0
1.0
0.9999999
1.0
1.0
0.9999945
0.9999918
1.0
1.0
0.9997354
1.0
1.0
1.0
0.9999939
1.0
1.0
1.0
0.9999999
1.0
0.9999999
0.99999976
0.99999595
1.0
1.0
0.9999896
0.9999999
0.99998975
1.0
0.9999572
0.9999999
0.99997234
1.0
0.99999964
1.0
0.99999964
1.0
0.9999999
0.9999999
1.0
1.0
0.99960583
0.7249278
0.99999964
0.9999938
1.0
0.99998236
1.0
1.0
0.9999989
0.99316263
0.99678314
1.0
1.0
1.0
1.0
0.9998932
0.99999964
0.9999987
1.0
0.99999976
1.0
0.99999857
1.0
1.0
1.0
1.0
0.9999999
0.9999999
1.0
0.9680605
0.99999976
1.0
1.0
0.999998
1.0
1.0
0.9999982
1.0
0.9999999
1.0
0.9892362
0.827153
0.99999976
1.0
1.0
0.9999999
1.0
1.0
1.0
0.92193913
1.0
0.99996996
0.9999993
0.9999999
1.0
0.99999654
0.9999995
1.0
1.0
0.9999999
1.0
0.9999994
1.0
1.0
1.0
1.0
1.0
1.0
0.9999988
0.99999845
1.0
0.99986875
1.0
0.9999964
0.9999999
0.9999988
0.9999987
0.9908132
0.9999993
1.0
1.0
1.0
0.99991727
0.99031126
1.0
0.9999999
0.9999987
0.99999046
0.9999995
1.0
1.0
1.0
1.0
0.99995744
1.0
0.99999726
1.0
0.9999988
0.99999917
0.9999951
0.9999975
1.0
1.0
0.99980205
0.9778586
1.0
1.0
0.99999964
0.9999826
0.9999999
1.0
1.0
1.0
0.9999999
1.0
1.0
0.9998559
0.4545417
1.0
0.99997413
1.0
1.0
1.0
1.0
0.99999774
0.9999362
1.0
1.0
0.9999999
0.9999994
1.0
0.99996376
0.9888993
1.0
0.99999964
0.9999995
0.9999994
0.99999845
1.0
0.99999964
1.0
0.9999994
0.941317
0.9999645
1.0
1.0
0.9999994
0.9985958
1.0
0.9999224
1.0
0.9999999
1.0
0.9999999
1.0
1.0
0.9999969
0.99999845
0.9999969
1.0
1.0
1.0
1.0
1.0
1.0
0.9999933
0.9999999
1.0
1.0
1.0
0.9999932
1.0
1.0
0.99999905
0.9863994
0.7540872
1.0
1.0
0.999079
1.0
1.0
0.9988464
1.0
1.0
0.9953766
1.0
0.9999846
1.0
0.99999535
1.0
1.0
0.9999999
0.9999999
1.0
0.99998903
0.99999595
0.9998853
1.0
0.9774354
0.999997
1.0
0.99999976
1.0
1.0
0.9998704
1.0
0.99999726
1.0
1.0
1.0
1.0
1.0
1.0
1.0
0.9999999
0.99999976
0.9999999
0.9999999
0.9997329
0.99972147
0.99999213
1.0
1.0
0.9999994
1.0
1.0
1.0
0.9999995
1.0
0.9999981
0.9999999
1.0
0.9999994
1.0
1.0
1.0
1.0
1.0
0.9999881
0.99976355
1.0
1.0
0.9999999
0.99998367
0.9466728
1.0
1.0
0.9997427
0.9999964
0.99999976
1.0
1.0
1.0
1.0
1.0
0.9999974
1.0
1.0
0.99991465
0.99999917
1.0
1.0
0.99999976
1.0
1.0
1.0
1.0
1.0
0.99999774
1.0
1.0
0.9986216
1.0
1.0
0.99998
0.99999976
1.0
1.0
1.0
1.0
1.0
0.99998856
1.0
1.0
1.0
0.9999993
1.0
0.99958974
1.0
0.9999999
1.0
0.9999082
0.9999994
0.9999999
1.0
0.9999999
1.0
0.9995956
0.9999999
1.0
0.99999976
1.0
0.9545254
0.99999964
0.998789
1.0
1.0
1.0
1.0
1.0
1.0
1.0
0.9999974
1.0
0.9999999
0.9999999
1.0
0.9999672
1.0
1.0
1.0
1.0
1.0
1.0
0.9999988
1.0
1.0
1.0
0.9999399
1.0
0.9999894
1.0
0.9999696
0.9999968
1.0
0.99999857
0.9999994
1.0
1.0
0.98772055
0.80764925
0.7419417
1.0
0.9999758
1.0
1.0
0.99999976
1.0
0.99999654
1.0
1.0
1.0
0.99999976
0.99975425
0.9999951
1.0
0.999987
0.9999999
0.99999774
0.99999785
0.9995647
0.99982053
1.0
1.0
0.99990904
1.0
0.9999999
0.9999988
1.0
1.0
1.0
0.9999999
1.0
0.9999999
0.9999931
1.0
0.9999994
1.0
1.0
1.0
0.9999987
1.0
0.83566266
1.0
0.99999905
1.0
0.999998
1.0
0.9999999
0.9999999
0.9999995
1.0
1.0
1.0
0.9999447
1.0
0.9787103
0.9958995
0.9999851
1.0
0.9999999
0.9999999
0.9999982
1.0
0.9999975
0.7669749
1.0
0.9999994
0.9999927
0.99999917
0.9999999
1.0
1.0
0.9999981
0.9985391
0.99999857
0.9923487
0.99999964
0.9999995
1.0
0.99999857
0.9999999
1.0
0.99740833
0.9999994
1.0
0.9999968
0.99744344
0.9999999
1.0
1.0
1.0
1.0
1.0
0.9999988
0.9999999
1.0
1.0
1.0
0.9999982
0.9998584
1.0
0.9999999
1.0
0.99999964
1.0
1.0
1.0
1.0
1.0
0.999998
0.9999976
0.99999905
0.99999976
1.0
1.0
0.9999999
0.99993944
0.9999933
0.9999993
0.99998724
1.0
0.999998
1.0
0.9997435
0.9999999
0.99999905
1.0
0.9999989
1.0
0.9999925
1.0
0.99999964
0.9999995
1.0
0.99999917
1.0
1.0
1.0
0.9999993
0.9999571
1.0
0.99999726
1.0
0.99981004
1.0
1.0
1.0
1.0
1.0
0.99999714
0.99551034
0.9999999
1.0
1.0
1.0
1.0
0.8229428
1.0
1.0
0.9999888
0.9999994
0.9992781
0.9377733
1.0
1.0
0.9999999
1.0
0.9999174
0.9999782
0.99999964
1.0
1.0
0.99999344
1.0
0.99999917
0.99999964
0.9999896
0.99999976
0.9999999
0.9985536
0.99999976
1.0
1.0
0.9999999
1.0
0.9999907
0.99999976
1.0
0.9999999
0.99580896
1.0
1.0
1.0
1.0
0.9999981
0.9999995
1.0
1.0
0.99980205
1.0
1.0
1.0
1.0
0.9999999
1.0
1.0
0.9999981
0.9999968
1.0
1.0
0.99999964
0.99999917
0.99999964
0.9999999
1.0
0.99999964
1.0
1.0
0.99991035
1.0
0.9999999
1.0
0.99999917
1.0
0.9991725
0.9999968
1.0
1.0
1.0
0.6677731
1.0
0.7751404
1.0
1.0
0.9999999
0.99999774
0.99998903
1.0
0.9996088
0.9999982
1.0
0.9999987
0.9999995
1.0
1.0
0.9484272
1.0
0.999992
1.0
1.0
0.99999475
1.0
1.0
1.0
1.0
0.99984705
1.0
1.0
0.9999943
0.99999845
0.99999154
1.0
0.99999464
0.99999976
0.99995255
0.99998736
1.0
0.99987745
0.9999989
0.99999917
0.99996996
0.99999857
1.0
0.999997
0.99999964
1.0
0.99999976
0.9999994
0.99999964
1.0
1.0
0.9999459
1.0
0.99987686
0.9999995
1.0
0.9999746
1.0
0.9999999
1.0
0.999453
1.0
1.0
0.9999999
1.0
0.99964726
1.0
1.0
0.9963877
0.5787809
1.0
0.9999995
1.0
1.0
0.99999964
0.9999999
1.0
1.0
0.9999819
0.9969562
1.0
0.9999956
0.9999988
1.0
0.99999905
0.9999999
0.99999964
0.99998736
1.0
0.98592305
1.0
0.9999467
1.0
0.99917656
1.0
0.9999523
0.9999187
1.0
0.9999999
0.99999666
1.0
1.0
1.0
0.99979323
0.99993277
1.0
0.9999964
1.0
1.0
1.0
0.9999999
0.9999783
1.0
0.8467133
1.0
0.99682486
1.0
0.9999987
0.9999442
0.95647174
1.0
0.99998486
1.0
1.0
0.9999999
1.0
0.99997544
0.99999976
0.9999964
0.9610564
0.9999999
0.9999896
1.0
0.9999993
0.9775099
0.99191177
1.0
0.99999857
0.9999976
0.9999995
0.9999999
1.0
1.0
0.9984499
1.0
0.9999999
0.99999964
0.8129529
1.0
1.0
0.9993697
0.99998534
1.0
0.9999993
1.0
1.0
1.0
0.99999666
1.0
0.9999994
0.99789643
0.99846965
1.0
1.0
0.9999999
1.0
0.9985549
1.0
0.9999989
0.9996779
0.9999993
1.0
1.0
0.99999976
0.99999714
0.9999076
0.997888
0.9835413
1.0
0.9999461
1.0
1.0
1.0
0.9997955
1.0
1.0
0.99871385
0.99999976
0.99955195
0.99999964
0.99999964
1.0
1.0
1.0
0.9999999
1.0
1.0
0.99999905
0.99999917
0.99999654
1.0
0.9999999
0.99996996
1.0
1.0
0.9999999
0.80556846
1.0
0.9999999
1.0
1.0
1.0
0.99999976
0.99829084
1.0
0.99873286
1.0
0.99947816
0.9999621
1.0
1.0
0.9999957
0.99999964
0.9999999
0.9800687
1.0
0.999979
1.0
1.0
1.0
0.99999547
0.9999521
1.0
1.0
0.9999963
1.0
0.9999993
1.0
1.0
0.9999999
1.0
1.0
0.9991709
0.9999856
0.9999715
1.0
1.0
1.0
1.0
1.0
1.0
0.8437702
0.9999987
0.99999857
1.0
1.0
1.0
1.0
1.0
1.0
1.0
1.0
1.0
1.0
0.9996569
0.999897
1.0
1.0
1.0
1.0
1.0
0.9999999
0.99977046
1.0
1.0
1.0
1.0
1.0
0.9999194
1.0
0.76042634
0.9607705
0.99999356
1.0
0.9999981
0.9999999
1.0
0.9999999
0.9999987
0.9998448
0.9999944
0.9997793
1.0
1.0
1.0
0.99999976
0.99999726
1.0
0.99994695
1.0
0.9999703
0.48204884
0.87357926
1.0
0.99999905
0.99999964
1.0
1.0
1.0
0.99999917
0.9997514
1.0
0.9983908
1.0
0.9999752
0.99999964
0.9997019
1.0
1.0
1.0
0.99999404
1.0
0.999985
0.9996692
0.99999964
0.99824107
0.99997735
0.9817146
0.9976382
1.0
1.0
0.9998373
1.0
1.0
1.0
1.0
1.0
1.0
1.0
1.0
0.99937254
0.9999993
0.99999976
1.0
1.0
0.9999987
0.99900824
1.0
1.0
0.999995
1.0
0.9999753
0.9998097
0.9999962
0.99999976
1.0
0.99998915
1.0
1.0
0.9999993
1.0
1.0
0.9999945
0.9999999
1.0
0.9999999
1.0
1.0
0.9999999
0.99973816
1.0
1.0
1.0
1.0
1.0
0.9999999
1.0
0.9999999
1.0
0.99983716
1.0
0.9991755
1.0
0.99995553
1.0
1.0
1.0
0.9933942
0.9999999
0.9999924
1.0
0.99999857
0.99999785
1.0
0.99999845
0.9999336
0.9992287
0.99999905
0.9999987
0.9999995
0.9999999
0.9999945
0.9999981
0.9999821
1.0
0.99999976
1.0
0.9997329
1.0
0.78047025
0.9996755
1.0
1.0
0.9999999
0.8349871
1.0
1.0
0.9596957
0.9999815
0.99999905
0.9999862
0.99999964
0.9999993
1.0
1.0
1.0
1.0
1.0
1.0
1.0
0.99999654
1.0
1.0
1.0
0.9999974
0.9999999
0.96123195
1.0
0.9998939
0.9999999
0.8767677
0.9646034
1.0
1.0
0.99999976
0.9998191
0.9702149
1.0
0.99999976
0.99999774
1.0
1.0
1.0
0.99997354
1.0
1.0
0.98706347
0.99923
0.9999999
1.0
1.0
1.0
1.0
0.9999993
1.0
1.0
0.9999856
1.0
0.999723
1.0
0.9999969
0.9999658
1.0
1.0
0.99998415
1.0
1.0
0.99999833
1.0
0.9999994
1.0
0.9999999
0.9999924
1.0
0.9999969
1.0
0.99999976
0.946575
0.99999976
1.0
1.0
0.9999999
1.0
0.9999994
0.99944264
1.0
0.99994254
1.0
0.8637257
1.0
0.99999976
0.9999387
1.0
0.9999999
0.99999774
0.9999989
1.0
0.99999785
0.61496735
1.0
1.0
0.99999785
0.99999976
0.9999604
0.9999999
0.99999976
1.0
1.0
0.9999802
1.0
1.0
0.9998568
1.0
1.0
0.9999989
0.9999958
1.0
0.99999905
0.999114
1.0
1.0
1.0
1.0
1.0
1.0
0.99999154
0.9999907
1.0
1.0
0.99999976
1.0
0.99711514
0.99999964
1.0
1.0
1.0
1.0
0.99999845
1.0
1.0
1.0
1.0
1.0
1.0
0.9999939
1.0
0.9999999
0.9999999
0.99992716
1.0
0.9994754
0.99999976
1.0
0.9993705
1.0
0.9931478
1.0
1.0
0.82553345
0.9999387
1.0
1.0
1.0
0.86984676
0.99999845
0.99999976
0.9996045
0.99999976
0.99997485
1.0
1.0
0.99997115
0.99998736
0.99999
0.99999964
1.0
1.0
1.0
0.99984443
0.9999645
1.0
1.0
1.0
0.99999845
0.9999995
1.0
0.92421114
0.9999969
0.9999993
0.9999999
0.9999999
0.9999993
1.0
0.99964106
0.5200476
0.9998266
1.0
1.0
0.99563235
0.99716645
1.0
1.0
0.99998295
1.0
0.9999999
1.0
0.99999976
0.99999464
1.0
0.9999409
1.0
1.0
1.0
1.0
0.91625154
1.0
0.9999964
0.99999964
0.99999917
1.0
0.9999994
1.0
0.9999999
0.9999989
1.0
0.99919695
1.0
1.0
0.99997795
1.0
1.0
0.99291223
0.9999993
1.0
0.99999905
1.0
0.9999987
0.9999944
1.0
0.99999964
1.0
0.99999917
0.99999976
1.0
1.0
1.0
0.99997115
1.0
0.9999975
0.9999777
0.99999714
0.9999651
0.9999999
1.0
1.0
0.9999999
1.0
1.0
0.9999932
0.99999046
0.99999976
1.0
0.9999734
1.0
1.0
0.9999995
0.99999976
0.607255
1.0
1.0
1.0
0.99999976
1.0
1.0
0.9999989
0.99999523
1.0
0.99983096
0.9999987
0.9999988
1.0
1.0
1.0
0.9999995
1.0
0.9993136
0.99706584
1.0
0.9999969
1.0
0.9999962
0.9999912
1.0
0.99998176
1.0
0.9999999
0.99999964
1.0
1.0
0.9880343
0.99999
1.0
0.9999987
0.9999975
1.0
0.9985165
0.9999999
1.0
0.99999976
0.9999999
0.9999999
0.9999994
1.0
0.99999964
0.9999999
0.99999654
0.99999833
1.0
0.9999999
0.9999994
0.99995327
0.9999994
1.0
1.0
0.9999907
1.0
0.99997187
0.9999913
0.9999968
0.9999999
0.9999964
1.0
0.9999509
0.9999995
0.99999654
1.0
1.0
1.0
0.99999964
0.9999999
1.0
1.0
0.99943894
1.0
1.0
0.9990434
0.99999905
1.0
0.99907243
0.99999976
0.9999999
1.0
1.0
1.0
1.0
0.99674606
1.0
0.99957246
1.0
0.99999595
0.998242
1.0
1.0
0.9999999
1.0
0.99995446
1.0
1.0
1.0
1.0
1.0
0.99999917
0.9999999
1.0
1.0
0.99990344
0.99959475
0.999863
0.9699598
1.0
0.7238727
0.9999962
1.0
0.99999976
0.9999999
1.0
0.99763966
1.0
0.999998
1.0
1.0
1.0
1.0
1.0
1.0
0.99999166
1.0
1.0
1.0
1.0
1.0
0.9999285
1.0
0.99999785
1.0
1.0
0.99936
1.0
1.0
1.0
1.0
1.0
1.0
1.0
0.9999974
0.9997042
0.9999987
0.9999995
0.9999852
1.0
0.9999908
0.99999344
1.0
1.0
0.9999907
1.0
0.99995744
1.0
0.9999999
0.999772
1.0
0.99999917
0.99523973
0.99163777
1.0
1.0
0.99999845
1.0
1.0
1.0
0.9999727
1.0
0.99991536
1.0
1.0
0.99997437
0.9998512
1.0
0.9999999
0.99999964
0.9999981
1.0
1.0
0.9999826
1.0
0.9999999
0.9999999
1.0
0.9999949
0.99911207
1.0
0.99974173
1.0
1.0
0.99998784
0.9999989
0.9999927
0.9999988
1.0
0.9999989
0.99999833
0.99997365
0.9999999
0.99999845
1.0
0.9999739
0.9999931
0.9999994
1.0
1.0
1.0
0.99997747
1.0
0.99999654
1.0
0.9999994
0.9999858
1.0
1.0
1.0
1.0
0.99999964
1.0
0.99930227
1.0
0.74739
0.99999964
1.0
1.0
1.0
0.99990046
0.97577083
0.9998498
1.0
1.0
0.9998988
0.9999999
1.0
1.0
1.0
0.99999833
1.0
0.92830104
0.99999976
0.9999999
1.0
1.0
0.9964671
1.0
0.99999976
0.888701
0.99990535
0.9999993
1.0
0.9999926
0.9995484
0.99999547
1.0
1.0
0.9999944
0.6672996
0.99999976
0.9999958
0.9999999
0.9999995
0.9992536
0.9999999
0.999998
0.9999993
1.0
0.9999027
1.0
0.9999975
0.9999994
0.99999106
0.99999857
1.0
0.81901103
0.99999845
1.0
1.0
0.9999219
0.99999976
1.0
1.0
1.0
0.99999964
1.0
0.9999999
1.0
1.0
0.99955374
1.0
1.0
1.0
0.9999999
0.99997914
0.99533206
1.0
1.0
0.9893769
0.9999869
0.99999964
1.0
1.0
0.724091
0.9999987
1.0
0.99999976
1.0
1.0
0.99999976
0.9999521
1.0
0.9954763
1.0
0.77073324
1.0
1.0
1.0
0.9999989
1.0
0.99999654
0.9999522
0.9999999
0.9796545
1.0
1.0
1.0
1.0
0.99999905
1.0
0.9999945
1.0
1.0
1.0
0.5922145
0.9838569
0.9983165
0.9999999
1.0
1.0
0.99445665
0.9999988
1.0
0.9999838
1.0
1.0
1.0
1.0
0.9999999
0.9999993
1.0
1.0
0.9999964
0.9995376
0.99999607
0.99999964
1.0
1.0
0.9999981
1.0
0.99999976
1.0
1.0
0.99999416
1.0
0.9999999
0.99977714
0.99985003
1.0
1.0
1.0
0.99995553
1.0
0.9999628
0.9997527
1.0
1.0
1.0
1.0
0.99973446
1.0
1.0
1.0
1.0
0.9999989
1.0
1.0
0.59457994
0.99999964
1.0
0.99311477
0.9910664
1.0
0.99998415
0.91119266
1.0
1.0
1.0
0.9999956
1.0
0.99999976
1.0
0.9999738
0.99997437
1.0
0.999936
1.0
1.0
1.0
0.99999964
1.0
1.0
1.0
0.99999917
0.99999964
1.0
1.0
0.99995005
1.0
1.0
0.99735284
0.9999987
1.0
0.9999999
1.0
1.0
1.0
0.9999906
1.0
0.9999975
0.9835804
1.0
0.9999999
1.0
1.0
1.0
1.0
0.9999008
1.0
0.9999987
1.0
1.0
0.99971324
0.99999976
1.0
1.0
1.0
0.99999607
0.9999993
0.99999726
0.9999999
1.0
1.0
1.0
1.0
1.0
0.99999976
0.99999964
0.9999999
1.0
1.0
1.0
1.0
0.9999945
0.99999976
1.0
1.0
0.9999999
1.0
1.0
1.0
0.977238
1.0
0.9999995
0.9999999
1.0
1.0
0.9997775
1.0
1.0
1.0
0.9999807
0.9999999
1.0
0.99999976
0.8888884
1.0
1.0
1.0
1.0
1.0
0.99999905
1.0
0.9999988
1.0
0.99999976
0.9999999
0.9995819
0.81734836
1.0
1.0
0.99999523
1.0
0.999998
0.9999858
0.99997294
1.0
0.9999987
0.9999999
1.0
1.0
1.0
0.99999905
0.9945209
0.9999943
1.0
1.0
1.0
0.9999999
0.9988432
1.0
1.0
1.0
0.9997205
1.0
0.9999944
1.0
1.0
1.0
0.9999989
1.0
0.9998671
0.99999404
1.0
0.99507153
1.0
1.0
0.9999999
0.99999607
0.9999993
1.0
1.0
1.0
0.9999939
1.0
1.0
1.0
1.0
0.99901223
1.0
1.0
1.0
1.0
1.0
1.0
1.0
0.9999995
1.0
1.0
1.0
0.9999993
1.0
1.0
0.99999726
1.0
1.0
1.0
1.0
0.999998
0.9999999
1.0
0.9999999
1.0
1.0
0.70706236
0.9999999
0.9996996
1.0
1.0
1.0
0.9999982
0.9999999
0.9997824
0.9999993
1.0
0.96964407
0.9999999
0.99980026
1.0
0.9999999
1.0
0.9999652
0.9972042
0.99999976
1.0
1.0
1.0
0.9999913
0.99998
0.9999987
0.9995789
0.9999981
0.99999976
0.9999546
1.0
1.0
1.0
0.9999999
0.9999999
0.9999186
0.99999964
0.97250193
1.0
0.9999572
0.9999999
1.0
1.0
1.0
1.0
0.68592083
0.9999982
1.0
0.9999652
1.0
0.9999993
0.9999981
0.9999999
0.998718
0.9999999
1.0
0.9999094
0.9997403
1.0
1.0
0.99999964
0.9999999
1.0
1.0
0.9989666
0.9999937
1.0
1.0
0.9993345
0.9999989
1.0
1.0
0.9998466
1.0
0.99999976
0.99999976
1.0
1.0
0.80232745
0.99985945
0.9999975
0.9999994
1.0
1.0
1.0
0.99261874
0.9998841
1.0
0.9999409
1.0
0.9999918
0.99999464
1.0
0.9818326
0.9999994
0.99999344
1.0
1.0
1.0
1.0
1.0
0.9999999
1.0
0.99998045
0.9999982
0.9999995
1.0
0.9999999
0.9999962
0.9999976
0.9999995
0.9999808
0.9999939
0.9999988
1.0
0.99999654
1.0
1.0
1.0
0.7741624
0.9999994
0.9999949
1.0
1.0
1.0
0.9999995
1.0
0.9998627
0.9999964
0.99999964
1.0
1.0
1.0
1.0
1.0
0.9999989
1.0
0.9999999
0.99999833
0.9999726
0.9999999
1.0
1.0
0.9999404
0.9999999
0.99877495
1.0
0.9997502
1.0
1.0
1.0
1.0
0.99999595
0.99999714
0.99997795
1.0
0.9999988
0.99855214
0.9999987
0.9994893
1.0
0.9999993
1.0
0.97703767
0.99999607
0.98442507
0.99999976
1.0
1.0
1.0
1.0
1.0
1.0
0.9999999
0.99999976
0.9999958
1.0
1.0
1.0
0.99820054
1.0
1.0
0.99999
1.0
1.0
1.0
1.0
0.9999732
0.99999976
1.0
0.99999845
0.99975044
1.0
1.0
1.0
0.99999976
1.0
1.0
0.99999964
1.0
0.9999976
0.9999957
0.9999316
1.0
0.99948764
1.0
1.0
1.0
0.9999976
0.99739516
1.0
1.0
0.9999999
0.73703873
1.0
1.0
0.9999999
1.0
1.0
1.0
0.99999666
0.9999987
1.0
1.0
0.999998
0.99999964
1.0
0.99913776
0.9562033
0.9999989
0.9999964
1.0
1.0
0.99999964
0.9999993
1.0
1.0
1.0
0.9944137
1.0
0.999997
0.9998222
0.9999999
0.99999785
1.0
1.0
1.0
1.0
0.9994361
0.9992887
0.9999994
0.9999981
1.0
1.0
0.9999918
0.99999964
0.9999994
1.0
1.0
0.9999999
0.9999957
0.9965912
0.9690327
1.0
0.99999917
1.0
0.99992204
0.9999994
1.0
1.0
1.0
0.99999976
0.9999993
0.99999344
1.0
1.0
0.9999409
1.0
1.0
0.99452364
0.9999999
1.0
0.99998975
0.9999999
1.0
0.9978898
1.0
1.0
1.0
0.9999721
0.9957902
1.0
1.0
1.0
1.0
1.0
0.99999964
1.0
1.0
0.9999671
1.0
0.99999964
0.99979824
0.9999982
0.9999999
0.9999999
1.0
0.9999999
1.0
0.87747747
1.0
0.99999166
1.0
1.0
0.9997396
1.0
0.99999976
0.9999988
1.0
1.0
0.9999957
1.0
1.0
1.0
1.0
1.0
0.9999809
1.0
1.0
1.0
0.99999976
0.99999964
1.0
1.0
0.99999774
0.9999993
0.9999423
1.0
1.0
0.99999905
1.0
1.0
1.0
1.0
0.9981781
1.0
0.9999994
1.0
0.99999845
0.9999651
1.0
0.86820996
0.99999774
1.0
1.0
0.9999875
1.0
1.0
1.0
1.0
1.0
0.9998791
0.9999989
0.99999595
1.0
0.99999917
0.9999703
0.9999999
1.0
1.0
0.99999964
0.9999784
1.0
0.73034024
0.99999976
1.0
1.0
1.0
1.0
1.0
0.99999976
0.9999969
0.99999976
1.0
0.9999999
0.9998809
0.99998736
0.9999932
1.0
0.9991009
1.0
0.9996804
0.9999447
1.0
1.0
0.9999943
0.9999999
1.0
1.0
1.0
0.99998343
0.9833456
0.8073419
1.0
1.0
1.0
1.0
1.0
0.99999523
0.91274774
1.0
0.99872357
0.9999993
0.99998856
0.99999976
0.9999989
1.0
1.0
1.0
1.0
1.0
1.0
0.9999999
1.0
0.99999356
0.99999905
1.0
0.9999987
1.0
1.0
0.9999999
1.0
0.99999857
1.0
0.99989593
1.0
1.0
1.0
1.0
0.99994755
1.0
0.99968874
0.9999999
0.99999905
1.0
0.9999987
1.0
1.0
0.99999976
0.99984324
1.0
0.9999999
0.9999999
0.9999968
0.9999021
0.9999964
0.99999154
1.0
0.99999833
0.9999912
0.99999833
0.99999833
0.9999981
1.0
1.0
0.99999344
1.0
0.96683306
1.0
0.9999999
1.0
1.0
1.0
0.9999999
0.99802834
0.9999999
0.9999801
1.0
0.9999728
1.0
1.0
0.99999404
0.9981286
1.0
0.99996686
0.9999622
1.0
1.0
1.0
0.99999356
1.0
0.9957326
1.0
0.9999999
0.99917525
0.99999976
1.0
1.0
1.0
1.0
1.0
1.0
1.0
0.9999989
0.9999999
1.0
0.99999595
0.99996185
0.999998
1.0
0.9999999
1.0
1.0
0.9999999
0.99995387
1.0
1.0
1.0
1.0
0.9999956
1.0
1.0
0.9999857
0.99999976
1.0
0.9999492
1.0
0.9997626
1.0
0.9999993
1.0
0.9999764
0.99999785
0.9999988
1.0
1.0
0.9999995
0.99994636
0.9999682
1.0
1.0
0.9999497
1.0
1.0
0.9999999
0.9999994
0.9942439
0.99974054
0.99999976
1.0
0.9999995
0.99999905
0.96187794
1.0
0.9999995
0.99999976
0.99996614
0.9999944
0.8478537
1.0
0.99999106
0.9969236
0.9999989
0.9999999
0.9999994
1.0
1.0
0.9999987
0.9999989
0.98659164
0.95356935
0.9999832
0.99999976
1.0
0.9999999
0.9999958
0.9999584
0.9999931
1.0
1.0
1.0
1.0
1.0
0.72360617
0.5749975
0.99999964
1.0
0.9999949
1.0
1.0
0.99999917
0.9999994
0.9999579
1.0
1.0
0.9999981
1.0
0.99991226
1.0
0.9999999
1.0
0.9999199
1.0
0.9998605
1.0
1.0
0.99999774
0.999393
0.9999937
1.0
0.99770314
1.0
0.9999994
1.0
1.0
1.0
0.99999976
0.99999964
1.0
1.0
0.9999999
0.99979347
0.9999968
0.99999976
0.99999905
0.9999999
0.91674477
1.0
1.0
1.0
1.0
0.99993837
0.99999666
1.0
0.9999999
0.9999975
0.9971745
1.0
0.9999999
1.0
1.0
1.0
1.0
0.9999373
1.0
1.0
1.0
1.0
1.0
1.0
1.0
1.0
0.9999981
1.0
0.9992448
1.0
0.99999857
0.9999994
1.0
1.0
0.99999
0.7148672
1.0
0.99999976
0.99998677
0.9999981
1.0
1.0
1.0
0.99999654
1.0
0.99999774
1.0
0.9999999
1.0
1.0
1.0
1.0
1.0
1.0
0.99999976
1.0
1.0
1.0
1.0
1.0
1.0
0.99992406
1.0
0.9999999
0.9992262
0.9846333
1.0
0.9675088
1.0
1.0
0.99999976
1.0
1.0
1.0
0.99999726
0.99999917
1.0
1.0
0.8339705
1.0
1.0
1.0
0.9999995
0.99949014
1.0
1.0
1.0
1.0
1.0
0.9999995
0.9999999
0.9999999
0.99999654
0.9999988
1.0
0.99999964
0.9999852
0.9999993
1.0
1.0
1.0
1.0
0.9999999
0.99997985
1.0
0.999941
0.99999976
0.99999785
0.99997807
0.99999976
1.0
0.9999982
0.9999989
0.98763907
0.99943596
0.99999976
0.99999976
0.99999845
1.0
0.98759717
0.99999726
1.0
0.99993575
0.99999976
1.0
1.0
0.99999785
0.9999974
1.0
0.9999999
1.0
1.0
1.0
1.0
0.99818194
0.9997286
1.0
0.9999807
0.9997968
0.9999255
1.0
0.99999964
1.0
0.99998283
1.0
0.9999999
1.0
1.0
0.9999999
1.0
0.9999999
0.99999917
0.9999999
1.0
1.0
1.0
0.9999993
0.9999999
1.0
1.0
1.0
1.0
0.99971384
1.0
1.0
0.9999814
0.9999999
1.0
1.0
1.0
0.99999964
0.99977034
1.0
1.0
1.0
1.0
1.0
0.99397695
0.9999964
1.0
0.99999976
0.99999845
1.0
0.9999999
1.0
0.9999999
0.99999976
1.0
1.0
1.0
0.9999285
0.9999999
1.0
1.0
0.99980766
0.99999964
1.0
1.0
0.9999856
1.0
1.0
0.99990976
1.0
1.0
1.0
1.0
1.0
1.0
1.0
0.9999999
0.9990225
0.9996691
1.0
1.0
0.99999905
0.9999982
1.0
1.0
0.9999609
1.0
0.99999976
1.0
1.0
0.99973613
0.999972
1.0
1.0
0.9999857
1.0
1.0
0.6835906
1.0
1.0
0.99999833
0.99999774
1.0
1.0
0.9999999
0.99999976
1.0
0.9999509
0.9998785
0.9999999
0.9999807
0.9999199
0.99995244
1.0
1.0
1.0
1.0
1.0
1.0
0.99999964
1.0
1.0
0.9957689
0.9999789
0.9999844
1.0
0.9989918
0.9999999
0.9999994
1.0
1.0
0.9999999
0.99998975
0.9999924
0.99999857
0.9996666
0.99999964
1.0
0.9999925
0.99999774
1.0
0.999199
1.0
1.0
1.0
0.9999889
1.0
1.0
1.0
0.9999882
1.0
1.0
0.9982121
1.0
1.0
0.99999976
0.9999999
1.0
1.0
0.9999999
0.99131775
0.95849454
1.0
0.99948585
0.99999106
1.0
1.0
1.0
1.0
0.99999964
0.9999999
1.0
1.0
1.0
0.9999981
0.99999
0.99999964
0.99999857
0.9999839
1.0
1.0
0.9999999
0.9999999
1.0
0.99999964
1.0
1.0
1.0
0.9999713
0.99999344
0.99999976
0.99999654
1.0
1.0
0.9999999
0.999997
1.0
1.0
0.9999571
1.0
0.99999976
0.99990034
0.6845119
0.9999981
1.0
0.99992144
1.0
1.0
0.9994918
0.9989649
0.9999722
0.9999993
1.0
0.9999994
0.9989004
0.9987418
0.9999796
1.0
1.0
0.9999993
1.0
0.9999999
1.0
1.0
0.99999905
1.0
1.0
1.0
1.0
1.0
0.9999989
0.9999999
0.9999999
0.9999999
1.0
1.0
0.99999905
0.9999809
1.0
1.0
1.0
0.9990625
1.0
1.0
1.0
0.99999976
0.9999993
0.99999964
0.9999808
0.99974245
1.0
1.0
1.0
0.99999917
1.0
0.9999963
0.9887022
1.0
1.0
1.0
0.9958411
1.0
0.99999964
0.9999999
0.9999976
1.0
0.9999989
1.0
1.0
1.0
0.99999845
1.0
1.0
1.0
0.9999989
0.99999964
1.0
0.9999988
1.0
0.99999976
1.0
1.0
0.9997433
0.9999988
0.9999896
1.0
1.0
0.9999975
0.99999976
0.9999999
0.9999933
1.0
0.99999964
1.0
0.94576997
0.9999969
0.9999999
0.9999988
0.99996793
0.9999987
1.0
0.9999578
0.99999714
1.0
0.99999976
1.0
1.0
1.0
1.0
0.9999993
1.0
0.9999994
1.0
0.9997869
0.9999981
1.0
1.0
1.0
0.9999995
0.99998975
0.9990308
1.0
0.9999262
0.9991862
1.0
0.99997795
1.0
1.0
1.0
0.999783
1.0
1.0
0.9999769
0.9999999
1.0
1.0
0.9999924
0.9999995
0.9999999
1.0
0.9999995
0.9999995
1.0
0.9999999
1.0
1.0
0.96782607
0.99529356
1.0
0.99999726
0.99999964
1.0
1.0
1.0
1.0
0.9999995
1.0
0.9999999
1.0
1.0
0.9999999
0.9999995
0.9999956
0.9999924
0.9999939
1.0
0.999998
0.9999988
1.0
0.99999964
0.9999982
1.0
1.0
0.99999976
1.0
0.99132395
0.9999987
1.0
0.9999999
1.0
1.0
0.9999988
1.0
0.96677655
0.9999981
1.0
1.0
1.0
0.99998105
1.0
0.999998
0.9999994
0.99965084
0.99999976
0.99999833
0.9999857
0.99999964
0.9994615
1.0
1.0
1.0
0.99988115
0.9998666
0.9999999
1.0
0.9994246
0.6292248
1.0
0.9999913
1.0
1.0
0.99999666
0.9999988
0.99998736
1.0
0.9999999
0.9999999
1.0
1.0
0.9999999
1.0
0.99994874
0.99692374
1.0
1.0
0.99999976
1.0
0.99980253
1.0
0.9998363
0.83155996
0.79507595
1.0
0.9999976
1.0
0.9999993
0.9999987
0.99999976
1.0
0.99999857
0.99999976
1.0
1.0
0.9997174
1.0
0.99999535
0.99043465
0.99999964
0.99999976
1.0
1.0
1.0
0.99980646
0.9999902
0.9999987
0.99999726
1.0
0.99999344
1.0
0.99999404
1.0
0.9999927
1.0
0.99999857
0.99999785
1.0
1.0
1.0
0.9999981
0.9814989
0.99999
0.9788079
0.99994516
0.9999082
1.0
1.0
0.99999845
1.0
1.0
0.99999845
1.0
1.0
1.0
1.0
0.9999999
0.999997
1.0
0.9999554
0.9999999
1.0
0.99589914
1.0
0.9999999
1.0
1.0
1.0
1.0
1.0
0.7320307
0.99999964
1.0
0.9998242
1.0
1.0
0.99999976
1.0
0.9999969
0.99999774
0.99999964
1.0
1.0
0.99999976
0.99999857
1.0
1.0
0.9999931
1.0
1.0
0.9993179
1.0
1.0
1.0
0.9999993
1.0
1.0
0.9999659
1.0
1.0
1.0
1.0
0.99920446
1.0
1.0
1.0
0.99964416
1.0
0.9999974
0.9999999
1.0
0.9999994
1.0
0.99997926
1.0
1.0
0.9999558
1.0
0.9999993
1.0
1.0
1.0
1.0
1.0
0.9999999
0.52780247
1.0
0.9999995
1.0
0.9999999
1.0
0.9999995
0.9999416
1.0
0.99984086
1.0
1.0
1.0
0.99999297
0.9999987
1.0
1.0
1.0
1.0
1.0
1.0
0.9657417
1.0
1.0
1.0
0.9999914
1.0
1.0
0.99999964
0.99999094
0.99999917
1.0
1.0
0.9999999
1.0
0.999995
1.0
0.9958254
0.9999999
0.99999976
0.999624
1.0
0.9999927
0.9996834
0.9999999
0.9127231
0.9964904
0.99998474
0.9986247
0.99599993
1.0
1.0
1.0
1.0
1.0
0.9999924
1.0
0.9999995
0.99989617
0.99999917
1.0
0.9646937
1.0
0.9999999
1.0
1.0
0.9999999
0.99999404
0.99980384
1.0
0.9897014
1.0
1.0
0.99999845
0.9999546
0.9999994
0.9999912
1.0
1.0
1.0
1.0
0.9972525
0.9999999
0.9999999
1.0
0.99342245
0.70415896
0.9999999
0.9999994
1.0
1.0
0.99998283
1.0
1.0
1.0
0.99998367
1.0
0.92330843
1.0
0.9959181
1.0
0.99997663
0.99999976
1.0
0.99995065
0.9999999
0.99999416
1.0
0.9999957
0.9999993
0.9999993
1.0
0.9999927
0.9892474
0.9999995
0.99920976
1.0
0.999998
0.99999976
1.0
0.9999945
1.0
0.9999999
0.9999981
1.0
0.9999975
1.0
0.655068
1.0
0.9999999
0.9924775
0.99999976
1.0
1.0
1.0
0.9999999
0.99999964
0.99996746
1.0
1.0
0.9994468
1.0
1.0
1.0
1.0
1.0
1.0
1.0
1.0
1.0
0.999321
1.0
0.99999464
1.0
1.0
0.99999964
1.0
0.99659306
0.9999962
0.999997
1.0
0.9999999
1.0
1.0
1.0
0.99998474
1.0
0.99999857
1.0
0.9527197
1.0
1.0
0.6483802
1.0
0.99999976
0.99999726
0.99999976
1.0
0.99977404
1.0
0.9999999
0.9999467
1.0
1.0
1.0
1.0
0.99999976
0.9999999
0.9926137
1.0
0.997288
0.9999999
1.0
1.0
1.0
0.99999285
1.0
0.99999046
0.99999917
1.0
0.9999982
1.0
1.0
0.9999999
0.9999999
1.0
1.0
1.0
0.9999999
1.0
0.99999964
1.0
0.9999808
0.99999976
0.9999999
1.0
0.99999976
0.9999999
1.0
0.9999875
1.0
0.9994702
1.0
0.99999976
1.0
0.9259487
1.0
1.0
0.99996245
1.0
1.0
1.0
0.9999999
1.0
1.0
0.9999989
1.0
1.0
1.0
1.0
1.0
1.0
0.99999964
0.99999034
0.9999999
0.99865866
0.9999999
1.0
1.0
1.0
0.9999995
1.0
1.0
1.0
1.0
1.0
1.0
0.9999987
0.9983215
1.0
0.83622813
0.99999976
0.9987206
1.0
1.0
0.9996829
1.0
0.9999999
1.0
0.99998856
0.93624705
1.0
1.0
0.99998665
1.0
1.0
1.0
1.0
1.0
1.0
0.99999964
0.99982315
1.0
0.9999993
0.9999999
1.0
0.99998164
0.98025125
0.99980253
0.9999827
0.9994796
0.99999976
1.0
1.0
1.0
0.981951
0.99999654
0.99999917
1.0
1.0
1.0
1.0
0.9999999
0.9999373
0.99981874
0.99999714
0.9999937
0.9999788
0.9999982
1.0
1.0
1.0
1.0
1.0
0.99969745
0.9999999
0.9999893
1.0
1.0
0.99999964
0.999987
0.99999976
1.0
1.0
0.99999976
1.0
0.8273973
1.0
0.9999988
1.0
1.0
0.9999883
1.0
1.0
0.98153186
1.0
0.99833065
0.99947304
0.99999976
1.0
1.0
0.99999607
1.0
0.99999964
1.0
1.0
0.98707354
1.0
0.9999776
0.9999665
0.99999917
1.0
1.0
1.0
1.0
1.0
0.9999131
0.9999999
1.0
0.99999976
1.0
1.0
1.0
0.9999714
1.0
1.0
0.9999924
1.0
1.0
1.0
0.99999976
0.99998116
0.9997744
1.0
1.0
0.99999833
1.0
0.9999999
0.9999993
0.9999999
0.99999917
1.0
0.924208
1.0
0.998716
1.0
1.0
0.99999964
1.0
1.0
0.9985863
1.0
1.0
0.9999995
0.9655295
1.0
0.99999976
0.57316405
1.0
0.9999999
0.99999976
1.0
1.0
1.0
1.0
0.99999785
1.0
0.9999807
1.0
1.0
0.99999905
0.9999913
0.99995685
1.0
0.99999833
1.0
1.0
0.9999995
0.9999969
0.9999863
0.9999999
0.9999417
1.0
0.9999999
1.0
1.0
1.0
1.0
1.0
0.9999999
0.9999949
0.99999106
1.0
0.99999833
1.0
0.99997544
0.9999809
1.0
0.9999993
0.99998295
1.0
1.0
0.9998462
0.9999896
0.99996364
0.9998405
1.0
0.99999857
1.0
1.0
0.99999905
1.0
1.0
0.9999486
1.0
1.0
0.99999833
1.0
0.99999964
0.99987674
0.99999976
0.99994946
0.9999999
1.0
0.9999975
0.99986196
0.9999999
0.9999956
0.9999975
1.0
0.9999999
0.99999607
1.0
0.9950919
1.0
0.9999347
0.99999964
0.99999785
0.9999602
1.0
1.0
1.0
0.97765094
1.0
0.9999701
0.9999995
1.0
1.0
1.0
0.9999999
0.9998161
1.0
1.0
0.9999702
1.0
0.93916494
0.99999917
0.99999964
1.0
0.9999963
1.0
0.999995
0.9999989
0.9999939
0.99999654
1.0
1.0
1.0
0.9999999
1.0
1.0
0.9999819
0.99999416
0.9999931
1.0
0.99999726
0.99999905
0.9999949
0.99991024
1.0
0.96194506
1.0
0.99999976
1.0
0.92697823
1.0
0.9996979
1.0
1.0
1.0
0.99787486
0.9997757
1.0
1.0
1.0
0.99999845
0.99999964
1.0
1.0
1.0
0.9999932
1.0
0.99999
0.9854071
1.0
1.0
1.0
1.0
1.0
1.0
1.0
1.0
1.0
1.0
1.0
1.0
0.9999988
0.99856704
0.9999975
1.0
1.0
1.0
0.99999535
0.9998677
0.9999981
1.0
1.0
0.87089413
1.0
1.0
1.0
1.0
1.0
1.0
0.998396
0.99758947
0.9999999
1.0
0.999775
0.99998534
0.9999999
1.0
0.9999999
1.0
0.9545922
0.9999454
1.0
1.0
0.9999262
1.0
0.99910104
0.9999999
1.0
1.0
1.0
1.0
0.9999994
1.0
1.0
0.9999995
0.9999937
1.0
0.9999999
0.67063457
0.99999905
1.0
0.9999949
1.0
0.5142006
1.0
0.99998224
1.0
0.9999573
0.9999006
0.9999993
1.0
0.9991461
0.99999976
0.9999881
0.99991155
0.99999905
1.0
1.0
1.0
1.0
0.99754375
1.0
0.9999999
0.9999987
1.0
0.9999999
1.0
0.99866617
0.9999771
0.99997294
1.0
0.9998512
1.0
1.0
1.0
0.9999994
1.0
0.9999999
0.99999964
0.9997204
1.0
1.0
1.0
0.9999943
0.9999999
0.9999999
1.0
0.9999924
1.0
0.9999999
1.0
1.0
0.9999999
0.9999974
1.0
0.99999976
1.0
0.9999999
0.97426605
1.0
1.0
1.0
1.0
0.999752
0.99601066
1.0
1.0
0.99999964
0.9999993
0.9999989
1.0
0.9999994
1.0
0.99907804
0.86122215
0.99999964
1.0
0.99979585
1.0
0.9999995
1.0
0.99999964
1.0
0.94893587
0.99999976
1.0
1.0
1.0
0.9999491
1.0
1.0
0.9999907
1.0
0.99999976
0.9655586
1.0
0.93236756
0.99999976
0.9994413
0.9999995
0.99999964
0.9999994
0.99999976
1.0
0.99998975
0.99996316
1.0
0.9999993
1.0
0.99999976
0.9999994
0.9999999
0.99999976
0.9999436
0.9997639
0.9996934
1.0
0.99991167
1.0
0.9996344
1.0
1.0
0.99999154
1.0
1.0
1.0
1.0
0.9999962
1.0
0.99999845
1.0
1.0
1.0
0.99924004
1.0
0.99992156
0.99999976
1.0
0.99997795
0.9950836
1.0
0.99999833
1.0
0.9998485
1.0
1.0
0.9999989
0.99963236
0.9999995
0.9983267
0.9999999
0.99999344
0.9998915
0.9999747
0.9999999
0.9999999
1.0
0.98399156
1.0
1.0
1.0
0.9999993
1.0
0.9999862
1.0
0.99973434
1.0
0.99999976
0.9996375
0.9999938
1.0
0.9999999
0.99999666
1.0
0.9999987
1.0
1.0
0.9999434
1.0
0.9999995
1.0
0.99999976
1.0
0.9999995
0.9999988
1.0
1.0
0.99999964
1.0
1.0
1.0
0.97224516
1.0
0.9999523
0.9999982
0.9999974
0.9999987
0.9999926
1.0
1.0
1.0
0.9998981
0.99994373
0.99996924
1.0
1.0
1.0
1.0
0.99906284
1.0
1.0
0.92073977
0.99986815
0.99999964
0.992328
0.9999987
1.0
0.9999999
0.7059109
0.994713
0.9999989
0.99255365
1.0
0.99999905
1.0
0.99970716
1.0
0.99999654
0.9999999
0.9999993
1.0
1.0
0.9999989
0.99838495
1.0
0.9999863
1.0
0.9999999
0.9999999
1.0
1.0
1.0
0.9983267
1.0
1.0
1.0
1.0
1.0
0.999752
1.0
0.9949411
1.0
0.99999976
1.0
0.9999521
1.0
1.0
0.999998
1.0
1.0
1.0
0.9998661
0.9999995
1.0
0.9999999
0.99927384
0.9999989
1.0
0.99999905
0.9999981
0.99999964
1.0
0.99987376
1.0
0.999979
0.99998915
1.0
0.9999875
1.0
0.99999976
0.99999595
0.9999896
1.0
0.99999666
0.9999355
0.9412973
0.9999982
1.0
0.9999907
0.6212501
0.9999999
1.0
0.99094886
0.99931
1.0
1.0
1.0
1.0
0.99999976
0.99996006
1.0
1.0
1.0
0.9999999
1.0
1.0
0.9999975
0.9999999
0.9998171
1.0
1.0
1.0
0.9999987
1.0
1.0
0.6145744
1.0
0.9999999
0.9999472
1.0
1.0
0.99999976
1.0
1.0
0.9999999
1.0
1.0
0.99999964
0.9999995
0.9909043
1.0
1.0
1.0
0.9985896
0.99712926
1.0
1.0
1.0
1.0
0.9999999
0.99999917
1.0
1.0
1.0
0.99998283
1.0
0.99999976
0.99999547
1.0
0.99985623
1.0
1.0
1.0
0.88002366
0.99997354
1.0
1.0
0.9999672
0.9999999
1.0
1.0
0.9999999
1.0
1.0
1.0
1.0
1.0
1.0
1.0
0.9999999
0.9996917
0.99999964
1.0
0.9999999
0.9999944
1.0
0.99937844
0.99999964
1.0
0.99999964
1.0
1.0
1.0
1.0
1.0
0.99999785
0.9999982
0.99999964
0.99999774
1.0
1.0
0.9999999
1.0
0.9999682
1.0
0.9999962
0.99999976
1.0
1.0
1.0
1.0
1.0
1.0
1.0
0.9999542
1.0
0.99999774
0.9999999
1.0
0.99997926
0.9999963
1.0
0.9999908
0.966932
1.0
1.0
0.99999857
1.0
0.99999976
1.0
0.9999982
0.99999976
1.0
1.0
0.9999993
1.0
0.99999833
0.99999595
1.0
0.9999999
0.99999964
1.0
1.0
1.0
0.99996233
0.9999982
1.0
0.9999927
0.9999794
1.0
1.0
1.0
1.0
0.99999523
1.0
0.99660033
1.0
1.0
1.0
0.99999857
0.99999857
1.0
0.9999783
0.99996984
0.9872809
0.9999989
1.0
0.9991732
0.99999905
0.9999771
0.9999994
1.0
1.0
1.0
1.0
0.9984164
0.9999999
1.0
0.99999964
0.999977
1.0
1.0
1.0
0.99997985
0.99999857
0.48697206
1.0
0.999997
1.0
1.0
1.0
1.0
1.0
1.0
1.0
1.0
0.9999999
1.0
1.0
1.0
0.99999976
0.9999999
1.0
1.0
1.0
1.0
1.0
0.6352773
1.0
0.99999905
0.9999988
1.0
0.9999765
0.9999894
0.99999976
0.9999962
1.0
1.0
0.99999964
0.9999963
1.0
1.0
0.9995875
0.9999999
1.0
1.0
0.99999976
1.0
0.99999654
1.0
1.0
0.8965666
0.9973514
1.0
1.0
1.0
0.9999976
0.9999974
0.5101093
0.99999106
0.9998523
1.0
1.0
0.9999993
0.99999976
1.0
1.0
0.9898934
0.9999987
0.9999988
0.99997795
1.0
0.99999964
1.0
1.0
0.9999999
1.0
1.0
1.0
0.99999976
0.99999976
0.9990177
0.9449902
0.9999782
0.9999999
0.9999981
0.99999964
1.0
1.0
0.9999999
0.9999863
0.99999964
1.0
1.0
1.0
0.9999993
0.9999987
1.0
0.9999919
0.9999999
0.9999933
0.9999652
1.0
1.0
0.7520456
0.99878377
1.0
0.99999774
1.0
1.0
0.99999595
1.0
0.99999976
0.9999975
1.0
1.0
1.0
1.0
0.9855031
1.0
0.99999547
0.9999988
1.0
0.99473757
0.9991774
0.9999994
0.9999877
1.0
0.99995077
0.9999999
0.9918023
0.999998
0.99999976
1.0
0.99969923
1.0
1.0
0.999995
0.99996054
1.0
0.9999994
0.99999976
0.99999535
1.0
0.9999956
1.0
0.99999964
1.0
1.0
1.0
0.9999999
0.99996066
1.0
0.9999994
0.999995
0.99442863
0.99999774
0.9999999
1.0
0.9999945
1.0
1.0
0.9999958
1.0
1.0
0.9999126
0.9999999
1.0
0.9999938
0.9999981
1.0
1.0
1.0
0.99936575
1.0
1.0
1.0
1.0
0.99999905
1.0
0.9999995
1.0
0.99999976
0.99716336
1.0
1.0
0.9999963
0.9998779
0.999992
1.0
1.0
1.0
1.0
1.0
0.9999565
0.99999094
0.9999734
1.0
0.9999999
1.0
0.9280057
1.0
1.0
0.9999987
0.9999995
1.0
1.0
0.9999999
1.0
1.0
0.9999856
0.9999484
1.0
1.0
1.0
1.0
1.0
1.0
0.99999976
0.9999999
0.99999976
1.0
0.99591905
0.9999999
1.0
0.9999999
0.9999994
1.0
0.9999988
0.9999989
1.0
1.0
1.0
0.9999944
0.9860218
1.0
1.0
0.9999994
1.0
0.99534094
1.0
0.9997602
1.0
1.0
0.9999999
0.9999995
1.0
1.0
1.0
1.0
0.9999933
1.0
0.9999999
0.9999958
1.0
1.0
1.0
1.0
1.0
0.9999988
1.0
0.9999999
1.0
1.0
1.0
1.0
0.9999918
1.0
0.9999999
1.0
0.9999999
1.0
1.0
0.9999925
1.0
1.0
1.0
0.9999994
1.0
0.99999964
1.0
1.0
0.9999995
1.0
0.99998856
1.0
1.0
1.0
1.0
1.0
0.99865294
1.0
0.99998784
1.0
1.0
0.99999917
1.0
1.0
0.99999976
1.0
1.0
1.0
0.99999976
1.0
0.99999976
1.0
0.99991906
1.0
1.0
1.0
1.0
0.998047
0.9999958
0.9999999
0.9999995
1.0
1.0
0.9999999
0.9997607
1.0
1.0
0.99999964
0.9999988
1.0
1.0
1.0
1.0
1.0
1.0
0.99999785
0.9999677
1.0
0.9999862
1.0
1.0
0.9999995
1.0
1.0
1.0
1.0
1.0
0.9999702
1.0
0.9999733
0.99999285
1.0
1.0
1.0
1.0
0.9999964
0.9999963
1.0
1.0
1.0
1.0
1.0
1.0
1.0
0.99999595
1.0
1.0
1.0
0.99999976
1.0
0.9999968
0.9999907
1.0
1.0
1.0
0.9999999
0.9999999
0.6851722
1.0
1.0
1.0
1.0
1.0
1.0
1.0
0.99997795
0.99999845
1.0
0.9999926
1.0
0.98801917
0.9999994
1.0
0.99999535
1.0
0.9999994
0.9999598
1.0
1.0
1.0
1.0
1.0
1.0
1.0
1.0
0.9999999
1.0
1.0
1.0
0.86854684
1.0
1.0
0.9999956
1.0
0.99999976
0.9935464
1.0
0.9999995
1.0
1.0
1.0
1.0
0.9999999
1.0
1.0
0.9999999
0.9999745
0.99999607
1.0
1.0
0.99999833
1.0
0.99999976
0.9999989
1.0
0.9999999
1.0
1.0
1.0
1.0
1.0
1.0
1.0
1.0
0.99999416
1.0
1.0
1.0
1.0
0.99884206
0.9999981
0.9812035
0.9999999
0.9997956
1.0
0.99999964
1.0
1.0
1.0
0.9999999
0.99999833
0.9999999
1.0
0.99999976
1.0
1.0
1.0
0.9999982
1.0
0.9999999
0.99999905
0.9999826
1.0
1.0
1.0
1.0
1.0
1.0
0.99760973
1.0
1.0
1.0
1.0
0.99999917
1.0
0.9999999
1.0
1.0
1.0
1.0
0.99999976
1.0
0.9999974
1.0
0.99999857
1.0
0.98933405
0.9999999
1.0
1.0
0.99999595
1.0
1.0
0.9999995
1.0
0.9999981
1.0
1.0
1.0
1.0
0.999998
0.9999012
0.99998724
1.0
1.0
0.9992287
1.0
1.0
0.99920255
0.9999993
0.99998534
0.9999999
1.0
1.0
1.0
1.0
1.0
1.0
0.9988881
1.0
1.0
1.0
1.0
0.99999964
0.99999976
1.0
1.0
1.0
0.9985349
1.0
1.0
1.0
1.0
1.0
1.0
1.0
1.0
1.0
0.9999938
0.9999995
1.0
0.9999993
1.0
1.0
1.0
1.0
1.0
1.0
1.0
0.9999999
1.0
0.999998
1.0
1.0
1.0
0.9999999
1.0
1.0
1.0
1.0
0.99999845
0.9999999
0.99999976
1.0
0.9999999
1.0
1.0
1.0
1.0
1.0
1.0
0.96913415
1.0
1.0
1.0
0.9999956
1.0
1.0
1.0
1.0
1.0
1.0
1.0
0.9999534
1.0
1.0
1.0
1.0
1.0
1.0
1.0
1.0
1.0
1.0
1.0
1.0
1.0
1.0
0.9999999
1.0
0.9999857
1.0
1.0
0.99999964
1.0
1.0
1.0
1.0
1.0
1.0
1.0
0.99999964
0.9999999
1.0
1.0
0.9999999
1.0
1.0
1.0
0.99999726
0.9999857
1.0
0.9999995
1.0
1.0
1.0
1.0
1.0
1.0
1.0
1.0
1.0
1.0
1.0
0.999998
1.0
1.0
1.0
1.0
1.0
1.0
0.9999999
1.0
0.9999999
1.0
0.99999976
1.0
0.99973387
1.0
1.0
1.0
1.0
1.0
1.0
1.0
1.0
0.99999094
0.99999976
1.0
1.0
1.0
0.9999999
1.0
1.0
0.9999889
1.0
1.0
0.9999999
1.0
0.9999999
1.0
1.0
1.0
1.0
1.0
1.0
1.0
1.0
1.0
1.0
1.0
1.0
1.0
1.0
1.0
1.0
0.9999999
0.99999917
1.0
0.9999031
0.9998523
1.0
1.0
1.0
0.9999999
1.0
0.9999995
0.9949004
1.0
1.0
1.0
1.0
1.0
1.0
1.0
1.0
1.0
1.0
1.0
1.0
1.0
1.0
1.0
1.0
1.0
1.0
1.0
1.0
1.0
1.0
1.0
1.0
1.0
1.0
1.0
1.0
1.0
1.0
1.0
1.0
1.0
0.99999917
1.0
1.0
1.0
1.0
1.0
1.0
1.0
0.9999999
1.0
1.0
0.9999994
0.9999999
0.9999993
1.0
1.0
1.0
1.0
1.0
1.0
1.0
1.0
1.0
1.0
1.0
1.0
1.0
1.0
0.999948
1.0
1.0
0.99998176
1.0
1.0
0.9999753
0.99999416
0.9999969
1.0
1.0
0.99999905
1.0
0.9999995
1.0
1.0
1.0
0.9999794
0.9999995
1.0
0.9999999
1.0
1.0
1.0
0.9999999
1.0
1.0
0.9999901
0.99997246
0.99999845
1.0
1.0
1.0
1.0
1.0
1.0
1.0
0.99997866
1.0
1.0
0.9999682
0.99999976
0.999869
0.9999957
1.0
0.99956685
1.0
0.9999999
1.0
1.0
0.99997425
1.0
1.0
1.0
0.99988675
1.0
1.0
1.0
0.9999949
0.99998164
1.0
0.9999975
1.0
0.9999994
0.9998801
1.0
1.0
0.9996619
1.0
1.0
1.0
1.0
1.0
0.99999964
0.99999976
0.99999523
0.99999976
0.9999999
0.9999441
1.0
1.0
0.9990565
0.99999833
0.99999976
1.0
1.0
0.9999993
1.0
0.9999695
1.0
1.0
0.99999845
0.9999994
1.0
0.99999964
0.99999917
1.0
1.0
0.99997115
1.0
0.9999995
0.9999981
1.0
1.0
0.99620205
1.0
1.0
0.9999337
0.9999999
0.99999976
1.0
0.9999995
0.9999449
1.0
1.0
0.9931023
0.999998
0.99999833
0.99999964
0.99999964
0.99997115
0.9999999
0.9999995
0.99980026
0.99999654
0.9999999
1.0
1.0
0.99999917
0.99999785
0.99930084
1.0
1.0
1.0
0.9999988
0.9942621
0.9999162
1.0
0.9999999
1.0
1.0
1.0
1.0
1.0
0.9999995
0.999972
1.0
1.0
0.99999976
1.0
1.0
0.9999999
1.0
1.0
1.0
0.99999964
0.99999976
0.95837307
0.9998275
0.9997346
0.9999999
0.99999225
1.0
1.0
0.9999949
1.0
1.0
1.0
1.0
0.99995875
1.0
1.0
0.9998814
1.0
1.0
1.0
1.0
0.9999403
1.0
0.9999602
0.9999999
1.0
1.0
1.0
0.99999666
0.9999999
1.0
1.0
1.0
0.99999535
0.9999949
1.0
1.0
1.0
1.0
0.99997044
1.0
1.0
0.9999982
1.0
0.99999046
0.9907961
1.0
1.0
1.0
1.0
1.0
0.9999981
1.0
0.99999964
1.0
1.0
0.9999486
0.9999999
1.0
0.87070453
0.9996475
0.9763757
0.9999999
1.0
1.0
0.9999944
1.0
1.0
0.99999857
1.0
0.9993315
1.0
1.0
1.0
0.58041924
1.0
1.0
0.9998248
0.9999999
0.99999905
1.0
0.9999894
0.99999213
1.0
1.0
1.0
1.0
1.0
1.0
1.0
1.0
1.0
1.0
1.0
0.9999988
1.0
1.0
1.0
0.99999523
0.99999964
1.0
1.0
1.0
0.9999441
1.0
1.0
1.0
1.0
1.0
0.9999989
1.0
1.0
0.9999993
1.0
1.0
1.0
1.0
1.0
1.0
1.0
1.0
1.0
1.0
1.0
1.0
0.9999993
0.99985814
0.99991
1.0
1.0
1.0
0.9999926
1.0
1.0
1.0
1.0
1.0
0.99999976
1.0
1.0
1.0
1.0
1.0
1.0
1.0
0.99999857
0.9999981
1.0
0.99999905
1.0
1.0
1.0
0.9974572
0.9996933
1.0
0.999998
1.0
1.0
0.9999995
1.0
0.9997004
1.0
0.99999964
1.0
1.0
1.0
0.99999857
0.9999925
1.0
1.0
1.0
1.0
0.9999999
1.0
1.0
1.0
1.0
1.0
1.0
1.0
1.0
1.0
1.0
1.0
1.0
1.0
1.0
1.0
1.0
1.0
1.0
0.9999999
1.0
0.9999999
1.0
1.0
0.99999845
1.0
1.0
1.0
1.0
1.0
0.99025047
1.0
1.0
1.0
1.0
1.0
1.0
1.0
1.0
1.0
0.94346493
0.9164954
1.0
0.9999815
1.0
1.0
1.0
1.0
0.9999999
1.0
0.9999937
1.0
0.9999989
1.0
1.0
1.0
0.99999285
1.0
1.0
0.99973553
1.0
1.0
1.0
1.0
1.0
0.9987771
1.0
0.9999995
1.0
0.9999999
1.0
0.99998
0.9999999
1.0
0.9998472
0.99999976
0.9999994
0.9999951
1.0
0.9994972
1.0
1.0
1.0
1.0
1.0
1.0
1.0
0.9999987
0.99960583
0.9882036
0.8641156
0.9999752
0.9994854
1.0
1.0
0.9999999
0.99999976
1.0
1.0
1.0
1.0
0.9999999
0.9998554
0.9999994
0.9999989
1.0
1.0
1.0
0.95690924
0.9999999
1.0
1.0
0.99935895
0.99999964
0.99992216
1.0
0.9998023
1.0
0.9999999
1.0
1.0
1.0
1.0
0.9999999
1.0
0.9999981
0.9992454
0.9999988
0.9999987
0.9999999
0.9999999
0.9999999
0.9999999
0.9999914
0.99129874
0.9540176
0.9999962
0.9999999
0.9999889
0.99999917
0.9999658
0.99999976
0.99999845
1.0
1.0
0.9999968
0.9999999
1.0
1.0
0.9999994
0.98006433
0.9999902
1.0
0.9999374
0.9999907
0.9999976
1.0
0.9980989
0.99999976
0.9999361
0.99999845
0.99999917
0.9999455
1.0
0.99987316
1.0
1.0
1.0
1.0
1.0
1.0
1.0
0.999998
0.9999902
1.0
0.9999999
0.99409324
0.9999999
0.9999999
0.99964416
0.99999845
0.9999958
0.9999968
1.0
0.99999666
1.0
0.9999999
1.0
0.9996294
1.0
0.9998579
0.99999785
0.9999999
0.9999988
1.0
0.9999566
1.0
1.0
0.9999981
1.0
1.0
0.999984
1.0
0.99999905
1.0
1.0
0.99999726
0.9999974
1.0
0.9999999
1.0
1.0
0.9997186
1.0
1.0
1.0
0.9999937
1.0
0.9980616
1.0
1.0
1.0
1.0
0.99996066
0.9963141
0.9999559
0.9999659
1.0
0.9999925
1.0
1.0
1.0
0.99999976
0.9999993
0.9413538
1.0
0.9999995
0.9999957
0.9999999
0.9999999
1.0
1.0
1.0
0.99999976
0.8653742
1.0
0.99171054
1.0
1.0
0.99999976
1.0
1.0
1.0
1.0
0.9999348
1.0
1.0
1.0
1.0
1.0
0.9999931
1.0
0.99996996
0.99999714
0.9999999
0.97336066
0.99999976
1.0
0.9999957
0.9999989
1.0
0.9999999
1.0
1.0
1.0
1.0
1.0
0.99999654
1.0
0.9999356
1.0
1.0
1.0
1.0
1.0
1.0
1.0
1.0
1.0
1.0
0.99999917
1.0
1.0
1.0
0.9999999
1.0
1.0
1.0
1.0
1.0
0.9999994
1.0
0.9999999
1.0
0.99999976
0.99999964
1.0
1.0
1.0
1.0
0.99492395
0.9999993
1.0
1.0
0.99999964
1.0
1.0
1.0
1.0
0.4311907
1.0
0.9945161
1.0
0.99999785
1.0
0.95924455
0.89304364
0.9998809
1.0
1.0
0.9999999
0.9999999
0.99999964
0.9999999
0.99999714
1.0
1.0
1.0
1.0
1.0
1.0
0.99999857
1.0
1.0
1.0
1.0
1.0
1.0
1.0
1.0
1.0
1.0
1.0
1.0
1.0
1.0
1.0
1.0
1.0
1.0
1.0
1.0
1.0
1.0
1.0
1.0
0.99999976
0.9999999
1.0
1.0
1.0
1.0
1.0
1.0
0.9999999
1.0
0.99999964
1.0
1.0
1.0
1.0
0.99999976
1.0
0.9999994
1.0
1.0
1.0
0.9999908
0.99999976
1.0
1.0
1.0
1.0
0.9999999
0.99999964
0.99999917
0.9999279
1.0
1.0
1.0
0.9999999
1.0
1.0
0.9999651
1.0
1.0
1.0
1.0
1.0
1.0
1.0
1.0
1.0
1.0
1.0
1.0
0.9999999
1.0
1.0
0.99999976
1.0
1.0
1.0
1.0
1.0
1.0
1.0
1.0
1.0
1.0
1.0
1.0
1.0
1.0
1.0
1.0
1.0
1.0
1.0
1.0
1.0
0.99999976
1.0
1.0
1.0
1.0
0.9999999
1.0
1.0
1.0
1.0
0.99999976
1.0
1.0
1.0
1.0
1.0
1.0
0.99999976
0.9999988
1.0
0.99999976
1.0
0.9999989
1.0
1.0
1.0
1.0
1.0
1.0
0.99999166
1.0
1.0
1.0
1.0
1.0
0.99999976
1.0
1.0
1.0
1.0
0.9999989
1.0
1.0
1.0
1.0
1.0
1.0
1.0
1.0
1.0
0.9999999
1.0
1.0
1.0
0.99999964
1.0
0.9999995
1.0
1.0
0.9999857
1.0
1.0
1.0
1.0
1.0
1.0
1.0
1.0
0.99999976
1.0
1.0
0.99999976
1.0
1.0
1.0
1.0
1.0
1.0
1.0
1.0
1.0
1.0
1.0
1.0
1.0
1.0
1.0
1.0
0.9999982
0.9999999
1.0
1.0
1.0
1.0
1.0
1.0
1.0
1.0
1.0
1.0
0.9999999
1.0
1.0
0.99999976
0.9999993
0.99986243
1.0
1.0
1.0
1.0
0.9999385
1.0
0.9995766
0.99999523
0.99999857
1.0
1.0
1.0
1.0
1.0
0.9999994
0.9999864
0.99999964
0.99999356
1.0
1.0
1.0
1.0
0.9999999
1.0
0.9999957
1.0
0.99999607
0.9999999
0.99999905
1.0
0.99999964
0.9999999
0.95417124
1.0
0.99994457
1.0
1.0
1.0
0.99999845
1.0
0.9999989
1.0
1.0
1.0
1.0
1.0
1.0
0.9999894
1.0
0.999997
0.9999995
1.0
0.999998
1.0
1.0
1.0
1.0
0.9999999
0.99999964
0.9999962
0.99999976
0.9999989
1.0
1.0
0.9999994
1.0
0.99999964
1.0
1.0
1.0
1.0
1.0
1.0
1.0
1.0
1.0
0.99998534
0.9999645
1.0
0.9999995
1.0
1.0
1.0
1.0
1.0
1.0
0.99997234
0.9999937
1.0
1.0
1.0
1.0
1.0
0.9999993
1.0
1.0
1.0
1.0
1.0
1.0
1.0
0.99970347
0.99999845
1.0
1.0
0.9999989
1.0
1.0
1.0
0.9999995
1.0
0.993874
1.0
1.0
0.9999999
1.0
1.0
0.9999988
0.9999869
1.0
1.0
1.0
1.0
0.99952483
1.0
1.0
0.99999976
0.9999999
1.0
0.9999374
0.99999964
1.0
1.0
1.0
0.9999995
0.9999945
1.0
0.9999999
0.99950767
1.0
0.99999416
1.0
0.99999976
1.0
0.9941916
0.9999994
0.99999857
1.0
0.99997675
0.9999993
0.9999887
1.0
0.9999815
1.0
1.0
0.9999927
1.0
1.0
0.99999976
0.99998045
0.98011094
0.54498667
0.9999999
0.99978405
0.7596831
0.99999344
0.7345123
0.99664056
0.99999964
1.0
0.9999994
0.9999424
1.0
0.99999976
0.9778146
0.92023337
0.9999057
0.92360324
0.9994425
0.9999999
0.9969008
0.9999728
0.59132135
0.9998852
0.904756
0.99999833
0.9999989
1.0
1.0
1.0
0.9999906
1.0
0.9999988
0.9999999
0.999987
1.0
0.9999999
1.0
0.9984282
1.0
1.0
1.0
0.9999807
0.96000236
0.9955272
0.98725665
1.0
1.0
0.9999689
0.99608237
1.0
0.9988432
0.99999976
1.0
0.9991856
0.9999975
0.99999034
1.0
1.0
0.9999981
0.999866
0.99983895
1.0
0.98653865
0.9999974
0.9999989
1.0
0.9987098
0.9999906
0.9999999
0.9999759
0.35537466
1.0
0.9999727
0.99999857
0.9999999
1.0
0.99704355
0.94908077
1.0
1.0
0.99999917
0.9998883
0.9999944
1.0
1.0
1.0
1.0
0.9999974
0.9999994
1.0
0.9999939
1.0
1.0
1.0
1.0
0.9999975
0.57105124
1.0
1.0
1.0
1.0
0.9999994
1.0
0.9999999
1.0
1.0
0.99999964
0.99998987
1.0
1.0
1.0
0.9999999
0.9999993
0.99999976
0.99999976
1.0
1.0
0.9999939
1.0
1.0
0.9999995
1.0
0.999985
1.0
1.0
1.0
0.9999852
1.0
1.0
0.99999964
1.0
1.0
1.0
0.9999949
1.0
1.0
0.9999417
0.9999491
1.0
0.99999857
0.999995
1.0
1.0
1.0
1.0
0.99999857
1.0
1.0
0.9999994
1.0
0.9999999
0.9999924
1.0
0.99999905
0.99999857
0.9999958
1.0
1.0
1.0
1.0
0.99999976
1.0
1.0
0.999974
1.0
1.0
0.9998216
0.9999492
0.9999995
0.99999595
0.9997274
1.0
1.0
1.0
1.0
0.9999597
0.99999046
0.99999905
1.0
1.0
1.0
1.0
0.9999994
1.0
1.0
0.9038278
0.99957365
1.0
0.9999995
0.9969812
0.9991166
1.0
0.9998828
1.0
0.9999918
1.0
1.0
1.0
1.0
0.9999995
0.99264914
0.9984914
1.0
1.0
0.9998753
0.99999976
0.9999995
0.99999046
1.0
0.9999968
0.9999981
0.99999976
1.0
0.999824
0.9998274
1.0
0.9999999
1.0
1.0
0.9999999
1.0
0.9999999
1.0
1.0
0.99999976
0.9996093
1.0
0.9999989
0.82734865
0.9999293
0.99999917
1.0
0.99999714
1.0
1.0
1.0
0.999962
1.0
0.99997556
1.0
0.9999999
0.9988833
1.0
1.0
1.0
1.0
1.0
1.0
1.0
1.0
0.9999999
0.9999958
0.9999956
1.0
1.0
1.0
0.99999714
0.99999976
1.0
1.0
1.0
1.0
0.9999958
0.9999502
1.0
1.0
1.0
1.0
1.0
1.0
0.9999999
1.0
0.99999464
1.0
1.0
1.0
1.0
1.0
0.9999993
1.0
0.99999976
1.0
1.0
1.0
0.99999976
0.99999976
0.999984
1.0
1.0
1.0
0.9999999
1.0
0.97915477
1.0
1.0
1.0
0.9999999
0.99997115
1.0
1.0
1.0
1.0
0.9999999
0.9999999
1.0
1.0
1.0
1.0
1.0
1.0
1.0
1.0
0.99999976
1.0
1.0
0.99999857
1.0
0.99999666
1.0
1.0
1.0
1.0
1.0
0.9999291
1.0
1.0
1.0
1.0
0.9990387
1.0
0.9999999
0.9999999
0.9999999
0.99999976
1.0
1.0
0.9999999
1.0
1.0
0.9998858
0.99945956
1.0
0.99999964
1.0
0.9999995
1.0
1.0
0.99999976
0.9999999
1.0
0.99999976
0.99994326
1.0
1.0
1.0
0.99996376
1.0
0.99999905
1.0
0.9999956
1.0
0.9999999
1.0
1.0
0.99995995
1.0
1.0
1.0
0.99998796
1.0
0.99997497
0.99999094
0.99999976
1.0
0.9999999
1.0
1.0
1.0
1.0
1.0
1.0
0.9999999
0.9999889
1.0
0.9999999
0.9998055
1.0
1.0
1.0
0.9999993
0.99953306
1.0
1.0
1.0
1.0
0.9999995
1.0
1.0
1.0
0.99999225
1.0
1.0
1.0
1.0
0.99999917
1.0
1.0
0.99998915
0.9999999
1.0
1.0
1.0
0.99999785
0.99999976
1.0
1.0
0.99998987
1.0
1.0
1.0
0.99999976
1.0
1.0
1.0
1.0
0.9999995
1.0
1.0
0.9999987
1.0
1.0
1.0
1.0
1.0
1.0
1.0
1.0
1.0
1.0
0.9999999
1.0
1.0
1.0
0.99998057
1.0
1.0
1.0
0.99999964
1.0
1.0
1.0
1.0
1.0
0.9999999
0.9999999
1.0
1.0
1.0
1.0
1.0
1.0
1.0
1.0
1.0
1.0
1.0
0.9999598
1.0
1.0
1.0
0.99999976
1.0
1.0
0.9999993
1.0
0.9999616
0.9999002
0.9999989
0.99999976
1.0
0.9999957
1.0
0.999998
1.0
1.0
1.0
1.0
1.0
0.99998975
0.99996364
0.9999999
1.0
0.9999993
1.0
0.99282646
0.9999999
0.99999976
1.0
0.9999999
0.9743036
1.0
1.0
1.0
1.0
1.0
1.0
0.99999094
1.0
1.0
0.9999901
1.0
1.0
1.0
0.9999999
1.0
0.9999999
0.9999845
1.0
1.0
0.9999522
1.0
1.0
1.0
1.0
0.99999285
1.0
0.99998605
1.0
1.0
0.99999845
1.0
1.0
1.0
1.0
0.9999975
1.0
1.0
1.0
0.99601066
0.99668026
0.999846
1.0
0.9999999
0.99999714
0.99999905
0.9999888
1.0
1.0
1.0
1.0
1.0
0.9999995
0.9999715
1.0
1.0
1.0
1.0
1.0
1.0
1.0
0.9999901
1.0
1.0
0.9999821
1.0
0.9999999
0.9840656
1.0
1.0
1.0
1.0
0.99999976
1.0
0.99999964
0.99999976
1.0
1.0
0.99994266
1.0
1.0
0.99997735
0.99999154
1.0
1.0
0.99999976
1.0
1.0
1.0
1.0
1.0
1.0
1.0
1.0
0.9998903
0.9999999
1.0
0.99999976
1.0
1.0
0.86133534
1.0
0.9999988
1.0
1.0
1.0
1.0
0.9999999
0.99998677
0.99999976
1.0
1.0
1.0
1.0
0.9999995
1.0
1.0
1.0
1.0
1.0
0.99999213
1.0
1.0
0.9999989
1.0
0.9999832
1.0
1.0
0.99998295
1.0
1.0
1.0
1.0
1.0
1.0
1.0
1.0
1.0
0.9999999
1.0
1.0
0.9999999
0.99999964
1.0
0.9878229
1.0
1.0
1.0
1.0
1.0
0.9999963
0.9999753
1.0
1.0
0.99806136
0.9999963
0.99997437
1.0
0.99920326
1.0
1.0
0.9999999
0.9305749
1.0
1.0
1.0
0.99997866
0.9999993
1.0
1.0
0.99999285
0.9999975
0.9999999
1.0
1.0
0.9999993
0.99999964
0.9999974
1.0
0.99997675
1.0
0.9961767
1.0
1.0
0.99999595
1.0
0.9998228
0.99999976
0.99999785
0.9999988
1.0
0.99999774
0.9999999
0.9999999
0.9999999
0.9994795
1.0
1.0
1.0
1.0
1.0
0.9999975
0.9999999
1.0
0.9999323
0.9999641
0.9999969
0.9999987
0.9999999
0.99999833
1.0
0.9999993
1.0
0.99997246
0.999944
1.0
1.0
0.9999908
0.9999988
1.0
1.0
1.0
0.99999905
1.0
0.9999893
0.9999999
1.0
1.0
1.0
1.0
1.0
1.0
1.0
1.0
0.9999976
1.0
1.0
0.9997907
1.0
1.0
1.0
1.0
0.9999999
0.9999999
0.99999964
1.0
0.9999999
0.9999999
1.0
1.0
1.0
1.0
1.0
0.9999995
1.0
0.999798
1.0
1.0
1.0
1.0
1.0
1.0
1.0
1.0
0.9999999
1.0
0.99999654
0.99999976
1.0
1.0
1.0
1.0
1.0
1.0
1.0
1.0
1.0
1.0
0.9999989
0.99999976
0.99999714
0.99999964
1.0
0.9999771
0.9999943
1.0
1.0
1.0
0.9999999
1.0
0.9999999
0.9999981
1.0
1.0
0.9999944
0.99990964
0.9999999
1.0
1.0
1.0
0.99964213
1.0
0.99999726
0.99999964
1.0
1.0
1.0
1.0
1.0
1.0
1.0
0.9999999
1.0
1.0
1.0
1.0
0.99999714
0.9999982
1.0
0.99999976
1.0
0.9999912
1.0
0.99999785
1.0
0.9999896
0.9999999
0.99999833
0.9999999
1.0
0.9999726
0.9999999
0.99999905
1.0
1.0
1.0
0.9999815
1.0
0.9999975
1.0
1.0
1.0
1.0
1.0
1.0
1.0
0.9999635
0.99999976
0.99999857
0.9999999
0.9999794
1.0
0.9999999
0.99999964
0.99998415
1.0
0.9999999
1.0
1.0
0.9978537
1.0
0.9999994
0.9999989
1.0
1.0
0.9999995
0.99999976
0.9999999
1.0
0.9999968
1.0
0.99999845
0.9999877
0.99999964
1.0
1.0
0.99999976
0.9999968
0.9994118
0.9999995
0.9965031
1.0
0.99999976
1.0
1.0
0.9999999
0.99999964
0.99998236
1.0
0.9999995
0.9999999
0.9999945
1.0
0.9999995
1.0
1.0
1.0
0.9999306
1.0
1.0
1.0
0.9999994
0.99998534
0.999982
1.0
0.99999833
1.0
0.99997246
0.99999964
0.9999999
0.9999999
0.9999987
0.9999981
1.0
1.0
1.0
1.0
0.99997175
0.995061
0.99985445
1.0
1.0
0.99971706
0.99999976
1.0
0.99999726
1.0
1.0
0.99999833
0.9999788
1.0
1.0
1.0
0.99999905
0.99999845
1.0
0.999995
0.9999645
0.99939895
0.9999999
0.9999697
1.0
0.9999999
0.99999976
0.9999925
1.0
1.0
1.0
0.9999802
0.99999917
0.9999999
0.99955815
1.0
1.0
1.0
1.0
1.0
0.9999789
1.0
1.0
0.9998616
0.9999987
1.0
1.0
1.0
0.99999976
0.99999976
1.0
1.0
0.9999875
0.99984884
1.0
1.0
1.0
1.0
0.9999902
0.99999654
1.0
1.0
1.0
0.9999571
0.99999917
1.0
1.0
0.9999927
0.9999391
1.0
1.0
1.0
1.0
0.9999995
0.9996779
1.0
1.0
1.0
1.0
1.0
0.9999994
0.99997926
0.9999999
1.0
0.9999989
1.0
1.0
0.99999905
1.0
0.9999976
1.0
1.0
1.0
0.9999999
0.9999975
0.9999957
1.0
1.0
0.99981123
0.99999976
0.99999905
0.9999999
0.9999968
0.9967319
1.0
1.0
1.0
1.0
0.99999976
0.9999057
1.0
1.0
1.0
0.99999774
1.0
0.9999913
0.9999999
1.0
1.0
1.0
1.0
0.9999994
1.0
0.9999993
1.0
1.0
1.0
1.0
0.99999964
1.0
1.0
1.0
0.9999987
0.99999976
0.99999917
0.9997187
1.0
1.0
1.0
0.9999999
1.0
1.0
1.0
1.0
1.0
0.9999994
1.0
1.0
0.99999833
1.0
1.0
1.0
1.0
1.0
1.0
1.0
0.99999654
1.0
1.0
1.0
1.0
1.0
1.0
0.99999964
0.9999999
0.99999976
0.99999154
0.9999981
0.9999901
0.99999976
0.99999297
1.0
1.0
0.9999956
1.0
1.0
1.0
1.0
0.9999999
1.0
0.9999993
0.9999999
0.9999999
1.0
1.0
0.99999475
0.99999976
1.0
0.9999999
1.0
1.0
1.0
1.0
1.0
1.0
1.0
1.0
1.0
1.0
1.0
0.9999999
0.9999993
0.9999999
1.0
1.0
1.0
1.0
1.0
0.9999995
0.9999939
1.0
1.0
0.9999876
1.0
1.0
1.0
1.0
1.0
0.9999974
1.0
1.0
0.9999815
1.0
1.0
1.0
1.0
0.9999943
1.0
1.0
0.9999994
1.0
1.0
1.0
1.0
1.0
1.0
1.0
1.0
1.0
1.0
1.0
1.0
1.0
1.0
1.0
1.0
1.0
1.0
1.0
0.999962
1.0
1.0
1.0
1.0
1.0
1.0
1.0
0.9999976
0.99991786
0.99999964
1.0
0.99991393
0.9999987
0.9999943
0.99986506
0.9998022
1.0
0.99999964
0.99999726
1.0
1.0
1.0
0.9999999
1.0
1.0
0.99991655
0.9999999
1.0
0.99999404
1.0
1.0
1.0
1.0
0.99999976
1.0
0.9999999
0.9999993
1.0
1.0
0.9999999
1.0
1.0
0.9999999
0.99999976
1.0
0.9999999
1.0
1.0
1.0
1.0
1.0
0.9999999
0.9999949
1.0
1.0
1.0
1.0
1.0
1.0
1.0
0.9999893
1.0
0.99999785
0.9999999
0.99999976
0.9999957
1.0
1.0
0.99999964
0.9999994
1.0
1.0
1.0
1.0
0.99999964
0.9999999
0.9998932
1.0
0.9999913
0.9999776
0.99999917
0.99999976
0.9999999
1.0
1.0
1.0
0.9999999
1.0
1.0
1.0
0.9999999
0.9998846
0.99990976
1.0
0.99999833
1.0
1.0
1.0
1.0
0.99999976
0.9999975
0.99999964
0.9999856
1.0
1.0
0.9999993
1.0
0.9999999
1.0
0.9999999
1.0
1.0
1.0
1.0
1.0
1.0
0.9999975
1.0
0.9998977
0.99999785
0.9999913
0.99991465
1.0
0.99999976
0.99787176
1.0
0.999966
1.0
0.68005234
0.99999654
0.9999684
0.9999999
0.999343
0.9999995
1.0
0.9998078
0.9999981
0.99992585
0.9999999
0.9999733
0.99999976
0.99999607
0.9999919
0.9999999
0.9999999
1.0
1.0
0.9999987
1.0
1.0
1.0
1.0
1.0
0.9999963
0.99999845
0.9999995
0.9999976
1.0
1.0
1.0
1.0
0.9999999
1.0
1.0
1.0
0.99999857
0.99999845
1.0
1.0
1.0
0.99999964
1.0
0.9999994
0.9999999
1.0
0.99999976
0.99999976
0.99999297
0.99990916
0.99999726
0.9999999
0.9898588
0.999949
1.0
0.99997306
1.0
0.9999999
0.9999999
0.9999981
1.0
0.9999981
0.9999497
1.0
0.9999944
0.98760855
0.9999938
0.9999999
0.9999969
0.9999999
0.99999917
0.9991068
1.0
0.99999964
0.99998856
0.9997738
1.0
0.9988539
0.9986039
1.0
1.0
0.9999999
1.0
1.0
0.9999888
0.9999999
1.0
1.0
1.0
1.0
1.0
0.9999999
0.99999833
1.0
1.0
1.0
1.0
1.0
1.0
1.0
1.0
1.0
0.9999641
1.0
1.0
1.0
1.0
1.0
1.0
1.0
1.0
1.0
0.9999999
1.0
0.99974686
1.0
1.0
1.0
1.0
1.0
1.0
0.9996977
1.0
1.0
1.0
1.0
1.0
1.0
0.99999785
1.0
1.0
1.0
1.0
1.0
1.0
0.99967253
0.9999993
1.0
1.0
1.0
0.99997735
0.9995136
1.0
1.0
1.0
1.0
1.0
1.0
0.9999999
0.9999982
0.9999993
1.0
0.99999976
0.99999416
1.0
1.0
1.0
1.0
0.9999957
1.0
1.0
1.0
1.0
1.0
1.0
1.0
0.9999366
1.0
1.0
1.0
0.99999976
1.0
0.99999976
1.0
1.0
1.0
1.0
1.0
0.9999975
0.9999999
0.9999994
1.0
1.0
1.0
1.0
1.0
1.0
1.0
1.0
1.0
1.0
1.0
1.0
0.999997
0.999995
1.0
1.0
0.99999845
1.0
1.0
1.0
1.0
1.0
1.0
1.0
0.9999957
1.0
1.0
0.99999964
0.9639586
0.9999999
0.70847195
0.99999976
0.9999839
0.99984264
0.9996598
0.999979
1.0
0.99999547
0.94275314
1.0
0.9957487
1.0
1.0
0.9999987
0.9997601
1.0
0.99999833
0.99973553
0.99994814
1.0
0.9999826
1.0
1.0
0.9999968
1.0
0.99999964
1.0
0.9999994
1.0
1.0
0.99954706
0.99327797
0.9995024
0.5170835
0.99683857
1.0
0.99997735
1.0
1.0
1.0
0.9999994
0.9942212
0.9999963
0.99936146
0.9981718
0.99989176
0.9992274
1.0
0.9999949
0.9995882
1.0
0.9999869
1.0
0.99999976
0.99956757
1.0
1.0
1.0
1.0
1.0
1.0
1.0
0.9999999
1.0
1.0
0.99997973
1.0
0.9992849
1.0
1.0
1.0
1.0
1.0
1.0
1.0
0.9999987
0.9999999
1.0
0.99999976
1.0
1.0
1.0
0.999992
1.0
1.0
1.0
1.0
1.0
1.0
0.99999726
0.99991906
1.0
0.9999999
0.9999995
1.0
0.999951
1.0
1.0
1.0
1.0
1.0
1.0
1.0
1.0
0.99999356
1.0
1.0
1.0
1.0
1.0
0.99999475
1.0
1.0
1.0
1.0
1.0
1.0
1.0
1.0
1.0
0.99905294
0.98921376
0.9999869
0.9999459
1.0
1.0
1.0
1.0
1.0
1.0
1.0
1.0
0.9999999
0.99999964
1.0
0.99999785
0.99999905
0.99999535
1.0
1.0
1.0
0.99999964
0.9999945
1.0
1.0
1.0
0.9999999
1.0
1.0
0.9999999
1.0
1.0
0.99999714
1.0
1.0
1.0
0.99995303
0.99999964
1.0
1.0
1.0
1.0
1.0
1.0
0.99999917
1.0
0.99994993
0.9999932
1.0
0.99999666
1.0
1.0
1.0
1.0
1.0
1.0
1.0
1.0
1.0
1.0
1.0
1.0
0.9993327
0.9999945
0.999923
0.92643166
0.99999976
1.0
1.0
0.9998791
0.9999982
1.0
0.99999976
0.9999157
0.99998283
0.99999964
1.0
1.0
0.9998466
1.0
1.0
0.9999541
1.0
1.0
1.0
1.0
0.99999857
1.0
1.0
1.0
1.0
0.99999547
0.9977532
0.99982774
0.9999999
1.0
0.99998724
0.999926
0.999496
1.0
0.99999666
0.9999968
0.99999964
0.9999988
0.9999999
0.99999964
0.99999094
0.9999405
1.0
1.0
1.0
0.9999933
1.0
0.9999999
0.9999871
1.0
1.0
0.9999976
1.0
1.0
1.0
1.0
1.0
1.0
1.0
1.0
1.0
0.9999995
1.0
0.99999774
0.9982797
1.0
0.99999905
1.0
0.9997789
0.9803945
0.99995077
0.9999945
0.9999927
0.9998778
0.9999945
0.99912816
0.9999509
1.0
0.64906883
0.92862916
1.0
1.0
1.0
1.0
1.0
0.99994504
0.9999999
0.9998679
1.0
1.0
1.0
1.0
0.9999871
1.0
1.0
1.0
0.99999976
1.0
1.0
0.99999964
0.99999785
1.0
0.9999989
1.0
0.9999999
0.9999995
1.0
0.9999815
0.9999999
0.9999999
1.0
0.9999957
1.0
0.99999964
1.0
0.99987006
1.0
1.0
1.0
1.0
1.0
1.0
1.0
1.0
1.0
0.9999846
1.0
0.99954766
0.9999651
0.9999646
0.9999999
0.9999999
0.9999832
1.0
0.9999995
0.9868581
0.9999325
1.0
1.0
1.0
1.0
0.99999845
0.99999404
1.0
0.9999999
1.0
0.9999839
1.0
1.0
1.0
0.99840444
1.0
1.0
1.0
1.0
1.0
1.0
0.9999999
0.9999999
0.9742474
1.0
0.88408464
1.0
0.999995
0.99999535
0.9999999
1.0
1.0
1.0
1.0
1.0
1.0
1.0
1.0
1.0
0.9999993
1.0
1.0
0.9999981
0.9994368
1.0
1.0
1.0
0.9999989
0.9999926
1.0
1.0
1.0
0.99999964
1.0
1.0
1.0
1.0
1.0
1.0
0.99999976
1.0
1.0
1.0
1.0
1.0
1.0
0.9999999
1.0
1.0
1.0
1.0
1.0
1.0
0.99999833
1.0
1.0
0.9986406
1.0
1.0
1.0
1.0
1.0
0.9999999
1.0
1.0
1.0
0.99998987
1.0
1.0
0.99999726
1.0
1.0
1.0
0.9999993
1.0
1.0
0.9999993
1.0
1.0
1.0
1.0
1.0
0.9999968
0.9999783
1.0
1.0
0.9999999
0.9999995
0.9999888
0.99999917
0.9999703
0.99999964
0.99998534
1.0
0.99998665
0.9999993
1.0
1.0
0.9999995
0.9996524
0.9999976
0.99998844
1.0
0.9999968
1.0
0.9997832
0.98423874
0.9999726
0.99993396
1.0
1.0
1.0
0.999997
1.0
1.0
1.0
0.9998741
0.9496298
0.99999964
0.9999943
0.9970663
0.99999964
0.99994636
0.9999999
0.6123384
1.0
0.9999989
0.9999968
1.0
1.0
1.0
0.9999994
1.0
0.9999999
0.9999999
0.9999999
1.0
0.9999994
0.9999769
0.99999917
0.9999999
1.0
0.99999976
0.99999976
1.0
1.0
0.99999976
1.0
1.0
1.0
1.0
1.0
1.0
1.0
0.99999964
1.0
1.0
1.0
1.0
1.0
1.0
1.0
0.999998
1.0
1.0
1.0
1.0
1.0
1.0
1.0
1.0
1.0
1.0
1.0
1.0
1.0
1.0
1.0
1.0
1.0
1.0
0.9999244
1.0
1.0
1.0
1.0
1.0
1.0
1.0
1.0
0.99999094
1.0
1.0
0.9999999
0.9999989
1.0
0.9999999
1.0
1.0
0.9999999
1.0
1.0
1.0
0.9999999
0.9993369
1.0
1.0
1.0
1.0
1.0
1.0
1.0
0.999982
1.0
0.9999999
1.0
1.0
1.0
1.0
1.0
0.9999969
0.99999976
1.0
1.0
1.0
0.9999999
1.0
1.0
1.0
1.0
0.99999964
1.0
1.0
1.0
0.9999982
1.0
1.0
1.0
1.0
1.0
1.0
1.0
1.0
1.0
0.9999999
1.0
1.0
1.0
1.0
1.0
1.0
1.0
1.0
1.0
1.0
1.0
1.0
1.0
1.0
1.0
1.0
1.0
1.0
0.9999999
1.0
1.0
1.0
1.0
1.0
1.0
1.0
1.0
1.0
1.0
1.0
0.9999999
0.99999976
1.0
0.99999976
1.0
1.0
1.0
1.0
1.0
1.0
1.0
1.0
0.9999999
1.0
1.0
1.0
1.0
1.0
1.0
1.0
1.0
1.0
0.9999995
1.0
1.0
1.0
1.0
0.9999919
1.0
1.0
1.0
1.0
1.0
1.0
1.0
0.9999995
1.0
1.0
1.0
0.99999976
0.9999999
1.0
1.0
1.0
1.0
1.0
1.0
1.0
1.0
1.0
1.0
1.0
1.0
1.0
1.0
1.0
1.0
0.9999999
0.9999902
1.0
0.9994272
1.0
1.0
1.0
0.99999547
1.0
1.0
1.0
1.0
1.0
0.99999964
0.9999999
0.9999999
1.0
1.0
1.0
1.0
1.0
1.0
1.0
1.0
0.99999774
1.0
1.0
1.0
1.0
1.0
1.0
1.0
1.0
1.0
1.0
1.0
1.0
0.9999995
1.0
1.0
1.0
1.0
1.0
1.0
1.0
1.0
0.99999714
0.99999976
1.0
1.0
0.99999917
0.9999995
1.0
1.0
1.0
1.0
1.0
1.0
1.0
1.0
0.9999957
1.0
1.0
1.0
1.0
1.0
1.0
1.0
1.0
1.0
1.0
0.99997747
0.99999964
1.0
1.0
1.0
1.0
1.0
1.0
1.0
1.0
0.99999964
1.0
1.0
1.0
1.0
0.9999995
1.0
1.0
1.0
1.0
0.9999987
0.99999917
1.0
0.99999917
1.0
1.0
1.0
1.0
1.0
1.0
1.0
0.9999999
1.0
0.99999964
1.0
1.0
1.0
0.99999976
1.0
1.0
0.99999714
1.0
1.0
1.0
1.0
1.0
1.0
1.0
1.0
1.0
1.0
1.0
1.0
0.9999995
1.0
1.0
1.0
1.0
1.0
1.0
0.9999995
1.0
0.9999999
1.0
1.0
1.0
1.0
1.0
1.0
1.0
1.0
1.0
1.0
1.0
1.0
1.0
0.99998045
1.0
1.0
1.0
1.0
0.9999999
1.0
0.9999939
1.0
1.0
1.0
1.0
1.0
0.9999999
1.0
0.9999999
1.0
1.0
0.9999919
1.0
1.0
1.0
0.99999964
1.0
0.99999356
1.0
1.0
1.0
1.0
1.0
0.99999964
0.99994254
1.0
1.0
1.0
1.0
1.0
1.0
0.99999976
0.9999994
1.0
0.9999999
1.0
1.0
1.0
1.0
1.0
1.0
1.0
0.9999994
1.0
1.0
1.0
1.0
1.0
1.0
1.0
1.0
1.0
1.0
0.99999464
1.0
0.99999475
1.0
1.0
1.0
1.0
0.99999976
1.0
0.99999976
0.99967194
1.0
1.0
0.99999964
0.9999988
0.9999999
1.0
1.0
1.0
1.0
0.9999999
0.9999751
1.0
1.0
1.0
0.9999987
1.0
1.0
1.0
1.0
1.0
1.0
0.9999993
0.9999999
1.0
0.9999999
1.0
1.0
1.0
0.9999999
1.0
1.0
0.9999995
1.0
1.0
1.0
1.0
1.0
1.0
1.0
1.0
1.0
0.99999964
1.0
1.0
1.0
0.99991715
1.0
1.0
1.0
1.0
1.0
0.99999976
0.99999976
0.99999416
1.0
1.0
0.987807
0.99998724
1.0
0.9909333
1.0
0.99999356
0.53596854
0.99991965
0.9999939
0.9999995
0.9982146
1.0
1.0
0.9999999
0.999998
0.99945706
0.9999988
0.99997735
1.0
0.9999776
1.0
1.0
0.99999976
0.99999976
1.0
1.0
1.0
0.999992
0.9999999
0.99999917
0.9999999
0.9999999
1.0
1.0
0.99999094
0.9999846
0.99999666
0.99999285
1.0
1.0
1.0
0.9999994
0.9999988
1.0
1.0
0.99999785
1.0
1.0
0.99974626
1.0
1.0
1.0
0.9999894
0.9999987
1.0
1.0
1.0
1.0
1.0
0.99999905
0.9998698
1.0
0.9643887
1.0
1.0
1.0
1.0
1.0
1.0
1.0
0.999982
1.0
0.9999957
0.9999999
1.0
0.99999976
1.0
1.0
1.0
1.0
0.9999989
1.0
1.0
0.9999988
0.9999931
0.9999982
1.0
1.0
1.0
1.0
1.0
1.0
1.0
1.0
0.9999999
0.9999999
1.0
1.0
1.0
1.0
1.0
0.99993753
1.0
0.99998224
1.0
1.0
1.0
1.0
0.9999999
0.9999999
1.0
1.0
1.0
1.0
0.99999917
1.0
1.0
1.0
0.999997
1.0
1.0
1.0
1.0
1.0
1.0
1.0
1.0
0.99999976
1.0
1.0
1.0
1.0
0.99999976
1.0
1.0
0.99999976
1.0
0.99999964
1.0
0.9999999
1.0
0.99999976
1.0
1.0
0.99999416
1.0
0.99999905
1.0
1.0
0.9999901
1.0
1.0
0.9999999
0.9999999
0.9999993
1.0
0.99999785
1.0
1.0
0.9999989
1.0
0.99999106
1.0
1.0
1.0
1.0
1.0
1.0
1.0
1.0
1.0
1.0
1.0
0.9999976
1.0
1.0
1.0
0.99999976
1.0
0.9999485
1.0
1.0
0.9999999
1.0
1.0
1.0
1.0
1.0
1.0
0.9999994
1.0
1.0
1.0
0.9999995
1.0
0.9999994
0.99999964
0.99999475
1.0
0.99999905
0.99999964
0.9999956
0.99999964
0.9999999
1.0
0.99992776
0.99999905
0.9999864
1.0
0.99999094
1.0
1.0
0.9999994
1.0
1.0
1.0
0.99993145
1.0
1.0
1.0
1.0
1.0
0.9999999
1.0
1.0
1.0
1.0
0.99999964
1.0
1.0
1.0
1.0
1.0
1.0
1.0
0.9999995
0.99997354
1.0
1.0
0.9999982
1.0
0.99999976
1.0
0.99988747
0.99993134
0.9999999
0.9999747
1.0
0.9999975
1.0
0.9999982
1.0
1.0
1.0
1.0
1.0
1.0
1.0
0.9999999
1.0
1.0
1.0
1.0
0.9999993
1.0
1.0
1.0
1.0
1.0
1.0
1.0
0.99130857
1.0
1.0
1.0
1.0
1.0
1.0
1.0
1.0
1.0
1.0
1.0
1.0
1.0
1.0
1.0
0.9999989
1.0
1.0
0.9999999
1.0
1.0
1.0
1.0
1.0
1.0
1.0
1.0
1.0
1.0
1.0
1.0
1.0
1.0
1.0
1.0
0.9995552
1.0
1.0
1.0
1.0
1.0
1.0
1.0
1.0
1.0
1.0
1.0
1.0
1.0
1.0
0.99999976
1.0
1.0
1.0
1.0
1.0
1.0
1.0
1.0
1.0
1.0
0.998558
1.0
1.0
1.0
0.9999987
1.0
1.0
1.0
0.999992
1.0
1.0
0.99999905
1.0
1.0
1.0
0.9999982
1.0
1.0
1.0
1.0
1.0
1.0
1.0
1.0
1.0
1.0
1.0
1.0
1.0
1.0
0.9999999
1.0
1.0
0.99981743
0.99999964
0.99999976
1.0
1.0
1.0
0.99999976
0.9987062
1.0
1.0
0.9999993
1.0
1.0
0.9999993
1.0
1.0
0.9999999
0.99999964
0.99999976
1.0
1.0
1.0
0.9999995
0.9999999
1.0
0.99999905
1.0
1.0
1.0
0.9999999
1.0
0.99999964
0.9999999
0.99999976
1.0
1.0
0.999967
1.0
0.99999547
1.0
1.0
1.0
1.0
1.0
1.0
1.0
0.9998425
0.9989586
0.99998844
1.0
0.99996424
0.99999404
1.0
1.0
1.0
1.0
1.0
1.0
1.0
1.0
1.0
0.9999956
1.0
1.0
1.0
1.0
1.0
1.0
1.0
1.0
1.0
0.9999703
1.0
0.99999964
1.0
1.0
1.0
1.0
1.0
1.0
1.0
0.99999225
1.0
0.9999995
1.0
1.0
1.0
1.0
0.9998325
1.0
1.0
0.9999995
0.9999994
1.0
1.0
1.0
1.0
0.9999999
1.0
1.0
1.0
1.0
1.0
0.99999857
1.0
1.0
1.0
0.9999999
0.9999976
1.0
1.0
1.0
1.0
0.9999999
1.0
0.9999956
0.9999293
0.9979406
1.0
0.99999976
0.99992704
1.0
0.9999894
1.0
0.9999999
0.9997503
0.9999982
0.9999969
1.0
1.0
0.99693346
1.0
1.0
0.99999475
1.0
0.99999964
0.9999999
0.9999944
1.0
1.0
0.99999976
1.0
0.99975175
1.0
1.0
1.0
1.0
0.99999917
1.0
1.0
1.0
0.9999999
0.99997807
1.0
1.0
0.99545515
1.0
0.9999987
1.0
0.9999919
0.99999976
0.9999877
0.99999964
0.99997663
0.99991095
0.99995244
0.9999999
0.99999845
1.0
0.9999969
1.0
0.9999964
1.0
1.0
1.0
0.9999989
1.0
0.99998724
0.9999999
0.9999988
1.0
0.9999999
1.0
1.0
0.99999905
0.9999938
0.99999905
0.9999938
1.0
0.9999999
1.0
0.9999999
0.99999976
1.0
1.0
1.0
0.9997063
1.0
1.0
1.0
1.0
0.99996233
0.9999999
1.0
1.0
0.9999995
1.0
1.0
1.0
1.0
0.9999981
1.0
0.96138674
0.99999976
1.0
1.0
1.0
1.0
1.0
0.9999633
1.0
0.999962
1.0
1.0
0.9999988
1.0
1.0
1.0
1.0
1.0
0.99999976
1.0
0.99987984
0.9999999
1.0
0.99997914
1.0
0.9999716
0.9999927
0.99999976
1.0
1.0
0.999998
0.99999714
1.0
0.90933836
1.0
0.99998486
0.9999989
0.9999981
0.999361
1.0
0.99885833
0.99999976
0.9999999
1.0
1.0
0.9999989
0.99999523
0.8779968
1.0
0.9987374
0.99999654
0.86662465
0.9999982
1.0
0.9999949
0.86456054
0.9999567
0.99999917
0.99998367
1.0
1.0
1.0
0.99999964
0.9999999
1.0
0.999686
0.9999876
1.0
0.99995446
1.0
1.0
0.9999889
0.9999975
1.0
0.9999912
0.9999995
0.99999535
0.99939346
0.99999475
0.99998915
1.0
1.0
0.49773514
0.99999976
1.0
0.99998236
1.0
1.0
1.0
0.99998057
0.99990547
0.9999907
0.62593937
1.0
1.0
1.0
0.9999887
1.0
1.0
0.999946
0.99960285
1.0
1.0
1.0
0.99999547
0.9927705
0.9986059
0.9992042
1.0
0.9999976
1.0
0.86765057
0.9999981
0.99998355
0.99991274
1.0
0.9999975
1.0
1.0
1.0
1.0
1.0
1.0
1.0
1.0
0.99998426
0.9999708
0.9963965
1.0
0.9973175
1.0
1.0
0.99999964
0.99999905
0.9999999
1.0
0.9999932
0.9999993
1.0
0.99854964
1.0
1.0
0.9999993
0.9999951
0.999946
0.9999995
0.9999105
0.99999976
0.99998724
0.9999956
1.0
0.99999976
0.99999964
0.99966466
0.9989459
0.9999999
1.0
1.0
0.99984026
0.9999908
1.0
1.0
0.9999974
0.9999863
0.9935675
0.99959666
0.9999995
0.9999826
0.9976451
1.0
1.0
0.9999391
1.0
1.0
0.9999981
0.9999465
1.0
0.999925
0.99999976
1.0
0.99999404
0.9805431
1.0
0.9938164
0.9999988
1.0
1.0
1.0
1.0
1.0
0.9999378
0.9999995
0.99939525
0.9999994
0.99993265
0.9998097
1.0
1.0
1.0
1.0
1.0
0.9999862
0.99999654
1.0
1.0
0.6176183
0.9990307
1.0
0.9999999
1.0
1.0
1.0
1.0
0.9999318
1.0
1.0
0.9999995
1.0
1.0
0.9999999
1.0
0.99972755
0.9999982
1.0
0.8542513
1.0
1.0
1.0
0.9999989
0.99999785
1.0
1.0
1.0
0.99999964
1.0
1.0
1.0
1.0
1.0
0.9999993
1.0
0.99967754
0.9999342
1.0
0.9999969
0.99919623
0.99999917
0.99999964
0.9999999
1.0
0.99999976
1.0
0.9812128
0.9967476
1.0
1.0
0.9999999
1.0
1.0
1.0
0.9785719
1.0
0.9999975
0.81462234
1.0
1.0
1.0
1.0
0.9997969
0.99995244
0.9999999
0.9999502
1.0
0.9999999
1.0
0.9999949
0.99999976
0.9999927
1.0
1.0
0.99942017
1.0
1.0
1.0
1.0
1.0
1.0
0.99929976
1.0
1.0
1.0
1.0
0.98977494
0.9999962
1.0
0.99999964
0.9999441
0.99996984
0.9999988
0.99999976
0.9999999
0.99305564
1.0
0.9999746
0.9982665
0.99989545
0.9992648
0.9999964
1.0
1.0
1.0
1.0
1.0
0.9999999
0.9999871
0.99999917
1.0
0.9961506
0.7815585
0.99990773
1.0
1.0
1.0
1.0
1.0
1.0
0.9999739
1.0
1.0
0.99999094
1.0
0.9999875
0.9999999
1.0
1.0
0.99890983
1.0
0.9999964
0.99999
1.0
1.0
1.0
1.0
1.0
1.0
0.9999988
1.0
1.0
0.9999943
1.0
0.9999989
1.0
0.9999993
0.9999491
0.9999994
1.0
0.9999999
0.99999785
0.9999982
1.0
1.0
0.9999999
1.0
1.0
0.9999993
1.0
0.9999999
0.99999464
1.0
1.0
1.0
1.0
0.99999917
1.0
1.0
0.99999976
0.99999964
0.9999995
0.9999987
1.0
1.0
1.0
1.0
0.9999908
0.9999999
1.0
0.99999976
0.9999994
0.9999815
0.99999714
1.0
1.0
1.0
0.99998224
0.9999894
0.92176795
1.0
0.99999964
0.9999715
1.0
1.0
1.0
1.0
1.0
1.0
0.9999987
0.9998783
1.0
1.0
1.0
1.0
1.0
1.0
