1.0
1.0
1.0
1.0
1.0
1.0
0.99999857
1.0
0.999255
1.0
1.0
1.0
0.9999999
1.0
1.0
1.0
1.0
1.0
0.9929442
1.0
0.9999999
1.0
1.0
1.0
1.0
1.0
1.0
1.0
1.0
1.0
1.0
0.9999939
1.0
1.0
1.0
1.0
0.99999976
1.0
1.0
1.0
1.0
0.9999999
1.0
1.0
0.99999917
1.0
0.9999949
1.0
1.0
1.0
1.0
1.0
1.0
1.0
1.0
1.0
1.0
1.0
0.9999999
1.0
1.0
1.0
0.9998946
0.999998
1.0
1.0
0.9999999
0.9999999
1.0
1.0
1.0
1.0
1.0
0.9997601
1.0
1.0
1.0
1.0
0.9993881
0.99999976
0.99999964
1.0
1.0
1.0
1.0
1.0
0.9999999
0.9999999
1.0
1.0
1.0
1.0
0.9879125
0.9999895
0.9999999
0.9999981
0.99985003
0.99999726
1.0
1.0
1.0
1.0
1.0
1.0
0.9999995
1.0
1.0
0.9999982
1.0
1.0
1.0
0.9999937
1.0
1.0
1.0
0.9970584
1.0
1.0
1.0
0.99997413
1.0
0.999998
1.0
1.0
0.9999893
0.99999475
0.99999964
1.0
1.0
1.0
1.0
1.0
1.0
1.0
1.0
1.0
1.0
1.0
1.0
0.9999995
1.0
1.0
1.0
1.0
1.0
1.0
1.0
1.0
1.0
0.99929595
1.0
0.9992986
1.0
1.0
0.9999999
1.0
1.0
1.0
0.9999931
1.0
0.9999976
1.0
1.0
1.0
1.0
1.0
1.0
0.9999981
0.9999999
1.0
1.0
0.9996606
1.0
1.0
1.0
0.9997197
1.0
1.0
1.0
1.0
1.0
1.0
1.0
1.0
0.9999821
0.9999994
1.0
1.0
1.0
0.9999993
0.9999856
0.9999927
1.0
0.9945093
1.0
0.99999356
1.0
1.0
1.0
0.99998915
1.0
1.0
1.0
0.99999976
1.0
1.0
0.99999774
1.0
1.0
0.9987871
1.0
0.999966
1.0
1.0
0.99999976
1.0
1.0
0.99969316
1.0
1.0
0.9999999
0.99999857
1.0
1.0
1.0
1.0
1.0
1.0
1.0
1.0
1.0
1.0
1.0
1.0
0.9999999
1.0
1.0
1.0
1.0
1.0
1.0
0.99999917
0.99999964
0.99999905
1.0
0.99999917
1.0
0.9996425
1.0
1.0
0.9999999
0.99999917
1.0
1.0
1.0
0.99999964
1.0
1.0
1.0
0.66036433
1.0
1.0
1.0
1.0
0.99945575
1.0
0.99999905
1.0
1.0
1.0
0.9999999
1.0
1.0
0.99999964
1.0
1.0
1.0
1.0
1.0
1.0
1.0
1.0
0.998393
1.0
1.0
1.0
1.0
0.99999976
1.0
1.0
0.99999976
1.0
0.9999924
1.0
1.0
1.0
1.0
0.99999976
1.0
1.0
1.0
0.9999999
1.0
1.0
1.0
1.0
1.0
1.0
1.0
1.0
1.0
1.0
1.0
0.9999999
1.0
1.0
1.0
1.0
1.0
1.0
0.9908364
0.72874147
1.0
1.0
0.9999691
1.0
0.99994123
1.0
1.0
1.0
1.0
1.0
1.0
1.0
1.0
1.0
0.99989367
0.9999887
1.0
0.99999845
0.94495803
1.0
1.0
1.0
1.0
1.0
1.0
1.0
1.0
1.0
0.9999964
1.0
1.0
1.0
1.0
1.0
1.0
0.99999976
0.99944156
0.99634004
1.0
1.0
0.9999993
1.0
1.0
1.0
0.9999821
1.0
0.9999995
1.0
1.0
1.0
1.0
1.0
1.0
1.0
1.0
1.0
1.0
1.0
1.0
0.9993979
1.0
1.0
1.0
1.0
0.99999654
1.0
1.0
1.0
1.0
1.0
1.0
0.9999999
0.9999974
1.0
1.0
1.0
1.0
1.0
0.99999475
1.0
1.0
0.9999999
0.9999999
1.0
1.0
1.0
1.0
0.9999987
1.0
0.99997056
0.999995
1.0
0.99999976
0.9999976
1.0
0.9999491
1.0
1.0
0.9999999
1.0
1.0
1.0
1.0
1.0
1.0
1.0
1.0
1.0
1.0
1.0
1.0
1.0
1.0
0.9999975
1.0
1.0
1.0
0.99999976
1.0
1.0
1.0
0.99999654
0.999718
0.8627663
1.0
0.9926185
0.9999355
0.917689
0.9970394
1.0
1.0
1.0
1.0
1.0
1.0
0.999998
1.0
1.0
0.9999995
1.0
1.0
1.0
0.99999523
1.0
1.0
1.0
0.9999913
1.0
1.0
1.0
1.0
1.0
1.0
1.0
1.0
1.0
0.9999999
0.99999547
1.0
1.0
1.0
1.0
1.0
1.0
1.0
0.9999989
0.9999999
1.0
0.9999995
1.0
0.9999999
1.0
1.0
0.9986713
1.0
0.9998136
0.99999976
1.0
1.0
1.0
1.0
1.0
0.999997
1.0
1.0
0.9999988
0.99999523
1.0
1.0
0.99998844
1.0
1.0
1.0
1.0
1.0
1.0
1.0
1.0
1.0
1.0
1.0
0.9999976
1.0
1.0
1.0
1.0
0.9999995
1.0
0.99999774
1.0
1.0
1.0
1.0
1.0
1.0
1.0
1.0
1.0
1.0
1.0
0.99999905
0.9999212
1.0
0.99999964
1.0
0.99999976
1.0
1.0
1.0
0.95004267
0.9999976
1.0
1.0
1.0
1.0
0.9999918
1.0
1.0
1.0
0.9999999
1.0
1.0
1.0
1.0
1.0
1.0
1.0
1.0
1.0
0.9999614
1.0
1.0
1.0
1.0
1.0
1.0
1.0
1.0
1.0
1.0
0.9611364
0.99921036
0.9999994
1.0
1.0
1.0
1.0
1.0
1.0
0.99992883
1.0
0.99999774
1.0
1.0
1.0
0.99999976
1.0
1.0
1.0
1.0
1.0
1.0
1.0
1.0
1.0
1.0
1.0
1.0
1.0
1.0
1.0
0.9999994
1.0
0.99999833
1.0
1.0
0.99999964
0.9214002
1.0
1.0
1.0
1.0
0.9999999
0.9078985
1.0
1.0
1.0
0.99999964
1.0
1.0
1.0
1.0
1.0
0.99999964
1.0
0.999998
1.0
0.99999976
0.99999917
1.0
0.99999976
1.0
1.0
0.9999945
0.99991655
1.0
1.0
1.0
0.99999845
1.0
1.0
1.0
1.0
1.0
1.0
1.0
0.99997985
0.7822218
1.0
0.9999999
1.0
1.0
1.0
1.0
1.0
0.9999504
1.0
1.0
1.0
0.9999976
1.0
0.999997
0.9993418
1.0
0.99999976
0.99999976
1.0
0.9999999
1.0
1.0
1.0
1.0
0.89571613
1.0
1.0
1.0
0.9999995
0.99874
1.0
0.99999857
1.0
1.0
1.0
1.0
0.9999995
1.0
0.99999964
0.99999833
0.99999547
1.0
1.0
1.0
1.0
1.0
1.0
1.0
1.0
1.0
1.0
1.0
1.0
1.0
1.0
1.0
0.7760638
0.9158137
1.0
1.0
0.98840135
1.0
1.0
0.9999783
1.0
1.0
0.9995584
1.0
1.0
1.0
1.0
1.0
1.0
1.0
1.0
1.0
0.9999999
0.99999976
0.9999981
1.0
0.99953544
1.0
1.0
0.9999999
1.0
1.0
0.9999999
1.0
1.0
1.0
1.0
1.0
1.0
1.0
1.0
0.9999999
1.0
1.0
1.0
1.0
0.99999833
0.9999974
0.9999999
1.0
1.0
1.0
1.0
0.99999976
1.0
1.0
1.0
0.9999989
0.9999999
1.0
1.0
1.0
1.0
1.0
1.0
1.0
0.99999905
0.9999989
1.0
1.0
1.0
1.0
0.99990404
1.0
1.0
0.9999919
0.9999995
1.0
1.0
1.0
1.0
1.0
1.0
0.9999995
1.0
1.0
1.0
1.0
1.0
1.0
1.0
1.0
1.0
1.0
1.0
1.0
0.99999714
1.0
1.0
0.97769743
1.0
1.0
1.0
0.9999999
1.0
1.0
1.0
1.0
1.0
0.99999964
1.0
1.0
1.0
1.0
1.0
0.9999846
1.0
1.0
1.0
0.99998856
1.0
1.0
1.0
1.0
1.0
0.9999471
0.99999976
1.0
0.9999999
1.0
0.9389508
1.0
0.6349401
1.0
1.0
1.0
1.0
1.0
1.0
1.0
1.0
1.0
1.0
1.0
1.0
1.0
1.0
1.0
1.0
1.0
1.0
1.0
0.99999976
1.0
1.0
1.0
0.9999821
1.0
1.0
1.0
0.99999976
0.99999964
1.0
0.9999995
1.0
1.0
1.0
0.9972517
0.99179596
0.77000445
1.0
0.99999976
1.0
1.0
1.0
1.0
0.9999994
1.0
1.0
1.0
1.0
0.9971969
0.99998796
1.0
0.9999981
1.0
0.99984944
1.0
0.9999299
0.99999523
1.0
1.0
0.9999999
0.9999999
1.0
0.9999999
1.0
1.0
1.0
1.0
1.0
1.0
1.0
1.0
0.9999993
1.0
1.0
1.0
1.0
1.0
0.9769239
1.0
0.9996025
1.0
1.0
1.0
1.0
1.0
1.0
1.0
1.0
1.0
0.99999666
1.0
0.9744726
0.99998415
0.99999654
1.0
1.0
0.99999976
1.0
1.0
0.99999976
0.9142564
1.0
0.99999845
0.9999994
0.999998
1.0
1.0
1.0
1.0
0.9982653
1.0
0.9995914
1.0
1.0
1.0
1.0
0.99999976
0.9999999
0.9921429
1.0
1.0
1.0
0.9999894
1.0
1.0
1.0
1.0
1.0
1.0
1.0
1.0
1.0
0.9999994
1.0
1.0
0.99998224
1.0
1.0
1.0
1.0
1.0
1.0
1.0
1.0
1.0
1.0
1.0
0.9999944
1.0
1.0
1.0
1.0
1.0
1.0
1.0
1.0
1.0
0.9999974
1.0
0.9999968
1.0
1.0
1.0
1.0
1.0
1.0
1.0
0.9999987
1.0
1.0
1.0
1.0
0.9999999
1.0
0.99999964
0.99999106
1.0
0.99999917
1.0
0.9999999
1.0
1.0
1.0
1.0
0.9999999
0.9999995
0.99999166
0.9999999
1.0
1.0
1.0
1.0
0.81560403
1.0
1.0
1.0
1.0
0.99999905
0.9838937
1.0
1.0
1.0
1.0
0.9999995
0.9999268
1.0
1.0
1.0
0.99999404
1.0
1.0
1.0
0.99999976
1.0
1.0
0.99831235
1.0
1.0
1.0
1.0
1.0
0.99999523
1.0
1.0
1.0
0.9994153
1.0
1.0
1.0
1.0
1.0
1.0
1.0
1.0
0.9999957
1.0
1.0
1.0
1.0
1.0
1.0
1.0
1.0
0.9999993
1.0
1.0
1.0
1.0
1.0
1.0
1.0
1.0
1.0
1.0
1.0
1.0
1.0
1.0
1.0
1.0
0.99998343
0.9999999
1.0
1.0
1.0
0.7377283
1.0
0.9084077
1.0
1.0
1.0
0.9999993
0.99999714
1.0
0.99999857
0.99999964
1.0
1.0
1.0
1.0
1.0
0.9734231
1.0
0.99999976
1.0
1.0
0.9999999
1.0
1.0
0.9999999
1.0
0.9999999
1.0
1.0
0.9999999
1.0
0.99999225
1.0
1.0
1.0
0.999995
1.0
1.0
1.0
1.0
1.0
0.99999607
1.0
1.0
0.9999981
1.0
1.0
1.0
1.0
0.9999999
1.0
1.0
0.99960905
1.0
0.99999964
1.0
1.0
0.9999968
1.0
1.0
1.0
0.999949
1.0
1.0
0.9999999
1.0
1.0
1.0
0.9999999
0.99840087
0.91575444
1.0
1.0
1.0
1.0
1.0
1.0
1.0
1.0
0.9999896
0.9999974
1.0
1.0
1.0
1.0
1.0
1.0
1.0
1.0
1.0
0.99995303
1.0
0.99998915
1.0
0.9999354
1.0
1.0
0.9999964
1.0
0.9999988
0.999995
1.0
0.9999999
1.0
0.99983585
0.9999994
1.0
1.0
1.0
1.0
1.0
1.0
0.99998415
1.0
0.96829414
1.0
0.999995
1.0
1.0
1.0
0.9988362
1.0
1.0
1.0
1.0
1.0
1.0
0.99999976
0.9999999
1.0
0.65814346
1.0
0.99999595
1.0
1.0
0.7589226
0.9999994
1.0
1.0
1.0
1.0
1.0
1.0
1.0
0.9999976
1.0
1.0
1.0
0.8882118
1.0
1.0
0.9999813
0.9999999
1.0
0.9999999
1.0
1.0
1.0
1.0
1.0
0.99999976
0.99999547
0.9999999
1.0
1.0
1.0
1.0
0.9999739
1.0
0.99999607
0.99997795
0.9999987
1.0
1.0
1.0
1.0
1.0
0.9999945
0.9993445
1.0
0.9999999
1.0
1.0
1.0
0.99999607
1.0
1.0
0.99983585
1.0
0.9999995
0.9999968
1.0
1.0
1.0
1.0
1.0
1.0
1.0
0.99999976
1.0
1.0
1.0
1.0
0.99999523
1.0
1.0
0.99999964
0.96509826
1.0
1.0
1.0
1.0
1.0
1.0
0.8531136
1.0
0.9831588
1.0
0.9999995
0.9999999
1.0
1.0
0.9999999
1.0
1.0
0.99406576
1.0
0.9999949
1.0
1.0
1.0
1.0
0.9999988
1.0
1.0
0.99999905
1.0
1.0
1.0
1.0
1.0
1.0
1.0
0.9999994
0.99999976
1.0
1.0
1.0
1.0
1.0
1.0
1.0
0.9921033
1.0
1.0
1.0
1.0
1.0
1.0
1.0
1.0
1.0
1.0
1.0
1.0
0.9999783
0.99999964
1.0
1.0
1.0
1.0
1.0
1.0
0.9999573
1.0
1.0
1.0
1.0
1.0
0.99999857
1.0
0.7287972
0.99992657
0.9999759
1.0
0.9999932
1.0
1.0
0.9999999
1.0
0.99999654
0.9980439
1.0
1.0
1.0
1.0
1.0
1.0
1.0
0.9999838
1.0
0.9999999
0.7067501
0.9996388
1.0
1.0
1.0
1.0
1.0
1.0
1.0
0.99999726
1.0
0.9999907
1.0
0.9999999
1.0
0.999941
1.0
1.0
1.0
1.0
1.0
0.99998796
0.9999753
1.0
0.99997747
0.9999999
0.99989605
0.9999999
1.0
1.0
0.99994373
1.0
1.0
0.9999999
1.0
1.0
1.0
1.0
1.0
0.9999583
1.0
1.0
1.0
1.0
1.0
0.9735724
1.0
1.0
1.0
1.0
1.0
1.0
0.9999999
1.0
1.0
0.99999714
1.0
1.0
1.0
1.0
1.0
1.0
1.0
1.0
1.0
1.0
1.0
1.0
0.9999901
1.0
1.0
1.0
1.0
1.0
1.0
1.0
1.0
1.0
0.9999993
1.0
0.9999825
1.0
0.99990976
1.0
1.0
1.0
0.99889994
1.0
1.0
1.0
1.0
0.99999964
1.0
1.0
0.9999857
0.99999905
1.0
0.9999999
1.0
1.0
1.0
1.0
1.0
1.0
1.0
1.0
0.99998415
1.0
0.85911524
1.0
1.0
1.0
0.9999999
0.9612094
1.0
1.0
0.74214166
0.9999995
1.0
1.0
1.0
1.0
1.0
1.0
1.0
1.0
1.0
1.0
1.0
1.0
1.0
1.0
1.0
1.0
0.9999999
0.9996997
1.0
0.9999591
1.0
0.990725
0.9992205
1.0
1.0
1.0
0.9999958
0.99997115
1.0
1.0
1.0
1.0
1.0
1.0
0.9999995
1.0
1.0
0.99958223
0.99995315
1.0
1.0
1.0
1.0
1.0
0.9999995
1.0
1.0
0.99999917
1.0
0.99998224
1.0
1.0
1.0
1.0
1.0
0.99998724
1.0
1.0
1.0
1.0
1.0
1.0
0.9999999
0.999995
1.0
1.0
1.0
1.0
0.99486345
0.9999893
1.0
1.0
1.0
1.0
1.0
0.9999647
1.0
0.9999697
1.0
0.96971256
1.0
1.0
1.0
1.0
1.0
1.0
0.9999988
1.0
1.0
0.5876046
1.0
1.0
0.99999976
1.0
0.99998975
0.9999999
1.0
1.0
1.0
0.9999999
1.0
1.0
0.9999939
1.0
1.0
0.9999999
1.0
1.0
1.0
0.999313
1.0
1.0
1.0
1.0
1.0
1.0
1.0
1.0
1.0
1.0
1.0
1.0
0.999521
1.0
1.0
1.0
1.0
0.9999999
0.9999993
1.0
1.0
1.0
1.0
1.0
1.0
0.99997497
1.0
1.0
0.9999999
0.9999641
1.0
0.99995744
1.0
1.0
0.9999429
1.0
0.9998709
1.0
1.0
0.8842834
0.99991524
1.0
1.0
1.0
0.9886984
1.0
1.0
0.99999964
1.0
0.9999442
1.0
1.0
1.0
0.9999999
1.0
0.99999976
1.0
1.0
1.0
0.9999995
1.0
1.0
1.0
1.0
1.0
0.9999701
1.0
0.64707154
1.0
1.0
0.9999999
1.0
1.0
1.0
0.9999577
0.9384531
0.99995303
1.0
1.0
0.9998073
0.9895622
1.0
1.0
0.9999925
1.0
1.0
0.9999999
0.9999994
1.0
1.0
1.0
1.0
1.0
1.0
0.9999999
0.9952716
1.0
1.0
1.0
1.0
1.0
1.0
1.0
1.0
1.0
1.0
0.9998524
1.0
1.0
0.99999297
1.0
1.0
0.9910892
0.9999999
1.0
1.0
1.0
1.0
0.9999989
0.99999964
0.99999905
1.0
1.0
1.0
1.0
1.0
1.0
0.99999964
1.0
1.0
0.9997476
0.9997719
0.9999995
1.0
1.0
1.0
1.0
1.0
1.0
0.99999905
0.9999999
1.0
1.0
0.9998723
1.0
1.0
0.9999999
1.0
0.8325075
1.0
1.0
1.0
1.0
1.0
1.0
0.9999999
0.9999999
1.0
0.9539603
0.9999999
1.0
1.0
1.0
1.0
1.0
1.0
0.9993118
0.9987753
1.0
1.0
1.0
0.9999999
1.0
1.0
1.0
1.0
1.0
0.9999999
1.0
1.0
0.9999924
1.0
1.0
1.0
1.0
1.0
0.9999664
0.9999995
1.0
0.99999964
1.0
0.9999999
1.0
1.0
1.0
1.0
0.99997866
1.0
1.0
1.0
1.0
0.9998927
0.99999976
1.0
1.0
0.99986684
1.0
1.0
1.0
0.9999999
1.0
0.9999999
1.0
1.0
1.0
1.0
1.0
1.0
1.0
0.99999917
1.0
1.0
1.0
0.99996614
1.0
1.0
0.99975866
1.0
1.0
0.99999595
1.0
1.0
1.0
1.0
1.0
1.0
0.9571819
1.0
0.9990004
1.0
1.0
0.9989236
1.0
0.99999976
1.0
1.0
0.9999975
1.0
1.0
1.0
1.0
1.0
1.0
1.0
1.0
1.0
0.99999857
1.0
0.9998423
0.9671057
1.0
0.5881864
1.0
1.0
1.0
1.0
1.0
0.99984515
1.0
0.9999963
1.0
0.9999969
1.0
1.0
1.0
1.0
1.0
1.0
1.0
1.0
1.0
1.0
1.0
1.0
0.99999964
1.0
1.0
0.9999999
1.0
1.0
1.0
1.0
1.0
1.0
1.0
1.0
0.99999976
0.9999993
1.0
0.9999999
1.0
1.0
0.99999654
1.0
1.0
0.99999964
1.0
0.9999683
1.0
1.0
0.99999976
1.0
0.99999964
0.9998996
0.99995744
1.0
1.0
1.0
1.0
1.0
1.0
1.0
1.0
1.0
1.0
1.0
0.9999993
0.9999318
1.0
1.0
1.0
1.0
1.0
1.0
0.99999976
1.0
1.0
1.0
1.0
0.99999964
0.9411885
1.0
0.9999995
1.0
1.0
0.99951434
0.9999908
1.0
0.9999999
1.0
0.99999654
0.99999785
0.99999964
1.0
1.0
1.0
0.99999964
0.99999833
1.0
1.0
1.0
1.0
1.0
1.0
0.9999999
1.0
1.0
1.0
1.0
1.0
1.0
1.0
1.0
1.0
0.9993672
1.0
0.93840516
1.0
1.0
1.0
1.0
0.99999857
0.9989236
0.99999833
1.0
0.99999905
0.99999964
1.0
1.0
1.0
1.0
1.0
1.0
0.9609463
1.0
1.0
1.0
1.0
0.9967444
1.0
1.0
0.88959557
0.99998724
1.0
1.0
0.9999994
0.99998045
0.9999993
1.0
1.0
1.0
0.86502594
1.0
1.0
1.0
0.9999999
0.9999994
1.0
1.0
1.0
1.0
0.9999999
1.0
1.0
1.0
1.0
0.9999995
1.0
0.8393851
0.9999913
1.0
1.0
0.9999964
1.0
1.0
1.0
1.0
1.0
1.0
1.0
1.0
1.0
0.99988663
1.0
1.0
1.0
1.0
0.9999999
0.99999976
1.0
1.0
0.9904392
1.0
1.0
1.0
1.0
0.9936818
1.0
1.0
1.0
1.0
1.0
0.9999999
1.0
1.0
0.99951124
1.0
0.9004236
1.0
1.0
1.0
0.99999833
1.0
0.99999964
0.99999475
1.0
0.90282756
1.0
1.0
1.0
1.0
1.0
1.0
0.9999994
1.0
1.0
1.0
0.8622339
0.99876046
0.9999943
1.0
1.0
1.0
0.55488443
0.9999951
1.0
0.9999999
1.0
1.0
1.0
1.0
1.0
1.0
1.0
1.0
1.0
0.9999993
1.0
1.0
1.0
1.0
0.9999995
1.0
1.0
1.0
1.0
1.0
1.0
1.0
0.9999969
0.9999552
1.0
1.0
1.0
0.99986124
1.0
1.0
0.99999845
1.0
1.0
1.0
1.0
0.99996614
1.0
1.0
1.0
1.0
1.0
1.0
1.0
0.5538856
1.0
1.0
0.9961067
0.9986125
1.0
0.99999285
0.93825495
1.0
1.0
1.0
0.9999993
1.0
0.99995446
1.0
1.0
0.99999976
1.0
0.9999999
1.0
1.0
1.0
1.0
1.0
1.0
1.0
1.0
1.0
1.0
1.0
0.9999988
1.0
1.0
0.9997228
1.0
1.0
1.0
1.0
1.0
0.9999995
0.99999845
1.0
0.9999918
0.9999995
1.0
1.0
1.0
1.0
1.0
1.0
0.99996316
1.0
0.9999999
0.9999999
1.0
0.9990746
1.0
1.0
1.0
1.0
1.0
1.0
1.0
0.9999999
1.0
1.0
1.0
1.0
1.0
1.0
1.0
1.0
1.0
1.0
1.0
1.0
0.9999993
1.0
1.0
1.0
1.0
1.0
1.0
1.0
0.9672133
1.0
0.9999993
1.0
1.0
1.0
0.9999969
1.0
1.0
1.0
0.9999229
1.0
1.0
0.99999976
0.98682714
1.0
1.0
1.0
1.0
1.0
1.0
1.0
1.0
1.0
1.0
1.0
1.0
0.87476474
1.0
1.0
1.0
1.0
1.0
0.9999995
0.9999995
1.0
0.9999994
1.0
1.0
1.0
1.0
1.0
0.9991672
1.0
1.0
1.0
1.0
1.0
0.9999573
1.0
1.0
1.0
0.9999981
1.0
0.9999981
1.0
1.0
1.0
0.9999999
1.0
0.99998903
1.0
1.0
0.6244097
1.0
1.0
1.0
1.0
1.0
1.0
1.0
1.0
0.9999999
1.0
1.0
1.0
1.0
0.95969933
1.0
1.0
1.0
1.0
1.0
1.0
1.0
1.0
1.0
1.0
1.0
0.99999976
1.0
1.0
0.99999976
1.0
1.0
1.0
1.0
1.0
1.0
1.0
0.9999999
1.0
1.0
0.72022974
1.0
0.9999722
1.0
1.0
1.0
1.0
1.0
0.9999987
1.0
1.0
0.9972036
1.0
1.0
1.0
1.0
1.0
0.9999999
0.9983681
1.0
1.0
1.0
1.0
0.9999999
0.99999976
1.0
0.9999999
1.0
1.0
0.9997625
1.0
1.0
1.0
1.0
1.0
1.0
1.0
0.9535019
1.0
0.99999917
0.99999976
1.0
1.0
1.0
1.0
0.59612703
1.0
1.0
0.9999969
1.0
1.0
1.0
0.9999995
0.9896191
1.0
1.0
1.0
0.99999976
1.0
1.0
1.0
1.0
1.0
1.0
0.9999994
0.9999995
1.0
1.0
0.999969
1.0
1.0
1.0
0.9999944
1.0
1.0
0.99999976
1.0
1.0
0.930607
0.9999907
0.9999974
0.9999999
1.0
1.0
1.0
0.86094445
0.9999125
1.0
0.99997723
1.0
0.9999999
1.0
1.0
0.99714065
1.0
1.0
1.0
1.0
1.0
1.0
1.0
1.0
1.0
1.0
0.9999813
0.9999999
1.0
1.0
0.9999993
0.9999995
1.0
0.99999845
1.0
1.0
1.0
1.0
1.0
1.0
1.0
0.9955869
1.0
0.9999999
1.0
1.0
1.0
1.0
1.0
0.99999976
0.9999999
1.0
1.0
1.0
1.0
1.0
1.0
0.99999607
1.0
1.0
0.99999976
1.0
1.0
1.0
1.0
1.0
1.0
0.9997143
1.0
0.9999927
1.0
1.0
0.9999999
1.0
0.99999845
1.0
0.99996006
1.0
0.99999976
0.99998903
1.0
0.9999957
1.0
1.0
1.0
0.99984765
0.99999857
0.9938147
1.0
1.0
1.0
1.0
1.0
1.0
1.0
1.0
1.0
1.0
1.0
1.0
1.0
0.9993561
1.0
1.0
1.0
1.0
1.0
1.0
1.0
0.9999968
1.0
1.0
0.9999999
0.9999938
1.0
1.0
1.0
1.0
1.0
1.0
1.0
1.0
0.99999845
0.99999976
1.0
1.0
0.99999666
1.0
1.0
1.0
0.99999964
0.99734986
1.0
1.0
1.0
0.9995702
1.0
1.0
1.0
1.0
1.0
1.0
1.0
0.9999999
1.0
1.0
1.0
1.0
1.0
0.9999999
0.9941916
1.0
0.9999999
1.0
1.0
1.0
1.0
1.0
1.0
1.0
0.9977342
1.0
1.0
0.9999995
1.0
0.9999995
1.0
1.0
1.0
1.0
1.0
0.9999931
1.0
0.9999995
1.0
1.0
0.99999964
1.0
1.0
1.0
1.0
1.0
1.0
0.999775
0.9997327
1.0
1.0
1.0
0.99962986
1.0
0.9999999
1.0
1.0
1.0
0.99999917
0.9999999
1.0
1.0
1.0
1.0
1.0
0.9999845
1.0
1.0
0.999998
1.0
1.0
0.9989687
1.0
1.0
1.0
1.0
0.94846517
1.0
1.0
1.0
1.0
1.0
0.9999999
1.0
1.0
0.9998073
1.0
0.9999949
0.99999714
1.0
0.9999999
0.9999999
1.0
0.9999999
1.0
0.97733486
1.0
1.0
1.0
1.0
0.99999964
1.0
1.0
0.9999988
1.0
1.0
0.9999919
1.0
1.0
1.0
1.0
1.0
0.99999213
1.0
1.0
1.0
1.0
1.0
1.0
1.0
1.0
0.99999964
0.9999058
1.0
1.0
1.0
1.0
1.0
1.0
1.0
0.9978915
1.0
1.0
1.0
1.0
0.9999999
1.0
0.9621017
1.0
1.0
1.0
1.0
1.0
1.0
1.0
1.0
1.0
0.9999869
1.0
0.99999905
1.0
0.9999989
1.0
0.9999999
1.0
1.0
1.0
0.9999993
1.0
0.8250916
0.99999464
1.0
1.0
1.0
1.0
1.0
1.0
0.99999547
1.0
1.0
0.9999975
0.9999746
1.0
1.0
1.0
0.9999777
1.0
0.99983406
0.9999999
1.0
1.0
1.0
1.0
1.0
1.0
1.0
0.99999666
0.98593014
0.99852705
1.0
1.0
1.0
1.0
1.0
0.9999999
0.99973553
1.0
0.999984
1.0
0.9999995
1.0
1.0
1.0
1.0
1.0
1.0
1.0
1.0
1.0
1.0
1.0
1.0
1.0
1.0
1.0
1.0
1.0
1.0
1.0
1.0
0.9998729
1.0
1.0
1.0
1.0
1.0
1.0
0.99992526
1.0
0.99999964
1.0
0.9999933
0.99999964
1.0
1.0
0.9999914
1.0
1.0
1.0
0.99999905
0.99997616
1.0
0.9999771
1.0
0.9999933
0.99999976
0.99999964
1.0
0.99999976
1.0
1.0
1.0
1.0
0.99963164
1.0
1.0
1.0
1.0
1.0
1.0
0.9999833
1.0
0.9999988
1.0
1.0
1.0
1.0
0.99999166
0.9998733
1.0
0.99999917
1.0
1.0
1.0
1.0
0.99999976
1.0
0.9994319
1.0
1.0
0.9997037
1.0
1.0
1.0
1.0
1.0
1.0
1.0
1.0
1.0
1.0
1.0
0.99999905
0.99999976
1.0
1.0
1.0
1.0
1.0
1.0
0.9999999
1.0
0.9999999
1.0
1.0
0.99999964
1.0
1.0
1.0
1.0
1.0
0.99997866
1.0
0.9994388
1.0
1.0
1.0
1.0
1.0
0.9999907
1.0
1.0
1.0
0.9999999
0.9999999
1.0
1.0
1.0
1.0
1.0
0.9999994
1.0
0.99952567
0.99998903
1.0
1.0
1.0
1.0
0.7296288
1.0
1.0
1.0
0.9999958
0.9999999
0.6208562
1.0
1.0
0.99999225
1.0
1.0
1.0
1.0
1.0
1.0
0.99999976
0.99988806
0.85452956
0.9999999
1.0
1.0
0.99999976
0.9999999
0.99999094
0.99999547
1.0
1.0
1.0
1.0
1.0
0.9961383
0.9850744
0.99999976
1.0
1.0
1.0
1.0
0.9999553
1.0
0.9998621
1.0
1.0
1.0
1.0
0.9999993
1.0
1.0
1.0
0.9997991
1.0
0.9999989
1.0
1.0
1.0
0.9999968
1.0
1.0
0.9999572
1.0
1.0
1.0
1.0
1.0
1.0
0.9999993
1.0
1.0
1.0
0.9999994
0.99999976
1.0
1.0
1.0
0.9108254
1.0
1.0
1.0
1.0
0.9999999
0.9999999
1.0
0.99999964
0.99999964
0.9204509
1.0
1.0
1.0
1.0
1.0
1.0
0.99999905
1.0
1.0
1.0
1.0
1.0
1.0
0.99999976
1.0
0.99999976
1.0
1.0
1.0
1.0
0.99999845
1.0
1.0
1.0
0.9913961
1.0
1.0
0.9999999
1.0
1.0
1.0
1.0
1.0
0.9999999
1.0
1.0
1.0
1.0
1.0
1.0
1.0
1.0
1.0
1.0
1.0
1.0
1.0
1.0
1.0
1.0
1.0
1.0
1.0
0.9999776
0.97497606
1.0
0.99998105
1.0
1.0
1.0
1.0
1.0
1.0
0.99990284
0.9999882
1.0
1.0
0.5941217
1.0
1.0
1.0
1.0
0.9999999
1.0
1.0
1.0
1.0
1.0
1.0
1.0
1.0
1.0
0.9999999
1.0
1.0
1.0
0.9999999
1.0
1.0
1.0
1.0
1.0
0.9999999
1.0
0.999828
0.9999999
0.9999963
1.0
1.0
1.0
1.0
1.0
0.9999851
0.99998844
1.0
1.0
1.0
1.0
0.9999683
0.9999999
1.0
0.9999976
1.0
1.0
1.0
1.0
1.0
1.0
0.99999964
1.0
1.0
1.0
1.0
0.9943403
0.9999665
1.0
0.9998901
0.999977
0.99999976
1.0
1.0
1.0
0.9999963
1.0
1.0
1.0
1.0
0.99999964
1.0
1.0
1.0
1.0
1.0
1.0
1.0
1.0
0.99999964
1.0
1.0
1.0
1.0
0.9997124
1.0
1.0
0.9999999
1.0
1.0
1.0
1.0
1.0
0.99996495
1.0
1.0
1.0
1.0
1.0
0.99995947
1.0
1.0
0.99999833
1.0
1.0
1.0
1.0
1.0
1.0
1.0
1.0
1.0
1.0
1.0
1.0
1.0
0.9999788
1.0
1.0
1.0
1.0
1.0
1.0
0.9999114
1.0
1.0
1.0
1.0
1.0
0.9999999
1.0
1.0
0.9999945
0.9996019
1.0
1.0
1.0
1.0
0.9999999
1.0
0.9999896
1.0
1.0
1.0
1.0
0.99749136
1.0
1.0
1.0
0.999856
1.0
1.0
0.9943763
1.0
1.0
1.0
0.9999999
1.0
1.0
1.0
1.0
1.0
1.0
0.99972135
1.0
0.99999857
1.0
0.9999999
1.0
1.0
1.0
1.0
1.0
1.0
1.0
1.0
1.0
0.9996617
0.9999746
0.99999917
1.0
0.9999993
1.0
1.0
1.0
1.0
0.9999999
0.9999876
0.99999976
1.0
0.99999976
1.0
1.0
1.0
1.0
1.0
0.9999933
1.0
1.0
1.0
0.9999999
1.0
1.0
1.0
1.0
1.0
1.0
0.99999976
1.0
1.0
1.0
1.0
1.0
1.0
1.0
0.99984443
0.96330374
1.0
0.99999785
1.0
1.0
1.0
1.0
1.0
1.0
1.0
1.0
1.0
1.0
0.9999999
0.9999951
1.0
1.0
1.0
1.0
1.0
1.0
1.0
1.0
1.0
1.0
1.0
1.0
0.999634
1.0
0.9999999
1.0
1.0
1.0
1.0
1.0
1.0
1.0
0.9999969
1.0
1.0
0.999925
0.9973579
1.0
1.0
0.99999976
1.0
1.0
0.99999475
0.9998722
1.0
1.0
1.0
1.0
0.99983275
1.0
0.999964
1.0
1.0
1.0
1.0
1.0
1.0
1.0
1.0
0.9999999
1.0
1.0
1.0
1.0
0.99999917
1.0
1.0
0.9999994
1.0
1.0
1.0
0.9999999
1.0
1.0
1.0
0.9999758
1.0
1.0
1.0
0.9999999
1.0
1.0
0.9999974
0.9999901
1.0
1.0
1.0
1.0
1.0
0.9999999
0.99966383
1.0
1.0
1.0
0.9999987
1.0
1.0
1.0
1.0
1.0
0.999998
1.0
1.0
1.0
1.0
1.0
1.0
1.0
0.9999999
1.0
1.0
1.0
1.0
1.0
1.0
1.0
0.9999987
0.99999964
0.99999976
1.0
1.0
1.0
1.0
1.0
0.9999994
1.0
0.9999999
1.0
0.9876468
1.0
1.0
0.9999995
0.99999595
0.9999999
1.0
1.0
0.9999962
1.0
1.0
1.0
1.0
1.0
1.0
1.0
1.0
1.0
1.0
0.99908614
1.0
1.0
1.0
1.0
0.9999999
0.99999666
0.99998116
1.0
0.9999999
0.9952944
0.9999999
0.99999905
1.0
1.0
1.0
0.9998599
1.0
1.0
0.99999917
1.0
1.0
1.0
0.99998856
1.0
1.0
1.0
1.0
0.9999999
1.0
0.9999999
1.0
1.0
0.99994016
0.9993507
1.0
0.99999964
1.0
1.0
1.0
1.0
1.0
1.0
1.0
1.0
1.0
1.0
0.99999976
1.0
1.0
1.0
1.0
1.0
0.99999976
1.0
1.0
1.0
0.9999999
1.0
1.0
1.0
1.0
0.9985109
0.9999999
1.0
1.0
1.0
1.0
1.0
1.0
0.99970645
0.9999999
1.0
1.0
1.0
1.0
1.0
0.99999976
1.0
0.999998
1.0
1.0
1.0
1.0
0.99995375
1.0
1.0
1.0
0.99999857
1.0
1.0
1.0
0.9999994
0.8315124
1.0
1.0
1.0
1.0
1.0
1.0
1.0
1.0
1.0
1.0
1.0
1.0
1.0
1.0
0.9999957
0.9985274
1.0
1.0
1.0
1.0
0.9999999
1.0
0.9999989
0.82967776
0.99985886
1.0
1.0
1.0
1.0
1.0
0.99999666
1.0
1.0
1.0
1.0
1.0
1.0
1.0
0.9999976
0.99997437
1.0
1.0
1.0
1.0
1.0
0.99999785
1.0
0.99999964
1.0
1.0
0.9999994
1.0
1.0
1.0
0.9999993
1.0
0.99999475
1.0
1.0
1.0
1.0
0.9999999
0.9998116
0.9999924
0.99792624
1.0
0.9956878
1.0
1.0
0.9999999
1.0
0.9999999
1.0
1.0
1.0
1.0
1.0
1.0
0.99999976
1.0
1.0
1.0
1.0
0.99999547
1.0
1.0
1.0
1.0
1.0
1.0
1.0
0.9994099
1.0
1.0
1.0
1.0
1.0
1.0
1.0
1.0
1.0
1.0
1.0
1.0
0.9999999
1.0
1.0
1.0
1.0
1.0
1.0
0.9999999
1.0
1.0
1.0
1.0
1.0
1.0
0.9999999
1.0
1.0
1.0
1.0
0.99999785
1.0
1.0
1.0
0.99998724
1.0
0.9999807
1.0
1.0
0.9999988
1.0
0.99999857
1.0
1.0
0.9999994
1.0
1.0
1.0
1.0
1.0
1.0
1.0
1.0
0.96660477
1.0
1.0
1.0
1.0
1.0
0.9999999
0.9999912
1.0
0.9999999
1.0
1.0
1.0
0.9999974
1.0
1.0
1.0
1.0
0.99999976
1.0
1.0
0.9997981
1.0
1.0
1.0
0.99999845
1.0
1.0
1.0
0.99999356
1.0
1.0
1.0
1.0
1.0
1.0
1.0
0.99643904
1.0
1.0
0.99999726
1.0
0.99999976
0.9999995
1.0
0.9819326
0.997523
1.0
0.9999924
0.955926
1.0
1.0
1.0
1.0
1.0
0.99999976
1.0
1.0
0.9999999
1.0
1.0
0.9993395
1.0
1.0
1.0
1.0
0.9999999
0.9999994
0.9969337
1.0
0.99570316
1.0
1.0
0.9999999
0.99951005
0.9998914
1.0
1.0
1.0
1.0
1.0
0.99970955
1.0
1.0
0.9999987
0.99999857
0.694204
1.0
1.0
1.0
1.0
1.0
1.0
1.0
1.0
0.99999857
1.0
0.67110777
1.0
0.99962234
1.0
0.99999976
1.0
1.0
1.0
0.9999994
0.99999976
1.0
0.99999857
1.0
1.0
1.0
1.0
0.9999589
1.0
0.9999887
1.0
1.0
0.9999999
1.0
0.99999726
1.0
1.0
1.0
1.0
0.9995828
1.0
0.9999747
1.0
1.0
0.9999747
1.0
1.0
1.0
1.0
1.0
1.0
0.9999968
1.0
1.0
0.99942756
1.0
1.0
1.0
1.0
1.0
1.0
1.0
1.0
1.0
0.9999156
1.0
1.0
1.0
1.0
0.9999963
1.0
0.9998996
1.0
1.0
1.0
1.0
1.0
1.0
1.0
0.9999939
1.0
0.9999999
1.0
0.7828052
1.0
0.9999999
0.91259265
1.0
1.0
0.99999976
1.0
1.0
0.99999106
1.0
1.0
0.9999994
1.0
1.0
1.0
1.0
0.9999999
1.0
0.9971666
1.0
0.99999964
1.0
1.0
1.0
1.0
1.0
1.0
0.9999994
1.0
1.0
1.0
1.0
1.0
1.0
1.0
1.0
1.0
1.0
1.0
1.0
1.0
1.0
0.9984919
0.9999999
1.0
1.0
1.0
1.0
1.0
0.9999987
1.0
0.9999901
1.0
1.0
1.0
0.9732636
1.0
1.0
1.0
1.0
1.0
1.0
1.0
1.0
1.0
1.0
1.0
1.0
1.0
1.0
1.0
1.0
1.0
1.0
0.9999999
0.9999831
1.0
1.0
1.0
1.0
1.0
1.0
1.0
1.0
1.0
1.0
0.9999999
1.0
0.9998275
0.9999999
0.9567807
1.0
0.9979462
1.0
1.0
0.9999999
1.0
1.0
1.0
1.0
0.9999273
1.0
1.0
1.0
1.0
1.0
1.0
1.0
1.0
1.0
1.0
0.9999957
1.0
1.0
1.0
1.0
1.0
0.98393965
0.99999225
1.0
0.99999166
1.0
1.0
1.0
1.0
0.9987845
1.0
1.0
1.0
1.0
1.0
1.0
0.99999964
0.99999917
0.9999001
0.99999976
1.0
0.99999976
1.0
1.0
1.0
1.0
1.0
1.0
0.9996551
1.0
0.99994385
1.0
1.0
0.99999833
1.0
1.0
1.0
1.0
1.0
1.0
0.98828423
1.0
1.0
1.0
1.0
0.9999999
1.0
1.0
0.9999728
1.0
0.90697265
0.9999975
1.0
1.0
1.0
0.99999964
1.0
1.0
0.9999999
1.0
0.9117066
1.0
0.99999917
0.99999976
1.0
0.9999999
1.0
1.0
1.0
1.0
0.99999917
1.0
1.0
1.0
1.0
1.0
1.0
0.99999976
1.0
1.0
1.0
1.0
1.0
0.9999999
1.0
0.99999774
0.9998241
1.0
1.0
1.0
1.0
1.0
1.0
1.0
1.0
1.0
0.99779356
1.0
0.9990244
1.0
1.0
1.0
1.0
1.0
0.99996185
1.0
1.0
0.9999964
0.9958853
1.0
0.9999995
0.53106123
1.0
1.0
1.0
1.0
1.0
1.0
1.0
0.99999964
1.0
0.999998
1.0
1.0
0.99999857
1.0
0.9997545
1.0
1.0
1.0
1.0
1.0
0.9999976
0.99999964
1.0
0.9999937
1.0
1.0
1.0
1.0
0.9999999
1.0
1.0
0.99999976
1.0
1.0
1.0
1.0
1.0
0.99999976
1.0
1.0
1.0
1.0
1.0
1.0
1.0
1.0
0.99998915
0.99999774
1.0
1.0
1.0
1.0
1.0
1.0
1.0
0.9999988
1.0
1.0
0.9999999
1.0
0.9999994
0.99999964
1.0
0.999998
1.0
1.0
1.0
0.9999999
0.9999999
0.9999993
1.0
1.0
1.0
1.0
1.0
0.9969393
1.0
1.0
1.0
1.0
1.0
1.0
1.0
1.0
0.99998915
1.0
1.0
1.0
1.0
1.0
1.0
0.9999999
0.9996172
1.0
1.0
0.9999484
1.0
0.9880872
0.99999666
0.99999714
1.0
1.0
1.0
1.0
0.9999999
0.9999999
0.9999883
1.0
1.0
1.0
1.0
1.0
1.0
1.0
1.0
0.9999995
1.0
0.999998
1.0
1.0
0.99996173
1.0
0.8335774
1.0
1.0
1.0
0.9700778
1.0
0.99999905
1.0
1.0
1.0
0.9999187
0.99997485
1.0
1.0
1.0
0.99998593
1.0
1.0
1.0
1.0
1.0
1.0
0.9999999
0.99873537
1.0
1.0
1.0
0.9999999
1.0
1.0
1.0
1.0
1.0
1.0
1.0
1.0
1.0
0.9952727
0.99999976
1.0
1.0
1.0
0.9999999
0.99999976
1.0
1.0
1.0
0.9946444
1.0
1.0
1.0
1.0
1.0
1.0
0.9999492
0.8027261
1.0
1.0
0.9999726
1.0
1.0
1.0
1.0
1.0
0.99894613
0.9999995
1.0
1.0
0.9999889
1.0
0.9985494
1.0
0.99999917
1.0
1.0
1.0
1.0
1.0
1.0
0.9999999
1.0
1.0
1.0
0.9992353
0.9999999
1.0
0.99999905
1.0
0.9755872
1.0
0.9999999
1.0
0.9999999
0.99999404
1.0
1.0
0.9999268
1.0
0.9999999
0.99999154
1.0
1.0
1.0
1.0
1.0
0.99976856
1.0
0.9999951
1.0
1.0
1.0
1.0
0.9999927
0.9999994
0.9999949
1.0
0.99999964
1.0
1.0
1.0
1.0
1.0
1.0
1.0
0.99999917
1.0
0.99999964
1.0
0.9999989
0.99999845
0.9999999
1.0
1.0
1.0
1.0
1.0
1.0
1.0
1.0
1.0
1.0
1.0
1.0
0.9424305
1.0
1.0
1.0
1.0
0.99991834
0.99988043
1.0
1.0
1.0
1.0
0.99999976
1.0
1.0
1.0
0.9995839
0.99996436
1.0
1.0
0.9999193
1.0
1.0
1.0
1.0
1.0
0.93959874
1.0
1.0
1.0
1.0
0.9999777
1.0
1.0
1.0
1.0
1.0
0.99999905
1.0
0.9736589
1.0
0.99998534
1.0
0.9999994
1.0
1.0
1.0
1.0
0.9999956
1.0
0.9999883
1.0
1.0
1.0
1.0
1.0
1.0
0.9986299
0.9999999
1.0
0.9995079
1.0
0.9999994
1.0
1.0
1.0
1.0
1.0
1.0
1.0
0.9999989
1.0
1.0
1.0
1.0
1.0
0.99999976
1.0
0.9999925
1.0
1.0
0.9999999
0.99608994
1.0
1.0
1.0
0.9999995
1.0
1.0
1.0
0.9999938
1.0
0.99977726
1.0
0.9999907
1.0
0.9999771
1.0
1.0
1.0
0.99545753
1.0
1.0
1.0
1.0
1.0
0.9999999
1.0
0.9999994
1.0
1.0
0.9988393
1.0
1.0
1.0
1.0
1.0
0.99999917
1.0
1.0
0.99999976
1.0
1.0
1.0
1.0
1.0
1.0
1.0
1.0
1.0
1.0
1.0
1.0
1.0
0.99813855
1.0
0.9999999
1.0
1.0
1.0
1.0
1.0
1.0
1.0
0.996834
0.9999999
0.99999976
1.0
0.99999976
1.0
1.0
0.99407226
1.0
1.0
0.67246026
0.9986418
1.0
0.9847686
1.0
1.0
1.0
0.9975805
0.9997707
1.0
0.9778041
1.0
1.0
1.0
0.9999902
1.0
1.0
1.0
1.0
1.0
1.0
1.0
0.99997663
1.0
0.99999964
1.0
1.0
1.0
1.0
1.0
1.0
0.9999505
1.0
1.0
1.0
1.0
1.0
0.9998627
1.0
0.96267086
1.0
0.9999988
1.0
0.99999774
1.0
1.0
0.9999999
1.0
1.0
1.0
0.99985266
1.0
1.0
1.0
0.9969002
1.0
1.0
0.999998
1.0
1.0
1.0
0.99999964
1.0
0.9999999
1.0
1.0
0.99998474
1.0
1.0
0.99997365
1.0
1.0
1.0
0.99999595
0.84924674
1.0
1.0
0.99999964
0.99344605
1.0
1.0
0.99226296
0.9999869
1.0
1.0
1.0
1.0
1.0
0.9999995
1.0
1.0
1.0
0.99999976
1.0
1.0
0.99999905
1.0
1.0
1.0
1.0
1.0
1.0
1.0
1.0
0.99997735
1.0
1.0
0.9999974
1.0
1.0
1.0
1.0
1.0
1.0
1.0
1.0
1.0
1.0
0.97999185
1.0
1.0
1.0
0.9999814
0.92288435
1.0
1.0
1.0
1.0
1.0
1.0
1.0
1.0
1.0
1.0
1.0
1.0
1.0
1.0
0.9998691
1.0
1.0
1.0
0.8771076
1.0
1.0
1.0
0.99998796
1.0
1.0
1.0
1.0
1.0
1.0
1.0
1.0
1.0
1.0
1.0
0.99999964
0.9992138
1.0
0.9999999
1.0
0.9999999
1.0
0.9999403
1.0
1.0
1.0
1.0
1.0
1.0
1.0
1.0
1.0
0.9999999
1.0
0.9999958
1.0
1.0
1.0
1.0
0.99999774
1.0
0.9999949
1.0
1.0
1.0
1.0
1.0
1.0
1.0
1.0
0.99993527
1.0
1.0
0.9999993
1.0
0.9999995
0.9999974
1.0
1.0
0.8721695
1.0
1.0
0.9999995
1.0
0.9999999
1.0
0.9999993
1.0
1.0
1.0
1.0
1.0
0.9999571
0.99999845
1.0
1.0
1.0
1.0
1.0
1.0
0.9999975
1.0
1.0
1.0
0.9999995
1.0
1.0
1.0
1.0
0.99999905
1.0
0.9999577
1.0
0.99999976
1.0
1.0
0.99999905
1.0
0.99999845
0.99999404
0.99986196
1.0
1.0
0.99988043
0.9999999
1.0
0.9999999
1.0
1.0
1.0
1.0
0.9999939
1.0
1.0
1.0
1.0
1.0
1.0
1.0
0.9846978
1.0
0.9999603
1.0
0.9999987
1.0
1.0
1.0
1.0
1.0
1.0
1.0
1.0
1.0
1.0
1.0
1.0
1.0
1.0
1.0
1.0
1.0
1.0
1.0
0.9806755
1.0
1.0
1.0
1.0
1.0
1.0
1.0
1.0
1.0
1.0
0.99999964
1.0
1.0
1.0
0.9999815
1.0
1.0
1.0
1.0
1.0
1.0
1.0
1.0
0.9347969
0.9998234
1.0
1.0
1.0
1.0
1.0
0.60708576
0.9999863
0.99980205
1.0
1.0
0.99999976
1.0
1.0
1.0
0.9982663
1.0
1.0
1.0
1.0
1.0
1.0
1.0
1.0
1.0
1.0
1.0
1.0
0.9999999
0.99508876
0.990117
1.0
1.0
1.0
1.0
1.0
1.0
1.0
1.0
0.9999999
1.0
1.0
1.0
1.0
1.0
1.0
1.0
1.0
1.0
0.99999857
1.0
1.0
0.97012067
0.99996793
1.0
1.0
1.0
1.0
1.0
1.0
1.0
1.0
1.0
1.0
1.0
1.0
0.9442149
1.0
0.9999987
0.9999999
1.0
0.9998197
0.9999032
1.0
0.9999994
1.0
0.99999726
1.0
0.9952937
1.0
0.9999895
1.0
0.99999976
1.0
1.0
1.0
1.0
1.0
1.0
0.99999976
0.99999976
1.0
1.0
1.0
0.99999976
1.0
1.0
1.0
1.0
0.9999988
1.0
0.99999404
0.99999976
0.9998641
1.0
1.0
1.0
0.9999995
1.0
1.0
0.99999976
1.0
1.0
0.99993277
1.0
1.0
0.9999989
1.0
1.0
1.0
1.0
1.0
1.0
1.0
1.0
1.0
0.99999595
1.0
1.0
1.0
1.0
0.99999964
1.0
1.0
0.99999857
0.99996686
1.0
1.0
1.0
1.0
1.0
1.0
0.9998129
0.9999763
0.9999728
1.0
1.0
1.0
0.5841712
1.0
1.0
0.9999999
1.0
1.0
1.0
1.0
1.0
1.0
0.9999956
0.9999999
1.0
1.0
1.0
1.0
0.9999993
1.0
1.0
1.0
1.0
1.0
0.99989355
1.0
1.0
1.0
1.0
1.0
0.9999982
1.0
1.0
1.0
1.0
0.99999845
0.9930432
1.0
1.0
1.0
0.9999999
0.9999963
1.0
0.999997
1.0
1.0
1.0
1.0
1.0
1.0
1.0
1.0
0.99999917
1.0
1.0
0.9999949
1.0
1.0
1.0
1.0
1.0
0.9999999
1.0
1.0
1.0
1.0
1.0
1.0
0.99999964
1.0
1.0
1.0
1.0
1.0
1.0
0.9999999
1.0
1.0
1.0
1.0
1.0
0.9999999
1.0
1.0
1.0
1.0
0.9999999
1.0
1.0
1.0
1.0
1.0
0.9999807
1.0
1.0
1.0
1.0
0.99999845
1.0
1.0
1.0
1.0
1.0
1.0
1.0
1.0
1.0
1.0
0.9999999
1.0
1.0
1.0
1.0
0.99996936
0.9999999
1.0
0.9999999
1.0
1.0
1.0
0.99999976
1.0
1.0
1.0
1.0
1.0
1.0
1.0
1.0
1.0
1.0
1.0
1.0
1.0
0.9999999
1.0
1.0
0.99999976
1.0
1.0
1.0
1.0
1.0
1.0
1.0
0.9999999
0.9999975
1.0
1.0
1.0
1.0
1.0
0.99999964
1.0
1.0
1.0
1.0
1.0
1.0
1.0
1.0
1.0
1.0
1.0
1.0
1.0
0.9999999
1.0
1.0
1.0
1.0
1.0
1.0
0.99872285
1.0
1.0
1.0
1.0
1.0
1.0
1.0
0.99999034
1.0
1.0
1.0
1.0
0.9990251
0.9999999
1.0
1.0
1.0
1.0
1.0
1.0
1.0
1.0
1.0
1.0
1.0
1.0
1.0
1.0
1.0
1.0
1.0
0.9977823
1.0
1.0
0.99999976
1.0
1.0
0.9907703
1.0
1.0
1.0
1.0
1.0
1.0
0.9999999
1.0
1.0
1.0
1.0
0.9999987
1.0
1.0
0.9999999
1.0
1.0
1.0
1.0
1.0
1.0
1.0
1.0
1.0
1.0
1.0
1.0
1.0
0.99997544
1.0
1.0
1.0
1.0
0.9894231
1.0
0.9984865
1.0
0.99994886
1.0
1.0
1.0
0.9999999
1.0
1.0
1.0
1.0
1.0
1.0
1.0
1.0
1.0
1.0
1.0
1.0
1.0
0.9999956
1.0
1.0
1.0
1.0
1.0
1.0
0.9935195
1.0
1.0
1.0
1.0
1.0
1.0
1.0
1.0
1.0
1.0
1.0
1.0
1.0
1.0
1.0
1.0
1.0
0.7262133
1.0
1.0
1.0
0.99999917
1.0
1.0
1.0
1.0
0.99999976
1.0
1.0
1.0
1.0
1.0
0.9999584
1.0
1.0
1.0
0.9898517
1.0
1.0
0.9997545
0.9999989
1.0
1.0
1.0
1.0
1.0
1.0
1.0
1.0
0.9999151
1.0
1.0
1.0
1.0
1.0
1.0
1.0
1.0
1.0
0.99999654
1.0
1.0
1.0
1.0
1.0
1.0
1.0
1.0
1.0
1.0
1.0
1.0
1.0
1.0
1.0
1.0
1.0
1.0
1.0
1.0
1.0
1.0
1.0
1.0
1.0
1.0
1.0
1.0
1.0
1.0
1.0
1.0
1.0
1.0
1.0
1.0
1.0
1.0
1.0
1.0
1.0
1.0
0.9618448
1.0
1.0
1.0
1.0
1.0
1.0
1.0
1.0
1.0
1.0
1.0
1.0
1.0
1.0
1.0
1.0
1.0
1.0
1.0
1.0
1.0
1.0
1.0
1.0
1.0
1.0
1.0
1.0
1.0
1.0
1.0
1.0
1.0
1.0
1.0
1.0
1.0
1.0
1.0
1.0
1.0
1.0
1.0
1.0
1.0
1.0
1.0
1.0
1.0
1.0
1.0
1.0
1.0
1.0
1.0
1.0
1.0
1.0
1.0
1.0
1.0
1.0
1.0
1.0
1.0
1.0
1.0
1.0
1.0
1.0
1.0
1.0
1.0
0.99999905
1.0
0.9999999
1.0
1.0
1.0
1.0
1.0
1.0
1.0
1.0
0.999995
1.0
1.0
1.0
1.0
1.0
1.0
1.0
0.99999976
1.0
1.0
1.0
1.0
1.0
1.0
1.0
1.0
1.0
1.0
1.0
1.0
1.0
1.0
1.0
1.0
1.0
1.0
1.0
1.0
1.0
1.0
1.0
1.0
0.9999994
0.99904186
1.0
1.0
1.0
1.0
1.0
1.0
0.9829896
1.0
1.0
1.0
1.0
1.0
1.0
1.0
1.0
1.0
1.0
1.0
1.0
1.0
1.0
1.0
1.0
1.0
1.0
1.0
1.0
1.0
1.0
1.0
1.0
1.0
1.0
1.0
1.0
1.0
1.0
1.0
1.0
1.0
0.99999976
1.0
1.0
1.0
1.0
1.0
1.0
1.0
0.9999999
1.0
1.0
0.9999999
1.0
1.0
1.0
1.0
1.0
1.0
1.0
1.0
1.0
1.0
1.0
1.0
1.0
1.0
1.0
1.0
0.99999964
1.0
1.0
0.9999999
1.0
1.0
1.0
1.0
1.0
1.0
1.0
1.0
1.0
1.0
1.0
1.0
1.0
1.0
1.0
1.0
1.0
1.0
1.0
1.0
1.0
1.0
1.0
0.99999917
1.0
1.0
1.0
1.0
1.0
1.0
1.0
1.0
1.0
1.0
1.0
1.0
1.0
1.0
1.0
1.0
1.0
0.99997175
1.0
1.0
1.0
1.0
1.0
1.0
1.0
1.0
0.99999523
1.0
1.0
1.0
1.0
1.0
1.0
1.0
1.0
1.0
0.9999994
1.0
1.0
0.9999995
1.0
1.0
1.0
1.0
1.0
1.0
1.0
0.999954
1.0
1.0
1.0
1.0
1.0
0.99457586
1.0
1.0
1.0
1.0
1.0
1.0
1.0
1.0
1.0
1.0
1.0
1.0
1.0
0.9999995
1.0
1.0
1.0
1.0
1.0
0.99999726
1.0
1.0
0.99997234
1.0
1.0
0.99999833
1.0
1.0
1.0
0.9999974
1.0
1.0
1.0
0.9994885
1.0
0.99999976
0.99999976
1.0
0.9999999
1.0
1.0
0.9197188
0.99999976
1.0
1.0
1.0
1.0
0.9999989
0.99990296
1.0
1.0
1.0
0.9999995
0.7969015
0.99996424
1.0
1.0
1.0
1.0
1.0
1.0
1.0
1.0
1.0
1.0
1.0
1.0
1.0
1.0
1.0
1.0
1.0
1.0
1.0
1.0
0.9993861
0.9999981
0.9999999
1.0
1.0
1.0
1.0
1.0
1.0
1.0
1.0
1.0
0.99999976
1.0
1.0
1.0
1.0
1.0
1.0
1.0
0.9999999
1.0
1.0
0.9999999
1.0
1.0
1.0
1.0
1.0
1.0
1.0
1.0
0.9999999
0.9999999
1.0
1.0
1.0
1.0
0.99998784
1.0
1.0
1.0
1.0
1.0
0.99999976
1.0
1.0
1.0
1.0
1.0
0.9999999
1.0
1.0
1.0
1.0
0.9999993
0.99999845
1.0
0.8207225
0.99998367
0.8774787
1.0
1.0
1.0
1.0
1.0
0.9999999
0.9999945
1.0
0.99998474
1.0
1.0
1.0
0.9983688
1.0
1.0
0.9998871
1.0
0.9999999
1.0
1.0
1.0
1.0
0.9999999
1.0
1.0
1.0
1.0
1.0
1.0
1.0
1.0
1.0
1.0
1.0
1.0
1.0
0.9999987
1.0
1.0
1.0
1.0
0.99999964
1.0
1.0
1.0
1.0
1.0
0.9999999
1.0
1.0
1.0
1.0
1.0
1.0
1.0
1.0
1.0
1.0
1.0
1.0
1.0
1.0
1.0
1.0
0.999908
0.99998784
1.0
1.0
1.0
1.0
0.9999999
1.0
1.0
1.0
1.0
1.0
1.0
1.0
1.0
1.0
1.0
1.0
1.0
1.0
0.9999999
1.0
1.0
1.0
1.0
1.0
0.9999825
0.99990547
1.0
0.9999993
1.0
1.0
0.99999964
1.0
0.99997795
1.0
1.0
1.0
1.0
1.0
1.0
1.0
1.0
1.0
1.0
1.0
1.0
1.0
1.0
1.0
1.0
1.0
1.0
1.0
1.0
1.0
1.0
1.0
1.0
1.0
1.0
1.0
1.0
1.0
1.0
1.0
1.0
1.0
1.0
1.0
1.0
1.0
1.0
1.0
1.0
1.0
0.9981536
1.0
1.0
1.0
1.0
1.0
1.0
1.0
0.99999976
1.0
0.9909937
0.9957416
1.0
0.9999999
1.0
1.0
1.0
1.0
1.0
1.0
1.0
1.0
1.0
1.0
1.0
1.0
0.9999999
1.0
1.0
0.9999746
1.0
1.0
1.0
1.0
1.0
0.9999975
1.0
1.0
1.0
1.0
1.0
0.9999995
1.0
1.0
0.9999999
0.9999993
1.0
1.0
1.0
0.99999845
1.0
1.0
1.0
1.0
1.0
1.0
1.0
0.99999964
0.99999857
0.9957318
0.8524149
0.99999976
0.9998845
1.0
1.0
1.0
0.9999994
1.0
1.0
1.0
1.0
1.0
0.9999002
1.0
0.9999999
1.0
0.99999964
1.0
0.9999496
1.0
1.0
1.0
0.999967
1.0
0.999997
1.0
0.9999933
1.0
1.0
1.0
1.0
1.0
1.0
0.9999999
1.0
0.99999976
0.9999944
1.0
1.0
1.0
0.9999999
0.99999905
1.0
1.0
0.99949956
0.9983962
1.0
0.99999964
1.0
1.0
0.9999995
1.0
0.99999976
1.0
0.9999995
0.9999857
1.0
1.0
1.0
0.9999999
0.99943787
0.9999831
0.99999976
0.9999995
1.0
1.0
1.0
0.9999999
0.99999917
0.9999614
0.99999833
0.9999962
0.9999994
1.0
0.9999238
0.9999999
1.0
1.0
1.0
1.0
1.0
1.0
1.0
0.9999988
1.0
1.0
0.99999034
1.0
1.0
0.99958557
1.0
0.9999999
1.0
1.0
0.99999976
1.0
1.0
1.0
0.9999924
1.0
0.9999994
1.0
1.0
1.0
1.0
0.99999964
1.0
1.0
1.0
1.0
1.0
0.99999905
1.0
0.99999964
1.0
1.0
0.9999999
0.9999943
1.0
1.0
1.0
1.0
0.99999976
1.0
1.0
1.0
0.99999785
1.0
0.9947003
1.0
1.0
1.0
1.0
1.0
0.9999857
1.0
0.99999344
1.0
1.0
1.0
1.0
1.0
1.0
0.9999999
0.9958947
1.0
0.999995
1.0
1.0
1.0
1.0
1.0
1.0
1.0
0.94734263
1.0
0.9999864
1.0
1.0
1.0
1.0
1.0
1.0
1.0
0.9999505
1.0
1.0
1.0
1.0
1.0
1.0
0.9999999
1.0
0.9999995
1.0
0.9998621
1.0
1.0
0.99999666
1.0
1.0
1.0
1.0
1.0
0.9999999
1.0
1.0
1.0
1.0
1.0
1.0
1.0
1.0
1.0
1.0
1.0
1.0
1.0
1.0
1.0
1.0
1.0
1.0
1.0
1.0
1.0
1.0
1.0
1.0
1.0
1.0
1.0
1.0
1.0
1.0
1.0
1.0
1.0
1.0
1.0
0.9999012
1.0
1.0
1.0
0.99999917
1.0
1.0
1.0
1.0
0.8704636
1.0
0.99990463
1.0
0.9999999
1.0
0.9989392
0.76213956
0.99999917
1.0
1.0
1.0
1.0
0.9999999
1.0
1.0
1.0
1.0
1.0
1.0
1.0
1.0
1.0
1.0
1.0
1.0
1.0
1.0
1.0
1.0
1.0
1.0
1.0
1.0
1.0
1.0
1.0
1.0
1.0
1.0
1.0
1.0
1.0
1.0
1.0
1.0
1.0
1.0
1.0
1.0
1.0
1.0
1.0
1.0
1.0
1.0
1.0
1.0
1.0
1.0
1.0
1.0
1.0
1.0
1.0
1.0
1.0
1.0
0.9999999
1.0
1.0
1.0
1.0
1.0
1.0
1.0
1.0
0.99997735
1.0
1.0
1.0
1.0
1.0
1.0
1.0
1.0
1.0
1.0
1.0
1.0
1.0
1.0
1.0
1.0
1.0
1.0
1.0
1.0
1.0
1.0
1.0
1.0
1.0
1.0
1.0
1.0
1.0
1.0
1.0
1.0
1.0
1.0
1.0
1.0
1.0
1.0
1.0
1.0
1.0
1.0
1.0
1.0
1.0
1.0
1.0
1.0
1.0
1.0
1.0
1.0
1.0
1.0
1.0
1.0
1.0
1.0
1.0
1.0
1.0
0.9999999
1.0
1.0
0.9999999
1.0
1.0
1.0
1.0
1.0
1.0
1.0
1.0
1.0
1.0
1.0
1.0
1.0
1.0
1.0
1.0
1.0
1.0
1.0
1.0
1.0
1.0
1.0
1.0
1.0
1.0
1.0
1.0
1.0
0.99999976
1.0
1.0
1.0
1.0
1.0
1.0
1.0
1.0
0.99999976
1.0
1.0
1.0
1.0
1.0
1.0
1.0
1.0
0.9999999
1.0
1.0
1.0
1.0
1.0
1.0
1.0
1.0
1.0
1.0
1.0
1.0
1.0
1.0
1.0
1.0
1.0
1.0
1.0
1.0
1.0
1.0
1.0
1.0
1.0
1.0
1.0
1.0
1.0
1.0
1.0
1.0
1.0
1.0
0.9999999
0.9999622
0.9999995
1.0
1.0
1.0
1.0
0.9999999
1.0
0.9999807
0.9999981
1.0
1.0
1.0
1.0
1.0
1.0
0.99999976
1.0
1.0
0.9999982
1.0
1.0
1.0
1.0
1.0
1.0
0.99999845
1.0
0.99999905
1.0
0.9999999
1.0
1.0
0.9999999
0.99989796
1.0
0.99999964
1.0
1.0
1.0
1.0
1.0
1.0
1.0
1.0
1.0
1.0
1.0
1.0
1.0
1.0
0.99999964
1.0
1.0
0.9999999
1.0
1.0
1.0
1.0
1.0
1.0
1.0
1.0
1.0
1.0
1.0
0.9999999
1.0
1.0
1.0
1.0
1.0
1.0
1.0
1.0
1.0
1.0
1.0
1.0
0.99999964
1.0
1.0
1.0
1.0
1.0
1.0
1.0
1.0
0.9999994
1.0
1.0
1.0
1.0
1.0
1.0
1.0
1.0
1.0
1.0
1.0
1.0
1.0
1.0
0.99999857
1.0
1.0
1.0
0.9999999
1.0
1.0
1.0
1.0
1.0
0.9985453
0.9999999
1.0
1.0
1.0
1.0
1.0
0.99999714
1.0
1.0
1.0
1.0
0.9999976
1.0
1.0
1.0
1.0
1.0
1.0
1.0
1.0
1.0
1.0
1.0
1.0
1.0
1.0
0.99790144
1.0
1.0
1.0
1.0
1.0
0.9997893
0.99999964
0.9999987
1.0
1.0
0.9999999
0.9999995
1.0
0.99999905
1.0
1.0
0.99999976
1.0
1.0
1.0
1.0
0.9999274
0.92650735
1.0
0.99963844
0.97214013
0.9999964
0.9880981
0.9984295
1.0
1.0
1.0
0.9999999
1.0
1.0
0.999997
0.99987125
0.99999964
0.93522865
0.999696
0.9999993
0.9996345
0.99999964
0.8391158
0.9999988
0.9999919
0.99999964
0.9999999
1.0
1.0
1.0
1.0
1.0
1.0
1.0
0.9999999
1.0
1.0
1.0
0.9999651
1.0
1.0
1.0
0.99999785
0.8736352
0.9998227
0.999255
1.0
1.0
0.99999833
0.9999993
1.0
0.9999094
1.0
1.0
0.99999154
1.0
1.0
1.0
1.0
0.9999995
0.99994147
0.9999914
1.0
0.9999838
0.9999969
1.0
1.0
0.9999858
0.99996793
0.9999989
1.0
0.6480275
1.0
0.99999905
0.9999995
1.0
1.0
0.9999968
0.99983466
1.0
1.0
0.9999999
0.99999976
1.0
1.0
1.0
1.0
1.0
0.9999994
1.0
1.0
0.99999857
1.0
1.0
1.0
1.0
0.9999994
0.8277076
1.0
1.0
1.0
1.0
0.99999976
1.0
1.0
1.0
1.0
0.9999995
0.9999982
1.0
1.0
1.0
1.0
1.0
1.0
1.0
1.0
1.0
0.9999944
1.0
1.0
1.0
1.0
0.99999785
1.0
1.0
1.0
0.99999905
1.0
1.0
1.0
1.0
1.0
1.0
0.999998
1.0
1.0
0.9999989
0.99999845
1.0
0.99999905
1.0
1.0
1.0
1.0
1.0
1.0
1.0
1.0
1.0
1.0
1.0
0.9999987
1.0
1.0
1.0
0.9999919
1.0
1.0
1.0
1.0
1.0
1.0
1.0
0.9998621
1.0
1.0
0.9986986
0.99989533
1.0
0.9999999
1.0
1.0
1.0
1.0
1.0
1.0
1.0
1.0
1.0
1.0
1.0
1.0
1.0
1.0
1.0
0.9983011
0.99999905
1.0
0.99999964
0.9850841
0.999997
1.0
0.99988854
1.0
0.9999989
1.0
1.0
1.0
1.0
0.9999999
0.9998733
0.9999497
1.0
1.0
0.99998724
1.0
1.0
0.9999999
1.0
0.99999595
1.0
1.0
1.0
0.99999523
0.9997179
1.0
1.0
1.0
1.0
1.0
1.0
1.0
1.0
1.0
1.0
0.9999987
1.0
0.9999982
0.8416621
0.9999906
0.9999995
1.0
0.99999964
1.0
1.0
1.0
0.99999857
1.0
0.9999949
1.0
1.0
0.99592435
1.0
1.0
1.0
1.0
1.0
1.0
1.0
1.0
1.0
1.0
0.9999995
1.0
1.0
1.0
0.9999999
1.0
1.0
1.0
1.0
1.0
0.9999994
1.0
1.0
1.0
1.0
1.0
1.0
1.0
1.0
1.0
1.0
1.0
1.0
1.0
1.0
1.0
1.0
1.0
1.0
1.0
1.0
1.0
1.0
1.0
0.9999993
1.0
1.0
1.0
1.0
1.0
0.95017266
1.0
1.0
1.0
1.0
1.0
1.0
1.0
1.0
1.0
1.0
1.0
1.0
1.0
1.0
1.0
1.0
1.0
1.0
1.0
1.0
1.0
1.0
1.0
1.0
1.0
1.0
1.0
1.0
1.0
1.0
1.0
1.0
1.0
1.0
1.0
0.9988048
1.0
1.0
1.0
1.0
1.0
1.0
1.0
0.9999999
1.0
1.0
0.99999964
0.999984
1.0
1.0
1.0
0.9999999
1.0
1.0
0.99999976
1.0
1.0
1.0
0.99999976
1.0
1.0
1.0
0.99999976
1.0
1.0
1.0
1.0
1.0
1.0
1.0
1.0
1.0
1.0
1.0
1.0
0.9999999
1.0
1.0
0.9999999
1.0
1.0
1.0
1.0
1.0
1.0
1.0
1.0
1.0
1.0
1.0
1.0
1.0
0.99999475
1.0
1.0
1.0
1.0
0.99999607
1.0
1.0
1.0
1.0
1.0
1.0
1.0
1.0
0.99996233
1.0
1.0
1.0
1.0
1.0
1.0
1.0
0.9999999
1.0
1.0
1.0
1.0
1.0
1.0
1.0
1.0
0.99999976
1.0
1.0
1.0
1.0
1.0
1.0
1.0
1.0
1.0
0.99999976
1.0
1.0
1.0
1.0
1.0
1.0
1.0
1.0
1.0
1.0
1.0
1.0
1.0
1.0
1.0
1.0
0.9999994
1.0
1.0
1.0
1.0
1.0
1.0
1.0
1.0
1.0
1.0
1.0
1.0
1.0
1.0
1.0
1.0
1.0
1.0
1.0
1.0
1.0
1.0
0.9999999
1.0
1.0
1.0
1.0
1.0
1.0
0.9999999
1.0
0.9999919
0.9999933
1.0
1.0
1.0
1.0
1.0
1.0
1.0
1.0
1.0
1.0
1.0
1.0
1.0
1.0
1.0
1.0
1.0
0.9999275
0.9999999
0.9999999
1.0
1.0
0.9999502
1.0
1.0
1.0
1.0
1.0
1.0
0.9999995
1.0
1.0
0.9999994
1.0
1.0
1.0
1.0
1.0
1.0
0.9999995
1.0
1.0
1.0
1.0
1.0
1.0
1.0
0.99999917
1.0
0.9999988
1.0
1.0
1.0
1.0
1.0
1.0
1.0
0.9999962
1.0
1.0
1.0
0.9999988
1.0
0.9999796
1.0
1.0
0.9999999
1.0
0.99999976
1.0
1.0
1.0
1.0
1.0
1.0
0.99999905
1.0
1.0
1.0
1.0
1.0
1.0
1.0
0.9999908
1.0
1.0
1.0
1.0
1.0
0.99998784
1.0
1.0
1.0
1.0
1.0
1.0
0.9999999
1.0
1.0
1.0
0.9999976
1.0
1.0
0.9995437
0.9999988
1.0
1.0
1.0
1.0
1.0
1.0
1.0
1.0
1.0
1.0
1.0
0.9999833
1.0
1.0
1.0
1.0
1.0
0.9999312
1.0
0.99999976
1.0
1.0
1.0
1.0
1.0
1.0
1.0
1.0
1.0
1.0
1.0
1.0
1.0
1.0
1.0
1.0
1.0
1.0
1.0
1.0
1.0
1.0
0.99999547
1.0
1.0
1.0
1.0
1.0
1.0
1.0
1.0
1.0
1.0
1.0
1.0
1.0
1.0
1.0
1.0
1.0
1.0
0.99965405
1.0
1.0
1.0
1.0
1.0
0.9999994
1.0
1.0
1.0
0.9999995
1.0
0.9999993
1.0
0.9993393
1.0
1.0
1.0
0.99887985
0.99999964
1.0
1.0
0.99999976
1.0
1.0
0.9999999
1.0
1.0
0.9999999
1.0
1.0
0.99999976
1.0
1.0
1.0
0.99997485
1.0
0.99894816
1.0
0.99999964
1.0
1.0
0.9999994
1.0
1.0
1.0
1.0
1.0
1.0
0.99999976
1.0
0.9999795
1.0
1.0
1.0
1.0
1.0
0.9999999
1.0
1.0
0.999998
0.99999976
0.9999999
0.9999999
1.0
1.0
1.0
1.0
0.9999999
0.9999988
0.99999917
1.0
1.0
1.0
1.0
1.0
1.0
1.0
1.0
1.0
0.9999974
1.0
1.0
1.0
1.0
1.0
1.0
1.0
1.0
1.0
0.9999995
1.0
1.0
0.99999964
1.0
1.0
1.0
1.0
1.0
1.0
1.0
1.0
1.0
1.0
1.0
1.0
0.9999999
1.0
1.0
1.0
1.0
0.99999964
1.0
1.0
1.0
1.0
1.0
1.0
1.0
1.0
1.0
1.0
1.0
1.0
1.0
1.0
1.0
1.0
1.0
1.0
1.0
1.0
1.0
1.0
1.0
1.0
0.9999999
1.0
1.0
1.0
1.0
1.0
1.0
1.0
1.0
1.0
1.0
1.0
1.0
1.0
1.0
0.99999976
1.0
1.0
1.0
1.0
0.99998283
1.0
0.9999999
1.0
1.0
1.0
1.0
1.0
1.0
1.0
1.0
1.0
1.0
1.0
1.0
1.0
1.0
1.0
1.0
1.0
1.0
0.99999845
1.0
1.0
1.0
1.0
1.0
1.0
1.0
1.0
0.9999999
1.0
0.9999999
1.0
1.0
1.0
0.99999785
1.0
1.0
1.0
1.0
1.0
1.0
1.0
1.0
1.0
1.0
0.9999999
1.0
0.9999999
1.0
1.0
1.0
1.0
1.0
1.0
1.0
1.0
1.0
0.9999908
1.0
0.9999999
0.99999857
1.0
1.0
1.0
1.0
1.0
1.0
1.0
1.0
1.0
0.9999999
0.9999999
1.0
1.0
1.0
1.0
0.99987733
1.0
0.9953815
1.0
1.0
1.0
1.0
0.9999999
1.0
0.99996376
1.0
1.0
1.0
0.9999994
1.0
0.99999857
1.0
1.0
1.0
0.9999676
1.0
1.0
1.0
1.0
1.0
0.99999857
1.0
1.0
1.0
0.9999795
1.0
0.9999999
1.0
0.99999964
0.9999999
1.0
1.0
1.0
1.0
1.0
0.9999714
0.99999976
1.0
1.0
0.99998033
0.9999999
1.0
1.0
1.0
1.0
1.0
0.9999826
1.0
1.0
1.0
1.0
1.0
1.0
0.9999995
0.99999154
0.9999951
1.0
1.0
1.0
1.0
1.0
0.9999975
1.0
1.0
1.0
1.0
0.9999995
0.99999964
0.9999981
1.0
1.0
1.0
1.0
1.0
0.9999988
1.0
1.0
1.0
0.9999999
1.0
1.0
1.0
1.0
1.0
1.0
1.0
0.9999999
1.0
1.0
1.0
1.0
1.0
1.0
1.0
1.0
1.0
1.0
1.0
1.0
1.0
1.0
1.0
0.99999833
1.0
1.0
1.0
1.0
1.0
0.9999995
1.0
1.0
1.0
1.0
1.0
1.0
1.0
1.0
1.0
1.0
0.99999964
1.0
0.9999999
1.0
1.0
1.0
1.0
1.0
1.0
0.9999993
1.0
1.0
1.0
1.0
1.0
1.0
1.0
0.9999999
0.9999912
1.0
1.0
1.0
1.0
1.0
0.99982834
1.0
1.0
1.0
1.0
1.0
1.0
1.0
1.0
1.0
1.0
1.0
1.0
1.0
1.0
1.0
1.0
1.0
1.0
1.0
1.0
1.0
1.0
1.0
1.0
1.0
0.9999994
1.0
1.0
1.0
1.0
1.0
1.0
1.0
1.0
1.0
1.0
1.0
1.0
0.9999963
1.0
1.0
1.0
1.0
1.0
1.0
1.0
1.0
1.0
1.0
1.0
1.0
1.0
1.0
1.0
1.0
0.9999999
0.99999976
0.9999993
1.0
1.0
0.9999999
1.0
1.0
1.0
1.0
1.0
1.0
1.0
1.0
1.0
0.9999943
1.0
1.0
1.0
1.0
1.0
1.0
1.0
1.0
1.0
1.0
1.0
1.0
1.0
1.0
1.0
1.0
1.0
1.0
1.0
0.9999999
0.99999964
1.0
1.0
1.0
1.0
1.0
1.0
1.0
1.0
1.0
1.0
0.99999976
1.0
1.0
1.0
1.0
1.0
1.0
1.0
1.0
0.99999976
1.0
1.0
1.0
1.0
1.0
1.0
1.0
1.0
1.0
1.0
1.0
1.0
1.0
1.0
1.0
1.0
1.0
1.0
1.0
1.0
1.0
1.0
1.0
1.0
1.0
1.0
1.0
1.0
1.0
1.0
1.0
1.0
1.0
1.0
1.0
0.9999989
0.9999981
1.0
1.0
0.99995756
1.0
0.99999857
0.9999988
0.9999279
1.0
0.9999995
1.0
1.0
1.0
1.0
0.9999999
1.0
1.0
0.99999917
1.0
1.0
0.99999964
1.0
1.0
1.0
1.0
1.0
1.0
0.9999999
1.0
1.0
1.0
1.0
1.0
1.0
1.0
1.0
1.0
1.0
1.0
1.0
1.0
1.0
1.0
0.99999976
0.99999976
1.0
1.0
1.0
1.0
1.0
1.0
1.0
0.9999994
1.0
0.99999785
0.9999999
1.0
1.0
1.0
1.0
1.0
0.99999845
1.0
1.0
1.0
1.0
1.0
1.0
0.9999995
1.0
1.0
0.99997973
1.0
0.999974
1.0
1.0
1.0
0.9999995
1.0
1.0
1.0
1.0
0.99999976
0.9998827
0.99998415
1.0
0.99999964
1.0
1.0
1.0
1.0
1.0
0.99995315
0.99998665
1.0
1.0
1.0
1.0
1.0
1.0
1.0
1.0
1.0
1.0
1.0
1.0
1.0
1.0
0.99999976
1.0
0.9997565
1.0
0.9999298
0.995965
1.0
0.9999995
0.9996686
1.0
0.99948835
1.0
0.9139302
0.9998952
0.99996805
0.9999999
0.99997807
0.9999999
1.0
0.99882704
0.9999999
0.9999757
1.0
0.9999691
0.99999905
0.9999999
0.99999595
1.0
0.9999999
1.0
1.0
0.9999999
0.9999982
1.0
1.0
1.0
1.0
0.9999963
0.9999995
1.0
0.9999999
1.0
1.0
1.0
1.0
1.0
1.0
1.0
1.0
0.9999999
0.99999964
1.0
1.0
1.0
0.99999857
1.0
0.9999999
1.0
1.0
0.99999547
1.0
0.99999917
0.99904627
0.9999635
1.0
0.9840481
0.9999838
1.0
0.99999607
1.0
1.0
1.0
1.0
1.0
0.99999714
0.9999819
1.0
0.9999988
0.98368305
0.99995637
1.0
0.9999995
1.0
0.99999356
0.99996233
1.0
1.0
0.99999857
0.99938035
1.0
0.99986553
0.9821759
0.99999976
1.0
1.0
1.0
1.0
0.99999654
1.0
1.0
1.0
1.0
1.0
1.0
1.0
1.0
1.0
1.0
0.9999999
1.0
1.0
1.0
1.0
1.0
1.0
0.99999964
1.0
0.99999976
1.0
1.0
1.0
1.0
1.0
1.0
1.0
1.0
1.0
0.999995
1.0
1.0
1.0
1.0
1.0
1.0
0.9998511
1.0
1.0
1.0
1.0
1.0
1.0
0.9999975
1.0
1.0
1.0
1.0
1.0
1.0
0.9999609
1.0
1.0
1.0
1.0
0.9995727
0.9997129
1.0
1.0
1.0
1.0
1.0
1.0
1.0
1.0
0.9999993
1.0
1.0
0.9999993
1.0
1.0
1.0
1.0
0.9999939
1.0
1.0
1.0
1.0
1.0
1.0
1.0
0.99997413
1.0
1.0
1.0
0.9999143
1.0
0.99999905
1.0
1.0
1.0
1.0
1.0
1.0
1.0
0.9999963
1.0
1.0
1.0
1.0
1.0
1.0
1.0
1.0
1.0
1.0
1.0
1.0
0.99998975
0.99999976
1.0
1.0
0.9999982
1.0
1.0
1.0
1.0
1.0
1.0
1.0
1.0
1.0
1.0
1.0
0.99912566
1.0
0.9998005
1.0
0.9999851
0.99996984
0.9999993
1.0
1.0
0.99999964
0.99959487
1.0
0.99998844
1.0
1.0
1.0
1.0
1.0
1.0
0.99999785
0.99999964
1.0
0.9999982
1.0
1.0
1.0
1.0
0.9999999
1.0
0.9999999
1.0
1.0
0.9999937
0.9998869
0.99948776
0.9686282
0.9999757
1.0
1.0
1.0
1.0
1.0
1.0
0.99999166
0.99999845
0.99949026
0.99990416
0.9998739
0.99999917
1.0
0.99999976
0.9999752
1.0
0.99999976
1.0
1.0
0.99984443
1.0
1.0
1.0
1.0
1.0
1.0
1.0
1.0
1.0
1.0
0.9999989
1.0
0.9987004
1.0
1.0
1.0
1.0
1.0
1.0
1.0
1.0
1.0
1.0
1.0
1.0
1.0
1.0
0.9999999
1.0
1.0
1.0
1.0
1.0
1.0
1.0
0.99999154
1.0
1.0
1.0
1.0
0.99999666
1.0
1.0
1.0
1.0
1.0
1.0
1.0
1.0
0.99999976
1.0
1.0
1.0
1.0
1.0
1.0
0.9999999
1.0
1.0
1.0
1.0
1.0
1.0
1.0
1.0
0.9999286
0.9988256
1.0
0.99999714
1.0
1.0
1.0
1.0
1.0
1.0
1.0
1.0
1.0
1.0
1.0
0.9999938
0.9999999
0.9999993
1.0
1.0
1.0
1.0
0.9999999
1.0
1.0
1.0
1.0
1.0
1.0
1.0
1.0
1.0
0.99999976
1.0
1.0
1.0
1.0
1.0
1.0
1.0
1.0
1.0
1.0
1.0
1.0
1.0
0.9999994
0.9999993
0.9999999
1.0
1.0
1.0
1.0
1.0
1.0
1.0
1.0
1.0
1.0
1.0
1.0
1.0
0.99999547
0.999995
0.99999976
0.99467564
1.0
1.0
1.0
0.99999595
1.0
1.0
1.0
0.99999905
0.9999906
0.99995065
1.0
1.0
0.9999944
1.0
1.0
0.9999995
1.0
1.0
1.0
1.0
0.9999994
1.0
1.0
1.0
1.0
1.0
0.990754
0.9999958
1.0
1.0
1.0
0.99998987
0.9999994
1.0
0.99999964
0.99999416
1.0
1.0
1.0
0.9999999
0.99830484
0.99994755
1.0
1.0
1.0
1.0
1.0
1.0
1.0
1.0
1.0
1.0
1.0
1.0
1.0
1.0
1.0
1.0
1.0
1.0
1.0
1.0
1.0
1.0
0.97844326
1.0
0.9999999
1.0
0.99988425
0.99313617
0.9999999
1.0
0.9999999
0.99973136
0.9999994
0.9999906
1.0
1.0
0.9914192
0.58677304
1.0
1.0
1.0
1.0
1.0
0.9999945
1.0
0.9999951
1.0
1.0
1.0
1.0
1.0
1.0
1.0
1.0
1.0
1.0
1.0
1.0
1.0
1.0
0.99999964
1.0
0.99999964
1.0
1.0
1.0
1.0
1.0
1.0
0.9999988
1.0
0.99999976
1.0
1.0
1.0
1.0
1.0
1.0
1.0
1.0
1.0
1.0
1.0
0.9999957
1.0
0.9999788
0.9999981
0.9985526
1.0
1.0
1.0
1.0
0.9999999
0.9859351
0.99999917
1.0
1.0
1.0
1.0
0.9999993
0.99999964
1.0
1.0
1.0
1.0
1.0
1.0
1.0
0.9999975
1.0
1.0
1.0
1.0
1.0
1.0
1.0
1.0
0.99982697
1.0
0.9088748
1.0
1.0
1.0
1.0
1.0
1.0
1.0
1.0
1.0
1.0
1.0
1.0
1.0
1.0
1.0
1.0
0.9999999
0.99974436
1.0
1.0
1.0
1.0
0.9999858
1.0
1.0
1.0
1.0
1.0
1.0
1.0
1.0
1.0
1.0
1.0
1.0
1.0
1.0
1.0
1.0
1.0
1.0
1.0
1.0
1.0
1.0
1.0
1.0
1.0
1.0
1.0
0.9999051
1.0
1.0
1.0
1.0
1.0
1.0
1.0
1.0
1.0
0.9999682
1.0
1.0
1.0
1.0
1.0
1.0
1.0
1.0
1.0
1.0
1.0
1.0
1.0
1.0
1.0
1.0
1.0
1.0
1.0
1.0
1.0
0.9999696
0.9999999
0.99999475
1.0
0.99999976
1.0
0.9999976
1.0
1.0
1.0
1.0
0.99999833
0.99999857
0.9999994
1.0
0.9999999
1.0
0.9999629
0.99971515
0.99999917
1.0
1.0
0.9999999
1.0
1.0
1.0
1.0
1.0
0.9999701
0.99452496
1.0
1.0
0.9999988
1.0
0.9999988
0.99999845
0.95345646
1.0
1.0
1.0
1.0
1.0
1.0
1.0
1.0
0.99999976
1.0
1.0
0.9999999
0.99999905
0.9999993
1.0
0.99999976
1.0
0.9999982
1.0
1.0
1.0
1.0
1.0
1.0
1.0
1.0
1.0
1.0
1.0
1.0
1.0
1.0
1.0
1.0
1.0
1.0
1.0
1.0
1.0
1.0
1.0
1.0
1.0
1.0
1.0
1.0
1.0
1.0
1.0
1.0
1.0
1.0
1.0
1.0
1.0
1.0
0.99999595
1.0
1.0
1.0
1.0
1.0
1.0
1.0
1.0
0.9999994
1.0
1.0
1.0
1.0
1.0
1.0
1.0
1.0
1.0
1.0
1.0
1.0
1.0
0.9999529
1.0
1.0
1.0
1.0
1.0
1.0
1.0
1.0
1.0
1.0
1.0
1.0
1.0
1.0
1.0
1.0
1.0
1.0
1.0
1.0
1.0
1.0
1.0
1.0
1.0
1.0
1.0
1.0
1.0
0.99999964
1.0
1.0
1.0
1.0
1.0
1.0
1.0
1.0
1.0
1.0
1.0
1.0
1.0
1.0
1.0
0.9999999
1.0
1.0
1.0
1.0
1.0
1.0
1.0
1.0
1.0
1.0
1.0
1.0
1.0
1.0
1.0
1.0
1.0
1.0
1.0
1.0
1.0
1.0
1.0
1.0
1.0
1.0
1.0
1.0
1.0
1.0
1.0
1.0
1.0
1.0
1.0
1.0
1.0
1.0
1.0
1.0
1.0
1.0
1.0
1.0
1.0
1.0
0.9999999
1.0
1.0
1.0
1.0
1.0
1.0
1.0
1.0
1.0
1.0
1.0
1.0
1.0
1.0
1.0
1.0
1.0
1.0
1.0
1.0
1.0
1.0
1.0
1.0
1.0
1.0
1.0
1.0
1.0
1.0
1.0
1.0
1.0
1.0
1.0
1.0
1.0
0.99999976
1.0
1.0
1.0
0.9999993
1.0
1.0
1.0
1.0
1.0
1.0
1.0
1.0
1.0
1.0
1.0
1.0
1.0
1.0
1.0
1.0
1.0
1.0
1.0
1.0
1.0
1.0
1.0
1.0
1.0
1.0
1.0
1.0
1.0
1.0
1.0
1.0
1.0
1.0
1.0
1.0
1.0
1.0
0.99999976
1.0
1.0
1.0
1.0
1.0
1.0
1.0
1.0
1.0
1.0
1.0
1.0
1.0
1.0
1.0
1.0
1.0
1.0
1.0
1.0
1.0
1.0
1.0
1.0
1.0
0.9999995
1.0
1.0
1.0
1.0
1.0
1.0
1.0
1.0
1.0
1.0
1.0
0.9999999
1.0
1.0
1.0
1.0
1.0
1.0
1.0
1.0
1.0
1.0
1.0
1.0
1.0
1.0
1.0
1.0
1.0
1.0
1.0
1.0
1.0
1.0
1.0
1.0
1.0
1.0
1.0
1.0
1.0
1.0
1.0
1.0
1.0
1.0
1.0
1.0
1.0
1.0
1.0
1.0
1.0
1.0
1.0
1.0
1.0
1.0
1.0
1.0
1.0
1.0
1.0
1.0
1.0
1.0
1.0
1.0
1.0
1.0
1.0
1.0
1.0
1.0
0.99991
1.0
1.0
1.0
1.0
0.9999995
1.0
0.9999995
1.0
1.0
1.0
1.0
1.0
1.0
1.0
1.0
1.0
1.0
0.9999994
1.0
1.0
1.0
1.0
1.0
0.9999918
1.0
1.0
1.0
1.0
1.0
1.0
0.99999976
1.0
1.0
1.0
1.0
1.0
1.0
1.0
1.0
1.0
1.0
1.0
1.0
1.0
1.0
1.0
1.0
1.0
1.0
1.0
1.0
1.0
1.0
1.0
1.0
1.0
1.0
1.0
1.0
1.0
1.0
0.99999964
1.0
1.0
1.0
1.0
1.0
1.0
1.0
0.99999845
1.0
1.0
1.0
0.9999999
1.0
1.0
1.0
1.0
1.0
1.0
1.0
1.0
1.0
1.0
1.0
1.0
1.0
1.0
1.0
1.0
1.0
1.0
1.0
1.0
1.0
1.0
1.0
0.99999976
1.0
1.0
1.0
1.0
1.0
1.0
1.0
1.0
1.0
1.0
1.0
1.0
1.0
1.0
0.9999999
1.0
1.0
0.99999976
1.0
1.0
1.0
1.0
1.0
0.9999999
0.99999976
1.0
1.0
1.0
0.9973966
0.9999999
1.0
0.999985
1.0
0.9999982
0.9949356
0.9999877
0.9999987
1.0
0.97006184
1.0
1.0
1.0
0.99999964
0.998818
0.9999224
0.99999213
1.0
0.9999999
0.9999999
1.0
1.0
1.0
1.0
1.0
1.0
0.9997992
1.0
1.0
0.99999964
0.99999964
1.0
1.0
1.0
0.99993825
0.9999894
1.0
1.0
1.0
1.0
0.9999995
0.9999627
1.0
1.0
1.0
1.0
1.0
0.99999964
1.0
1.0
1.0
0.9999938
1.0
1.0
1.0
1.0
1.0
1.0
1.0
0.9998499
1.0
0.9772309
1.0
1.0
1.0
1.0
1.0
1.0
1.0
0.99998915
1.0
0.99999964
1.0
1.0
1.0
1.0
1.0
1.0
1.0
1.0
1.0
1.0
1.0
1.0
1.0
1.0
1.0
1.0
1.0
1.0
1.0
1.0
1.0
1.0
1.0
1.0
1.0
1.0
1.0
1.0
0.9999999
1.0
0.99999726
1.0
1.0
1.0
1.0
1.0
1.0
1.0
1.0
1.0
1.0
1.0
1.0
1.0
1.0
1.0
1.0
1.0
1.0
1.0
1.0
1.0
1.0
1.0
1.0
1.0
1.0
1.0
1.0
1.0
1.0
1.0
1.0
1.0
1.0
1.0
1.0
1.0
1.0
1.0
1.0
1.0
1.0
1.0
1.0
1.0
0.99998975
1.0
1.0
1.0
1.0
0.99999905
1.0
0.99999976
1.0
1.0
1.0
1.0
0.99999833
1.0
1.0
1.0
1.0
1.0
1.0
1.0
1.0
1.0
1.0
1.0
1.0
1.0
1.0
1.0
1.0
1.0
0.99999964
1.0
1.0
1.0
1.0
1.0
1.0
1.0
1.0
1.0
1.0
1.0
1.0
1.0
1.0
1.0
1.0
1.0
1.0
1.0
1.0
1.0
1.0
1.0
1.0
1.0
0.9999945
1.0
0.9999999
1.0
0.99999857
1.0
1.0
1.0
1.0
1.0
1.0
0.99999976
1.0
1.0
1.0
1.0
1.0
1.0
1.0
0.9999999
1.0
1.0
1.0
1.0
1.0
1.0
1.0
1.0
1.0
1.0
1.0
0.99999905
1.0
1.0
1.0
1.0
1.0
1.0
0.99984694
0.9999896
1.0
0.99999726
1.0
1.0
1.0
1.0
1.0
1.0
1.0
1.0
1.0
1.0
1.0
1.0
1.0
1.0
1.0
1.0
1.0
1.0
1.0
1.0
1.0
1.0
1.0
1.0
0.9999995
1.0
1.0
1.0
1.0
1.0
1.0
1.0
1.0
1.0
1.0
1.0
1.0
1.0
1.0
1.0
0.9999999
1.0
1.0
1.0
1.0
1.0
1.0
1.0
1.0
1.0
1.0
1.0
0.9999999
1.0
1.0
1.0
1.0
1.0
1.0
1.0
1.0
1.0
1.0
1.0
1.0
1.0
1.0
1.0
1.0
1.0
1.0
1.0
1.0
1.0
1.0
0.99999964
1.0
1.0
1.0
1.0
1.0
1.0
1.0
0.9999999
1.0
1.0
0.99996245
1.0
1.0
1.0
1.0
1.0
1.0
1.0
1.0
1.0
1.0
1.0
1.0
1.0
1.0
1.0
1.0
1.0
1.0
1.0
1.0
1.0
1.0
1.0
1.0
1.0
1.0
1.0
1.0
1.0
1.0
1.0
1.0
0.99999976
1.0
1.0
1.0
1.0
1.0
1.0
0.99997544
1.0
1.0
1.0
1.0
1.0
0.99999535
1.0
1.0
1.0
0.9999989
1.0
1.0
1.0
1.0
1.0
1.0
1.0
1.0
1.0
1.0
1.0
1.0
1.0
1.0
0.9999999
1.0
1.0
1.0
1.0
1.0
1.0
1.0
1.0
1.0
1.0
1.0
1.0
1.0
0.9997501
0.99999046
0.99999905
1.0
0.99999785
0.99999964
1.0
1.0
1.0
1.0
1.0
1.0
1.0
1.0
1.0
1.0
1.0
1.0
1.0
1.0
1.0
1.0
1.0
1.0
1.0
0.99998856
1.0
1.0
1.0
1.0
1.0
1.0
1.0
1.0
1.0
0.9999995
1.0
1.0
1.0
1.0
1.0
1.0
0.99998116
1.0
1.0
1.0
1.0
1.0
1.0
1.0
1.0
1.0
1.0
1.0
1.0
1.0
1.0
0.9999999
1.0
1.0
1.0
1.0
1.0
1.0
1.0
1.0
1.0
1.0
1.0
1.0
0.9999889
0.9999913
1.0
1.0
0.9999988
1.0
0.99999213
1.0
1.0
0.99997437
0.9999995
1.0
1.0
1.0
0.8976175
1.0
1.0
0.9999945
1.0
1.0
1.0
0.9999999
1.0
1.0
1.0
1.0
0.99996305
1.0
1.0
1.0
1.0
0.9999999
1.0
1.0
1.0
1.0
0.9999994
1.0
1.0
0.5443648
1.0
1.0
1.0
0.9999738
1.0
0.9999964
1.0
0.9999608
0.9998313
0.9972019
1.0
1.0
1.0
0.99999964
1.0
0.9999999
1.0
1.0
0.99999976
1.0
1.0
1.0
1.0
0.9999993
1.0
1.0
1.0
1.0
1.0
0.99999905
1.0
0.9999999
1.0
1.0
1.0
1.0
1.0
1.0
1.0
1.0
0.9999795
1.0
1.0
1.0
1.0
0.99999976
1.0
1.0
1.0
0.9999999
1.0
1.0
1.0
1.0
1.0
1.0
0.96953714
0.9999999
1.0
1.0
1.0
1.0
1.0
0.9999752
1.0
0.999998
1.0
1.0
0.99997795
1.0
1.0
1.0
1.0
1.0
1.0
1.0
0.99997056
1.0
1.0
1.0
1.0
0.99997795
0.9999999
1.0
1.0
1.0
0.9999521
0.9999995
1.0
0.9909416
1.0
0.9999676
1.0
1.0
0.9999715
1.0
0.86289495
1.0
1.0
1.0
1.0
0.99999774
0.9999999
0.65068805
1.0
0.96690995
0.9999995
0.7762717
1.0
1.0
0.999985
0.6296814
0.9999573
1.0
0.99995804
1.0
1.0
1.0
0.99999976
1.0
1.0
0.99986184
0.99997294
1.0
0.99999976
1.0
1.0
0.9999809
0.9999999
1.0
0.9999486
1.0
0.999998
0.9998951
0.99999666
0.9999994
1.0
1.0
0.9959194
1.0
1.0
0.9999995
1.0
1.0
1.0
0.9999995
0.9999995
0.99998736
0.50728077
1.0
1.0
1.0
0.9999999
0.9999999
1.0
0.99999905
0.99919313
0.99999976
1.0
1.0
1.0
0.9384044
0.99968004
0.99999964
1.0
1.0
1.0
0.52455705
0.9999989
0.9996848
0.9999999
1.0
1.0
1.0
1.0
1.0
1.0
1.0
1.0
1.0
1.0
1.0
0.99999976
0.9986363
1.0
0.99999523
1.0
1.0
1.0
0.99999833
1.0
1.0
0.9999981
1.0
1.0
0.99999774
1.0
1.0
0.99999166
0.9999987
0.99999976
1.0
0.9992107
1.0
0.99999964
0.99999964
1.0
1.0
1.0
0.9989568
0.9999347
1.0
1.0
1.0
0.9999988
1.0
1.0
1.0
0.99996877
0.9999541
0.99973327
0.9999912
0.9999993
0.9999974
0.99999297
1.0
1.0
1.0
1.0
1.0
1.0
0.99966395
1.0
1.0
1.0
1.0
0.9999994
0.99229586
1.0
0.96341735
1.0
1.0
0.9999999
1.0
1.0
1.0
0.99999964
1.0
0.9994011
1.0
0.99999964
0.99877864
1.0
1.0
1.0
1.0
1.0
1.0
1.0
1.0
1.0
0.8372729
0.9995178
1.0
0.99999964
1.0
1.0
1.0
0.9999999
0.99996626
1.0
1.0
1.0
1.0
1.0
1.0
1.0
0.99988556
1.0
1.0
0.99812037
1.0
1.0
1.0
1.0
0.9999999
1.0
1.0
1.0
1.0
1.0
1.0
1.0
1.0
1.0
1.0
1.0
0.99985385
0.9999912
1.0
1.0
1.0
1.0
1.0
1.0
1.0
1.0
1.0
0.750145
0.99992335
1.0
1.0
1.0
0.9999999
1.0
1.0
0.99999547
1.0
1.0
0.57295597
1.0
1.0
1.0
1.0
0.99999976
0.999995
1.0
0.99997807
1.0
1.0
1.0
0.9999995
1.0
1.0
1.0
1.0
0.99999964
1.0
1.0
1.0
1.0
1.0
1.0
0.9999883
1.0
1.0
1.0
1.0
0.9997042
1.0
1.0
1.0
0.9999989
0.9999999
0.9999999
0.99999964
1.0
0.9893919
1.0
0.99985254
0.9994704
1.0
0.9999974
1.0
1.0
1.0
1.0
1.0
1.0
1.0
1.0
0.99999964
0.9999999
0.9998487
0.9750632
0.9997193
1.0
1.0
1.0
1.0
1.0
1.0
0.9999994
1.0
1.0
0.9999994
1.0
0.99999976
1.0
1.0
1.0
0.9999316
1.0
0.9999995
1.0
1.0
1.0
1.0
1.0
1.0
1.0
1.0
1.0
1.0
1.0
1.0
1.0
1.0
0.9999999
0.99999976
0.9999995
1.0
1.0
1.0
0.99999976
1.0
1.0
1.0
1.0
1.0
1.0
1.0
1.0
0.9999999
1.0
1.0
1.0
1.0
1.0
1.0
1.0
0.9999999
1.0
0.99999917
0.99999976
1.0
1.0
1.0
1.0
0.9999975
1.0
1.0
1.0
1.0
1.0
0.9999999
1.0
0.99999964
1.0
0.9999999
0.9999976
0.9690578
1.0
1.0
1.0
1.0
1.0
1.0
1.0
1.0
1.0
0.9999995
0.9999769
1.0
1.0
1.0
1.0
1.0
1.0
