1.0
1.0
1.0
0.9999993
0.99999833
1.0
0.9998735
1.0
0.99866045
0.9999976
1.0
0.9999999
0.9999994
1.0
1.0
0.99999917
1.0
1.0
0.9987576
1.0
0.99999976
0.9999994
1.0
1.0
1.0
0.9999994
1.0
1.0
0.9999964
1.0
1.0
0.9999999
1.0
0.9999651
1.0
1.0
0.9999975
0.9999999
1.0
0.9999993
1.0
0.9999987
0.99999666
0.99999917
0.999998
1.0
0.99999523
1.0
0.99932134
1.0
1.0
1.0
1.0
1.0
1.0
1.0
1.0
1.0
0.99999976
1.0
0.9999993
1.0
0.9923166
0.9999697
1.0
0.99999964
1.0
0.99991226
1.0
1.0
1.0
1.0
1.0
0.99995565
0.99999964
1.0
1.0
1.0
0.9999981
0.99999416
0.99999785
1.0
1.0
1.0
1.0
1.0
0.9999993
0.99999917
1.0
0.9999994
1.0
1.0
0.99901557
0.99998903
0.9999999
0.9998006
0.99995625
0.99999726
1.0
1.0
1.0
1.0
1.0
1.0
0.99996483
1.0
1.0
0.9999945
1.0
1.0
1.0
0.99999535
1.0
1.0
1.0
0.8948176
0.9999989
1.0
1.0
0.999488
1.0
0.9999784
0.9999999
1.0
0.99997056
0.9999981
0.999998
1.0
1.0
1.0
1.0
1.0
0.9999999
0.99999976
1.0
1.0
0.9999999
0.9999999
1.0
0.999946
1.0
1.0
1.0
1.0
1.0
1.0
1.0
1.0
1.0
0.99999225
1.0
0.91749465
1.0
1.0
1.0
1.0
1.0
1.0
0.99999917
1.0
0.9992526
1.0
1.0
1.0
1.0
1.0
1.0
0.99994123
1.0
1.0
1.0
0.9983615
1.0
1.0
1.0
0.9994081
1.0
1.0
1.0
1.0
1.0
1.0
1.0
1.0
0.99978334
0.99999917
1.0
1.0
1.0
0.99999905
0.9999535
0.99999833
1.0
0.99181634
0.99999976
0.9999827
0.9999995
1.0
0.9999939
0.99980813
1.0
1.0
1.0
1.0
1.0
1.0
0.9999982
0.9999994
1.0
0.99617225
1.0
0.9966286
1.0
1.0
0.9999951
0.99999976
1.0
0.9999838
1.0
1.0
0.9999995
0.9998989
1.0
1.0
1.0
1.0
0.9999993
1.0
1.0
0.99999976
1.0
1.0
0.9999999
1.0
0.9999999
1.0
1.0
1.0
1.0
1.0
0.9999999
0.9999757
0.9999995
0.99999547
1.0
0.9999989
1.0
0.83413476
0.9999943
1.0
0.9997855
0.9999974
1.0
1.0
0.9999999
0.9999789
1.0
0.9999889
0.9999994
0.6011174
1.0
1.0
1.0
0.9999999
0.9999784
0.9999999
0.9991941
1.0
1.0
1.0
1.0
1.0
1.0
0.9999999
1.0
0.9999844
1.0
1.0
1.0
1.0
1.0
1.0
0.9917101
1.0
1.0
1.0
0.9999925
0.9999976
0.99999976
0.99999774
0.9999827
1.0
0.99999464
1.0
1.0
1.0
1.0
0.9999981
1.0
1.0
1.0
0.9999987
1.0
1.0
1.0
1.0
1.0
1.0
0.99999046
1.0
1.0
0.9999995
1.0
0.99999964
1.0
1.0
1.0
0.9999995
0.9999994
1.0
0.96472347
0.889587
0.999997
1.0
0.99997723
0.9999999
0.9972059
1.0
1.0
1.0
1.0
1.0
1.0
1.0
1.0
1.0
0.9998179
0.99991167
0.99999976
0.99999404
0.50245583
0.9999883
1.0
1.0
1.0
1.0
1.0
0.9999989
1.0
1.0
0.99998605
1.0
0.9999999
0.9999988
1.0
0.9999999
1.0
0.9999999
0.9984962
0.9647705
0.9999993
1.0
0.999974
1.0
1.0
1.0
0.9998969
1.0
0.99978226
1.0
1.0
1.0
0.9999999
1.0
1.0
1.0
0.99999905
1.0
1.0
1.0
0.9999999
0.9999925
1.0
1.0
1.0
1.0
0.99999976
0.9999999
1.0
0.9999994
1.0
0.9999994
1.0
1.0
1.0
1.0
1.0
0.9999982
0.9999974
0.99999833
0.9999975
1.0
1.0
0.9999999
0.9999995
0.9999988
0.99999917
1.0
1.0
0.99998677
1.0
0.9999789
0.99789786
1.0
1.0
0.99999
1.0
0.9998011
1.0
1.0
0.9999999
1.0
0.99999964
1.0
1.0
1.0
1.0
1.0
1.0
1.0
1.0
1.0
0.9999994
0.99999976
1.0
0.9994025
1.0
1.0
1.0
1.0
1.0
0.99999475
1.0
1.0
0.9996178
0.80908066
0.99999976
0.81471556
0.9997271
0.56629086
0.9987721
1.0
1.0
1.0
1.0
1.0
0.9999975
0.9999981
1.0
1.0
0.9999821
1.0
0.9999989
1.0
0.99985015
0.9999999
1.0
1.0
0.9999988
0.99999785
1.0
0.9999999
1.0
1.0
1.0
0.9999981
0.9999999
1.0
0.9999976
0.99926704
1.0
1.0
1.0
1.0
1.0
1.0
1.0
0.99999905
0.9999994
1.0
0.99999726
1.0
0.99999976
1.0
1.0
0.98763484
1.0
0.99856997
0.9999943
1.0
1.0
1.0
1.0
1.0
0.9999999
1.0
1.0
0.9999987
0.9999968
1.0
1.0
0.9999993
1.0
1.0
1.0
1.0
1.0
1.0
1.0
0.9999994
1.0
0.9999999
0.9999995
0.9999938
1.0
1.0
1.0
1.0
0.99992466
1.0
0.9999999
0.9999999
0.99999976
1.0
0.99999964
1.0
1.0
1.0
1.0
1.0
1.0
0.9999999
0.99997103
0.99991643
0.9999999
1.0
1.0
0.9999857
1.0
1.0
1.0
0.99467623
0.98612255
1.0
1.0
1.0
0.9999999
0.9998375
1.0
0.99999404
1.0
0.99999917
1.0
1.0
1.0
1.0
1.0
1.0
0.9999994
1.0
1.0
0.9796791
0.99999774
1.0
1.0
1.0
1.0
1.0
1.0
1.0
0.99999976
0.99999714
0.7422209
0.9921491
0.9999994
1.0
1.0
0.9999999
0.9999999
1.0
1.0
0.99877375
1.0
0.9999956
0.9999995
1.0
1.0
0.9999871
0.9999999
1.0
1.0
1.0
1.0
1.0
1.0
1.0
1.0
1.0
1.0
1.0
1.0
0.99998987
1.0
0.99962175
1.0
0.9999989
0.9999999
1.0
0.99999607
0.9246147
0.9999993
1.0
1.0
1.0
0.9999988
0.99873596
1.0
1.0
1.0
0.999985
1.0
1.0
1.0
1.0
1.0
0.99999726
1.0
1.0
1.0
0.9999962
0.99999034
1.0
0.99999726
1.0
1.0
0.9982338
0.9907885
1.0
1.0
0.9999982
1.0
0.99999905
1.0
1.0
1.0
1.0
1.0
1.0
0.9999808
0.50124186
1.0
0.9999852
1.0
1.0
1.0
1.0
0.99999976
0.99998736
1.0
1.0
0.9999999
0.99999905
1.0
0.9999999
0.61859095
0.9999999
0.9999933
0.99999976
0.9999999
0.99999917
1.0
1.0
1.0
1.0
0.45696646
0.9999999
1.0
1.0
0.99999964
0.9989942
1.0
0.9990207
1.0
0.9999999
1.0
1.0
1.0
1.0
0.9999548
0.9999999
0.99999547
1.0
1.0
1.0
1.0
1.0
1.0
0.99999917
0.9999999
1.0
1.0
1.0
0.99999344
1.0
1.0
0.9999999
0.6530494
0.9705392
1.0
0.9999993
0.88981736
1.0
1.0
0.9999807
1.0
1.0
0.9911772
1.0
0.99999714
1.0
0.99999976
1.0
1.0
1.0
1.0
1.0
0.9990368
0.9999976
0.9978648
1.0
0.889719
0.999995
1.0
1.0
1.0
1.0
0.9999689
1.0
0.99999726
1.0
1.0
1.0
1.0
1.0
1.0
1.0
1.0
1.0
1.0
1.0
0.9999398
0.9999753
0.9999348
1.0
1.0
0.9999995
1.0
1.0
1.0
1.0
1.0
0.9999999
0.99999964
1.0
0.9999993
1.0
1.0
1.0
1.0
1.0
0.99999905
0.99999607
1.0
1.0
1.0
0.9999943
0.99975175
1.0
1.0
0.9928324
0.9999579
0.99999976
1.0
1.0
1.0
1.0
1.0
0.9999988
0.9999999
1.0
0.9999987
1.0
1.0
1.0
0.99999404
1.0
1.0
1.0
1.0
1.0
0.9999876
1.0
1.0
0.9967092
1.0
1.0
0.9999999
0.99999845
0.9999999
1.0
1.0
1.0
1.0
0.99995446
1.0
1.0
1.0
1.0
1.0
0.99992037
1.0
0.99999976
1.0
0.99999213
0.9999999
0.9999999
1.0
1.0
1.0
0.99942505
0.99999666
1.0
0.99999976
1.0
0.99934024
0.9999999
0.99794644
1.0
1.0
1.0
1.0
1.0
1.0
1.0
0.99999964
1.0
1.0
0.9999536
1.0
0.9999995
1.0
1.0
1.0
1.0
1.0
1.0
0.9999584
1.0
1.0
1.0
0.99997723
1.0
0.99999607
1.0
0.9999931
0.9999995
1.0
0.9999987
0.9999994
1.0
0.99999976
0.7976079
0.7471509
0.98287004
1.0
0.99998
1.0
1.0
1.0
1.0
1.0
1.0
1.0
1.0
0.99999905
0.9935004
0.9999982
1.0
0.9999907
1.0
0.9966186
0.9999999
0.9969535
0.9998252
1.0
1.0
0.9999981
1.0
1.0
0.999977
1.0
1.0
1.0
1.0
1.0
1.0
0.9999933
1.0
1.0
1.0
1.0
1.0
1.0
1.0
0.99827576
1.0
0.99999344
1.0
1.0
1.0
0.99999976
1.0
0.9999995
1.0
1.0
0.9999999
0.99974173
1.0
0.99923325
0.99974996
0.9999821
1.0
0.9999999
1.0
0.9999999
1.0
0.9999999
0.9539349
1.0
0.9999987
0.99998176
0.9999999
0.9999982
1.0
1.0
0.99999166
0.988138
1.0
0.99998546
1.0
1.0
1.0
0.99999976
1.0
1.0
0.999132
0.9999999
1.0
1.0
0.99998415
1.0
0.99999976
1.0
1.0
1.0
1.0
1.0
0.99999917
1.0
0.99999785
1.0
0.99999917
0.9999956
1.0
1.0
1.0
1.0
1.0
1.0
1.0
1.0
1.0
0.9999982
1.0
0.99990153
0.9999951
1.0
1.0
0.99999976
1.0
0.99999845
0.9999999
0.9999989
0.99999964
0.9999982
1.0
0.9997745
1.0
0.99999905
1.0
0.99999917
1.0
0.9999988
1.0
1.0
0.9999999
1.0
1.0
1.0
1.0
1.0
0.9999163
0.9999434
0.9999999
0.99999213
1.0
0.9999995
1.0
1.0
1.0
0.99999964
1.0
0.99995613
0.9387835
1.0
1.0
1.0
1.0
1.0
0.6034922
1.0
1.0
0.9999957
1.0
0.99961096
0.957901
1.0
1.0
1.0
1.0
0.9999993
0.99989593
1.0
1.0
1.0
0.9999831
0.9999989
1.0
0.9999999
0.9998826
0.9999999
0.99997306
0.99998486
1.0
1.0
1.0
1.0
1.0
1.0
0.99999964
1.0
1.0
0.999998
0.99999917
1.0
1.0
1.0
0.9999993
0.9999999
1.0
1.0
0.9999758
0.9999927
1.0
1.0
1.0
1.0
1.0
1.0
0.9999993
0.99999964
1.0
1.0
1.0
0.9999963
1.0
1.0
1.0
1.0
1.0
0.99999976
0.9999702
1.0
1.0
1.0
1.0
1.0
0.9979219
0.99999964
1.0
1.0
0.9999993
0.9870511
1.0
0.97604966
1.0
1.0
1.0
1.0
0.9999987
1.0
0.99929404
0.99999976
1.0
1.0
0.9999999
0.9999999
1.0
0.9996933
0.9999999
0.99999964
1.0
1.0
0.99999964
1.0
1.0
0.9999999
1.0
0.99996746
1.0
1.0
0.9999995
0.99999976
0.9999962
1.0
0.99999106
0.9999999
0.99991024
0.99999785
0.99999917
1.0
1.0
1.0
0.9999975
0.9999882
1.0
0.9999893
0.99999785
1.0
1.0
0.9999999
0.9999999
1.0
1.0
0.9999776
0.9999999
0.99998677
1.0
1.0
0.9998535
1.0
0.9999999
1.0
0.9999585
1.0
1.0
1.0
1.0
0.9999713
1.0
0.9999981
0.9995908
0.67358494
1.0
1.0
1.0
1.0
0.9999999
1.0
1.0
1.0
0.9996923
0.999416
1.0
0.9999999
0.99999964
1.0
0.9999999
1.0
0.9999999
1.0
0.9999999
0.9995572
1.0
0.9999993
1.0
0.9986318
1.0
1.0
0.99999917
1.0
0.99999964
1.0
1.0
0.9999974
1.0
0.9999969
0.99995875
1.0
1.0
1.0
0.9999999
1.0
0.99999964
0.9999989
1.0
0.9901394
1.0
0.99998546
1.0
0.9999988
0.9999993
0.9461398
0.99999905
1.0
1.0
1.0
1.0
1.0
0.9999999
0.9999988
0.99999976
0.9486492
0.99999976
0.99999523
1.0
0.9999995
0.57200253
0.99997926
1.0
1.0
0.99999964
0.9999974
0.9999987
1.0
1.0
0.99996126
1.0
1.0
1.0
0.8253336
1.0
0.9999999
0.9385624
0.9999912
1.0
0.9999982
1.0
1.0
1.0
0.9999988
1.0
0.9999956
0.9990514
0.9999647
1.0
0.9999999
1.0
1.0
0.999783
1.0
0.9999993
0.9991272
1.0
1.0
1.0
1.0
1.0
0.999998
0.99994564
0.99882895
1.0
0.99994504
1.0
1.0
1.0
0.9998517
1.0
1.0
0.9919206
1.0
0.99989164
0.9999989
0.99999917
1.0
1.0
1.0
0.9999999
1.0
1.0
0.99999976
1.0
1.0
0.9999999
0.9999999
0.9999999
1.0
1.0
0.99999976
0.9637666
1.0
1.0
1.0
1.0
1.0
1.0
0.99361587
1.0
0.99779606
1.0
0.996807
0.99994755
1.0
1.0
0.9999995
1.0
1.0
0.9878513
1.0
0.99988925
1.0
1.0
1.0
1.0
0.9999951
1.0
1.0
0.99999917
1.0
0.9999999
1.0
1.0
0.99999964
1.0
1.0
0.99999523
0.9999901
0.99999976
1.0
1.0
1.0
1.0
1.0
1.0
0.9959527
0.9999999
0.9999999
1.0
1.0
1.0
1.0
1.0
1.0
1.0
1.0
1.0
1.0
0.99998605
0.99994576
1.0
1.0
1.0
1.0
1.0
1.0
0.99989676
1.0
1.0
1.0
1.0
1.0
0.9987851
1.0
0.59208846
0.9907323
0.99999857
1.0
0.9999881
0.9999999
1.0
0.99999976
0.99999976
0.99999905
0.98580825
0.999997
1.0
1.0
0.9999999
0.9999982
1.0
1.0
0.9998709
1.0
0.9999839
0.31625465
0.9697796
1.0
0.9999999
1.0
0.9999994
1.0
1.0
0.99999833
0.9999807
0.99999964
0.99949086
1.0
0.9999969
0.999998
0.99999905
0.99999976
1.0
1.0
0.9999994
0.9999999
0.9999881
0.99992895
0.9999988
0.9894164
0.9999751
0.9996486
0.99998415
1.0
1.0
0.99972683
0.9999995
1.0
0.99999976
1.0
1.0
1.0
1.0
1.0
0.99978966
0.99999976
1.0
0.9999999
1.0
0.9999999
0.9892408
1.0
1.0
0.9999999
1.0
0.9999981
0.9999994
0.9999962
1.0
1.0
0.9999995
1.0
1.0
1.0
1.0
1.0
0.9999989
0.99999976
1.0
1.0
1.0
1.0
1.0
0.9999207
0.9999999
1.0
1.0
1.0
1.0
0.9999982
1.0
1.0
1.0
0.99991775
1.0
0.9999305
1.0
0.9999397
1.0
1.0
0.9999999
0.998135
1.0
1.0
1.0
0.9999999
0.9999975
1.0
0.9999994
0.99999046
0.9998202
0.99999976
0.99999774
1.0
1.0
0.9999982
0.9999993
0.99980193
1.0
1.0
1.0
0.9953282
1.0
0.97558707
0.99999857
1.0
1.0
0.9999999
0.87664
1.0
1.0
0.9611194
0.9999976
1.0
1.0
1.0
0.99999225
1.0
1.0
1.0
1.0
1.0
1.0
1.0
0.9999465
1.0
1.0
1.0
0.9999683
0.9999995
0.9662135
1.0
0.99978584
1.0
0.9569792
0.991021
1.0
1.0
1.0
0.9994837
0.99706024
1.0
0.9999999
0.9999995
1.0
1.0
1.0
0.9999988
1.0
1.0
0.9975655
0.9997553
1.0
1.0
1.0
1.0
1.0
0.9999993
1.0
1.0
0.9999988
1.0
0.99997973
0.9999999
0.9999987
1.0
1.0
1.0
0.99999464
1.0
1.0
0.9999995
1.0
0.9999999
1.0
1.0
0.9999608
1.0
1.0
1.0
1.0
0.9999963
1.0
1.0
1.0
1.0
1.0
0.9999999
0.9999733
1.0
0.999987
1.0
0.98709667
1.0
0.99999964
0.9999968
1.0
1.0
0.9999999
0.99998546
1.0
0.9999969
0.9598334
1.0
1.0
0.9999989
1.0
0.9999969
0.9999989
1.0
1.0
1.0
0.99999857
1.0
1.0
0.9991786
1.0
1.0
0.99997354
0.9999999
1.0
0.99999917
0.7885687
1.0
1.0
1.0
1.0
1.0
1.0
0.9999999
0.9999918
0.99999964
1.0
0.99999976
1.0
0.9957164
1.0
1.0
1.0
1.0
0.9999999
0.9999999
1.0
1.0
1.0
1.0
1.0
1.0
0.99979323
1.0
1.0
0.9999994
0.96369505
1.0
0.99916327
0.9999995
1.0
0.99997115
1.0
0.99515885
1.0
1.0
0.5662303
0.9999304
1.0
1.0
1.0
0.99967813
0.99992883
1.0
0.99998343
1.0
0.99985266
1.0
1.0
1.0
0.99999976
1.0
1.0
1.0
1.0
1.0
0.9999839
0.999992
1.0
1.0
1.0
0.9999989
0.9999994
1.0
0.5227779
0.99999976
1.0
0.9999999
1.0
1.0
1.0
0.9999894
0.9978275
0.99989057
1.0
1.0
0.9958698
0.9998901
0.9999999
1.0
1.0
1.0
1.0
1.0
0.9999958
0.9999888
1.0
0.9999999
1.0
1.0
1.0
1.0
0.7517533
1.0
0.99999964
1.0
0.9999994
1.0
1.0
1.0
1.0
1.0
1.0
0.99793017
1.0
1.0
0.99992347
1.0
1.0
0.5479591
0.9999999
1.0
0.9999945
0.9999999
1.0
0.9999504
1.0
0.9999995
1.0
0.99999905
1.0
1.0
1.0
1.0
1.0
1.0
0.99999976
0.9999217
0.9995127
0.99999833
1.0
1.0
1.0
1.0
1.0
1.0
0.9999994
0.99999785
0.9999999
1.0
0.99973196
1.0
1.0
1.0
1.0
0.5783288
1.0
0.9999999
0.9999999
1.0
1.0
1.0
1.0
0.99999976
1.0
0.991778
0.99999964
0.99999964
1.0
1.0
1.0
0.9999995
1.0
0.9983571
0.9994742
1.0
0.9999893
1.0
1.0
1.0
1.0
0.99999905
1.0
0.9999999
1.0
1.0
1.0
0.99797124
0.9999999
1.0
0.9999994
0.99999976
1.0
0.99984264
0.99999976
1.0
1.0
1.0
0.99999833
0.9999993
1.0
0.99999976
1.0
0.9999354
0.99998724
1.0
0.999998
1.0
0.9994351
0.9999447
1.0
1.0
0.9995264
1.0
1.0
0.99999833
0.99999607
0.9999999
0.9999901
1.0
1.0
1.0
0.9999169
1.0
1.0
1.0
0.9999932
1.0
1.0
1.0
0.9999881
1.0
1.0
0.9992719
0.9999994
1.0
0.99939585
1.0
1.0
1.0
1.0
1.0
1.0
0.99883884
1.0
0.9974704
1.0
0.9999999
0.9974947
0.9999993
0.99999833
1.0
1.0
0.9999995
1.0
1.0
1.0
1.0
1.0
0.9999987
0.9999994
1.0
1.0
0.99995255
0.9999988
0.9989513
0.99528486
1.0
0.8473254
1.0
1.0
1.0
1.0
1.0
0.9628132
0.99999964
0.99999964
1.0
1.0
1.0
1.0
1.0
1.0
0.9999999
1.0
1.0
1.0
1.0
1.0
0.99999666
1.0
1.0
0.9999999
1.0
0.9999193
1.0
0.9999999
1.0
1.0
1.0
1.0
1.0
0.9999999
0.99904233
0.9999987
0.9999999
0.9999275
1.0
1.0
0.9999995
0.9999999
1.0
0.9999956
1.0
0.99998534
1.0
1.0
0.9999918
1.0
0.9999987
0.9999453
0.99551624
1.0
1.0
0.99999964
1.0
1.0
1.0
0.9995059
1.0
0.9999989
1.0
1.0
0.9999764
0.9999999
0.99999976
1.0
1.0
1.0
1.0
1.0
0.9999994
1.0
0.9999995
1.0
1.0
0.9999999
0.9997092
1.0
0.99999917
1.0
1.0
0.9998715
0.9999914
0.9999751
0.99999976
1.0
0.9999988
0.9999989
0.99999094
1.0
0.9999999
1.0
0.99999845
0.99999785
1.0
0.9999999
1.0
1.0
1.0
1.0
0.999998
1.0
1.0
0.9999999
1.0
1.0
1.0
1.0
1.0
0.9999994
0.9991103
1.0
0.6698279
1.0
1.0
1.0
1.0
0.99995923
0.99491197
0.99999607
1.0
1.0
0.99998903
0.99999976
1.0
1.0
1.0
0.9999999
1.0
0.9971302
0.99999845
0.99999964
1.0
1.0
0.9509507
1.0
1.0
0.7743209
0.9994338
1.0
1.0
0.9999981
0.9997886
1.0
0.9999995
1.0
1.0
0.6801165
1.0
1.0
1.0
0.9999999
0.999564
1.0
0.9999285
0.9999981
1.0
0.9997732
1.0
0.99999845
1.0
0.9999999
0.9999994
1.0
0.6599129
0.9999994
1.0
1.0
0.9999646
1.0
1.0
1.0
1.0
1.0
1.0
1.0
1.0
1.0
0.9995778
1.0
1.0
0.99999964
1.0
0.9999975
0.9999404
0.99999416
1.0
0.9999052
0.99998784
0.9999999
1.0
1.0
0.6067918
0.9999994
1.0
0.9999994
1.0
1.0
0.9999999
0.9999157
1.0
0.9999386
1.0
0.9846059
0.9999999
1.0
1.0
0.9997042
1.0
0.9999987
0.99999094
1.0
0.9908924
1.0
1.0
1.0
1.0
1.0
1.0
0.9999889
1.0
1.0
1.0
0.9343432
0.99991643
0.9999894
1.0
1.0
1.0
0.5968782
0.9999919
1.0
0.99999964
1.0
1.0
1.0
1.0
0.9999999
1.0
0.9999999
0.99999845
0.9999993
0.9997539
1.0
0.9999987
1.0
1.0
0.99999976
1.0
1.0
1.0
0.9999999
0.99999654
1.0
1.0
0.9998031
0.99998355
1.0
1.0
1.0
0.9997191
1.0
0.99999976
0.9999919
1.0
1.0
1.0
1.0
0.9995763
1.0
1.0
1.0
1.0
1.0
1.0
1.0
0.9032334
0.99999964
1.0
0.98287314
0.99974805
1.0
0.9997327
0.93889046
1.0
1.0
1.0
0.99999917
1.0
0.99966836
1.0
0.9997936
0.9999378
1.0
0.99999106
1.0
1.0
1.0
0.99999297
1.0
1.0
1.0
0.9999999
0.9999999
1.0
1.0
0.9999896
1.0
1.0
0.9992816
1.0
1.0
0.9999988
1.0
1.0
0.99999976
0.9999999
1.0
0.99994504
0.9997639
1.0
1.0
1.0
1.0
1.0
1.0
0.99999857
1.0
0.99999964
0.9999999
1.0
0.9999287
1.0
0.9999999
1.0
1.0
0.99999917
1.0
0.9999999
1.0
1.0
1.0
0.9999999
1.0
1.0
1.0
1.0
1.0
0.9999999
1.0
1.0
1.0
0.9999962
0.9999999
1.0
1.0
1.0
1.0
1.0
1.0
0.97667956
1.0
0.99999404
1.0
1.0
1.0
0.9999722
0.9999999
1.0
1.0
0.99997056
1.0
1.0
0.9999888
0.9976549
1.0
1.0
1.0
1.0
1.0
0.99999976
1.0
1.0
1.0
1.0
1.0
0.9999889
0.9353832
1.0
1.0
0.9999995
1.0
0.9999913
0.99997103
0.9999987
1.0
0.9999833
1.0
0.99999964
1.0
1.0
0.99999976
0.99792707
1.0
1.0
1.0
1.0
1.0
0.9999343
1.0
1.0
1.0
0.9999151
0.9999999
0.9999989
1.0
1.0
1.0
0.9999987
1.0
0.9988299
0.9999852
1.0
0.96553284
0.9999999
1.0
1.0
0.9999999
1.0
1.0
1.0
1.0
0.99996495
0.99999976
1.0
1.0
1.0
0.9568714
1.0
1.0
1.0
1.0
1.0
1.0
1.0
0.9999995
1.0
1.0
1.0
0.9999906
1.0
1.0
0.99982685
1.0
1.0
1.0
1.0
0.99999905
0.9999999
1.0
0.99999917
1.0
1.0
0.95029926
0.99999547
0.99958354
1.0
1.0
1.0
0.9999999
1.0
0.99999523
0.9999869
1.0
0.97487664
1.0
0.9999993
1.0
1.0
1.0
0.999835
0.99662375
1.0
1.0
1.0
1.0
1.0
0.9999975
0.9999995
0.9999918
0.9999999
0.9999999
0.9995459
1.0
0.99999964
1.0
0.9999999
1.0
0.9999987
1.0
0.8127352
0.99999976
0.99999964
0.99999845
1.0
1.0
1.0
1.0
0.6136215
0.9999913
1.0
0.9999075
0.9999999
1.0
1.0
0.99999964
0.9997962
1.0
1.0
0.9999994
0.99997056
1.0
1.0
1.0
1.0
1.0
1.0
0.9994512
0.99999595
1.0
1.0
0.9998815
0.9999999
1.0
1.0
0.9999993
1.0
0.9999999
0.9999999
1.0
1.0
0.9209456
0.9998914
0.99999976
0.9999988
1.0
1.0
1.0
0.7279154
0.9995684
1.0
0.99988663
1.0
0.99999964
0.9999951
1.0
0.9882244
1.0
0.9998344
1.0
1.0
1.0
1.0
1.0
1.0
1.0
0.9999999
0.9999908
0.9999999
1.0
0.99998546
1.0
0.9999981
1.0
0.9999894
0.99999404
0.99999464
1.0
0.99999917
1.0
1.0
1.0
0.60658157
0.99999416
0.9999999
1.0
1.0
1.0
1.0
1.0
0.99999714
1.0
0.9999999
1.0
1.0
1.0
1.0
1.0
0.9999999
1.0
0.99999833
1.0
0.9999994
1.0
1.0
1.0
0.99999905
1.0
0.9563218
0.9999987
0.99924845
1.0
1.0
1.0
1.0
0.999936
0.9999999
0.9992162
1.0
0.99999356
0.9999032
0.9999993
0.99998736
1.0
0.99999917
1.0
0.9998697
0.99999917
0.9989648
0.9999999
1.0
1.0
1.0
1.0
0.99999917
1.0
1.0
1.0
1.0
1.0
1.0
1.0
0.99179924
1.0
1.0
1.0
0.9999999
1.0
1.0
1.0
0.9999876
0.99999857
1.0
0.99993694
0.99999094
1.0
1.0
1.0
1.0
1.0
1.0
1.0
1.0
0.99999905
0.99999845
0.99998546
1.0
0.9993868
1.0
1.0
1.0
0.99999845
0.9973954
1.0
1.0
1.0
0.9986343
1.0
1.0
1.0
0.9999999
1.0
1.0
0.99999905
0.9999999
1.0
1.0
0.99999917
1.0
1.0
0.9999881
0.999954
0.9999995
0.9999969
1.0
1.0
1.0
0.99999976
0.9999999
1.0
1.0
0.9913254
1.0
0.9999993
0.9995264
1.0
0.9999813
1.0
1.0
1.0
1.0
1.0
0.9999856
1.0
0.9999908
1.0
1.0
0.9999988
1.0
1.0
1.0
1.0
1.0
1.0
0.9980082
0.99775946
1.0
1.0
1.0
0.9999882
1.0
1.0
0.99998736
1.0
1.0
0.9999286
0.9999995
1.0
1.0
0.9999913
1.0
1.0
0.9998153
0.99999964
1.0
0.9999994
1.0
0.9999989
0.9975884
1.0
1.0
1.0
0.99999547
0.9996093
1.0
1.0
1.0
1.0
1.0
0.9999999
1.0
1.0
0.9997234
1.0
0.99999225
0.99999034
0.999997
1.0
1.0
1.0
1.0
1.0
0.9673296
1.0
0.99999714
1.0
1.0
0.9999442
1.0
0.9999999
0.999998
1.0
1.0
0.9997613
1.0
1.0
1.0
0.9999999
1.0
0.999782
1.0
1.0
1.0
1.0
0.9999902
1.0
1.0
0.9999988
0.9999989
0.9981172
1.0
1.0
1.0
1.0
1.0
1.0
1.0
0.9985921
1.0
0.9999999
1.0
0.99999964
0.99996316
0.99999976
0.7887664
0.99999976
1.0
1.0
1.0
1.0
1.0
1.0
1.0
1.0
0.998178
0.9999995
0.99999833
1.0
0.999915
0.9999994
0.99999857
1.0
1.0
1.0
0.99998224
1.0
0.50006634
0.99998605
1.0
1.0
1.0
1.0
1.0
0.9999974
0.99999964
1.0
1.0
0.99995995
0.9997322
1.0
0.9999956
1.0
0.9968989
1.0
0.9996723
0.9999825
1.0
1.0
0.9999993
1.0
1.0
1.0
1.0
0.9999894
0.9995079
0.6428496
1.0
1.0
1.0
1.0
1.0
0.99999976
0.9743673
1.0
0.9995415
0.9999994
0.9999989
1.0
0.9999999
1.0
1.0
1.0
1.0
1.0
1.0
1.0
1.0
0.9999999
1.0
1.0
1.0
1.0
1.0
1.0
1.0
0.999998
1.0
0.9997516
1.0
1.0
1.0
1.0
0.99999857
1.0
0.9986613
0.99999964
0.9999995
1.0
0.99999523
0.9999994
1.0
0.99999213
0.9999857
1.0
1.0
1.0
0.99999464
0.99853873
0.9999989
0.9994686
1.0
0.9999994
0.999995
0.99999595
0.9999926
0.99999976
0.99999857
1.0
0.9999999
1.0
0.9898683
1.0
1.0
1.0
1.0
1.0
0.99999976
0.99992466
1.0
0.9999993
0.9999999
0.99999905
1.0
1.0
0.9999969
0.9928508
1.0
1.0
0.9999988
1.0
1.0
1.0
0.9999974
1.0
0.9821232
1.0
1.0
0.99840194
1.0
1.0
0.9999999
1.0
0.99999976
1.0
1.0
1.0
0.99999785
1.0
1.0
0.99999905
0.9999988
0.9999964
0.9999999
1.0
0.9999999
1.0
1.0
1.0
1.0
1.0
1.0
1.0
0.99999976
1.0
1.0
0.9999865
1.0
1.0
0.99940276
1.0
0.99481744
1.0
0.9999988
1.0
0.99999917
1.0
0.99983585
1.0
1.0
1.0
0.99999535
0.9999151
1.0
1.0
0.9999989
1.0
1.0
0.9999999
1.0
0.9986633
0.99994504
0.9999999
1.0
1.0
1.0
0.98504585
1.0
1.0
1.0
0.99993503
0.9999999
0.99843854
1.0
0.9999987
0.99997616
1.0
0.9999995
0.99999976
1.0
1.0
0.9999988
0.9999827
0.9945257
0.93231833
0.9999988
0.9999999
1.0
0.9999958
0.9999976
0.99999917
0.99988973
1.0
1.0
1.0
1.0
1.0
0.99967086
0.97577786
0.99999964
1.0
0.9999757
1.0
1.0
0.9999752
0.99998677
0.99996734
0.99999976
1.0
1.0
1.0
0.99998164
1.0
0.9999999
1.0
0.9990901
1.0
0.9998555
1.0
1.0
0.9999999
0.99997985
0.9999999
1.0
0.99983704
1.0
0.9999995
1.0
1.0
1.0
1.0
0.99999535
1.0
1.0
1.0
0.9994886
0.9999976
1.0
0.99999785
1.0
0.70003974
1.0
1.0
0.99999976
0.9999999
0.9999974
0.99999976
1.0
0.9999995
0.999997
0.9966186
1.0
0.9999999
1.0
1.0
1.0
1.0
0.99999595
1.0
1.0
1.0
1.0
1.0
1.0
0.9999999
1.0
0.9999958
1.0
0.9898976
1.0
0.9999993
0.9999988
1.0
1.0
0.9999994
0.680656
1.0
1.0
0.9999995
1.0
1.0
1.0
1.0
0.9999976
1.0
0.9999999
1.0
1.0
1.0
1.0
1.0
1.0
1.0
1.0
1.0
1.0
1.0
1.0
1.0
1.0
1.0
0.99999976
1.0
0.9999999
0.9992061
0.99442756
1.0
0.9992261
1.0
1.0
1.0
1.0
0.9999999
1.0
0.99999166
0.99999964
1.0
1.0
0.8003003
1.0
1.0
1.0
1.0
0.9999995
1.0
1.0
1.0
1.0
1.0
0.9999999
1.0
1.0
0.9999999
0.9999999
1.0
1.0
0.9999964
0.99999964
1.0
1.0
1.0
1.0
1.0
0.99999595
1.0
0.99931383
0.9999999
0.9999362
0.99999726
1.0
1.0
0.99999774
0.9999995
0.9999455
0.9964038
1.0
0.9999999
0.9999999
1.0
0.9870704
1.0
1.0
0.99976116
1.0
1.0
1.0
0.9999821
0.9995203
1.0
0.9999974
1.0
1.0
1.0
1.0
0.96989655
0.9999932
1.0
0.999401
0.99956256
0.9998759
1.0
0.9999949
1.0
0.9999999
1.0
1.0
1.0
0.99999964
0.99999964
1.0
0.9999995
1.0
1.0
0.9999999
1.0
1.0
1.0
0.9999999
1.0
1.0
1.0
1.0
0.99903595
1.0
1.0
0.999997
0.9999999
1.0
1.0
0.9999999
0.9999999
0.9999584
1.0
1.0
1.0
1.0
1.0
0.98034334
0.99999833
0.9999964
0.9999995
0.9999764
1.0
0.9999987
1.0
1.0
0.9999999
1.0
1.0
0.9999553
0.9999963
1.0
1.0
1.0
0.9978319
1.0
1.0
1.0
1.0
1.0
1.0
0.99997914
1.0
1.0
1.0
1.0
0.999998
1.0
1.0
1.0
0.99999976
0.99997926
1.0
1.0
0.9999999
1.0
0.99999964
1.0
0.99994576
1.0
1.0
1.0
1.0
0.99997723
0.9999995
1.0
1.0
0.9999982
1.0
1.0
0.88016707
1.0
1.0
0.99999666
0.99999774
1.0
1.0
1.0
0.9999988
1.0
0.99854326
0.9998198
0.99999964
0.99999106
0.9999989
0.99999917
1.0
0.9999999
1.0
0.9999999
1.0
1.0
1.0
1.0
1.0
0.9975528
0.9999211
0.9999999
1.0
0.9999995
0.99999964
1.0
1.0
1.0
0.9999993
0.9999455
1.0
0.99999774
0.9999697
0.9999999
1.0
0.9999858
1.0
1.0
0.99998116
1.0
1.0
1.0
0.99999607
1.0
1.0
1.0
0.99999976
0.9999999
1.0
0.99998176
1.0
1.0
1.0
0.9999999
1.0
1.0
0.9999999
0.99837494
0.9588274
1.0
0.9998776
0.99999785
1.0
0.9999995
1.0
0.99999917
1.0
1.0
1.0
1.0
1.0
0.9999995
0.9999825
1.0
0.9999988
1.0
1.0
1.0
1.0
1.0
1.0
1.0
1.0
0.99999976
1.0
0.9993968
0.9999622
1.0
0.99999785
0.9999999
0.9999999
1.0
1.0
1.0
1.0
0.9999995
1.0
0.99999046
0.9997619
0.99580777
0.99999976
0.9999999
0.9999999
1.0
1.0
0.99969065
0.9999505
1.0
1.0
1.0
1.0
0.9963511
0.9999999
0.9999993
0.9999994
0.9999999
0.999997
1.0
1.0
1.0
1.0
0.99999917
0.99999976
1.0
1.0
0.99999976
1.0
0.999997
0.9999982
1.0
0.99999785
1.0
1.0
0.9999999
1.0
1.0
0.9999999
1.0
0.999858
1.0
1.0
1.0
0.9999747
1.0
0.9999999
0.9999975
0.9999814
1.0
1.0
1.0
1.0
1.0
0.9999964
0.9651128
1.0
1.0
1.0
0.99997973
1.0
0.99999964
0.99999976
0.9999995
1.0
0.9999989
1.0
1.0
1.0
1.0
1.0
1.0
1.0
0.9999604
0.9999993
1.0
1.0
1.0
1.0
1.0
1.0
0.99969184
0.9999865
0.9999993
1.0
1.0
0.9999999
1.0
1.0
0.9999975
1.0
0.99999976
1.0
0.9089
1.0
0.9999999
0.99997663
0.9999995
1.0
1.0
0.9999999
0.9999987
0.99999964
0.9999999
1.0
1.0
1.0
1.0
0.99999845
1.0
0.9999999
1.0
0.99982834
0.9999999
1.0
1.0
1.0
0.99999976
0.9999684
0.9999187
1.0
0.999995
0.98786616
0.9999999
0.99999034
1.0
1.0
1.0
0.9892755
1.0
1.0
0.99999964
0.99999976
1.0
1.0
0.99944586
0.99999857
1.0
1.0
0.99999976
1.0
1.0
0.9999999
1.0
1.0
0.9999585
0.9989214
1.0
0.9999999
1.0
1.0
1.0
1.0
1.0
0.9999999
1.0
1.0
1.0
1.0
0.9999995
0.99999857
0.9999933
0.9999999
0.9999999
1.0
0.9999988
0.99999964
1.0
0.9999994
0.99998915
1.0
1.0
1.0
0.99999964
0.9939237
1.0
0.9999999
0.999998
1.0
1.0
0.9999995
1.0
0.9929547
0.9999999
1.0
1.0
1.0
1.0
1.0
0.9999999
1.0
0.99973994
1.0
0.9999994
0.9999993
0.9999999
0.9996917
1.0
1.0
1.0
0.9999862
0.9999789
1.0
1.0
0.9995741
0.76010776
0.9999999
0.99999774
0.99999976
1.0
0.99999917
0.99999845
0.9994747
1.0
1.0
1.0
1.0
1.0
0.9999999
1.0
0.9999994
0.9998374
1.0
1.0
1.0
1.0
0.9999976
1.0
0.9999995
0.8126535
0.9988722
1.0
0.99999917
1.0
0.99999976
1.0
0.9999993
1.0
0.9999999
1.0
1.0
1.0
0.9999833
1.0
0.9999995
0.9995215
0.99999964
0.9999999
1.0
1.0
1.0
0.99986875
0.9999995
0.99999976
1.0
1.0
0.99999547
1.0
1.0
1.0
0.9999846
1.0
0.9999975
1.0
1.0
0.99999964
1.0
0.9999782
0.99991643
0.9998789
0.9513106
1.0
0.9958841
1.0
1.0
0.99999726
1.0
1.0
0.99999297
1.0
1.0
1.0
1.0
1.0
0.9999999
1.0
0.999997
0.9999999
1.0
0.9998412
1.0
1.0
1.0
1.0
1.0
1.0
1.0
0.5429765
1.0
1.0
0.999997
1.0
1.0
0.99999964
1.0
1.0
0.99999976
1.0
1.0
1.0
0.9999999
0.9999999
1.0
1.0
1.0
1.0
1.0
0.9997291
0.99999774
1.0
1.0
1.0
0.9999999
1.0
0.9998779
1.0
1.0
1.0
1.0
0.99978155
1.0
1.0
1.0
0.9998584
1.0
0.99999964
1.0
1.0
0.9999995
1.0
0.99992466
1.0
1.0
0.9999989
1.0
1.0
1.0
1.0
1.0
1.0
1.0
1.0
0.94324046
1.0
1.0
0.9999993
1.0
1.0
1.0
0.99999464
1.0
0.99993515
1.0
1.0
1.0
0.99999905
0.99999976
1.0
1.0
1.0
1.0
1.0
1.0
0.9625208
1.0
1.0
1.0
0.99999726
1.0
1.0
1.0
0.9999901
0.99999917
1.0
1.0
0.9999999
1.0
0.99999976
1.0
0.9030448
1.0
0.9999994
0.999961
1.0
0.9999931
0.9999467
0.99999833
0.9986324
0.93635964
0.9999988
0.9999087
0.99827194
1.0
1.0
1.0
1.0
1.0
0.9999968
1.0
1.0
0.99999845
1.0
1.0
0.99984086
0.9999999
1.0
1.0
1.0
0.9999999
1.0
0.9999708
1.0
0.965256
1.0
1.0
0.99999976
0.99883276
0.9999981
0.9999999
1.0
1.0
1.0
1.0
0.99816436
1.0
0.9999995
0.9999976
0.9999677
0.60132706
0.99999845
1.0
1.0
1.0
0.99999905
1.0
1.0
1.0
0.999997
1.0
0.92803967
1.0
0.99888915
1.0
0.9999982
0.99999976
1.0
0.99999785
0.9999957
0.9999956
1.0
0.99999404
0.99999416
0.99999976
1.0
0.99999774
0.9547664
1.0
0.99969375
1.0
1.0
0.99999464
1.0
0.99998903
1.0
1.0
1.0
1.0
0.99533045
1.0
0.99287874
1.0
0.99999905
0.9979202
1.0
1.0
1.0
1.0
1.0
1.0
0.9999864
1.0
1.0
0.9975122
1.0
1.0
1.0
1.0
1.0
1.0
1.0
1.0
1.0
0.9999044
1.0
0.99999857
1.0
1.0
0.99995804
1.0
0.99902856
1.0
0.9999999
1.0
1.0
1.0
1.0
1.0
0.9999951
1.0
0.99999976
1.0
0.9952726
1.0
1.0
0.91217315
1.0
1.0
0.99999917
1.0
1.0
0.99999356
1.0
0.9999999
0.999992
1.0
1.0
1.0
0.99999964
0.99999964
1.0
0.9997824
1.0
0.9999995
1.0
1.0
1.0
1.0
0.9999994
1.0
0.99998724
1.0
1.0
1.0
1.0
1.0
0.9999999
0.99999976
1.0
1.0
1.0
1.0
1.0
1.0
1.0
0.9944547
0.9999987
1.0
1.0
1.0
0.99999976
1.0
0.99999356
1.0
0.99988306
1.0
1.0
1.0
0.7888697
1.0
1.0
0.99999857
1.0
1.0
1.0
1.0
1.0
1.0
1.0
1.0
1.0
1.0
1.0
1.0
1.0
0.999998
0.9999981
0.99999976
0.99947923
1.0
1.0
1.0
1.0
1.0
1.0
1.0
1.0
1.0
1.0
1.0
0.9999852
0.99979156
0.9999987
0.92514294
0.99999976
0.9998373
1.0
1.0
0.9999366
1.0
1.0
1.0
0.9999974
0.9927409
0.9999995
1.0
1.0
1.0
1.0
1.0
1.0
1.0
1.0
1.0
0.9999342
1.0
1.0
1.0
1.0
1.0
0.58971643
0.9998678
0.9999981
0.99984
1.0
1.0
1.0
1.0
0.99556834
1.0
1.0
1.0
1.0
1.0
0.9999999
1.0
0.9999293
0.9983423
0.9999999
0.9999975
0.9999999
0.9999999
1.0
1.0
1.0
1.0
1.0
0.9999988
0.99999964
0.9998776
1.0
1.0
0.999977
1.0
0.99999976
1.0
1.0
0.9999999
1.0
0.98465157
1.0
1.0
1.0
0.99999964
0.9999987
0.9999999
1.0
0.9998808
1.0
0.9993586
0.99997914
1.0
1.0
1.0
0.99999833
1.0
1.0
0.9999999
1.0
0.8223261
1.0
0.99998915
0.9999684
0.99999964
0.99999976
1.0
1.0
1.0
1.0
0.99999905
1.0
1.0
1.0
1.0
1.0
1.0
1.0
1.0
1.0
0.999997
1.0
1.0
1.0
1.0
0.999869
0.9999244
1.0
1.0
0.999998
1.0
1.0
1.0
0.99999964
1.0
1.0
0.99988353
1.0
0.98734343
1.0
1.0
1.0
1.0
1.0
0.9999628
1.0
1.0
0.9999999
0.83722395
1.0
0.9999987
0.55964226
1.0
0.9999999
1.0
1.0
1.0
1.0
1.0
0.99997723
1.0
0.9999939
0.9999999
1.0
0.9999995
0.99999666
0.99821967
1.0
0.99999964
1.0
1.0
0.99999523
0.99997926
0.99997425
1.0
0.99990785
1.0
1.0
1.0
1.0
1.0
1.0
1.0
0.9999999
0.9999949
1.0
0.9999968
0.9999999
1.0
0.99999976
0.9999646
1.0
0.9999995
1.0
1.0
1.0
0.9999999
1.0
0.9999876
0.99991834
1.0
1.0
1.0
1.0
0.99999964
1.0
1.0
0.9999993
1.0
1.0
1.0
1.0
0.99999774
0.9999994
0.99999976
0.99984646
1.0
1.0
1.0
0.9998325
1.0
0.9999862
0.99999595
1.0
0.9999995
1.0
1.0
0.99999607
1.0
0.99993086
0.9999995
0.99999523
0.9999982
1.0
1.0
1.0
0.99971694
1.0
0.99999976
0.9999999
1.0
0.99999976
1.0
1.0
0.9977289
0.9999999
1.0
0.9999759
1.0
0.85700506
0.999997
0.999997
1.0
0.9999969
1.0
0.99999964
0.9999999
0.99999964
0.9999945
1.0
1.0
1.0
1.0
1.0
1.0
0.99998367
0.9999957
0.99999714
1.0
0.99997914
1.0
0.9999999
0.999995
1.0
0.9988165
1.0
1.0
0.9999995
0.9620569
1.0
0.9999989
0.9999999
1.0
1.0
0.9999927
0.99960345
1.0
1.0
1.0
0.99999833
1.0
1.0
1.0
1.0
0.9999981
1.0
0.99997103
0.999726
1.0
1.0
1.0
0.9999995
1.0
1.0
1.0
1.0
1.0
1.0
1.0
1.0
1.0
0.7211736
0.9999999
1.0
1.0
1.0
0.9999995
0.9999918
1.0
1.0
0.99999976
0.8551456
1.0
1.0
1.0
1.0
1.0
1.0
0.9937162
0.99368095
1.0
1.0
0.99992025
0.99997735
1.0
1.0
1.0
1.0
0.9708693
0.999892
1.0
0.99999976
0.998558
1.0
0.9924833
0.9999999
1.0
1.0
1.0
1.0
1.0
1.0
1.0
0.99999976
0.9999987
1.0
1.0
0.9021795
0.9999989
0.99999964
0.9999993
1.0
0.9823997
1.0
0.99999964
1.0
0.9999999
1.0
1.0
1.0
0.99945
0.9999999
0.99999774
0.9999428
0.9999999
1.0
1.0
1.0
1.0
0.9997873
1.0
0.9999995
0.9999999
1.0
1.0
1.0
0.9998684
0.9999838
0.9996562
1.0
0.9999995
1.0
1.0
1.0
0.9999995
1.0
1.0
1.0
0.999967
1.0
0.9999999
0.99999964
0.99999774
0.9999999
1.0
1.0
0.99999833
1.0
1.0
1.0
1.0
1.0
0.9999999
1.0
1.0
1.0
0.99999976
0.98065245
1.0
1.0
1.0
1.0
0.9979139
0.9997267
1.0
1.0
1.0
1.0
0.99999976
1.0
0.99999976
0.9999999
0.99977356
0.9841749
0.99999905
1.0
0.9998783
1.0
1.0
1.0
1.0
1.0
0.9637353
1.0
1.0
1.0
1.0
0.99999654
1.0
1.0
0.99998164
1.0
1.0
0.999895
1.0
0.9972042
1.0
0.9999529
1.0
0.99999785
0.99999964
1.0
1.0
0.99998486
0.99989843
1.0
0.9999999
1.0
0.9999999
0.9999999
1.0
1.0
0.99999833
0.9881263
0.9999902
1.0
0.99987483
1.0
0.99989927
1.0
1.0
0.99999976
1.0
1.0
1.0
1.0
0.9999969
0.9999999
1.0
1.0
1.0
1.0
0.9999492
1.0
0.9995241
1.0
1.0
1.0
0.993554
1.0
0.99999845
1.0
0.9998048
1.0
1.0
1.0
0.99839574
0.99999845
0.99998796
0.9999999
0.9999995
0.9999989
0.9999629
1.0
0.9999995
0.9999999
0.9697983
1.0
1.0
1.0
0.9999995
1.0
0.9999994
1.0
0.9999969
1.0
1.0
0.9974842
0.999997
1.0
1.0
0.99999917
1.0
0.99994814
1.0
1.0
0.99999964
1.0
1.0
1.0
1.0
1.0
0.99999976
0.9999999
0.9999999
1.0
0.99999964
1.0
0.9999999
1.0
0.92524916
1.0
0.9999945
0.99999964
1.0
0.99994576
0.9999993
1.0
0.99999976
1.0
0.99978405
0.9999908
0.99999046
1.0
1.0
1.0
1.0
0.9949929
1.0
1.0
0.83725744
0.99901354
1.0
0.9603525
1.0
1.0
1.0
0.99737597
0.9886508
0.99999976
0.98465824
1.0
1.0
0.9999999
0.99997604
1.0
0.99999857
0.9999995
0.99999595
1.0
1.0
1.0
0.99853575
1.0
0.99999654
1.0
1.0
1.0
1.0
1.0
1.0
0.9999902
1.0
1.0
1.0
1.0
1.0
0.99999404
1.0
0.5480224
1.0
0.9999981
1.0
0.9999956
1.0
1.0
0.9999888
1.0
1.0
1.0
0.999684
0.9999995
1.0
1.0
0.9978623
0.99999964
1.0
0.999979
0.9999987
1.0
1.0
0.99949217
1.0
0.99999976
0.9999999
1.0
0.99998987
0.99999976
0.9999999
0.99996436
0.9999825
1.0
0.99999475
0.99999917
0.7212866
1.0
1.0
0.9999994
0.995099
1.0
1.0
0.9744787
0.9996371
0.9999999
1.0
1.0
1.0
1.0
0.9999999
1.0
1.0
1.0
0.9999999
1.0
1.0
0.9999999
0.9999988
0.99999726
1.0
1.0
1.0
0.9999863
1.0
1.0
0.99446255
1.0
0.9999999
0.99908507
1.0
1.0
0.9999999
1.0
1.0
1.0
1.0
1.0
1.0
0.9999248
0.9872335
1.0
0.9999989
1.0
0.9988244
0.9993943
1.0
1.0
1.0
1.0
1.0
1.0
1.0
1.0
1.0
1.0
1.0
0.9999999
1.0
1.0
0.9998191
1.0
1.0
1.0
0.82378924
0.9999949
1.0
1.0
0.99981374
1.0
1.0
1.0
1.0
1.0
1.0
1.0
1.0
1.0
1.0
1.0
1.0
0.9999889
1.0
0.9999999
1.0
0.9999206
1.0
0.9854482
0.99999964
1.0
1.0
1.0
1.0
1.0
1.0
1.0
0.9999963
0.99999976
0.9999994
0.999969
1.0
1.0
0.99999964
1.0
0.99999416
1.0
0.99996626
1.0
1.0
0.9999999
1.0
1.0
1.0
1.0
0.9999999
0.9985902
1.0
0.9999994
0.9999993
1.0
0.99994063
0.99997985
1.0
0.99998593
0.6385645
1.0
0.9999995
0.9999999
1.0
1.0
1.0
1.0
1.0
0.99999976
1.0
1.0
1.0
0.9999186
0.99999547
1.0
1.0
1.0
1.0
1.0
1.0
0.9998553
0.9999999
1.0
0.99992216
0.99999344
0.9999999
1.0
1.0
1.0
0.99999106
1.0
0.99589986
1.0
0.9999999
1.0
0.9999964
0.9999943
1.0
0.9997533
0.9999771
0.9974567
1.0
0.9999999
0.98906505
0.9999895
0.99999964
0.9999995
1.0
1.0
1.0
1.0
0.9996321
1.0
1.0
1.0
0.99999917
1.0
1.0
1.0
0.99578345
0.99999774
0.972615
1.0
0.99977726
0.9999999
1.0
1.0
1.0
0.99999976
1.0
1.0
1.0
1.0
1.0
1.0
1.0
0.9999906
0.9999987
1.0
1.0
1.0
1.0
1.0
0.5942007
1.0
1.0
1.0
1.0
0.9999994
0.9999999
1.0
0.99999976
1.0
1.0
0.99999547
1.0
1.0
1.0
0.9999734
1.0
1.0
0.99999976
1.0
1.0
0.9999466
1.0
1.0
0.9718042
0.999984
1.0
1.0
1.0
0.9999999
1.0
0.8100067
0.99998176
0.9998977
1.0
1.0
0.9999963
1.0
1.0
1.0
0.99961865
1.0
1.0
0.9999714
1.0
0.9999962
0.99999964
1.0
1.0
1.0
1.0
0.9999989
1.0
1.0
0.9983919
0.9986228
0.9999914
1.0
1.0
0.9999831
1.0
1.0
1.0
0.9999993
1.0
1.0
1.0
1.0
1.0
1.0
0.9999999
0.9999987
0.99999964
0.9999987
0.9998641
1.0
1.0
0.67624164
0.9984497
1.0
0.9999995
1.0
1.0
0.999998
0.99999964
1.0
0.99999976
1.0
1.0
1.0
1.0
0.97433734
1.0
0.99999917
0.9999995
1.0
0.9994623
0.999116
1.0
0.99999654
1.0
0.99999833
1.0
0.9951279
0.9999788
0.9999981
1.0
0.9999449
1.0
1.0
0.9999999
0.9999999
1.0
1.0
1.0
0.9999994
1.0
0.9999993
1.0
0.9999416
0.9999999
1.0
1.0
1.0
0.9999999
1.0
0.9999987
0.99999464
0.9705695
0.99999976
1.0
1.0
0.9999993
1.0
1.0
0.9999995
0.99999964
1.0
0.99999833
1.0
0.99999917
0.99959666
1.0
1.0
1.0
1.0
0.9999975
1.0
1.0
1.0
1.0
0.9999672
1.0
0.9999999
1.0
0.9999993
0.99994564
1.0
0.9999999
0.9998791
0.99962056
0.99999905
1.0
1.0
1.0
1.0
1.0
0.99999785
0.99994993
0.9999982
1.0
1.0
1.0
0.9158674
1.0
1.0
0.9999856
1.0
1.0
1.0
1.0
0.9999988
1.0
0.9999832
0.9999999
0.99999976
1.0
1.0
0.9999999
0.9999999
1.0
1.0
1.0
0.9999999
1.0
0.9721377
0.999998
1.0
1.0
0.99999833
1.0
0.99999726
0.9999989
1.0
1.0
1.0
0.9999969
0.99967504
1.0
1.0
0.9999999
0.9999932
0.9999583
1.0
0.9977582
1.0
1.0
1.0
0.99999905
1.0
1.0
1.0
1.0
0.9999949
1.0
1.0
0.99999774
1.0
1.0
1.0
1.0
0.9999999
0.99999833
1.0
1.0
1.0
1.0
1.0
1.0
1.0
1.0
1.0
1.0
1.0
1.0
1.0
0.99999917
1.0
1.0
1.0
1.0
1.0
0.9999918
1.0
1.0
1.0
1.0
0.99999976
1.0
1.0
1.0
1.0
1.0
0.99998057
1.0
0.9999994
1.0
1.0
0.9999852
1.0
1.0
1.0
1.0
1.0
1.0
1.0
1.0
1.0
1.0
0.99999976
1.0
1.0
1.0
1.0
0.99971074
0.99999726
1.0
1.0
1.0
1.0
1.0
0.9999968
1.0
1.0
1.0
0.99999976
1.0
1.0
1.0
1.0
1.0
1.0
0.9999999
0.99996626
1.0
0.99998236
1.0
0.99999964
0.99999964
1.0
1.0
1.0
1.0
1.0
0.9999919
1.0
0.9999994
0.9999999
1.0
1.0
1.0
1.0
0.9999987
0.99999964
1.0
0.99999976
1.0
1.0
1.0
1.0
1.0
0.9999995
1.0
1.0
1.0
1.0
1.0
0.9999995
0.99999964
1.0
1.0
1.0
1.0
1.0
0.9838838
1.0
1.0
1.0
1.0
1.0
1.0
1.0
0.99999976
0.9999999
1.0
1.0
1.0
0.996427
0.99999964
1.0
0.99999154
1.0
1.0
0.9999999
1.0
1.0
1.0
1.0
0.9999999
0.99998724
1.0
1.0
0.99999964
1.0
1.0
1.0
0.944362
1.0
1.0
0.9999993
1.0
1.0
0.90854657
1.0
0.9999995
1.0
1.0
1.0
1.0
1.0
1.0
1.0
1.0
1.0
0.99999523
1.0
1.0
0.9999987
1.0
1.0
1.0
1.0
1.0
1.0
1.0
1.0
1.0
0.9999994
1.0
1.0
1.0
0.9993523
0.9999999
1.0
1.0
1.0
0.99981946
0.9999999
0.9606009
0.9999989
0.9998271
1.0
0.99999976
1.0
0.9998934
1.0
1.0
1.0
0.9999999
1.0
1.0
1.0
1.0
1.0
0.99999964
1.0
0.9999999
1.0
0.9999894
1.0
1.0
1.0
1.0
1.0
1.0
0.9998487
1.0
1.0
1.0
1.0
1.0
1.0
1.0
1.0
1.0
0.9999999
1.0
1.0
1.0
1.0
1.0
0.9999999
1.0
0.9878477
1.0
1.0
1.0
0.99999917
1.0
1.0
1.0
1.0
0.99997914
1.0
1.0
1.0
1.0
0.99999964
0.99996996
0.99999976
1.0
1.0
0.9993911
1.0
1.0
0.9998776
0.9999958
0.9999739
0.99999976
1.0
1.0
1.0
1.0
1.0
1.0
0.996376
1.0
1.0
1.0
1.0
1.0
1.0
1.0
1.0
1.0
0.99970263
1.0
1.0
1.0
0.9999999
1.0
1.0
1.0
1.0
1.0
0.99999976
1.0
1.0
0.99999917
1.0
1.0
1.0
1.0
1.0
0.9999999
1.0
1.0
1.0
1.0
1.0
1.0
1.0
1.0
1.0
1.0
1.0
0.9999999
0.9999995
0.9999993
0.9999999
1.0
1.0
1.0
1.0
1.0
1.0
1.0
1.0
0.6613081
1.0
1.0
1.0
0.9999969
1.0
1.0
1.0
1.0
1.0
1.0
1.0
0.99998105
1.0
1.0
1.0
1.0
1.0
1.0
1.0
1.0
1.0
1.0
1.0
1.0
1.0
1.0
1.0
1.0
0.9999678
1.0
1.0
1.0
1.0
1.0
1.0
1.0
1.0
1.0
1.0
1.0
1.0
1.0
1.0
0.9999999
1.0
1.0
1.0
0.9999999
0.99997926
1.0
1.0
1.0
1.0
1.0
1.0
1.0
1.0
1.0
1.0
1.0
1.0
1.0
1.0
1.0
1.0
0.99999976
1.0
1.0
1.0
0.9999999
1.0
1.0
1.0
0.9999994
0.9999999
0.9999981
1.0
0.9999974
1.0
1.0
1.0
1.0
1.0
1.0
0.9999982
0.99999964
1.0
1.0
1.0
1.0
1.0
1.0
0.9999988
1.0
1.0
1.0
1.0
1.0
1.0
0.9999999
1.0
1.0
1.0
1.0
1.0
1.0
1.0
1.0
1.0
1.0
1.0
0.9999999
1.0
1.0
1.0
1.0
1.0
0.99996066
0.9991627
1.0
0.99999976
1.0
1.0
1.0
1.0
0.9993957
1.0
0.99999905
1.0
1.0
1.0
1.0
1.0
1.0
1.0
1.0
1.0
1.0
0.9999815
1.0
1.0
1.0
1.0
1.0
1.0
1.0
1.0
1.0
1.0
1.0
1.0
1.0
1.0
1.0
1.0
1.0
1.0
1.0
1.0
1.0
1.0
1.0
1.0
1.0
1.0
1.0
1.0
1.0
1.0
1.0
0.9999994
1.0
1.0
1.0
1.0
1.0
1.0
1.0
0.9999993
1.0
0.9999999
1.0
1.0
1.0
1.0
1.0
1.0
0.99968636
1.0
1.0
0.9999708
0.99999976
1.0
0.99999964
0.9999958
0.99999976
1.0
0.9999999
1.0
1.0
1.0
1.0
1.0
1.0
0.9999969
1.0
1.0
1.0
1.0
1.0
1.0
1.0
1.0
1.0
0.9999994
0.99994266
1.0
1.0
1.0
1.0
1.0
1.0
0.9999999
1.0
0.99999964
1.0
1.0
0.99999774
1.0
0.99999845
1.0
1.0
0.9998093
1.0
0.99999857
1.0
1.0
0.99999154
1.0
1.0
1.0
0.99999547
1.0
1.0
1.0
1.0
0.99999964
1.0
0.9999987
1.0
0.99999964
0.99999547
1.0
1.0
0.9998029
1.0
0.9999982
1.0
1.0
1.0
1.0
0.9999993
0.99994314
0.9999957
1.0
0.99999595
1.0
1.0
0.9969702
1.0
0.99999964
0.99999833
1.0
0.99999976
1.0
0.9999994
1.0
1.0
0.99999976
1.0
0.9999999
0.9999865
0.99999774
1.0
1.0
0.9999999
1.0
0.9999958
0.9999833
1.0
1.0
0.9995559
1.0
1.0
0.99990404
0.9999999
1.0
1.0
0.9999927
0.99999917
1.0
1.0
0.93474394
1.0
0.9998361
0.9999974
1.0
0.99999714
0.99999976
0.9999987
0.853633
0.99999905
1.0
1.0
1.0
0.9999982
0.9998416
0.99945265
1.0
1.0
1.0
0.9999974
0.99960905
0.9999882
1.0
1.0
1.0
1.0
1.0
1.0
0.9999995
0.99999976
0.9999999
1.0
1.0
0.9999987
1.0
1.0
0.99999976
1.0
1.0
1.0
0.9999999
1.0
0.9997304
0.9999572
0.999907
0.99999976
1.0
1.0
1.0
0.9999994
1.0
1.0
1.0
1.0
0.9999689
1.0
1.0
0.99999595
1.0
1.0
1.0
1.0
0.99999905
1.0
0.9999999
0.99999404
1.0
1.0
1.0
0.99997425
1.0
1.0
1.0
1.0
0.9999989
0.99998367
1.0
1.0
1.0
1.0
0.999977
1.0
1.0
0.9999999
1.0
0.9999987
0.9999993
1.0
1.0
1.0
1.0
1.0
0.9999994
0.9999995
0.99999976
1.0
1.0
0.9999995
0.99999547
1.0
0.9973348
0.9998864
0.84130275
1.0
0.9999999
1.0
1.0
1.0
0.99999523
0.99999607
1.0
0.9997384
0.9999999
1.0
1.0
0.5153282
1.0
1.0
0.99656713
0.9999999
0.9999994
1.0
0.9999981
0.9999995
1.0
1.0
1.0
1.0
0.9999999
0.9999999
1.0
1.0
1.0
1.0
0.9999999
0.99999976
1.0
1.0
1.0
0.99998283
1.0
1.0
1.0
1.0
0.999997
1.0
1.0
1.0
1.0
1.0
1.0
1.0
1.0
1.0
1.0
1.0
1.0
1.0
1.0
1.0
1.0
1.0
1.0
1.0
1.0
1.0
1.0
0.9999982
0.99999046
1.0
1.0
1.0
0.9999968
0.9999999
1.0
1.0
1.0
1.0
1.0
1.0
1.0
1.0
1.0
1.0
0.9999999
1.0
0.9999999
0.9999968
1.0
0.9999994
1.0
1.0
1.0
0.9991598
0.9999114
1.0
0.9999999
0.9999994
1.0
0.99999964
1.0
0.9993749
1.0
1.0
1.0
1.0
1.0
0.9999999
0.99999726
1.0
1.0
1.0
1.0
1.0
0.9999999
1.0
1.0
1.0
0.99999976
1.0
1.0
1.0
1.0
1.0
1.0
1.0
1.0
1.0
1.0
1.0
1.0
1.0
1.0
1.0
1.0
1.0
1.0
1.0
1.0
1.0
0.9999999
1.0
1.0
0.9996258
1.0
1.0
1.0
1.0
1.0
1.0
1.0
0.99999714
1.0
0.7667934
0.9832659
1.0
0.9998733
0.99999976
1.0
1.0
1.0
1.0
1.0
1.0
1.0
0.9999999
1.0
1.0
1.0
0.99997056
1.0
1.0
0.9999492
1.0
1.0
1.0
1.0
1.0
0.9999907
1.0
1.0
1.0
0.9999999
1.0
0.99999714
1.0
1.0
0.99999344
0.99999785
1.0
0.9999994
1.0
0.99988925
1.0
1.0
1.0
1.0
1.0
1.0
1.0
0.999984
0.9998903
0.98315674
0.97254634
0.99994206
0.99976057
1.0
1.0
0.9999995
0.9999958
0.9999999
1.0
1.0
1.0
0.99999857
0.9997578
0.99997616
0.99999976
0.99999976
0.9999999
0.9999999
0.82062054
1.0
1.0
0.9999988
0.9994906
0.99999976
0.99988365
1.0
0.99141383
1.0
0.9999927
0.9999981
1.0
1.0
0.9999999
0.9999999
1.0
0.99983907
0.9998375
0.9999987
0.9999982
0.9999999
0.99999917
0.9999988
1.0
0.99999475
0.9769181
0.9793411
0.9999882
0.9999995
0.9999777
0.9999987
0.9998629
0.99999523
0.9999335
0.9999999
0.9999999
0.99995697
0.99999976
1.0
1.0
1.0
0.9861335
0.99999356
0.9999976
0.99999285
1.0
0.99998116
0.999997
0.9996531
0.9999999
0.99971765
0.99997735
0.9999914
0.9999994
0.9999976
0.999972
1.0
1.0
1.0
0.99999654
0.9999999
1.0
0.9999999
1.0
0.9999716
1.0
0.9999999
0.9999584
0.99999964
1.0
0.9992987
0.99999917
0.9999374
0.9999968
1.0
0.99999416
1.0
0.9999999
1.0
0.9993482
1.0
0.999969
0.9999993
1.0
0.9999893
1.0
0.99991333
0.99999976
1.0
0.9999974
1.0
1.0
0.9999958
0.9999999
0.9999975
1.0
1.0
0.99993944
0.99997854
1.0
0.9999999
1.0
1.0
0.9999993
1.0
1.0
1.0
0.9999945
1.0
0.99985075
1.0
1.0
1.0
1.0
0.9999987
0.9810636
0.99972695
0.99997926
1.0
0.9999964
0.9999999
1.0
1.0
0.9999988
0.99999905
0.98463523
0.9999989
0.99998975
0.9999962
0.99999857
0.9999989
1.0
1.0
0.9999999
0.9999999
0.9896812
1.0
0.9997228
1.0
1.0
1.0
1.0
1.0
1.0
1.0
0.9982734
1.0
1.0
1.0
0.9999995
1.0
0.99998486
1.0
0.9999999
0.99998605
0.9999999
0.9883731
0.99999917
1.0
0.9999974
0.9999994
1.0
1.0
1.0
1.0
0.99999976
1.0
1.0
0.99999094
1.0
0.99999547
1.0
1.0
1.0
1.0
1.0
1.0
1.0
1.0
0.9999999
1.0
1.0
1.0
1.0
0.9999999
0.9999999
1.0
1.0
1.0
1.0
1.0
0.99999845
1.0
0.9999994
1.0
0.99999976
1.0
1.0
1.0
1.0
1.0
0.99856204
0.99999976
1.0
1.0
0.9999999
1.0
0.9999999
0.9999999
0.9999999
0.6746024
1.0
0.99848324
1.0
0.99999964
1.0
0.97269577
0.8994284
0.9999416
1.0
1.0
1.0
0.99999976
0.99999917
1.0
0.9999993
1.0
1.0
1.0
1.0
1.0
1.0
0.99999917
1.0
1.0
1.0
1.0
1.0
1.0
1.0
1.0
1.0
1.0
1.0
1.0
1.0
1.0
1.0
1.0
1.0
1.0
1.0
1.0
1.0
1.0
1.0
1.0
1.0
1.0
1.0
1.0
1.0
1.0
1.0
1.0
1.0
1.0
1.0
1.0
1.0
1.0
0.99999905
0.9999999
1.0
0.9999999
1.0
1.0
1.0
0.9999999
1.0
1.0
1.0
1.0
1.0
1.0
0.9999999
0.99999905
0.99999094
1.0
1.0
1.0
1.0
1.0
1.0
0.9999565
1.0
1.0
1.0
1.0
1.0
1.0
1.0
1.0
1.0
1.0
1.0
1.0
1.0
1.0
1.0
1.0
1.0
1.0
1.0
1.0
1.0
1.0
1.0
1.0
1.0
1.0
1.0
1.0
1.0
1.0
1.0
1.0
1.0
1.0
1.0
1.0
1.0
1.0
1.0
1.0
1.0
1.0
1.0
1.0
1.0
1.0
1.0
1.0
1.0
1.0
1.0
1.0
1.0
1.0
0.99999964
1.0
1.0
0.9999995
1.0
0.99999964
1.0
1.0
1.0
1.0
1.0
1.0
1.0
1.0
1.0
1.0
1.0
1.0
0.9999999
1.0
1.0
1.0
1.0
1.0
1.0
1.0
1.0
1.0
1.0
1.0
1.0
1.0
1.0
1.0
1.0
1.0
1.0
1.0
1.0
0.9999981
1.0
1.0
0.9999999
1.0
1.0
1.0
1.0
1.0
1.0
1.0
1.0
0.99999917
1.0
1.0
1.0
1.0
1.0
1.0
1.0
1.0
1.0
1.0
1.0
1.0
1.0
1.0
1.0
1.0
1.0
1.0
1.0
0.9999995
1.0
1.0
1.0
1.0
1.0
1.0
1.0
1.0
1.0
1.0
1.0
1.0
1.0
1.0
0.99997723
0.99999905
0.99999213
1.0
1.0
1.0
1.0
0.9999515
1.0
0.9999939
1.0
0.9999999
1.0
1.0
1.0
1.0
1.0
0.9999995
1.0
0.9999999
0.9999958
1.0
1.0
1.0
1.0
1.0
1.0
0.9999981
1.0
0.99999964
0.9999999
1.0
1.0
0.9999999
1.0
0.99948055
1.0
0.9999883
1.0
1.0
1.0
1.0
1.0
1.0
1.0
1.0
1.0
1.0
1.0
1.0
0.99999785
1.0
0.9999989
1.0
1.0
0.9999999
1.0
1.0
1.0
1.0
1.0
0.99999905
1.0
1.0
0.99999905
1.0
1.0
0.9999999
1.0
1.0
1.0
1.0
1.0
1.0
1.0
1.0
1.0
1.0
1.0
1.0
0.9999994
1.0
0.99999964
1.0
1.0
1.0
0.999998
1.0
1.0
0.9999976
1.0
1.0
1.0
1.0
1.0
1.0
0.9999999
1.0
1.0
1.0
1.0
1.0
1.0
1.0
0.99984765
0.9999999
1.0
1.0
1.0
1.0
1.0
1.0
1.0
1.0
0.9889299
1.0
1.0
1.0
1.0
1.0
1.0
0.9999999
1.0
1.0
1.0
1.0
0.99999976
1.0
1.0
0.9999999
1.0
1.0
0.9999999
1.0
1.0
1.0
1.0
0.9999976
0.99999976
1.0
1.0
0.9835923
1.0
0.9999999
1.0
1.0
1.0
0.9972601
0.99999833
0.99999714
1.0
1.0
0.99999833
0.9998547
0.9999999
0.9999893
1.0
1.0
0.99999917
1.0
1.0
1.0
0.999979
0.9996768
0.93209666
0.9999999
0.9999012
0.85416764
0.99997246
0.63797325
0.9968444
0.9999999
1.0
1.0
0.999992
0.9999999
0.999998
0.995509
0.9999106
0.99999976
0.7943948
0.9988746
0.9999987
0.98995006
0.9999962
0.9275152
0.99996734
0.99606967
0.99999547
0.9999974
0.9999999
1.0
1.0
0.99999547
1.0
0.99999976
1.0
0.9999988
0.9999999
0.9999999
1.0
0.9978198
1.0
1.0
1.0
0.99998355
0.99290425
0.99682164
0.9845256
1.0
1.0
0.9998054
0.9985285
1.0
0.99993455
0.9999999
1.0
0.9999528
0.9999999
1.0
1.0
1.0
0.9999777
0.999933
0.9992132
1.0
0.99999785
0.9999945
0.9999999
1.0
0.99997115
0.99999034
0.99999976
1.0
0.9215177
1.0
0.9999963
0.9999789
1.0
1.0
0.99997246
0.99358386
1.0
1.0
1.0
0.9999994
0.9999988
1.0
1.0
1.0
1.0
1.0
1.0
1.0
0.9999995
1.0
1.0
1.0
1.0
0.9999999
0.47906855
1.0
1.0
1.0
1.0
0.9999999
1.0
1.0
1.0
1.0
0.99999666
0.999985
1.0
1.0
1.0
1.0
1.0
1.0
1.0
1.0
1.0
0.99999547
1.0
1.0
0.9999999
1.0
0.9999989
1.0
1.0
1.0
1.0
1.0
1.0
1.0
1.0
1.0
1.0
0.9999982
1.0
1.0
0.9999821
0.99999976
1.0
0.9999995
1.0
1.0
1.0
1.0
1.0
1.0
1.0
1.0
0.9999999
1.0
1.0
0.99999046
0.9999999
1.0
1.0
0.9999975
1.0
0.9999999
1.0
1.0
0.9999999
1.0
0.9999999
0.9999918
1.0
0.9999994
0.99998736
0.9999987
0.99999964
0.99999166
0.99999976
1.0
1.0
1.0
1.0
0.9999995
0.9999999
0.99999964
1.0
1.0
1.0
1.0
0.99999464
1.0
1.0
0.9988055
0.99990535
1.0
0.9999989
0.99962175
0.99973994
1.0
0.99995613
1.0
0.99997735
1.0
1.0
1.0
1.0
0.9999999
0.9642678
0.998321
1.0
0.9999999
0.9999541
0.9999999
1.0
0.9999682
1.0
0.9999933
1.0
1.0
1.0
0.99999845
0.9998367
1.0
0.99999976
1.0
1.0
0.9999999
1.0
0.9999999
1.0
1.0
1.0
0.9999484
1.0
0.9999995
0.8270626
0.9999869
0.99999976
1.0
0.9999994
1.0
1.0
1.0
0.99999964
1.0
0.99999785
1.0
1.0
0.9999654
1.0
1.0
1.0
1.0
1.0
1.0
1.0
1.0
1.0
1.0
0.9999877
1.0
1.0
1.0
0.99999976
1.0
0.9999999
1.0
1.0
1.0
0.999997
0.99987686
1.0
1.0
1.0
1.0
1.0
1.0
1.0
1.0
0.9999993
1.0
1.0
1.0
1.0
1.0
1.0
1.0
0.99999857
1.0
1.0
1.0
1.0
1.0
0.9999157
1.0
0.99999976
1.0
1.0
1.0
0.9982369
1.0
1.0
1.0
1.0
0.99998665
1.0
1.0
1.0
1.0
1.0
0.99999917
1.0
1.0
1.0
1.0
1.0
1.0
1.0
1.0
1.0
1.0
1.0
1.0
1.0
0.9999999
1.0
1.0
1.0
1.0
1.0
0.99999964
1.0
1.0
1.0
1.0
0.9996939
1.0
1.0
0.99999976
0.9999999
1.0
1.0
1.0
1.0
1.0
1.0
0.99920195
0.9963426
1.0
1.0
1.0
0.9999988
1.0
1.0
0.99999976
0.9999999
1.0
0.99999964
0.9999995
1.0
1.0
1.0
0.99978656
1.0
0.9999999
1.0
0.9999999
1.0
1.0
1.0
1.0
0.9999939
1.0
1.0
1.0
0.99999905
1.0
0.9999958
0.99999964
1.0
1.0
0.9999994
1.0
1.0
1.0
1.0
1.0
1.0
1.0
0.99999976
1.0
0.99999976
0.9999981
1.0
1.0
0.9999999
0.9999994
0.99936444
1.0
1.0
1.0
1.0
1.0
1.0
1.0
1.0
0.9999845
1.0
1.0
1.0
1.0
0.9999993
1.0
1.0
0.99999714
1.0
1.0
1.0
1.0
1.0
1.0
1.0
1.0
0.99999034
1.0
1.0
1.0
1.0
1.0
1.0
1.0
0.9999999
0.9999999
1.0
1.0
1.0
1.0
1.0
0.99999964
1.0
1.0
1.0
1.0
1.0
1.0
1.0
1.0
1.0
1.0
1.0
0.99999905
1.0
1.0
1.0
1.0
1.0
1.0
1.0
1.0
1.0
0.9999999
1.0
1.0
1.0
1.0
1.0
1.0
1.0
1.0
1.0
1.0
1.0
1.0
0.99999774
1.0
1.0
1.0
0.9999999
1.0
1.0
0.9999999
1.0
0.99999845
0.9999902
0.9999999
1.0
1.0
1.0
1.0
0.99999976
1.0
1.0
1.0
1.0
1.0
1.0
0.9999964
1.0
1.0
1.0
1.0
0.99930954
0.9999999
1.0
1.0
0.9999995
0.9994425
1.0
1.0
1.0
1.0
1.0
1.0
0.9999982
0.9999999
0.9999999
0.99997973
1.0
1.0
1.0
0.99999964
0.9999993
1.0
0.9999969
1.0
1.0
1.0
1.0
1.0
1.0
1.0
0.99999976
1.0
0.99996495
1.0
1.0
0.9999994
1.0
1.0
1.0
1.0
0.99999356
1.0
1.0
1.0
0.9999981
0.9999126
0.99995923
1.0
1.0
0.9999999
1.0
1.0
1.0
1.0
1.0
1.0
1.0
0.99999976
0.9999374
1.0
1.0
1.0
1.0
1.0
1.0
1.0
0.99999774
1.0
1.0
1.0
1.0
1.0
0.98483294
1.0
1.0
1.0
1.0
1.0
1.0
1.0
1.0
1.0
1.0
0.999985
1.0
1.0
0.9999963
0.9999999
1.0
1.0
1.0
1.0
1.0
1.0
1.0
1.0
1.0
1.0
1.0
0.9999559
1.0
1.0
1.0
1.0
1.0
0.99392503
1.0
0.99999964
1.0
1.0
1.0
1.0
1.0
1.0
1.0
1.0
1.0
1.0
1.0
1.0
1.0
1.0
1.0
1.0
1.0
0.9999999
1.0
1.0
1.0
1.0
0.9999999
1.0
1.0
0.9999999
1.0
1.0
1.0
1.0
1.0
1.0
1.0
1.0
1.0
1.0
1.0
1.0
1.0
1.0
1.0
0.99979943
1.0
1.0
1.0
1.0
1.0
0.99999857
0.9999994
1.0
1.0
0.99998796
1.0
0.99999523
1.0
0.99998295
1.0
1.0
1.0
0.83271444
1.0
1.0
1.0
0.9999919
1.0
1.0
1.0
0.9999999
0.9999999
0.9999999
1.0
1.0
0.99999
1.0
1.0
1.0
0.99999964
1.0
0.99990535
1.0
0.99999976
0.9999999
1.0
0.9998273
0.9999999
1.0
1.0
1.0
0.99999964
1.0
0.9999999
1.0
0.99993885
1.0
1.0
1.0
0.9999999
1.0
0.9999999
1.0
1.0
0.9999999
0.9999993
0.99999917
1.0
0.99999976
1.0
1.0
1.0
0.9999999
0.99995005
0.99999833
1.0
1.0
0.9999919
1.0
1.0
1.0
1.0
1.0
1.0
0.9999858
0.9999999
1.0
1.0
1.0
1.0
1.0
1.0
1.0
0.9999975
0.99999976
1.0
1.0
0.9998939
1.0
1.0
1.0
1.0
1.0
1.0
1.0
1.0
0.9999999
1.0
1.0
1.0
0.99999833
1.0
1.0
1.0
1.0
0.9999585
1.0
1.0
1.0
1.0
1.0
1.0
1.0
0.99999964
1.0
1.0
0.9999995
1.0
1.0
1.0
0.9999999
1.0
1.0
1.0
1.0
1.0
1.0
1.0
1.0
1.0
0.9999969
0.99999917
1.0
0.9999982
1.0
1.0
1.0
0.9999999
0.9999999
1.0
0.9999999
0.9999999
1.0
1.0
1.0
0.9998491
1.0
1.0
1.0
1.0
0.99552333
1.0
1.0
1.0
1.0
1.0
1.0
1.0
1.0
1.0
1.0
1.0
1.0
1.0
1.0
1.0
0.9999999
1.0
1.0
0.9999994
1.0
0.999998
1.0
0.9999999
1.0
0.9999987
0.9999999
0.99999714
1.0
1.0
0.99998975
1.0
0.9999999
1.0
0.9999999
1.0
0.99999964
1.0
0.99999976
1.0
1.0
1.0
1.0
1.0
1.0
1.0
1.0
1.0
1.0
0.9999999
1.0
1.0
1.0
1.0
1.0
1.0
1.0
1.0
1.0
0.9999664
1.0
0.9999999
0.9999989
1.0
1.0
1.0
1.0
1.0
1.0
0.99999976
1.0
1.0
0.9999924
0.9999999
1.0
1.0
0.99999976
0.9999999
0.9999716
1.0
0.98682284
1.0
1.0
0.99999785
1.0
0.9999999
1.0
0.999688
1.0
0.9999999
1.0
0.99999964
1.0
0.99999475
1.0
1.0
1.0
0.99998164
1.0
1.0
1.0
1.0
0.9999999
0.99999917
1.0
1.0
1.0
0.9999908
1.0
0.99999964
1.0
0.99999964
0.9999999
1.0
0.9999999
1.0
1.0
0.99999976
0.99309856
0.99999964
1.0
1.0
0.9999994
0.99999845
1.0
1.0
1.0
1.0
0.99999964
0.99999535
1.0
1.0
1.0
1.0
1.0
1.0
0.9999999
0.99998736
0.99993694
1.0
1.0
1.0
0.9999999
1.0
0.99993896
1.0
1.0
1.0
1.0
0.99999905
1.0
0.9999746
1.0
0.9999999
1.0
1.0
1.0
0.9999999
1.0
1.0
0.99999547
0.9999999
1.0
1.0
1.0
1.0
1.0
1.0
1.0
0.9999995
0.9999999
1.0
1.0
1.0
1.0
1.0
0.9999999
1.0
1.0
0.9999999
1.0
1.0
1.0
1.0
0.9999995
0.9999752
1.0
1.0
1.0
1.0
1.0
0.99999964
1.0
1.0
1.0
1.0
1.0
1.0
0.9999981
1.0
1.0
0.99999666
0.9999999
1.0
0.99999845
1.0
1.0
1.0
1.0
1.0
1.0
0.9999949
0.99999976
1.0
1.0
0.99999976
1.0
0.9999999
1.0
0.99999917
0.9999682
1.0
1.0
1.0
1.0
1.0
0.99997854
1.0
1.0
1.0
0.9999999
1.0
0.99999976
1.0
1.0
1.0
1.0
1.0
1.0
1.0
1.0
1.0
1.0
1.0
1.0
1.0
1.0
1.0
1.0
1.0
1.0
0.9999999
0.9999343
1.0
1.0
1.0
1.0
1.0
1.0
1.0
1.0
1.0
1.0
1.0
1.0
0.9999317
1.0
1.0
1.0
1.0
1.0
1.0
1.0
0.9999889
1.0
0.9999999
1.0
1.0
1.0
1.0
1.0
1.0
0.99999976
1.0
0.99997044
1.0
1.0
0.9999999
1.0
1.0
1.0
1.0
1.0
1.0
1.0
1.0
1.0
0.99998796
1.0
0.9999957
1.0
1.0
0.99999857
0.9999974
1.0
0.99999976
1.0
1.0
1.0
1.0
0.9999999
1.0
1.0
1.0
1.0
1.0
1.0
0.99999833
0.9999982
1.0
1.0
1.0
1.0
1.0
1.0
0.99999976
1.0
1.0
1.0
0.9999958
1.0
1.0
1.0
1.0
1.0
0.9999975
1.0
1.0
0.99999964
1.0
1.0
1.0
1.0
0.9999999
1.0
1.0
1.0
1.0
1.0
1.0
1.0
1.0
1.0
1.0
0.9999999
1.0
1.0
1.0
1.0
1.0
1.0
1.0
1.0
1.0
1.0
1.0
0.99999976
1.0
1.0
1.0
1.0
1.0
1.0
1.0
0.99998546
0.9999269
1.0
1.0
0.9998134
0.99999654
0.9999759
0.9955245
0.99840313
1.0
0.9999993
1.0
1.0
1.0
1.0
0.9999994
1.0
1.0
0.99999917
0.99999976
0.9999999
0.9999933
1.0
1.0
1.0
1.0
1.0
1.0
1.0
1.0
1.0
1.0
0.99999917
1.0
1.0
1.0
0.99999976
1.0
0.9999999
1.0
0.9999999
1.0
1.0
1.0
0.99999964
0.9999995
1.0
1.0
1.0
0.99999523
1.0
0.9999933
1.0
0.9999865
0.9999999
0.99999595
0.9999995
1.0
0.9999999
1.0
1.0
1.0
0.99999917
0.99999976
1.0
1.0
1.0
1.0
0.9999999
0.99970967
1.0
0.9999994
0.9999988
0.99999964
0.9999887
0.99999976
1.0
1.0
0.9999987
0.9999999
1.0
1.0
0.9999999
0.99999905
0.99942505
0.9998826
1.0
0.99999917
1.0
0.9999995
1.0
1.0
0.9999994
0.99999225
0.99998367
0.9999993
1.0
0.9999993
0.9999987
1.0
1.0
1.0
0.9999987
1.0
1.0
1.0
1.0
1.0
1.0
0.99999964
0.9999999
0.99343807
0.999998
0.99987984
0.99553466
0.9999999
0.9999858
0.9402831
1.0
0.9995764
0.9999999
0.9612497
0.99958616
0.9997279
0.99999833
0.97268856
1.0
0.99999964
0.9990387
0.99999714
0.9999366
0.99999297
0.99972516
0.9999987
0.9999988
0.99999857
1.0
0.9999993
0.9999999
1.0
0.9999962
0.9999999
1.0
1.0
1.0
1.0
0.999995
0.99999917
0.9999999
1.0
1.0
1.0
0.9999999
1.0
1.0
1.0
1.0
1.0
0.9999958
0.9999553
1.0
0.9999999
1.0
0.9999907
1.0
0.9999988
0.999997
1.0
0.99999356
0.9999976
0.9997967
0.99851555
0.99996495
1.0
0.99375856
0.9999633
0.99999976
0.9999995
1.0
0.99999845
0.9999999
0.99999046
1.0
0.9999919
0.9999877
1.0
0.9999536
0.9979584
0.9999789
0.9999931
0.99996555
0.9999995
0.9999931
0.99853647
0.99999917
0.9999989
0.9999691
0.99144053
0.9999999
0.9996823
0.9856899
1.0
1.0
1.0
0.9999999
1.0
0.9999553
0.9999999
1.0
1.0
1.0
1.0
1.0
1.0
1.0
1.0
1.0
0.99999547
1.0
1.0
1.0
1.0
0.9999999
0.99999917
0.99999976
1.0
0.99999964
1.0
1.0
1.0
1.0
1.0
1.0
1.0
1.0
1.0
0.99999833
1.0
1.0
1.0
1.0
1.0
1.0
0.9986993
1.0
1.0
1.0
1.0
1.0
1.0
0.9998876
1.0
0.9999999
1.0
1.0
1.0
1.0
0.9997813
0.9999815
1.0
1.0
1.0
0.9997297
0.99987674
1.0
1.0
0.9999999
1.0
1.0
1.0
0.99998057
0.9999968
0.99999917
1.0
1.0
0.99999833
1.0
1.0
1.0
1.0
0.99998045
1.0
1.0
1.0
0.9999902
1.0
1.0
1.0
0.99973553
1.0
1.0
1.0
0.99999356
0.9999999
0.9999968
1.0
1.0
1.0
1.0
1.0
1.0
0.9999999
0.9998778
1.0
1.0
1.0
1.0
1.0
1.0
1.0
1.0
1.0
1.0
1.0
1.0
0.99999213
0.99999976
1.0
1.0
0.99999714
1.0
1.0
1.0
1.0
0.9999999
1.0
1.0
0.99999523
1.0
1.0
0.99999964
0.9876194
1.0
0.96508485
0.9999999
0.9995648
0.9998623
0.98134667
0.9999974
1.0
0.99999714
0.99961156
1.0
0.9977975
1.0
1.0
1.0
0.9998759
1.0
0.99999905
0.99912685
0.9999732
1.0
0.99992144
1.0
1.0
0.9999927
1.0
0.9999995
1.0
0.9999987
1.0
0.99999976
0.99990046
0.98847455
0.9957254
0.7356354
0.99250257
0.99999964
0.9999912
0.9999999
1.0
1.0
0.9999995
0.9985227
0.99996233
0.99678195
0.99501204
0.9998479
0.9998307
1.0
0.9999976
0.999665
1.0
0.9999161
0.9999999
0.99999976
0.99799335
1.0
1.0
1.0
1.0
1.0
1.0
1.0
1.0
1.0
1.0
0.99999595
1.0
0.99550664
1.0
1.0
1.0
1.0
1.0
1.0
1.0
0.9999982
1.0
1.0
0.99999964
1.0
1.0
1.0
1.0
1.0
1.0
1.0
1.0
1.0
1.0
0.9999999
0.9999937
1.0
0.9999999
1.0
1.0
0.99999964
1.0
1.0
1.0
1.0
1.0
1.0
1.0
1.0
1.0
1.0
1.0
1.0
1.0
1.0
0.99999976
1.0
1.0
1.0
1.0
1.0
1.0
1.0
1.0
1.0
0.9999163
0.9983474
0.9999999
0.99998856
0.9999676
1.0
1.0
1.0
1.0
1.0
1.0
1.0
1.0
1.0
1.0
0.99999297
0.9999999
0.999995
1.0
1.0
1.0
0.9999999
0.9999993
1.0
1.0
1.0
1.0
1.0
1.0
0.9999999
1.0
1.0
0.9999999
1.0
1.0
1.0
0.9999995
1.0
1.0
1.0
1.0
1.0
1.0
1.0
0.9999994
1.0
0.99999857
0.9999994
0.9999999
0.9999999
1.0
1.0
0.9999999
1.0
1.0
1.0
1.0
1.0
1.0
1.0
1.0
1.0
0.9998541
0.99999154
0.999997
0.9948925
1.0
1.0
1.0
0.9999987
1.0
1.0
0.99999976
0.99999404
0.9999912
0.99997795
1.0
1.0
0.9999728
1.0
1.0
0.9999993
1.0
1.0
0.9999974
1.0
0.9999999
0.9999999
1.0
1.0
1.0
0.9999995
0.9939221
0.99999905
0.9999993
1.0
0.9999976
0.99995625
0.9999895
1.0
1.0
0.9999995
0.9999999
0.99995196
1.0
0.9999995
0.9996505
0.99998677
1.0
1.0
1.0
0.99999964
1.0
1.0
0.99999833
1.0
1.0
0.9999999
1.0
1.0
1.0
1.0
1.0
0.999998
0.9999999
1.0
1.0
1.0
1.0
0.9999937
0.99510795
1.0
0.9999989
1.0
0.9999825
0.99901736
0.9999999
0.9999999
0.9997975
0.9999912
0.99983966
0.9999949
0.9999939
0.99999976
0.5660446
0.97852683
1.0
1.0
1.0
1.0
1.0
0.9974649
1.0
0.99999917
1.0
1.0
1.0
1.0
0.9999999
1.0
1.0
1.0
1.0
1.0
1.0
1.0
0.9999999
1.0
0.99999857
1.0
1.0
0.99999964
1.0
0.9999999
1.0
1.0
1.0
0.9999989
1.0
0.9999999
1.0
0.9999994
0.99999964
1.0
1.0
0.9999999
1.0
1.0
1.0
1.0
1.0
0.99999976
1.0
0.9999734
0.9998815
0.9999112
1.0
1.0
1.0
1.0
1.0
0.7632429
0.9999621
1.0
1.0
1.0
0.99999976
0.9999987
0.9999939
1.0
0.99999976
1.0
1.0
1.0
1.0
1.0
0.9999995
1.0
1.0
1.0
1.0
1.0
1.0
1.0
1.0
0.9938176
1.0
0.94898546
1.0
0.9999945
1.0
1.0
1.0
1.0
1.0
1.0
1.0
1.0
1.0
1.0
1.0
0.99999964
1.0
1.0
0.99999154
0.99998987
1.0
1.0
1.0
1.0
0.99999905
1.0
1.0
1.0
1.0
1.0
1.0
1.0
1.0
1.0
0.9999999
1.0
1.0
1.0
1.0
1.0
0.9999999
1.0
0.99999964
1.0
1.0
1.0
1.0
1.0
1.0
1.0
1.0
1.0
0.9975568
1.0
1.0
1.0
1.0
1.0
0.99999845
1.0
1.0
1.0
0.9999628
1.0
1.0
0.99994373
1.0
1.0
0.99999976
1.0
1.0
1.0
1.0
1.0
1.0
1.0
1.0
1.0
1.0
0.9999894
1.0
0.9999989
0.99999976
0.9999968
0.99997056
0.99999964
0.99999297
0.9999999
0.9995503
0.9999987
0.999995
0.99999905
1.0
1.0
0.9999999
0.99497545
0.99999964
0.9999702
1.0
0.9999999
1.0
0.9999596
0.9498443
0.9999839
0.9999707
1.0
0.9999993
1.0
0.9999807
1.0
1.0
1.0
0.99901855
0.6920813
0.9999939
0.99999464
0.99863726
0.9999999
0.9999914
0.9999956
0.52208173
1.0
0.9998815
0.9999926
1.0
1.0
1.0
1.0
1.0
0.9999994
1.0
0.9999999
0.9999995
0.9999938
0.9999286
1.0
0.9999993
1.0
0.9999821
0.9999995
1.0
1.0
0.9999999
1.0
1.0
1.0
1.0
1.0
1.0
1.0
0.9999999
1.0
1.0
1.0
1.0
1.0
1.0
1.0
0.9999999
1.0
1.0
1.0
1.0
1.0
1.0
1.0
1.0
1.0
1.0
1.0
1.0
1.0
1.0
1.0
1.0
1.0
1.0
0.9999106
1.0
1.0
1.0
1.0
1.0
1.0
1.0
1.0
0.99999976
1.0
1.0
1.0
1.0
1.0
1.0
1.0
1.0
1.0
1.0
1.0
1.0
1.0
0.99999785
0.9999999
1.0
1.0
1.0
1.0
1.0
1.0
1.0
1.0
1.0
1.0
1.0
1.0
1.0
1.0
1.0
1.0
1.0
1.0
1.0
1.0
1.0
1.0
1.0
1.0
1.0
1.0
1.0
1.0
0.9999994
1.0
1.0
1.0
1.0
1.0
1.0
1.0
1.0
1.0
1.0
1.0
1.0
1.0
1.0
1.0
0.99999857
1.0
1.0
1.0
1.0
1.0
1.0
1.0
1.0
1.0
1.0
1.0
1.0
0.99999976
1.0
1.0
1.0
1.0
1.0
1.0
1.0
1.0
1.0
1.0
1.0
1.0
0.9999999
0.9999999
0.9999999
1.0
1.0
1.0
1.0
1.0
1.0
1.0
1.0
1.0
1.0
1.0
1.0
1.0
1.0
1.0
1.0
1.0
1.0
0.9999999
1.0
1.0
1.0
1.0
0.99999917
1.0
1.0
1.0
1.0
1.0
1.0
1.0
0.9999999
1.0
0.99999833
1.0
0.9999999
1.0
1.0
1.0
1.0
1.0
1.0
1.0
1.0
1.0
1.0
1.0
1.0
1.0
1.0
1.0
1.0
1.0
0.99999976
0.99999964
1.0
0.9997428
1.0
1.0
1.0
0.9999999
1.0
1.0
1.0
1.0
1.0
1.0
1.0
1.0
1.0
1.0
1.0
1.0
1.0
1.0
1.0
1.0
1.0
1.0
1.0
1.0
1.0
1.0
1.0
1.0
1.0
1.0
1.0
1.0
1.0
1.0
1.0
1.0
1.0
1.0
1.0
1.0
1.0
1.0
0.9999995
1.0
1.0
1.0
1.0
0.9999999
1.0
0.99999785
1.0
1.0
1.0
1.0
1.0
1.0
1.0
1.0
1.0
1.0
1.0
1.0
1.0
1.0
1.0
1.0
1.0
0.9999968
0.99999964
1.0
1.0
1.0
1.0
1.0
1.0
1.0
1.0
1.0
1.0
1.0
0.9999999
1.0
1.0
1.0
1.0
1.0
1.0
1.0
1.0
1.0
0.9999999
1.0
1.0
1.0
1.0
1.0
1.0
1.0
1.0
1.0
1.0
1.0
1.0
1.0
1.0
1.0
1.0
0.9999993
1.0
0.9999999
1.0
1.0
1.0
1.0
1.0
1.0
1.0
1.0
1.0
1.0
1.0
1.0
1.0
1.0
1.0
1.0
1.0
1.0
1.0
1.0
1.0
1.0
1.0
1.0
1.0
1.0
1.0
1.0
1.0
1.0
1.0
1.0
1.0
0.9999703
1.0
1.0
1.0
1.0
0.9999995
1.0
0.99999833
1.0
1.0
1.0
1.0
1.0
1.0
1.0
1.0
1.0
1.0
0.99999964
1.0
1.0
1.0
0.99999964
1.0
0.9999789
1.0
1.0
1.0
1.0
1.0
1.0
0.9999765
1.0
1.0
1.0
1.0
1.0
1.0
1.0
1.0
1.0
1.0
1.0
1.0
1.0
1.0
1.0
1.0
1.0
0.99999535
1.0
1.0
1.0
1.0
1.0
1.0
1.0
1.0
1.0
1.0
0.99999976
1.0
0.99999964
1.0
1.0
1.0
1.0
1.0
1.0
0.9999999
0.999995
1.0
1.0
1.0
1.0
1.0
1.0
1.0
1.0
1.0
1.0
0.9999981
1.0
1.0
1.0
0.9999999
1.0
1.0
1.0
1.0
1.0
1.0
0.9999999
1.0
1.0
1.0
1.0
1.0
0.99999976
1.0
1.0
0.9999999
1.0
1.0
1.0
1.0
1.0
1.0
1.0
1.0
1.0
1.0
1.0
1.0
1.0
1.0
0.9999976
1.0
1.0
1.0
1.0
1.0
0.9999999
0.9999981
1.0
1.0
1.0
0.999718
0.9999994
1.0
0.9995229
1.0
0.9999999
0.99930227
0.99999213
0.9999974
1.0
0.53224033
1.0
1.0
1.0
1.0
0.994655
0.9999912
0.9999993
1.0
0.99999905
1.0
1.0
1.0
1.0
1.0
1.0
1.0
0.999992
0.9999999
0.99999523
0.9999988
1.0
1.0
1.0
0.9999999
0.99999344
0.9999964
1.0
1.0
1.0
0.9999999
0.9999999
0.9999603
0.9999993
1.0
1.0
1.0
1.0
0.9997074
1.0
1.0
1.0
0.9999907
0.9999994
1.0
1.0
1.0
1.0
1.0
0.9999701
0.99995065
1.0
0.9216757
0.9999999
1.0
1.0
1.0
1.0
1.0
1.0
0.9999999
1.0
0.9999989
1.0
1.0
0.99999964
1.0
1.0
1.0
1.0
1.0
1.0
1.0
0.9999993
0.9999993
0.9999993
1.0
1.0
1.0
1.0
1.0
1.0
1.0
1.0
0.9999987
1.0
0.9999995
1.0
1.0
1.0
1.0
0.99725276
1.0
0.99997663
0.9999999
1.0
1.0
1.0
1.0
1.0
1.0
1.0
1.0
1.0
0.99999976
1.0
1.0
1.0
0.9999993
0.9999993
1.0
1.0
1.0
1.0
1.0
1.0
1.0
1.0
1.0
1.0
1.0
1.0
0.999995
1.0
1.0
0.9999999
1.0
0.9999999
1.0
1.0
1.0
0.9999999
1.0
1.0
0.99999774
1.0
0.9999981
1.0
1.0
0.99999356
1.0
1.0
1.0
0.9999994
1.0
1.0
0.9999999
1.0
1.0
0.99999666
1.0
0.9999933
1.0
1.0
1.0
1.0
1.0
1.0
1.0
1.0
1.0
1.0
1.0
1.0
1.0
1.0
1.0
1.0
1.0
0.9999931
1.0
1.0
1.0
1.0
1.0
1.0
1.0
1.0
1.0
1.0
0.9999999
0.9999999
1.0
1.0
1.0
0.99999976
1.0
1.0
1.0
1.0
1.0
1.0
1.0
0.9999999
1.0
0.9999875
1.0
0.9999994
1.0
0.9999999
1.0
1.0
0.9999999
0.99999964
0.9999994
1.0
0.99999106
1.0
1.0
1.0
1.0
1.0
1.0
1.0
0.99999976
1.0
1.0
1.0
1.0
1.0
1.0
1.0
0.9999999
1.0
1.0
0.999997
0.999995
1.0
1.0
0.99999976
0.9999999
1.0
1.0
0.9999378
0.9999932
1.0
0.9999938
1.0
1.0
1.0
0.9999988
1.0
1.0
1.0
1.0
1.0
1.0
1.0
1.0
1.0
1.0
1.0
1.0
1.0
1.0
1.0
1.0
1.0
1.0
1.0
1.0
0.99999714
1.0
1.0
1.0
1.0
1.0
1.0
1.0
1.0
1.0
1.0
1.0
1.0
1.0
1.0
1.0
0.99999964
1.0
1.0
1.0
1.0
1.0
1.0
1.0
1.0
1.0
1.0
1.0
1.0
1.0
1.0
1.0
1.0
1.0
1.0
1.0
1.0
1.0
1.0
1.0
1.0
1.0
1.0
1.0
1.0
1.0
1.0
1.0
1.0
1.0
1.0
0.9999999
1.0
1.0
1.0
1.0
1.0
1.0
1.0
1.0
1.0
1.0
0.9999312
1.0
1.0
1.0
0.99999976
1.0
1.0
1.0
1.0
1.0
1.0
1.0
1.0
1.0
1.0
1.0
1.0
1.0
1.0
1.0
1.0
1.0
1.0
1.0
1.0
1.0
0.9999999
1.0
1.0
1.0
0.99999976
1.0
1.0
0.99999857
0.99999976
0.99999857
1.0
1.0
1.0
0.99999976
0.954998
1.0
1.0
0.9999912
1.0
0.9999995
0.9999894
1.0
1.0
0.999959
0.9999994
1.0
1.0
1.0
1.0
1.0
0.9999875
1.0
0.9999881
1.0
1.0
1.0
1.0
1.0
0.9999988
0.99999917
1.0
1.0
1.0
0.9999982
1.0
0.99999976
1.0
0.9999999
1.0
1.0
1.0
0.99999964
1.0
0.99998665
0.9682671
0.9999778
1.0
0.9999825
0.99999845
1.0
1.0
1.0
1.0
1.0
1.0
0.9999995
1.0
1.0
0.9999999
1.0
1.0
1.0
1.0
1.0
0.9999999
1.0
1.0
1.0
0.99999976
1.0
1.0
1.0
1.0
1.0
1.0
1.0
0.9999999
1.0
0.99999464
1.0
1.0
1.0
1.0
1.0
1.0
0.9999902
0.9999999
1.0
1.0
0.9999999
1.0
0.9999999
1.0
0.99999964
1.0
1.0
1.0
1.0
1.0
0.99999964
0.9999958
1.0
1.0
1.0
0.99999547
1.0
1.0
1.0
1.0
1.0
0.99999976
1.0
1.0
0.9999994
0.999907
1.0
0.9999995
0.99987006
1.0
0.99997663
1.0
0.99999976
0.9999933
1.0
0.99999917
1.0
1.0
0.99565434
1.0
1.0
0.99999857
1.0
0.99999976
1.0
0.9999957
0.99999976
1.0
0.9999995
1.0
0.99987125
1.0
1.0
1.0
1.0
0.99999917
1.0
1.0
1.0
0.9999988
0.9999852
1.0
1.0
0.992008
0.9999999
0.9999994
1.0
0.9999945
0.99999976
0.9999987
1.0
0.999226
0.999985
0.99933016
0.9999993
0.99999976
1.0
0.9999993
1.0
0.9999839
1.0
1.0
0.9999999
0.9999993
1.0
0.9999976
0.9999995
0.9999995
1.0
0.9999999
1.0
1.0
1.0
0.9999964
1.0
0.9999907
1.0
1.0
1.0
1.0
1.0
1.0
1.0
1.0
0.9999535
1.0
1.0
1.0
1.0
0.9999968
0.99999976
1.0
1.0
0.99999964
1.0
1.0
0.9999976
1.0
0.9999999
1.0
0.9763574
0.9999993
1.0
1.0
1.0
1.0
1.0
0.9997162
1.0
0.99999213
1.0
1.0
0.9999846
1.0
1.0
1.0
1.0
1.0
1.0
1.0
0.99993145
0.9999999
1.0
0.99999976
1.0
0.99993646
0.99999833
0.9999999
0.99999905
1.0
0.9999887
0.99999976
1.0
0.97423774
1.0
0.99995947
0.9999999
1.0
0.9999423
1.0
0.99041945
0.9999969
1.0
1.0
1.0
0.9999999
0.99999976
0.53382826
1.0
0.9998592
0.9999796
0.5877482
0.9999981
1.0
0.9999957
0.8363103
0.99996173
0.99999964
0.9999956
1.0
1.0
1.0
0.99999833
0.99999976
0.9999999
0.99982786
0.99987125
1.0
0.9999999
1.0
0.9999999
0.9999981
1.0
1.0
0.999689
1.0
0.9999999
0.9951485
0.9999969
0.99999964
1.0
1.0
0.9990797
1.0
1.0
0.99976784
1.0
1.0
1.0
0.9999999
0.999984
0.9999969
0.37059695
1.0
1.0
1.0
0.99999857
1.0
1.0
0.9998647
0.9998841
0.99999917
1.0
0.9999999
0.9999958
0.8837838
0.99983835
0.9999939
1.0
1.0
1.0
0.9990031
0.99999917
0.9999918
0.99999905
1.0
0.9999989
1.0
1.0
1.0
1.0
1.0
1.0
1.0
1.0
1.0
0.99999964
0.99842876
1.0
0.99986255
1.0
1.0
0.99999917
1.0
1.0
1.0
0.9999994
0.99999964
1.0
0.9999362
1.0
1.0
0.9999995
0.99999976
0.99999595
1.0
0.9999484
1.0
0.99998724
0.99999905
1.0
1.0
0.9999994
0.99998415
0.9999373
1.0
1.0
1.0
0.9999993
1.0
1.0
1.0
0.9998627
0.9999995
0.99743927
0.9999269
0.9999999
0.9999876
0.9979456
1.0
1.0
0.99999976
1.0
1.0
1.0
0.99994445
1.0
1.0
1.0
1.0
0.9999994
0.9981171
1.0
0.9397081
1.0
1.0
1.0
1.0
1.0
1.0
0.99999344
0.9999999
0.9999181
1.0
0.9999981
0.99980825
1.0
1.0
1.0
1.0
1.0
0.9999974
1.0
1.0
1.0
0.7283756
0.99973625
1.0
0.99999976
1.0
1.0
1.0
0.9999999
0.9999862
1.0
1.0
1.0
1.0
1.0
1.0
1.0
0.9999939
1.0
1.0
0.94784755
1.0
1.0
1.0
0.9999999
0.99999964
1.0
1.0
0.99999976
0.99999917
1.0
1.0
1.0
1.0
1.0
0.9999999
1.0
0.99989736
0.9999987
1.0
1.0
0.99999154
1.0
0.9999999
1.0
1.0
1.0
1.0
0.9926246
0.99977607
0.9999999
1.0
1.0
1.0
1.0
1.0
0.99788994
0.9999999
1.0
0.6438707
1.0
1.0
1.0
1.0
0.9999826
0.99991214
1.0
0.99999964
1.0
1.0
1.0
1.0
1.0
1.0
1.0
1.0
0.9999466
1.0
1.0
1.0
1.0
1.0
1.0
0.99994993
1.0
0.9999999
1.0
1.0
0.9980033
1.0
1.0
1.0
0.9999826
0.99999714
0.9999995
0.99999917
1.0
0.9996736
1.0
0.9999969
0.9999889
1.0
0.9999633
1.0
1.0
1.0
1.0
1.0
1.0
1.0
0.9999999
0.9999994
0.9999987
0.9998461
0.998678
0.99997616
1.0
1.0
1.0
1.0
1.0
1.0
0.9999964
1.0
1.0
0.99999976
1.0
1.0
1.0
1.0
1.0
0.9985519
1.0
1.0
1.0
1.0
1.0
1.0
1.0
1.0
1.0
1.0
1.0
1.0
0.9999982
1.0
0.9999999
1.0
0.99999976
0.9999999
0.9999949
1.0
1.0
1.0
1.0
0.9999999
1.0
1.0
1.0
1.0
1.0
1.0
1.0
0.9999995
1.0
1.0
1.0
1.0
1.0
1.0
1.0
1.0
1.0
1.0
0.9999999
1.0
1.0
1.0
1.0
0.99998295
1.0
1.0
1.0
0.9999999
0.9999969
0.99999976
1.0
0.9999999
1.0
0.9999964
0.99999976
0.5383425
1.0
0.9999989
0.99997926
1.0
1.0
1.0
1.0
1.0
1.0
1.0
0.999861
1.0
1.0
1.0
1.0
1.0
1.0
