1.0
1.0
1.0
1.0
1.0
1.0
0.99999475
0.9999999
0.99687034
0.9999999
1.0
1.0
0.999987
1.0
1.0
1.0
0.99999964
0.9999999
0.9899289
1.0
1.0
0.9999999
1.0
1.0
1.0
1.0
0.99999976
1.0
1.0
1.0
1.0
1.0
1.0
0.99999297
1.0
1.0
0.99999976
1.0
0.99999774
1.0
1.0
0.999998
1.0
0.99997354
0.99998045
1.0
1.0
1.0
1.0
1.0
1.0
1.0
1.0
1.0
1.0
1.0
1.0
1.0
0.999997
0.9999995
0.9999999
1.0
0.9997273
0.99999666
1.0
0.99999976
1.0
0.99999475
1.0
1.0
0.9999999
1.0
1.0
0.9999354
1.0
1.0
1.0
1.0
0.9999988
1.0
0.99999905
1.0
1.0
1.0
1.0
1.0
1.0
0.99997056
1.0
1.0
1.0
1.0
0.7768819
0.99999917
1.0
0.9999906
0.99999726
0.99999976
1.0
1.0
1.0
1.0
1.0
1.0
0.9999865
1.0
1.0
0.9999858
0.99999964
1.0
1.0
0.999944
1.0
1.0
1.0
0.996071
1.0
1.0
0.9999982
0.9999963
1.0
0.99994624
0.9999994
1.0
0.9999949
0.99977416
0.9999994
1.0
1.0
1.0
1.0
1.0
1.0
1.0
1.0
1.0
1.0
1.0
1.0
0.9999989
1.0
1.0
1.0
1.0
1.0
1.0
1.0
1.0
1.0
0.9976373
0.9999988
0.9670534
1.0
1.0
1.0
1.0
1.0
1.0
0.9998543
1.0
0.99998784
1.0
1.0
1.0
1.0
1.0
1.0
0.9999608
1.0
1.0
1.0
0.9999964
1.0
1.0
1.0
0.99857295
1.0
1.0
1.0
1.0
1.0
1.0
1.0
1.0
0.999992
0.99998844
1.0
1.0
1.0
0.9999999
1.0
0.9999999
1.0
0.9998747
0.9999999
0.99999416
1.0
1.0
0.99999976
0.9999995
1.0
1.0
1.0
0.9999999
1.0
1.0
0.99996066
0.9999999
1.0
0.99996066
1.0
0.99783784
1.0
1.0
0.99999964
1.0
1.0
0.99951303
1.0
1.0
1.0
0.99990296
1.0
1.0
1.0
0.99999976
1.0
1.0
1.0
0.9999995
1.0
1.0
1.0
1.0
0.99999976
0.9999994
1.0
1.0
1.0
1.0
0.9999999
0.9999144
0.9999999
0.999995
0.99999917
0.9999325
1.0
0.9680112
1.0
1.0
1.0
0.9999999
1.0
1.0
1.0
0.99999714
1.0
0.99999964
1.0
0.51536596
1.0
1.0
1.0
1.0
0.821394
1.0
0.9999113
1.0
0.99999976
1.0
0.99999976
1.0
1.0
0.9999999
1.0
1.0
1.0
1.0
1.0
1.0
0.9999999
1.0
0.99931717
1.0
0.9999994
1.0
0.9999994
0.99999857
1.0
0.9999994
0.9998073
0.9999882
0.9999883
1.0
1.0
1.0
1.0
0.9999999
1.0
1.0
0.9999999
1.0
1.0
1.0
1.0
1.0
1.0
1.0
0.9999999
1.0
1.0
1.0
1.0
0.9999943
1.0
1.0
0.99999976
0.9999994
0.9999975
1.0
0.6281185
0.91183424
1.0
1.0
0.9999045
0.99999917
0.9923304
1.0
1.0
1.0
1.0
1.0
1.0
0.9999975
1.0
1.0
0.99963427
0.9999081
0.9999999
0.99999547
0.5298691
0.99999905
1.0
1.0
1.0
1.0
1.0
1.0
1.0
1.0
1.0
1.0
0.99999976
1.0
1.0
1.0
1.0
0.99999976
0.99324167
0.90616053
0.9999989
1.0
0.999931
0.99999976
1.0
1.0
0.9995701
1.0
0.9999957
1.0
1.0
1.0
1.0
1.0
1.0
1.0
1.0
1.0
1.0
1.0
0.99999976
0.9989773
1.0
1.0
1.0
1.0
0.999995
1.0
1.0
0.99998987
1.0
1.0
1.0
1.0
0.9999924
1.0
1.0
0.9999962
1.0
1.0
0.999946
1.0
1.0
1.0
0.9999975
1.0
0.99999976
1.0
1.0
1.0
1.0
0.99994516
1.0
1.0
0.99995756
0.9999969
1.0
0.98960274
1.0
1.0
0.9999988
0.9999875
0.9999982
1.0
1.0
1.0
1.0
1.0
1.0
1.0
1.0
1.0
1.0
1.0
1.0
0.99999785
1.0
1.0
0.9999999
1.0
1.0
1.0
1.0
0.9999999
0.9934521
0.99463403
0.9999999
0.9928281
0.9990621
0.73802483
0.9995485
1.0
0.9999858
1.0
0.9999994
1.0
0.99995863
0.99999034
1.0
0.99999976
0.999987
1.0
1.0
1.0
0.99993813
1.0
1.0
1.0
0.9999989
0.9999937
1.0
0.9999963
1.0
1.0
1.0
1.0
1.0
1.0
0.9999994
0.9999547
1.0
1.0
0.99999905
1.0
1.0
1.0
1.0
0.9999994
0.9999988
1.0
0.9999913
0.9999999
0.9999802
1.0
1.0
0.59804946
1.0
0.9999548
0.9999999
1.0
1.0
1.0
0.9999994
1.0
0.9999999
1.0
1.0
0.999997
0.9999939
1.0
1.0
0.99999976
1.0
1.0
1.0
0.9999999
1.0
1.0
1.0
1.0
1.0
0.9999999
0.9999999
0.99998975
1.0
1.0
1.0
0.9999999
0.99999905
1.0
0.99996674
0.9999999
1.0
1.0
1.0
1.0
0.99999714
1.0
1.0
1.0
1.0
1.0
0.99999607
0.9993311
1.0
0.99999964
1.0
0.9999871
0.9999999
0.9999995
0.9999999
0.99483746
0.9999994
1.0
1.0
1.0
1.0
0.9999987
0.9999995
0.9999999
1.0
0.99999845
1.0
1.0
1.0
1.0
1.0
1.0
1.0
0.9999974
1.0
0.99873155
1.0
1.0
1.0
1.0
1.0
1.0
0.9999999
1.0
1.0
0.9999995
0.9329503
0.8080412
1.0
1.0
1.0
1.0
1.0
1.0
1.0
0.996766
1.0
0.9998381
1.0
1.0
1.0
0.9999945
0.99999976
0.9999999
1.0
1.0
1.0
0.9999999
1.0
1.0
1.0
1.0
1.0
1.0
0.9999995
0.9999993
1.0
0.9998267
1.0
0.9999995
0.9999988
0.99999976
0.99999917
0.999979
1.0
1.0
1.0
1.0
0.999355
0.99921584
1.0
1.0
1.0
0.9999784
1.0
1.0
1.0
1.0
0.99999976
0.99998105
1.0
0.9999981
1.0
0.9999993
1.0
0.9999999
0.99999344
1.0
1.0
0.99999416
0.9749348
1.0
1.0
0.9999994
0.99999964
1.0
1.0
1.0
1.0
1.0
1.0
1.0
0.99996567
0.9842056
1.0
0.9999995
1.0
1.0
1.0
1.0
0.99999964
0.999962
1.0
1.0
0.9999999
0.9999354
1.0
0.9999981
0.96628743
1.0
0.9999999
0.99999976
0.9999976
0.99999857
1.0
0.9999999
1.0
0.9999999
0.9281404
1.0
1.0
1.0
0.99999976
0.9953113
1.0
0.9999887
1.0
1.0
0.9999995
1.0
1.0
1.0
0.9999416
0.99999964
1.0
1.0
1.0
1.0
1.0
1.0
1.0
1.0
1.0
1.0
1.0
1.0
0.99999964
1.0
1.0
0.99999976
0.97877055
0.9941782
1.0
1.0
0.9988965
1.0
1.0
0.999995
1.0
1.0
0.9991709
1.0
0.99999833
1.0
0.9999964
1.0
1.0
1.0
0.9999999
1.0
1.0
0.9999907
0.99976546
0.99999964
0.995739
0.99998116
1.0
1.0
1.0
1.0
0.9999906
1.0
1.0
1.0
1.0
1.0
1.0
1.0
1.0
1.0
1.0
1.0
0.9999993
0.99999976
0.9996313
0.9999925
0.9999995
1.0
1.0
1.0
1.0
1.0
1.0
0.9999999
1.0
1.0
1.0
1.0
1.0
1.0
1.0
1.0
1.0
1.0
0.9999583
0.9999943
1.0
1.0
1.0
0.999998
0.99965405
1.0
1.0
0.9999677
1.0
0.9999993
1.0
1.0
1.0
0.99999917
1.0
0.9999908
1.0
1.0
0.99997413
1.0
1.0
1.0
0.9999989
1.0
1.0
1.0
1.0
1.0
0.9999938
1.0
1.0
0.75884765
1.0
1.0
0.99998987
0.9999932
1.0
1.0
1.0
1.0
0.9999999
1.0
1.0
1.0
1.0
0.99999976
1.0
0.9999949
1.0
1.0
1.0
0.9999862
1.0
1.0
1.0
0.99999976
1.0
0.99961096
1.0
0.9999999
0.99999785
1.0
0.99341536
1.0
0.9998816
1.0
1.0
1.0
1.0
1.0
1.0
1.0
1.0
1.0
0.9999995
1.0
1.0
0.99999833
1.0
1.0
0.9999999
0.99999964
1.0
1.0
0.9997491
1.0
1.0
1.0
0.9999894
1.0
0.9999999
1.0
0.9999968
0.9999993
1.0
0.99998045
1.0
1.0
0.99999964
0.99999785
0.78061175
0.6785426
1.0
0.9999932
1.0
1.0
0.9999999
1.0
1.0
1.0
1.0
1.0
1.0
0.99713695
0.99999964
1.0
0.9999956
1.0
0.9999802
1.0
0.99994147
0.9999982
1.0
1.0
0.9999975
1.0
1.0
0.99993753
1.0
1.0
1.0
0.9999999
1.0
1.0
0.99999845
1.0
0.9999999
1.0
1.0
1.0
1.0
1.0
0.98667777
1.0
0.99973303
1.0
0.9999995
1.0
0.99999976
1.0
0.99999976
1.0
1.0
1.0
0.9999757
1.0
0.50088996
0.9962767
0.9999989
1.0
0.9999999
1.0
1.0
1.0
0.9999995
0.9850943
1.0
1.0
0.9999845
0.99999845
0.9999995
1.0
1.0
0.9999994
0.999754
1.0
0.99998975
1.0
0.999998
1.0
0.9999993
1.0
0.99999976
0.9675946
0.9999875
1.0
1.0
0.99727255
1.0
1.0
1.0
1.0
1.0
1.0
1.0
1.0
1.0
1.0
1.0
0.99999976
0.999966
1.0
1.0
1.0
1.0
1.0
1.0
1.0
1.0
1.0
0.9999976
1.0
1.0
0.9999534
1.0
1.0
1.0
0.99999845
1.0
1.0
0.99999976
1.0
1.0
1.0
0.9999956
1.0
1.0
1.0
0.9999995
1.0
0.99999976
1.0
0.9999275
1.0
1.0
0.9999995
1.0
0.9999999
1.0
0.9999653
0.99999595
1.0
0.9999999
1.0
0.9999951
1.0
0.9999994
1.0
1.0
0.9999999
0.99964213
0.9522397
1.0
1.0
1.0
1.0
1.0
0.57119423
1.0
1.0
1.0
1.0
0.9998215
0.9812165
1.0
1.0
0.9999999
1.0
0.9997243
0.99998426
1.0
1.0
1.0
0.9999994
0.9999994
0.9999999
0.99999857
0.9999999
1.0
0.9999976
0.99971753
1.0
1.0
1.0
1.0
1.0
0.99999976
1.0
1.0
1.0
0.9998797
1.0
1.0
1.0
1.0
1.0
1.0
1.0
0.99999964
0.99900776
0.9999988
1.0
1.0
1.0
0.9999989
1.0
0.9999999
0.99999976
0.99999464
1.0
1.0
1.0
1.0
1.0
1.0
1.0
1.0
1.0
1.0
0.9999999
1.0
0.99999976
1.0
0.99999964
1.0
0.9989833
0.99999976
1.0
1.0
1.0
0.72537005
1.0
0.99716526
1.0
1.0
0.9999999
0.99999976
0.9999981
1.0
0.99999654
0.999998
1.0
1.0
1.0
0.9999999
1.0
0.9999076
1.0
0.9999962
0.99999976
1.0
0.99999976
1.0
1.0
1.0
1.0
0.99997354
1.0
1.0
0.9999968
1.0
0.99999964
1.0
0.99999297
0.9999999
0.99969995
1.0
1.0
0.9999999
0.99999905
0.99999964
0.99997866
1.0
1.0
0.9999362
1.0
1.0
1.0
1.0
1.0
1.0
1.0
0.9999788
0.9999999
0.9999957
1.0
1.0
0.99999595
1.0
0.9999999
1.0
0.9999989
1.0
1.0
1.0
1.0
0.9999598
1.0
1.0
0.99924135
0.9587489
1.0
0.9999999
1.0
1.0
0.9999962
1.0
1.0
1.0
0.9998167
0.9993173
1.0
0.9999999
1.0
1.0
1.0
0.99999976
1.0
0.9999999
1.0
0.9981645
1.0
0.9999776
1.0
0.99968445
1.0
1.0
0.9999932
1.0
1.0
0.9999937
1.0
1.0
1.0
0.9999591
0.99999833
1.0
1.0
1.0
0.9999999
1.0
0.9999999
0.99919814
1.0
0.83818525
1.0
0.99998474
1.0
1.0
1.0
0.99810386
0.99999905
1.0
1.0
1.0
0.99999976
1.0
0.99999964
1.0
0.9999981
0.6615225
0.9999939
0.9999914
1.0
0.9999999
0.55026114
0.9999318
1.0
0.99999964
0.9999076
0.9999995
1.0
1.0
1.0
0.99981683
1.0
0.9999999
0.99999607
0.9989378
1.0
1.0
0.9998259
0.9999995
1.0
0.99999964
1.0
1.0
1.0
0.9999999
1.0
0.99999845
1.0
0.9998435
1.0
1.0
0.999998
1.0
0.99992
1.0
0.99999964
0.9999621
1.0
1.0
1.0
1.0
1.0
1.0
0.9995819
0.9997948
1.0
0.9999999
1.0
1.0
1.0
0.99998343
1.0
1.0
0.9988732
1.0
0.99999404
1.0
0.99999905
1.0
1.0
1.0
1.0
0.9999999
1.0
0.9999999
1.0
1.0
1.0
1.0
0.99999905
1.0
1.0
1.0
0.6055263
1.0
1.0
1.0
1.0
1.0
0.999997
0.9976255
0.99999964
0.9997919
1.0
0.99999964
0.9999958
1.0
1.0
0.99999964
0.9999993
0.9999999
0.9421071
1.0
0.999933
1.0
1.0
1.0
0.9999993
0.9999957
1.0
1.0
0.9999974
0.99999976
1.0
1.0
1.0
0.99999976
1.0
1.0
0.99999976
0.9999324
1.0
1.0
1.0
1.0
1.0
1.0
1.0
0.98251015
0.99999833
0.99999976
1.0
1.0
1.0
1.0
1.0
1.0
1.0
1.0
1.0
1.0
0.99999
0.99998844
1.0
1.0
1.0
1.0
0.9999999
1.0
0.9998282
1.0
1.0
1.0
1.0
1.0
0.9999801
1.0
0.68190503
0.9993455
0.99999917
1.0
0.9999995
1.0
1.0
1.0
0.9999999
0.9999995
0.9980869
0.99999964
1.0
0.9999999
1.0
0.9999999
1.0
1.0
0.99999547
1.0
0.9999999
0.92921495
0.9757818
1.0
0.99999976
1.0
1.0
1.0
1.0
1.0
0.9999939
1.0
0.9999896
1.0
0.99999225
0.9999981
0.9991949
1.0
0.9999988
1.0
0.9999912
1.0
0.9999567
0.99996257
1.0
0.9999075
0.99993527
0.9995209
0.999821
1.0
1.0
0.99909437
1.0
1.0
0.9999993
1.0
1.0
1.0
1.0
1.0
0.9999857
0.99999976
0.9999995
1.0
1.0
1.0
0.9842993
1.0
1.0
0.9999906
1.0
0.9999999
0.99999285
0.9999995
1.0
1.0
0.9999907
1.0
1.0
1.0
1.0
1.0
0.9999993
1.0
1.0
1.0
1.0
1.0
0.9999999
0.99998367
1.0
1.0
1.0
1.0
1.0
0.99999964
1.0
1.0
1.0
0.9993795
1.0
0.9999963
1.0
0.9999887
1.0
1.0
1.0
0.9990852
1.0
1.0
1.0
1.0
0.99998784
1.0
0.99999976
0.9999763
0.9999589
0.9999999
0.9999987
0.9999999
1.0
0.9999999
1.0
0.9999957
1.0
0.99999964
1.0
0.9853778
1.0
0.88670284
0.9999577
1.0
1.0
1.0
0.9897558
1.0
1.0
0.85875005
0.99999416
0.9999994
1.0
1.0
1.0
1.0
1.0
1.0
1.0
1.0
1.0
1.0
0.9999999
1.0
1.0
1.0
0.9999999
1.0
0.96197945
1.0
0.99947375
1.0
0.98438615
0.9746841
1.0
1.0
1.0
1.0
0.99969876
1.0
1.0
0.9999999
1.0
1.0
1.0
0.9999932
1.0
1.0
0.99662054
0.9999949
1.0
1.0
1.0
1.0
1.0
0.99999905
1.0
1.0
0.9999907
1.0
0.99993145
1.0
1.0
1.0
1.0
1.0
0.9999894
1.0
1.0
1.0
1.0
0.9999893
0.99999976
0.99999785
0.99998057
1.0
0.99998844
1.0
1.0
0.9975624
0.9999993
1.0
1.0
1.0
1.0
1.0
0.99995744
1.0
0.9991823
1.0
0.9935201
1.0
1.0
0.9999993
1.0
1.0
0.99999976
0.99999857
1.0
1.0
0.71509784
1.0
1.0
0.9999999
1.0
0.9999989
0.9999988
1.0
1.0
1.0
0.9999999
1.0
1.0
0.99997234
1.0
1.0
0.9999765
1.0
1.0
0.9999999
0.9754794
1.0
1.0
1.0
1.0
1.0
1.0
0.99998486
0.9999993
0.9999999
1.0
1.0
1.0
0.9968696
1.0
1.0
1.0
1.0
1.0
0.9999988
1.0
1.0
1.0
1.0
1.0
1.0
1.0
1.0
1.0
0.9999893
0.99987364
1.0
0.9999932
1.0
1.0
0.9999733
1.0
0.9201417
1.0
1.0
0.9169981
0.9996468
1.0
1.0
1.0
0.988138
0.9999995
1.0
0.99999225
1.0
1.0
1.0
1.0
1.0
0.9999939
0.9999076
0.9999994
1.0
1.0
1.0
0.9999796
0.9999999
1.0
1.0
1.0
0.99999917
0.99999964
1.0
0.55719525
1.0
1.0
1.0
1.0
1.0
1.0
0.9991252
0.54490656
0.9900793
1.0
1.0
0.99964595
0.998577
1.0
1.0
0.99998116
1.0
1.0
1.0
1.0
0.9999995
1.0
1.0
1.0
1.0
1.0
1.0
0.9542935
1.0
1.0
1.0
0.99999917
1.0
0.99999976
1.0
1.0
1.0
1.0
0.9999938
1.0
1.0
0.9999993
1.0
1.0
0.70096266
0.99999964
1.0
0.99999976
0.99999976
0.9999999
1.0
1.0
1.0
1.0
1.0
1.0
1.0
1.0
1.0
0.99999976
1.0
0.9999999
0.9985275
0.9999536
0.9999988
1.0
0.99999976
1.0
1.0
1.0
1.0
0.99999845
0.99998486
1.0
1.0
1.0
1.0
1.0
0.9999999
0.9999999
0.5855968
1.0
1.0
0.99999976
0.9999999
1.0
1.0
1.0
0.9999999
1.0
0.9996767
0.9999982
1.0
1.0
1.0
1.0
0.99999857
1.0
0.99993217
0.9955343
1.0
0.9999907
1.0
0.99999976
0.9999999
1.0
0.9999999
1.0
1.0
0.99992144
1.0
1.0
0.9999063
1.0
1.0
1.0
1.0
1.0
0.9885719
1.0
1.0
1.0
1.0
0.9999988
1.0
1.0
1.0
0.9999999
0.9999832
0.99999154
1.0
1.0
1.0
0.999998
0.99999964
1.0
1.0
0.9989072
1.0
0.99999976
1.0
0.9999981
1.0
0.9999993
1.0
1.0
0.9999994
0.99999917
1.0
1.0
1.0
1.0
1.0
1.0
1.0
0.9999975
0.9999999
1.0
0.9998871
0.99999976
1.0
0.99998736
1.0
1.0
1.0
1.0
1.0
1.0
0.96590215
1.0
0.99994576
0.99999976
1.0
0.99946934
1.0
0.9999999
1.0
1.0
0.9999968
1.0
1.0
1.0
1.0
1.0
0.9999962
1.0
1.0
1.0
0.99998367
0.9999987
0.9999976
0.9902942
1.0
0.5695655
0.9999994
1.0
1.0
1.0
0.9999999
0.99999905
0.9999999
0.99998844
1.0
0.9999995
1.0
1.0
1.0
1.0
1.0
1.0
1.0
1.0
1.0
1.0
0.99996185
1.0
1.0
0.9999995
1.0
0.9999989
1.0
1.0
1.0
1.0
1.0
1.0
1.0
1.0
0.9999819
1.0
1.0
0.999995
1.0
0.9999995
0.9999999
1.0
1.0
0.9999988
0.9999684
0.999995
1.0
1.0
0.99996436
1.0
0.9999969
0.99972564
0.99949086
1.0
1.0
0.9999999
1.0
1.0
1.0
0.9999964
0.9999999
0.9999999
1.0
1.0
0.9999999
0.994464
1.0
1.0
1.0
1.0
1.0
1.0
0.99999964
1.0
0.99999976
1.0
1.0
1.0
0.99906534
1.0
0.9994025
1.0
1.0
0.9999927
0.9999999
0.9999999
0.9999906
1.0
0.99998426
0.9999988
1.0
1.0
0.99999976
1.0
0.9999881
0.9999981
1.0
0.99999964
1.0
1.0
1.0
1.0
1.0
1.0
1.0
0.99999964
1.0
1.0
1.0
1.0
0.9999995
1.0
0.9989864
1.0
0.99975795
1.0
1.0
1.0
1.0
0.99999905
0.9968534
0.9999894
1.0
0.9999999
0.99997544
0.99999034
1.0
1.0
1.0
0.9999999
1.0
0.7019394
1.0
0.9999951
1.0
1.0
0.98909134
1.0
1.0
0.72777176
0.999915
0.9999994
1.0
0.99999845
0.99999976
0.9999944
1.0
1.0
0.9999974
0.82638615
1.0
1.0
1.0
0.9999999
0.9999417
1.0
1.0
1.0
1.0
0.99454725
1.0
1.0
1.0
1.0
0.9997631
1.0
0.92133176
1.0
1.0
0.99999976
0.99999833
1.0
1.0
1.0
1.0
1.0
1.0
1.0
1.0
1.0
0.9995378
1.0
1.0
1.0
1.0
0.9999908
0.9999926
0.9999999
1.0
0.91717124
1.0
1.0
1.0
1.0
0.5058784
0.99999535
1.0
1.0
1.0
1.0
0.99999964
0.9999995
1.0
0.97083956
1.0
0.97346115
1.0
1.0
1.0
0.99999964
1.0
1.0
0.9999738
1.0
0.966252
1.0
1.0
1.0
0.9999999
1.0
1.0
0.99999607
1.0
1.0
1.0
0.4956092
0.9996282
0.9995229
0.9999999
1.0
1.0
0.9839144
1.0
1.0
0.9999944
1.0
1.0
1.0
1.0
0.99999976
1.0
1.0
1.0
0.99999964
0.9999951
1.0
0.99999833
1.0
1.0
0.9999995
1.0
1.0
1.0
0.9999993
0.9999989
1.0
1.0
0.99999607
0.99999595
1.0
1.0
1.0
1.0
1.0
0.9999995
0.99998546
1.0
1.0
1.0
1.0
0.9999895
0.9999995
1.0
1.0
1.0
0.99999976
1.0
0.9999999
0.99092615
1.0
1.0
0.997712
0.98550713
1.0
1.0
0.83800703
1.0
1.0
1.0
0.99999917
1.0
0.9999311
1.0
1.0
0.9995808
1.0
0.99998844
1.0
1.0
1.0
0.9999999
1.0
1.0
1.0
1.0
1.0
1.0
1.0
0.9999194
1.0
1.0
0.9998241
0.9999999
1.0
1.0
1.0
1.0
0.99999964
0.99999547
1.0
0.999783
0.99971706
1.0
1.0
0.9999999
1.0
1.0
1.0
0.9999956
1.0
1.0
0.9999999
1.0
0.9999926
1.0
1.0
1.0
1.0
0.99999976
1.0
0.9999999
0.999998
1.0
1.0
1.0
1.0
1.0
1.0
1.0
1.0
0.9999981
1.0
1.0
0.9999995
0.9999999
0.99999905
1.0
1.0
1.0
1.0
1.0
1.0
0.99427056
1.0
0.9999925
0.9999932
1.0
1.0
0.9991768
0.9999999
1.0
1.0
0.99999785
0.9999999
0.9999999
0.9999995
0.9931477
1.0
1.0
1.0
1.0
1.0
1.0
1.0
0.9999999
1.0
1.0
0.99999976
0.99999785
0.9702223
0.99999976
1.0
0.9999751
1.0
0.99999547
0.9999546
0.99999964
1.0
0.9999999
1.0
1.0
1.0
0.9999999
1.0
0.9957151
0.9999999
1.0
1.0
1.0
1.0
0.99996054
1.0
1.0
1.0
0.99996233
1.0
0.9999583
1.0
1.0
1.0
1.0
0.99999976
0.9997669
0.9999999
1.0
0.9612269
1.0
1.0
1.0
0.99999905
0.99999976
1.0
1.0
1.0
0.9999832
0.9999975
1.0
0.9999999
0.99999785
0.9996326
1.0
1.0
1.0
1.0
1.0
1.0
1.0
0.9999863
1.0
1.0
1.0
1.0
1.0
1.0
0.9999989
1.0
1.0
1.0
1.0
1.0
1.0
1.0
1.0
1.0
1.0
0.931037
0.9999964
0.99990237
0.9999999
1.0
1.0
1.0
1.0
0.99999726
0.999998
1.0
0.5400758
1.0
0.9999932
1.0
1.0
1.0
0.9999999
0.864113
0.99999976
1.0
1.0
1.0
1.0
0.99999356
1.0
0.9999964
0.9999994
0.9999994
1.0
1.0
0.9999995
1.0
1.0
1.0
0.99999964
0.999974
0.84199214
1.0
0.9999938
1.0
1.0
1.0
0.9999999
1.0
0.94977033
1.0
1.0
0.99999285
1.0
1.0
1.0
1.0
0.99594635
1.0
1.0
1.0
0.999897
1.0
1.0
0.99999976
1.0
1.0
1.0
0.97817105
1.0
1.0
1.0
0.9997003
0.9999993
1.0
1.0
0.99991095
1.0
0.99999964
1.0
1.0
1.0
0.99819773
0.9975158
0.9999999
0.9999999
1.0
1.0
1.0
0.9071925
0.9999912
1.0
0.99999905
1.0
0.9999621
0.99999905
1.0
0.9999839
1.0
1.0
1.0
1.0
1.0
1.0
1.0
1.0
1.0
0.99999464
1.0
1.0
1.0
0.99996185
0.99999905
1.0
1.0
0.9999833
1.0
1.0
1.0
0.9999988
1.0
1.0
1.0
0.9988261
1.0
0.9999975
1.0
1.0
1.0
1.0
1.0
0.9999999
1.0
1.0
1.0
1.0
1.0
1.0
1.0
1.0
1.0
1.0
0.99999964
0.9999994
1.0
0.9999999
1.0
0.9999994
1.0
0.9996245
1.0
0.9999443
1.0
1.0
1.0
1.0
0.9999999
1.0
0.9997584
1.0
0.999998
0.9999968
1.0
0.9999229
1.0
1.0
1.0
0.99807835
0.99990547
0.9937643
0.99999964
1.0
1.0
1.0
1.0
0.9999999
1.0
0.99999917
1.0
0.99999726
1.0
1.0
1.0
0.99988115
1.0
1.0
0.99999523
1.0
1.0
1.0
1.0
0.9999807
1.0
1.0
0.9999982
0.99980265
1.0
1.0
0.9999999
0.9999995
1.0
1.0
1.0
1.0
0.99999964
0.9999968
0.9999995
1.0
0.9999523
1.0
1.0
1.0
0.99999976
0.9958688
1.0
0.9999999
0.9999999
0.9974606
1.0
1.0
0.9999999
1.0
1.0
1.0
0.99998105
1.0
1.0
1.0
0.9999999
1.0
1.0
0.99999905
0.99546885
1.0
1.0
1.0
1.0
0.99999964
0.9999963
1.0
1.0
1.0
0.9941381
1.0
0.9999993
0.9998765
1.0
1.0
1.0
1.0
1.0
1.0
1.0
0.9999732
1.0
1.0
1.0
1.0
0.99999857
0.9999993
0.99999905
1.0
1.0
1.0
1.0
0.9999534
0.99930084
1.0
1.0
1.0
0.9997154
1.0
0.9999999
0.99999976
1.0
1.0
0.999997
1.0
1.0
1.0
0.99999416
1.0
1.0
0.9981331
1.0
1.0
0.99999917
0.9999999
1.0
0.99988055
1.0
1.0
1.0
1.0
0.99998474
1.0
1.0
1.0
1.0
1.0
0.99999964
1.0
1.0
0.9999945
1.0
0.9999664
0.99999547
0.9999993
0.99999976
1.0
1.0
1.0
1.0
0.99996257
1.0
1.0
1.0
1.0
0.99999857
0.99999964
0.9999999
0.9999652
1.0
1.0
0.9999783
1.0
1.0
1.0
1.0
1.0
0.999985
1.0
1.0
1.0
0.9999999
0.99999154
1.0
1.0
0.9999994
0.99999976
1.0
1.0
1.0
1.0
1.0
0.9999999
1.0
1.0
0.99999785
1.0
1.0
1.0
1.0
0.9999989
1.0
0.5103894
0.99999976
1.0
1.0
1.0
1.0
1.0
1.0
1.0
1.0
0.99903417
1.0
0.99999917
1.0
1.0
0.99967325
0.9999379
1.0
1.0
1.0
0.9999999
1.0
0.57121354
0.9999794
1.0
1.0
1.0
1.0
1.0
1.0
0.99999774
0.9999989
1.0
0.99998784
0.99986315
0.999997
0.9999949
1.0
0.99947053
1.0
0.99017453
0.9999975
1.0
1.0
1.0
1.0
1.0
1.0
1.0
0.99991155
0.99922
0.9635337
1.0
1.0
1.0
1.0
1.0
1.0
0.98885113
1.0
0.99836904
0.99999917
0.9999987
1.0
1.0
1.0
1.0
1.0
1.0
1.0
1.0
0.99999964
1.0
0.9999999
1.0
1.0
1.0
1.0
1.0
1.0
1.0
1.0
0.9999993
0.99999976
1.0
0.9999995
1.0
1.0
0.99999976
1.0
0.99999654
0.99999964
0.999995
1.0
0.9999957
1.0
1.0
1.0
0.99999297
1.0
1.0
0.99999976
1.0
0.9989004
1.0
1.0
1.0
0.99999976
0.9999999
0.9999995
1.0
1.0
1.0
1.0
0.99999964
1.0
0.99916005
1.0
1.0
1.0
1.0
1.0
1.0
0.99999917
1.0
0.99999976
1.0
0.9999999
1.0
1.0
0.9999784
0.99978894
1.0
0.99999964
0.9999944
1.0
1.0
1.0
0.9999503
1.0
0.9999826
1.0
1.0
0.9890787
1.0
1.0
1.0
1.0
1.0
1.0
1.0
1.0
1.0
1.0
1.0
0.9999974
0.9999999
0.9999999
1.0
1.0
1.0
1.0
1.0
0.99999976
1.0
1.0
1.0
1.0
0.9999962
1.0
1.0
0.9999995
1.0
1.0
0.99998367
1.0
0.99990654
1.0
0.9999999
1.0
0.9999999
1.0
1.0
1.0
1.0
1.0
1.0
0.9999987
1.0
1.0
0.9999969
1.0
1.0
0.9999982
1.0
0.9999242
0.99996126
1.0
1.0
0.99999976
0.9999968
0.96889484
1.0
0.9999987
0.9999999
0.9998764
0.99999344
0.96173936
1.0
0.99999416
0.9997603
1.0
0.9999999
0.9999999
1.0
1.0
1.0
0.99999845
0.99949753
0.8998989
0.9999714
0.9999999
1.0
0.9999995
0.99999964
0.9999502
0.9999976
1.0
1.0
1.0
1.0
1.0
0.99950814
0.93657625
1.0
1.0
0.9999989
1.0
1.0
0.9999324
1.0
0.9999852
1.0
1.0
0.99999976
1.0
0.9999858
1.0
0.9999999
1.0
0.99995804
1.0
0.99999774
1.0
1.0
1.0
0.9999939
1.0
1.0
0.99767596
1.0
1.0
1.0
1.0
1.0
1.0
0.99999404
1.0
1.0
1.0
0.9999865
0.9999994
1.0
0.99999917
1.0
0.9840694
1.0
1.0
1.0
1.0
0.99999523
0.99999857
1.0
1.0
0.9999988
0.9758793
1.0
0.99999845
1.0
1.0
1.0
1.0
0.99997854
1.0
1.0
1.0
1.0
1.0
1.0
0.9999999
1.0
0.99999297
1.0
0.9992416
0.99999976
1.0
0.9999975
1.0
1.0
0.99999976
0.9819704
1.0
1.0
0.9999982
0.9999999
1.0
1.0
1.0
0.99999976
1.0
0.9999999
1.0
1.0
1.0
1.0
1.0
1.0
1.0
1.0
1.0
1.0
1.0
1.0
1.0
1.0
1.0
1.0
1.0
1.0
0.99266374
0.9895447
1.0
0.9936446
1.0
1.0
1.0
1.0
1.0
1.0
0.99998915
0.99999976
1.0
1.0
0.83939666
1.0
0.9999999
1.0
1.0
0.99999905
1.0
1.0
1.0
1.0
1.0
1.0
1.0
0.9999999
1.0
0.9999999
0.9999994
1.0
0.99999833
1.0
1.0
1.0
1.0
1.0
1.0
0.9999999
1.0
0.9999573
1.0
0.99989295
0.9999989
1.0
1.0
1.0
1.0
0.9998222
0.9989379
0.9999999
0.9999994
0.9999999
1.0
0.9999745
0.9999993
1.0
0.99968815
1.0
1.0
1.0
0.9999999
0.9999682
1.0
1.0
1.0
1.0
1.0
0.9999999
0.8459229
0.9993961
1.0
0.9999963
0.9999348
0.9999914
1.0
0.99999297
1.0
0.9999981
1.0
1.0
1.0
1.0
1.0
1.0
0.9999999
0.99999905
1.0
1.0
0.9999999
1.0
0.9999993
1.0
1.0
1.0
1.0
1.0
0.99983764
1.0
1.0
0.9999932
1.0
1.0
1.0
1.0
0.9999999
0.9999956
1.0
1.0
1.0
1.0
1.0
0.99990845
0.99999356
1.0
1.0
0.9999943
1.0
1.0
1.0
1.0
0.9999995
1.0
1.0
0.99999917
0.9999994
1.0
1.0
1.0
0.9996898
0.9999999
1.0
1.0
1.0
1.0
1.0
0.9998524
1.0
1.0
1.0
1.0
1.0
0.9999989
1.0
1.0
0.999954
0.9995427
1.0
1.0
1.0
1.0
1.0
1.0
0.99989176
1.0
1.0
1.0
1.0
0.999713
0.9999999
1.0
1.0
0.9999962
1.0
1.0
0.7962667
1.0
1.0
1.0
0.9999999
1.0
1.0
1.0
0.9999999
1.0
0.9999987
0.999047
1.0
0.99999833
0.9999987
0.9999957
1.0
1.0
1.0
1.0
1.0
1.0
1.0
1.0
1.0
0.99812084
0.99999654
1.0
1.0
0.99999344
1.0
1.0
1.0
1.0
1.0
0.9999714
1.0
0.9999963
0.99999917
1.0
1.0
0.99999917
0.9999994
1.0
0.9999833
1.0
1.0
1.0
0.9999999
1.0
1.0
1.0
0.99999726
1.0
1.0
0.9998723
1.0
1.0
1.0
1.0
1.0
1.0
0.99999845
0.9999367
0.9995358
1.0
1.0
0.9999993
1.0
1.0
1.0
1.0
1.0
1.0
1.0
1.0
1.0
0.99999976
0.99999833
1.0
1.0
1.0
1.0
1.0
1.0
1.0
1.0
1.0
1.0
1.0
1.0
0.99866164
0.99999964
0.99999964
0.9999999
1.0
0.9999988
1.0
0.99999964
1.0
1.0
0.99998
1.0
0.99999905
0.9999989
0.9879248
1.0
1.0
0.999997
1.0
1.0
0.99993706
0.9997682
0.99999976
1.0
1.0
1.0
0.99994326
0.9999999
0.9994143
0.99999976
1.0
0.99999964
1.0
1.0
1.0
1.0
1.0
1.0
1.0
1.0
0.9999995
1.0
0.99999845
1.0
1.0
0.99999964
1.0
1.0
1.0
0.99999964
1.0
1.0
1.0
0.998106
1.0
1.0
1.0
0.99994516
1.0
1.0
0.99991035
0.99999297
1.0
1.0
1.0
1.0
1.0
1.0
0.7809484
1.0
1.0
1.0
0.99992335
1.0
1.0
1.0
0.9999962
1.0
0.99998176
1.0
1.0
1.0
1.0
1.0
1.0
1.0
1.0
1.0
1.0
1.0
1.0
1.0
1.0
1.0
0.999998
0.99997747
0.999979
1.0
0.9999994
0.99999976
0.9999999
1.0
0.99999285
1.0
0.99999976
1.0
0.99986446
0.9999999
1.0
0.9999968
0.99996436
0.99999833
1.0
0.99999976
1.0
1.0
0.9999999
1.0
1.0
1.0
1.0
1.0
1.0
1.0
1.0
0.99999154
1.0
1.0
1.0
1.0
1.0
0.9999908
0.9999478
1.0
0.99999857
0.993298
1.0
0.9999869
1.0
1.0
1.0
0.9999999
1.0
0.9999993
0.9999875
0.9999999
1.0
1.0
1.0
0.9999999
1.0
1.0
1.0
1.0
1.0
1.0
1.0
1.0
0.99985814
0.9912907
1.0
0.9999999
0.99999964
1.0
1.0
1.0
1.0
0.99999774
1.0
1.0
1.0
1.0
0.99999976
0.9999939
0.99999964
0.9999846
0.99999976
1.0
0.99999475
1.0
1.0
1.0
0.9999896
1.0
1.0
1.0
1.0
0.65860623
0.9999999
0.9999999
0.9999975
1.0
1.0
0.99999964
1.0
0.99959713
1.0
1.0
1.0
1.0
1.0
1.0
0.9999999
1.0
0.99985933
1.0
0.99999154
1.0
1.0
0.9999666
1.0
1.0
1.0
0.9998056
1.0
1.0
1.0
0.9999926
0.9813486
1.0
1.0
1.0
1.0
0.99999976
1.0
0.9999995
1.0
1.0
1.0
1.0
1.0
0.99999976
1.0
0.99999964
0.99946517
1.0
1.0
0.9999988
1.0
0.9999995
1.0
0.99999106
0.9668279
0.98850095
1.0
1.0
1.0
1.0
1.0
0.99986696
1.0
0.99999976
1.0
1.0
1.0
0.99996305
1.0
0.9999964
0.99964225
0.9999919
1.0
1.0
1.0
1.0
0.9996302
1.0
1.0
1.0
1.0
1.0
1.0
1.0
1.0
0.99990666
1.0
0.99996424
0.99999774
1.0
1.0
1.0
0.99999833
0.9937875
0.99999964
0.7353028
0.9999976
0.99999917
1.0
1.0
0.99999774
1.0
1.0
0.99999976
1.0
1.0
1.0
1.0
1.0
0.99999976
1.0
0.9999999
0.99999917
1.0
0.9994411
1.0
1.0
1.0
1.0
1.0
1.0
1.0
0.9928478
1.0
1.0
0.9999912
1.0
1.0
0.9999995
1.0
1.0
0.99999714
1.0
1.0
1.0
1.0
0.99999976
1.0
1.0
1.0
1.0
1.0
0.9999995
0.9999995
1.0
1.0
1.0
1.0
1.0
0.99999976
0.99999976
0.9999999
1.0
1.0
0.9986444
1.0
1.0
1.0
0.9998932
1.0
0.99993944
0.9999999
1.0
0.99999976
1.0
0.99999726
1.0
1.0
0.99999356
1.0
1.0
1.0
1.0
1.0
1.0
1.0
0.9999999
0.599835
1.0
1.0
1.0
1.0
1.0
0.99999964
0.9999131
1.0
0.99999857
1.0
1.0
1.0
0.9998746
1.0
1.0
1.0
1.0
1.0
1.0
1.0
0.9962685
1.0
1.0
1.0
0.9999999
1.0
1.0
0.99999976
0.9999974
0.9999999
1.0
1.0
1.0
1.0
0.999997
1.0
0.9729326
1.0
1.0
0.9996637
1.0
0.999997
0.99999964
0.9999999
0.9999151
0.7459345
0.9999999
0.9999995
0.99993217
1.0
1.0
1.0
1.0
1.0
0.9999993
1.0
1.0
0.9999975
1.0
1.0
0.99955076
1.0
1.0
1.0
1.0
1.0
0.9999995
0.999767
1.0
0.9998857
1.0
1.0
0.9999999
0.9999858
0.99999726
0.99999964
1.0
1.0
1.0
1.0
0.99850476
0.99999225
1.0
1.0
0.999446
0.7254039
1.0
1.0
1.0
1.0
1.0
1.0
1.0
1.0
0.99995637
1.0
0.8612382
1.0
0.9971871
1.0
0.9999982
1.0
1.0
0.9999454
1.0
1.0
1.0
1.0
0.99999964
0.9999951
1.0
1.0
0.9940374
0.9999999
0.9995003
1.0
1.0
0.9999975
1.0
0.9999832
1.0
1.0
0.9999999
1.0
0.9996463
1.0
0.7309436
1.0
0.9999989
0.86693215
1.0
1.0
1.0
1.0
1.0
0.99999976
0.9999993
1.0
0.9999981
0.9614501
1.0
1.0
1.0
1.0
1.0
1.0
1.0
1.0
1.0
0.99126774
1.0
1.0
1.0
0.9999999
0.9999691
1.0
0.94177556
0.99999905
0.9999918
1.0
1.0
1.0
1.0
1.0
0.9999466
1.0
1.0
1.0
0.6319874
1.0
0.9999999
0.7383709
1.0
0.9999989
1.0
0.9999995
1.0
0.9992004
1.0
0.9999993
0.9999709
1.0
1.0
1.0
1.0
0.9999931
1.0
0.98841256
1.0
0.99999976
1.0
1.0
1.0
0.9999999
0.99999666
1.0
0.9999924
0.9999975
1.0
1.0
1.0
1.0
0.99999964
0.99999976
1.0
1.0
1.0
1.0
1.0
0.99999976
1.0
0.99137527
0.99999976
1.0
1.0
0.9999999
1.0
1.0
1.0
1.0
0.99985886
1.0
0.99999976
1.0
0.6653467
1.0
1.0
0.9999993
1.0
1.0
1.0
0.9999989
1.0
1.0
1.0
1.0
0.99999976
1.0
1.0
1.0
1.0
0.99999964
0.9999993
0.9999999
0.9978454
1.0
1.0
1.0
1.0
1.0
1.0
1.0
1.0
1.0
1.0
1.0
1.0
0.99958235
0.9999975
0.7962424
1.0
0.9962914
1.0
1.0
0.99986637
1.0
1.0
1.0
0.9999927
0.9984964
0.99999964
1.0
1.0
1.0
1.0
1.0
1.0
1.0
1.0
1.0
0.9999906
1.0
1.0
1.0
0.9999999
0.99999833
0.9326856
0.9999908
0.9999875
0.9999349
1.0
1.0
1.0
1.0
0.99466115
0.99999976
0.9999999
1.0
1.0
0.99999964
1.0
0.99999976
0.999866
0.7688744
0.99993086
1.0
0.9999995
1.0
1.0
0.9999999
1.0
1.0
0.99999976
0.99956006
0.99999917
0.9999957
0.9999999
1.0
0.999967
0.99999976
0.9999988
1.0
1.0
1.0
1.0
0.7215506
1.0
1.0
1.0
1.0
0.9999981
1.0
1.0
0.9986469
1.0
0.99530655
0.99978155
0.9999999
1.0
1.0
0.99999833
1.0
1.0
1.0
1.0
0.84922475
1.0
0.99999976
0.9994966
1.0
1.0
1.0
1.0
1.0
1.0
0.9999604
0.99999964
1.0
0.9999999
1.0
1.0
1.0
0.9999994
1.0
1.0
0.99997294
1.0
1.0
1.0
1.0
0.9999603
0.99934477
1.0
1.0
1.0
1.0
1.0
0.99999833
1.0
1.0
1.0
0.9907855
1.0
0.99998343
1.0
1.0
1.0
1.0
1.0
0.99998295
1.0
1.0
1.0
0.96128935
1.0
1.0
0.9403004
1.0
1.0
1.0
1.0
1.0
0.9999999
1.0
0.9999968
1.0
0.999992
1.0
1.0
1.0
1.0
0.99965703
1.0
0.9999999
1.0
1.0
1.0
0.99999845
0.99996006
1.0
0.9999609
1.0
1.0
1.0
1.0
1.0
1.0
1.0
1.0
0.9999696
1.0
1.0
1.0
1.0
0.99998796
0.99999976
1.0
0.9999988
0.9999999
1.0
1.0
0.99999976
0.9999999
0.9999931
0.99986315
1.0
1.0
1.0
1.0
0.9999988
1.0
1.0
0.99998975
1.0
1.0
1.0
1.0
0.99999964
0.99992263
1.0
0.9999943
1.0
1.0
1.0
0.99999535
1.0
0.99999976
0.9999987
1.0
0.9999994
0.9999815
1.0
0.99642795
1.0
0.9999945
1.0
0.9999217
0.9999999
1.0
1.0
1.0
0.88799393
1.0
1.0
1.0
0.99999976
1.0
1.0
1.0
1.0
1.0
1.0
0.9999267
1.0
0.73525304
0.9999862
0.99999213
1.0
0.9999981
1.0
0.9999833
0.9999982
0.99999833
0.99999774
1.0
1.0
1.0
1.0
1.0
1.0
0.9999994
0.999995
0.9999994
1.0
0.9999912
1.0
0.9999993
0.99990237
1.0
0.999718
1.0
1.0
1.0
0.83494914
0.9999999
0.9999622
1.0
1.0
1.0
0.9998454
0.99999595
1.0
1.0
1.0
0.9999995
1.0
1.0
1.0
1.0
1.0
1.0
0.9999995
0.9976078
1.0
1.0
1.0
0.99999976
1.0
1.0
1.0
1.0
1.0
1.0
1.0
1.0
0.9999999
0.99616647
0.9999987
1.0
1.0
1.0
0.99999905
0.9999894
0.9999999
1.0
0.99999964
0.9913018
1.0
1.0
1.0
1.0
1.0
0.9999994
0.999961
0.90622973
1.0
1.0
0.99976295
0.9999901
0.9999999
1.0
1.0
1.0
0.99972934
0.99999964
1.0
0.9999995
0.9998271
1.0
0.99244213
1.0
1.0
1.0
1.0
1.0
0.99999964
1.0
1.0
0.9999999
1.0
1.0
1.0
0.92007166
1.0
0.99999976
0.99999666
1.0
0.6377947
1.0
0.9999995
1.0
0.99998343
0.9999958
0.9999999
1.0
0.9838171
0.99999917
0.9999968
0.99959785
0.9999989
0.99999976
1.0
1.0
1.0
0.9998313
1.0
0.99999917
0.9999999
1.0
1.0
1.0
0.99999034
0.99946064
0.99960643
1.0
0.99999976
1.0
1.0
1.0
0.9999999
1.0
0.9999999
1.0
0.9999989
1.0
0.9999999
1.0
0.9999969
0.9999764
1.0
1.0
0.99999976
1.0
0.99999976
1.0
1.0
1.0
0.9999999
1.0
0.99999905
1.0
0.99999964
0.9981238
1.0
1.0
1.0
1.0
1.0
0.99650264
0.9999999
1.0
1.0
1.0
1.0
1.0
0.99999976
0.9999994
0.9992994
0.99184084
1.0
1.0
0.99997294
1.0
1.0
1.0
0.9999994
0.99999905
0.9965823
1.0
1.0
1.0
1.0
0.9999051
1.0
1.0
0.9999889
1.0
1.0
0.99998224
1.0
0.9959423
1.0
0.99975926
0.99999976
1.0
0.99999774
1.0
1.0
1.0
0.99999905
1.0
0.99999595
1.0
1.0
1.0
0.9999999
1.0
0.9999999
0.92915034
0.99998593
1.0
0.99985766
1.0
0.874311
1.0
1.0
0.99999785
1.0
1.0
1.0
1.0
0.9999993
1.0
0.9999964
1.0
1.0
1.0
0.99999464
1.0
0.9999988
1.0
0.9999999
0.9999523
0.80535334
1.0
0.99999833
1.0
0.9999858
1.0
1.0
0.99999976
0.999546
1.0
0.99979705
1.0
0.9998541
0.99999964
0.9999989
1.0
0.9999995
1.0
0.9587594
1.0
1.0
1.0
1.0
1.0
0.9999925
1.0
0.99988735
1.0
0.99999976
0.9904463
0.9999995
1.0
1.0
0.99999666
1.0
0.99999607
1.0
1.0
0.9999988
1.0
1.0
1.0
1.0
1.0
0.99999857
1.0
1.0
1.0
1.0
1.0
1.0
1.0
0.99927217
1.0
0.9999999
0.9999999
0.99999785
0.9999964
0.9999995
1.0
1.0
1.0
0.999938
0.99999976
0.99998355
1.0
1.0
1.0
1.0
0.99999297
1.0
1.0
0.95362425
0.9996438
0.9999999
0.9708127
0.9999999
1.0
0.99999857
0.9920746
0.99994004
0.99998033
0.9589954
1.0
0.9999999
1.0
0.98892736
1.0
0.99999976
1.0
1.0
1.0
1.0
0.9999999
0.99999774
1.0
0.9999933
1.0
1.0
1.0
1.0
1.0
1.0
0.99998426
1.0
1.0
1.0
1.0
1.0
0.99966204
1.0
0.99754757
1.0
1.0
1.0
0.9999962
1.0
1.0
0.9999995
1.0
1.0
1.0
0.9997782
0.994166
1.0
0.99999976
0.9993962
1.0
1.0
1.0
0.9999993
0.99999964
1.0
0.9999999
1.0
0.99999726
0.9999995
1.0
0.9999908
1.0
0.99999976
0.9999907
0.9999764
0.9999999
0.9999994
0.9999106
0.8936271
1.0
1.0
1.0
0.9983505
1.0
0.99999976
0.9986517
0.99999535
1.0
1.0
1.0
1.0
0.9999994
0.99998283
1.0
1.0
1.0
0.9999999
1.0
1.0
0.9999989
0.9999994
0.9999459
1.0
0.9999999
1.0
1.0
1.0
1.0
0.9634995
1.0
1.0
0.99999464
1.0
1.0
0.9999999
1.0
1.0
1.0
1.0
1.0
1.0
1.0
0.6192066
1.0
0.99999905
0.99999976
0.9999989
0.95171154
1.0
1.0
1.0
1.0
0.9999999
1.0
1.0
1.0
1.0
0.9999993
1.0
1.0
0.9999999
1.0
0.99999666
1.0
1.0
1.0
0.6674226
1.0
1.0
1.0
1.0
0.999998
1.0
1.0
1.0
1.0
1.0
1.0
1.0
1.0
1.0
1.0
0.9999999
0.99994457
0.9999995
0.9999995
1.0
0.9999989
1.0
0.9997813
0.9999995
0.9999999
0.99999654
1.0
1.0
0.99999976
1.0
1.0
0.99998975
1.0
0.99999774
0.99998224
1.0
1.0
1.0
1.0
0.99999154
1.0
0.99996305
0.99999976
1.0
1.0
1.0
0.99999964
1.0
1.0
1.0
0.99986637
1.0
0.9999583
1.0
1.0
0.9999974
0.99999225
1.0
1.0
0.8664437
1.0
0.9999999
1.0
1.0
1.0
1.0
0.9999994
1.0
1.0
1.0
1.0
0.9999999
0.9999671
0.9999584
1.0
1.0
1.0
1.0
1.0
1.0
0.99999905
1.0
1.0
0.99984074
0.99997914
1.0
1.0
1.0
1.0
1.0
0.9999999
0.99989617
1.0
0.9999999
1.0
0.9999999
0.99996805
1.0
0.99999726
0.9999374
0.99675083
0.9999999
0.9999999
0.99989164
0.9999999
1.0
1.0
1.0
1.0
1.0
1.0
0.9920025
1.0
1.0
1.0
0.9999963
1.0
1.0
1.0
0.99929786
0.9999993
0.92181563
1.0
0.99978346
0.9999999
1.0
1.0
0.99999964
1.0
1.0
1.0
0.9999993
1.0
1.0
1.0
1.0
1.0
1.0
1.0
1.0
1.0
1.0
1.0
0.9989292
1.0
1.0
0.9999999
1.0
0.99999976
0.9999999
0.9999999
1.0
1.0
1.0
0.9999999
0.9999999
1.0
1.0
0.9999951
1.0
1.0
0.9999994
1.0
1.0
1.0
1.0
1.0
0.7597068
0.99999094
1.0
1.0
1.0
0.99999964
0.9999995
0.8166953
0.99999154
0.99321485
1.0
1.0
0.99999905
1.0
1.0
1.0
0.6920086
1.0
1.0
0.9999865
1.0
1.0
1.0
1.0
1.0
1.0
1.0
0.9999982
1.0
0.99999976
0.9815275
0.9829322
1.0
0.99999976
1.0
1.0
0.99999964
1.0
1.0
0.9999962
1.0
0.9999999
1.0
1.0
1.0
0.9999999
1.0
1.0
1.0
0.9999895
0.9999995
1.0
1.0
0.993979
0.99998
1.0
1.0
1.0
1.0
1.0
0.9999999
0.99999976
1.0
1.0
1.0
1.0
1.0
0.76369476
1.0
0.99979705
0.99999976
1.0
0.99959415
0.9999994
1.0
0.9999993
1.0
0.99999845
1.0
0.64604723
1.0
0.99973065
1.0
0.9999869
1.0
1.0
1.0
0.9999994
1.0
1.0
1.0
0.9999995
0.9999999
0.9999819
1.0
0.99999976
1.0
1.0
1.0
1.0
0.99999917
1.0
0.99999905
0.99999607
0.99999475
1.0
1.0
1.0
0.99998796
1.0
1.0
0.9999789
1.0
1.0
0.99999726
1.0
0.9999999
0.9999999
1.0
1.0
1.0
1.0
0.9998349
1.0
1.0
1.0
1.0
0.99999845
1.0
1.0
1.0
1.0
0.9999317
1.0
1.0
0.99992025
0.99969757
1.0
1.0
1.0
1.0
1.0
1.0
0.9995863
0.9998155
0.99999344
1.0
0.9999976
1.0
0.67123514
1.0
1.0
1.0
1.0
1.0
1.0
1.0
1.0
1.0
0.9997708
0.99999654
0.9999964
0.9999995
0.9999994
1.0
0.9999999
1.0
1.0
1.0
0.99999964
1.0
0.9995092
1.0
1.0
1.0
1.0
1.0
1.0
0.99999475
1.0
1.0
1.0
0.9999926
0.99959475
1.0
1.0
1.0
1.0
0.9997702
1.0
0.99995387
1.0
1.0
1.0
0.9999999
1.0
1.0
1.0
1.0
0.99999976
1.0
1.0
0.9999876
1.0
1.0
1.0
1.0
1.0
0.99999964
1.0
1.0
1.0
1.0
1.0
1.0
0.99999475
1.0
1.0
1.0
1.0
1.0
1.0
0.999974
1.0
1.0
1.0
1.0
1.0
0.9999999
1.0
1.0
1.0
1.0
0.99999976
1.0
1.0
1.0
1.0
1.0
0.99999905
1.0
0.99999774
1.0
1.0
0.99999905
1.0
1.0
1.0
1.0
1.0
1.0
0.99999976
1.0
0.9999999
1.0
0.99997926
1.0
1.0
1.0
1.0
0.99998355
0.9999994
1.0
1.0
1.0
1.0
1.0
0.9999968
1.0
1.0
1.0
0.99999917
1.0
1.0
1.0
1.0
1.0
0.9999999
1.0
0.9999881
1.0
0.9999999
1.0
1.0
1.0
1.0
1.0
1.0
1.0
1.0
0.999995
1.0
0.9999995
0.9999995
1.0
1.0
1.0
1.0
0.99999976
0.9999993
1.0
0.9999999
1.0
1.0
1.0
1.0
1.0
0.99999976
1.0
1.0
1.0
1.0
1.0
0.99999964
0.9999999
1.0
1.0
1.0
1.0
1.0
0.9973711
1.0
1.0
1.0
1.0
1.0
1.0
1.0
0.9999989
1.0
1.0
1.0
1.0
0.99993837
1.0
1.0
1.0
1.0
1.0
0.9999957
1.0
1.0
1.0
1.0
1.0
1.0
1.0
1.0
1.0
1.0
1.0
1.0
0.9911192
1.0
1.0
0.9999962
1.0
0.99999976
0.9957189
1.0
0.9999987
1.0
1.0
1.0
1.0
0.99999964
1.0
1.0
1.0
0.99999964
0.9999987
1.0
1.0
0.99999917
1.0
0.9999938
0.999998
1.0
1.0
1.0
1.0
1.0
1.0
0.99999845
1.0
1.0
1.0
0.99990916
1.0
1.0
1.0
1.0
0.9986625
1.0
0.99998486
1.0
0.9999993
1.0
0.9999999
1.0
0.9999981
1.0
1.0
0.99999535
1.0
1.0
1.0
1.0
1.0
1.0
0.9999964
1.0
0.9999988
0.9999999
0.9999429
1.0
1.0
1.0
1.0
1.0
1.0
0.9995956
1.0
1.0
1.0
1.0
0.99999976
0.9999999
1.0
1.0
1.0
0.9999995
1.0
0.9999999
1.0
0.99999917
0.9999999
0.99999857
1.0
0.979741
0.9999993
1.0
1.0
0.9999287
0.9999999
1.0
1.0
1.0
0.99999976
1.0
1.0
1.0
1.0
0.9999999
0.99931955
0.99991846
1.0
1.0
0.999833
0.9999999
1.0
0.9991467
0.99997604
1.0
1.0
1.0
1.0
1.0
1.0
1.0
1.0
0.9999845
1.0
1.0
1.0
1.0
1.0
1.0
1.0
1.0
1.0
0.9971474
1.0
1.0
1.0
1.0
1.0
1.0
1.0
1.0
1.0
0.99999356
0.9999999
1.0
1.0
1.0
1.0
1.0
1.0
1.0
1.0
1.0
1.0
1.0
0.99999976
1.0
1.0
1.0
1.0
1.0
1.0
1.0
1.0
1.0
1.0
1.0
1.0
1.0
1.0
1.0
1.0
1.0
1.0
1.0
0.71036893
1.0
1.0
1.0
0.99999666
1.0
1.0
1.0
1.0
1.0
1.0
1.0
0.99999976
1.0
1.0
1.0
1.0
1.0
1.0
1.0
1.0
1.0
1.0
1.0
1.0
1.0
1.0
0.99999976
1.0
1.0
1.0
1.0
1.0
1.0
1.0
1.0
0.9999999
1.0
1.0
1.0
0.9999999
1.0
1.0
1.0
0.9999981
1.0
1.0
1.0
1.0
1.0
1.0
1.0
1.0
1.0
1.0
1.0
1.0
1.0
1.0
1.0
1.0
1.0
1.0
1.0
1.0
1.0
0.99999976
1.0
1.0
1.0
0.99999976
1.0
1.0
1.0
0.9999999
1.0
0.9999672
1.0
0.99999976
1.0
1.0
1.0
1.0
1.0
1.0
0.9999993
0.99999917
1.0
1.0
1.0
1.0
1.0
1.0
0.99998033
1.0
1.0
1.0
1.0
1.0
1.0
1.0
1.0
1.0
1.0
1.0
1.0
1.0
1.0
1.0
1.0
1.0
1.0
1.0
1.0
1.0
1.0
1.0
1.0
0.99996114
0.99997854
1.0
1.0
1.0
1.0
1.0
0.9999999
0.9998111
1.0
0.9999999
1.0
1.0
1.0
1.0
1.0
1.0
1.0
1.0
1.0
1.0
1.0
1.0
1.0
1.0
1.0
1.0
1.0
1.0
1.0
1.0
1.0
1.0
1.0
1.0
1.0
1.0
1.0
1.0
1.0
1.0
1.0
0.9999988
1.0
1.0
1.0
1.0
1.0
1.0
1.0
1.0
1.0
1.0
0.99999905
1.0
0.99999857
1.0
1.0
1.0
1.0
1.0
1.0
1.0
1.0
1.0
1.0
1.0
1.0
1.0
1.0
0.9999907
1.0
1.0
0.9999784
0.99999917
1.0
0.99999964
1.0
0.9999963
1.0
1.0
1.0
1.0
0.9999999
1.0
1.0
1.0
0.9999939
0.9999999
1.0
1.0
1.0
1.0
1.0
1.0
1.0
1.0
0.9999925
0.99996555
1.0
1.0
1.0
1.0
1.0
1.0
1.0
1.0
0.9999999
1.0
1.0
0.99999964
1.0
0.99999547
1.0
1.0
0.9985764
0.99999976
1.0
1.0
1.0
0.99993443
1.0
1.0
1.0
0.99998903
1.0
1.0
1.0
1.0
0.9999988
1.0
0.999998
1.0
1.0
0.99999917
1.0
1.0
0.99265337
1.0
1.0
1.0
1.0
1.0
1.0
1.0
1.0
0.9999945
1.0
1.0
1.0
1.0
0.9977646
1.0
0.9999999
0.9999993
1.0
0.99999964
1.0
0.9999999
1.0
1.0
1.0
1.0
0.99999917
0.99999535
1.0
1.0
1.0
0.9999999
1.0
1.0
0.99999964
1.0
1.0
0.99997246
1.0
1.0
0.9999964
0.99999964
1.0
1.0
1.0
0.9999989
1.0
1.0
0.976911
1.0
0.99936515
1.0
1.0
0.9999033
1.0
0.9999988
0.99865305
0.99998486
1.0
1.0
1.0
0.9999982
0.99999845
0.9999924
1.0
1.0
1.0
1.0
0.9995554
0.9999982
1.0
1.0
1.0
1.0
1.0
1.0
0.99999976
0.9999999
0.9999999
1.0
1.0
0.9999957
1.0
1.0
1.0
1.0
1.0
1.0
1.0
1.0
0.999877
0.99998224
0.9999974
1.0
1.0
1.0
1.0
0.99998975
1.0
1.0
1.0
1.0
0.99999857
1.0
1.0
0.99999714
1.0
1.0
1.0
1.0
0.99999976
1.0
0.9999999
1.0
1.0
1.0
1.0
0.9999989
1.0
1.0
1.0
1.0
0.9999974
0.9999883
1.0
1.0
1.0
1.0
0.9999987
1.0
1.0
0.9999995
1.0
0.99999845
0.99979824
1.0
1.0
1.0
1.0
1.0
0.99999905
0.9999999
0.99999964
1.0
1.0
1.0
0.99999976
1.0
0.9942992
0.99992394
0.84816974
0.9999999
1.0
1.0
0.9999994
1.0
0.9999987
0.9999962
1.0
0.9990252
1.0
1.0
1.0
0.64429736
1.0
1.0
0.9886397
0.99999976
0.9999981
1.0
0.9999995
0.9999999
1.0
1.0
1.0
1.0
1.0
1.0
1.0
1.0
1.0
1.0
1.0
0.9999385
1.0
1.0
1.0
0.9999993
1.0
1.0
1.0
1.0
0.99999976
1.0
1.0
1.0
1.0
1.0
0.999995
1.0
1.0
0.9999999
1.0
1.0
1.0
1.0
1.0
1.0
1.0
1.0
1.0
1.0
1.0
1.0
0.99999976
0.99982375
0.999884
1.0
1.0
1.0
1.0
0.9999993
1.0
1.0
1.0
1.0
1.0
1.0
1.0
1.0
1.0
1.0
1.0
1.0
1.0
0.99999833
1.0
0.9999999
1.0
1.0
1.0
0.9999875
0.99989474
1.0
1.0
1.0
1.0
1.0
1.0
0.9999937
1.0
0.9999987
1.0
1.0
1.0
0.9999989
0.99999917
1.0
1.0
1.0
1.0
1.0
1.0
1.0
1.0
1.0
1.0
1.0
1.0
1.0
1.0
1.0
1.0
1.0
1.0
1.0
1.0
1.0
1.0
1.0
1.0
1.0
0.9999999
1.0
1.0
0.9999993
1.0
1.0
1.0
1.0
1.0
0.99924433
0.99999785
1.0
1.0
1.0
1.0
1.0
1.0
0.9999989
1.0
0.938804
0.97459203
1.0
0.99999213
0.999998
1.0
1.0
1.0
0.9999999
1.0
0.9999993
1.0
1.0
1.0
1.0
1.0
0.99999857
1.0
1.0
0.99999225
1.0
1.0
1.0
1.0
1.0
0.99996686
1.0
1.0
1.0
0.99999833
1.0
1.0
1.0
1.0
0.9999455
0.9999896
1.0
0.99999714
1.0
0.99997926
1.0
1.0
1.0
1.0
1.0
1.0
1.0
0.9999976
0.99999976
0.9832866
0.9995425
1.0
0.9999112
1.0
1.0
1.0
1.0
1.0
1.0
1.0
1.0
1.0
0.9999951
1.0
0.9999987
1.0
1.0
1.0
0.99954057
1.0
1.0
1.0
0.99989104
1.0
0.99997604
1.0
0.99999976
1.0
1.0
1.0
1.0
1.0
1.0
1.0
0.9999999
1.0
0.99996376
1.0
0.9999999
1.0
0.99999976
1.0
1.0
1.0
0.99824893
0.9998282
0.9999999
1.0
0.99999976
1.0
0.9999999
0.9999999
1.0
1.0
1.0
0.9999989
1.0
1.0
1.0
0.99999976
0.9991314
0.9999995
0.9999994
0.9999745
1.0
0.9999999
1.0
0.9998921
0.9999999
0.999884
0.9999988
1.0
0.9999999
0.99999833
0.9999398
1.0
1.0
1.0
1.0
1.0
1.0
1.0
1.0
0.9999839
1.0
0.9999999
0.99949384
1.0
0.9999999
0.9833159
0.99999976
0.99999917
0.9999999
1.0
0.9999999
1.0
1.0
1.0
0.94972205
1.0
0.9999963
0.9999999
0.9999999
1.0
1.0
0.9999974
1.0
1.0
0.9999584
1.0
0.9999999
0.99990726
1.0
0.99996996
1.0
1.0
1.0
0.99999774
1.0
1.0
1.0
1.0
0.9999964
1.0
1.0
1.0
1.0
1.0
0.99962676
1.0
1.0
1.0
1.0
0.9999999
0.99854714
0.99999905
1.0
1.0
1.0
1.0
1.0
1.0
1.0
0.9998528
0.91396624
1.0
1.0
1.0
1.0
1.0
1.0
1.0
1.0
0.9999995
0.7840818
1.0
0.9999938
1.0
1.0
1.0
1.0
1.0
1.0
1.0
0.9999999
1.0
1.0
1.0
1.0
1.0
1.0
1.0
1.0
1.0
1.0
0.82264894
1.0
1.0
1.0
1.0
1.0
1.0
1.0
1.0
1.0
1.0
1.0
0.9999987
1.0
0.999974
1.0
1.0
1.0
1.0
1.0
1.0
1.0
1.0
1.0
1.0
0.99999964
1.0
1.0
1.0
1.0
1.0
1.0
1.0
1.0
1.0
1.0
1.0
1.0
1.0
1.0
1.0
1.0
1.0
1.0
1.0
0.9607872
0.9999999
1.0
1.0
0.99891603
1.0
1.0
1.0
1.0
0.6737986
1.0
0.99591273
1.0
1.0
1.0
0.94116443
0.58259
0.9999919
1.0
1.0
1.0
1.0
1.0
1.0
1.0
1.0
1.0
1.0
1.0
1.0
1.0
1.0
1.0
1.0
1.0
1.0
1.0
1.0
1.0
1.0
1.0
1.0
1.0
0.9999995
1.0
1.0
1.0
1.0
1.0
1.0
1.0
1.0
1.0
0.9999999
1.0
1.0
0.99999964
1.0
1.0
1.0
1.0
1.0
1.0
1.0
1.0
1.0
1.0
1.0
1.0
1.0
0.9999999
1.0
1.0
0.99999905
1.0
1.0
1.0
1.0
0.9999995
1.0
1.0
1.0
1.0
1.0
1.0
0.99999976
0.9999548
1.0
1.0
1.0
1.0
1.0
1.0
1.0
1.0
1.0
1.0
1.0
1.0
1.0
1.0
1.0
1.0
1.0
1.0
1.0
1.0
1.0
1.0
1.0
1.0
1.0
1.0
1.0
1.0
1.0
1.0
1.0
1.0
1.0
1.0
1.0
1.0
1.0
1.0
1.0
1.0
1.0
1.0
1.0
1.0
1.0
1.0
1.0
1.0
1.0
1.0
1.0
1.0
1.0
1.0
1.0
1.0
1.0
1.0
1.0
0.9999999
1.0
0.99999976
1.0
1.0
1.0
1.0
1.0
1.0
1.0
1.0
1.0
1.0
1.0
1.0
1.0
1.0
1.0
1.0
1.0
1.0
0.99999976
1.0
1.0
1.0
1.0
1.0
1.0
1.0
1.0
1.0
1.0
1.0
1.0
1.0
1.0
1.0
1.0
1.0
1.0
1.0
0.9999999
1.0
1.0
0.99999964
1.0
1.0
1.0
1.0
1.0
1.0
1.0
1.0
1.0
1.0
1.0
1.0
1.0
1.0
1.0
1.0
1.0
1.0
1.0
1.0
1.0
1.0
1.0
1.0
1.0
1.0
1.0
1.0
0.9999988
1.0
1.0
1.0
1.0
1.0
1.0
1.0
1.0
1.0
1.0
1.0
0.9999999
1.0
1.0
0.99998736
0.99999976
0.9999726
1.0
1.0
1.0
1.0
0.9999995
1.0
0.99999845
0.99999106
1.0
1.0
1.0
1.0
1.0
1.0
1.0
0.9999987
0.99999976
0.9998785
1.0
1.0
1.0
1.0
1.0
1.0
0.99996614
1.0
0.9999994
1.0
0.99999917
1.0
0.99999976
0.9999999
0.9995683
1.0
0.99999917
1.0
1.0
1.0
1.0
1.0
0.9999993
1.0
1.0
1.0
1.0
1.0
1.0
0.99999774
1.0
0.999997
1.0
1.0
1.0
1.0
1.0
1.0
1.0
1.0
0.9999988
1.0
1.0
1.0
1.0
1.0
0.99999654
1.0
1.0
1.0
1.0
1.0
1.0
1.0
1.0
1.0
1.0
1.0
1.0
0.9994566
1.0
1.0
1.0
1.0
1.0
1.0
1.0
1.0
0.99946684
1.0
1.0
1.0
1.0
1.0
1.0
1.0
1.0
1.0
1.0
1.0
1.0
1.0
1.0
0.9994949
0.99999905
1.0
1.0
1.0
1.0
1.0
1.0
0.9999995
1.0
0.8200984
1.0
1.0
1.0
1.0
1.0
1.0
0.9999896
1.0
1.0
1.0
1.0
0.99999964
1.0
1.0
0.9999999
1.0
1.0
0.99999976
0.9999999
1.0
0.9999999
1.0
0.99999225
0.9999999
1.0
1.0
0.99849
1.0
1.0
1.0
1.0
1.0
0.9991186
1.0
1.0
1.0
1.0
1.0
0.9999988
1.0
0.99999785
1.0
0.9999999
0.99999976
1.0
1.0
1.0
0.9999995
0.99622947
0.7337591
0.9999999
0.9998598
0.9586412
1.0
0.8412506
0.98539484
1.0
1.0
0.9999999
0.99993587
1.0
0.99999976
0.9998752
0.9944865
0.99997187
0.6389012
0.97896326
0.9999664
0.9963102
0.9999995
0.5213643
0.99976724
0.9995378
0.9999995
0.9999914
1.0
1.0
1.0
0.99999976
1.0
0.9999999
1.0
1.0
1.0
0.99999917
1.0
0.99975795
1.0
0.9999995
1.0
0.9999058
0.99645364
0.981687
0.9859459
0.9999999
1.0
0.9999598
0.99997795
1.0
0.99956375
1.0
0.99999964
0.9980895
0.999997
0.99999976
1.0
1.0
0.9999937
0.9999777
0.9999796
1.0
0.99999917
0.99999213
0.9999999
1.0
0.99988604
0.99996245
0.9999981
0.9999963
0.37995645
1.0
0.9999938
1.0
1.0
1.0
0.9999428
0.9940796
1.0
1.0
1.0
0.99999976
0.9999924
1.0
1.0
1.0
1.0
1.0
1.0
1.0
0.9999759
1.0
1.0
1.0
1.0
0.9999981
0.93985486
1.0
1.0
1.0
0.9999999
0.9999999
1.0
1.0
1.0
1.0
0.99999976
0.9996402
1.0
1.0
1.0
0.99999964
0.9999999
1.0
1.0
1.0
1.0
0.9999994
1.0
1.0
0.9999993
1.0
0.99998796
1.0
1.0
1.0
0.99999976
1.0
1.0
0.99999976
1.0
1.0
1.0
0.9999975
1.0
1.0
0.9999938
0.99999833
1.0
0.99999666
1.0
1.0
1.0
1.0
1.0
0.9999999
1.0
1.0
1.0
1.0
1.0
0.9999937
1.0
1.0
1.0
0.9999987
1.0
1.0
1.0
1.0
1.0
1.0
1.0
0.99996233
1.0
1.0
0.99995327
0.99999964
1.0
0.9999999
0.99999976
1.0
1.0
1.0
1.0
0.99999964
0.99999905
0.99996734
1.0
1.0
1.0
1.0
1.0
1.0
1.0
0.5835432
0.9999863
1.0
1.0
0.99863666
0.9999987
1.0
0.9999273
1.0
1.0
1.0
1.0
1.0
1.0
0.9999995
0.9990926
0.9999726
1.0
1.0
0.9999957
1.0
1.0
0.9999999
1.0
1.0
1.0
1.0
1.0
0.99999404
0.9999777
1.0
1.0
1.0
1.0
1.0
1.0
1.0
1.0
0.9999999
1.0
0.9999932
1.0
1.0
0.99502337
0.99999356
0.99999964
1.0
0.99999774
0.99999964
1.0
1.0
0.999998
1.0
0.9999963
1.0
1.0
0.9996437
1.0
1.0
1.0
1.0
1.0
1.0
1.0
1.0
1.0
1.0
0.9999887
1.0
1.0
1.0
0.99999774
1.0
0.99999833
1.0
1.0
1.0
0.99999475
1.0
1.0
1.0
1.0
1.0
1.0
1.0
1.0
1.0
0.9999676
1.0
1.0
1.0
1.0
0.9999999
1.0
1.0
1.0
1.0
1.0
1.0
1.0
1.0
0.9999999
1.0
1.0
0.99999964
1.0
1.0
0.9788658
1.0
1.0
1.0
1.0
0.9999958
1.0
1.0
1.0
1.0
1.0
1.0
1.0
1.0
1.0
1.0
1.0
1.0
1.0
1.0
1.0
1.0
1.0
0.99999714
1.0
1.0
1.0
1.0
1.0
1.0
1.0
0.99986136
1.0
1.0
1.0
1.0
0.9999745
1.0
0.9999999
0.9999949
0.99999964
0.99999976
1.0
1.0
1.0
1.0
1.0
1.0
0.99954945
1.0
1.0
1.0
0.9999901
1.0
1.0
1.0
1.0
1.0
0.99999726
0.99988866
1.0
1.0
0.99999976
0.99994326
1.0
0.9999881
1.0
0.99999285
1.0
0.9999999
1.0
1.0
0.9998454
0.99999976
1.0
1.0
1.0
1.0
1.0
0.9999968
1.0
1.0
0.99999976
1.0
1.0
1.0
1.0
1.0
1.0
0.9999999
1.0
1.0
1.0
0.9999968
1.0
1.0
0.9999999
0.99999976
0.9999659
1.0
1.0
1.0
1.0
1.0
1.0
1.0
1.0
0.99999905
1.0
1.0
1.0
1.0
1.0
1.0
1.0
1.0
1.0
0.99999964
1.0
1.0
0.99999917
1.0
1.0
1.0
1.0
1.0
1.0
1.0
1.0
1.0
1.0
1.0
1.0
1.0
0.9999989
1.0
1.0
1.0
1.0
0.99999964
1.0
1.0
1.0
1.0
1.0
1.0
1.0
1.0
1.0
0.9999999
0.9999999
0.99998116
1.0
1.0
1.0
1.0
1.0
1.0
1.0
1.0
1.0
0.9999995
1.0
1.0
1.0
1.0
1.0
1.0
1.0
1.0
1.0
1.0
1.0
1.0
1.0
1.0
1.0
1.0
0.9999999
1.0
1.0
0.9999995
1.0
0.9998789
0.9999999
1.0
1.0
1.0
1.0
1.0
1.0
1.0
1.0
1.0
1.0
1.0
0.99999976
0.9999999
1.0
1.0
1.0
1.0
0.9995073
1.0
1.0
1.0
1.0
0.99981517
1.0
1.0
1.0
0.9999999
1.0
1.0
0.9999994
1.0
1.0
0.9999045
1.0
1.0
1.0
1.0
1.0
1.0
0.99995184
1.0
1.0
1.0
1.0
1.0
1.0
1.0
1.0
1.0
0.9999988
1.0
1.0
1.0
1.0
1.0
1.0
1.0
0.9999579
1.0
1.0
1.0
0.99999976
0.99999976
0.9999864
1.0
1.0
1.0
1.0
0.9999869
1.0
1.0
1.0
1.0
1.0
0.99999976
0.99999845
1.0
1.0
1.0
1.0
1.0
1.0
1.0
0.99999547
1.0
1.0
0.99999964
1.0
1.0
0.9999101
1.0
1.0
1.0
1.0
1.0
1.0
0.99999976
1.0
1.0
1.0
0.99997973
1.0
1.0
0.9995602
0.99999976
1.0
1.0
1.0
1.0
1.0
1.0
1.0
1.0
1.0
1.0
1.0
0.99988055
1.0
1.0
1.0
1.0
1.0
0.9997272
1.0
0.99999666
1.0
1.0
1.0
1.0
1.0
1.0
1.0
1.0
1.0
1.0
1.0
1.0
1.0
1.0
1.0
1.0
1.0
0.99999976
1.0
1.0
0.9999999
1.0
0.99999714
1.0
1.0
0.9999999
1.0
1.0
1.0
1.0
1.0
1.0
1.0
1.0
1.0
1.0
1.0
1.0
0.9999995
0.9999999
0.99999964
0.99957806
1.0
1.0
1.0
1.0
1.0
0.9999957
1.0
1.0
1.0
0.99999416
0.99999964
0.9999862
1.0
0.9986395
1.0
1.0
1.0
0.9722267
0.99999964
1.0
1.0
0.9999995
1.0
1.0
0.99999976
0.99999964
0.9999999
0.9999999
1.0
1.0
0.9999819
0.9999999
1.0
1.0
0.99998534
1.0
0.9963899
1.0
0.9999993
0.999997
1.0
0.99954045
0.99999774
0.99999964
0.9999999
1.0
0.9999789
1.0
0.9999999
0.9999976
0.9997931
1.0
1.0
1.0
1.0
1.0
1.0
1.0
1.0
0.9999912
0.9999994
0.9999987
1.0
1.0
1.0
1.0
0.9999993
0.9999999
0.9999695
0.9995049
1.0
1.0
0.99999964
1.0
1.0
1.0
1.0
1.0
1.0
0.9999907
1.0
1.0
1.0
1.0
1.0
1.0
1.0
1.0
1.0
0.9999994
1.0
1.0
0.9999989
1.0
1.0
1.0
1.0
1.0
1.0
0.9999999
1.0
1.0
1.0
1.0
1.0
0.99999917
1.0
1.0
1.0
1.0
0.9998653
1.0
1.0
1.0
1.0
1.0
1.0
1.0
1.0
1.0
1.0
1.0
1.0
1.0
1.0
1.0
1.0
1.0
1.0
1.0
1.0
1.0
1.0
1.0
1.0
1.0
1.0
1.0
1.0
0.99999976
1.0
1.0
1.0
1.0
1.0
1.0
1.0
1.0
1.0
0.9999999
0.99993515
1.0
1.0
1.0
1.0
0.99999845
1.0
1.0
1.0
1.0
0.99999917
1.0
1.0
1.0
1.0
1.0
1.0
1.0
1.0
1.0
1.0
0.9999999
1.0
1.0
1.0
1.0
0.99999774
1.0
1.0
1.0
1.0
1.0
1.0
1.0
1.0
0.99996614
1.0
0.9999999
1.0
1.0
1.0
0.99999976
1.0
1.0
1.0
1.0
1.0
1.0
1.0
1.0
1.0
0.9999988
0.9999999
0.99999976
0.9999989
0.999979
1.0
0.9999999
0.99999976
1.0
1.0
1.0
1.0
1.0
0.999539
1.0
0.9999995
0.9999993
1.0
1.0
0.9999993
0.99999535
1.0
1.0
0.9999994
1.0
1.0
0.9999994
0.99999905
1.0
1.0
0.9999988
0.9999999
0.9998148
1.0
0.9738052
1.0
1.0
0.999997
1.0
0.9999989
1.0
0.9998996
1.0
0.9999995
1.0
0.99999714
1.0
0.9999976
1.0
1.0
1.0
0.9989673
1.0
1.0
1.0
1.0
0.9999999
0.9999608
1.0
1.0
1.0
0.9999696
0.9999993
1.0
1.0
0.9999999
0.9999999
1.0
1.0
0.9999999
1.0
0.99999964
0.9790587
0.99999666
1.0
1.0
0.9999794
0.99999976
1.0
1.0
1.0
1.0
0.9999999
0.9999473
1.0
1.0
0.99999976
0.99999976
0.9999994
1.0
0.9999912
0.99997866
0.999951
1.0
1.0
0.9999999
0.9999999
1.0
0.9998976
1.0
1.0
1.0
1.0
0.9999968
0.9999993
0.99999833
1.0
1.0
1.0
1.0
1.0
0.9999963
1.0
1.0
0.99999297
0.9999976
1.0
1.0
1.0
1.0
1.0
1.0
1.0
0.99999905
0.99999917
1.0
1.0
1.0
1.0
1.0
1.0
1.0
1.0
1.0
1.0
1.0
1.0
1.0
0.99999464
0.99996936
1.0
1.0
1.0
1.0
0.9999999
0.9999671
1.0
1.0
1.0
1.0
1.0
1.0
0.9999999
1.0
1.0
0.9999999
1.0
1.0
1.0
1.0
1.0
1.0
1.0
1.0
1.0
0.9998965
1.0
1.0
1.0
0.99999845
1.0
0.9999999
1.0
0.99999726
0.9974879
1.0
1.0
1.0
1.0
1.0
0.99996924
1.0
1.0
1.0
1.0
1.0
0.99999964
0.9999999
1.0
1.0
1.0
1.0
1.0
1.0
1.0
1.0
1.0
1.0
1.0
1.0
1.0
1.0
1.0
0.9999999
1.0
1.0
0.9999958
1.0
1.0
1.0
0.99999833
1.0
1.0
1.0
1.0
1.0
1.0
1.0
1.0
0.99995744
1.0
1.0
1.0
1.0
1.0
1.0
1.0
0.9999994
1.0
1.0
1.0
1.0
1.0
1.0
0.9999901
0.9999999
1.0
0.99999666
1.0
0.99999964
0.99999905
0.99999714
1.0
1.0
1.0
0.9999999
1.0
1.0
1.0
0.99999976
1.0
0.9999963
1.0
1.0
1.0
1.0
0.9999999
1.0
1.0
1.0
1.0
1.0
1.0
1.0
1.0
1.0
1.0
1.0
1.0
1.0
1.0
0.99999976
0.99999905
0.99999964
1.0
1.0
1.0
1.0
1.0
0.9999994
1.0
1.0
1.0
0.9999603
1.0
1.0
1.0
0.999995
1.0
0.99999976
1.0
1.0
0.9999802
1.0
1.0
0.9999999
1.0
0.9999995
1.0
1.0
0.9999999
1.0
1.0
1.0
1.0
1.0
1.0
0.9999999
1.0
1.0
1.0
0.99999785
1.0
1.0
1.0
1.0
1.0
1.0
1.0
1.0
0.9999999
1.0
1.0
1.0
0.9999976
1.0
1.0
1.0
1.0
0.9999995
1.0
1.0
0.9999989
1.0
1.0
0.99998987
0.99995553
1.0
1.0
1.0
1.0
1.0
1.0
1.0
1.0
1.0
0.9999995
1.0
1.0
1.0
1.0
1.0
1.0
1.0
1.0
1.0
1.0
1.0
1.0
1.0
1.0
1.0
1.0
1.0
1.0
1.0
1.0
1.0
1.0
1.0
1.0
1.0
0.99999976
1.0
1.0
1.0
1.0
1.0
1.0
0.9999999
1.0
0.9999995
1.0
1.0
1.0
1.0
0.99999297
1.0
1.0
1.0
1.0
1.0
1.0
1.0
1.0
1.0
1.0
0.99999964
1.0
0.99999964
0.9999975
1.0
1.0
1.0
1.0
1.0
1.0
1.0
1.0
1.0
1.0
1.0
1.0
0.9999305
1.0
1.0
1.0
1.0
1.0
1.0
0.9999999
0.9999747
1.0
1.0
1.0
1.0
0.99999964
1.0
1.0
1.0
1.0
1.0
1.0
1.0
1.0
1.0
1.0
0.99999845
1.0
0.9999976
1.0
0.99999917
0.9999306
1.0
1.0
0.9997526
1.0
0.99999905
1.0
0.99360895
0.9999976
0.9999747
1.0
0.9996507
1.0
1.0
0.9999685
0.99999297
0.9999999
0.9999989
0.99999356
1.0
1.0
1.0
1.0
1.0
1.0
1.0
1.0
1.0
0.9999995
1.0
1.0
1.0
0.9999994
1.0
0.9999999
1.0
1.0
1.0
1.0
1.0
1.0
1.0
1.0
1.0
0.9999975
1.0
1.0
1.0
1.0
1.0
1.0
1.0
0.9999999
1.0
1.0
1.0
0.9999999
0.9999988
0.99999976
1.0
0.9999807
1.0
1.0
1.0
1.0
1.0
1.0
1.0
1.0
1.0
0.99999523
1.0
1.0
0.99996483
0.99999905
0.99997497
0.99999404
1.0
1.0
0.9999846
1.0
1.0
0.99999976
0.9999751
1.0
0.99998355
0.9996793
1.0
1.0
1.0
1.0
1.0
1.0
1.0
1.0
1.0
1.0
1.0
1.0
1.0
0.9999999
1.0
1.0
0.9999839
1.0
1.0
1.0
1.0
1.0
1.0
0.9999981
1.0
1.0
1.0
1.0
1.0
1.0
1.0
1.0
1.0
1.0
1.0
0.9999912
1.0
1.0
1.0
1.0
1.0
1.0
0.9999733
1.0
1.0
1.0
1.0
1.0
1.0
0.999998
1.0
1.0
1.0
1.0
1.0
1.0
0.9999999
0.9999999
1.0
1.0
1.0
0.9999999
0.9998149
1.0
1.0
0.99999905
1.0
1.0
1.0
1.0
0.99999917
0.9999999
1.0
1.0
0.99999154
1.0
1.0
1.0
1.0
0.99999976
1.0
1.0
1.0
1.0
1.0
1.0
1.0
0.9999994
1.0
1.0
1.0
0.9999999
1.0
1.0
1.0
1.0
1.0
1.0
1.0
0.9999993
1.0
1.0
1.0
1.0
1.0
1.0
1.0
1.0
1.0
1.0
1.0
1.0
1.0
1.0
0.9999987
0.9999999
1.0
1.0
0.9999802
1.0
1.0
1.0
1.0
1.0
1.0
1.0
1.0
1.0
1.0
1.0
0.82347995
1.0
0.99504167
0.9999999
0.999998
0.99999714
0.99959284
1.0
1.0
1.0
0.99868804
1.0
0.99993575
1.0
1.0
1.0
0.99999845
1.0
1.0
1.0
0.9999068
1.0
0.999998
1.0
1.0
0.9999995
1.0
1.0
1.0
1.0
1.0
1.0
0.9994797
0.99319035
0.9999938
0.65542924
0.981121
1.0
0.9999995
1.0
1.0
1.0
1.0
0.9999076
1.0
0.999987
0.99999785
0.9989531
0.99999106
1.0
1.0
0.99992955
1.0
0.9999999
1.0
1.0
0.9999988
1.0
1.0
1.0
1.0
1.0
1.0
1.0
1.0
1.0
1.0
0.9999962
1.0
0.99997747
1.0
1.0
1.0
1.0
1.0
1.0
1.0
0.99999774
1.0
1.0
0.9999982
1.0
1.0
1.0
1.0
0.99999976
1.0
1.0
1.0
1.0
1.0
1.0
0.99999666
1.0
0.99999964
1.0
1.0
0.9999995
1.0
1.0
1.0
0.9999989
1.0
1.0
1.0
1.0
0.9999914
1.0
1.0
0.9999981
1.0
1.0
1.0
1.0
1.0
1.0
1.0
1.0
1.0
1.0
1.0
1.0
0.9994773
0.9983016
0.9999962
0.99976414
0.9999988
1.0
1.0
1.0
1.0
1.0
1.0
1.0
1.0
1.0
1.0
0.99947876
1.0
0.99999785
1.0
1.0
1.0
1.0
0.9999893
1.0
1.0
1.0
0.9999999
1.0
1.0
0.99999857
1.0
1.0
0.99999917
1.0
1.0
1.0
0.9999975
0.99999917
1.0
1.0
1.0
1.0
1.0
1.0
0.9999974
1.0
0.9999988
0.9999999
1.0
0.99999774
1.0
1.0
1.0
1.0
1.0
1.0
1.0
1.0
1.0
1.0
1.0
1.0
0.9999945
1.0
0.99999785
0.9986714
0.9999999
1.0
1.0
0.9999852
1.0
1.0
0.9999995
0.9999994
1.0
0.9999989
1.0
1.0
0.9999696
1.0
1.0
0.99999774
1.0
1.0
0.9999963
1.0
0.99999857
1.0
1.0
1.0
1.0
0.9999994
0.9995734
0.99999094
0.99997306
1.0
0.99985504
0.9999939
0.9999478
1.0
0.99999857
0.99999845
0.9999999
0.99999857
0.99999964
0.99999964
0.99995327
0.9998184
1.0
1.0
1.0
1.0
1.0
1.0
0.9999995
1.0
1.0
0.9999999
0.9999939
1.0
1.0
1.0
1.0
0.9999993
1.0
1.0
1.0
1.0
1.0
0.9999975
0.99331796
1.0
0.99999964
1.0
0.9998671
0.99771154
1.0
1.0
0.99999845
0.9999263
0.9999645
0.9998416
0.9999107
1.0
0.9998549
0.93548965
0.9999956
1.0
1.0
1.0
1.0
0.9967535
0.9999989
0.9999738
1.0
1.0
1.0
1.0
0.99999297
1.0
1.0
1.0
1.0
1.0
1.0
1.0
1.0
1.0
0.9999995
1.0
1.0
1.0
1.0
1.0
1.0
1.0
1.0
0.99999917
1.0
1.0
1.0
0.99999964
1.0
1.0
1.0
1.0
1.0
1.0
1.0
1.0
1.0
0.99999976
1.0
0.99986565
0.9999993
0.999995
1.0
1.0
1.0
1.0
0.9999987
0.9999199
0.99995136
1.0
1.0
1.0
0.9999995
1.0
1.0
1.0
0.9999993
1.0
1.0
1.0
1.0
1.0
0.99999833
1.0
1.0
1.0
1.0
1.0
1.0
1.0
1.0
0.9998323
1.0
0.8566537
1.0
0.9999974
1.0
0.9999999
1.0
1.0
1.0
1.0
1.0
1.0
1.0
1.0
1.0
1.0
0.999998
1.0
0.9999988
0.9996717
1.0
1.0
1.0
1.0
0.9999937
1.0
1.0
1.0
1.0
1.0
1.0
1.0
1.0
1.0
1.0
1.0
1.0
1.0
1.0
1.0
1.0
1.0
1.0
1.0
1.0
1.0
1.0
1.0
1.0
0.9999999
1.0
1.0
1.0
1.0
1.0
1.0
1.0
1.0
1.0
1.0
1.0
1.0
1.0
1.0
1.0
1.0
1.0
1.0
1.0
0.9999993
1.0
1.0
1.0
1.0
1.0
1.0
1.0
1.0
1.0
0.9999908
1.0
1.0
1.0
1.0
1.0
0.9999999
1.0
1.0
0.9999994
1.0
0.99999905
1.0
1.0
1.0
1.0
0.9999994
0.99999595
0.9999949
1.0
0.9999988
1.0
0.9999963
0.9999999
0.9999993
1.0
1.0
1.0
1.0
1.0
1.0
1.0
1.0
0.9999865
0.99950325
1.0
0.99999845
0.9999391
1.0
0.99999475
1.0
0.92988265
1.0
1.0
0.9999999
1.0
1.0
1.0
0.9999999
1.0
1.0
1.0
1.0
0.99999964
1.0
0.99999833
1.0
1.0
1.0
1.0
1.0
1.0
1.0
1.0
1.0
1.0
1.0
1.0
1.0
1.0
1.0
1.0
1.0
1.0
1.0
1.0
1.0
1.0
1.0
0.9999994
1.0
1.0
1.0
1.0
1.0
1.0
1.0
1.0
1.0
1.0
1.0
1.0
1.0
1.0
1.0
1.0
1.0
1.0
0.9999167
1.0
1.0
1.0
1.0
1.0
0.9999999
1.0
1.0
0.9999975
1.0
1.0
1.0
1.0
1.0
0.9999999
1.0
1.0
0.99999714
1.0
1.0
1.0
1.0
0.99997807
1.0
1.0
1.0
1.0
1.0
1.0
1.0
0.9999974
1.0
1.0
1.0
1.0
1.0
1.0
1.0
0.9999883
0.99999976
1.0
1.0
1.0
1.0
1.0
1.0
0.9999999
1.0
1.0
1.0
1.0
1.0
0.99999654
1.0
1.0
0.9999994
1.0
1.0
1.0
1.0
1.0
1.0
1.0
1.0
1.0
1.0
1.0
1.0
0.99999976
1.0
1.0
0.9999999
1.0
1.0
1.0
1.0
1.0
1.0
1.0
1.0
1.0
1.0
1.0
1.0
1.0
1.0
1.0
1.0
1.0
1.0
1.0
1.0
1.0
1.0
1.0
1.0
1.0
1.0
1.0
1.0
1.0
1.0
1.0
1.0
1.0
0.99999833
1.0
1.0
1.0
1.0
1.0
1.0
1.0
1.0
1.0
0.9999987
1.0
1.0
1.0
1.0
0.99999845
1.0
1.0
1.0
1.0
1.0
1.0
1.0
1.0
1.0
1.0
1.0
0.99999833
1.0
1.0
1.0
1.0
1.0
0.9999999
1.0
1.0
1.0
1.0
1.0
1.0
1.0
1.0
1.0
1.0
1.0
1.0
0.9999999
1.0
0.9999968
1.0
1.0
1.0
0.9999999
1.0
1.0
1.0
1.0
1.0
1.0
1.0
1.0
1.0
1.0
1.0
1.0
1.0
1.0
1.0
1.0
1.0
1.0
1.0
1.0
1.0
1.0
1.0
1.0
1.0
1.0
1.0
1.0
1.0
1.0
1.0
1.0
1.0
1.0
1.0
1.0
1.0
1.0
0.9999995
0.9999999
1.0
1.0
1.0
1.0
1.0
1.0
1.0
1.0
1.0
1.0
1.0
1.0
1.0
1.0
1.0
1.0
1.0
1.0
1.0
1.0
1.0
1.0
1.0
0.99999964
0.9999988
1.0
1.0
1.0
1.0
1.0
1.0
1.0
1.0
1.0
1.0
1.0
0.9999999
1.0
1.0
1.0
1.0
1.0
1.0
1.0
0.9999999
1.0
1.0
1.0
1.0
1.0
1.0
1.0
1.0
1.0
1.0
1.0
1.0
1.0
1.0
1.0
1.0
1.0
1.0
0.99999905
0.9999976
1.0
1.0
1.0
1.0
1.0
1.0
1.0
1.0
1.0
1.0
1.0
1.0
1.0
1.0
1.0
1.0
1.0
1.0
1.0
1.0
1.0
1.0
1.0
1.0
1.0
1.0
1.0
1.0
1.0
1.0
1.0
1.0
1.0
1.0
0.9998024
1.0
1.0
1.0
1.0
0.9999989
1.0
0.99999094
1.0
1.0
1.0
1.0
1.0
1.0
1.0
0.9999999
1.0
1.0
0.9999995
1.0
1.0
1.0
0.9999999
1.0
0.9999894
1.0
1.0
1.0
1.0
1.0
1.0
0.99999964
1.0
1.0
1.0
1.0
1.0
1.0
1.0
1.0
1.0
1.0
1.0
1.0
1.0
1.0
1.0
1.0
1.0
0.9999994
1.0
0.9999999
1.0
1.0
1.0
1.0
1.0
1.0
1.0
1.0
1.0
1.0
0.9999981
1.0
1.0
1.0
1.0
1.0
1.0
1.0
0.9999827
1.0
1.0
1.0
0.9999994
1.0
1.0
1.0
1.0
1.0
0.99999976
0.9999989
1.0
1.0
1.0
0.9999999
1.0
1.0
1.0
1.0
1.0
1.0
0.9999981
1.0
1.0
1.0
1.0
1.0
0.9999999
0.9999999
1.0
1.0
1.0
1.0
1.0
1.0
1.0
1.0
1.0
1.0
1.0
1.0
0.9999999
1.0
1.0
1.0
0.9999933
1.0
1.0
1.0
1.0
1.0
1.0
1.0
1.0
1.0
1.0
0.99969625
0.9998691
1.0
0.99924433
1.0
0.9999999
0.99937844
0.99998486
0.9999999
0.99999976
0.92178786
1.0
1.0
1.0
0.9999993
0.9836902
0.99999475
0.9999943
1.0
0.99999833
1.0
1.0
1.0
1.0
1.0
1.0
1.0
0.9999683
0.9999999
0.9999995
1.0
1.0
1.0
1.0
0.9999995
0.9999968
0.9999987
0.9999995
1.0
1.0
1.0
0.9999999
1.0
1.0
1.0
0.9999993
1.0
1.0
0.99987984
1.0
1.0
1.0
1.0
0.9999989
1.0
1.0
1.0
1.0
1.0
1.0
0.99882954
1.0
0.99999964
1.0
1.0
1.0
1.0
1.0
1.0
1.0
0.9999893
1.0
1.0
1.0
1.0
1.0
1.0
1.0
1.0
1.0
0.9999999
1.0
1.0
1.0
0.9999994
1.0
1.0
1.0
1.0
1.0
1.0
1.0
1.0
1.0
1.0
1.0
1.0
1.0
1.0
1.0
1.0
0.9999927
1.0
1.0
1.0
1.0
1.0
1.0
1.0
0.99999976
1.0
1.0
1.0
1.0
0.9999447
1.0
1.0
1.0
1.0
1.0
1.0
1.0
1.0
1.0
1.0
1.0
1.0
1.0
1.0
1.0
1.0
1.0
1.0
1.0
1.0
0.9999994
1.0
1.0
1.0
1.0
1.0
1.0
1.0
1.0
0.99999845
1.0
1.0
1.0
1.0
0.99999154
1.0
1.0
1.0
1.0
1.0
1.0
0.999974
1.0
1.0
0.99998784
1.0
0.99999547
1.0
1.0
1.0
1.0
1.0
1.0
1.0
1.0
1.0
1.0
1.0
1.0
1.0
1.0
1.0
0.9999999
1.0
0.9999937
1.0
1.0
1.0
1.0
1.0
0.99999976
1.0
1.0
1.0
0.99999976
1.0
1.0
1.0
1.0
1.0
1.0
0.9999999
0.99999917
1.0
0.9999999
1.0
0.9999999
1.0
1.0
1.0
0.99999774
1.0
0.99999964
1.0
0.9999987
1.0
1.0
1.0
1.0
1.0
1.0
0.99999654
1.0
1.0
1.0
1.0
1.0
1.0
1.0
1.0
1.0
1.0
1.0
1.0
1.0
1.0
1.0
1.0
1.0
1.0
1.0
0.9999676
1.0
1.0
1.0
1.0
1.0
1.0
0.9999429
1.0
1.0
0.9999956
1.0
1.0
1.0
0.9999999
0.9999999
1.0
1.0
1.0
1.0
1.0
1.0
1.0
0.9999995
1.0
1.0
1.0
0.99999964
1.0
1.0
1.0
1.0
1.0
1.0
1.0
0.99996006
1.0
1.0
1.0
1.0
1.0
1.0
1.0
1.0
1.0
1.0
1.0
0.9999999
1.0
1.0
1.0
0.9999999
1.0
1.0
1.0
1.0
1.0
1.0
1.0
1.0
1.0
1.0
1.0
0.99999976
1.0
1.0
1.0
1.0
1.0
1.0
1.0
0.9999995
1.0
1.0
1.0
1.0
1.0
1.0
1.0
1.0
1.0
1.0
1.0
1.0
1.0
1.0
0.99999976
1.0
1.0
1.0
1.0
1.0
1.0
1.0
1.0
1.0
1.0
0.9999659
1.0
1.0
1.0
0.9999734
1.0
1.0
1.0
1.0
1.0
1.0
1.0
1.0
1.0
1.0
1.0
1.0
1.0
1.0
1.0
1.0
1.0
1.0
1.0
1.0
1.0
1.0
0.99999976
1.0
1.0
1.0
1.0
1.0
0.999998
0.9999999
0.9999993
1.0
1.0
1.0
1.0
0.9999728
1.0
1.0
0.9999999
1.0
1.0
1.0
1.0
1.0
1.0
0.9999995
1.0
1.0
1.0
1.0
0.99999976
0.99999976
1.0
0.99999976
1.0
1.0
1.0
0.9999999
1.0
1.0
1.0
0.9999999
1.0
1.0
0.99999976
1.0
0.9999963
1.0
1.0
0.9999994
1.0
1.0
1.0
1.0
0.9979087
0.99997616
0.9999659
1.0
0.99998295
0.9999764
1.0
1.0
1.0
1.0
1.0
1.0
1.0
1.0
1.0
1.0
0.9999999
1.0
1.0
1.0
1.0
1.0
1.0
1.0
1.0
0.999428
1.0
1.0
1.0
1.0
1.0
1.0
1.0
1.0
1.0
0.9999933
1.0
1.0
1.0
1.0
1.0
1.0
0.99999917
1.0
0.9999999
1.0
0.99999976
1.0
0.99999976
1.0
1.0
1.0
1.0
1.0
1.0
1.0
0.99999917
0.99999964
1.0
1.0
1.0
1.0
1.0
1.0
1.0
1.0
1.0
0.9999994
1.0
0.99999857
0.9999999
0.9999907
1.0
0.99999917
0.99999905
1.0
0.9996973
1.0
1.0
0.999998
1.0
0.9999993
1.0
1.0
0.9995503
1.0
0.99999726
0.9999993
1.0
1.0
1.0
0.999987
0.99999905
1.0
0.9999999
1.0
0.999592
1.0
1.0
1.0
1.0
1.0
1.0
1.0
1.0
1.0
0.9999981
1.0
1.0
0.70194995
1.0
0.9999999
1.0
0.99999964
0.99999976
0.9999968
1.0
0.99998033
0.99990404
0.999616
1.0
1.0
1.0
0.99998045
1.0
0.9999968
1.0
1.0
1.0
1.0
1.0
1.0
1.0
0.99999714
1.0
1.0
1.0
1.0
1.0
0.9999939
1.0
0.99999285
1.0
1.0
1.0
1.0
1.0
1.0
1.0
1.0
0.99998343
1.0
1.0
1.0
1.0
0.99999785
1.0
1.0
1.0
0.9999964
1.0
1.0
0.9999999
1.0
1.0
1.0
0.94134104
1.0
1.0
1.0
1.0
1.0
1.0
1.0
0.9999969
0.9999902
1.0
1.0
1.0
1.0
1.0
1.0
0.9999999
1.0
1.0
1.0
0.9998919
1.0
1.0
0.99999845
1.0
0.9999765
0.9999964
0.9999993
1.0
1.0
0.9999001
0.9999999
1.0
0.97174937
0.9999994
0.99999857
0.9999993
0.9999999
0.99970275
0.99999976
0.9900955
0.9999994
1.0
1.0
1.0
0.99999607
1.0
0.7881519
1.0
0.9987632
0.99991095
0.69375247
0.99999976
0.9999999
0.9999999
0.6151602
0.99996364
0.9999981
0.99996495
1.0
1.0
1.0
0.99999976
0.99999964
0.99999976
0.9999925
0.9999976
1.0
0.99999857
1.0
0.9999999
0.99995255
1.0
1.0
0.99999917
1.0
0.99999976
0.99824464
0.99984205
0.99999905
1.0
1.0
0.999824
1.0
1.0
0.99999475
1.0
1.0
1.0
0.9999988
0.99999905
0.99997616
0.8163671
1.0
1.0
1.0
0.99999964
1.0
1.0
0.99998033
0.99998236
1.0
1.0
1.0
1.0
0.955023
0.99800867
0.99999607
1.0
0.9999951
1.0
0.985335
1.0
0.99992883
0.9999243
1.0
0.9999914
1.0
1.0
1.0
1.0
1.0
0.9999999
1.0
0.9999999
1.0
0.99999654
0.99986064
1.0
0.99442935
1.0
1.0
1.0
0.9999999
0.99999964
1.0
0.9999956
1.0
1.0
0.99994576
1.0
1.0
0.9999982
0.9999995
0.99997795
1.0
0.9985037
0.9999999
0.9999957
0.99999905
1.0
1.0
1.0
0.9999373
0.9998429
1.0
1.0
1.0
0.99999964
0.9999995
0.9999999
1.0
0.999694
0.999966
0.9986767
0.99993014
1.0
0.9988128
0.9999858
0.9999999
1.0
0.9999999
1.0
1.0
1.0
0.9999521
1.0
0.99999976
0.9999993
1.0
0.9999988
0.9739402
1.0
0.8008426
1.0
1.0
0.99999833
1.0
1.0
1.0
0.9999194
1.0
0.9969529
1.0
0.9999956
0.9999908
1.0
1.0
1.0
1.0
1.0
0.99999535
1.0
0.9999999
1.0
0.9083993
0.9999057
1.0
0.9999987
1.0
1.0
1.0
0.9999999
0.99999
1.0
1.0
0.9999999
1.0
1.0
1.0
1.0
0.9999862
1.0
1.0
0.8469153
1.0
1.0
0.9999999
0.99999976
0.99999857
1.0
1.0
1.0
0.9999999
1.0
1.0
1.0
1.0
1.0
1.0
1.0
0.99998176
0.99999356
1.0
0.99990106
0.99999905
1.0
1.0
1.0
1.0
0.99999976
1.0
0.9582854
0.999969
0.999998
1.0
1.0
1.0
1.0
1.0
0.9964856
1.0
0.9999982
0.9940403
1.0
1.0
1.0
1.0
0.9998016
0.99999523
1.0
0.99998415
1.0
0.99999976
1.0
0.9999894
1.0
0.9999999
1.0
1.0
0.9999149
1.0
1.0
0.9999999
1.0
1.0
1.0
0.9987909
1.0
1.0
1.0
1.0
0.9948527
0.9999993
1.0
1.0
0.99820125
0.9999958
1.0
0.9999995
1.0
0.9991721
1.0
0.99999166
0.99992454
0.9999987
0.9990758
0.9999995
1.0
1.0
1.0
1.0
1.0
1.0
0.9999995
0.99999976
0.9999999
0.9954652
0.99823606
0.999938
1.0
1.0
1.0
1.0
1.0
1.0
0.99999845
1.0
1.0
0.99999595
1.0
0.99999774
1.0
1.0
1.0
0.99994516
1.0
0.99999964
0.9999883
1.0
1.0
1.0
0.99999976
1.0
1.0
0.9999995
1.0
1.0
0.99999976
1.0
0.99999964
1.0
1.0
0.99999285
0.99997795
1.0
1.0
1.0
0.9999994
1.0
1.0
0.9999999
1.0
1.0
0.9999999
1.0
0.9999988
0.9999999
1.0
0.9999999
1.0
1.0
1.0
1.0
1.0
1.0
1.0
1.0
0.9999939
1.0
1.0
1.0
1.0
0.99998915
0.9999999
1.0
0.99999976
1.0
0.99992275
0.99999785
1.0
0.9999995
1.0
0.99999964
0.9999981
0.90933126
1.0
1.0
0.9999995
1.0
1.0
1.0
1.0
1.0
1.0
0.99999917
1.0
1.0
1.0
1.0
1.0
1.0
1.0
