1.0
0.99999964
1.0
1.0
0.9999999
1.0
0.99998844
1.0
0.98990566
0.99999976
1.0
0.99999976
0.99999857
1.0
1.0
0.9999993
0.9999807
0.9999999
0.9964005
1.0
0.9999999
0.99999917
1.0
1.0
0.99999917
1.0
0.99999833
1.0
0.9999989
0.9999999
1.0
0.9999939
1.0
0.9999745
1.0
1.0
0.9999776
1.0
0.99999964
1.0
1.0
0.99995244
0.99999344
0.9999993
0.99996066
1.0
0.99999714
1.0
0.99999976
1.0
0.9999999
1.0
1.0
1.0
1.0
0.99999964
1.0
0.9999999
1.0
0.99999034
0.9999999
1.0
0.9975926
0.9998355
1.0
0.9999932
0.99999154
0.99999845
1.0
1.0
0.9999999
1.0
1.0
0.99995506
0.9999993
1.0
1.0
1.0
0.9999956
0.9999988
0.99998915
1.0
1.0
1.0
1.0
1.0
0.99999976
0.9997836
1.0
0.9999999
1.0
1.0
0.93109983
0.99999607
1.0
0.9998678
0.9997547
0.99999845
1.0
1.0
1.0
1.0
1.0
1.0
0.9999945
0.9999999
1.0
0.9999893
0.99999964
1.0
1.0
0.9999876
0.99999976
1.0
0.99999976
0.9712232
0.9999871
1.0
0.9999851
0.9999887
0.9999999
0.99989974
0.99999976
1.0
0.99999714
0.9998691
0.9999999
1.0
1.0
1.0
1.0
1.0
0.9999974
0.9999994
1.0
1.0
0.9999988
1.0
1.0
0.99999917
1.0
1.0
1.0
1.0
0.9999987
0.9999995
1.0
1.0
1.0
0.99919134
0.99999964
0.9867959
1.0
1.0
0.9999993
1.0
1.0
1.0
0.99983203
0.99999976
0.99997795
1.0
1.0
1.0
1.0
1.0
1.0
0.999961
0.9999999
1.0
1.0
0.99997306
0.9999999
0.9999999
1.0
0.99576086
0.9999999
1.0
1.0
1.0
0.99999964
1.0
1.0
1.0
0.9933302
0.9999995
1.0
0.99999833
1.0
0.9999958
0.99999666
0.9999894
1.0
0.9691385
1.0
0.9999262
1.0
1.0
0.9999851
0.9999987
1.0
1.0
1.0
0.9999918
1.0
1.0
0.9999913
0.9999944
1.0
0.99730587
1.0
0.8784097
1.0
1.0
0.9999944
0.99999976
1.0
0.99990857
1.0
1.0
0.999998
0.9999968
1.0
1.0
0.9999995
1.0
1.0
0.9999999
1.0
0.9999777
0.9999999
1.0
0.9999999
1.0
0.9999962
0.9999932
1.0
1.0
1.0
1.0
0.9999995
0.99985135
0.99999976
0.9998171
1.0
0.99992037
1.0
0.53074455
1.0
1.0
0.9999999
0.9999839
1.0
1.0
0.99999976
0.999972
0.9999999
0.9999993
1.0
0.7616834
1.0
0.9999999
0.99999976
1.0
0.99877447
1.0
0.9999857
1.0
0.9999981
1.0
0.99999964
1.0
0.9999987
0.9999653
0.99999964
0.9999994
1.0
1.0
1.0
0.99999976
0.9999999
1.0
0.9938539
1.0
0.99999833
1.0
0.9999982
0.99997294
1.0
0.9999901
0.99978155
0.99999964
0.999054
1.0
0.9999981
0.99999976
1.0
0.99999905
0.9999999
1.0
0.9999999
0.9999974
1.0
1.0
1.0
0.9999999
1.0
1.0
0.9999994
1.0
1.0
1.0
1.0
0.9999833
1.0
1.0
0.9999999
0.99998593
0.9999994
1.0
0.9750402
0.53764397
0.99999964
1.0
0.9998234
0.99999964
0.999233
1.0
0.9999982
1.0
1.0
1.0
1.0
0.9999989
1.0
1.0
0.9945609
0.99985266
0.99999857
0.9999882
0.61479384
0.9999845
1.0
1.0
0.99999976
1.0
0.9999999
0.99999976
1.0
0.9999993
0.9999919
1.0
0.999992
1.0
0.99999976
0.99999976
1.0
0.99998045
0.9959151
0.85039616
0.9999999
1.0
0.9999931
0.9999999
1.0
1.0
0.9997372
1.0
0.99996126
1.0
0.9999999
1.0
0.9999956
1.0
1.0
1.0
0.99999845
0.99999833
1.0
1.0
1.0
0.9995166
1.0
1.0
1.0
1.0
0.9999876
1.0
0.9999999
0.99997723
1.0
0.99995196
1.0
0.99999964
0.9999753
0.9999995
1.0
0.99998784
0.9999999
0.99999976
0.9999424
1.0
1.0
0.9999999
0.9999907
1.0
0.99999976
1.0
1.0
0.9999987
1.0
0.99992824
0.9999833
1.0
0.999995
0.994729
1.0
0.9992736
1.0
0.9999993
0.99999917
0.9999999
0.9999962
1.0
0.9999999
0.99999964
1.0
0.99999964
1.0
1.0
1.0
0.9999306
0.9999993
1.0
1.0
0.9999963
1.0
1.0
0.99999595
0.99999774
1.0
0.99999976
0.99999976
0.9999784
0.99981624
0.9294978
0.9999993
0.9037899
0.99990785
0.8625176
0.99981374
1.0
0.9999995
1.0
0.9999958
1.0
0.9999995
0.99999404
1.0
1.0
0.9969156
1.0
0.9999995
1.0
0.99785304
0.99999964
1.0
1.0
0.9999865
0.9999949
1.0
0.9999974
1.0
1.0
1.0
1.0
1.0
1.0
0.99995995
0.9997745
1.0
1.0
0.99999976
1.0
0.9999994
1.0
1.0
0.9999989
0.99992025
1.0
0.9999887
0.9999918
0.9999938
1.0
1.0
0.7507976
1.0
0.9988084
0.9999907
0.99999917
1.0
1.0
1.0
1.0
0.9999924
1.0
1.0
0.9999964
0.99998105
1.0
0.9999999
0.99996114
1.0
1.0
1.0
0.9999778
1.0
1.0
1.0
0.99999976
1.0
0.99999976
1.0
0.99998283
1.0
1.0
1.0
0.99999976
0.9999721
1.0
0.9999136
0.9999993
0.99999833
1.0
0.99999976
1.0
0.99999976
1.0
0.9999999
1.0
0.99999726
1.0
0.9983114
0.9220784
1.0
0.99999774
1.0
0.99998283
0.99999976
1.0
0.9999982
0.99798274
0.9999932
1.0
1.0
0.9999999
1.0
0.9999937
0.99999976
0.9999995
1.0
0.9999956
0.9999999
0.9999999
1.0
1.0
1.0
1.0
0.99999964
0.9999982
1.0
0.99749774
1.0
0.99999976
1.0
0.9999999
1.0
1.0
0.9999999
1.0
1.0
0.99999976
0.97631425
0.971854
0.9999995
0.9999999
1.0
1.0
1.0
1.0
1.0
0.98888165
1.0
0.9983101
1.0
1.0
1.0
0.9999695
0.99999905
0.9999989
1.0
1.0
1.0
0.9999999
1.0
1.0
1.0
1.0
1.0
1.0
0.99999785
0.9999999
1.0
0.99982315
1.0
0.9999933
1.0
0.99999976
0.9999653
0.9190038
0.99999964
1.0
0.9999999
1.0
0.99999344
0.98895264
1.0
0.99999964
0.99999845
0.99998975
0.9999994
1.0
1.0
1.0
1.0
0.9999993
0.9999999
0.99999976
1.0
0.99999964
0.9999994
1.0
0.99998295
1.0
1.0
0.9992859
0.9921908
1.0
1.0
0.9999962
0.9999981
0.9999994
1.0
1.0
1.0
0.9999994
1.0
1.0
0.9999727
0.6263345
1.0
0.99998987
1.0
1.0
1.0
1.0
0.9999982
0.9996804
1.0
1.0
1.0
0.9999995
1.0
0.9999993
0.9022716
0.99999976
0.99998844
0.99999905
0.9999906
0.99999917
1.0
0.99999964
0.99999976
0.99999976
0.8426985
0.9999888
1.0
1.0
0.9999999
0.99142367
1.0
0.99944955
1.0
1.0
1.0
0.9999999
0.9999982
1.0
0.9999733
0.9999969
0.9999963
1.0
0.99999976
0.9999999
1.0
0.9999999
1.0
0.9999987
0.9999989
1.0
1.0
1.0
0.99999976
1.0
0.99999964
0.99999917
0.96574837
0.85521406
1.0
1.0
0.98935574
1.0
1.0
0.9951774
1.0
1.0
0.99130625
1.0
0.99997807
1.0
0.9999938
1.0
1.0
0.9999999
0.99999976
0.9999999
0.9999999
0.99999416
0.9997199
0.9999995
0.9950264
0.9999974
1.0
0.9999999
1.0
1.0
0.9999931
1.0
0.9999999
0.9999999
1.0
1.0
1.0
1.0
1.0
0.9999989
0.999997
0.9999999
0.9999999
0.9999995
0.9959254
0.99999905
0.99999774
1.0
1.0
0.99999976
1.0
0.9999982
1.0
0.9999994
1.0
0.9999994
0.9999999
1.0
0.99999774
1.0
1.0
1.0
1.0
1.0
0.9994611
0.99953556
1.0
0.99999833
0.9999999
0.9999932
0.9952549
1.0
1.0
0.99993694
0.99999857
0.9999795
1.0
1.0
1.0
0.9999993
1.0
0.9999254
0.9999999
1.0
0.9999633
1.0
1.0
1.0
0.9999956
1.0
1.0
1.0
1.0
0.9999999
0.99998724
1.0
1.0
0.96220213
1.0
1.0
0.9999999
0.99999833
1.0
1.0
1.0
0.9999999
0.9999999
1.0
1.0
1.0
0.9999999
0.9999995
1.0
0.9999944
1.0
0.9999999
1.0
0.9999944
0.9999999
0.9999999
1.0
1.0
1.0
0.99998534
1.0
1.0
0.9999846
1.0
0.98741573
0.99999976
0.67271435
1.0
1.0
1.0
1.0
1.0
0.99999917
1.0
0.9999987
1.0
1.0
0.9999995
1.0
0.99998116
1.0
0.9999995
1.0
1.0
1.0
1.0
0.9999733
1.0
1.0
1.0
0.9999813
1.0
0.9999999
1.0
0.999995
0.9999995
1.0
0.999302
1.0
1.0
1.0
0.99826956
0.8021027
0.8634695
1.0
0.99998534
1.0
1.0
1.0
1.0
0.99999964
1.0
1.0
0.9999993
1.0
0.9905443
0.9999951
1.0
0.99993503
1.0
0.99667895
0.9999988
0.9994142
0.9999796
0.9999999
1.0
0.99999535
0.9999999
1.0
0.9999933
1.0
1.0
1.0
0.9999988
1.0
0.9999999
0.9999875
1.0
0.9999552
1.0
1.0
1.0
1.0
1.0
0.99818796
1.0
1.0
1.0
0.99999833
1.0
0.9999956
0.9999995
0.9999989
1.0
1.0
0.9999995
0.99943334
1.0
0.6941659
0.9922511
0.99997926
1.0
0.9999993
0.99999976
0.9999993
1.0
0.9999864
0.7479473
0.99999845
0.99999297
0.99998593
0.9999963
0.9999857
1.0
1.0
0.9999918
0.99961555
1.0
0.99895823
1.0
0.99999344
1.0
0.99926454
0.9999989
0.9999989
0.97932225
0.99998045
1.0
0.9999999
0.99722505
0.9999999
1.0
1.0
1.0
1.0
1.0
0.999998
1.0
1.0
0.99999905
1.0
0.99999917
0.9997969
1.0
0.9999987
1.0
1.0
1.0
0.9999999
0.99999964
1.0
1.0
0.9999337
1.0
0.99999976
0.9999999
1.0
1.0
1.0
0.9998909
0.9999994
0.9999999
1.0
1.0
0.9999937
1.0
0.99679863
1.0
0.9999988
1.0
1.0
1.0
0.99996793
1.0
1.0
0.99999785
1.0
0.99999964
1.0
0.9999982
1.0
0.9999927
0.99996865
1.0
0.9999964
1.0
0.99999917
1.0
1.0
1.0
0.9999999
0.99999976
0.99998796
0.99382126
1.0
0.9999999
1.0
1.0
1.0
0.6883906
1.0
1.0
0.99998784
0.99999976
0.9978375
0.998454
1.0
1.0
1.0
1.0
0.9999895
0.9999877
1.0
1.0
1.0
0.99961424
0.9999993
0.9999702
1.0
0.9999932
1.0
0.99999833
0.99694014
1.0
1.0
1.0
1.0
1.0
0.99999774
1.0
1.0
0.9999999
0.9999951
1.0
1.0
0.99999964
1.0
0.9999924
0.9999994
1.0
0.9999957
0.9995388
0.9999995
0.9999999
1.0
0.9999999
0.9999994
1.0
1.0
0.9999988
0.9999527
0.99999976
1.0
0.9999999
1.0
0.9999974
0.9999987
0.99999976
1.0
1.0
0.9999999
0.99999976
1.0
1.0
1.0
1.0
1.0
0.99863464
0.99999416
1.0
0.9999999
1.0
0.88658327
1.0
0.9962865
1.0
1.0
0.9999993
0.9999145
0.9998677
1.0
0.9999503
0.9999902
1.0
0.99999964
0.9999999
1.0
1.0
0.997897
1.0
0.99998903
1.0
1.0
0.9999994
1.0
1.0
1.0
0.9999995
0.9999865
1.0
1.0
0.9999994
1.0
0.9999851
1.0
0.9999962
0.99999475
0.9997038
0.9999999
1.0
0.99999976
0.9999981
1.0
0.9999963
1.0
1.0
0.9999825
0.99999905
1.0
1.0
1.0
0.99999964
1.0
1.0
0.9999219
0.9999994
0.99996114
1.0
1.0
0.99998784
1.0
0.999998
1.0
0.9994166
1.0
1.0
1.0
1.0
0.99907196
0.99999976
0.99999976
0.9994037
0.90537703
1.0
1.0
1.0
0.9999999
0.99999976
1.0
0.9999999
1.0
0.999627
0.9987968
1.0
0.99999964
0.99999976
1.0
1.0
1.0
0.9999995
0.9999999
1.0
0.9999293
1.0
0.9998012
1.0
0.9971955
1.0
0.9999995
0.99999917
1.0
0.99999917
0.99999356
1.0
1.0
1.0
0.98863053
0.99999726
1.0
0.99999976
1.0
0.99999964
1.0
1.0
0.99899274
1.0
0.9883702
1.0
0.9999615
1.0
0.9999995
0.99999857
0.99520797
0.99999523
0.99999785
0.99999964
0.99999976
1.0
1.0
0.9999981
1.0
0.99999356
0.67095274
0.99999964
0.99999213
1.0
0.9999925
0.50801915
0.9989641
1.0
1.0
0.99999154
0.9999982
1.0
0.99999964
0.9999999
0.999959
1.0
0.9999999
0.99999166
0.6233963
1.0
1.0
0.9986772
0.99998367
1.0
0.99999654
1.0
1.0
1.0
0.9999999
1.0
0.9999982
0.9999927
0.99949
0.99999964
1.0
0.9999995
1.0
0.9998661
1.0
0.9994711
0.9986431
0.99999607
1.0
1.0
1.0
1.0
1.0
0.9994844
0.9982383
1.0
0.9999684
0.9999999
1.0
1.0
0.99994886
1.0
1.0
0.9972355
0.99999964
0.9999703
0.99999917
1.0
1.0
1.0
1.0
0.99999917
0.9999999
1.0
0.9999852
0.9999989
1.0
0.9999809
1.0
0.9999609
1.0
1.0
0.99999833
0.81070143
1.0
0.9999999
1.0
1.0
1.0
0.9999999
0.90608126
1.0
0.97293854
1.0
0.9999653
0.9999573
1.0
1.0
0.999997
0.99999976
1.0
0.9976286
1.0
0.9998977
1.0
1.0
1.0
0.999979
0.99997604
1.0
1.0
0.999905
0.9999999
1.0
1.0
1.0
1.0
1.0
0.9999999
0.999984
0.99998546
0.99999857
1.0
1.0
0.9999999
1.0
1.0
1.0
0.69014865
1.0
0.99999905
1.0
0.99999976
1.0
0.9999999
1.0
1.0
1.0
1.0
1.0
1.0
0.99999857
0.9999975
1.0
1.0
1.0
1.0
0.9999999
0.99999976
0.9991264
1.0
0.9999999
1.0
1.0
1.0
0.9999552
0.9999994
0.88637054
0.99984396
0.9999963
1.0
0.9998839
0.99996483
1.0
1.0
0.9999975
0.99997985
0.9982065
0.9999988
1.0
0.9999999
1.0
0.9999999
0.99999917
1.0
0.9998915
1.0
0.99999857
0.3642235
0.9538873
1.0
0.9999987
0.9999999
1.0
1.0
1.0
0.9999968
0.9998609
0.9999999
0.9999541
1.0
0.9999908
0.9999999
0.9993787
0.9999994
0.99999976
1.0
0.99999964
1.0
0.9999057
0.9999844
0.9999975
0.99771607
0.9999857
0.9983119
0.99982685
1.0
1.0
0.9998068
0.9999999
1.0
0.99999905
1.0
1.0
0.9999999
1.0
1.0
0.9998005
0.99999976
0.99999976
0.99999964
1.0
1.0
0.9979494
1.0
1.0
0.99999905
1.0
0.99976224
0.9999908
0.9999989
0.99999976
0.9999995
0.99993455
1.0
1.0
0.9999999
0.9999999
1.0
0.99999905
0.99999976
0.9999999
1.0
1.0
1.0
1.0
0.9999763
0.9999995
1.0
1.0
1.0
1.0
1.0
1.0
1.0
1.0
0.99999845
1.0
0.998912
0.9999999
0.99989927
0.99999917
1.0
0.9999999
0.98323834
0.9999995
0.99999595
1.0
0.9999993
0.99995947
1.0
0.99999905
0.9999902
0.9994698
0.9999844
0.99999976
1.0
0.9999999
0.9999939
1.0
0.9998621
1.0
1.0
1.0
0.9877501
1.0
0.6368863
0.99983394
1.0
0.99999964
1.0
0.6775175
1.0
1.0
0.7840532
0.99996483
0.99999964
0.99999976
1.0
1.0
1.0
0.9999999
0.9999999
1.0
0.999997
1.0
1.0
0.9997969
0.9999999
1.0
1.0
0.9999298
0.9999999
0.568267
1.0
0.99990785
0.99999976
0.9782664
0.89468706
1.0
1.0
0.9999999
0.9999995
0.9997632
1.0
1.0
0.99999666
0.99999976
0.99999976
1.0
0.9995233
1.0
1.0
0.9891111
0.999907
1.0
1.0
0.9999999
1.0
1.0
0.99997056
1.0
1.0
0.99999046
1.0
0.99977344
1.0
0.9999845
0.99997175
1.0
1.0
0.999998
1.0
1.0
0.9999999
1.0
0.99999976
0.9999987
0.9999949
0.9998753
1.0
0.9999958
1.0
1.0
0.999423
0.9999999
1.0
1.0
1.0
1.0
1.0
0.99978894
1.0
0.99918205
1.0
0.986257
0.9999999
0.9999999
0.99998915
1.0
0.9999999
0.99999964
0.9999907
1.0
1.0
0.80095917
1.0
1.0
0.99999464
1.0
0.99997985
0.9999989
1.0
1.0
1.0
0.9999912
1.0
1.0
0.99985933
1.0
1.0
0.99997354
1.0
1.0
0.9999944
0.9551112
1.0
1.0
0.9999999
1.0
1.0
1.0
0.99999917
0.99999416
0.99999964
1.0
1.0
1.0
0.99988914
1.0
1.0
1.0
1.0
0.9999999
0.9999976
1.0
1.0
1.0
1.0
0.9999999
1.0
0.9999988
1.0
0.9999994
0.99992335
0.99990356
1.0
0.99971265
0.99999976
1.0
0.9999136
1.0
0.99896765
1.0
1.0
0.55479544
0.99999714
1.0
1.0
1.0
0.6541682
1.0
1.0
0.999997
0.99999976
0.999984
1.0
1.0
0.9999964
0.99999917
0.9999999
0.99999034
1.0
1.0
1.0
0.9995609
0.9999988
1.0
1.0
1.0
0.9999956
0.9999201
1.0
0.77229697
0.9999988
1.0
0.9999999
1.0
1.0
1.0
0.99987864
0.97983664
0.9957937
1.0
1.0
0.9944323
0.99909496
1.0
1.0
0.9999969
1.0
1.0
0.9999989
0.99999976
0.9999964
1.0
0.99999905
1.0
1.0
1.0
0.9999987
0.99565303
1.0
0.9999999
1.0
0.99999976
1.0
0.9999995
1.0
1.0
0.99999964
1.0
0.99994814
1.0
0.9999999
0.999382
1.0
0.9999995
0.8480947
0.99999857
1.0
0.99999976
0.99999905
0.99999964
0.9999925
1.0
0.9999987
1.0
1.0
1.0
1.0
1.0
1.0
0.99999905
1.0
1.0
0.99966705
0.998221
0.99997807
0.99999976
0.9999995
1.0
1.0
1.0
1.0
0.99999416
0.99999285
0.99999917
1.0
0.9999906
1.0
1.0
0.99999785
0.99999976
0.8740555
1.0
0.99999845
1.0
0.9999995
1.0
1.0
0.99999964
0.9999999
0.9999999
0.9918508
0.99999976
1.0
1.0
1.0
0.9999994
0.99999964
1.0
0.99994683
0.9951284
1.0
0.9999993
0.9999999
0.99983513
0.9999989
0.99999976
0.9999988
1.0
1.0
0.99999225
1.0
1.0
0.9995821
0.9998437
1.0
1.0
0.9999999
1.0
0.99951804
0.9999957
1.0
0.99999917
1.0
0.99997485
0.9999999
1.0
0.9999989
0.99999976
0.99996305
0.9999685
1.0
1.0
0.99999964
0.9999919
0.99999964
1.0
1.0
0.99990904
1.0
0.9999995
0.99999833
0.9999938
0.9999999
0.999997
1.0
0.9999987
0.999998
0.9999889
1.0
1.0
1.0
0.99999976
1.0
1.0
0.9999995
0.99994445
0.9999994
1.0
0.99135876
0.99999666
1.0
0.9999554
1.0
1.0
0.99999785
1.0
1.0
1.0
0.99294335
0.99999964
0.99958867
1.0
0.9999927
0.99835384
1.0
0.9999924
1.0
0.9999999
0.9999858
0.99999976
1.0
1.0
1.0
1.0
0.99999976
1.0
1.0
1.0
0.99993646
0.99996173
0.9999727
0.9829919
1.0
0.95475006
0.9999999
1.0
0.9999994
0.99999964
1.0
0.9999696
0.9999988
0.99982435
1.0
0.99999774
1.0
1.0
1.0
0.9999999
0.99999964
1.0
1.0
1.0
1.0
1.0
0.99983466
1.0
0.99999976
1.0
1.0
0.9997558
1.0
1.0
1.0
0.99999535
1.0
0.9999995
1.0
0.9999999
0.9999194
0.9999989
0.99999785
0.9999026
1.0
0.9999994
0.9999552
0.9999999
1.0
0.999998
0.9999999
0.9999337
0.99999726
0.99999905
0.99977845
1.0
0.99998045
0.9992686
0.99985194
1.0
1.0
0.99999976
1.0
1.0
1.0
0.9998627
0.9999999
0.99999976
1.0
1.0
0.99999845
0.9993181
0.99999964
1.0
1.0
1.0
1.0
1.0
0.99999905
1.0
0.9999974
0.9999999
1.0
0.9999987
0.99535537
1.0
0.9999914
1.0
1.0
0.9999684
0.9997316
0.99999964
0.9999964
1.0
0.9999926
0.99998796
0.9999962
1.0
0.99999917
1.0
0.9999889
0.9994972
0.99999464
0.99999976
1.0
1.0
0.9999999
1.0
1.0
1.0
0.9999999
0.9999995
0.99999964
1.0
1.0
0.99999845
0.9999993
1.0
0.9909842
1.0
0.6121358
1.0
1.0
0.99999976
1.0
0.99993336
0.8897218
0.9999763
1.0
0.99999845
0.999858
0.9999676
1.0
1.0
1.0
0.9999999
1.0
0.9979837
0.99999917
0.9999927
1.0
0.9999999
0.8875239
0.9999999
1.0
0.51234716
0.99991083
0.99999964
1.0
0.9999982
0.9999906
0.9999908
1.0
1.0
0.9999924
0.53802574
0.99999976
0.99999964
0.99999976
0.99999964
0.99999964
0.9999939
1.0
1.0
1.0
0.9984503
0.9999999
0.9999999
0.99999976
0.99999917
0.9999608
1.0
0.7547203
0.9999888
1.0
1.0
0.99999225
1.0
1.0
1.0
1.0
1.0
1.0
1.0
1.0
1.0
0.9970721
1.0
1.0
1.0
1.0
0.9999875
0.99991214
1.0
1.0
0.9963831
0.9999865
0.9999968
1.0
1.0
0.65749216
0.9999969
1.0
1.0
1.0
1.0
0.9999844
0.9999999
1.0
0.99962413
1.0
0.841204
0.9999999
1.0
1.0
0.9998435
1.0
1.0
0.99999595
1.0
0.81992453
1.0
1.0
1.0
0.9999994
0.99999976
1.0
0.99997234
1.0
1.0
1.0
0.5880501
0.999974
0.99914885
0.99999976
1.0
1.0
0.705959
0.99999845
1.0
0.9999864
1.0
1.0
1.0
1.0
0.9999963
1.0
1.0
1.0
0.99999535
0.9999639
1.0
0.9999994
1.0
1.0
0.9999995
1.0
0.9999994
1.0
0.9999999
0.9999999
1.0
0.99999976
0.99979514
0.9999994
1.0
0.9999999
1.0
0.9999596
0.9999999
0.9999832
0.99985623
1.0
0.9999995
1.0
1.0
0.99969816
0.99999356
1.0
0.9999999
1.0
1.0
1.0
0.99999917
0.5498905
0.9999999
1.0
0.9957516
0.9954259
1.0
0.99999976
0.9790547
1.0
1.0
1.0
0.9999665
1.0
0.9998647
1.0
0.9999989
0.9999939
1.0
0.99999595
1.0
1.0
1.0
0.99999356
1.0
1.0
1.0
0.9999999
0.99999976
1.0
1.0
0.99999654
1.0
1.0
0.9994837
0.99999976
1.0
0.9999994
1.0
0.99999964
0.99999976
0.9999989
1.0
0.99998856
0.99927276
1.0
1.0
0.9999994
1.0
1.0
1.0
0.9999988
1.0
0.9999987
0.9999993
1.0
0.9999856
1.0
0.99999964
0.99999976
1.0
0.9999993
0.99999905
0.9999999
0.9999753
1.0
1.0
1.0
1.0
1.0
0.99999976
0.99999976
0.9999999
1.0
1.0
1.0
0.99999976
0.99999833
0.99999976
1.0
1.0
1.0
1.0
1.0
0.99999976
0.98655766
1.0
0.9999896
0.9999999
1.0
1.0
0.9999671
0.99999964
1.0
0.9999999
0.9999716
0.99999976
1.0
0.9999912
0.9122551
1.0
1.0
1.0
0.9999999
0.99999976
0.99998784
1.0
0.99999416
1.0
1.0
1.0
0.99999285
0.98804176
0.99999976
1.0
0.9999981
1.0
0.9999993
0.99997234
0.9999994
1.0
0.9999994
1.0
1.0
1.0
1.0
0.99999297
0.95108116
0.9999999
1.0
1.0
1.0
1.0
0.99952376
0.99999976
1.0
0.99999976
0.9999951
1.0
0.99996686
1.0
1.0
1.0
1.0
1.0
0.9998796
0.99999833
1.0
0.9264972
1.0
0.9999999
0.9999943
0.99999976
1.0
1.0
1.0
1.0
0.99991715
0.9999863
1.0
0.99999976
0.9999994
0.9977081
1.0
0.99999976
1.0
1.0
1.0
1.0
1.0
0.999995
1.0
1.0
1.0
0.9999995
0.9999999
1.0
0.9999982
1.0
1.0
1.0
1.0
1.0
0.9999999
0.9999999
0.99999964
1.0
1.0
0.6831529
0.9999968
0.9997254
0.99999976
1.0
0.99999964
0.9999999
1.0
0.9999839
0.9999893
1.0
0.9500476
1.0
0.99989355
1.0
0.9999999
1.0
0.999982
0.9996082
0.99999976
1.0
1.0
1.0
0.99999976
0.99999857
0.99999976
0.99996865
1.0
0.9999993
0.9999956
1.0
0.9999999
1.0
0.9999999
0.9999999
0.9999989
0.99999785
0.8622813
0.9999999
0.9999515
0.99999964
1.0
1.0
0.9999999
1.0
0.94016224
0.9999999
0.99999976
0.99997735
1.0
0.9999995
0.99999917
0.9999987
0.99775594
0.9999999
0.99999964
0.9999691
0.9999695
1.0
1.0
0.9999999
0.9999999
1.0
1.0
0.99907
0.9999825
1.0
1.0
0.9998733
0.99999976
1.0
1.0
0.99922085
1.0
0.99999976
0.99998474
1.0
1.0
0.9497542
0.99889404
0.9996177
0.9999995
1.0
1.0
1.0
0.9802579
0.99981004
1.0
0.9999876
1.0
0.99999905
0.99999857
1.0
0.99377525
0.9999995
0.9999969
1.0
1.0
1.0
1.0
0.9999999
0.99999917
1.0
0.9999988
0.9999993
0.99999976
1.0
0.9999995
0.9999999
0.9999999
1.0
0.9989637
1.0
0.9999999
1.0
0.9999882
1.0
1.0
1.0
0.8505062
0.99999654
0.99999166
1.0
1.0
1.0
0.9999994
1.0
0.9999974
0.9999995
1.0
1.0
0.99999976
1.0
1.0
1.0
0.9999974
1.0
1.0
0.9999789
0.9998995
0.9999999
0.9999999
0.9999999
0.9999486
0.99999905
0.99378777
1.0
0.9988586
1.0
0.9999999
0.9999995
1.0
0.9999987
1.0
0.9998104
0.9999999
0.9999931
0.9999982
0.99999976
0.99988854
1.0
0.9999671
1.0
0.9935823
0.9999931
0.9659135
1.0
1.0
0.9999999
1.0
1.0
1.0
1.0
0.9999968
1.0
0.99999964
1.0
1.0
1.0
0.99994385
1.0
1.0
0.9999989
1.0
1.0
1.0
1.0
0.99992204
1.0
1.0
0.9999956
0.9987288
1.0
1.0
0.99999976
0.99999845
1.0
1.0
0.9999999
1.0
0.9998072
0.99989176
0.9999896
1.0
0.9992042
0.9999999
1.0
0.9999974
0.9999825
0.97763556
1.0
0.9999999
1.0
0.9997371
1.0
1.0
0.99999976
1.0
1.0
0.9999999
0.9999938
1.0
1.0
1.0
0.9999995
1.0
0.9999989
0.9999999
0.99630284
0.99997175
0.9999999
1.0
1.0
1.0
0.9999981
0.9999937
0.9999981
1.0
0.98033214
1.0
0.9999995
0.9998323
0.99999774
0.9999969
1.0
1.0
1.0
1.0
0.9999794
0.9999628
1.0
1.0
1.0
0.9999999
0.99999404
0.9999969
1.0
1.0
1.0
0.9999981
0.99999964
0.9998202
0.9918377
1.0
1.0
1.0
0.99992573
0.9999975
1.0
0.99999976
1.0
1.0
0.9999901
0.99998796
1.0
1.0
0.9998764
1.0
1.0
0.9996792
1.0
0.9999994
0.99999905
1.0
0.9999995
0.99926835
1.0
1.0
1.0
0.99999976
0.9936407
0.9999988
1.0
1.0
1.0
1.0
0.99997556
1.0
1.0
0.9946392
1.0
0.9999882
0.99997723
0.9999962
0.9999968
0.9999988
1.0
0.99999857
1.0
0.9424269
1.0
0.99999845
1.0
1.0
0.99996066
0.9999999
1.0
0.99999833
1.0
1.0
0.999902
1.0
1.0
1.0
1.0
1.0
0.9994342
1.0
1.0
0.9999999
0.99999595
0.99996686
1.0
1.0
0.99999964
0.9999945
0.999967
0.9999999
1.0
0.9999974
1.0
0.9999994
1.0
1.0
0.995843
1.0
1.0
1.0
1.0
0.9999896
0.9999999
0.9786724
0.9999981
0.99999976
1.0
0.99999475
1.0
1.0
1.0
1.0
1.0
0.99943024
0.9999994
0.9999975
1.0
0.9999993
0.9999207
0.99998295
1.0
1.0
1.0
0.99999964
1.0
0.597362
0.99998534
1.0
0.9999989
1.0
1.0
1.0
0.9999993
0.99999726
0.99999976
1.0
0.999992
0.99989784
0.999997
0.99996054
0.9999999
0.9996101
1.0
0.9997166
0.9999776
1.0
1.0
0.99999976
1.0
1.0
1.0
1.0
0.99998665
0.99323374
0.616383
1.0
1.0
1.0
0.9999995
1.0
0.9999957
0.9862738
1.0
0.9998592
0.99998236
0.9999809
1.0
0.9999999
1.0
1.0
1.0
1.0
1.0
1.0
1.0
1.0
0.99996674
1.0
1.0
0.99999917
1.0
1.0
1.0
1.0
0.9999999
1.0
0.99971956
1.0
1.0
1.0
1.0
0.9999542
1.0
0.9999014
0.99999726
0.9999887
1.0
0.99995553
1.0
1.0
1.0
0.9999974
0.9999999
0.9999982
0.9999994
0.9999999
0.9995658
0.99999964
0.99999154
1.0
0.9995351
0.9999995
0.99998486
0.9999982
0.9999999
0.9999981
0.99999976
0.99999964
1.0
0.9309198
1.0
1.0
1.0
1.0
0.9999988
1.0
0.99997914
1.0
1.0
1.0
0.9999999
1.0
1.0
0.9999652
0.99949396
1.0
0.99999523
0.99999976
1.0
1.0
1.0
0.99998224
1.0
0.9998018
1.0
1.0
0.99635637
1.0
1.0
0.9999995
0.99999964
0.99999917
1.0
1.0
1.0
0.99999964
1.0
1.0
0.99999976
0.99999785
0.9999989
1.0
1.0
0.9999999
1.0
0.99999964
0.9999982
1.0
0.99999964
1.0
1.0
0.9999962
1.0
1.0
0.9999993
1.0
1.0
0.99935335
1.0
0.9982907
1.0
0.99999976
1.0
1.0
0.99999976
0.9999987
1.0
1.0
1.0
0.9999989
0.99998915
1.0
1.0
0.99998915
0.99999976
0.9999999
0.99998784
0.99999857
0.99991643
0.99990773
0.9999906
1.0
0.9999995
0.9999821
0.92979866
1.0
0.9999994
0.9999981
0.99847394
0.99999917
0.8778816
1.0
0.9999999
0.99512696
1.0
0.9999999
0.99999976
1.0
1.0
0.9999999
0.9999968
0.9928878
0.97110724
0.9999726
1.0
1.0
0.9999888
0.9999678
0.99997246
0.99999785
1.0
1.0
1.0
1.0
1.0
0.98610604
0.6723176
0.9999999
1.0
0.9999906
1.0
1.0
0.99999905
1.0
0.9992174
1.0
1.0
0.9999994
1.0
0.999464
1.0
0.9999994
1.0
0.99457234
1.0
0.999997
0.99999976
1.0
0.9999994
0.99998176
0.9999999
0.9999999
0.9988422
1.0
0.9999999
1.0
1.0
0.9999999
0.99999964
0.9999926
1.0
0.9999999
1.0
0.9999857
0.9999914
0.9999999
0.9999554
0.99999976
0.8377302
1.0
1.0
0.99999964
1.0
0.9999819
0.9999974
1.0
0.9999995
0.9999999
0.9812727
1.0
0.99999964
1.0
1.0
1.0
1.0
0.9999988
1.0
1.0
1.0
1.0
1.0
1.0
0.9999937
1.0
0.9999745
1.0
0.99983
1.0
0.99999976
0.999998
1.0
1.0
0.9999981
0.6577739
1.0
1.0
0.99999547
0.99999964
1.0
1.0
1.0
0.9999906
0.99999714
0.99999714
1.0
1.0
1.0
1.0
1.0
0.9999999
1.0
1.0
1.0
1.0
1.0
1.0
1.0
1.0
1.0
0.9999999
1.0
0.9999999
0.9997445
0.6426812
0.9999958
0.9947002
1.0
1.0
1.0
1.0
1.0
1.0
0.99982625
0.9999465
1.0
1.0
0.6693767
1.0
1.0
1.0
0.9999999
0.9999739
1.0
1.0
1.0
1.0
1.0
0.99999917
1.0
0.99999666
1.0
0.99999905
1.0
1.0
0.9999831
0.9999999
0.9999999
1.0
1.0
1.0
0.99999976
0.9999883
1.0
0.9981692
1.0
0.99997365
0.99985194
0.99999976
1.0
0.99999607
0.9999999
0.99663407
0.9991326
0.9999994
0.9999981
0.99999726
1.0
0.9998235
0.99999964
1.0
0.99995005
1.0
1.0
1.0
0.99999917
0.99997616
1.0
1.0
1.0
1.0
0.9999993
1.0
0.99437815
0.99734277
0.99999976
0.9996997
0.9998673
0.99999595
1.0
0.99999285
1.0
0.9999994
1.0
1.0
1.0
1.0
0.99999917
1.0
0.9999982
0.9999943
1.0
0.99999917
0.9999999
1.0
0.99999857
0.9999938
0.9999995
1.0
0.99999976
1.0
0.9998274
1.0
1.0
0.9999924
0.99999964
1.0
1.0
0.9999995
0.9999999
0.9995272
1.0
1.0
1.0
1.0
0.9999974
0.99933916
0.99992394
1.0
0.99999964
0.9999949
1.0
1.0
1.0
0.9999999
0.99999774
1.0
1.0
0.99998105
0.9999862
0.9999999
1.0
1.0
0.9993674
1.0
1.0
0.9999993
0.9999993
1.0
1.0
0.9988691
1.0
1.0
1.0
1.0
1.0
0.9999939
1.0
1.0
0.9996294
0.9999796
1.0
0.99999976
1.0
1.0
0.99999464
1.0
0.99825686
0.9999999
1.0
1.0
1.0
0.99985087
0.9999987
1.0
1.0
0.9999925
1.0
1.0
0.92291063
1.0
0.99999976
0.99999976
1.0
1.0
1.0
1.0
0.9999995
1.0
0.9999739
0.9987991
0.9999988
0.99989974
0.99967706
0.99999607
1.0
0.9999999
0.9999999
1.0
1.0
1.0
0.9999989
1.0
1.0
0.9994522
0.99964464
1.0
1.0
0.9999825
1.0
1.0
1.0
1.0
0.9999999
0.9998784
1.0
0.999997
0.9998627
1.0
1.0
0.9999987
0.9999999
1.0
0.99997175
1.0
1.0
0.99999964
0.99999917
1.0
0.9999999
0.9999999
0.9999956
1.0
1.0
0.99998
0.9999999
1.0
0.9999999
1.0
1.0
1.0
0.99999905
0.99886835
0.9927235
1.0
0.9999989
0.9999821
1.0
0.99999976
0.99999964
0.9999999
0.99999976
1.0
1.0
1.0
1.0
0.9999949
0.9996197
0.99999964
0.99999523
1.0
1.0
0.99999964
0.9999999
1.0
1.0
0.9999877
1.0
0.9999999
1.0
0.99989736
0.9999871
0.99999976
1.0
0.9999999
0.99999774
0.9999999
1.0
1.0
1.0
0.9997285
1.0
0.99998844
0.99735826
0.9980362
0.99999976
0.99999976
0.9999875
0.9999995
1.0
0.98798895
0.9998585
0.99998593
1.0
1.0
1.0
0.99940395
0.9999968
0.99981445
0.9999994
1.0
0.9999999
1.0
0.99999976
0.99999964
1.0
0.9999995
0.99999976
1.0
1.0
0.9999999
1.0
0.99999356
1.0
0.99999833
0.9999802
1.0
1.0
0.99999213
0.9999976
1.0
1.0
1.0
0.99982363
1.0
1.0
0.9999999
0.99999714
1.0
1.0
0.9999728
0.9936575
1.0
1.0
0.9999999
1.0
1.0
0.9999999
0.99376523
1.0
0.9999999
1.0
0.9999436
1.0
0.9999968
1.0
1.0
1.0
0.99996316
1.0
1.0
1.0
1.0
1.0
1.0
1.0
0.9999999
0.9999999
0.9999995
1.0
1.0
1.0
1.0
1.0
0.99995124
0.9999945
0.9999994
1.0
1.0
0.9999995
0.99999857
0.9999994
0.9999542
1.0
0.9999993
1.0
0.9891957
0.9999994
1.0
0.9999869
0.99999905
0.99999976
1.0
0.9999187
0.99998975
1.0
0.9999999
1.0
1.0
1.0
0.9999999
0.99999976
1.0
1.0
1.0
0.98553663
0.9999999
1.0
1.0
1.0
1.0
0.9999925
0.9993443
1.0
0.9999988
0.9972481
0.99999845
0.9999528
1.0
1.0
1.0
0.999897
1.0
0.99999964
0.99999857
1.0
1.0
1.0
0.9999846
0.9999995
0.9999999
1.0
0.9999995
1.0
1.0
0.9999999
1.0
0.99999976
0.99987435
0.99997354
0.9999999
0.9999995
0.99999976
1.0
1.0
1.0
1.0
0.9999999
1.0
1.0
1.0
1.0
1.0
0.9999989
0.99996567
0.99998116
0.9999995
1.0
0.9999571
0.9998745
0.99999964
0.99999976
0.99981016
1.0
1.0
1.0
1.0
0.99606174
0.9999981
0.9999999
0.99999726
1.0
1.0
0.99998796
1.0
0.9998
0.9999982
1.0
1.0
1.0
0.9999981
1.0
0.9999995
0.9999832
0.9997757
1.0
0.9999969
1.0
0.9999995
0.9988887
1.0
1.0
1.0
0.99997175
0.99999845
0.9999999
1.0
0.99982786
0.95441353
1.0
1.0
0.99999976
1.0
0.9999987
1.0
0.99999976
1.0
1.0
1.0
1.0
1.0
1.0
1.0
0.9999988
0.99675083
1.0
0.9999993
0.9999999
1.0
0.99999094
1.0
0.9999956
0.68057024
0.74970216
1.0
0.9999981
1.0
1.0
0.9999999
0.9999976
0.9999999
0.9999943
1.0
1.0
1.0
0.99989223
1.0
0.9999782
0.9958431
0.9999994
0.999998
1.0
1.0
1.0
0.999961
0.9999995
0.9999815
0.99999964
1.0
0.99999917
1.0
1.0
1.0
0.9999653
1.0
0.9999707
0.99998784
1.0
0.99999976
1.0
0.9999958
0.99894077
0.9999877
0.957761
0.9999906
0.99913365
1.0
1.0
0.9999938
1.0
1.0
0.99999917
1.0
1.0
1.0
1.0
1.0
0.9999988
1.0
0.99997354
0.99999976
1.0
0.99882287
1.0
1.0
1.0
1.0
1.0
1.0
1.0
0.9887171
1.0
1.0
0.9999995
1.0
1.0
0.99999857
1.0
0.9999993
0.99999833
0.99999785
1.0
1.0
0.999998
0.99997044
0.99999976
1.0
0.99999976
1.0
1.0
0.9999695
0.99999964
1.0
1.0
1.0
1.0
1.0
0.99991477
1.0
1.0
1.0
1.0
0.9997402
1.0
1.0
1.0
0.99998367
1.0
0.9999933
1.0
0.9999999
0.9999988
1.0
0.99943644
1.0
1.0
0.9999969
0.9999999
0.9999994
1.0
1.0
1.0
0.9999999
1.0
0.9999999
0.987845
1.0
0.99999964
1.0
1.0
1.0
0.99999976
0.99997604
1.0
0.99997425
1.0
1.0
1.0
0.99978834
1.0
1.0
1.0
1.0
0.9999989
1.0
1.0
0.98415947
1.0
1.0
1.0
0.9999962
1.0
1.0
0.9999999
0.9999863
0.99999976
1.0
0.99999976
0.9999999
1.0
0.9999994
1.0
0.97664684
0.99999964
0.99999964
0.99983585
1.0
0.9999758
0.99999714
0.99999976
0.9987344
0.9850604
0.9999777
0.9999993
0.6221269
1.0
1.0
1.0
1.0
1.0
0.99999535
1.0
0.9999988
0.99997723
0.9999999
1.0
0.9722898
1.0
0.9999999
0.9999988
0.9999993
0.99999964
0.99999976
0.9999374
1.0
0.9338327
1.0
1.0
0.99999094
0.99997425
0.9999703
0.9999994
1.0
1.0
1.0
1.0
0.99761885
0.9999994
0.9999989
0.99999833
0.99978095
0.5344894
1.0
1.0
1.0
0.9999999
0.9999993
1.0
0.99999976
1.0
0.99993837
1.0
0.6581848
0.9999999
0.9983291
1.0
0.9995689
1.0
1.0
1.0
0.9999999
1.0
1.0
0.99999964
0.9999957
0.9999989
1.0
1.0
0.9956879
0.99999976
0.9992291
1.0
1.0
0.99999857
1.0
0.999979
1.0
1.0
0.99999964
1.0
0.9922436
1.0
0.98752916
0.9999999
0.9999912
0.9902091
0.99999976
1.0
1.0
1.0
1.0
1.0
0.9999449
1.0
0.9999993
0.9651329
1.0
1.0
1.0
0.99999976
1.0
1.0
1.0
1.0
1.0
0.99904484
1.0
0.99999964
0.99999976
1.0
0.999985
1.0
0.99831945
0.99999976
0.9999914
1.0
1.0
1.0
1.0
1.0
0.9999838
1.0
0.99999845
1.0
0.58523697
0.9999995
0.9999981
0.83222973
1.0
0.9999995
0.9999968
0.99999976
0.9999999
0.99990284
1.0
0.99999976
0.99995136
1.0
0.9999908
1.0
1.0
0.9999995
1.0
0.9999143
1.0
0.99999535
1.0
1.0
1.0
1.0
0.99998665
1.0
0.99996245
0.99999976
0.9999999
0.99999917
1.0
1.0
0.99999964
0.9999957
1.0
0.99999976
1.0
0.9999999
1.0
1.0
1.0
0.9939546
0.99999917
0.99999976
1.0
0.99999964
0.9999975
1.0
0.99999917
1.0
0.9999244
1.0
1.0
1.0
0.5013577
1.0
1.0
0.99999964
1.0
1.0
1.0
1.0
1.0
1.0
0.9999999
0.9999999
0.9999999
1.0
1.0
1.0
1.0
0.9999976
0.9999783
0.99999905
0.99945587
1.0
1.0
1.0
1.0
0.99999976
1.0
1.0
1.0
0.9999999
0.9999993
0.9999988
0.9999863
0.9998273
0.99999464
0.8887381
0.99998975
0.99243414
1.0
1.0
0.9998173
1.0
1.0
1.0
0.999995
0.9834926
0.9999994
1.0
1.0
1.0
1.0
1.0
1.0
1.0
1.0
1.0
0.99998176
1.0
1.0
1.0
1.0
0.99999917
0.9559064
0.99987376
0.9999995
0.9999993
1.0
1.0
0.99999976
1.0
0.9993105
0.99999976
0.9999995
1.0
1.0
0.99999964
1.0
0.9999981
0.9999826
0.99885225
0.9999987
0.99999976
0.9999993
0.99999785
0.9999999
0.9999999
0.9999999
0.99999976
0.9999963
0.9993274
0.99999976
0.9999479
1.0
1.0
0.9999901
0.99999833
0.9999999
1.0
1.0
0.99999857
1.0
0.97427994
1.0
0.99999964
0.9999999
1.0
0.9999975
0.99999976
1.0
0.99964166
0.9999999
0.9955245
0.9999825
0.9999988
1.0
1.0
0.99999654
1.0
0.9999999
1.0
1.0
0.95155036
0.9999994
0.9999188
0.9999379
0.99997675
1.0
1.0
1.0
1.0
1.0
0.9999912
1.0
1.0
0.9999999
1.0
1.0
1.0
0.99999905
1.0
1.0
0.9999924
1.0
1.0
0.9999982
0.99999976
0.9995865
0.98612285
1.0
1.0
0.99999917
1.0
1.0
0.9999901
0.99999726
0.9999938
1.0
0.9967943
1.0
0.99863464
1.0
1.0
0.9999995
1.0
1.0
0.99998486
1.0
1.0
0.99997234
0.86285436
1.0
0.9999989
0.8339096
1.0
0.9999993
1.0
1.0
1.0
0.9999999
1.0
0.9999995
1.0
0.99998283
1.0
0.9999938
0.99999964
1.0
0.99992967
1.0
0.9999999
1.0
1.0
1.0
0.99999535
0.9999949
1.0
0.99998295
1.0
1.0
1.0
1.0
0.99997866
1.0
1.0
0.9999994
0.9999429
1.0
0.99999976
1.0
1.0
0.9997862
0.9983204
1.0
1.0
0.99999845
1.0
0.9999999
0.99999547
0.99997354
0.99991703
0.99898916
1.0
1.0
0.9999999
1.0
0.9999814
1.0
1.0
0.99999845
1.0
0.9999999
0.99999976
1.0
0.99998784
0.99873525
0.9999999
0.9999949
0.9999999
1.0
1.0
0.9999833
0.99999905
0.9993795
0.9999999
1.0
0.99999917
0.9999994
1.0
0.99914575
1.0
0.99989283
1.0
0.99999774
0.999992
1.0
1.0
1.0
0.9981193
1.0
0.9999993
1.0
0.99999976
1.0
1.0
0.9999982
0.9999647
0.9999995
1.0
0.99998236
1.0
0.91762584
0.99999344
0.99999344
0.9999999
0.99994504
1.0
0.99999607
0.9999993
0.99999976
0.999977
1.0
1.0
1.0
1.0
0.9999999
1.0
0.999918
0.9998791
0.9999994
0.99999976
0.999951
0.9999999
0.9999993
0.99820364
1.0
0.88755244
1.0
0.99999976
1.0
0.7747046
1.0
0.99999607
0.9999999
1.0
1.0
0.9997845
0.999569
0.99999905
1.0
0.9999999
0.99999225
0.9999999
1.0
1.0
1.0
0.99999833
1.0
0.9999995
0.99985886
1.0
1.0
1.0
0.99999785
1.0
1.0
1.0
1.0
1.0
1.0
1.0
1.0
0.9999999
0.9541276
0.99999666
1.0
1.0
1.0
0.9999999
0.9999529
0.9999988
1.0
1.0
0.9195864
0.9999999
1.0
1.0
1.0
1.0
0.99999976
0.99632853
0.95241475
1.0
1.0
0.99956304
0.99999917
0.99999917
1.0
0.9999987
0.9999999
0.982366
0.999992
1.0
0.9999995
0.99979
1.0
0.99843556
0.99999976
0.9999987
1.0
1.0
1.0
0.99999475
1.0
1.0
0.9999995
0.99999654
1.0
0.9999999
0.99677014
0.9999999
1.0
0.9999342
1.0
0.90855193
0.9999999
0.9999995
1.0
0.99999297
0.9999995
0.9999968
1.0
0.99945253
0.9999999
0.9999838
0.9996018
0.9999995
0.9999976
1.0
0.9999999
1.0
0.99986136
1.0
0.99996674
1.0
1.0
0.9999994
1.0
0.9995623
0.9999876
0.9996741
1.0
0.9999958
0.9999999
0.9999999
1.0
0.99999976
1.0
0.99999225
0.9999999
0.99999475
1.0
0.99999964
1.0
0.9999845
0.99999905
0.9999974
1.0
1.0
1.0
1.0
1.0
1.0
0.99999774
1.0
1.0
0.99999833
1.0
0.9999999
0.9748034
1.0
1.0
1.0
1.0
0.9999883
0.99883956
1.0
1.0
1.0
1.0
0.99999976
1.0
0.99994946
1.0
0.9957075
0.9820998
0.9999999
1.0
0.99994373
1.0
0.9999999
1.0
0.99999964
0.99999845
0.9927764
0.9999999
1.0
1.0
1.0
0.99989104
1.0
1.0
0.9999962
1.0
1.0
0.99376655
1.0
0.9656348
0.9999989
0.9998611
1.0
0.9999994
0.99999964
0.9999995
1.0
0.9999994
0.99979407
1.0
0.9999912
1.0
0.99999976
0.9999999
1.0
0.9999999
0.99999976
0.99643904
0.9999974
1.0
0.9994925
1.0
0.9987225
1.0
1.0
0.99999475
1.0
1.0
1.0
1.0
0.9999995
1.0
1.0
1.0
1.0
1.0
0.99995434
0.9999988
0.99998796
0.99999785
0.9999999
0.99998915
0.9341486
1.0
0.99999654
1.0
0.9962733
1.0
0.99999976
0.9999987
0.99789715
0.9999976
0.999788
0.99999976
0.9999845
0.99999976
0.9997596
0.9999989
0.9999968
0.9999999
0.96702766
1.0
1.0
1.0
1.0
1.0
0.9998903
0.99999964
0.99986815
1.0
0.9999994
0.9955674
1.0
1.0
1.0
0.99999964
0.9999994
0.99999654
1.0
1.0
0.9999912
1.0
1.0
1.0
1.0
1.0
0.9999989
1.0
1.0
1.0
1.0
1.0
1.0
1.0
0.97359586
1.0
0.9999987
1.0
1.0
0.999998
0.99999654
0.99999964
1.0
0.99999976
0.9678637
0.9999944
0.99999213
1.0
0.9999981
1.0
1.0
0.9996026
1.0
1.0
0.6687267
0.9994918
1.0
0.99689543
0.99999976
1.0
1.0
0.99902594
0.99983096
0.9999999
0.9673275
1.0
0.9999968
1.0
0.9999943
1.0
0.9999865
0.9999982
1.0
0.9999999
1.0
1.0
0.9998965
0.9999999
0.9999833
0.9999987
1.0
1.0
1.0
1.0
1.0
0.9999572
1.0
0.99999905
1.0
1.0
1.0
0.9999267
1.0
0.9585044
1.0
0.9999987
1.0
0.99975425
1.0
1.0
0.9999902
1.0
1.0
1.0
0.99756217
0.9999982
1.0
0.9999995
0.99116486
0.99999964
1.0
0.9999994
0.9999969
0.9999999
1.0
0.9999987
1.0
0.99999547
0.9999933
1.0
0.99986327
1.0
0.99999976
0.9999392
0.99996173
0.99999857
0.99999726
0.9999907
0.56606865
0.9999999
1.0
0.9999995
0.983787
1.0
1.0
0.9978004
0.9997166
1.0
1.0
1.0
1.0
0.999998
0.9999778
1.0
1.0
0.9999999
0.9999987
1.0
1.0
0.9999993
0.99999976
0.99997973
1.0
0.9999999
0.9999995
0.99999404
1.0
1.0
0.97589934
1.0
0.9999999
0.99999046
1.0
0.9999999
0.9999999
1.0
1.0
0.9999994
1.0
1.0
1.0
0.99999964
0.81113845
1.0
0.99999833
0.9999999
0.9999782
0.9688566
1.0
1.0
0.99999976
1.0
1.0
0.99999917
1.0
1.0
1.0
0.9999982
1.0
1.0
0.9999981
1.0
0.9989543
1.0
1.0
1.0
0.9881875
0.99999845
1.0
0.9999999
0.99999905
0.9999999
1.0
0.9999999
0.9999999
1.0
1.0
1.0
0.99999964
1.0
1.0
1.0
0.99999094
0.99997544
0.9999987
0.99997854
0.99999964
0.99988997
1.0
0.99961734
0.9999987
1.0
0.9999994
1.0
1.0
1.0
0.999997
1.0
0.99991477
1.0
0.99999034
0.9999759
1.0
0.9999999
1.0
1.0
0.99999964
1.0
0.99955875
0.9999962
1.0
1.0
0.9999999
1.0
0.9999999
1.0
0.9999999
0.9988618
1.0
0.99997985
0.9999999
1.0
0.9999893
0.99997413
1.0
0.9999988
0.77938443
1.0
0.99999785
0.9999968
1.0
1.0
1.0
0.99999976
1.0
1.0
1.0
0.9999999
1.0
0.9999622
0.99999917
1.0
0.999984
1.0
0.9999999
1.0
0.99999917
0.99995875
0.99999976
1.0
0.99996114
0.9999976
1.0
1.0
0.9999999
1.0
0.99999046
0.99999964
0.9999808
1.0
0.9999999
1.0
0.9999999
0.99997246
0.9999999
0.9999677
0.9999249
0.9983146
1.0
1.0
0.9974377
0.9998417
0.9999999
0.99999905
1.0
1.0
1.0
1.0
0.9981881
1.0
1.0
1.0
0.9999839
1.0
1.0
1.0
0.9985285
0.9999975
0.9979013
1.0
0.99999106
0.99999964
1.0
0.9999999
0.9999999
1.0
1.0
1.0
1.0
0.99999857
1.0
1.0
1.0
1.0
1.0
0.9999999
1.0
1.0
1.0
1.0
0.978187
1.0
1.0
1.0
1.0
0.99999917
0.9999999
0.9999999
0.99999964
1.0
1.0
0.9999789
1.0
1.0
1.0
0.9999025
1.0
1.0
0.99999917
1.0
1.0
0.9999999
1.0
1.0
0.54937977
0.9998838
1.0
1.0
1.0
0.9999999
0.999998
0.99114347
0.9996271
0.99883026
1.0
1.0
0.9999902
1.0
1.0
1.0
0.989514
0.99999964
1.0
0.9998318
1.0
0.9999913
0.9999999
1.0
0.99999976
1.0
1.0
0.9999982
0.9999989
0.9999902
0.9486183
0.9980306
0.99999917
1.0
1.0
0.9999989
1.0
1.0
1.0
0.99999845
0.9999988
0.9999999
1.0
1.0
0.9999995
0.99999976
1.0
0.9999999
0.99999976
0.9999579
0.9999378
0.9999999
1.0
0.99961275
0.99988306
1.0
0.99999917
1.0
1.0
0.99999857
0.99999964
1.0
0.9999999
1.0
0.9999994
0.99999964
0.99999976
0.7952932
1.0
0.9996245
0.9999689
1.0
0.98900956
0.99963176
0.99999833
0.9999894
1.0
0.999972
1.0
0.8825849
0.9999957
0.9999502
1.0
0.99996114
1.0
1.0
0.9999933
0.99999964
1.0
0.99999976
0.99999964
0.9999995
0.9999999
0.9999995
1.0
0.99999833
1.0
1.0
1.0
1.0
0.9999951
1.0
0.99995863
0.99999976
0.9994431
1.0
0.9999999
1.0
0.9998956
1.0
1.0
0.9999887
1.0
1.0
0.9999167
1.0
1.0
0.9997862
1.0
1.0
1.0
1.0
0.9980876
0.9999999
1.0
1.0
1.0
0.9999999
0.9999999
1.0
1.0
0.9999993
0.9999013
1.0
1.0
0.99963796
0.9994398
1.0
1.0
1.0
1.0
1.0
1.0
0.9998215
0.9999455
0.9999473
0.9999999
0.9999999
0.9999999
0.96515334
1.0
1.0
0.99999964
1.0
1.0
1.0
0.99999964
0.9999988
1.0
0.9999329
0.99999154
0.99999964
0.9999999
0.9999933
0.99999297
0.99999976
1.0
1.0
0.9999988
0.99999917
0.9999999
0.9997633
0.9999988
1.0
1.0
0.9999994
1.0
0.9999913
0.9999651
1.0
1.0
1.0
0.9999218
0.96553516
1.0
1.0
0.9999174
1.0
0.9997514
1.0
0.9972283
1.0
1.0
0.99999905
0.9999995
1.0
1.0
1.0
1.0
0.99999774
1.0
1.0
0.99999785
1.0
1.0
1.0
1.0
1.0
0.99999714
1.0
1.0
1.0
1.0
1.0
1.0
0.9999999
1.0
1.0
1.0
0.9999999
1.0
1.0
0.9999981
1.0
1.0
1.0
1.0
1.0
0.9999994
1.0
1.0
1.0
1.0
0.99999106
1.0
1.0
1.0
1.0
1.0
0.99999225
1.0
0.9999981
1.0
1.0
0.99999595
1.0
1.0
1.0
1.0
1.0
1.0
0.9999999
1.0
0.9999999
1.0
0.9999926
1.0
1.0
1.0
1.0
0.9983551
0.99999213
1.0
1.0
1.0
1.0
1.0
0.9999883
1.0
1.0
0.9999999
0.9999999
1.0
1.0
1.0
1.0
0.99998677
1.0
1.0
0.9999999
1.0
1.0
1.0
1.0
0.9999999
1.0
1.0
0.9999999
1.0
1.0
0.99998343
1.0
0.99999905
0.99999917
1.0
1.0
1.0
1.0
0.9999999
0.99999774
1.0
1.0
1.0
0.9999999
1.0
1.0
1.0
0.999982
1.0
1.0
1.0
1.0
0.9999999
0.99999976
0.99999905
0.9999999
1.0
1.0
1.0
1.0
0.99870086
1.0
1.0
1.0
1.0
1.0
1.0
1.0
0.9999976
0.9999999
1.0
1.0
1.0
0.99921465
1.0
1.0
1.0
1.0
1.0
0.9999963
1.0
1.0
1.0
1.0
1.0
1.0
1.0
1.0
0.9999989
1.0
1.0
1.0
0.9819193
1.0
0.9999999
0.999984
1.0
0.9999999
0.99547285
1.0
0.9999894
1.0
1.0
1.0
0.99999976
0.9999999
0.9999999
0.9999999
0.99999976
0.9999716
0.99998534
1.0
1.0
0.9999994
1.0
1.0
0.9999999
1.0
1.0
1.0
1.0
1.0
1.0
0.9999999
1.0
1.0
0.9999999
0.9999827
1.0
1.0
1.0
1.0
0.99105644
0.99998856
0.99894553
1.0
0.9998926
1.0
0.9999999
1.0
0.99999726
1.0
1.0
0.9999995
1.0
1.0
0.99999845
1.0
1.0
1.0
0.9999995
0.9999993
0.9999974
0.9999958
0.9999771
1.0
1.0
1.0
1.0
1.0
1.0
0.98249024
1.0
1.0
1.0
1.0
0.9999999
0.9999993
0.9999999
1.0
1.0
1.0
0.9999995
1.0
1.0
0.99998236
0.99999595
0.9999931
1.0
0.7157156
0.99999905
1.0
1.0
0.99999774
0.99999964
1.0
1.0
1.0
0.99999917
1.0
1.0
1.0
1.0
0.9999999
0.99917233
0.9999993
1.0
1.0
0.99842155
1.0
1.0
0.99254495
0.9999964
0.9999999
1.0
1.0
1.0
1.0
1.0
1.0
1.0
0.99979204
1.0
1.0
1.0
1.0
1.0
1.0
1.0
1.0
1.0
0.99993217
1.0
1.0
1.0
1.0
1.0
1.0
1.0
1.0
1.0
0.99999976
1.0
1.0
1.0
1.0
1.0
1.0
1.0
1.0
1.0
1.0
1.0
1.0
0.9999999
1.0
1.0
1.0
0.9999999
1.0
0.99999976
1.0
1.0
1.0
1.0
1.0
1.0
1.0
1.0
1.0
1.0
1.0
1.0
1.0
0.9202158
1.0
1.0
1.0
0.9999987
1.0
1.0
1.0
1.0
1.0
1.0
1.0
0.9999995
1.0
0.9999999
1.0
1.0
1.0
1.0
1.0
1.0
1.0
1.0
1.0
1.0
1.0
1.0
1.0
1.0
0.9999993
1.0
1.0
1.0
1.0
1.0
1.0
1.0
1.0
1.0
1.0
0.9999994
0.9999999
1.0
1.0
0.99999976
1.0
1.0
1.0
0.9999999
1.0
1.0
1.0
1.0
1.0
1.0
1.0
1.0
1.0
1.0
1.0
1.0
1.0
1.0
0.99999917
1.0
1.0
0.9999993
1.0
1.0
1.0
1.0
1.0
1.0
1.0
0.9999999
0.9999995
0.99998677
1.0
0.99999845
1.0
1.0
1.0
1.0
1.0
1.0
0.999992
0.99999905
1.0
1.0
1.0
0.99999905
1.0
1.0
0.99999523
1.0
1.0
0.9999999
1.0
1.0
1.0
1.0
1.0
1.0
1.0
1.0
1.0
0.9999999
1.0
1.0
1.0
1.0
1.0
1.0
1.0
1.0
1.0
0.9999993
1.0
0.99956506
0.9998776
1.0
1.0
1.0
1.0
1.0
0.99999976
0.99516416
1.0
1.0
1.0
1.0
1.0
1.0
1.0
1.0
1.0
1.0
1.0
0.99999976
0.9999994
0.9999999
1.0
1.0
1.0
1.0
1.0
1.0
1.0
1.0
1.0
1.0
1.0
0.99999976
1.0
1.0
1.0
1.0
1.0
1.0
1.0
0.99999976
1.0
1.0
1.0
1.0
1.0
1.0
1.0
0.9999994
1.0
1.0
0.99999976
1.0
0.99999976
1.0
1.0
1.0
1.0
1.0
0.99999976
1.0
0.99999964
1.0
1.0
1.0
1.0
1.0
1.0
0.9999931
1.0
1.0
0.9999397
0.9999995
1.0
0.9999987
0.99999964
0.9999943
1.0
1.0
1.0
1.0
0.9999994
0.99999976
1.0
1.0
0.99999726
0.99999535
1.0
0.9999994
1.0
1.0
1.0
1.0
1.0
1.0
0.9999958
0.99993885
1.0
1.0
1.0
1.0
1.0
1.0
1.0
1.0
0.9999994
1.0
1.0
0.99999976
0.9999999
0.99999845
0.9999995
1.0
0.9999156
0.9999999
1.0
1.0
1.0
0.99994135
1.0
1.0
1.0
0.9999944
1.0
1.0
1.0
0.9999999
0.99999976
1.0
0.99999607
1.0
0.9999995
0.99999726
1.0
1.0
0.9985056
1.0
0.9999999
1.0
1.0
1.0
1.0
1.0
0.9999931
1.0
1.0
0.9999989
1.0
1.0
0.9994729
0.9999988
1.0
0.9999995
1.0
0.9999999
1.0
0.99999285
0.9999999
1.0
0.9999995
1.0
0.9999999
0.9999933
0.9999994
1.0
1.0
0.999972
1.0
0.9999969
0.99989605
1.0
1.0
0.9994854
1.0
1.0
0.9999893
0.9999999
1.0
1.0
0.99999845
0.9999839
1.0
1.0
0.95436287
1.0
0.99999535
0.99999845
0.99999964
0.9999318
0.9999993
0.99998415
0.9995396
0.99999917
1.0
1.0
1.0
0.99960345
0.9999993
0.99982685
1.0
1.0
1.0
1.0
0.9755652
0.99983716
1.0
0.9999999
1.0
1.0
1.0
1.0
0.9999999
0.9999993
0.999995
1.0
1.0
0.99999964
1.0
1.0
0.99999905
1.0
1.0
1.0
1.0
0.9999999
0.98524636
0.9999223
0.9999739
1.0
1.0
1.0
1.0
0.99999297
1.0
1.0
1.0
1.0
0.99989533
1.0
1.0
0.9999217
1.0
1.0
1.0
1.0
0.99997294
1.0
0.99999976
1.0
1.0
1.0
1.0
0.999985
0.9999995
1.0
1.0
1.0
0.99998903
0.99953425
1.0
1.0
1.0
1.0
0.9999033
1.0
1.0
0.9999969
1.0
0.99999917
0.9980033
1.0
1.0
1.0
1.0
1.0
0.9999869
0.9999989
0.99999464
1.0
1.0
0.99999726
0.99999785
1.0
0.9764348
0.99813324
0.89923507
1.0
1.0
1.0
0.9999988
1.0
0.99998987
0.9999752
1.0
0.9999348
1.0
1.0
1.0
0.9697383
1.0
1.0
0.99896455
0.9999999
0.9999989
1.0
0.99999964
0.9999995
1.0
0.9999999
1.0
1.0
1.0
1.0
1.0
1.0
1.0
1.0
0.99999976
0.99997795
0.99999523
1.0
0.9999999
0.99998105
0.99999964
1.0
1.0
1.0
0.9999974
1.0
1.0
1.0
1.0
1.0
0.99999905
1.0
1.0
0.99999976
1.0
1.0
1.0
1.0
1.0
1.0
1.0
1.0
1.0
1.0
1.0
1.0
0.99999976
0.9992557
0.9999453
1.0
1.0
1.0
0.9999988
0.99988973
0.9999999
1.0
1.0
1.0
1.0
1.0
0.9999994
1.0
1.0
1.0
1.0
0.99999976
1.0
0.9999993
1.0
0.9999999
0.9999994
1.0
0.99999964
0.99963105
0.9998579
1.0
1.0
1.0
1.0
0.99998903
1.0
0.9998005
1.0
1.0
1.0
1.0
1.0
0.9999974
1.0
1.0
1.0
0.9999989
1.0
1.0
1.0
1.0
1.0
1.0
0.99999976
1.0
1.0
1.0
1.0
1.0
1.0
1.0
1.0
0.9999995
1.0
1.0
1.0
1.0
0.9999999
1.0
1.0
1.0
1.0
0.9999999
1.0
1.0
0.9999994
1.0
1.0
0.86349046
0.9999999
1.0
0.9999999
1.0
1.0
1.0
1.0
0.999961
1.0
0.9854854
0.99926716
0.99999976
0.9999559
0.99999714
1.0
0.99999964
0.9999999
0.9999999
1.0
0.99999917
1.0
0.9999999
1.0
1.0
1.0
0.99997807
1.0
1.0
0.99995077
1.0
1.0
1.0
1.0
1.0
0.99893945
1.0
0.99999905
1.0
0.9999949
1.0
1.0
1.0
1.0
0.99999905
0.99999785
1.0
0.9999974
1.0
0.99998164
1.0
1.0
1.0
1.0
1.0
1.0
1.0
0.9999856
0.9999893
0.9932191
0.9960175
0.9999995
0.9996074
1.0
1.0
1.0
1.0
1.0
1.0
1.0
1.0
1.0
0.99991524
0.9999964
0.99999917
1.0
0.99999976
1.0
0.79639345
1.0
1.0
1.0
0.99910456
1.0
0.9999753
1.0
0.9999831
1.0
0.9999995
1.0
1.0
1.0
1.0
0.99999976
0.99999976
0.99998367
0.9999385
1.0
0.99999166
1.0
0.99999976
0.9999993
1.0
0.9999999
0.9992397
0.99616027
0.9999962
0.99999964
0.99999964
0.9999999
0.9999237
0.9999975
0.9999999
1.0
0.9999994
0.9999901
1.0
1.0
1.0
0.99999666
0.9952443
0.9998499
0.99999523
0.99982774
0.99999964
1.0
1.0
0.99997497
0.99999535
0.99972135
0.9999937
0.99999785
0.99998236
0.9999995
0.9998833
0.9999999
1.0
1.0
1.0
1.0
1.0
1.0
0.9999999
0.9999286
1.0
0.9999974
0.9984983
0.99999976
0.9999999
0.99834585
0.99999976
0.9999925
0.9999994
1.0
0.9999976
1.0
1.0
1.0
0.99908364
1.0
0.99999297
0.99999654
1.0
1.0
1.0
0.999997
1.0
1.0
0.9999924
1.0
1.0
0.9999622
0.9999969
0.9999776
1.0
1.0
1.0
0.99999595
1.0
0.99999976
1.0
0.99999964
0.99967515
1.0
1.0
1.0
0.99999964
1.0
0.9995728
1.0
1.0
1.0
1.0
0.99999976
0.9994054
0.99999917
0.9999989
1.0
0.99999976
1.0
1.0
1.0
0.99999976
0.99999833
0.95834976
1.0
0.9999999
1.0
1.0
1.0
1.0
1.0
1.0
0.9999999
0.99601644
1.0
0.99999654
1.0
1.0
1.0
1.0
1.0
1.0
1.0
0.9999168
1.0
1.0
1.0
1.0
1.0
0.9999999
1.0
1.0
1.0
1.0
0.9901751
1.0
1.0
0.99999917
1.0
1.0
1.0
1.0
1.0
0.9999993
1.0
1.0
0.99999976
1.0
0.9999999
1.0
1.0
1.0
1.0
1.0
1.0
1.0
1.0
1.0
1.0
1.0
1.0
1.0
1.0
1.0
1.0
1.0
1.0
1.0
1.0
0.99999964
1.0
0.9999999
1.0
0.9999999
1.0
1.0
1.0
1.0
1.0
0.99908495
1.0
1.0
1.0
0.9999962
1.0
1.0
1.0
1.0
0.9109787
1.0
0.9999207
1.0
0.9999988
1.0
0.9925896
0.9369613
0.9999994
1.0
1.0
1.0
1.0
1.0
1.0
1.0
1.0
1.0
1.0
1.0
1.0
1.0
1.0
1.0
1.0
1.0
1.0
1.0
1.0
1.0
1.0
1.0
1.0
1.0
0.99999976
1.0
1.0
1.0
1.0
1.0
1.0
1.0
1.0
1.0
1.0
1.0
1.0
1.0
1.0
1.0
1.0
1.0
1.0
1.0
1.0
1.0
1.0
1.0
1.0
1.0
1.0
1.0
0.9999999
1.0
0.99999976
1.0
1.0
1.0
1.0
1.0
1.0
1.0
1.0
1.0
1.0
1.0
0.9999995
0.99998116
1.0
1.0
1.0
1.0
1.0
1.0
0.9999999
1.0
1.0
1.0
1.0
1.0
1.0
1.0
1.0
1.0
1.0
1.0
1.0
1.0
1.0
1.0
0.99999976
1.0
1.0
1.0
1.0
1.0
1.0
1.0
1.0
1.0
1.0
1.0
1.0
1.0
1.0
1.0
1.0
1.0
0.9999999
1.0
1.0
1.0
1.0
1.0
1.0
1.0
1.0
1.0
0.9999999
1.0
1.0
1.0
1.0
1.0
1.0
1.0
1.0
0.9999999
1.0
0.99999976
0.99999964
1.0
0.99999964
1.0
1.0
1.0
1.0
1.0
1.0
1.0
0.9999999
0.9999999
1.0
1.0
1.0
1.0
1.0
1.0
1.0
1.0
1.0
1.0
1.0
1.0
1.0
1.0
1.0
1.0
0.9999999
0.9999999
1.0
1.0
0.9999976
0.9999999
1.0
1.0
1.0
1.0
1.0
1.0
0.9999999
0.99999547
1.0
1.0
1.0
1.0
1.0
1.0
1.0
1.0
0.999998
1.0
1.0
1.0
1.0
1.0
1.0
0.9999999
0.9999999
1.0
0.99999917
1.0
1.0
1.0
1.0
1.0
1.0
1.0
1.0
1.0
0.99999774
0.99999726
1.0
0.9999999
0.9999999
1.0
1.0
1.0
1.0
1.0
1.0
1.0
0.9999999
1.0
1.0
1.0
0.9999981
0.9999976
1.0
1.0
1.0
1.0
0.9999976
1.0
0.99987674
0.99999666
0.9999987
1.0
1.0
1.0
1.0
0.9999999
0.99999666
0.99999714
0.99999917
0.9999702
1.0
1.0
1.0
1.0
1.0
1.0
0.99980336
1.0
0.9999995
1.0
0.99999964
1.0
1.0
1.0
0.99900925
1.0
0.9999809
1.0
1.0
1.0
1.0
1.0
1.0
1.0
1.0
1.0
1.0
1.0
1.0
0.999992
1.0
0.99999857
0.9999999
1.0
0.9999999
1.0
1.0
1.0
1.0
0.9999999
0.999998
0.9999999
1.0
0.9999999
1.0
1.0
0.9999995
1.0
1.0
1.0
1.0
1.0
1.0
1.0
1.0
1.0
1.0
1.0
1.0
0.9993698
1.0
1.0
1.0
1.0
1.0
0.99999976
1.0
1.0
0.9999937
0.9999999
1.0
1.0
1.0
1.0
1.0
1.0
1.0
1.0
1.0
1.0
1.0
1.0
1.0
0.9999397
0.9999999
1.0
1.0
1.0
1.0
1.0
1.0
0.9999995
1.0
0.7240415
0.9999999
1.0
1.0
1.0
1.0
1.0
0.999997
1.0
1.0
1.0
1.0
0.9999918
1.0
1.0
1.0
1.0
1.0
0.9999995
0.9999999
1.0
0.9999995
1.0
0.99999714
0.9999999
0.99999976
1.0
0.99788
1.0
0.9999999
1.0
0.9999974
0.9999987
0.9898351
0.9999089
0.999997
1.0
0.99999964
0.9999372
0.9999949
1.0
0.99999034
1.0
0.99999905
0.9999676
1.0
1.0
0.999998
0.9983387
0.99755245
0.9462354
0.99999976
0.9981483
0.78645986
0.9993268
0.925849
0.93577397
0.99999976
1.0
0.99999976
0.9999939
1.0
0.99999475
0.99972075
0.9991216
0.99996006
0.7446478
0.8931419
0.9999207
0.9879843
0.9999579
0.51894027
0.9999777
0.775137
0.9999856
0.9999893
1.0
1.0
1.0
0.9999993
1.0
0.9999993
1.0
0.99999964
0.9999999
0.99999917
0.9999993
0.9996822
0.9999999
1.0
1.0
0.99963236
0.43397975
0.8707395
0.97347337
0.99999535
1.0
0.9999665
0.9991229
1.0
0.9793584
0.99999976
1.0
0.9939871
0.9999949
0.9999949
1.0
1.0
0.9998932
0.99965656
0.99943763
1.0
0.9548183
0.99965394
0.9999989
1.0
0.99995136
0.9996953
0.9999862
0.99999607
0.65427756
0.99999917
0.9999957
0.99999917
0.99999964
1.0
0.9920123
0.99823123
1.0
1.0
1.0
0.9999981
0.99999404
1.0
1.0
1.0
1.0
0.9999994
0.9999999
1.0
0.9999945
1.0
1.0
1.0
1.0
0.9999925
0.8993419
0.9999999
1.0
1.0
1.0
0.9999995
1.0
0.99999976
1.0
1.0
0.9999932
0.99999857
1.0
1.0
1.0
0.9999999
0.9999999
1.0
1.0
0.9999999
1.0
0.99999917
0.99999976
1.0
1.0
1.0
0.99999976
1.0
1.0
0.9999999
0.9999988
1.0
0.9999999
1.0
1.0
1.0
1.0
0.9999865
1.0
1.0
0.9999963
0.9999927
1.0
0.99999464
0.99999905
1.0
1.0
1.0
1.0
0.9999999
1.0
1.0
1.0
1.0
1.0
0.99998116
1.0
1.0
1.0
0.99998224
1.0
1.0
1.0
1.0
1.0
1.0
1.0
0.9999691
1.0
1.0
0.9990596
0.99999654
1.0
0.9999999
0.9999993
1.0
1.0
1.0
1.0
0.99999785
0.99999833
0.99995685
1.0
1.0
1.0
1.0
1.0
1.0
1.0
0.8692822
0.99998045
1.0
1.0
0.99926
0.99999976
1.0
0.99987864
1.0
0.99999833
1.0
0.9999999
1.0
1.0
0.9999999
0.999851
0.9979342
1.0
1.0
1.0
1.0
1.0
0.99999976
1.0
1.0
0.9999999
1.0
1.0
0.9999845
0.9999964
1.0
1.0
1.0
1.0
1.0
1.0
1.0
1.0
1.0
1.0
0.9999988
1.0
0.99999964
0.81005365
0.999992
0.9999895
1.0
0.99999905
1.0
1.0
1.0
0.9999949
1.0
0.9999988
1.0
1.0
0.9999907
1.0
1.0
1.0
0.9999999
0.9999994
1.0
1.0
1.0
0.9999995
0.99999774
0.99999106
1.0
0.99999964
1.0
0.9999682
0.99999976
0.99999964
1.0
1.0
1.0
0.9996618
1.0
1.0
1.0
0.99999976
1.0
1.0
1.0
1.0
1.0
0.9999956
1.0
1.0
1.0
1.0
0.99999976
1.0
1.0
1.0
1.0
1.0
1.0
0.9999987
0.9999999
0.99999964
1.0
1.0
1.0
0.99999845
1.0
0.9922579
1.0
1.0
1.0
1.0
0.9999875
1.0
1.0
1.0
1.0
1.0
0.9999999
1.0
1.0
1.0
1.0
1.0
1.0
1.0
1.0
0.99999976
1.0
1.0
1.0
1.0
0.9999999
1.0
1.0
1.0
1.0
1.0
0.9999963
1.0
0.9999999
1.0
1.0
0.999648
0.9999999
0.9999999
0.9999957
0.99999976
1.0
1.0
1.0
0.9999938
1.0
0.9999999
0.9999957
0.99913377
1.0
0.9999944
1.0
0.99999833
1.0
1.0
0.999998
1.0
1.0
0.99999976
0.999969
1.0
1.0
0.9999995
0.9999422
1.0
0.99999833
1.0
0.9999943
1.0
0.99999976
1.0
0.99999976
0.9999907
1.0
1.0
0.99999976
0.9999999
1.0
0.99999964
0.99998903
1.0
1.0
1.0
1.0
1.0
1.0
1.0
1.0
1.0
1.0
1.0
1.0
1.0
0.9999939
1.0
1.0
0.9999999
0.9999999
0.9999716
1.0
1.0
1.0
1.0
0.9999994
1.0
1.0
1.0
0.99996364
1.0
1.0
1.0
1.0
1.0
1.0
1.0
0.9999987
1.0
1.0
1.0
1.0
0.9999999
1.0
1.0
1.0
0.99999857
1.0
1.0
1.0
1.0
1.0
1.0
1.0
1.0
1.0
0.99999785
1.0
0.99999976
1.0
1.0
0.99999964
1.0
1.0
1.0
1.0
1.0
1.0
1.0
1.0
1.0
1.0
0.9999999
0.99996865
1.0
1.0
1.0
1.0
1.0
1.0
1.0
1.0
1.0
0.9999994
0.9999999
1.0
1.0
1.0
1.0
1.0
1.0
1.0
1.0
1.0
1.0
1.0
0.9999999
1.0
0.9999999
1.0
0.99999976
1.0
1.0
0.9999956
1.0
0.99994767
0.99999166
0.99999976
1.0
1.0
0.99999857
1.0
1.0
1.0
1.0
1.0
1.0
1.0
0.9999988
1.0
1.0
1.0
0.9999999
1.0
0.9957088
1.0
1.0
1.0
1.0
0.9997713
1.0
1.0
1.0
1.0
1.0
1.0
0.99999976
1.0
1.0
0.99999154
1.0
1.0
1.0
1.0
0.99999964
1.0
0.99999917
1.0
1.0
0.9999995
1.0
1.0
1.0
1.0
0.9999989
1.0
0.99999654
1.0
0.9999999
0.99999964
1.0
1.0
1.0
1.0
0.9999807
0.99999976
1.0
1.0
0.9999976
0.99999475
0.99996495
1.0
1.0
0.99999905
1.0
0.99999166
1.0
1.0
1.0
1.0
1.0
1.0
0.9999957
0.9999999
1.0
1.0
1.0
1.0
1.0
1.0
0.9999815
1.0
1.0
1.0
1.0
1.0
0.999913
1.0
1.0
1.0
1.0
1.0
1.0
0.99999774
1.0
1.0
1.0
0.99999833
1.0
1.0
0.999977
0.99999964
1.0
0.9999999
1.0
1.0
1.0
1.0
1.0
0.9999999
1.0
1.0
1.0
0.99999094
1.0
1.0
1.0
1.0
1.0
0.9989606
1.0
0.9999995
1.0
0.9999999
1.0
1.0
1.0
0.99999976
1.0
1.0
1.0
1.0
1.0
1.0
1.0
1.0
1.0
1.0
1.0
0.9999995
1.0
1.0
0.99999666
1.0
0.99992037
1.0
1.0
0.9999981
1.0
1.0
1.0
1.0
1.0
1.0
1.0
1.0
0.9999999
0.9999999
1.0
1.0
0.99999905
0.9999999
1.0
0.9919442
1.0
0.9999999
1.0
1.0
1.0
0.99998224
0.9999994
1.0
1.0
0.9991968
0.9999989
0.99999046
0.9999999
0.9917868
1.0
1.0
1.0
0.99526525
0.99999976
1.0
0.99999845
0.9999963
1.0
1.0
0.9999994
0.9999999
1.0
0.9999995
1.0
0.9999999
0.9999956
1.0
0.9999999
0.9999988
0.9999094
1.0
0.99065137
1.0
0.999998
0.99999964
1.0
0.99986017
0.9999933
1.0
0.9999999
1.0
0.999998
1.0
0.99999964
0.9999999
0.9997247
1.0
1.0
1.0
0.9999999
1.0
1.0
1.0
1.0
0.99999857
0.9995314
0.9999993
1.0
0.99999976
1.0
1.0
0.9999969
0.9999999
0.99999774
0.9998878
1.0
1.0
0.99999905
1.0
1.0
1.0
1.0
0.99999976
1.0
0.99999726
1.0
1.0
1.0
1.0
1.0
1.0
1.0
1.0
0.9999999
0.99999785
1.0
1.0
0.99999464
1.0
1.0
0.99999964
1.0
1.0
1.0
1.0
1.0
0.99999964
1.0
1.0
1.0
0.999998
1.0
1.0
0.9999999
1.0
0.9999558
1.0
1.0
1.0
1.0
1.0
1.0
1.0
1.0
1.0
1.0
1.0
1.0
1.0
1.0
1.0
1.0
1.0
1.0
1.0
1.0
1.0
1.0
1.0
1.0
0.9999968
1.0
1.0
1.0
0.9999995
1.0
1.0
1.0
1.0
1.0
1.0
1.0
1.0
0.9999999
0.9999999
0.9999937
1.0
1.0
0.99999976
1.0
0.9999027
1.0
0.99999964
1.0
1.0
1.0
1.0
1.0
1.0
1.0
1.0
1.0
1.0
1.0
1.0
1.0
0.9999993
1.0
1.0
1.0
1.0
0.99997616
1.0
1.0
1.0
0.9999999
0.9999999
1.0
1.0
1.0
0.9999975
1.0
0.9999999
1.0
1.0
1.0
0.9999931
1.0
1.0
1.0
0.99999976
1.0
1.0
1.0
1.0
1.0
0.9999999
0.99999905
1.0
0.9999987
0.99999845
0.9999999
1.0
1.0
1.0
1.0
0.99999976
1.0
1.0
0.99999547
1.0
0.99999964
0.9999956
1.0
1.0
0.9999963
1.0
1.0
0.99999976
0.99999905
1.0
0.9999999
1.0
0.99999726
1.0
1.0
0.9999982
0.9999995
0.9998926
1.0
0.9962978
1.0
1.0
0.99999726
0.99999964
0.99999666
1.0
0.999964
1.0
0.99999917
1.0
0.9999989
0.9999993
0.9999709
1.0
1.0
1.0
0.99818146
1.0
1.0
1.0
0.9999999
0.99999976
0.9999994
1.0
0.9999999
1.0
0.9998124
0.9999999
0.9999995
1.0
0.9999999
1.0
1.0
0.9999987
1.0
1.0
0.99999976
0.99988604
0.99998903
1.0
1.0
0.9999862
0.99999917
1.0
1.0
1.0
1.0
1.0
0.99998975
1.0
1.0
1.0
0.99999976
1.0
1.0
0.9999957
0.999987
0.9999945
0.99999964
1.0
1.0
0.9999989
1.0
0.99984324
1.0
1.0
1.0
1.0
0.9999739
0.9999963
0.99999714
1.0
1.0
1.0
1.0
1.0
0.9999924
1.0
1.0
0.99997306
0.9999999
1.0
1.0
1.0
1.0
1.0
1.0
1.0
0.9999989
0.99999976
1.0
1.0
1.0
1.0
1.0
1.0
1.0
1.0
0.99999964
0.99999976
1.0
1.0
1.0
0.9999982
0.9999987
1.0
1.0
1.0
1.0
1.0
0.9999956
1.0
1.0
1.0
1.0
1.0
1.0
0.99999547
1.0
1.0
0.99999976
0.99999976
1.0
1.0
1.0
1.0
1.0
1.0
1.0
1.0
0.9999963
1.0
1.0
1.0
0.9999925
1.0
0.99999976
0.9999999
0.999998
0.99891305
1.0
1.0
1.0
1.0
1.0
0.99998975
1.0
0.9999999
1.0
0.9999999
1.0
0.9999826
1.0
1.0
1.0
1.0
1.0
0.9999993
1.0
0.99999905
1.0
1.0
1.0
1.0
1.0
1.0
1.0
1.0
1.0
1.0
0.99999785
0.99992096
1.0
1.0
1.0
0.99999976
1.0
0.9999999
0.9999999
1.0
1.0
0.9999995
1.0
1.0
0.9999982
1.0
1.0
1.0
1.0
1.0
1.0
1.0
0.99999976
1.0
1.0
1.0
0.99999964
1.0
1.0
0.9999975
1.0
0.9999981
0.9999894
0.9999927
0.9999987
0.99999976
0.9999968
1.0
1.0
0.9999989
0.9999999
1.0
1.0
1.0
0.9999964
0.9999999
0.9999887
0.99999976
1.0
1.0
1.0
0.9999982
0.9999913
1.0
1.0
1.0
1.0
1.0
1.0
1.0
1.0
1.0
1.0
1.0
0.99999976
1.0
0.99999547
0.99991155
0.99999833
1.0
1.0
0.99999714
1.0
1.0
0.99999607
0.9999987
1.0
1.0
1.0
1.0
1.0
1.0
1.0
1.0
0.9999758
1.0
1.0
0.99997854
1.0
1.0
0.99999976
1.0
0.9999988
0.9999989
1.0
0.9999999
1.0
1.0
1.0
1.0
1.0
1.0
1.0
0.9999999
1.0
1.0
1.0
1.0
1.0
1.0
1.0
1.0
1.0
1.0
1.0
0.9999343
1.0
1.0
1.0
0.99999976
1.0
1.0
1.0
1.0
0.99999917
1.0
1.0
0.99998474
0.99999964
1.0
0.99960786
0.99997544
1.0
1.0
1.0
1.0
1.0
1.0
0.99999976
1.0
1.0
0.9999993
1.0
1.0
0.99999976
1.0
1.0
1.0
1.0
1.0
1.0
1.0
1.0
1.0
1.0
1.0
1.0
1.0
1.0
1.0
1.0
0.9999999
1.0
1.0
1.0
1.0
1.0
0.9999995
1.0
1.0
1.0
1.0
1.0
1.0
1.0
1.0
0.999997
1.0
0.9999995
1.0
1.0
0.9999957
1.0
1.0
1.0
1.0
1.0
1.0
1.0
1.0
1.0
1.0
0.99999833
1.0
0.9999993
0.9999976
1.0
0.9999999
1.0
1.0
1.0
1.0
1.0
1.0
0.9999999
1.0
1.0
0.9999535
0.99942756
1.0
1.0
1.0
1.0
1.0
1.0
0.99999976
0.99997437
1.0
0.9999993
1.0
1.0
0.9999982
1.0
0.9999999
1.0
1.0
1.0
1.0
1.0
1.0
1.0
1.0
0.99999857
1.0
0.99998665
1.0
0.9999988
0.99853003
1.0
1.0
0.99989057
1.0
0.9999974
1.0
0.48420033
0.9999999
0.9996984
1.0
0.9999937
1.0
1.0
0.99996674
0.99999714
0.9999995
0.9999939
0.9998078
1.0
1.0
1.0
1.0
1.0
1.0
1.0
1.0
1.0
0.99999964
1.0
1.0
1.0
0.99999976
1.0
0.99999976
1.0
1.0
1.0
1.0
1.0
1.0
1.0
1.0
1.0
0.99998367
1.0
1.0
1.0
1.0
1.0
1.0
1.0
1.0
1.0
1.0
1.0
0.9999999
0.9999404
0.9999999
1.0
0.99372864
0.99999917
1.0
1.0
1.0
1.0
1.0
1.0
1.0
1.0
0.99999845
1.0
0.99999976
0.99980813
0.99999976
0.99999845
0.9998863
1.0
1.0
0.9999975
1.0
1.0
0.9999994
0.99996495
1.0
0.99955827
0.99978477
1.0
1.0
1.0
1.0
1.0
0.9999994
1.0
1.0
1.0
1.0
1.0
1.0
1.0
1.0
1.0
1.0
0.99999857
1.0
1.0
1.0
1.0
1.0
1.0
0.9999962
1.0
1.0
1.0
1.0
1.0
1.0
1.0
0.9999999
1.0
1.0
1.0
0.9999602
1.0
1.0
1.0
1.0
1.0
1.0
0.9997279
1.0
1.0
1.0
1.0
1.0
1.0
0.99999905
1.0
1.0
1.0
1.0
1.0
1.0
0.99996674
0.99999964
1.0
1.0
1.0
0.99994206
0.9996197
1.0
1.0
1.0
1.0
1.0
1.0
0.9999988
0.9999994
1.0
1.0
1.0
0.99998367
1.0
1.0
1.0
1.0
0.99999213
1.0
1.0
1.0
1.0
1.0
1.0
1.0
0.9999807
1.0
1.0
0.99999976
0.99999475
1.0
1.0
1.0
1.0
1.0
1.0
1.0
0.99999976
1.0
1.0
0.99999917
1.0
1.0
1.0
1.0
1.0
1.0
1.0
1.0
1.0
1.0
1.0
0.9999993
1.0
1.0
1.0
0.9999993
1.0
1.0
1.0
1.0
1.0
1.0
1.0
1.0
1.0
1.0
1.0
0.9080577
1.0
0.9981737
0.9999989
0.99999845
0.99999464
0.9998753
1.0
1.0
1.0
0.9946354
1.0
0.99968207
1.0
1.0
0.99999297
0.99999964
1.0
1.0
0.9999989
0.9999906
1.0
0.99991345
1.0
1.0
0.9999926
1.0
1.0
1.0
0.99999976
1.0
1.0
0.9999658
0.9996761
0.9999025
0.964319
0.998885
1.0
0.9999999
1.0
1.0
1.0
0.9999995
0.99997973
1.0
0.9999988
0.9999938
0.9999927
0.9999509
1.0
1.0
0.9967913
1.0
0.9999999
1.0
1.0
0.9999945
1.0
1.0
1.0
1.0
1.0
1.0
1.0
0.9999999
0.9999999
1.0
0.99999475
1.0
0.9835247
1.0
1.0
1.0
1.0
1.0
1.0
1.0
0.99999905
1.0
1.0
0.9999999
1.0
1.0
1.0
0.99999964
0.99999905
1.0
0.99999976
1.0
1.0
1.0
0.99999976
0.9999566
1.0
0.99999607
1.0
1.0
0.9999981
1.0
1.0
0.9999999
1.0
1.0
1.0
1.0
0.9999999
0.9999987
1.0
1.0
0.9999989
1.0
1.0
0.9999999
1.0
1.0
1.0
1.0
1.0
1.0
1.0
1.0
1.0
0.99961674
0.9909739
0.9999999
0.99999034
0.99999905
1.0
0.9999999
1.0
1.0
1.0
1.0
1.0
1.0
1.0
1.0
0.99997437
0.9999999
0.99999917
1.0
1.0
1.0
0.9999999
0.9999969
1.0
1.0
1.0
1.0
1.0
1.0
0.9999994
1.0
1.0
0.9999933
0.9999999
1.0
1.0
0.9999987
0.99999917
1.0
1.0
1.0
1.0
1.0
1.0
0.99999976
1.0
0.999998
0.99999857
0.99999976
0.9999987
0.99999976
1.0
1.0
1.0
1.0
1.0
1.0
1.0
1.0
1.0
1.0
1.0
0.998988
0.9999994
0.9999968
0.9847727
1.0
1.0
1.0
0.9999988
1.0
0.9999999
0.9999995
0.9999993
0.9999962
0.9999989
0.9999999
1.0
0.99997914
0.99999964
1.0
0.9999994
1.0
1.0
1.0
1.0
0.99999654
0.9999994
1.0
1.0
1.0
0.99999523
0.996061
0.9999994
0.9999908
1.0
0.9999584
0.9994789
0.9999275
1.0
0.9999999
0.99996436
0.99999976
1.0
0.99999976
0.99999857
0.9985316
0.9999856
1.0
1.0
1.0
1.0
1.0
1.0
1.0
1.0
1.0
0.99999976
0.99999774
1.0
1.0
1.0
1.0
0.99999976
1.0
1.0
1.0
0.99999976
1.0
0.9999999
0.98061633
1.0
0.9999964
1.0
0.9999889
0.8658804
1.0
1.0
0.9999995
0.9998721
0.9999987
0.9999471
0.99999905
1.0
0.9717575
0.9838064
0.9999982
1.0
1.0
0.9999993
1.0
0.9998617
0.9999995
0.99995327
1.0
1.0
1.0
1.0
0.99999845
1.0
1.0
1.0
1.0
1.0
1.0
1.0
0.9999989
1.0
0.99997544
1.0
0.99999857
1.0
1.0
1.0
1.0
1.0
1.0
0.99999964
1.0
1.0
1.0
0.9999999
1.0
1.0
1.0
1.0
1.0
1.0
1.0
1.0
1.0
0.9999994
1.0
0.99979514
0.9999957
0.9994935
1.0
0.9999994
1.0
1.0
0.99999964
0.9196472
0.99991524
1.0
1.0
1.0
1.0
0.9999995
0.99999833
0.9999999
0.99999666
1.0
1.0
1.0
1.0
0.9999999
0.99999344
1.0
1.0
1.0
0.9999999
1.0
1.0
1.0
1.0
0.9993839
1.0
0.8980858
1.0
0.9999708
1.0
1.0
1.0
1.0
1.0
0.99999976
1.0
1.0
1.0
1.0
1.0
0.99999976
0.99999976
1.0
0.99998987
0.99990404
1.0
1.0
1.0
1.0
0.99999785
1.0
1.0
1.0
0.9999988
0.9999999
1.0
1.0
1.0
1.0
0.9999995
0.9999994
1.0
1.0
1.0
1.0
1.0
1.0
0.9999994
1.0
1.0
1.0
1.0
1.0
1.0
1.0
1.0
1.0
0.9999727
1.0
1.0
1.0
1.0
1.0
1.0
1.0
1.0
1.0
0.99999964
1.0
1.0
1.0
1.0
1.0
1.0
0.99999726
1.0
1.0
1.0
1.0
1.0
1.0
1.0
1.0
1.0
0.99999976
1.0
1.0
1.0
0.99999976
0.99999976
0.99999976
0.99999595
1.0
0.99999523
0.99999917
0.9999981
0.9999993
1.0
1.0
1.0
0.9999716
0.9999994
0.99999285
1.0
0.9999999
1.0
0.9999893
0.99965537
0.9999937
0.9999999
1.0
0.99999976
1.0
1.0
1.0
1.0
1.0
0.9998517
0.9921029
1.0
0.9999794
0.99852633
0.99999976
0.9999939
0.9999999
0.8965163
1.0
1.0
0.9999999
1.0
1.0
1.0
0.99999976
1.0
0.99999976
1.0
1.0
0.99999785
0.99999917
0.99999964
1.0
1.0
1.0
0.99999964
1.0
1.0
1.0
1.0
1.0
1.0
1.0
1.0
1.0
1.0
1.0
0.9999999
1.0
1.0
1.0
1.0
1.0
1.0
1.0
0.99999964
1.0
1.0
1.0
1.0
1.0
1.0
1.0
1.0
1.0
1.0
1.0
1.0
0.9999999
1.0
1.0
1.0
1.0
1.0
0.99998426
1.0
1.0
1.0
0.9999999
1.0
0.9999999
1.0
1.0
0.9999963
1.0
1.0
1.0
1.0
1.0
1.0
1.0
1.0
1.0
1.0
1.0
1.0
1.0
0.9998715
0.99999964
1.0
1.0
1.0
1.0
1.0
1.0
0.9999999
1.0
0.9999988
1.0
1.0
1.0
1.0
1.0
0.9999951
1.0
1.0
1.0
1.0
0.99999976
1.0
1.0
0.99999964
1.0
1.0
1.0
1.0
1.0
0.9999987
1.0
1.0
0.9999999
1.0
1.0
1.0
1.0
1.0
1.0
0.99999905
1.0
1.0
1.0
0.9999999
1.0
0.99999905
0.9999999
1.0
0.99999976
1.0
1.0
1.0
1.0
1.0
1.0
1.0
1.0
0.9999999
0.9999999
1.0
1.0
1.0
1.0
1.0
1.0
1.0
1.0
1.0
1.0
1.0
1.0
1.0
1.0
1.0
1.0
1.0
1.0
1.0
1.0
1.0
1.0
1.0
0.99999976
1.0
1.0
1.0
1.0
1.0
1.0
1.0
1.0
1.0
0.9999994
1.0
1.0
1.0
1.0
0.99999976
1.0
1.0
1.0
1.0
1.0
1.0
1.0
0.9999993
1.0
1.0
1.0
1.0
1.0
1.0
1.0
1.0
1.0
1.0
1.0
1.0
1.0
1.0
1.0
1.0
1.0
1.0
1.0
0.9999999
1.0
1.0
0.99999654
1.0
0.9999256
1.0
1.0
1.0
0.9999926
1.0
1.0
1.0
1.0
1.0
1.0
1.0
1.0
1.0
1.0
1.0
1.0
1.0
1.0
1.0
1.0
1.0
1.0
1.0
1.0
1.0
1.0
1.0
1.0
0.9999999
1.0
0.9999999
1.0
1.0
1.0
1.0
1.0
1.0
1.0
1.0
1.0
1.0
1.0
0.99999714
0.99999654
1.0
1.0
1.0
0.9999999
1.0
0.9999999
1.0
1.0
1.0
1.0
1.0
1.0
1.0
1.0
1.0
1.0
1.0
1.0
1.0
1.0
1.0
1.0
1.0
1.0
0.99999905
1.0
0.9999999
1.0
1.0
1.0
1.0
1.0
1.0
1.0
1.0
1.0
0.9999995
1.0
1.0
1.0
1.0
1.0
1.0
0.99999964
1.0
1.0
0.99999976
1.0
1.0
1.0
0.9999999
1.0
1.0
1.0
1.0
1.0
1.0
1.0
1.0
1.0
1.0
1.0
1.0
0.9999999
0.9999963
0.9999987
1.0
1.0
1.0
1.0
1.0
1.0
1.0
1.0
1.0
1.0
1.0
1.0
1.0
1.0
1.0
1.0
1.0
1.0
1.0
1.0
1.0
1.0
1.0
1.0
1.0
1.0
1.0
1.0
1.0
1.0
1.0
1.0
1.0
0.9998411
1.0
1.0
0.99999976
1.0
0.9999981
1.0
0.99999475
1.0
1.0
1.0
1.0
1.0
1.0
1.0
1.0
1.0
1.0
0.9999968
1.0
1.0
1.0
1.0
1.0
0.99994135
1.0
1.0
1.0
1.0
1.0
1.0
0.99999714
1.0
1.0
1.0
1.0
1.0
1.0
1.0
1.0
1.0
1.0
1.0
1.0
1.0
1.0
1.0
1.0
0.9999999
0.99999964
1.0
0.9999999
1.0
1.0
1.0
1.0
1.0
1.0
1.0
1.0
0.9999999
1.0
0.9999988
1.0
1.0
1.0
1.0
1.0
1.0
1.0
0.9999964
1.0
1.0
0.9999999
1.0
1.0
1.0
1.0
1.0
1.0
0.9999999
0.99999774
1.0
1.0
1.0
1.0
1.0
1.0
1.0
0.9999999
1.0
1.0
0.9999999
1.0
0.9999999
1.0
1.0
0.99999964
0.9999995
0.9999999
1.0
0.99999964
1.0
1.0
0.99999964
1.0
1.0
1.0
1.0
1.0
1.0
1.0
1.0
0.99999917
1.0
1.0
0.99999857
1.0
1.0
1.0
0.99999976
0.9999995
1.0
0.9999999
0.9999999
1.0
1.0
0.9994093
0.99999726
1.0
0.9997838
0.9999999
0.99999964
0.98943335
0.9999714
0.9999831
1.0
0.9721059
1.0
1.0
1.0
0.9999999
0.98256487
0.999964
0.99999774
1.0
0.9999993
1.0
0.99999976
0.99999917
0.99999976
1.0
1.0
0.9999993
0.9998111
0.99999964
0.9999976
0.9999995
1.0
1.0
1.0
0.99999845
0.9994702
0.99989235
1.0
1.0
1.0
0.99999964
1.0
0.99996424
1.0
1.0
1.0
1.0
1.0
0.99985826
1.0
0.9999999
1.0
0.99999976
0.99999726
1.0
1.0
1.0
1.0
1.0
1.0
0.99857116
1.0
0.9972602
1.0
1.0
1.0
1.0
1.0
1.0
1.0
0.9999956
1.0
1.0
1.0
1.0
1.0
1.0
1.0
1.0
1.0
0.99999976
1.0
1.0
1.0
0.9999994
0.9999995
1.0
1.0
1.0
1.0
1.0
1.0
1.0
1.0
1.0
1.0
1.0
1.0
1.0
1.0
1.0
0.999997
1.0
0.99999726
1.0
1.0
1.0
1.0
0.99999857
1.0
1.0
1.0
1.0
1.0
0.9999999
1.0
1.0
1.0
1.0
1.0
1.0
1.0
1.0
1.0
1.0
1.0
1.0
1.0
1.0
1.0
1.0
1.0
0.9999949
1.0
1.0
0.9999999
1.0
1.0
1.0
1.0
1.0
0.99999654
1.0
1.0
0.99999964
1.0
1.0
1.0
1.0
0.9999685
1.0
1.0
1.0
1.0
0.99999917
1.0
0.9999994
1.0
1.0
1.0
1.0
0.99999857
1.0
1.0
1.0
1.0
1.0
1.0
1.0
1.0
1.0
1.0
1.0
1.0
1.0
1.0
1.0
1.0
1.0
0.99999833
1.0
1.0
1.0
1.0
1.0
0.9999982
1.0
1.0
1.0
0.9999999
1.0
1.0
1.0
1.0
1.0
1.0
1.0
0.9999993
1.0
1.0
1.0
0.9999999
1.0
1.0
1.0
0.9999962
0.9999999
0.99999964
1.0
0.9999962
1.0
1.0
1.0
0.9999995
1.0
1.0
0.9999807
1.0
1.0
1.0
1.0
1.0
1.0
1.0
1.0
1.0
1.0
1.0
1.0
1.0
1.0
1.0
0.9999999
1.0
1.0
0.9999999
0.9999782
1.0
1.0
0.99999976
1.0
1.0
1.0
0.9997707
0.9999993
1.0
0.99999726
1.0
0.9999999
1.0
0.9999993
0.9999999
1.0
1.0
1.0
1.0
0.9999994
1.0
0.99999976
0.99999976
1.0
1.0
1.0
0.99999917
1.0
1.0
1.0
1.0
1.0
1.0
0.9999995
0.99829704
1.0
1.0
1.0
1.0
1.0
1.0
1.0
1.0
1.0
1.0
0.9999999
1.0
1.0
0.9999995
1.0
0.99999964
1.0
1.0
1.0
1.0
1.0
0.99999905
1.0
1.0
1.0
1.0
1.0
1.0
0.9999999
1.0
1.0
1.0
1.0
1.0
0.9999999
0.9999912
1.0
1.0
1.0
1.0
1.0
1.0
0.99999976
0.9999999
1.0
1.0
0.9999999
0.99999976
1.0
1.0
0.9999845
1.0
1.0
1.0
0.99999976
0.9999999
1.0
1.0
1.0
1.0
0.9999999
0.99948764
1.0
1.0
1.0
0.99999774
1.0
1.0
1.0
0.99999917
1.0
1.0
0.9999995
1.0
1.0
1.0
0.9999989
1.0
1.0
0.9999994
1.0
1.0
1.0
1.0
1.0
1.0
1.0
1.0
1.0
1.0
1.0
1.0
1.0
1.0
0.9999958
0.9999999
0.99999845
1.0
1.0
1.0
1.0
0.9999049
1.0
1.0
0.99998474
1.0
1.0
0.99999857
1.0
1.0
1.0
0.9999982
1.0
1.0
0.99999976
1.0
0.9999999
0.9999994
1.0
0.9999999
1.0
1.0
1.0
0.9999999
1.0
0.9999999
0.99999774
0.9999995
1.0
1.0
0.9999993
1.0
0.9999995
1.0
1.0
0.9999981
1.0
1.0
0.99999964
1.0
0.99894875
0.9998222
0.99996305
1.0
0.99927515
0.9999969
1.0
1.0
1.0
1.0
1.0
1.0
0.9999999
1.0
0.99999976
1.0
0.9999993
1.0
1.0
1.0
0.9999994
1.0
1.0
1.0
1.0
0.99996126
1.0
0.99999523
1.0
1.0
0.9999999
1.0
1.0
0.99999964
1.0
0.999998
1.0
0.9999994
1.0
1.0
1.0
1.0
0.99980813
1.0
0.9999999
1.0
1.0
1.0
1.0
1.0
1.0
0.9999999
1.0
1.0
1.0
1.0
0.9999995
0.9999968
1.0
1.0
1.0
0.99999976
1.0
1.0
0.99999976
0.9999999
1.0
0.99999917
1.0
0.99999976
0.99999726
0.99987984
1.0
0.9999999
0.9999926
1.0
0.99996674
1.0
1.0
0.99995565
0.9999969
0.99999964
1.0
1.0
0.99502206
1.0
1.0
0.99999833
1.0
1.0
1.0
0.9999989
1.0
0.99999964
0.99999976
1.0
0.9999243
1.0
1.0
1.0
0.9999999
0.99998856
0.99999976
1.0
1.0
0.9999995
0.99998903
1.0
1.0
0.7390929
1.0
1.0
1.0
0.99998105
0.9999995
0.9999957
1.0
0.9999527
0.9999956
0.9953656
1.0
1.0
1.0
0.9999988
1.0
0.9999964
1.0
1.0
0.9999999
1.0
1.0
1.0
0.99999833
0.9999994
1.0
0.99999964
1.0
1.0
1.0
0.9999969
1.0
0.9999956
1.0
1.0
1.0
1.0
1.0
1.0
1.0
1.0
0.99992347
1.0
1.0
1.0
1.0
0.99999964
1.0
1.0
1.0
0.9999267
1.0
1.0
0.9999995
1.0
1.0
1.0
0.7329049
0.9999993
1.0
1.0
1.0
1.0
1.0
0.9999881
1.0
0.99999833
1.0
1.0
0.9997762
1.0
1.0
1.0
1.0
1.0
1.0
1.0
0.999987
0.9999994
1.0
0.99999833
1.0
0.99974626
0.9999993
0.9999999
0.9999993
1.0
0.9999871
0.99999964
1.0
0.87699187
0.9999981
0.9999893
0.9999999
0.99999774
0.9983582
0.9999982
0.9496769
0.99999964
0.99999964
1.0
1.0
0.9999995
0.9999999
0.87877446
1.0
0.9917613
0.99961674
0.9898051
0.99999976
0.99999976
0.9999933
0.512038
0.9995572
0.9999987
0.99995196
0.9999999
1.0
1.0
0.99999905
1.0
0.999997
0.99999166
0.9999639
1.0
1.0
1.0
0.9999999
0.99999785
1.0
1.0
0.9999815
0.99999976
0.9999982
0.9914464
0.99999046
0.99999976
1.0
1.0
0.96472466
1.0
1.0
0.99985456
1.0
1.0
1.0
0.9999975
0.999985
0.99997866
0.4660965
1.0
1.0
1.0
0.99999845
1.0
1.0
0.9999987
0.9998405
0.9999999
1.0
0.99999857
0.99999964
0.65290004
0.9981589
0.99879044
1.0
0.9999999
1.0
0.97443265
0.99999976
0.99999917
0.9999819
1.0
0.9999951
1.0
1.0
1.0
1.0
1.0
0.9999999
1.0
1.0
1.0
0.99999297
0.99883205
1.0
0.999321
1.0
1.0
0.99999976
0.9999999
0.9999999
1.0
0.9999939
0.9999995
0.9999999
0.9999553
1.0
1.0
0.99999845
0.99997056
0.9999956
1.0
0.99961984
1.0
0.999966
0.9999962
1.0
1.0
1.0
0.9999566
0.99998486
0.99999976
1.0
1.0
0.99998915
1.0
0.9999993
1.0
0.9996395
0.9999931
0.95977056
0.9998884
1.0
0.9990953
0.9998753
0.9999999
1.0
0.9999994
1.0
0.9999999
1.0
0.999992
1.0
0.9999995
1.0
1.0
0.99999976
0.9824896
1.0
0.98772055
1.0
1.0
1.0
0.9999999
0.9999999
1.0
0.9999758
0.9999999
0.9998419
1.0
0.9999994
0.99999297
1.0
1.0
1.0
1.0
1.0
1.0
1.0
1.0
1.0
0.58479035
0.9996959
1.0
0.9999993
1.0
1.0
0.9999999
0.9999999
0.99999726
1.0
0.9999999
0.99999976
1.0
1.0
0.99999964
1.0
0.99992
0.99999964
1.0
0.96977735
1.0
1.0
1.0
0.9999999
0.99989307
1.0
1.0
1.0
1.0
1.0
1.0
0.9999999
1.0
1.0
0.9999988
1.0
0.99991953
0.9999896
1.0
0.99999714
0.9999982
1.0
0.99999964
1.0
1.0
0.9999964
1.0
0.7050253
0.9998871
0.99999964
1.0
0.99999976
1.0
0.99999976
1.0
0.9996376
0.9999999
0.99999976
0.98164994
0.9999999
1.0
0.9999999
1.0
0.99993277
0.99999154
0.9999999
0.9999906
1.0
0.9999999
1.0
0.9999994
0.9999999
0.9999987
1.0
1.0
0.99999523
1.0
1.0
0.99999714
1.0
1.0
1.0
0.99995077
1.0
0.9999999
1.0
0.9999999
0.99465346
0.9999999
1.0
0.99999976
0.99917275
0.99995923
1.0
0.9999989
1.0
0.9998468
1.0
0.9998041
0.99968493
0.99999964
0.99982685
0.9999994
1.0
1.0
1.0
1.0
1.0
1.0
0.9999999
0.99999976
0.99999416
0.9996946
0.99590766
0.96385884
1.0
1.0
0.9999999
1.0
1.0
0.9999999
0.99999917
1.0
1.0
0.99999034
1.0
0.999998
0.99999976
1.0
1.0
0.99814975
0.99999976
0.99999833
0.9999995
1.0
1.0
1.0
0.9999994
1.0
1.0
0.9999999
1.0
1.0
0.9999865
1.0
0.9999994
1.0
0.9999956
0.9999939
0.99998856
1.0
1.0
0.9999999
0.9999995
0.99999976
1.0
1.0
1.0
1.0
0.99999964
1.0
0.99999976
0.99999917
0.9999995
1.0
1.0
1.0
0.999995
1.0
1.0
1.0
1.0
1.0
0.99999976
0.9999999
1.0
1.0
0.99999964
0.9999932
1.0
1.0
1.0
0.9999999
0.9999801
0.9999995
1.0
0.9999995
1.0
0.9999989
0.9999856
0.81518227
1.0
0.9999999
0.99999976
1.0
1.0
1.0
1.0
1.0
1.0
0.9999995
0.99999964
1.0
1.0
1.0
1.0
1.0
1.0
