1.0
1.0
1.0
1.0
1.0
1.0
0.9999995
1.0
0.99997246
1.0
1.0
1.0
1.0
1.0
1.0
1.0
1.0
1.0
0.9940513
1.0
1.0
1.0
1.0
1.0
1.0
1.0
1.0
1.0
1.0
1.0
1.0
1.0
1.0
0.9999994
1.0
1.0
1.0
1.0
0.9999999
1.0
1.0
0.99999857
1.0
0.9999993
0.9999999
1.0
0.9999999
1.0
1.0
1.0
1.0
1.0
1.0
1.0
1.0
1.0
1.0
1.0
1.0
0.9999994
1.0
1.0
0.9999039
0.9999994
1.0
1.0
1.0
1.0
1.0
1.0
1.0
1.0
1.0
0.9999548
1.0
1.0
1.0
1.0
0.9999968
0.9999999
1.0
1.0
1.0
1.0
1.0
1.0
0.9999999
1.0
1.0
1.0
1.0
1.0
0.99812
1.0
1.0
0.9999279
0.9999131
0.99999976
1.0
1.0
1.0
1.0
1.0
1.0
0.9999994
1.0
1.0
1.0
1.0
1.0
1.0
0.99999964
1.0
1.0
1.0
0.99538606
1.0
1.0
1.0
0.99999964
1.0
0.99999666
1.0
1.0
0.99999785
1.0
1.0
1.0
1.0
1.0
1.0
1.0
1.0
1.0
1.0
1.0
1.0
1.0
1.0
0.999998
1.0
1.0
1.0
1.0
1.0
1.0
1.0
1.0
1.0
0.9932852
1.0
0.9835629
1.0
1.0
1.0
1.0
1.0
1.0
0.9999969
1.0
0.9999465
1.0
1.0
1.0
1.0
1.0
1.0
0.99999976
1.0
1.0
1.0
0.9999187
1.0
1.0
1.0
0.99923027
1.0
1.0
1.0
1.0
1.0
1.0
1.0
1.0
0.99999905
0.9999999
1.0
1.0
1.0
1.0
0.99999785
0.9999999
1.0
0.9964405
1.0
0.9999951
1.0
1.0
0.9999999
0.9997907
1.0
1.0
1.0
0.9999999
1.0
1.0
0.99999976
1.0
1.0
0.9998586
1.0
0.9973834
1.0
1.0
1.0
1.0
1.0
0.9999968
1.0
1.0
1.0
0.9999964
1.0
1.0
1.0
1.0
1.0
1.0
1.0
0.9999999
1.0
1.0
1.0
1.0
1.0
1.0
1.0
1.0
1.0
1.0
1.0
0.9999945
0.9999995
0.9999999
1.0
0.99999905
1.0
0.99957937
1.0
1.0
1.0
1.0
1.0
1.0
1.0
0.99999964
1.0
1.0
1.0
0.54052234
1.0
1.0
1.0
1.0
0.9999714
1.0
0.99991965
1.0
1.0
1.0
1.0
1.0
1.0
0.9999999
1.0
1.0
1.0
1.0
1.0
1.0
1.0
1.0
0.9999002
1.0
1.0
1.0
1.0
0.99999964
1.0
1.0
0.9999796
0.9999999
1.0
1.0
1.0
1.0
1.0
1.0
1.0
1.0
1.0
1.0
1.0
1.0
1.0
1.0
1.0
1.0
1.0
1.0
1.0
1.0
1.0
0.9999999
1.0
1.0
1.0
0.99999964
0.9999995
1.0
0.998054
0.9443682
1.0
1.0
0.9999989
1.0
0.9997888
1.0
1.0
1.0
1.0
1.0
1.0
1.0
1.0
1.0
0.99999917
0.99999106
1.0
1.0
0.8834426
0.99999964
1.0
1.0
1.0
1.0
1.0
1.0
1.0
1.0
1.0
1.0
1.0
1.0
1.0
1.0
1.0
0.9999995
0.9965616
0.985544
1.0
1.0
0.9999969
1.0
1.0
1.0
0.9999728
1.0
0.9999963
1.0
1.0
1.0
1.0
1.0
1.0
1.0
1.0
0.99999976
1.0
1.0
1.0
0.99975425
1.0
1.0
1.0
1.0
1.0
1.0
1.0
0.9999999
1.0
1.0
1.0
0.9999999
1.0
1.0
1.0
1.0
1.0
1.0
0.9999999
1.0
1.0
1.0
0.9999988
1.0
1.0
1.0
1.0
0.9999999
1.0
0.99999213
0.99989736
1.0
1.0
0.9999993
1.0
0.99631566
1.0
1.0
1.0
1.0
1.0
1.0
1.0
1.0
1.0
1.0
1.0
1.0
1.0
1.0
1.0
1.0
1.0
0.9999993
1.0
1.0
1.0
1.0
1.0
1.0
1.0
1.0
0.99945694
0.8478915
1.0
0.99159616
0.9998053
0.95475227
0.99992967
1.0
1.0
1.0
1.0
1.0
0.9999999
0.9999999
1.0
1.0
0.9999969
1.0
0.99999976
1.0
0.9999995
1.0
1.0
1.0
0.9999994
1.0
1.0
1.0
1.0
1.0
1.0
1.0
1.0
1.0
0.9999956
0.9999784
1.0
1.0
1.0
1.0
1.0
1.0
1.0
1.0
1.0
1.0
0.9999993
1.0
0.9995696
1.0
1.0
0.97285223
1.0
0.99999845
1.0
1.0
1.0
1.0
1.0
1.0
0.99999857
1.0
1.0
1.0
0.99999976
1.0
1.0
0.99999964
1.0
1.0
1.0
1.0
1.0
1.0
1.0
1.0
1.0
1.0
1.0
0.99999917
1.0
1.0
1.0
1.0
0.99999976
1.0
1.0
1.0
1.0
1.0
1.0
1.0
1.0
1.0
1.0
0.9999999
1.0
1.0
0.9999999
0.9986687
1.0
1.0
1.0
0.99999857
1.0
1.0
1.0
0.99923706
0.99999976
1.0
1.0
1.0
1.0
0.99999845
1.0
0.9999995
1.0
1.0
1.0
1.0
1.0
1.0
1.0
1.0
1.0
1.0
1.0
0.9998124
1.0
1.0
1.0
1.0
1.0
1.0
1.0
1.0
1.0
1.0
0.5008216
0.9910886
1.0
1.0
1.0
1.0
1.0
1.0
1.0
0.99993503
1.0
0.99981576
1.0
1.0
1.0
0.9999999
1.0
1.0
1.0
1.0
1.0
1.0
1.0
1.0
1.0
1.0
1.0
1.0
0.99999964
1.0
1.0
0.99997723
1.0
1.0
1.0
1.0
1.0
0.9954384
1.0
1.0
1.0
1.0
0.9999999
0.9868925
1.0
1.0
1.0
0.9999969
1.0
1.0
1.0
1.0
1.0
0.9999975
1.0
1.0
1.0
1.0
1.0
1.0
0.9999994
1.0
1.0
0.99993134
0.9976494
1.0
1.0
0.99999976
1.0
1.0
1.0
1.0
1.0
1.0
1.0
1.0
0.9999893
0.5865736
1.0
1.0
1.0
1.0
1.0
1.0
1.0
0.99999285
1.0
1.0
1.0
1.0
1.0
0.9999999
0.98091996
1.0
1.0
1.0
1.0
1.0
1.0
1.0
1.0
1.0
0.8735399
1.0
1.0
1.0
1.0
0.998884
1.0
0.99999845
0.9999999
1.0
1.0
0.9999999
0.99999964
1.0
0.99999964
1.0
1.0
1.0
1.0
1.0
1.0
1.0
1.0
1.0
1.0
1.0
1.0
1.0
1.0
1.0
1.0
0.9999999
0.8329201
0.9822329
1.0
1.0
0.9705502
1.0
1.0
0.9999994
1.0
1.0
0.9992436
1.0
0.9999982
1.0
0.99999964
1.0
1.0
1.0
1.0
1.0
0.99999917
0.99999523
0.9996376
1.0
0.87853175
1.0
1.0
1.0
1.0
1.0
0.99999857
1.0
1.0
1.0
1.0
1.0
1.0
1.0
1.0
1.0
1.0
1.0
1.0
1.0
0.99999976
0.9999999
0.99999976
1.0
1.0
1.0
1.0
0.99999976
1.0
1.0
1.0
1.0
1.0
1.0
1.0
1.0
1.0
1.0
1.0
1.0
0.9999999
0.9999993
1.0
1.0
1.0
1.0
0.9999747
1.0
1.0
0.99984944
1.0
0.99999213
1.0
1.0
1.0
1.0
1.0
0.9999838
1.0
1.0
1.0
1.0
1.0
1.0
1.0
1.0
1.0
1.0
1.0
1.0
0.9999995
1.0
1.0
0.96275485
1.0
1.0
1.0
1.0
1.0
1.0
1.0
1.0
1.0
0.9999981
1.0
1.0
1.0
1.0
1.0
0.999997
1.0
1.0
1.0
1.0
0.99999917
1.0
1.0
1.0
1.0
0.99999857
1.0
1.0
0.9999999
1.0
0.99987304
1.0
0.9937249
1.0
1.0
1.0
1.0
1.0
1.0
1.0
1.0
1.0
1.0
0.9999999
1.0
0.99999976
1.0
1.0
1.0
1.0
1.0
1.0
0.9999999
1.0
1.0
1.0
0.9999987
1.0
1.0
1.0
1.0
1.0
1.0
1.0
1.0
1.0
1.0
0.999907
0.87571025
0.79191035
1.0
0.9999995
1.0
1.0
1.0
1.0
1.0
1.0
1.0
1.0
1.0
0.9996413
0.99999976
1.0
0.9999943
1.0
0.9984633
1.0
0.99999774
0.99999213
1.0
1.0
1.0
1.0
1.0
0.99999964
1.0
1.0
1.0
1.0
1.0
1.0
1.0
1.0
0.9999999
1.0
1.0
1.0
1.0
1.0
0.8862034
1.0
1.0
1.0
1.0
1.0
1.0
1.0
1.0
1.0
1.0
1.0
0.9999999
1.0
0.8471132
0.9992987
0.9999988
1.0
1.0
1.0
1.0
1.0
0.9999993
0.94409364
1.0
1.0
0.9999981
1.0
1.0
1.0
1.0
0.9999988
0.99891365
1.0
0.99999964
1.0
0.9999999
1.0
0.9999999
0.9999999
0.9999999
0.9994029
0.9999999
1.0
1.0
0.99988043
1.0
1.0
1.0
1.0
1.0
1.0
1.0
1.0
1.0
1.0
1.0
1.0
0.99999785
1.0
1.0
1.0
1.0
1.0
1.0
1.0
1.0
1.0
1.0
1.0
1.0
0.9999994
1.0
1.0
1.0
1.0
1.0
1.0
0.99999917
1.0
1.0
1.0
0.9999931
1.0
1.0
1.0
1.0
1.0
1.0
1.0
0.9999999
1.0
1.0
0.9999999
1.0
1.0
1.0
1.0
0.99999416
1.0
0.99999976
1.0
1.0
1.0
1.0
1.0
0.9999999
1.0
0.9999999
0.9831966
1.0
1.0
1.0
1.0
1.0
0.689635
1.0
1.0
1.0
1.0
0.99997056
0.99981517
1.0
1.0
1.0
1.0
0.99999976
0.9999988
1.0
1.0
1.0
0.99999964
1.0
1.0
1.0
0.99999976
1.0
1.0
0.9999864
1.0
1.0
1.0
1.0
1.0
1.0
1.0
1.0
1.0
0.9999931
1.0
1.0
1.0
1.0
1.0
1.0
1.0
1.0
0.99999774
1.0
1.0
1.0
1.0
1.0
1.0
1.0
1.0
0.99999976
1.0
1.0
1.0
1.0
1.0
1.0
1.0
1.0
1.0
1.0
1.0
1.0
1.0
1.0
1.0
1.0
0.99939764
1.0
1.0
1.0
1.0
0.7352072
1.0
0.9967614
1.0
1.0
1.0
1.0
1.0
1.0
0.9999902
0.99999964
1.0
1.0
1.0
1.0
1.0
0.99761474
1.0
1.0
1.0
1.0
0.9999999
1.0
1.0
1.0
1.0
0.9999999
1.0
1.0
1.0
1.0
1.0
1.0
1.0
1.0
0.99999464
1.0
1.0
1.0
1.0
1.0
0.99999976
1.0
1.0
0.999997
1.0
1.0
1.0
1.0
0.9999999
1.0
1.0
1.0
1.0
0.999998
1.0
1.0
0.9998449
1.0
1.0
1.0
0.99999976
1.0
1.0
1.0
1.0
0.99999595
1.0
1.0
0.9999124
0.72890234
1.0
1.0
1.0
1.0
0.9999999
1.0
1.0
1.0
0.99997485
0.9999877
1.0
1.0
1.0
1.0
1.0
1.0
1.0
1.0
1.0
0.99967384
1.0
0.99999523
1.0
0.99984574
1.0
1.0
1.0
1.0
0.9999999
0.9999999
1.0
1.0
1.0
0.999813
1.0
1.0
1.0
1.0
1.0
1.0
1.0
0.9998367
1.0
0.97935325
1.0
0.9999943
1.0
1.0
1.0
0.9998117
1.0
1.0
1.0
1.0
1.0
1.0
1.0
1.0
1.0
0.9507261
0.9999994
0.99999654
1.0
1.0
0.98757976
0.9999919
1.0
1.0
1.0
0.9999999
1.0
1.0
1.0
0.9999802
1.0
1.0
1.0
0.89353096
1.0
1.0
0.9999157
1.0
1.0
1.0
1.0
1.0
1.0
1.0
1.0
0.9999974
0.9999994
1.0
1.0
1.0
1.0
1.0
0.99999857
1.0
1.0
0.9999579
1.0
1.0
1.0
1.0
1.0
0.9999999
0.9999651
0.99909234
1.0
0.99999976
1.0
1.0
1.0
0.99999726
1.0
1.0
0.9961301
1.0
0.99999976
0.9999999
1.0
1.0
1.0
1.0
1.0
1.0
1.0
1.0
1.0
1.0
1.0
1.0
0.99999964
1.0
1.0
0.99999917
0.9301859
1.0
1.0
1.0
1.0
1.0
1.0
0.9942678
1.0
0.9955581
1.0
0.99999976
0.99999976
1.0
1.0
0.9999995
1.0
1.0
0.9895364
1.0
0.99999654
1.0
1.0
1.0
1.0
1.0
1.0
1.0
0.99999905
0.9999999
1.0
1.0
1.0
0.9999969
1.0
1.0
1.0
0.99999166
1.0
1.0
1.0
1.0
1.0
1.0
1.0
0.9991393
0.9999994
0.9999999
1.0
1.0
1.0
1.0
1.0
1.0
1.0
1.0
1.0
1.0
0.99994445
0.99997544
1.0
1.0
1.0
1.0
1.0
1.0
0.99999666
1.0
1.0
1.0
1.0
1.0
0.99998415
0.9999999
0.95058775
0.9944022
0.9999974
1.0
0.999998
1.0
1.0
1.0
1.0
0.9999789
0.9999453
0.99999976
1.0
0.99999976
1.0
1.0
1.0
1.0
0.9999957
1.0
1.0
0.7026348
0.9992229
1.0
1.0
1.0
1.0
1.0
1.0
1.0
1.0
1.0
0.9999856
1.0
0.9999974
1.0
0.99999964
1.0
1.0
1.0
1.0
1.0
0.9999999
0.9999671
1.0
0.99999857
0.9999995
0.99962866
0.9999974
1.0
1.0
0.9999845
1.0
1.0
1.0
1.0
1.0
1.0
1.0
1.0
0.9999529
1.0
1.0
1.0
1.0
0.9999999
0.99988174
1.0
1.0
0.9999999
1.0
1.0
1.0
1.0
1.0
1.0
0.99999976
1.0
1.0
1.0
1.0
1.0
1.0
1.0
1.0
1.0
1.0
1.0
1.0
0.9999988
1.0
1.0
1.0
1.0
1.0
1.0
1.0
1.0
1.0
0.99999845
1.0
0.9999945
1.0
0.99999785
1.0
1.0
1.0
0.8927772
1.0
1.0
1.0
1.0
0.9999988
1.0
1.0
0.99999976
0.99987066
0.99999976
1.0
1.0
1.0
0.99999845
1.0
1.0
1.0
1.0
1.0
0.9996319
1.0
0.9649031
0.99999917
1.0
1.0
1.0
0.87209904
1.0
1.0
0.8561361
0.9999926
1.0
1.0
1.0
1.0
1.0
1.0
1.0
1.0
1.0
1.0
1.0
0.9999999
1.0
1.0
1.0
0.99999976
1.0
0.9976792
1.0
0.9998907
1.0
0.99589396
0.99250317
1.0
1.0
1.0
0.99999964
0.9989906
1.0
1.0
1.0
1.0
1.0
1.0
1.0
1.0
1.0
0.99248236
0.99977976
1.0
1.0
1.0
1.0
1.0
0.99999976
1.0
1.0
1.0
1.0
0.9999988
1.0
1.0
1.0
1.0
1.0
1.0
1.0
1.0
1.0
1.0
1.0
1.0
1.0
0.9999496
1.0
1.0
1.0
1.0
0.99875903
1.0
1.0
1.0
1.0
1.0
1.0
0.9999995
1.0
0.999997
1.0
0.9938916
1.0
1.0
0.9999994
1.0
1.0
1.0
1.0
1.0
0.9999957
0.97426784
1.0
1.0
0.99999976
1.0
0.9999999
1.0
1.0
1.0
1.0
1.0
1.0
1.0
0.99999106
1.0
1.0
0.9999968
1.0
1.0
1.0
0.9978703
1.0
1.0
1.0
1.0
1.0
1.0
1.0
1.0
1.0
1.0
1.0
1.0
0.99736613
1.0
1.0
1.0
1.0
0.9999999
1.0
1.0
1.0
1.0
1.0
1.0
1.0
0.99999714
1.0
1.0
0.9999999
0.99960095
1.0
0.99992204
1.0
1.0
0.9999466
1.0
0.99954957
1.0
1.0
0.7882397
0.99999964
1.0
1.0
1.0
0.85365117
1.0
1.0
0.99999785
1.0
0.99999785
1.0
1.0
1.0
0.99999976
1.0
1.0
1.0
1.0
1.0
0.99999917
0.99999917
1.0
1.0
1.0
1.0
0.99999976
1.0
0.49130243
1.0
1.0
1.0
1.0
1.0
1.0
0.9999995
0.87482303
0.9999944
1.0
1.0
0.9999647
0.9900849
1.0
1.0
0.9999995
1.0
1.0
1.0
0.9999999
1.0
1.0
1.0
1.0
1.0
1.0
1.0
0.92536014
1.0
1.0
1.0
1.0
1.0
1.0
1.0
1.0
1.0
1.0
0.9998234
1.0
1.0
0.99999857
1.0
1.0
0.98110986
1.0
1.0
1.0
1.0
1.0
0.99999976
1.0
1.0
1.0
1.0
1.0
1.0
1.0
1.0
1.0
1.0
1.0
0.9999409
0.9999466
1.0
1.0
1.0
1.0
1.0
1.0
1.0
1.0
1.0
0.9999995
1.0
0.99999833
1.0
1.0
1.0
1.0
0.99182147
1.0
1.0
1.0
1.0
1.0
1.0
1.0
1.0
1.0
0.9992663
1.0
1.0
1.0
1.0
1.0
1.0
1.0
0.99998164
0.9975216
1.0
0.9999999
1.0
0.9999999
1.0
1.0
1.0
1.0
1.0
1.0
1.0
1.0
0.9999126
1.0
1.0
1.0
1.0
1.0
0.9999968
0.99999976
1.0
1.0
1.0
1.0
1.0
1.0
1.0
1.0
0.99999845
0.9999902
1.0
1.0
1.0
0.9999933
0.9999988
1.0
1.0
0.9999008
1.0
1.0
1.0
1.0
1.0
0.9999999
1.0
1.0
1.0
0.9999989
1.0
1.0
1.0
1.0
1.0
1.0
1.0
0.9999964
1.0
1.0
0.9894962
1.0
1.0
0.9992687
1.0
1.0
1.0
1.0
1.0
1.0
0.63999563
1.0
0.999933
1.0
1.0
0.9997445
1.0
0.99999976
1.0
1.0
0.9999994
1.0
1.0
1.0
1.0
1.0
1.0
1.0
1.0
1.0
0.9999925
0.9999999
0.9999176
0.9954026
1.0
0.6671301
1.0
1.0
1.0
1.0
1.0
0.9995609
0.9999999
1.0
1.0
1.0
1.0
1.0
1.0
1.0
1.0
1.0
1.0
1.0
1.0
1.0
0.99999964
1.0
1.0
1.0
1.0
0.99999976
1.0
1.0
1.0
1.0
1.0
1.0
1.0
1.0
0.99999
0.99999964
1.0
1.0
1.0
1.0
0.99999845
1.0
1.0
0.9999995
1.0
0.9999999
1.0
1.0
0.9999896
1.0
0.9999982
0.99999905
0.99991083
1.0
1.0
1.0
1.0
1.0
1.0
0.99999964
1.0
1.0
1.0
1.0
1.0
1.0
1.0
1.0
1.0
1.0
1.0
1.0
0.9999999
1.0
1.0
1.0
1.0
1.0
0.80798745
1.0
0.9999982
1.0
1.0
0.9999758
0.9999894
1.0
1.0
1.0
0.9999993
0.9999981
0.9999994
1.0
0.99999976
1.0
0.99999976
0.9999995
1.0
1.0
1.0
1.0
1.0
1.0
1.0
1.0
1.0
1.0
1.0
1.0
1.0
1.0
1.0
1.0
0.9998293
1.0
0.87024
1.0
1.0
1.0
1.0
0.99999964
0.9995134
0.9999924
1.0
1.0
0.9999999
1.0
1.0
1.0
1.0
1.0
1.0
0.98981756
1.0
1.0
1.0
1.0
0.7791775
1.0
1.0
0.94442546
0.99998736
1.0
1.0
0.99999964
0.99996436
1.0
1.0
1.0
1.0
0.70256084
1.0
1.0
1.0
0.99999976
0.999897
1.0
1.0
1.0
1.0
0.9998104
1.0
1.0
1.0
1.0
1.0
1.0
0.8593846
0.9999999
1.0
1.0
0.9999999
1.0
1.0
1.0
1.0
1.0
1.0
1.0
1.0
1.0
0.9995246
1.0
1.0
1.0
1.0
1.0
0.99999297
1.0
1.0
0.9976387
1.0
1.0
1.0
1.0
0.93712324
1.0
1.0
0.99999976
1.0
1.0
1.0
1.0
1.0
0.9448235
1.0
0.6838183
0.99999976
1.0
1.0
1.0
1.0
0.9999999
0.99999964
1.0
0.9988212
1.0
1.0
1.0
1.0
1.0
1.0
0.9999999
1.0
1.0
1.0
0.7206342
0.99999845
0.9999981
1.0
1.0
1.0
0.7436939
1.0
1.0
0.9999901
1.0
1.0
1.0
1.0
1.0
1.0
1.0
1.0
1.0
0.9999926
1.0
1.0
1.0
1.0
1.0
1.0
1.0
1.0
1.0
1.0
1.0
1.0
0.99998343
0.9999999
1.0
1.0
1.0
0.9999987
1.0
0.9999999
0.9999981
1.0
1.0
1.0
1.0
0.9999994
1.0
1.0
1.0
1.0
1.0
1.0
1.0
0.8605245
1.0
1.0
0.99755317
0.6955281
1.0
1.0
0.78511125
1.0
1.0
1.0
1.0
1.0
0.9999869
1.0
1.0
0.9999987
1.0
0.99999976
1.0
1.0
1.0
1.0
1.0
1.0
1.0
1.0
1.0
1.0
1.0
1.0
1.0
1.0
0.99987686
1.0
1.0
1.0
1.0
1.0
1.0
0.9999968
1.0
0.99999654
0.99999905
1.0
1.0
1.0
1.0
1.0
1.0
0.9999999
1.0
1.0
1.0
1.0
0.99995327
1.0
1.0
1.0
1.0
0.9999975
1.0
0.9999999
0.99999976
1.0
1.0
1.0
1.0
1.0
1.0
1.0
1.0
1.0
1.0
1.0
1.0
0.9999939
1.0
1.0
1.0
1.0
1.0
1.0
1.0
0.97856325
1.0
0.9999995
1.0
1.0
1.0
0.9998859
0.99999917
1.0
1.0
0.99993134
1.0
1.0
1.0
0.9636883
1.0
1.0
1.0
1.0
1.0
1.0
1.0
1.0
1.0
1.0
1.0
0.9999994
0.7760406
1.0
1.0
0.9999994
1.0
1.0
0.99999774
1.0
1.0
0.99999917
1.0
1.0
1.0
1.0
1.0
0.99843127
1.0
1.0
1.0
1.0
1.0
0.99998176
1.0
1.0
1.0
1.0
1.0
0.99999964
1.0
1.0
1.0
1.0
1.0
0.9999988
0.99999785
1.0
0.86990756
1.0
1.0
1.0
1.0
1.0
1.0
1.0
1.0
1.0
0.99999917
1.0
1.0
1.0
0.99439996
1.0
1.0
1.0
1.0
1.0
1.0
1.0
0.9999995
1.0
1.0
1.0
1.0
1.0
1.0
0.9999931
1.0
1.0
1.0
1.0
1.0
1.0
1.0
0.9999995
1.0
1.0
0.98597926
1.0
0.9999157
1.0
1.0
1.0
1.0
1.0
0.9999993
1.0
1.0
0.998514
1.0
0.9999999
1.0
1.0
1.0
0.99999964
0.9993794
1.0
1.0
1.0
1.0
1.0
1.0
1.0
0.99999976
1.0
1.0
0.99999726
1.0
1.0
1.0
1.0
1.0
1.0
1.0
0.9841899
1.0
0.99999785
0.9999993
1.0
1.0
1.0
1.0
0.9502707
1.0
1.0
0.99997544
1.0
1.0
1.0
1.0
0.99985564
1.0
1.0
0.9999999
0.9999993
1.0
1.0
1.0
1.0
1.0
1.0
0.997957
1.0
1.0
1.0
0.99998355
1.0
1.0
1.0
0.9999851
1.0
1.0
1.0
1.0
1.0
0.99781775
0.9999937
1.0
1.0
1.0
1.0
1.0
0.6353462
0.9999993
1.0
0.99999833
1.0
0.9999993
0.9999999
1.0
0.99991477
1.0
0.9999957
1.0
1.0
1.0
1.0
1.0
1.0
1.0
1.0
1.0
1.0
1.0
0.9999999
1.0
0.99999976
1.0
1.0
0.99999976
1.0
1.0
0.99999976
1.0
1.0
1.0
0.9314407
1.0
1.0
1.0
1.0
1.0
1.0
1.0
0.9999685
1.0
1.0
1.0
1.0
1.0
1.0
1.0
1.0
1.0
1.0
0.9999999
1.0
1.0
1.0
1.0
1.0
1.0
0.9998227
1.0
0.9999982
1.0
1.0
1.0
1.0
0.9999995
1.0
0.9999925
1.0
0.9999995
0.9998716
1.0
0.9999999
1.0
1.0
1.0
0.99963665
0.9999999
0.90820026
1.0
1.0
1.0
1.0
1.0
1.0
1.0
1.0
1.0
1.0
1.0
1.0
1.0
0.9999925
1.0
1.0
1.0
1.0
1.0
1.0
1.0
0.9999988
1.0
1.0
0.9999999
0.9999968
1.0
1.0
1.0
1.0
1.0
1.0
1.0
1.0
0.99999976
1.0
1.0
1.0
0.99979955
1.0
1.0
0.9999999
0.9999999
0.9999037
1.0
1.0
1.0
0.99947995
1.0
1.0
1.0
1.0
1.0
1.0
0.9999999
1.0
1.0
1.0
1.0
1.0
1.0
1.0
0.9999205
1.0
0.9999999
1.0
1.0
1.0
1.0
1.0
1.0
1.0
0.99837166
1.0
0.9999999
0.99926263
1.0
0.9999999
1.0
1.0
1.0
1.0
1.0
0.9999907
1.0
0.9999999
1.0
1.0
0.9999999
1.0
1.0
1.0
1.0
1.0
1.0
0.99998784
0.99994385
1.0
1.0
1.0
0.99987626
1.0
1.0
1.0
1.0
1.0
1.0
0.9999999
1.0
1.0
1.0
1.0
1.0
0.9999665
1.0
1.0
1.0
1.0
1.0
0.99974567
1.0
1.0
1.0
1.0
0.99934596
1.0
1.0
1.0
1.0
1.0
0.9999999
1.0
1.0
0.9999722
1.0
0.9999999
0.9999995
1.0
1.0
1.0
1.0
0.9999999
1.0
0.99988985
1.0
1.0
1.0
1.0
1.0
1.0
1.0
0.9999993
1.0
1.0
0.9999988
1.0
1.0
1.0
1.0
1.0
0.9999616
1.0
1.0
0.9999999
1.0
1.0
1.0
1.0
1.0
0.99999547
0.9999794
1.0
1.0
1.0
1.0
1.0
1.0
1.0
0.99996305
1.0
1.0
1.0
1.0
0.9999993
1.0
0.9778396
0.99999976
1.0
1.0
1.0
1.0
1.0
1.0
1.0
1.0
0.99995565
1.0
0.9999999
1.0
0.9999988
1.0
1.0
1.0
1.0
1.0
1.0
1.0
0.6042619
0.9999627
1.0
1.0
1.0
1.0
1.0
0.9999999
0.99999976
1.0
1.0
0.9999951
0.99998367
1.0
1.0
1.0
0.9983778
1.0
0.9999963
0.9999999
1.0
1.0
1.0
1.0
1.0
1.0
1.0
0.9999987
0.99880207
0.99955076
1.0
1.0
1.0
1.0
1.0
1.0
0.9996933
1.0
0.9995486
1.0
0.99999964
1.0
1.0
1.0
1.0
1.0
1.0
1.0
1.0
1.0
1.0
1.0
1.0
1.0
1.0
1.0
1.0
1.0
1.0
1.0
1.0
0.99998534
1.0
1.0
1.0
1.0
1.0
1.0
0.9999248
1.0
1.0
1.0
0.9999968
1.0
1.0
1.0
0.99999785
1.0
1.0
1.0
0.99999905
0.99972767
1.0
0.99999905
1.0
0.9999614
1.0
1.0
0.99999976
1.0
1.0
1.0
1.0
1.0
0.97961515
1.0
1.0
1.0
1.0
1.0
1.0
0.9999987
1.0
0.9999999
1.0
1.0
1.0
1.0
0.9999993
0.9987406
1.0
1.0
0.9999999
1.0
1.0
1.0
0.9999995
1.0
0.9859402
1.0
1.0
0.9996872
0.99999976
1.0
1.0
1.0
1.0
1.0
1.0
1.0
1.0
1.0
1.0
1.0
0.9999988
1.0
1.0
1.0
1.0
1.0
1.0
1.0
1.0
1.0
1.0
1.0
1.0
1.0
1.0
0.9999995
1.0
1.0
0.99999964
1.0
0.9999871
1.0
1.0
1.0
1.0
1.0
0.99999917
1.0
1.0
1.0
1.0
0.99999964
1.0
1.0
0.99999785
1.0
1.0
1.0
1.0
0.9999782
0.9999994
1.0
1.0
1.0
1.0
0.9992599
1.0
1.0
1.0
0.99996185
0.9999999
0.78232205
1.0
1.0
0.9959629
1.0
1.0
1.0
1.0
1.0
1.0
0.99999976
0.99945027
0.9850541
0.9999974
1.0
1.0
0.9999999
0.99999976
0.9999969
0.99999857
1.0
1.0
1.0
1.0
1.0
0.99835724
0.75184685
1.0
1.0
0.9999987
1.0
1.0
0.99999774
1.0
0.999997
1.0
1.0
1.0
1.0
0.9999999
1.0
1.0
1.0
0.9999962
1.0
0.99997914
1.0
1.0
1.0
0.99999976
0.9999975
1.0
0.9999728
1.0
1.0
1.0
1.0
1.0
1.0
1.0
1.0
1.0
1.0
0.9999844
1.0
1.0
1.0
1.0
0.8661973
1.0
1.0
1.0
1.0
1.0
1.0
1.0
1.0
0.9999912
0.9585181
1.0
1.0
1.0
1.0
1.0
1.0
0.99999964
1.0
1.0
1.0
1.0
1.0
1.0
0.9999995
1.0
0.99999964
1.0
0.9999974
1.0
1.0
0.99998915
1.0
1.0
1.0
0.99073386
1.0
1.0
1.0
1.0
1.0
1.0
1.0
1.0
1.0
0.9999999
1.0
1.0
1.0
1.0
1.0
1.0
1.0
1.0
1.0
1.0
1.0
1.0
1.0
1.0
1.0
1.0
1.0
1.0
0.9999777
0.99666697
1.0
0.99987197
1.0
1.0
1.0
1.0
1.0
1.0
0.9999982
0.999998
1.0
1.0
0.9663452
1.0
1.0
1.0
1.0
0.9999993
1.0
1.0
1.0
1.0
1.0
1.0
1.0
1.0
1.0
1.0
1.0
1.0
1.0
0.9999999
1.0
1.0
1.0
1.0
1.0
1.0
1.0
0.9999994
1.0
0.99999964
0.99999976
1.0
1.0
0.99999845
1.0
0.9992312
0.99947065
1.0
1.0
1.0
1.0
0.9998839
0.9999988
1.0
0.9999366
1.0
1.0
1.0
0.9999995
0.99999976
1.0
1.0
1.0
1.0
1.0
1.0
0.9468487
0.99996865
1.0
0.9999547
0.999984
0.9999993
1.0
0.9999999
1.0
1.0
1.0
1.0
1.0
0.99999976
1.0
1.0
1.0
1.0
1.0
1.0
1.0
1.0
0.9999999
1.0
1.0
1.0
1.0
1.0
0.99999785
1.0
1.0
1.0
1.0
1.0
1.0
1.0
1.0
0.99999833
1.0
1.0
1.0
1.0
1.0
0.9999573
0.9999902
1.0
1.0
0.9999999
1.0
1.0
1.0
1.0
0.99999976
1.0
1.0
0.99999964
0.9999999
1.0
1.0
1.0
0.9999844
1.0
1.0
1.0
1.0
1.0
1.0
0.9999552
1.0
1.0
1.0
1.0
1.0
0.9999995
1.0
1.0
0.9999999
0.9999982
1.0
1.0
1.0
1.0
1.0
1.0
0.99996877
1.0
1.0
1.0
1.0
0.99998343
1.0
1.0
1.0
1.0
1.0
1.0
0.9652532
1.0
1.0
1.0
0.9999988
1.0
1.0
1.0
1.0
1.0
0.9999989
0.9998149
1.0
1.0
1.0
0.9999676
1.0
1.0
1.0
1.0
1.0
1.0
1.0
1.0
1.0
0.9990374
0.99991786
1.0
1.0
0.99999905
1.0
1.0
1.0
1.0
1.0
0.9997675
0.9999999
0.9999999
0.9999988
1.0
1.0
1.0
0.9999999
1.0
0.99999857
1.0
1.0
1.0
1.0
1.0
1.0
1.0
1.0
1.0
1.0
0.9999894
1.0
1.0
1.0
1.0
1.0
1.0
1.0
0.99966884
0.986073
1.0
1.0
1.0
1.0
1.0
1.0
1.0
1.0
1.0
1.0
1.0
1.0
1.0
1.0
1.0
1.0
1.0
1.0
1.0
1.0
1.0
1.0
1.0
1.0
1.0
1.0
0.9999716
1.0
0.99999964
1.0
1.0
1.0
1.0
1.0
1.0
1.0
0.9999994
1.0
1.0
0.9999912
0.9236296
1.0
1.0
1.0
1.0
1.0
0.9997702
0.9999676
1.0
1.0
1.0
1.0
0.9999701
1.0
0.99999976
0.9999999
1.0
1.0
1.0
1.0
1.0
1.0
1.0
1.0
1.0
1.0
1.0
1.0
0.9999995
1.0
1.0
0.99998164
1.0
1.0
1.0
1.0
1.0
1.0
1.0
0.99996614
1.0
1.0
1.0
0.99999976
1.0
1.0
0.99999976
0.9999981
1.0
1.0
1.0
1.0
1.0
0.99999976
0.96934605
1.0
1.0
1.0
0.9999987
1.0
1.0
1.0
1.0
1.0
1.0
1.0
1.0
1.0
1.0
1.0
1.0
1.0
0.9999999
1.0
1.0
1.0
1.0
1.0
1.0
1.0
0.9999993
0.9999999
1.0
1.0
1.0
1.0
1.0
1.0
0.9999993
1.0
0.99999857
1.0
0.98754907
1.0
1.0
1.0
1.0
1.0
1.0
1.0
0.99999857
1.0
1.0
1.0
1.0
1.0
1.0
1.0
1.0
1.0
1.0
0.9999989
1.0
1.0
1.0
1.0
1.0
0.9999869
0.99996865
1.0
0.9999999
0.9996873
1.0
0.9999975
1.0
1.0
1.0
0.99998045
1.0
1.0
1.0
1.0
1.0
1.0
0.9999994
1.0
1.0
1.0
1.0
1.0
1.0
1.0
1.0
1.0
0.99992573
0.9991392
1.0
1.0
1.0
1.0
1.0
1.0
1.0
1.0
1.0
1.0
1.0
1.0
0.9999999
0.99999905
1.0
1.0
1.0
1.0
0.99999976
1.0
1.0
1.0
0.9999993
1.0
1.0
1.0
1.0
0.9942967
0.9999999
1.0
1.0
1.0
1.0
1.0
1.0
0.9991972
1.0
1.0
1.0
1.0
1.0
1.0
1.0
1.0
0.99996257
1.0
1.0
1.0
0.9999999
0.999998
1.0
1.0
1.0
0.99999976
1.0
1.0
1.0
0.9999976
0.5893139
1.0
1.0
1.0
1.0
1.0
1.0
0.99999976
1.0
1.0
1.0
1.0
1.0
1.0
1.0
1.0
0.9998939
1.0
1.0
1.0
1.0
1.0
1.0
0.99999905
0.65742284
0.99705195
1.0
1.0
1.0
1.0
1.0
1.0
1.0
1.0
1.0
1.0
1.0
0.9999995
1.0
0.9999999
0.99999297
0.9999993
1.0
1.0
1.0
1.0
0.9999685
1.0
1.0
1.0
1.0
0.9999995
1.0
1.0
1.0
0.99999654
1.0
0.9999982
1.0
1.0
1.0
1.0
0.99999964
0.99813384
0.9999968
0.97339666
0.99999964
0.9965197
1.0
1.0
1.0
1.0
1.0
1.0
1.0
1.0
1.0
1.0
1.0
1.0
1.0
1.0
1.0
1.0
0.999987
1.0
1.0
1.0
1.0
1.0
1.0
1.0
0.99916923
1.0
1.0
1.0
1.0
1.0
0.9999999
1.0
1.0
0.99999976
1.0
1.0
1.0
0.9999999
1.0
1.0
1.0
1.0
1.0
1.0
0.9999999
1.0
1.0
1.0
1.0
1.0
1.0
0.999992
0.99999964
1.0
1.0
1.0
0.9999919
1.0
1.0
1.0
0.9999398
1.0
0.99999905
1.0
1.0
1.0
1.0
0.9999497
1.0
1.0
1.0
1.0
1.0
1.0
1.0
1.0
1.0
1.0
1.0
0.99795
1.0
1.0
1.0
1.0
1.0
1.0
0.99987125
1.0
0.9999999
1.0
1.0
1.0
0.9999999
1.0
1.0
1.0
1.0
1.0
1.0
1.0
0.99389535
1.0
1.0
1.0
0.9999999
1.0
1.0
1.0
0.9999994
1.0
1.0
1.0
1.0
1.0
1.0
1.0
0.9789275
1.0
1.0
0.999972
1.0
1.0
1.0
1.0
0.99905044
0.7167047
1.0
0.9992161
0.99996674
1.0
1.0
1.0
1.0
1.0
0.9999999
1.0
1.0
0.9999995
1.0
1.0
0.9999647
1.0
1.0
1.0
1.0
1.0
1.0
0.9999733
1.0
0.9994531
1.0
1.0
1.0
0.99996805
0.99992526
1.0
1.0
1.0
1.0
1.0
0.9980178
0.9999999
1.0
1.0
0.99995446
0.89619935
1.0
1.0
1.0
1.0
0.9999999
1.0
1.0
1.0
0.999946
1.0
0.5602012
1.0
0.99962795
1.0
1.0
1.0
1.0
1.0
1.0
1.0
1.0
1.0
1.0
1.0
1.0
1.0
0.997929
1.0
0.9999527
1.0
1.0
1.0
1.0
0.9999949
1.0
1.0
1.0
1.0
0.9999641
1.0
0.99703085
1.0
0.99999976
0.9764064
1.0
1.0
1.0
1.0
1.0
0.99999774
0.99999833
1.0
1.0
0.9998939
1.0
1.0
1.0
1.0
1.0
1.0
1.0
1.0
1.0
0.99996793
1.0
1.0
1.0
1.0
0.99983275
1.0
0.99922967
1.0
1.0
1.0
1.0
1.0
1.0
1.0
0.9999989
1.0
1.0
1.0
0.9450714
1.0
1.0
0.90173936
1.0
0.9999999
1.0
1.0
1.0
0.99999976
1.0
1.0
0.99999297
1.0
1.0
1.0
1.0
1.0
1.0
0.99970067
1.0
1.0
1.0
1.0
1.0
1.0
0.9999999
1.0
0.9999988
1.0
1.0
1.0
1.0
1.0
1.0
1.0
1.0
1.0
1.0
1.0
1.0
1.0
1.0
0.98800474
1.0
1.0
1.0
1.0
1.0
1.0
0.99999976
1.0
0.9999423
1.0
1.0
1.0
0.5615489
1.0
1.0
0.9999999
1.0
1.0
1.0
1.0
1.0
1.0
1.0
1.0
1.0
1.0
1.0
1.0
1.0
1.0
1.0
1.0
0.9999658
1.0
1.0
1.0
1.0
1.0
1.0
1.0
1.0
1.0
1.0
1.0
1.0
0.99983275
1.0
0.55110836
0.9999999
0.9998173
1.0
1.0
0.9998281
1.0
1.0
1.0
1.0
0.99999416
1.0
1.0
1.0
1.0
1.0
1.0
1.0
1.0
1.0
1.0
0.9999994
1.0
1.0
1.0
1.0
1.0
0.9893441
0.99999475
1.0
0.99997413
1.0
1.0
1.0
1.0
0.99962866
1.0
1.0
1.0
1.0
1.0
1.0
0.9999999
0.9999945
0.99588084
0.9999994
1.0
1.0
1.0
1.0
1.0
1.0
1.0
0.9999975
0.99748814
1.0
0.99995875
1.0
1.0
0.9999999
0.9999999
1.0
1.0
1.0
0.99999976
1.0
0.9198217
1.0
1.0
1.0
1.0
0.99999976
1.0
1.0
0.9999962
1.0
0.95098174
0.9999826
1.0
1.0
1.0
0.9999999
1.0
1.0
1.0
1.0
0.9724544
1.0
0.9999999
0.99999976
0.99999976
1.0
1.0
1.0
1.0
1.0
0.99999917
1.0
1.0
1.0
1.0
1.0
1.0
1.0
1.0
1.0
0.99999976
1.0
1.0
1.0
1.0
0.9999957
0.99981946
1.0
1.0
1.0
1.0
1.0
1.0
1.0
1.0
1.0
0.9997782
1.0
0.9999101
1.0
1.0
1.0
1.0
1.0
0.99999905
1.0
1.0
0.99999976
0.99975485
1.0
1.0
0.81010044
1.0
1.0
1.0
1.0
1.0
1.0
1.0
0.9999995
1.0
1.0
1.0
1.0
1.0
1.0
0.9999417
1.0
1.0
1.0
1.0
1.0
1.0
0.99999046
1.0
0.99997747
1.0
1.0
1.0
1.0
1.0
1.0
1.0
0.99999976
0.9999999
1.0
0.99999905
1.0
1.0
1.0
1.0
1.0
1.0
1.0
1.0
1.0
1.0
1.0
0.99999595
0.9999999
1.0
1.0
1.0
1.0
1.0
1.0
1.0
1.0
1.0
1.0
1.0
1.0
0.9999999
0.9999927
1.0
0.9999969
1.0
1.0
1.0
1.0
0.9999999
0.99999976
0.9999995
1.0
1.0
0.99999464
1.0
0.99953127
1.0
0.9999788
1.0
1.0
1.0
1.0
1.0
1.0
0.9997863
1.0
1.0
1.0
1.0
1.0
1.0
1.0
0.99998736
1.0
1.0
0.999998
1.0
0.9485085
0.99999905
1.0
1.0
0.9999976
1.0
1.0
1.0
1.0
0.9999989
1.0
1.0
1.0
1.0
1.0
1.0
0.9999999
0.9999957
1.0
1.0
0.99999976
1.0
1.0
0.999998
1.0
0.8905581
1.0
1.0
1.0
0.997244
1.0
0.9999994
1.0
1.0
1.0
0.9999976
0.9999957
1.0
1.0
1.0
0.9999993
1.0
1.0
1.0
1.0
1.0
1.0
0.99998474
0.9999367
1.0
1.0
1.0
0.9999999
1.0
1.0
1.0
1.0
1.0
1.0
1.0
1.0
1.0
0.96674603
0.99999905
1.0
1.0
1.0
1.0
1.0
1.0
1.0
1.0
0.973178
1.0
1.0
1.0
1.0
1.0
1.0
0.99951506
0.9233867
1.0
1.0
0.9999559
0.99999917
1.0
1.0
1.0
1.0
0.9995857
1.0
1.0
1.0
0.9999629
1.0
0.99876803
1.0
0.99999905
1.0
1.0
1.0
1.0
1.0
1.0
1.0
1.0
1.0
1.0
0.9988153
0.9999993
1.0
0.9999999
1.0
0.9344126
1.0
0.9999994
1.0
1.0
0.9999999
1.0
1.0
0.99997115
1.0
0.99999976
0.99998975
1.0
1.0
1.0
1.0
1.0
0.9975605
1.0
0.99999964
1.0
1.0
1.0
1.0
0.9999474
1.0
0.99999
1.0
0.99999964
1.0
1.0
1.0
1.0
1.0
1.0
1.0
0.9999999
1.0
1.0
1.0
1.0
0.99999964
1.0
1.0
1.0
1.0
1.0
1.0
1.0
1.0
1.0
1.0
1.0
1.0
1.0
0.9993911
1.0
1.0
1.0
1.0
0.999966
0.9991911
1.0
1.0
1.0
1.0
1.0
1.0
0.9999999
1.0
0.9999938
0.9197087
1.0
1.0
0.9999982
1.0
1.0
1.0
1.0
0.9999999
0.9365547
1.0
1.0
1.0
1.0
0.99999666
1.0
1.0
1.0
1.0
1.0
0.9999876
1.0
0.99433655
1.0
0.99969757
0.9999999
0.99999976
1.0
1.0
1.0
1.0
0.99999917
1.0
0.99999976
1.0
1.0
1.0
1.0
1.0
1.0
0.9942841
0.9999999
1.0
0.9998889
1.0
0.9999845
1.0
1.0
1.0
1.0
1.0
1.0
1.0
0.9999999
1.0
0.99999964
1.0
1.0
1.0
1.0
1.0
1.0
1.0
1.0
1.0
0.9997162
1.0
0.99999785
1.0
0.9999995
1.0
1.0
1.0
0.99999464
1.0
0.9999949
1.0
0.99999595
1.0
0.9999962
1.0
1.0
1.0
0.9361566
1.0
1.0
1.0
1.0
1.0
0.9999999
1.0
0.9999994
1.0
1.0
0.9997285
1.0
1.0
1.0
1.0
1.0
0.9999995
1.0
1.0
1.0
1.0
1.0
1.0
1.0
1.0
1.0
1.0
1.0
1.0
1.0
1.0
1.0
1.0
0.9922632
1.0
1.0
1.0
1.0
1.0
1.0
1.0
1.0
1.0
0.9999974
1.0
0.99999857
1.0
1.0
1.0
1.0
0.9999937
1.0
1.0
0.99870384
0.9999783
1.0
0.99429965
1.0
1.0
1.0
0.9985838
0.9995028
1.0
0.7981654
1.0
1.0
1.0
0.99999976
1.0
1.0
1.0
1.0
1.0
1.0
1.0
0.9999969
1.0
0.9999976
1.0
1.0
1.0
1.0
1.0
1.0
0.99999964
1.0
1.0
1.0
1.0
1.0
1.0
1.0
0.8295186
1.0
1.0
1.0
0.9999999
1.0
1.0
1.0
1.0
1.0
1.0
0.9994351
1.0
1.0
1.0
0.9993574
0.99999976
1.0
1.0
1.0
1.0
1.0
0.99999917
1.0
1.0
1.0
1.0
0.9999697
1.0
1.0
0.99999905
0.9999993
1.0
1.0
0.9999999
0.95125693
1.0
1.0
1.0
0.9892067
1.0
1.0
0.9962962
0.9999975
1.0
1.0
1.0
1.0
1.0
1.0
1.0
1.0
1.0
0.99999976
1.0
1.0
1.0
1.0
0.9999999
1.0
1.0
1.0
1.0
1.0
1.0
0.9967175
1.0
1.0
0.9999995
1.0
1.0
1.0
1.0
1.0
1.0
1.0
1.0
1.0
1.0
0.62473536
1.0
1.0
1.0
0.99999225
0.9996811
1.0
1.0
1.0
1.0
1.0
1.0
1.0
1.0
1.0
1.0
1.0
0.99999976
1.0
1.0
0.9999974
1.0
1.0
1.0
0.8784313
1.0
1.0
1.0
0.99999905
1.0
1.0
1.0
1.0
1.0
1.0
1.0
1.0
1.0
1.0
1.0
1.0
0.9995098
1.0
1.0
1.0
0.9999994
1.0
0.99994993
1.0
1.0
1.0
1.0
1.0
1.0
1.0
1.0
1.0
1.0
1.0
0.99987745
1.0
1.0
1.0
1.0
0.99999964
1.0
1.0
1.0
1.0
1.0
1.0
1.0
1.0
1.0
1.0
0.9995389
1.0
0.9999999
1.0
1.0
0.9999999
0.9999999
1.0
0.9999999
0.87366474
1.0
1.0
0.9999999
1.0
1.0
1.0
1.0
1.0
1.0
1.0
1.0
1.0
0.999998
0.9999951
1.0
1.0
1.0
1.0
1.0
1.0
1.0
1.0
1.0
0.99999976
0.9999951
1.0
1.0
1.0
1.0
0.99999964
1.0
0.9999106
1.0
0.9999999
1.0
1.0
1.0
1.0
0.9999993
0.99999833
0.99425805
1.0
1.0
0.99995434
1.0
1.0
1.0
1.0
1.0
1.0
1.0
0.99999905
1.0
1.0
1.0
0.9999999
1.0
1.0
1.0
0.9996125
0.9999999
0.99792945
1.0
0.997537
1.0
1.0
1.0
1.0
1.0
1.0
1.0
0.9999994
1.0
1.0
1.0
1.0
1.0
1.0
1.0
1.0
1.0
1.0
1.0
0.98560333
1.0
1.0
1.0
1.0
1.0
1.0
1.0
1.0
1.0
1.0
0.99999607
1.0
1.0
1.0
0.9999927
1.0
1.0
1.0
1.0
1.0
1.0
1.0
1.0
0.5511753
0.9998362
1.0
1.0
1.0
1.0
1.0
0.7485416
0.9999981
0.99872965
1.0
1.0
1.0
1.0
1.0
1.0
0.96178234
1.0
1.0
0.9999945
1.0
1.0
1.0
1.0
1.0
1.0
1.0
1.0
1.0
1.0
0.9993204
0.99974436
0.9999999
1.0
1.0
1.0
1.0
1.0
1.0
1.0
1.0
1.0
1.0
1.0
1.0
1.0
1.0
0.99999905
1.0
1.0
1.0
1.0
1.0
0.96124595
0.9995722
1.0
1.0
1.0
1.0
1.0
1.0
1.0
1.0
1.0
1.0
1.0
1.0
0.98976606
1.0
0.99997115
0.9999994
1.0
0.9999974
0.99998546
1.0
0.99999845
1.0
0.9999999
1.0
0.997265
1.0
0.9999845
1.0
1.0
1.0
1.0
1.0
1.0
1.0
1.0
1.0
1.0
1.0
1.0
1.0
1.0
1.0
1.0
1.0
1.0
1.0
1.0
0.9999999
0.99999976
0.999992
1.0
1.0
1.0
0.99999964
1.0
1.0
1.0
1.0
1.0
0.99999857
1.0
1.0
0.9999995
1.0
1.0
1.0
1.0
0.9999999
1.0
1.0
1.0
1.0
0.99999976
1.0
1.0
1.0
1.0
0.9998865
1.0
0.9999999
0.9999958
0.99883395
0.99999976
1.0
1.0
1.0
1.0
1.0
0.99999845
0.99958223
0.99999976
1.0
1.0
1.0
0.65847474
1.0
1.0
1.0
1.0
1.0
1.0
1.0
1.0
1.0
0.999652
1.0
1.0
1.0
1.0
1.0
0.99999976
1.0
1.0
1.0
1.0
1.0
0.99949896
1.0
1.0
1.0
1.0
1.0
0.99999976
0.9999993
1.0
1.0
1.0
0.9999995
0.9922031
1.0
1.0
1.0
1.0
0.9999546
1.0
0.99968123
1.0
1.0
1.0
1.0
1.0
1.0
1.0
1.0
1.0
1.0
1.0
0.99999964
1.0
1.0
1.0
1.0
1.0
1.0
1.0
1.0
1.0
1.0
1.0
1.0
1.0
1.0
1.0
1.0
1.0
1.0
1.0
1.0
1.0
1.0
1.0
1.0
1.0
0.9999994
1.0
1.0
1.0
1.0
1.0
1.0
1.0
1.0
1.0
1.0
0.9999918
1.0
1.0
1.0
1.0
1.0
1.0
1.0
1.0
1.0
1.0
1.0
1.0
1.0
1.0
1.0
1.0
1.0
1.0
1.0
1.0
0.9999794
0.99999976
1.0
1.0
1.0
1.0
1.0
0.99999976
1.0
1.0
1.0
1.0
1.0
1.0
1.0
1.0
0.99999905
1.0
1.0
0.99997973
1.0
1.0
1.0
1.0
1.0
1.0
1.0
1.0
1.0
1.0
1.0
1.0
0.9999999
1.0
1.0
1.0
1.0
1.0
0.9999999
1.0
1.0
1.0
1.0
1.0
1.0
1.0
1.0
1.0
1.0
1.0
1.0
1.0
1.0
0.9999999
0.9999999
1.0
1.0
1.0
1.0
1.0
0.9992843
1.0
1.0
1.0
1.0
1.0
1.0
1.0
1.0
1.0
1.0
1.0
1.0
0.99998736
0.9999999
1.0
1.0
1.0
1.0
1.0
1.0
1.0
1.0
1.0
1.0
1.0
1.0
1.0
1.0
1.0
1.0
1.0
0.99859494
1.0
1.0
1.0
1.0
1.0
0.986246
1.0
0.9999999
1.0
1.0
1.0
1.0
1.0
1.0
1.0
1.0
1.0
0.9999994
1.0
1.0
1.0
1.0
1.0
1.0
1.0
1.0
1.0
1.0
1.0
1.0
1.0
1.0
1.0
1.0
0.99999547
1.0
1.0
1.0
1.0
0.9987972
1.0
0.9998424
1.0
0.99997497
1.0
1.0
1.0
1.0
1.0
1.0
1.0
1.0
1.0
1.0
1.0
1.0
1.0
1.0
1.0
1.0
1.0
0.99999213
1.0
1.0
1.0
1.0
1.0
1.0
0.9964495
1.0
1.0
1.0
1.0
1.0
1.0
1.0
1.0
1.0
1.0
1.0
1.0
1.0
1.0
1.0
1.0
1.0
0.99224174
1.0
1.0
1.0
0.99999917
1.0
1.0
1.0
1.0
1.0
1.0
1.0
1.0
1.0
1.0
0.9999976
1.0
1.0
1.0
0.999775
1.0
1.0
0.9998754
0.9999981
1.0
1.0
1.0
1.0
1.0
1.0
1.0
1.0
0.99969065
1.0
1.0
1.0
1.0
1.0
1.0
1.0
1.0
1.0
0.9977628
1.0
1.0
1.0
1.0
1.0
1.0
1.0
1.0
1.0
0.9999999
1.0
1.0
1.0
1.0
1.0
1.0
1.0
1.0
1.0
1.0
1.0
1.0
1.0
1.0
1.0
1.0
1.0
1.0
1.0
1.0
1.0
1.0
1.0
1.0
1.0
1.0
1.0
1.0
1.0
1.0
1.0
1.0
0.6470958
1.0
1.0
1.0
0.9999999
1.0
1.0
1.0
1.0
1.0
1.0
1.0
1.0
1.0
1.0
1.0
1.0
1.0
1.0
1.0
1.0
1.0
1.0
1.0
1.0
1.0
1.0
1.0
1.0
0.9999999
1.0
1.0
1.0
1.0
1.0
1.0
1.0
1.0
1.0
1.0
1.0
1.0
1.0
1.0
1.0
1.0
1.0
1.0
1.0
0.9999999
1.0
1.0
1.0
1.0
1.0
1.0
1.0
1.0
1.0
1.0
1.0
1.0
1.0
1.0
1.0
1.0
1.0
1.0
1.0
1.0
1.0
1.0
1.0
1.0
1.0
1.0
0.9999999
1.0
1.0
1.0
1.0
1.0
1.0
1.0
1.0
0.9999975
1.0
1.0
1.0
1.0
1.0
1.0
1.0
0.99999976
1.0
1.0
1.0
1.0
1.0
1.0
1.0
1.0
1.0
1.0
1.0
1.0
1.0
1.0
1.0
1.0
1.0
1.0
1.0
1.0
1.0
1.0
1.0
1.0
0.99996424
0.99987495
1.0
1.0
1.0
1.0
1.0
1.0
0.99475586
1.0
1.0
0.9999999
1.0
1.0
1.0
1.0
1.0
1.0
1.0
1.0
1.0
1.0
1.0
1.0
1.0
1.0
1.0
1.0
1.0
1.0
1.0
1.0
1.0
1.0
1.0
1.0
1.0
1.0
1.0
1.0
1.0
1.0
1.0
1.0
1.0
1.0
1.0
1.0
1.0
1.0
0.9999999
1.0
1.0
0.9999974
1.0
1.0
1.0
1.0
1.0
1.0
1.0
1.0
1.0
1.0
1.0
1.0
1.0
1.0
1.0
1.0
0.99999976
1.0
1.0
0.99999094
1.0
1.0
1.0
1.0
1.0
1.0
1.0
1.0
1.0
1.0
1.0
1.0
1.0
0.9999994
1.0
1.0
1.0
1.0
0.9999999
1.0
1.0
1.0
1.0
1.0
0.99999976
1.0
1.0
1.0
1.0
1.0
1.0
1.0
1.0
1.0
1.0
1.0
1.0
1.0
0.99999976
1.0
1.0
0.99999106
1.0
1.0
1.0
1.0
0.9999999
1.0
1.0
1.0
0.9999993
1.0
1.0
1.0
1.0
1.0
1.0
1.0
1.0
1.0
0.9999989
1.0
1.0
0.9999969
1.0
1.0
1.0
1.0
1.0
1.0
1.0
0.9999988
1.0
1.0
1.0
1.0
1.0
0.99999404
1.0
1.0
1.0
1.0
1.0
1.0
1.0
1.0
1.0
1.0
1.0
1.0
1.0
1.0
1.0
1.0
1.0
1.0
1.0
0.99999976
1.0
1.0
0.9999801
1.0
1.0
0.99999964
1.0
1.0
1.0
1.0
1.0
1.0
1.0
0.9911602
1.0
0.99999976
1.0
1.0
0.99999964
1.0
0.9999994
0.9996302
0.9999994
1.0
1.0
1.0
0.9999999
0.9999815
0.99989533
1.0
1.0
1.0
1.0
0.999966
0.9999988
1.0
1.0
1.0
1.0
1.0
1.0
1.0
1.0
0.9999993
1.0
1.0
1.0
1.0
1.0
1.0
1.0
1.0
1.0
1.0
1.0
0.9999403
0.9999819
1.0
1.0
1.0
1.0
1.0
1.0
1.0
1.0
1.0
1.0
0.9999962
1.0
1.0
1.0
1.0
1.0
1.0
1.0
1.0
1.0
1.0
0.9999999
1.0
1.0
1.0
0.9999995
1.0
1.0
1.0
1.0
0.99999964
0.9999995
1.0
1.0
1.0
1.0
0.999998
1.0
1.0
1.0
1.0
1.0
0.9999994
1.0
1.0
1.0
1.0
1.0
1.0
1.0
1.0
1.0
1.0
1.0
0.99999964
1.0
0.9968064
0.9998907
0.9771145
1.0
1.0
1.0
1.0
1.0
1.0
1.0
1.0
0.9999857
1.0
1.0
1.0
0.99864143
1.0
1.0
0.9995431
1.0
1.0
1.0
0.9999999
1.0
1.0
1.0
1.0
1.0
1.0
1.0
1.0
1.0
1.0
1.0
1.0
0.99999976
1.0
1.0
1.0
0.9999989
1.0
1.0
1.0
1.0
0.99999976
1.0
1.0
1.0
1.0
1.0
1.0
1.0
1.0
1.0
1.0
1.0
1.0
1.0
1.0
1.0
1.0
1.0
1.0
1.0
1.0
1.0
1.0
0.99999547
0.99999964
1.0
1.0
1.0
1.0
1.0
1.0
1.0
1.0
1.0
1.0
1.0
1.0
1.0
1.0
1.0
1.0
1.0
1.0
1.0
1.0
0.9999999
1.0
1.0
1.0
0.99997723
0.99999714
1.0
1.0
1.0
1.0
1.0
1.0
1.0
1.0
1.0
1.0
1.0
1.0
1.0
1.0
1.0
1.0
1.0
1.0
1.0
1.0
1.0
1.0
1.0
1.0
1.0
1.0
1.0
1.0
1.0
1.0
1.0
1.0
1.0
1.0
1.0
1.0
1.0
1.0
1.0
1.0
1.0
1.0
1.0
1.0
1.0
1.0
1.0
1.0
0.9995433
1.0
0.9999999
1.0
1.0
1.0
1.0
1.0
1.0
1.0
0.99939
0.98757553
1.0
0.99999976
1.0
1.0
1.0
1.0
1.0
1.0
1.0
1.0
1.0
1.0
1.0
1.0
0.9999981
1.0
1.0
0.99999106
0.9999999
1.0
1.0
1.0
1.0
0.99997497
1.0
1.0
1.0
1.0
1.0
1.0
1.0
1.0
1.0
1.0
1.0
1.0
1.0
0.9999995
1.0
1.0
1.0
1.0
1.0
1.0
1.0
1.0
1.0
0.9901107
0.9994832
0.99999917
0.99983275
1.0
1.0
1.0
1.0
1.0
1.0
1.0
1.0
1.0
0.99998915
1.0
1.0
1.0
1.0
1.0
0.8932372
1.0
1.0
1.0
0.9998217
1.0
0.99999976
1.0
0.9999397
1.0
1.0
1.0
1.0
1.0
1.0
1.0
1.0
0.9999995
0.99999833
1.0
1.0
1.0
0.9999999
1.0
1.0
1.0
0.99884254
0.9980135
1.0
1.0
0.9999995
1.0
0.9999999
0.99999976
0.99999976
1.0
1.0
0.99999714
1.0
1.0
1.0
1.0
0.9979086
0.9999999
0.99999976
0.99999964
1.0
0.9999999
1.0
0.9999994
1.0
0.9999554
0.9999995
1.0
1.0
1.0
0.9999995
1.0
1.0
1.0
1.0
1.0
1.0
1.0
1.0
0.99999964
1.0
1.0
0.9999894
1.0
1.0
0.99755305
1.0
0.9999784
1.0
1.0
0.99999976
1.0
1.0
1.0
0.99973947
1.0
0.9999876
1.0
1.0
1.0
1.0
0.9999975
1.0
1.0
0.9999995
1.0
1.0
0.99999857
1.0
0.99999547
1.0
1.0
0.9999994
0.9999987
1.0
1.0
1.0
1.0
0.99999964
1.0
1.0
1.0
0.9999999
1.0
0.9977635
1.0
1.0
1.0
1.0
0.9999999
0.9990452
0.9999999
0.9999988
1.0
1.0
1.0
1.0
1.0
1.0
0.99999917
0.9154919
1.0
1.0
0.99999475
1.0
1.0
1.0
1.0
1.0
1.0
0.7867544
1.0
0.9999652
1.0
1.0
1.0
1.0
1.0
1.0
1.0
0.99999905
1.0
1.0
1.0
1.0
1.0
0.9999999
1.0
0.9999999
0.9999999
1.0
0.9732608
1.0
1.0
0.99999976
1.0
1.0
1.0
1.0
1.0
1.0
1.0
1.0
0.99999976
1.0
0.9999993
1.0
1.0
1.0
1.0
1.0
1.0
1.0
1.0
1.0
1.0
1.0
1.0
1.0
1.0
1.0
1.0
1.0
1.0
1.0
1.0
1.0
1.0
1.0
1.0
1.0
1.0
1.0
1.0
1.0
1.0
0.9988476
1.0
1.0
1.0
0.99999785
1.0
1.0
1.0
1.0
0.5407346
1.0
0.999793
1.0
1.0
1.0
0.89461845
0.9238576
0.99997663
1.0
1.0
1.0
1.0
1.0
1.0
1.0
1.0
1.0
1.0
1.0
1.0
1.0
1.0
1.0
1.0
1.0
1.0
1.0
1.0
1.0
1.0
1.0
1.0
1.0
1.0
1.0
1.0
1.0
1.0
1.0
1.0
1.0
1.0
1.0
1.0
1.0
1.0
1.0
1.0
1.0
1.0
1.0
1.0
1.0
1.0
1.0
1.0
1.0
1.0
1.0
1.0
1.0
1.0
1.0
1.0
1.0
1.0
1.0
1.0
1.0
1.0
1.0
1.0
1.0
1.0
1.0
1.0
0.99996555
1.0
1.0
1.0
1.0
1.0
1.0
0.9999999
1.0
1.0
1.0
1.0
1.0
1.0
1.0
1.0
1.0
1.0
1.0
1.0
1.0
1.0
1.0
1.0
1.0
1.0
1.0
1.0
1.0
1.0
1.0
1.0
1.0
1.0
1.0
1.0
1.0
1.0
1.0
1.0
1.0
1.0
1.0
1.0
1.0
1.0
1.0
1.0
1.0
1.0
1.0
1.0
1.0
1.0
1.0
1.0
1.0
1.0
1.0
1.0
1.0
1.0
1.0
1.0
1.0
0.9999999
1.0
1.0
1.0
1.0
1.0
1.0
1.0
1.0
1.0
1.0
1.0
1.0
1.0
1.0
1.0
1.0
1.0
1.0
1.0
1.0
1.0
1.0
1.0
1.0
1.0
1.0
1.0
1.0
1.0
0.99999976
1.0
1.0
1.0
1.0
1.0
1.0
1.0
1.0
1.0
1.0
1.0
1.0
1.0
1.0
1.0
1.0
1.0
0.99999976
1.0
1.0
1.0
1.0
1.0
1.0
1.0
1.0
1.0
1.0
1.0
1.0
1.0
1.0
1.0
1.0
1.0
1.0
1.0
1.0
1.0
1.0
1.0
1.0
1.0
1.0
1.0
1.0
1.0
1.0
1.0
1.0
1.0
1.0
0.9998056
0.9999981
0.99995005
1.0
1.0
1.0
1.0
1.0
1.0
0.99996126
0.9999999
1.0
1.0
1.0
1.0
1.0
0.9999999
1.0
1.0
1.0
0.99999964
1.0
1.0
1.0
1.0
1.0
1.0
0.9999298
1.0
1.0
1.0
1.0
1.0
1.0
1.0
0.9999778
1.0
1.0
1.0
1.0
1.0
1.0
1.0
1.0
1.0
1.0
1.0
1.0
1.0
1.0
0.9999988
1.0
1.0
1.0
1.0
1.0
1.0
1.0
1.0
1.0
1.0
0.9999999
1.0
1.0
1.0
1.0
1.0
1.0
1.0
1.0
1.0
1.0
1.0
1.0
1.0
1.0
1.0
1.0
1.0
1.0
0.9999827
1.0
1.0
1.0
1.0
1.0
1.0
1.0
1.0
0.9999969
1.0
1.0
1.0
1.0
1.0
1.0
1.0
1.0
1.0
1.0
1.0
1.0
1.0
1.0
0.99999976
1.0
1.0
1.0
1.0
1.0
1.0
1.0
1.0
1.0
0.9387878
1.0
1.0
1.0
1.0
1.0
1.0
0.9999999
1.0
1.0
1.0
1.0
0.9999995
1.0
1.0
1.0
1.0
1.0
1.0
1.0
1.0
1.0
1.0
0.99999905
1.0
1.0
1.0
0.9999714
1.0
1.0
1.0
1.0
1.0
0.99998915
0.9999999
0.99999845
1.0
1.0
1.0
0.9999995
1.0
1.0
1.0
1.0
0.9999999
1.0
1.0
1.0
0.9999989
0.9987816
0.7609655
0.99999964
0.9999926
0.98612183
0.9999993
0.99028975
0.9923873
1.0
1.0
1.0
1.0
1.0
1.0
0.99996674
0.999233
0.99999857
0.7374229
0.99899477
1.0
0.99834573
0.9999995
0.9224841
0.99999964
0.99999225
1.0
1.0
1.0
1.0
1.0
1.0
1.0
1.0
1.0
1.0
1.0
1.0
1.0
0.99956006
1.0
1.0
1.0
1.0
0.97001004
0.9989987
0.9970884
1.0
1.0
1.0
0.9999325
1.0
0.99999475
1.0
1.0
0.9999609
1.0
0.99999964
1.0
1.0
1.0
0.999974
0.9999951
1.0
0.99999964
0.9999999
1.0
1.0
1.0
0.999987
1.0
0.9999999
0.55749726
1.0
0.99999917
1.0
1.0
1.0
0.99999976
0.9993523
1.0
1.0
1.0
0.99999976
1.0
1.0
1.0
1.0
1.0
1.0
1.0
1.0
0.9999987
1.0
1.0
1.0
1.0
1.0
0.95895416
1.0
1.0
1.0
1.0
1.0
1.0
1.0
1.0
1.0
0.9999988
0.9999995
1.0
1.0
1.0
1.0
1.0
1.0
1.0
1.0
1.0
0.9999999
1.0
1.0
1.0
1.0
0.9999999
1.0
1.0
0.9999999
1.0
1.0
1.0
1.0
1.0
1.0
1.0
0.999998
1.0
1.0
0.99999857
1.0
1.0
0.99999976
1.0
1.0
1.0
1.0
1.0
1.0
1.0
1.0
1.0
1.0
1.0
0.999998
1.0
1.0
1.0
0.9999999
1.0
1.0
1.0
1.0
1.0
1.0
1.0
0.99999976
1.0
1.0
0.9998374
0.9999999
1.0
1.0
1.0
1.0
1.0
1.0
1.0
0.99999976
1.0
0.9999914
1.0
1.0
1.0
1.0
1.0
1.0
1.0
0.99827945
0.9999975
1.0
0.99999976
0.99389404
0.9999999
1.0
0.99995804
1.0
0.99999905
1.0
1.0
1.0
1.0
0.9999999
0.9970989
0.9999776
1.0
1.0
0.9999969
1.0
1.0
0.9999993
1.0
0.99999356
1.0
1.0
1.0
0.99999857
0.9999764
1.0
1.0
1.0
1.0
1.0
1.0
1.0
1.0
1.0
1.0
0.9999987
1.0
1.0
0.91655374
0.9999994
0.999998
1.0
1.0
1.0
1.0
1.0
0.99999964
1.0
0.9999999
1.0
1.0
0.99964786
1.0
1.0
1.0
1.0
1.0
1.0
1.0
1.0
1.0
1.0
0.99999785
1.0
1.0
1.0
1.0
1.0
0.99999976
1.0
1.0
1.0
0.9999989
1.0
1.0
1.0
1.0
1.0
1.0
1.0
1.0
1.0
1.0
1.0
1.0
1.0
1.0
1.0
1.0
1.0
1.0
1.0
1.0
1.0
1.0
1.0
1.0
1.0
1.0
1.0
1.0
1.0
0.992061
1.0
1.0
1.0
1.0
0.99999905
1.0
1.0
1.0
1.0
1.0
1.0
1.0
1.0
1.0
1.0
1.0
1.0
1.0
1.0
1.0
1.0
1.0
1.0
1.0
1.0
1.0
1.0
1.0
1.0
1.0
1.0
1.0
1.0
1.0
1.0
0.99769396
1.0
0.9999999
1.0
1.0
1.0
1.0
1.0
0.99999976
1.0
1.0
1.0
0.99999344
1.0
1.0
1.0
1.0
1.0
1.0
0.9999999
1.0
1.0
1.0
0.9999976
1.0
1.0
1.0
0.9999988
1.0
0.9999999
1.0
1.0
1.0
1.0
1.0
1.0
0.99999666
1.0
1.0
1.0
1.0
1.0
1.0
1.0
1.0
1.0
1.0
1.0
1.0
1.0
1.0
1.0
1.0
1.0
1.0
1.0
1.0
1.0
1.0
1.0
1.0
1.0
0.9999008
1.0
1.0
1.0
1.0
1.0
1.0
1.0
1.0
0.99998736
1.0
1.0
1.0
1.0
1.0
1.0
1.0
1.0
1.0
1.0
1.0
1.0
1.0
1.0
1.0
1.0
1.0
1.0
1.0
1.0
1.0
1.0
1.0
1.0
1.0
1.0
0.9999993
1.0
1.0
1.0
1.0
1.0
1.0
1.0
1.0
1.0
1.0
1.0
1.0
1.0
1.0
1.0
1.0
1.0
1.0
1.0
1.0
1.0
1.0
1.0
1.0
1.0
1.0
1.0
1.0
1.0
1.0
1.0
1.0
1.0
1.0
1.0
1.0
1.0
1.0
1.0
1.0
1.0
1.0
1.0
1.0
1.0
1.0
0.9999999
1.0
0.99999917
0.9999982
1.0
1.0
1.0
1.0
1.0
1.0
1.0
1.0
1.0
1.0
1.0
1.0
1.0
1.0
1.0
1.0
1.0
0.9998361
1.0
1.0
1.0
1.0
0.99888176
1.0
1.0
1.0
1.0
1.0
1.0
1.0
1.0
1.0
0.9999989
1.0
1.0
1.0
1.0
1.0
1.0
0.9999968
1.0
1.0
0.9999999
1.0
1.0
1.0
1.0
1.0
1.0
0.9999993
1.0
1.0
1.0
1.0
1.0
1.0
1.0
0.9999968
1.0
1.0
1.0
0.9999919
0.9999999
0.9999944
1.0
1.0
0.9999999
1.0
0.99999964
1.0
1.0
1.0
1.0
1.0
1.0
0.9999968
1.0
1.0
1.0
1.0
1.0
1.0
1.0
0.9999994
1.0
1.0
1.0
1.0
1.0
0.9989279
1.0
1.0
1.0
1.0
1.0
1.0
1.0
1.0
1.0
1.0
0.9999989
1.0
1.0
0.99998593
1.0
1.0
1.0
1.0
1.0
1.0
1.0
1.0
1.0
1.0
1.0
1.0
0.99999905
1.0
1.0
1.0
1.0
1.0
0.9991492
1.0
0.99999976
1.0
1.0
1.0
1.0
1.0
1.0
1.0
1.0
1.0
1.0
1.0
1.0
1.0
1.0
1.0
1.0
1.0
1.0
1.0
1.0
1.0
1.0
1.0
1.0
1.0
1.0
1.0
1.0
1.0
1.0
1.0
1.0
1.0
1.0
1.0
1.0
1.0
1.0
1.0
1.0
1.0
0.9999976
1.0
1.0
1.0
1.0
1.0
1.0
1.0
1.0
1.0
0.9999999
1.0
0.9999999
1.0
0.9936904
1.0
1.0
1.0
0.98666304
0.9999999
1.0
1.0
0.9999999
1.0
1.0
1.0
1.0
1.0
0.9999999
1.0
1.0
1.0
1.0
1.0
1.0
0.99999833
1.0
0.99780947
1.0
1.0
1.0
1.0
0.9998598
1.0
1.0
1.0
1.0
0.99999976
1.0
1.0
1.0
0.9999473
1.0
1.0
1.0
1.0
1.0
1.0
1.0
1.0
1.0
1.0
1.0
0.9999999
0.9999999
1.0
1.0
1.0
1.0
0.9999999
0.9999975
1.0
1.0
1.0
1.0
1.0
1.0
1.0
1.0
1.0
1.0
1.0
1.0
1.0
1.0
1.0
1.0
1.0
1.0
1.0
1.0
1.0
1.0
0.9999999
1.0
1.0
1.0
1.0
1.0
1.0
1.0
1.0
1.0
1.0
1.0
1.0
1.0
1.0
1.0
1.0
1.0
0.9999993
1.0
1.0
1.0
1.0
1.0
1.0
1.0
1.0
1.0
1.0
1.0
1.0
1.0
1.0
1.0
1.0
1.0
1.0
1.0
1.0
1.0
1.0
1.0
1.0
1.0
0.9999999
1.0
0.99999976
1.0
1.0
1.0
1.0
1.0
1.0
1.0
1.0
1.0
1.0
1.0
0.9999964
1.0
1.0
1.0
1.0
0.9999906
1.0
1.0
1.0
1.0
1.0
1.0
1.0
1.0
1.0
1.0
1.0
1.0
1.0
1.0
1.0
1.0
1.0
1.0
1.0
1.0
1.0
1.0
1.0
1.0
1.0
1.0
1.0
1.0
1.0
1.0
1.0
1.0
1.0
1.0
1.0
1.0
1.0
1.0
1.0
1.0
1.0
1.0
1.0
1.0
1.0
1.0
0.9999995
1.0
1.0
0.9999995
1.0
1.0
1.0
1.0
1.0
1.0
1.0
1.0
1.0
1.0
0.9999994
1.0
1.0
1.0
1.0
1.0
1.0
1.0
1.0
1.0
1.0
1.0
0.99999964
1.0
1.0
1.0
1.0
0.99999166
1.0
0.999393
1.0
1.0
0.9999995
1.0
1.0
1.0
0.9999559
1.0
1.0
1.0
0.9999999
1.0
0.99999785
1.0
1.0
1.0
0.99994385
1.0
1.0
1.0
1.0
1.0
1.0
1.0
1.0
1.0
0.99999964
1.0
1.0
1.0
0.9999999
1.0
1.0
1.0
1.0
1.0
0.9999999
0.957053
0.9999995
1.0
1.0
0.9999995
1.0
1.0
1.0
1.0
1.0
1.0
0.99997103
1.0
1.0
1.0
1.0
1.0
1.0
1.0
0.99999905
0.9999993
1.0
1.0
1.0
1.0
1.0
0.9999944
1.0
1.0
1.0
1.0
0.9999999
1.0
0.99999595
1.0
1.0
1.0
1.0
1.0
1.0
1.0
1.0
0.9999993
1.0
1.0
1.0
1.0
1.0
1.0
1.0
1.0
1.0
0.9999989
1.0
1.0
1.0
1.0
1.0
1.0
1.0
1.0
1.0
1.0
1.0
1.0
1.0
1.0
0.99999905
1.0
1.0
1.0
1.0
1.0
0.99999964
1.0
1.0
1.0
1.0
1.0
1.0
0.9999968
1.0
1.0
1.0
0.9999999
1.0
1.0
1.0
1.0
1.0
1.0
1.0
1.0
0.999984
1.0
1.0
1.0
0.99999833
1.0
1.0
1.0
1.0
0.9999999
1.0
1.0
1.0
1.0
1.0
0.99999475
1.0
1.0
1.0
1.0
1.0
0.99999976
1.0
1.0
1.0
1.0
1.0
1.0
1.0
1.0
1.0
1.0
1.0
1.0
1.0
1.0
1.0
1.0
1.0
1.0
1.0
0.99999857
1.0
1.0
1.0
1.0
1.0
1.0
1.0
1.0
1.0
1.0
1.0
1.0
0.99999917
1.0
1.0
1.0
1.0
1.0
1.0
1.0
1.0
1.0
1.0
1.0
1.0
1.0
1.0
1.0
1.0
1.0
0.99999833
0.9999999
1.0
1.0
0.9999999
1.0
1.0
1.0
1.0
1.0
1.0
1.0
1.0
1.0
0.99998343
1.0
1.0
1.0
1.0
0.9999999
1.0
1.0
1.0
1.0
1.0
1.0
1.0
1.0
1.0
1.0
1.0
1.0
1.0
1.0
1.0
1.0
1.0
1.0
1.0
1.0
1.0
1.0
0.99999964
1.0
1.0
1.0
1.0
1.0
1.0
1.0
1.0
1.0
1.0
1.0
1.0
1.0
1.0
1.0
1.0
1.0
1.0
1.0
1.0
1.0
1.0
1.0
1.0
1.0
1.0
1.0
1.0
1.0
1.0
1.0
1.0
1.0
1.0
1.0
1.0
1.0
1.0
1.0
1.0
0.9999999
1.0
1.0
1.0
1.0
1.0
1.0
1.0
0.99999976
0.9999999
1.0
1.0
0.99999726
0.9999999
0.9999999
0.9999845
0.9999902
1.0
1.0
0.9999999
1.0
1.0
1.0
1.0
1.0
1.0
1.0
1.0
1.0
0.99999845
1.0
1.0
1.0
1.0
1.0
1.0
1.0
1.0
1.0
1.0
1.0
1.0
1.0
1.0
1.0
1.0
1.0
1.0
1.0
1.0
1.0
1.0
0.9999976
0.99999976
1.0
1.0
1.0
1.0
1.0
1.0
1.0
0.9999994
1.0
0.99999964
0.9999999
1.0
1.0
1.0
1.0
0.9999999
0.9999999
1.0
1.0
1.0
1.0
1.0
1.0
0.99997973
1.0
1.0
0.99999774
1.0
1.0
1.0
1.0
1.0
1.0
1.0
1.0
1.0
1.0
1.0
0.99996483
0.9999906
1.0
0.9999999
1.0
1.0
1.0
1.0
1.0
0.9999999
1.0
1.0
1.0
1.0
0.9999999
1.0
1.0
1.0
1.0
1.0
1.0
1.0
1.0
1.0
1.0
1.0
1.0
0.99999857
0.9999982
0.99999976
0.9994809
0.99999917
1.0
0.99984884
1.0
0.99999607
1.0
0.9910726
0.9997929
0.99980766
1.0
0.99565303
1.0
1.0
0.99999535
0.9999989
0.9999993
0.99999607
0.9998486
1.0
1.0
1.0
1.0
1.0
1.0
1.0
1.0
1.0
1.0
1.0
1.0
1.0
1.0
1.0
1.0
1.0
1.0
1.0
1.0
1.0
1.0
1.0
1.0
1.0
0.9999981
1.0
1.0
1.0
1.0
0.9999994
1.0
1.0
1.0
1.0
1.0
0.99999976
1.0
0.9996345
0.9999999
1.0
0.9999182
0.9999999
1.0
0.9999968
1.0
1.0
1.0
0.9999999
1.0
0.9999995
1.0
1.0
0.9999919
0.99999714
0.9999999
0.9999809
0.9999827
1.0
1.0
0.999998
1.0
1.0
0.9999999
0.9988116
1.0
0.9999968
0.9999337
0.9999999
1.0
1.0
1.0
1.0
0.9999995
1.0
1.0
1.0
1.0
1.0
1.0
1.0
1.0
1.0
1.0
0.99999964
1.0
1.0
1.0
1.0
1.0
1.0
1.0
1.0
1.0
1.0
1.0
1.0
1.0
1.0
1.0
1.0
1.0
1.0
0.99999976
1.0
1.0
1.0
1.0
1.0
1.0
0.99973625
1.0
1.0
1.0
1.0
1.0
1.0
1.0
1.0
1.0
1.0
1.0
1.0
1.0
0.99999905
0.9999999
1.0
1.0
1.0
0.99999964
0.99997926
1.0
1.0
1.0
1.0
1.0
1.0
0.9999999
1.0
1.0
1.0
1.0
0.9999994
1.0
1.0
1.0
1.0
0.9999999
1.0
1.0
1.0
1.0
1.0
1.0
1.0
0.99999964
1.0
1.0
1.0
0.9999962
1.0
1.0
1.0
1.0
1.0
1.0
1.0
1.0
1.0
0.9999999
1.0
1.0
1.0
1.0
1.0
1.0
1.0
1.0
1.0
1.0
1.0
1.0
1.0
1.0
1.0
1.0
1.0
1.0
1.0
1.0
1.0
1.0
1.0
1.0
1.0
1.0
1.0
1.0
0.9527784
1.0
0.9937133
1.0
0.9999927
0.9999932
0.9999995
1.0
1.0
1.0
0.9973647
1.0
0.9999982
1.0
1.0
1.0
1.0
1.0
1.0
0.9999975
0.99998033
1.0
0.9999999
1.0
1.0
1.0
1.0
0.9999999
1.0
0.99999964
1.0
1.0
0.999946
0.9997979
0.9999883
0.8378781
0.9999094
1.0
0.99997807
1.0
1.0
1.0
1.0
0.9995963
0.99999976
0.99994826
0.9998981
0.9999974
0.99999666
1.0
1.0
0.9999949
1.0
1.0
1.0
1.0
0.99997914
1.0
1.0
1.0
1.0
1.0
1.0
1.0
1.0
1.0
1.0
0.9999999
1.0
0.9994286
1.0
1.0
1.0
1.0
1.0
1.0
1.0
1.0
1.0
1.0
0.99999833
1.0
1.0
1.0
0.9999999
1.0
1.0
1.0
1.0
1.0
1.0
1.0
1.0
1.0
0.9999993
1.0
1.0
1.0
1.0
1.0
1.0
1.0
1.0
1.0
1.0
1.0
1.0
1.0
1.0
1.0
1.0
1.0
1.0
1.0
1.0
1.0
1.0
1.0
1.0
1.0
1.0
1.0
0.9999819
0.99947613
1.0
0.9999999
1.0
1.0
1.0
1.0
1.0
1.0
1.0
1.0
1.0
1.0
1.0
0.99999845
1.0
0.99999976
1.0
1.0
1.0
1.0
0.99999976
1.0
1.0
1.0
1.0
1.0
1.0
1.0
1.0
1.0
1.0
1.0
1.0
1.0
1.0
1.0
1.0
1.0
1.0
1.0
1.0
1.0
1.0
1.0
1.0
0.9999999
1.0
1.0
1.0
1.0
1.0
1.0
1.0
1.0
1.0
1.0
1.0
1.0
1.0
1.0
0.99999857
0.9999995
0.9999944
0.9897629
1.0
1.0
1.0
1.0
1.0
1.0
0.99999905
0.9999995
1.0
0.9999999
1.0
1.0
0.9999882
1.0
1.0
0.99999917
1.0
1.0
1.0
1.0
1.0
1.0
1.0
1.0
1.0
0.9999999
0.97974867
0.99999976
0.9999939
1.0
0.99999595
1.0
1.0
1.0
1.0
0.9999999
1.0
1.0
1.0
0.9999981
0.99998796
0.99999523
1.0
1.0
1.0
1.0
1.0
1.0
0.9999999
1.0
1.0
1.0
1.0
1.0
1.0
1.0
1.0
1.0
1.0
1.0
1.0
1.0
1.0
1.0
0.98735887
1.0
1.0
1.0
0.9999316
0.99943274
1.0
1.0
1.0
0.99989593
0.99999917
0.9999994
0.9999981
1.0
0.7342269
0.999514
1.0
1.0
1.0
1.0
1.0
0.9999938
1.0
0.99999857
1.0
1.0
1.0
1.0
1.0
1.0
1.0
1.0
1.0
1.0
1.0
1.0
1.0
1.0
0.99999297
1.0
1.0
1.0
1.0
1.0
1.0
1.0
1.0
1.0
1.0
1.0
1.0
1.0
1.0
1.0
1.0
1.0
1.0
1.0
1.0
1.0
1.0
0.99999976
1.0
1.0
0.99971706
0.99998724
1.0
1.0
1.0
1.0
1.0
0.9999224
1.0
1.0
1.0
1.0
1.0
1.0
1.0
1.0
1.0
1.0
1.0
1.0
1.0
1.0
0.99999106
1.0
1.0
1.0
1.0
1.0
1.0
1.0
1.0
0.9990314
1.0
0.7253517
1.0
1.0
1.0
1.0
1.0
1.0
1.0
1.0
1.0
1.0
1.0
1.0
1.0
1.0
1.0
1.0
1.0
0.99999106
1.0
1.0
1.0
1.0
0.9999999
1.0
1.0
1.0
1.0
1.0
1.0
1.0
1.0
1.0
1.0
1.0
1.0
1.0
1.0
1.0
1.0
1.0
1.0
1.0
1.0
1.0
1.0
1.0
1.0
1.0
1.0
1.0
0.99996626
1.0
1.0
1.0
1.0
1.0
1.0
1.0
1.0
1.0
0.99999917
1.0
1.0
1.0
1.0
1.0
1.0
1.0
1.0
1.0
1.0
1.0
1.0
1.0
1.0
1.0
1.0
0.99999905
1.0
1.0
1.0
1.0
0.99999964
1.0
1.0
1.0
0.99997187
1.0
0.9999989
0.9999999
1.0
1.0
1.0
0.99988115
1.0
0.9999999
1.0
1.0
1.0
0.99998474
0.9999434
0.99999976
1.0
1.0
1.0
1.0
1.0
1.0
1.0
1.0
0.9999348
0.98590475
1.0
1.0
0.9999932
1.0
0.99999976
1.0
0.6637049
1.0
1.0
1.0
1.0
1.0
1.0
1.0
1.0
1.0
1.0
1.0
0.9999974
1.0
0.99999964
1.0
1.0
1.0
1.0
1.0
1.0
1.0
1.0
1.0
1.0
1.0
1.0
1.0
1.0
1.0
1.0
1.0
1.0
1.0
1.0
1.0
1.0
1.0
1.0
1.0
1.0
1.0
1.0
1.0
1.0
1.0
1.0
1.0
1.0
1.0
1.0
1.0
1.0
1.0
1.0
1.0
1.0
0.99978083
1.0
1.0
1.0
1.0
1.0
1.0
1.0
1.0
1.0
1.0
1.0
1.0
1.0
1.0
1.0
1.0
1.0
1.0
1.0
1.0
1.0
1.0
0.99999917
1.0
1.0
1.0
1.0
1.0
1.0
1.0
0.9999999
1.0
1.0
1.0
1.0
1.0
1.0
1.0
1.0
1.0
1.0
1.0
1.0
1.0
1.0
1.0
1.0
1.0
1.0
1.0
1.0
1.0
0.9999999
1.0
1.0
1.0
1.0
1.0
1.0
1.0
1.0
1.0
1.0
1.0
1.0
1.0
1.0
1.0
1.0
1.0
1.0
1.0
1.0
1.0
1.0
1.0
1.0
1.0
1.0
1.0
1.0
1.0
1.0
1.0
1.0
1.0
1.0
1.0
1.0
1.0
1.0
1.0
1.0
1.0
1.0
1.0
1.0
1.0
1.0
1.0
1.0
1.0
1.0
1.0
1.0
1.0
1.0
1.0
1.0
1.0
1.0
1.0
1.0
1.0
1.0
1.0
1.0
1.0
1.0
1.0
1.0
1.0
1.0
1.0
1.0
1.0
1.0
1.0
1.0
1.0
1.0
1.0
1.0
1.0
1.0
1.0
1.0
1.0
1.0
1.0
1.0
1.0
1.0
1.0
1.0
1.0
1.0
1.0
1.0
1.0
1.0
1.0
1.0
0.99994767
1.0
1.0
1.0
1.0
1.0
1.0
1.0
1.0
1.0
1.0
1.0
1.0
1.0
1.0
1.0
1.0
1.0
1.0
1.0
1.0
1.0
1.0
1.0
1.0
1.0
1.0
1.0
1.0
1.0
1.0
1.0
1.0
1.0
1.0
1.0
1.0
1.0
1.0
1.0
1.0
1.0
1.0
0.9999999
1.0
1.0
1.0
1.0
1.0
1.0
1.0
1.0
1.0
1.0
1.0
1.0
1.0
1.0
1.0
1.0
1.0
1.0
1.0
1.0
1.0
1.0
1.0
1.0
1.0
1.0
1.0
1.0
1.0
1.0
1.0
1.0
1.0
1.0
1.0
1.0
1.0
1.0
1.0
1.0
1.0
1.0
1.0
1.0
1.0
1.0
1.0
1.0
1.0
1.0
1.0
1.0
1.0
1.0
1.0
1.0
1.0
1.0
1.0
1.0
1.0
1.0
1.0
1.0
1.0
1.0
1.0
1.0
1.0
1.0
1.0
1.0
1.0
1.0
1.0
1.0
1.0
1.0
1.0
1.0
1.0
1.0
1.0
1.0
1.0
1.0
1.0
1.0
1.0
1.0
1.0
1.0
1.0
1.0
1.0
1.0
1.0
1.0
1.0
1.0
0.9999937
1.0
1.0
1.0
1.0
0.99999964
1.0
0.99999774
1.0
1.0
1.0
1.0
1.0
1.0
1.0
1.0
1.0
1.0
1.0
1.0
1.0
1.0
1.0
1.0
0.9999989
1.0
1.0
1.0
1.0
1.0
1.0
0.9999987
1.0
1.0
1.0
1.0
1.0
1.0
1.0
1.0
1.0
1.0
1.0
1.0
1.0
1.0
1.0
1.0
1.0
1.0
1.0
1.0
1.0
1.0
1.0
1.0
1.0
1.0
1.0
1.0
1.0
1.0
0.9999999
1.0
1.0
1.0
1.0
1.0
1.0
1.0
0.99999106
1.0
1.0
1.0
1.0
1.0
1.0
1.0
1.0
1.0
1.0
1.0
1.0
1.0
1.0
1.0
1.0
1.0
1.0
1.0
1.0
1.0
1.0
1.0
1.0
1.0
1.0
1.0
1.0
1.0
1.0
1.0
1.0
1.0
1.0
1.0
1.0
1.0
1.0
1.0
1.0
1.0
1.0
1.0
1.0
1.0
0.99999857
1.0
1.0
1.0
1.0
1.0
1.0
0.99999774
1.0
1.0
1.0
0.99953425
0.9999976
1.0
0.9999999
1.0
0.99999976
0.99487984
0.9999962
0.9999989
1.0
0.99576265
1.0
1.0
1.0
1.0
0.99820256
0.9999521
0.9999999
1.0
1.0
1.0
1.0
1.0
1.0
1.0
1.0
1.0
0.99999964
1.0
0.99999976
0.99999976
1.0
1.0
1.0
0.9999999
0.9999995
0.99999964
1.0
1.0
1.0
1.0
1.0
1.0
1.0
1.0
1.0
1.0
1.0
0.9999994
1.0
1.0
1.0
1.0
1.0
1.0
1.0
1.0
1.0
1.0
1.0
0.99999857
1.0
0.9906052
1.0
1.0
1.0
1.0
1.0
1.0
1.0
1.0
1.0
0.9999999
1.0
1.0
1.0
1.0
1.0
1.0
1.0
1.0
1.0
1.0
1.0
1.0
1.0
1.0
1.0
1.0
1.0
1.0
1.0
1.0
1.0
1.0
1.0
1.0
1.0
1.0
1.0
1.0
0.99999607
1.0
0.9999999
1.0
1.0
1.0
1.0
1.0
1.0
1.0
1.0
1.0
1.0
0.99996865
1.0
1.0
1.0
1.0
1.0
1.0
1.0
1.0
1.0
1.0
1.0
1.0
1.0
1.0
1.0
1.0
1.0
0.99999535
1.0
1.0
1.0
1.0
1.0
1.0
1.0
1.0
1.0
1.0
1.0
1.0
1.0
1.0
1.0
1.0
0.9999529
1.0
1.0
1.0
1.0
0.9999999
1.0
1.0
1.0
1.0
1.0
1.0
1.0
1.0
1.0
1.0
1.0
1.0
1.0
1.0
1.0
1.0
1.0
1.0
1.0
1.0
1.0
1.0
1.0
1.0
0.99999964
1.0
1.0
0.999997
1.0
1.0
1.0
1.0
1.0
1.0
1.0
1.0
1.0
1.0
1.0
1.0
1.0
1.0
1.0
1.0
1.0
1.0
1.0
1.0
1.0
1.0
0.99999714
1.0
1.0
1.0
1.0
1.0
1.0
1.0
1.0
1.0
1.0
0.9999664
1.0
1.0
1.0
1.0
1.0
1.0
1.0
1.0
1.0
1.0
1.0
1.0
1.0
1.0
1.0
1.0
1.0
1.0
1.0
0.9999999
1.0
1.0
1.0
1.0
1.0
1.0
0.99999535
0.99999917
1.0
1.0
1.0
1.0
1.0
0.99999917
1.0
1.0
1.0
1.0
1.0
1.0
1.0
1.0
1.0
1.0
1.0
1.0
1.0
1.0
1.0
1.0
1.0
1.0
1.0
1.0
0.99999964
1.0
1.0
1.0
1.0
1.0
1.0
1.0
1.0
1.0
1.0
1.0
1.0
1.0
1.0
1.0
1.0
1.0
1.0
1.0
1.0
1.0
1.0
1.0
1.0
1.0
1.0
1.0
1.0
1.0
1.0
1.0
1.0
1.0
1.0
1.0
0.9999999
1.0
1.0
1.0
1.0
1.0
1.0
1.0
1.0
1.0
1.0
1.0
1.0
1.0
1.0
1.0
1.0
1.0
1.0
1.0
1.0
1.0
1.0
1.0
1.0
1.0
0.99999595
1.0
1.0
1.0
1.0
1.0
1.0
1.0
1.0
1.0
1.0
1.0
1.0
1.0
1.0
1.0
1.0
1.0
1.0
1.0
1.0
1.0
1.0
1.0
1.0
1.0
1.0
1.0
1.0
1.0
1.0
1.0
1.0
0.99999976
1.0
1.0
1.0
1.0
1.0
1.0
0.999946
1.0
1.0
1.0
1.0
1.0
0.9999993
1.0
1.0
1.0
0.9999994
1.0
1.0
1.0
1.0
1.0
1.0
1.0
1.0
1.0
1.0
1.0
1.0
1.0
1.0
1.0
1.0
1.0
1.0
1.0
1.0
1.0
1.0
1.0
1.0
1.0
1.0
1.0
1.0
0.9997714
0.99999034
1.0
1.0
0.99999976
0.99999917
1.0
1.0
1.0
1.0
1.0
1.0
1.0
1.0
1.0
1.0
1.0
1.0
1.0
1.0
1.0
1.0
1.0
1.0
1.0
0.99997675
1.0
1.0
1.0
1.0
1.0
1.0
1.0
1.0
1.0
0.99999917
1.0
1.0
1.0
1.0
1.0
1.0
1.0
1.0
1.0
1.0
1.0
1.0
1.0
1.0
1.0
1.0
1.0
1.0
1.0
1.0
1.0
0.9999999
1.0
1.0
1.0
0.9999999
1.0
1.0
1.0
1.0
1.0
1.0
1.0
0.9999995
0.9999999
0.9999976
1.0
1.0
0.99999976
1.0
0.9999993
1.0
1.0
0.9999566
1.0
1.0
1.0
1.0
0.992784
1.0
1.0
0.9999999
1.0
1.0
1.0
0.99999905
1.0
1.0
1.0
1.0
0.99991786
1.0
1.0
1.0
1.0
0.99999964
1.0
1.0
1.0
1.0
0.9999995
1.0
1.0
0.95624006
1.0
1.0
1.0
0.9999994
1.0
1.0
1.0
0.9999908
0.99998593
0.9866708
1.0
1.0
1.0
1.0
1.0
0.99998724
1.0
1.0
0.99999964
0.9999999
1.0
1.0
1.0
1.0
1.0
1.0
1.0
1.0
1.0
1.0
1.0
1.0
1.0
1.0
1.0
1.0
1.0
1.0
1.0
1.0
0.99998796
1.0
1.0
1.0
1.0
1.0
1.0
1.0
1.0
1.0
1.0
1.0
1.0
1.0
1.0
1.0
0.9241482
1.0
1.0
1.0
1.0
1.0
1.0
0.9999988
1.0
0.9999999
1.0
1.0
0.99999845
1.0
1.0
1.0
1.0
1.0
1.0
1.0
0.999995
1.0
1.0
1.0
1.0
0.99997807
0.9999999
1.0
1.0
1.0
0.9999815
1.0
1.0
0.99754685
1.0
0.9999964
0.99999976
0.99999976
0.99999833
1.0
0.99975437
1.0
1.0
1.0
1.0
1.0
1.0
0.980212
1.0
0.99979764
0.99998295
0.6676136
1.0
1.0
1.0
0.92639697
0.9997696
1.0
0.99993026
1.0
1.0
1.0
0.9999995
1.0
1.0
0.99999964
0.99990535
1.0
1.0
1.0
1.0
0.99999475
1.0
1.0
0.9999944
1.0
0.9999999
0.99957806
0.9999993
0.9999999
1.0
1.0
0.9999497
1.0
1.0
1.0
1.0
1.0
1.0
1.0
1.0
0.9999995
0.76943606
1.0
1.0
1.0
1.0
1.0
1.0
0.9999999
0.9999908
1.0
1.0
1.0
1.0
0.7137251
0.9999994
0.9999999
1.0
0.9999999
1.0
0.99961406
0.99998796
0.99999356
1.0
1.0
1.0
1.0
1.0
1.0
1.0
1.0
1.0
1.0
1.0
1.0
1.0
0.99966455
1.0
0.99999356
1.0
1.0
0.9999995
1.0
1.0
1.0
0.9999999
1.0
1.0
0.99993455
1.0
1.0
1.0
0.9999999
0.99999976
1.0
0.99998534
1.0
0.9999994
1.0
1.0
1.0
1.0
0.999967
0.99999106
1.0
1.0
1.0
0.9999989
1.0
1.0
1.0
0.9997904
0.9999988
0.998803
0.99975604
1.0
0.9994609
1.0
1.0
1.0
1.0
1.0
1.0
1.0
0.99903584
1.0
1.0
1.0
1.0
0.99999976
0.9974527
1.0
0.96420306
1.0
1.0
1.0
1.0
1.0
1.0
0.9999548
1.0
0.9999857
1.0
0.9999999
0.9999999
1.0
1.0
1.0
1.0
1.0
1.0
1.0
1.0
1.0
0.95172596
0.99999774
1.0
1.0
1.0
1.0
1.0
1.0
0.9999944
1.0
1.0
0.9999999
1.0
1.0
1.0
1.0
0.9999989
1.0
1.0
0.99750155
1.0
1.0
1.0
1.0
0.99999976
1.0
1.0
1.0
0.99999964
1.0
1.0
1.0
1.0
1.0
1.0
1.0
0.9999943
0.99999976
1.0
0.99999845
1.0
1.0
1.0
1.0
1.0
1.0
1.0
0.94433284
0.9999882
0.9999995
1.0
1.0
1.0
1.0
1.0
0.9996045
1.0
1.0
0.9990972
1.0
1.0
1.0
1.0
0.9999962
0.9999609
1.0
0.9999999
1.0
1.0
1.0
0.9999999
1.0
1.0
1.0
1.0
0.9999974
1.0
1.0
0.9999995
1.0
1.0
1.0
0.9999858
1.0
1.0
1.0
1.0
0.996579
1.0
1.0
1.0
0.9999883
0.99999714
0.9999999
1.0
1.0
0.99996936
1.0
0.9999945
0.9999845
1.0
0.99998796
1.0
1.0
1.0
1.0
1.0
1.0
1.0
1.0
1.0
0.9999999
0.9763447
0.99416167
0.99997544
1.0
1.0
1.0
1.0
1.0
1.0
0.99999976
1.0
1.0
0.99999976
1.0
1.0
1.0
1.0
1.0
0.99982387
1.0
1.0
1.0
1.0
1.0
1.0
1.0
1.0
0.9999994
1.0
1.0
1.0
1.0
1.0
1.0
1.0
1.0
1.0
0.9999999
1.0
1.0
1.0
1.0
1.0
1.0
1.0
1.0
1.0
1.0
1.0
1.0
1.0
1.0
1.0
1.0
1.0
1.0
1.0
1.0
1.0
1.0
1.0
1.0
1.0
1.0
1.0
1.0
0.99999976
0.9999999
1.0
1.0
1.0
0.9999987
1.0
1.0
1.0
1.0
0.9999999
0.9999999
0.8410404
1.0
1.0
1.0
1.0
1.0
1.0
1.0
1.0
1.0
1.0
0.99999976
1.0
1.0
1.0
1.0
1.0
1.0
