1.0
1.0
1.0
1.0
1.0
1.0
0.9999281
0.99999976
0.998516
0.99999154
1.0
0.9999999
0.9999913
1.0
1.0
0.99999976
0.99999213
1.0
0.998528
1.0
1.0
0.99999785
1.0
1.0
1.0
1.0
1.0
1.0
0.9999994
1.0
1.0
1.0
1.0
0.9999758
1.0
1.0
0.99999976
1.0
0.99999976
1.0
1.0
0.9999989
0.9999993
0.99999917
0.9999989
1.0
0.99999905
1.0
0.99999964
1.0
0.9999999
1.0
1.0
1.0
1.0
1.0
1.0
1.0
0.99999106
1.0
1.0
1.0
0.9999572
0.99999857
1.0
1.0
0.9999999
0.9999999
1.0
1.0
1.0
1.0
1.0
0.9999783
1.0
1.0
1.0
1.0
0.9999993
0.9999999
0.99999976
1.0
1.0
1.0
1.0
1.0
0.9999999
0.99999964
1.0
1.0
1.0
1.0
0.99251646
0.99999976
1.0
0.99977833
0.99998045
0.9999999
1.0
1.0
1.0
1.0
1.0
1.0
0.99999917
1.0
1.0
0.99999976
0.999998
1.0
1.0
0.9999975
1.0
1.0
1.0
0.96305007
0.9999993
1.0
0.99999917
0.99999285
0.9999999
0.99991775
1.0
1.0
0.99999976
0.9999161
0.99999964
1.0
1.0
1.0
1.0
1.0
0.9999999
0.9999999
1.0
1.0
1.0
1.0
1.0
0.9999943
1.0
1.0
1.0
1.0
0.9999999
1.0
1.0
1.0
1.0
0.99974424
0.99999976
0.71438724
1.0
1.0
1.0
1.0
1.0
1.0
0.9999933
1.0
0.9999045
1.0
1.0
1.0
1.0
1.0
1.0
0.9998666
1.0
1.0
1.0
0.9999517
0.9999982
1.0
1.0
0.9999627
1.0
0.9999999
1.0
1.0
1.0
1.0
1.0
1.0
0.9847364
0.9999697
1.0
1.0
1.0
1.0
0.9999999
0.99999976
1.0
0.99992037
1.0
0.99982566
1.0
1.0
1.0
0.99993277
1.0
1.0
1.0
1.0
1.0
1.0
0.9999038
1.0
1.0
0.9999033
1.0
0.99609596
0.9999999
1.0
0.9999975
1.0
1.0
0.999808
1.0
1.0
0.9999999
0.99953306
1.0
1.0
1.0
1.0
1.0
1.0
1.0
1.0
1.0
1.0
0.99999964
1.0
1.0
1.0
1.0
1.0
1.0
1.0
1.0
0.9994448
0.99999976
0.99999356
1.0
0.99999976
1.0
0.9945088
1.0
1.0
1.0
1.0
1.0
1.0
1.0
0.99999964
1.0
0.99999964
1.0
0.7182482
1.0
1.0
1.0
1.0
0.9997002
1.0
0.999967
1.0
1.0
1.0
0.9999999
1.0
1.0
0.99999714
1.0
0.99999976
1.0
1.0
1.0
1.0
0.9999999
1.0
0.9981014
1.0
0.99999964
1.0
0.99999106
0.9999999
1.0
1.0
0.9999976
0.99999917
0.9999325
1.0
1.0
1.0
1.0
0.9999995
0.9999995
1.0
1.0
0.9999999
1.0
1.0
1.0
1.0
1.0
1.0
0.9999999
1.0
1.0
1.0
1.0
0.9999995
1.0
1.0
1.0
0.99999714
0.99997497
1.0
0.99468625
0.9185255
0.99999964
1.0
0.9999989
0.9999989
0.9997335
1.0
0.9999999
1.0
1.0
1.0
1.0
1.0
1.0
1.0
0.996194
0.9999479
1.0
0.9999958
0.8159177
1.0
1.0
1.0
1.0
1.0
1.0
0.9999995
1.0
1.0
0.99999976
1.0
1.0
1.0
1.0
1.0
1.0
1.0
0.9995772
0.84847367
0.9999999
1.0
0.9999572
1.0
1.0
1.0
0.99998116
1.0
0.99993885
1.0
1.0
1.0
1.0
1.0
1.0
1.0
1.0
1.0
1.0
1.0
1.0
0.9999989
1.0
1.0
1.0
1.0
0.9999958
1.0
1.0
0.9999981
1.0
0.99999845
1.0
1.0
0.99999976
0.9999999
1.0
0.9999999
1.0
1.0
0.99999964
1.0
1.0
0.99999654
0.9999975
1.0
1.0
1.0
1.0
1.0
1.0
0.99999225
0.99998903
1.0
0.9999994
0.9999994
1.0
0.9968714
1.0
1.0
0.99999964
1.0
0.99999654
1.0
1.0
1.0
1.0
1.0
1.0
1.0
1.0
1.0
1.0
1.0
1.0
0.9999014
1.0
1.0
0.9999999
0.99999976
1.0
1.0
1.0
1.0
0.9996092
0.9819079
0.99999917
0.8384485
0.99990094
0.58220905
0.99988425
1.0
0.99999976
1.0
0.99999833
1.0
0.9999932
0.9999989
1.0
1.0
0.9998343
1.0
0.9999994
1.0
0.9999956
0.9999974
1.0
1.0
0.99999666
0.99999845
1.0
1.0
1.0
1.0
1.0
1.0
1.0
1.0
0.9999995
0.99995744
1.0
1.0
1.0
1.0
1.0
1.0
1.0
0.99999774
0.99999964
1.0
1.0
0.9999989
0.9999999
1.0
1.0
0.85332346
1.0
0.9999851
0.9999937
1.0
1.0
1.0
0.9999933
1.0
1.0
1.0
1.0
0.9999957
0.9999937
1.0
1.0
0.9999999
1.0
1.0
1.0
1.0
1.0
1.0
1.0
1.0
1.0
0.99999976
0.9999999
0.9999976
1.0
1.0
1.0
1.0
0.9999999
1.0
0.9999807
1.0
0.9999999
1.0
1.0
1.0
1.0
1.0
1.0
1.0
1.0
1.0
0.9999603
0.80763596
1.0
1.0
1.0
0.9999987
1.0
1.0
0.9999989
0.99917275
0.9997441
1.0
0.9999999
1.0
1.0
0.9999989
0.99999857
0.99999917
1.0
0.9999988
1.0
1.0
1.0
1.0
1.0
1.0
0.9999995
0.9999999
1.0
0.9996655
0.9999995
1.0
1.0
1.0
1.0
1.0
1.0
1.0
1.0
0.99999976
0.93716407
0.99361235
1.0
1.0
1.0
1.0
0.9999999
1.0
1.0
0.9944798
1.0
0.9999882
0.9999999
1.0
1.0
0.99998796
0.99999845
0.99999917
1.0
1.0
1.0
0.9999995
1.0
1.0
1.0
1.0
1.0
1.0
1.0
1.0
1.0
0.9998512
1.0
0.9999999
0.9999999
1.0
0.99999094
0.9969727
1.0
1.0
1.0
1.0
0.99999964
0.99971634
1.0
1.0
1.0
0.9999989
1.0
1.0
1.0
1.0
0.99999964
0.9999993
1.0
1.0
1.0
0.99999726
1.0
1.0
0.99996483
1.0
1.0
0.999355
0.9975326
1.0
1.0
1.0
0.99999976
1.0
1.0
1.0
1.0
1.0
1.0
1.0
0.9999753
0.48423722
1.0
0.99999964
1.0
1.0
1.0
1.0
0.9999999
0.9999995
1.0
1.0
1.0
0.9999943
1.0
0.9999987
0.76315004
1.0
1.0
1.0
0.9999994
1.0
1.0
0.99999905
1.0
1.0
0.9749107
1.0
1.0
1.0
0.99999833
0.98880553
1.0
0.99975926
1.0
1.0
1.0
1.0
1.0
1.0
0.99999523
0.99999964
0.9999999
1.0
0.9999999
1.0
1.0
1.0
1.0
0.9999994
0.9999999
1.0
1.0
0.9999999
1.0
1.0
1.0
0.9999988
0.99589145
0.9993316
1.0
1.0
0.9992804
1.0
1.0
0.99997294
1.0
1.0
0.99031067
1.0
0.9999963
0.9999999
0.99999964
1.0
1.0
0.99999964
1.0
1.0
1.0
0.9999896
0.99428517
0.9999999
0.99924433
0.9999962
1.0
1.0
1.0
1.0
0.99999833
1.0
1.0
1.0
1.0
1.0
1.0
1.0
1.0
1.0
1.0
1.0
1.0
1.0
0.9999856
0.99999285
0.99999905
1.0
1.0
1.0
1.0
1.0
1.0
0.9999988
1.0
0.99999654
1.0
1.0
1.0
1.0
1.0
1.0
1.0
1.0
0.99999523
0.9999995
1.0
1.0
1.0
0.9999993
0.99825376
1.0
1.0
0.99999714
0.99999964
0.9999989
1.0
1.0
1.0
1.0
1.0
0.9999993
1.0
1.0
0.9999789
1.0
1.0
1.0
0.99999857
1.0
1.0
1.0
1.0
1.0
0.9999651
1.0
1.0
0.99508435
1.0
1.0
0.99999344
0.9999989
1.0
1.0
1.0
1.0
1.0
0.99999976
1.0
1.0
1.0
0.9999999
0.9999995
0.9999758
1.0
1.0
1.0
0.9999714
0.99999964
1.0
1.0
1.0
1.0
0.9992617
1.0
1.0
1.0
1.0
0.9773999
0.9999999
0.9868527
1.0
1.0
1.0
1.0
1.0
1.0
1.0
1.0
1.0
1.0
0.99999905
1.0
0.9999987
1.0
1.0
1.0
1.0
1.0
1.0
0.9999968
1.0
1.0
1.0
0.99999535
1.0
0.9999994
1.0
0.9999945
0.9999999
1.0
0.9999993
0.9999999
1.0
0.99999964
0.9997049
0.98192894
0.9843264
1.0
0.9999988
1.0
1.0
1.0
1.0
1.0
1.0
1.0
1.0
1.0
0.99985135
0.99999356
1.0
0.99999034
1.0
0.9989512
1.0
0.9999254
0.9999875
1.0
1.0
0.99999535
1.0
1.0
1.0
1.0
1.0
1.0
0.9999999
1.0
1.0
0.9999994
1.0
1.0
1.0
1.0
1.0
1.0
1.0
0.9958538
1.0
0.9999366
1.0
0.9999995
1.0
1.0
1.0
0.9999999
1.0
1.0
0.9999999
0.99994576
1.0
0.5831294
0.9999479
0.999984
1.0
0.9999999
1.0
1.0
1.0
0.9999999
0.9869811
1.0
1.0
0.9999943
0.9999995
0.9999999
1.0
1.0
0.99999356
0.9984712
1.0
0.99998033
1.0
0.99999833
1.0
0.9999963
1.0
1.0
0.8606353
0.9999994
1.0
1.0
0.99994695
1.0
1.0
1.0
1.0
1.0
1.0
1.0
1.0
1.0
1.0
1.0
0.9999999
0.9999839
1.0
1.0
0.9999999
1.0
1.0
1.0
1.0
1.0
1.0
0.9999927
0.99999976
0.99999976
0.99999833
1.0
1.0
1.0
0.9999999
1.0
1.0
0.99999714
0.99999976
1.0
1.0
0.99999905
1.0
1.0
1.0
0.99999905
1.0
0.9999987
0.9999999
0.9999951
1.0
1.0
0.9999999
1.0
1.0
1.0
0.9999962
0.99995637
1.0
0.99999976
1.0
0.99999905
1.0
1.0
1.0
1.0
1.0
0.99995005
0.9989423
1.0
1.0
1.0
1.0
1.0
0.40207437
1.0
1.0
1.0
1.0
0.9959109
0.9995747
1.0
1.0
0.9999993
1.0
0.99999774
0.9999882
0.9999999
1.0
1.0
0.99999917
0.99999785
0.99999976
0.99999857
0.99999976
1.0
0.99999785
0.9999893
1.0
1.0
1.0
1.0
1.0
1.0
1.0
1.0
1.0
0.99999976
1.0
1.0
1.0
1.0
1.0
1.0
1.0
1.0
0.9999372
1.0
1.0
1.0
1.0
0.99999917
1.0
0.99999976
1.0
0.9999913
1.0
1.0
1.0
0.9999999
1.0
1.0
1.0
1.0
1.0
1.0
0.9999927
1.0
0.9999999
1.0
0.9999999
1.0
0.9968844
0.9999994
1.0
1.0
1.0
0.83249396
1.0
0.99947697
1.0
1.0
1.0
0.99999857
0.9999995
1.0
0.9998851
0.9999999
1.0
1.0
1.0
1.0
1.0
0.999137
1.0
0.99981683
1.0
1.0
1.0
1.0
1.0
1.0
1.0
0.9999871
1.0
1.0
0.9999999
1.0
0.99999714
1.0
1.0
1.0
0.99999917
1.0
1.0
0.99999964
1.0
1.0
0.9999863
1.0
1.0
0.9997378
1.0
1.0
1.0
1.0
0.99999976
1.0
1.0
0.99698526
0.9999999
0.99998105
1.0
1.0
0.9999856
1.0
1.0
1.0
0.99999356
1.0
1.0
1.0
1.0
0.99958795
1.0
1.0
0.9996799
0.6884907
1.0
1.0
1.0
1.0
0.9999974
1.0
1.0
1.0
0.99993205
0.9992655
1.0
0.99999917
1.0
1.0
1.0
0.9999999
0.9999999
0.9999987
1.0
0.9999229
1.0
0.9999937
1.0
0.9998338
1.0
0.9999999
0.9999902
1.0
0.9999999
0.9999949
1.0
1.0
1.0
0.99998033
0.99999917
1.0
0.9999999
1.0
0.99999964
1.0
1.0
0.9999609
1.0
0.9588172
1.0
0.9999579
1.0
1.0
0.99999976
0.9820338
1.0
0.9999999
1.0
1.0
1.0
1.0
0.9999999
1.0
0.99999976
0.96123725
1.0
0.99999857
1.0
1.0
0.9647038
0.9997931
1.0
1.0
0.99999774
0.9999999
1.0
1.0
1.0
0.99992657
1.0
1.0
1.0
0.92355627
1.0
1.0
0.99915385
0.99999416
1.0
0.99999917
1.0
1.0
1.0
1.0
1.0
0.99998045
0.99999845
1.0
1.0
1.0
1.0
1.0
0.99932647
1.0
0.99998546
0.9964741
0.99999976
1.0
1.0
1.0
1.0
1.0
0.9987477
0.9998104
1.0
0.9999887
1.0
1.0
1.0
0.9998447
1.0
1.0
0.63544416
1.0
0.9999833
1.0
0.9999993
1.0
1.0
1.0
1.0
0.9999999
1.0
1.0
0.99999964
1.0
1.0
1.0
0.99999976
1.0
1.0
1.0
0.9023578
1.0
1.0
1.0
1.0
1.0
0.9999999
0.9982192
1.0
0.9470914
1.0
0.9999944
0.99998116
1.0
1.0
0.99999964
1.0
1.0
0.9170898
1.0
0.9996468
1.0
1.0
1.0
0.99999857
0.9999995
1.0
1.0
0.99999964
1.0
0.99999964
1.0
1.0
1.0
1.0
1.0
0.9999999
0.99999654
1.0
1.0
1.0
1.0
1.0
1.0
1.0
0.996696
0.9999993
1.0
1.0
1.0
1.0
1.0
1.0
0.99999976
1.0
1.0
1.0
1.0
0.999977
0.99999785
1.0
1.0
1.0
1.0
1.0
1.0
0.99950075
1.0
1.0
1.0
1.0
1.0
0.99998677
1.0
0.7352511
0.9931813
0.9999907
1.0
0.9999995
0.99999905
1.0
1.0
0.99999976
0.99999666
0.99990344
0.99999905
1.0
1.0
1.0
1.0
1.0
1.0
0.99981326
1.0
0.99999917
0.69539624
0.9921698
1.0
0.9999981
0.9999999
1.0
1.0
1.0
0.99999976
0.9997745
1.0
0.99958104
1.0
0.9999888
0.9999987
0.9997162
1.0
1.0
1.0
0.9999957
1.0
0.9998109
0.9998338
1.0
0.9983845
0.99999285
0.9971552
0.9999759
1.0
1.0
0.9997452
1.0
1.0
0.99999976
1.0
1.0
1.0
1.0
1.0
0.9999949
0.9999994
0.9999999
1.0
1.0
0.99999666
0.99866605
1.0
1.0
0.99999964
1.0
0.99998987
0.99999976
0.99999845
0.9999993
1.0
0.9999995
1.0
1.0
1.0
1.0
1.0
1.0
1.0
1.0
1.0
1.0
1.0
0.9999995
0.99992085
1.0
1.0
1.0
1.0
1.0
1.0
1.0
1.0
1.0
0.99994135
1.0
0.99997795
1.0
0.9999938
1.0
1.0
1.0
0.99816775
0.99999976
1.0
1.0
1.0
0.9999999
1.0
1.0
0.99997556
0.9999963
0.9999982
0.9999999
1.0
1.0
0.9999938
1.0
0.9999987
1.0
0.9999999
1.0
0.99857914
1.0
0.6210776
0.99999547
1.0
1.0
1.0
0.9408541
1.0
1.0
0.96471715
0.9999865
0.9999999
0.9999999
1.0
1.0
1.0
1.0
1.0
1.0
1.0
1.0
1.0
0.9999926
1.0
0.9999999
1.0
0.9999912
1.0
0.9977831
1.0
0.99988973
1.0
0.9952181
0.99747235
1.0
1.0
1.0
0.9999323
0.9993967
1.0
1.0
0.99999905
1.0
1.0
1.0
0.99999607
1.0
1.0
0.9987295
0.99986863
1.0
1.0
1.0
1.0
1.0
0.9999999
1.0
1.0
0.9999962
1.0
0.99991465
1.0
1.0
0.9999999
1.0
1.0
0.9999949
1.0
1.0
0.9999999
1.0
1.0
1.0
0.9999844
0.99999857
1.0
0.9999981
1.0
1.0
0.9983302
0.9999999
1.0
1.0
0.99999964
1.0
1.0
0.999954
1.0
0.999666
1.0
0.99694806
1.0
0.9999999
0.99999523
1.0
0.9999995
1.0
0.99998415
1.0
0.9999999
0.9154885
1.0
1.0
1.0
1.0
0.999998
1.0
1.0
1.0
1.0
0.99999976
1.0
1.0
0.9995895
1.0
1.0
0.99954283
1.0
1.0
0.99999964
0.9857847
1.0
1.0
1.0
1.0
1.0
1.0
0.99999833
0.99999857
1.0
1.0
1.0
1.0
0.9986749
1.0
1.0
1.0
1.0
1.0
1.0
1.0
1.0
1.0
1.0
1.0
1.0
1.0
1.0
1.0
0.999998
0.9999713
0.9999999
0.99999976
1.0
1.0
0.9997352
1.0
0.9841137
1.0
1.0
0.7540743
0.9999968
1.0
1.0
1.0
0.9974607
1.0
1.0
0.999995
1.0
0.9999999
1.0
1.0
1.0
0.9999999
0.99998534
0.99999416
1.0
1.0
1.0
0.999987
0.9999945
1.0
1.0
1.0
1.0
1.0
1.0
0.95254385
1.0
0.9999999
1.0
1.0
0.99999905
1.0
0.9999974
0.55608624
0.9998043
1.0
1.0
0.9932748
0.9996294
1.0
1.0
0.9999981
1.0
1.0
1.0
1.0
0.99999976
1.0
0.99999547
1.0
1.0
1.0
1.0
0.9884266
1.0
1.0
1.0
0.9999999
1.0
0.9999993
1.0
1.0
1.0
1.0
0.9999546
1.0
1.0
0.9999995
1.0
1.0
0.9895271
0.9999957
1.0
1.0
1.0
1.0
1.0
1.0
0.9999999
1.0
1.0
1.0
1.0
1.0
1.0
0.99999917
1.0
0.99999976
0.9997415
0.9999759
0.99969614
1.0
1.0
1.0
1.0
1.0
1.0
0.9999968
0.9999467
1.0
1.0
0.999992
1.0
1.0
0.99999964
1.0
0.9326265
1.0
1.0
0.99999917
1.0
1.0
1.0
1.0
1.0
1.0
0.9994229
0.99999726
1.0
1.0
1.0
1.0
1.0
1.0
0.99983656
0.998514
1.0
0.99999225
1.0
0.999997
1.0
1.0
1.0
1.0
1.0
0.9999957
1.0
1.0
0.9997619
1.0
1.0
0.9999999
1.0
1.0
0.99992394
1.0
1.0
0.9999988
1.0
0.9999956
1.0
1.0
1.0
1.0
0.99999774
0.99995375
1.0
1.0
0.99999833
0.9999962
1.0
1.0
1.0
0.99222106
1.0
1.0
0.9999995
0.99999785
0.9999999
0.9999974
1.0
1.0
1.0
0.9999999
1.0
1.0
1.0
1.0
1.0
1.0
1.0
0.99994326
1.0
1.0
0.99815255
0.99999964
1.0
0.9998858
1.0
1.0
1.0
1.0
1.0
1.0
0.996741
1.0
0.9983625
0.99999964
0.9999993
0.9998129
1.0
1.0
1.0
1.0
0.9999862
1.0
1.0
1.0
1.0
1.0
0.9999995
0.9999999
1.0
1.0
0.99999523
0.99999046
0.9999975
0.9914259
1.0
0.7842116
0.9999999
1.0
0.99999964
1.0
1.0
0.99999774
0.99999964
0.9999975
1.0
1.0
1.0
1.0
1.0
1.0
0.99999964
1.0
1.0
1.0
1.0
1.0
0.9999999
1.0
0.99999964
1.0
1.0
0.99999964
1.0
1.0
1.0
1.0
1.0
1.0
1.0
1.0
0.99999607
1.0
0.9999999
0.9999664
1.0
0.9999994
0.99997056
1.0
1.0
0.9999995
1.0
0.9999751
1.0
1.0
0.99999595
1.0
0.9999999
0.9997868
0.9999474
1.0
1.0
1.0
1.0
1.0
1.0
0.9999981
0.99999976
0.9999999
1.0
1.0
1.0
0.9995603
1.0
1.0
1.0
1.0
1.0
1.0
1.0
1.0
0.9999999
1.0
1.0
0.9999994
0.9996265
1.0
0.99821544
1.0
1.0
0.9993274
0.9999943
1.0
0.99999976
1.0
0.99999976
0.99999976
1.0
1.0
0.9999993
1.0
0.99996746
0.99998784
0.9999999
0.9999999
1.0
1.0
1.0
1.0
1.0
1.0
1.0
0.99999976
1.0
1.0
1.0
1.0
0.9999995
1.0
0.9995956
1.0
0.9833422
1.0
1.0
1.0
1.0
1.0
0.7165948
0.99999917
1.0
1.0
0.9999999
0.9999994
1.0
1.0
1.0
0.9999999
1.0
0.99808913
0.99999976
0.9999999
1.0
1.0
0.99894553
1.0
1.0
0.5199067
0.99915075
1.0
1.0
0.99999464
1.0
1.0
1.0
1.0
1.0
0.9634642
1.0
1.0
1.0
1.0
0.9999732
1.0
1.0
1.0
1.0
0.9983853
1.0
0.9999999
0.9999999
0.99999976
0.9999573
1.0
0.6327452
1.0
1.0
1.0
0.99994385
1.0
1.0
1.0
1.0
1.0
1.0
1.0
1.0
1.0
0.9981785
1.0
1.0
1.0
0.9999999
0.9999982
0.99999833
1.0
1.0
0.98759824
1.0
0.99999976
1.0
1.0
0.8899888
0.9999968
1.0
1.0
1.0
1.0
0.9999995
0.9999999
1.0
0.99957496
1.0
0.93237334
1.0
1.0
1.0
0.99998915
1.0
1.0
0.9999758
1.0
0.5814436
1.0
1.0
1.0
1.0
1.0
1.0
0.99997926
1.0
1.0
1.0
0.55014974
0.9998908
0.999984
1.0
1.0
1.0
0.58921117
1.0
1.0
0.9999776
1.0
1.0
1.0
1.0
1.0
1.0
1.0
1.0
0.99999917
0.999987
1.0
0.9999999
1.0
1.0
1.0
1.0
1.0
1.0
1.0
1.0
1.0
1.0
0.9999993
0.99991214
1.0
1.0
1.0
0.9999529
1.0
0.9999988
0.9999999
1.0
1.0
1.0
1.0
0.9999994
1.0
1.0
1.0
1.0
0.99999404
1.0
1.0
0.67624813
0.9999999
1.0
0.99984884
0.99715674
1.0
0.9999989
0.99204177
1.0
1.0
1.0
0.9999962
1.0
0.9996018
1.0
1.0
0.99994683
1.0
0.99999666
1.0
1.0
1.0
1.0
1.0
1.0
1.0
0.9999995
0.9999999
1.0
1.0
0.9999827
1.0
1.0
0.99772626
0.9999999
1.0
0.9999999
1.0
1.0
1.0
0.9999951
1.0
0.9999449
0.9989477
1.0
0.9999999
1.0
1.0
1.0
1.0
0.9999943
1.0
0.9999993
1.0
1.0
0.9999285
1.0
1.0
1.0
1.0
0.9999906
1.0
0.9999999
1.0
1.0
1.0
1.0
1.0
1.0
1.0
1.0
1.0
1.0
1.0
1.0
1.0
0.99999964
0.9999949
1.0
1.0
1.0
1.0
1.0
1.0
0.92033654
1.0
0.99996233
0.9999999
1.0
1.0
0.9998202
1.0
1.0
1.0
0.999997
1.0
1.0
0.99998903
0.9610547
1.0
1.0
1.0
1.0
1.0
0.99999976
1.0
1.0
1.0
1.0
0.9999999
0.99999213
0.90255773
1.0
1.0
0.99999905
1.0
0.9995701
0.99996626
0.9999994
1.0
0.9999999
1.0
1.0
1.0
1.0
1.0
0.99997497
1.0
1.0
1.0
1.0
1.0
0.9998684
1.0
1.0
1.0
0.99996674
1.0
0.99999607
1.0
1.0
1.0
1.0
1.0
0.9999938
0.9999919
1.0
0.5133299
1.0
1.0
1.0
1.0
0.9999999
1.0
1.0
1.0
0.99999714
1.0
1.0
0.99999964
0.99999726
0.9990146
1.0
1.0
1.0
1.0
1.0
1.0
1.0
1.0
1.0
1.0
1.0
1.0
1.0
1.0
0.99994326
1.0
1.0
1.0
1.0
1.0
1.0
1.0
1.0
1.0
1.0
0.9537356
0.9999987
0.9999962
1.0
1.0
1.0
1.0
1.0
0.99999917
0.99999714
1.0
0.979188
1.0
0.9999566
1.0
1.0
1.0
1.0
0.9899687
0.9999999
1.0
1.0
1.0
1.0
0.9999987
1.0
0.9999989
0.99999964
0.99999976
0.99999917
1.0
1.0
1.0
1.0
1.0
0.99999976
1.0
0.9670552
1.0
0.99999785
1.0
1.0
1.0
1.0
1.0
0.6535868
0.99999964
1.0
0.9998802
1.0
1.0
0.9999994
1.0
0.9999323
1.0
1.0
0.9999988
0.999962
1.0
1.0
1.0
1.0
1.0
1.0
0.9996043
1.0
1.0
1.0
0.99983907
1.0
1.0
1.0
1.0
1.0
0.9999999
1.0
1.0
1.0
0.9843349
0.9997645
0.9999994
1.0
1.0
1.0
1.0
0.95368665
0.99996364
1.0
0.9999869
1.0
1.0
0.9999999
1.0
0.99945205
1.0
0.99999976
1.0
1.0
1.0
1.0
1.0
1.0
1.0
0.9999999
1.0
0.9999999
1.0
0.9999937
0.99999785
1.0
1.0
0.99999297
0.9999999
1.0
1.0
0.99999917
1.0
1.0
1.0
0.9228113
0.9999999
1.0
1.0
1.0
1.0
0.9999999
1.0
0.99999106
0.9999999
1.0
1.0
0.9999999
1.0
1.0
1.0
1.0
1.0
0.9999999
0.99999905
0.9999999
1.0
1.0
1.0
0.99999523
0.99999976
0.9959066
1.0
0.99945575
1.0
1.0
1.0
1.0
0.9999982
1.0
0.9999304
1.0
0.9999789
0.99983764
1.0
0.9998079
1.0
0.9999999
1.0
0.99995947
0.999997
0.9984983
0.99999976
1.0
1.0
1.0
1.0
0.9999994
1.0
0.99999785
1.0
0.9999999
1.0
1.0
1.0
0.9999896
1.0
1.0
0.99999774
0.9999999
1.0
1.0
1.0
0.9999486
1.0
1.0
0.99999714
0.99996054
1.0
1.0
1.0
0.99999976
1.0
1.0
1.0
1.0
0.9999949
0.9999963
0.9999995
1.0
0.99994445
1.0
1.0
1.0
0.99999917
0.99975234
1.0
1.0
1.0
0.999741
1.0
1.0
0.9999995
1.0
1.0
1.0
0.99998355
1.0
1.0
1.0
0.99999976
1.0
1.0
0.99999976
0.99885523
0.99999964
1.0
1.0
1.0
0.9999999
0.9999994
1.0
1.0
1.0
0.9989195
1.0
0.9999999
0.99987245
1.0
1.0
1.0
1.0
1.0
1.0
0.99999976
0.99999213
1.0
1.0
1.0
1.0
0.9999995
1.0
1.0
1.0
1.0
1.0
1.0
0.9999856
0.99825495
1.0
0.9999994
1.0
0.999726
0.99999964
0.99999964
0.99999917
1.0
1.0
0.9999782
0.9999987
1.0
1.0
0.99999905
1.0
1.0
0.99915195
1.0
1.0
0.9999913
1.0
1.0
0.99804115
1.0
1.0
1.0
1.0
0.9979107
1.0
1.0
1.0
1.0
1.0
0.9999999
1.0
1.0
0.99981207
1.0
0.9999095
0.99996066
0.9999931
0.99999774
1.0
1.0
1.0
1.0
0.98670524
1.0
0.9999988
1.0
1.0
0.9999989
1.0
1.0
0.9999769
1.0
1.0
0.9999968
1.0
1.0
1.0
1.0
1.0
0.99999845
1.0
1.0
1.0
1.0
1.0
1.0
1.0
1.0
1.0
0.9999987
1.0
1.0
1.0
1.0
1.0
1.0
1.0
0.9998696
1.0
1.0
1.0
0.9999999
0.99999964
1.0
0.74286723
0.99999666
1.0
1.0
0.9999999
1.0
1.0
1.0
1.0
1.0
0.9990785
1.0
0.99999774
1.0
0.9999956
0.99999976
0.99999785
1.0
1.0
1.0
0.9999999
1.0
0.97476035
0.99999964
1.0
1.0
1.0
1.0
1.0
1.0
0.99999607
0.99998903
1.0
0.9999994
0.99963427
0.9999999
0.99999535
1.0
0.997118
1.0
0.99982834
0.999998
1.0
1.0
1.0
1.0
1.0
1.0
1.0
0.99997437
0.9999862
0.9831822
1.0
1.0
1.0
1.0
1.0
0.99999964
0.99757797
1.0
0.998475
0.999998
0.99996006
1.0
0.9999999
1.0
1.0
0.9999999
1.0
1.0
1.0
1.0
1.0
1.0
1.0
1.0
0.9999999
1.0
1.0
1.0
1.0
1.0
1.0
0.999912
1.0
1.0
1.0
1.0
0.9999975
1.0
0.9995503
0.9999999
0.99999726
1.0
0.9998692
1.0
1.0
1.0
0.9999957
1.0
1.0
1.0
1.0
0.99960834
1.0
0.9999976
1.0
1.0
0.99999964
0.9999995
0.9999995
0.99999964
0.99999976
1.0
0.9999976
1.0
0.99942327
1.0
0.9999999
1.0
1.0
1.0
1.0
0.9999883
1.0
0.99999726
1.0
1.0
0.9999999
1.0
0.999881
0.999491
1.0
1.0
0.999995
1.0
1.0
1.0
0.99998784
1.0
0.9980405
1.0
1.0
0.9944247
0.9999999
1.0
1.0
1.0
1.0
1.0
1.0
1.0
0.9999994
1.0
1.0
0.99999964
0.99999654
1.0
1.0
1.0
1.0
1.0
1.0
0.99999523
1.0
1.0
1.0
1.0
0.9999995
1.0
1.0
0.99999976
1.0
1.0
0.99984443
1.0
0.9998066
1.0
1.0
1.0
1.0
1.0
0.99999964
1.0
1.0
1.0
1.0
0.9999999
0.9999999
1.0
0.99995244
1.0
1.0
0.999997
1.0
0.9999505
0.99999857
1.0
1.0
1.0
0.9999999
0.67300224
1.0
0.9999999
0.99999976
0.9999975
0.99999404
0.91959184
1.0
0.99998665
0.9996389
1.0
1.0
0.99999976
1.0
1.0
1.0
0.99999976
0.994238
0.9771757
0.99999976
0.99999547
1.0
1.0
0.99999917
0.99999416
0.99999964
1.0
1.0
1.0
1.0
1.0
0.9998004
0.9871393
1.0
1.0
0.99999845
1.0
1.0
0.9999572
1.0
0.9999784
1.0
1.0
0.99999976
1.0
0.9998491
1.0
0.99999976
1.0
0.99996567
1.0
0.99999905
0.9999995
1.0
0.9999999
0.9998536
0.9999776
1.0
0.9998691
1.0
0.99999964
1.0
1.0
1.0
1.0
0.99998486
1.0
1.0
1.0
0.9997396
0.99999774
1.0
0.9999994
1.0
0.8909591
1.0
1.0
1.0
1.0
0.9999957
0.9999989
1.0
1.0
0.99999774
0.9990582
1.0
1.0
1.0
1.0
1.0
1.0
0.99999976
1.0
1.0
1.0
1.0
1.0
1.0
1.0
1.0
0.9999988
0.9999999
0.99996006
1.0
1.0
0.9999993
1.0
1.0
1.0
0.92473525
1.0
1.0
0.99999976
0.9999999
1.0
1.0
1.0
0.9999989
1.0
0.9999999
1.0
1.0
1.0
1.0
1.0
1.0
0.99999964
1.0
1.0
1.0
1.0
1.0
1.0
1.0
1.0
0.9999987
1.0
0.9999999
0.9998355
0.8017169
1.0
0.99301565
1.0
1.0
1.0
1.0
1.0
1.0
0.9999368
1.0
1.0
1.0
0.95028126
1.0
0.9999999
1.0
1.0
0.9999832
1.0
1.0
1.0
1.0
1.0
0.9999999
1.0
1.0
1.0
0.99999905
0.9999999
1.0
0.9999355
0.9999999
1.0
1.0
1.0
1.0
1.0
0.9999958
1.0
0.99986184
0.9999999
0.9997211
0.9999999
1.0
1.0
0.9999784
1.0
0.9989237
0.99962425
1.0
0.99999905
0.99999976
1.0
0.99848133
0.99998236
1.0
0.9994423
1.0
1.0
1.0
0.9999995
0.99999356
1.0
1.0
1.0
1.0
1.0
1.0
0.999052
0.9998702
1.0
0.9996629
0.99985504
0.9999968
1.0
0.99999964
1.0
1.0
1.0
1.0
1.0
1.0
1.0
1.0
0.9999994
1.0
1.0
1.0
0.9999999
1.0
1.0
1.0
1.0
1.0
1.0
1.0
0.9999311
1.0
1.0
0.9999976
1.0
1.0
1.0
0.9999999
0.9999956
0.9999645
1.0
1.0
1.0
1.0
1.0
0.99976355
0.99999833
1.0
1.0
0.99999857
1.0
0.9999999
1.0
0.9999999
0.99999774
1.0
1.0
0.99999547
0.9999999
0.9999999
1.0
1.0
0.99998033
1.0
1.0
1.0
1.0
1.0
1.0
0.99999154
1.0
1.0
1.0
1.0
1.0
0.99999416
1.0
1.0
0.99999857
0.9999894
1.0
1.0
1.0
1.0
1.0
1.0
0.99999607
1.0
1.0
1.0
1.0
0.9998832
1.0
1.0
1.0
0.9999788
1.0
1.0
0.9869034
1.0
1.0
1.0
0.99999964
1.0
1.0
1.0
1.0
1.0
0.99999034
0.9999739
1.0
0.99999094
0.9999999
0.99999976
1.0
1.0
1.0
1.0
1.0
1.0
1.0
1.0
1.0
0.99965
0.9999373
0.99999607
1.0
0.99999297
1.0
1.0
1.0
1.0
1.0
0.99717903
1.0
0.9999964
0.9999627
1.0
1.0
0.99999964
0.99999845
1.0
0.9999199
1.0
1.0
1.0
0.9999987
1.0
1.0
1.0
1.0
1.0
1.0
0.9999819
1.0
1.0
1.0
1.0
1.0
1.0
0.999997
0.9986866
0.96394056
1.0
0.9999995
0.9999989
1.0
1.0
0.9999993
1.0
1.0
1.0
1.0
1.0
1.0
1.0
0.99997616
1.0
1.0
0.9999999
1.0
1.0
1.0
1.0
1.0
0.9999999
1.0
1.0
1.0
0.99990857
0.99999845
0.99999976
0.99999785
1.0
0.99999964
1.0
1.0
1.0
1.0
0.9999932
1.0
1.0
0.99985385
0.8913821
0.9999999
1.0
0.999998
1.0
1.0
0.99937695
0.9999156
0.9999906
1.0
1.0
1.0
0.99946195
0.99999976
0.9999734
0.9999999
1.0
0.9999999
1.0
1.0
1.0
1.0
0.9999881
1.0
1.0
1.0
1.0
1.0
0.99999857
1.0
1.0
0.9999746
1.0
1.0
1.0
0.9999999
1.0
1.0
1.0
0.99995434
1.0
1.0
1.0
0.99999976
1.0
0.9999995
0.9999949
0.9999939
1.0
1.0
1.0
1.0
1.0
0.99999976
0.8881484
0.9999999
1.0
0.9999999
0.99975973
1.0
1.0
1.0
0.9999981
1.0
0.99999547
1.0
1.0
1.0
0.9999999
1.0
1.0
1.0
1.0
1.0
0.9999999
1.0
1.0
1.0
1.0
1.0
0.9999988
0.9999963
1.0
1.0
1.0
0.9999999
0.999998
1.0
0.99999976
1.0
1.0
1.0
0.98509294
0.9999993
0.9999999
0.9999989
0.99994755
0.9999981
1.0
0.99999976
1.0
1.0
1.0
1.0
1.0
1.0
1.0
1.0
1.0
1.0
1.0
0.9998913
0.9999989
1.0
1.0
1.0
1.0
0.9999931
0.99998
1.0
0.99999905
0.99712414
1.0
0.9999944
1.0
1.0
1.0
0.99124736
1.0
0.99999905
0.9999919
1.0
1.0
1.0
0.9999993
1.0
1.0
1.0
1.0
1.0
1.0
1.0
1.0
0.9999999
0.9990268
0.99625707
1.0
1.0
0.99999976
1.0
1.0
1.0
1.0
0.9999981
1.0
1.0
1.0
1.0
0.99999905
0.999995
1.0
0.99997365
0.99999976
1.0
0.9999994
0.9999999
1.0
1.0
0.9999995
1.0
1.0
0.99999976
1.0
0.99753153
1.0
1.0
0.9999995
1.0
1.0
0.99999225
1.0
0.9999372
1.0
1.0
1.0
1.0
0.99999976
1.0
0.9999994
1.0
0.99996626
1.0
0.99999726
1.0
1.0
0.9999305
1.0
1.0
1.0
0.99996066
0.9999999
1.0
1.0
0.9999857
0.9196188
1.0
0.9999994
0.99999976
1.0
0.99997497
1.0
0.99999964
1.0
1.0
1.0
1.0
1.0
0.9999894
1.0
0.9999995
0.99936384
1.0
1.0
0.9999995
1.0
0.9999999
1.0
0.9999887
0.697123
0.99710995
1.0
0.99999964
1.0
1.0
0.99999976
0.99999976
1.0
0.9999944
1.0
1.0
1.0
0.99999964
1.0
0.9999982
0.99999154
1.0
1.0
0.99999976
1.0
1.0
0.9999987
0.99999976
1.0
1.0
1.0
1.0
1.0
1.0
1.0
0.9999987
1.0
0.9999528
0.99999976
1.0
1.0
1.0
1.0
0.99683076
0.99991953
0.99263316
0.99999774
0.98347616
1.0
1.0
0.99999845
1.0
1.0
1.0
1.0
1.0
1.0
1.0
1.0
0.9999999
1.0
1.0
1.0
1.0
0.9999881
1.0
1.0
1.0
1.0
1.0
1.0
1.0
0.99771166
1.0
1.0
0.99999714
1.0
1.0
0.9999999
1.0
0.99999905
0.99999964
0.9999999
1.0
1.0
1.0
1.0
1.0
1.0
1.0
1.0
1.0
0.99999833
1.0
1.0
1.0
1.0
1.0
1.0
0.9999995
0.99999976
1.0
1.0
1.0
0.99997854
1.0
1.0
1.0
0.9985184
1.0
0.99998224
1.0
1.0
0.99999416
1.0
1.0
1.0
1.0
0.99999964
1.0
1.0
1.0
1.0
1.0
1.0
1.0
1.0
0.8929232
1.0
1.0
1.0
1.0
1.0
0.9999995
0.99998796
1.0
0.99999344
1.0
1.0
1.0
0.99998975
1.0
0.9999999
1.0
1.0
1.0
1.0
1.0
0.99761355
1.0
1.0
1.0
0.9999976
1.0
1.0
0.99999976
0.9999993
0.99999845
1.0
0.9999999
1.0
1.0
0.99999976
1.0
0.9765255
1.0
1.0
0.9999907
1.0
0.9999924
0.9999969
1.0
0.99423087
0.93135816
0.99999976
0.9999871
0.99321544
1.0
1.0
1.0
1.0
1.0
0.9999988
1.0
1.0
0.9999994
1.0
1.0
0.9996306
1.0
1.0
1.0
1.0
1.0
0.9999988
0.99986434
1.0
0.9971295
1.0
1.0
0.9999989
0.9999974
0.9999994
0.99999976
1.0
1.0
1.0
1.0
0.98049
0.99999774
1.0
1.0
0.9994436
0.85596746
1.0
1.0
1.0
1.0
1.0
1.0
1.0
1.0
0.99993336
1.0
0.54008913
1.0
0.99735934
1.0
0.999728
0.9999999
1.0
0.9999999
1.0
1.0
1.0
1.0
0.9999999
0.99999917
1.0
1.0
0.9813177
1.0
0.99996674
1.0
0.9999999
0.9999943
0.9999999
0.9998374
1.0
1.0
1.0
1.0
0.9579617
1.0
0.95129275
1.0
0.99998844
0.9975616
1.0
1.0
1.0
1.0
1.0
0.99999964
0.9999926
1.0
0.9999994
0.99192154
1.0
1.0
1.0
1.0
1.0
1.0
1.0
1.0
1.0
0.9997751
1.0
0.99999917
1.0
1.0
0.99998844
1.0
0.9918698
0.9999988
0.9999938
1.0
0.9999999
1.0
1.0
1.0
0.9999865
1.0
1.0
1.0
0.8697046
1.0
1.0
0.7200092
1.0
0.9999994
0.9999999
0.9999994
1.0
0.99995077
1.0
1.0
0.9999937
1.0
0.9999999
1.0
1.0
1.0
1.0
0.99984026
1.0
0.9999777
0.9999999
1.0
1.0
1.0
0.9999728
1.0
0.9999918
0.9999999
1.0
1.0
1.0
1.0
0.9999999
0.99999857
1.0
1.0
1.0
0.9999999
1.0
1.0
1.0
0.9996258
1.0
1.0
1.0
1.0
1.0
1.0
1.0
1.0
0.9905219
1.0
1.0
1.0
0.93324065
1.0
1.0
0.99999976
1.0
1.0
1.0
0.99999964
1.0
1.0
1.0
1.0
1.0
1.0
1.0
1.0
1.0
0.99999285
0.9999968
1.0
0.9999366
1.0
1.0
1.0
1.0
1.0
1.0
1.0
1.0
1.0
1.0
1.0
1.0
0.99929595
0.99998224
0.98445225
0.9999995
0.9992766
1.0
1.0
0.99961746
1.0
0.9999994
1.0
0.99999654
0.99987936
1.0
1.0
0.9999944
1.0
1.0
1.0
1.0
1.0
1.0
1.0
0.9999975
1.0
1.0
1.0
0.9999999
1.0
0.99147415
0.99999714
0.99999154
0.9999747
1.0
1.0
1.0
1.0
0.9464075
0.9999999
0.99999595
1.0
1.0
0.9999995
0.9999999
0.9999999
0.9999838
0.9907069
0.9999951
0.9999963
0.9999982
0.9999999
1.0
1.0
1.0
1.0
0.9999999
0.99987817
1.0
0.9999927
1.0
1.0
0.9999721
0.99999964
1.0
1.0
1.0
1.0
1.0
0.50986135
1.0
0.9999994
1.0
1.0
0.9999999
1.0
1.0
0.9990988
1.0
0.99449956
0.999876
1.0
1.0
1.0
0.99998784
1.0
1.0
1.0
1.0
0.9427624
1.0
0.9999994
0.99997413
0.9999999
1.0
1.0
1.0
1.0
1.0
0.99999714
1.0
1.0
0.9999999
1.0
1.0
1.0
0.9999999
1.0
1.0
0.99999034
1.0
1.0
1.0
0.9999999
0.9999957
0.9999304
1.0
1.0
0.9999999
1.0
1.0
1.0
1.0
0.9999999
1.0
0.99929667
1.0
0.99996996
1.0
1.0
0.9999999
1.0
1.0
0.9999962
1.0
1.0
1.0
0.54145694
1.0
1.0
0.64950126
1.0
1.0
0.99999976
1.0
1.0
1.0
1.0
0.9999999
1.0
0.99988043
1.0
1.0
0.99999976
1.0
0.99992454
1.0
0.9999989
1.0
1.0
0.99999976
0.9999988
0.9998234
1.0
0.9999976
1.0
1.0
1.0
1.0
1.0
1.0
1.0
1.0
0.99998045
1.0
1.0
0.9999999
1.0
0.99999905
0.99999046
1.0
0.9999999
1.0
1.0
0.9999999
1.0
0.9999999
0.9999056
0.9996159
1.0
1.0
1.0
1.0
0.9999893
1.0
1.0
0.99999404
1.0
1.0
0.99999905
1.0
0.9999999
0.9999939
1.0
0.99999285
0.9999999
1.0
0.9999999
0.9999956
1.0
0.999998
1.0
1.0
0.99999964
0.999887
1.0
0.9985154
1.0
0.9980519
1.0
0.99999774
1.0
1.0
1.0
1.0
0.9998418
1.0
0.9999994
1.0
1.0
1.0
1.0
1.0
0.99999046
1.0
1.0
0.9999883
1.0
0.96722156
1.0
0.9999999
1.0
0.9998975
1.0
0.9999975
0.9999962
0.999997
0.9999994
1.0
1.0
1.0
1.0
1.0
1.0
0.99999964
0.99998546
0.9999999
1.0
0.99995923
1.0
0.9999927
0.99996936
1.0
0.9998042
1.0
1.0
1.0
0.84944546
1.0
1.0
1.0
1.0
1.0
0.99946684
0.9991109
1.0
1.0
1.0
1.0
1.0
1.0
1.0
1.0
1.0
1.0
0.9999975
0.99836844
1.0
1.0
1.0
0.99999964
1.0
1.0
1.0
1.0
1.0
1.0
1.0
1.0
0.99999964
0.9169613
0.9999944
1.0
1.0
1.0
0.99999976
0.99998486
0.9999994
1.0
1.0
0.8905279
1.0
1.0
1.0
1.0
1.0
0.9999999
0.99604034
0.7845175
0.9999999
1.0
0.9984107
0.99999845
1.0
1.0
0.9999999
1.0
0.9890181
0.999998
1.0
1.0
0.99999833
1.0
0.9998192
0.9999999
1.0
1.0
1.0
1.0
1.0
1.0
1.0
0.99999857
0.99998903
1.0
0.99999976
0.98984575
0.99999976
1.0
0.9999964
1.0
0.54492307
1.0
1.0
1.0
0.9999925
0.9999999
1.0
1.0
0.9998828
0.9999987
0.9999918
0.9995803
0.9999995
0.99999976
1.0
1.0
1.0
0.99996364
1.0
1.0
0.99999917
1.0
1.0
1.0
0.99999547
0.9999963
0.99985564
1.0
0.99999917
1.0
0.9999999
1.0
0.99999976
1.0
0.9999999
1.0
0.9999993
1.0
1.0
1.0
0.99999964
0.99999833
1.0
1.0
0.99999964
1.0
1.0
1.0
1.0
1.0
1.0
1.0
1.0
1.0
1.0
0.9843023
1.0
1.0
1.0
1.0
0.99999976
0.99962187
1.0
1.0
1.0
1.0
0.9999994
1.0
1.0
1.0
0.9870395
0.9985782
1.0
1.0
0.99997973
1.0
1.0
1.0
1.0
1.0
0.66576415
1.0
1.0
1.0
1.0
0.99943954
1.0
1.0
0.9999994
1.0
1.0
0.99998164
1.0
0.9937263
1.0
0.99996984
1.0
1.0
0.99999976
1.0
1.0
0.9999999
0.9999981
1.0
0.99999833
1.0
0.99999976
1.0
1.0
1.0
0.9999963
0.998926
0.99999654
1.0
0.9999325
1.0
0.9994574
1.0
1.0
0.99999714
1.0
1.0
1.0
1.0
0.99999917
1.0
1.0
1.0
1.0
1.0
0.99994814
1.0
0.99999964
0.99999964
1.0
0.9999993
0.96062875
1.0
0.9999993
1.0
0.9999994
1.0
1.0
1.0
0.9998871
0.99999976
0.99999106
0.9999999
0.9999869
0.9999958
0.99999547
0.9999995
1.0
1.0
0.9953311
1.0
1.0
1.0
1.0
1.0
0.999995
1.0
0.99998605
1.0
1.0
0.9980565
0.99999976
1.0
1.0
1.0
1.0
0.99999976
1.0
1.0
0.99999774
1.0
1.0
1.0
1.0
1.0
1.0
1.0
1.0
1.0
1.0
1.0
1.0
1.0
0.98888177
1.0
0.9999995
0.9999976
1.0
0.9999801
1.0
1.0
1.0
1.0
0.9999937
0.999998
0.9999732
1.0
1.0
1.0
1.0
0.9999883
1.0
1.0
0.93954605
0.9998977
1.0
0.96912676
1.0
1.0
0.9999999
0.9895873
0.9999136
0.99999964
0.99983084
1.0
1.0
1.0
0.9988638
1.0
1.0
1.0
1.0
1.0
1.0
1.0
0.9999864
1.0
0.999734
1.0
1.0
1.0
1.0
1.0
1.0
0.9999943
1.0
1.0
1.0
1.0
1.0
0.9999685
1.0
0.87025654
1.0
1.0
1.0
0.99996436
1.0
1.0
0.99968934
1.0
1.0
1.0
0.9999312
0.99999905
1.0
0.9999949
0.9978808
1.0
0.9999999
1.0
0.9999994
1.0
1.0
0.9999956
1.0
0.9999956
0.9999995
1.0
0.9999962
1.0
1.0
0.99999046
0.99999964
1.0
0.9999974
0.9999821
0.9182109
0.99999976
1.0
1.0
0.9914533
1.0
1.0
0.99749726
0.999818
1.0
1.0
1.0
1.0
0.9999999
0.9999876
1.0
1.0
1.0
1.0
1.0
1.0
0.9999989
1.0
0.9999889
1.0
1.0
1.0
1.0
1.0
1.0
0.99695444
1.0
1.0
1.0
1.0
1.0
0.9999999
1.0
1.0
0.9999999
1.0
1.0
1.0
1.0
0.9514505
1.0
0.99999976
0.9999988
0.99984646
0.99413836
1.0
1.0
1.0
1.0
1.0
1.0
1.0
1.0
1.0
1.0
1.0
1.0
0.99999845
1.0
0.99996996
1.0
1.0
1.0
0.96610814
0.9999896
1.0
1.0
0.99999976
0.9999999
1.0
1.0
1.0
1.0
1.0
1.0
1.0
1.0
1.0
0.9999999
1.0
0.99998796
1.0
1.0
0.99999964
0.9999925
1.0
0.999915
0.9999796
1.0
1.0
1.0
1.0
0.99999964
0.9999999
1.0
0.99996555
1.0
0.9999956
0.9999927
1.0
1.0
1.0
1.0
0.9999914
1.0
0.99999523
0.9999999
1.0
1.0
1.0
1.0
1.0
1.0
1.0
0.992789
1.0
0.9999994
1.0
1.0
0.9999968
0.99996483
1.0
1.0
0.80802643
0.9999995
0.9999999
0.999998
1.0
1.0
1.0
0.9999993
1.0
1.0
1.0
0.99999225
1.0
0.9999993
0.9999653
1.0
1.0
1.0
1.0
1.0
1.0
0.99999774
1.0
1.0
0.9999759
0.99999356
0.99999976
1.0
1.0
1.0
0.99999964
1.0
0.99995375
1.0
1.0
1.0
0.9999987
0.99999857
1.0
0.9999964
0.9999659
0.9761427
1.0
1.0
0.99929976
0.99999666
1.0
1.0
1.0
1.0
1.0
1.0
0.9986953
0.9999999
1.0
1.0
0.9999994
1.0
1.0
1.0
0.99999416
1.0
0.9899412
1.0
0.9999906
1.0
1.0
1.0
1.0
1.0
0.99999905
1.0
1.0
1.0
1.0
1.0
1.0
1.0
1.0
1.0
1.0
1.0
1.0
1.0
0.99662775
1.0
1.0
1.0
1.0
0.99999964
0.9999982
0.99999964
1.0
1.0
1.0
0.9999969
1.0
1.0
1.0
0.9999399
1.0
1.0
1.0
1.0
1.0
1.0
1.0
1.0
0.64564735
0.99996245
1.0
1.0
1.0
0.9999999
0.9999999
0.97103596
0.9999882
0.9991173
1.0
1.0
0.999998
1.0
1.0
1.0
0.995255
1.0
1.0
1.0
1.0
0.99999976
0.9999999
1.0
0.9999999
1.0
1.0
0.9999995
0.99999905
1.0
0.99817526
0.9981667
1.0
0.99999964
1.0
0.9999999
0.9999999
1.0
0.9999999
0.99999905
1.0
1.0
1.0
1.0
0.99999964
0.99999976
1.0
1.0
0.99999905
0.9999982
0.9999989
1.0
1.0
0.72725224
0.99996746
1.0
0.9999993
1.0
1.0
1.0
0.99999976
1.0
1.0
1.0
1.0
1.0
1.0
0.9946464
1.0
0.99980956
0.9999999
1.0
0.999941
0.9999517
1.0
0.9998419
1.0
0.9999938
1.0
0.9649012
0.99999976
0.9999987
1.0
0.99999547
1.0
1.0
1.0
1.0
1.0
1.0
1.0
0.9999994
1.0
0.9999995
0.9999999
0.9999974
1.0
1.0
1.0
1.0
0.9999963
1.0
1.0
0.9999962
0.99884546
1.0
1.0
1.0
0.9999987
1.0
1.0
0.9999844
1.0
1.0
0.9999974
1.0
0.9999994
1.0
1.0
1.0
1.0
1.0
1.0
1.0
1.0
1.0
1.0
0.9999964
1.0
0.99999976
1.0
1.0
0.9999702
1.0
0.9999968
0.99998593
0.99967194
0.9999999
0.9999999
1.0
1.0
1.0
1.0
0.9999846
0.9999964
0.999995
1.0
0.99999905
1.0
0.7887122
1.0
1.0
0.9999989
1.0
1.0
1.0
1.0
0.9999994
1.0
0.9999162
0.9999627
0.99999917
1.0
1.0
0.9999999
1.0
1.0
1.0
0.9999999
1.0
1.0
0.99758685
0.9999994
1.0
0.9999999
1.0
1.0
1.0
0.99999714
1.0
1.0
1.0
0.9999553
0.99990296
1.0
1.0
1.0
1.0
0.99998856
1.0
0.99748766
1.0
1.0
1.0
0.9999994
1.0
1.0
1.0
1.0
1.0
1.0
1.0
0.9999832
1.0
1.0
1.0
1.0
1.0
0.9999987
1.0
0.9999999
1.0
1.0
1.0
0.99999976
0.99998486
1.0
0.99999976
1.0
1.0
1.0
1.0
0.9999906
1.0
1.0
1.0
1.0
1.0
0.99999976
1.0
1.0
1.0
1.0
0.9999993
1.0
1.0
1.0
1.0
1.0
0.9999994
1.0
0.99999976
1.0
1.0
0.9999999
1.0
1.0
1.0
1.0
1.0
0.99999976
1.0
1.0
0.99999964
1.0
0.9999999
1.0
1.0
1.0
1.0
0.99986887
0.99999547
1.0
0.9999999
1.0
1.0
1.0
0.9999995
1.0
1.0
1.0
1.0
1.0
1.0
1.0
1.0
1.0
1.0
0.99999547
0.9999999
1.0
0.99999297
1.0
1.0
1.0
1.0
1.0
1.0
1.0
1.0
0.99999774
1.0
0.99999976
0.9999999
1.0
1.0
1.0
1.0
1.0
0.9999988
1.0
1.0
1.0
1.0
1.0
1.0
1.0
0.9999987
1.0
1.0
0.9999999
1.0
1.0
0.9999999
0.9999999
1.0
1.0
1.0
1.0
1.0
0.9998754
1.0
1.0
1.0
1.0
1.0
1.0
1.0
0.99997425
0.9999981
1.0
1.0
1.0
0.9998356
1.0
1.0
1.0
0.9999999
1.0
0.9999999
1.0
1.0
1.0
1.0
1.0
0.9999982
1.0
1.0
1.0
1.0
1.0
1.0
0.99456984
1.0
1.0
0.9999994
1.0
0.9999999
0.9957743
1.0
0.99999654
1.0
1.0
1.0
1.0
0.99999976
1.0
1.0
1.0
0.9999999
0.9999918
1.0
1.0
0.9999999
1.0
0.9999999
0.999997
1.0
1.0
1.0
0.99999976
1.0
1.0
1.0
1.0
1.0
1.0
0.9997663
1.0
1.0
1.0
1.0
0.9999654
1.0
0.9974361
1.0
0.9999993
1.0
0.9999999
0.99999964
0.9999099
1.0
1.0
0.9999989
1.0
1.0
1.0
1.0
1.0
1.0
0.9999995
1.0
0.9999999
0.9999987
0.99995506
1.0
0.9999999
1.0
1.0
1.0
1.0
0.99997914
0.9999999
1.0
1.0
1.0
0.99999917
1.0
1.0
1.0
1.0
1.0
1.0
1.0
1.0
0.9999995
1.0
0.99999976
1.0
0.9824348
0.99999976
1.0
1.0
0.9999552
1.0
1.0
1.0
1.0
1.0
1.0
1.0
1.0
1.0
0.99999964
0.9998665
0.99999046
1.0
0.9999999
0.9999964
0.9999999
1.0
0.99980265
0.99999976
1.0
1.0
1.0
1.0
1.0
1.0
1.0
1.0
0.9985831
1.0
1.0
1.0
1.0
1.0
1.0
1.0
1.0
1.0
0.9963903
1.0
1.0
1.0
1.0
1.0
1.0
1.0
1.0
1.0
0.9999993
1.0
1.0
1.0
1.0
1.0
1.0
1.0
1.0
1.0
1.0
1.0
1.0
0.9999999
1.0
1.0
1.0
0.9999999
1.0
1.0
1.0
1.0
1.0
1.0
1.0
1.0
1.0
1.0
1.0
1.0
1.0
1.0
1.0
0.9434844
1.0
1.0
1.0
0.9999981
1.0
1.0
1.0
0.9999999
1.0
1.0
1.0
0.999998
1.0
1.0
1.0
1.0
1.0
1.0
1.0
1.0
1.0
1.0
1.0
1.0
1.0
1.0
1.0
1.0
0.9999999
1.0
1.0
0.99999964
1.0
1.0
1.0
1.0
1.0
1.0
1.0
0.9999993
1.0
0.99999905
1.0
0.9999981
1.0
0.9999999
1.0
0.99998605
0.99999976
1.0
1.0
1.0
1.0
1.0
1.0
1.0
0.9999995
1.0
1.0
1.0
1.0
1.0
0.9999999
1.0
1.0
1.0
1.0
1.0
1.0
0.99999976
1.0
1.0
1.0
1.0
1.0
0.9999993
1.0
0.9999635
1.0
1.0
1.0
1.0
1.0
1.0
0.9999999
0.9999994
1.0
1.0
1.0
1.0
1.0
1.0
0.99998045
1.0
1.0
1.0
1.0
1.0
1.0
1.0
1.0
1.0
1.0
1.0
1.0
1.0
1.0
1.0
1.0
1.0
1.0
1.0
1.0
1.0
1.0
0.9999994
1.0
0.99978703
0.9999776
1.0
1.0
1.0
1.0
1.0
1.0
0.984324
1.0
1.0
1.0
1.0
1.0
1.0
1.0
1.0
1.0
1.0
1.0
0.9999999
1.0
0.9999999
1.0
1.0
1.0
1.0
1.0
1.0
1.0
1.0
1.0
1.0
1.0
1.0
1.0
1.0
1.0
1.0
1.0
1.0
1.0
0.99999964
1.0
1.0
1.0
1.0
1.0
1.0
1.0
1.0
1.0
1.0
0.99999964
1.0
1.0
1.0
1.0
1.0
1.0
1.0
1.0
1.0
1.0
1.0
1.0
1.0
1.0
1.0
1.0
0.99997604
1.0
1.0
0.9999362
0.9999999
1.0
0.9999988
0.9999999
0.99999917
1.0
1.0
1.0
1.0
1.0
1.0
1.0
1.0
0.99999547
0.9999993
1.0
1.0
1.0
0.9999999
1.0
1.0
1.0
1.0
0.99999905
0.9998591
0.99999964
1.0
1.0
1.0
1.0
1.0
1.0
1.0
1.0
1.0
1.0
0.9999976
0.9999999
0.99999094
0.9999995
1.0
0.99952805
0.99999976
1.0
1.0
1.0
0.9999012
1.0
1.0
1.0
0.99999964
1.0
1.0
1.0
0.9999999
0.9999969
1.0
0.99999475
1.0
0.9999927
0.99999976
1.0
1.0
0.99870634
1.0
1.0
1.0
1.0
1.0
1.0
0.9999999
0.99999535
0.9999999
1.0
1.0
1.0
1.0
0.99789137
1.0
0.9999999
0.9999993
1.0
0.9999989
1.0
1.0
1.0
1.0
0.9999999
1.0
0.9999999
0.99999416
1.0
0.9999999
1.0
1.0
1.0
1.0
0.99999845
1.0
1.0
0.999992
1.0
1.0
0.99999
1.0
1.0
1.0
1.0
0.9999999
1.0
1.0
0.83483815
1.0
0.9999888
1.0
1.0
0.99999714
0.9999999
0.9999747
0.9851767
0.99960345
1.0
1.0
1.0
0.9999995
0.99999607
0.99682057
1.0
1.0
1.0
0.9999995
0.9997409
0.9999994
1.0
1.0
1.0
1.0
1.0
1.0
0.9999999
1.0
1.0
1.0
1.0
0.99999976
1.0
1.0
1.0
1.0
1.0
1.0
1.0
1.0
0.99972016
0.9999423
0.99999475
1.0
1.0
1.0
1.0
0.9999976
1.0
1.0
1.0
1.0
0.9999989
1.0
1.0
0.9999999
1.0
1.0
1.0
1.0
1.0
1.0
1.0
1.0
1.0
1.0
1.0
0.9999994
0.99999964
1.0
1.0
1.0
0.99999976
0.9999957
1.0
1.0
1.0
1.0
0.99999344
1.0
1.0
0.99999964
1.0
0.99999654
0.9999989
1.0
1.0
1.0
1.0
1.0
0.9999995
0.9999999
0.9999995
1.0
1.0
0.9999995
0.9999999
1.0
0.98309696
0.9999964
0.9293204
1.0
1.0
1.0
1.0
1.0
0.99999976
0.99999976
1.0
0.999998
1.0
1.0
1.0
0.9607674
1.0
1.0
0.9976349
0.9999999
0.99999833
1.0
0.99999964
1.0
1.0
1.0
1.0
1.0
1.0
1.0
1.0
1.0
1.0
1.0
1.0
0.9999989
1.0
1.0
1.0
0.9999995
1.0
1.0
1.0
1.0
0.9999999
1.0
1.0
1.0
1.0
1.0
0.9999994
1.0
1.0
0.9999994
1.0
1.0
0.99999976
1.0
1.0
1.0
1.0
1.0
1.0
1.0
1.0
1.0
0.99999964
0.99922514
0.9999596
1.0
1.0
1.0
0.9999999
0.9999975
1.0
1.0
1.0
1.0
1.0
1.0
1.0
1.0
1.0
1.0
1.0
1.0
1.0
0.9999989
1.0
1.0
1.0
1.0
1.0
0.9999441
0.99978906
1.0
0.99999964
1.0
1.0
1.0
1.0
0.9979196
1.0
0.9999995
1.0
1.0
0.9999999
1.0
0.99999774
1.0
1.0
0.9999999
1.0
1.0
1.0
1.0
1.0
1.0
1.0
1.0
0.9999999
1.0
1.0
1.0
1.0
1.0
1.0
1.0
1.0
1.0
1.0
1.0
0.99999976
1.0
0.9999999
0.9999999
1.0
0.99999845
1.0
1.0
1.0
1.0
1.0
0.9969657
1.0
1.0
1.0
1.0
1.0
1.0
1.0
0.99999905
1.0
0.9932147
0.8907819
1.0
0.9999975
0.9999995
1.0
1.0
1.0
1.0
1.0
0.99999964
1.0
1.0
1.0
1.0
1.0
0.9999988
1.0
1.0
0.99998975
1.0
1.0
1.0
1.0
1.0
0.99999917
1.0
0.99999917
1.0
1.0
1.0
0.9999993
1.0
1.0
0.9999927
0.99999857
1.0
0.99999917
1.0
0.99994075
1.0
1.0
1.0
1.0
1.0
1.0
1.0
1.0
0.9999993
0.94520444
0.9998872
1.0
0.9999622
1.0
1.0
1.0
1.0
1.0
1.0
1.0
1.0
1.0
0.99999595
0.99999726
0.9999988
1.0
1.0
1.0
0.9982029
1.0
1.0
1.0
0.9999788
1.0
0.9999901
1.0
0.99999964
1.0
1.0
1.0
1.0
1.0
1.0
1.0
0.9999999
0.99996257
0.999949
1.0
0.99999845
1.0
0.9999999
1.0
1.0
0.9999999
0.99886346
0.9096609
0.9999999
1.0
0.9999453
1.0
0.999992
1.0
1.0
1.0
1.0
0.99999964
1.0
1.0
1.0
0.9999988
0.99941516
0.9999999
1.0
0.99999285
1.0
1.0
1.0
0.9999938
1.0
0.9999876
0.9999995
1.0
1.0
0.9999999
0.99999714
1.0
1.0
1.0
1.0
1.0
1.0
1.0
1.0
0.9999896
1.0
0.9999999
0.9999745
1.0
1.0
0.99984765
0.99999964
0.9999809
1.0
1.0
1.0
1.0
1.0
1.0
0.99528605
1.0
0.9999999
0.9999999
1.0
1.0
1.0
0.9998254
0.99999976
1.0
1.0
1.0
0.9999999
0.99999976
1.0
0.99999976
0.9999999
1.0
0.9999889
0.9999993
1.0
1.0
1.0
1.0
0.9999999
1.0
1.0
1.0
1.0
1.0
0.9999987
1.0
1.0
1.0
1.0
1.0
0.9890041
0.99999774
1.0
1.0
1.0
1.0
1.0
1.0
1.0
0.99999964
0.99462974
1.0
0.9999999
1.0
1.0
1.0
1.0
1.0
1.0
1.0
0.9910041
1.0
0.9999931
1.0
1.0
1.0
1.0
1.0
1.0
1.0
0.99966335
1.0
1.0
1.0
1.0
1.0
1.0
1.0
0.99999964
1.0
1.0
0.99508566
1.0
1.0
0.99999976
1.0
1.0
1.0
1.0
1.0
1.0
1.0
1.0
0.9999989
1.0
0.9999974
1.0
1.0
1.0
1.0
1.0
1.0
1.0
1.0
1.0
1.0
1.0
1.0
1.0
1.0
1.0
1.0
1.0
1.0
1.0
1.0
1.0
1.0
1.0
1.0
1.0
1.0
1.0
1.0
1.0
1.0
0.9995615
1.0
1.0
1.0
0.9999893
1.0
1.0
1.0
1.0
0.57713854
1.0
0.9996425
1.0
0.9999995
1.0
0.9972063
0.68295836
0.9999374
1.0
1.0
1.0
1.0
1.0
1.0
1.0
1.0
1.0
1.0
1.0
1.0
1.0
0.9999981
1.0
1.0
1.0
1.0
1.0
1.0
1.0
1.0
1.0
1.0
1.0
0.99999976
1.0
1.0
1.0
1.0
1.0
1.0
1.0
1.0
1.0
1.0
1.0
1.0
1.0
1.0
1.0
1.0
1.0
1.0
1.0
1.0
1.0
1.0
0.9999999
1.0
1.0
1.0
1.0
0.9999995
1.0
0.9999987
1.0
1.0
1.0
1.0
0.9999999
1.0
1.0
1.0
1.0
1.0
1.0
0.999997
0.99990344
1.0
1.0
1.0
1.0
1.0
1.0
0.9999999
1.0
1.0
1.0
1.0
1.0
1.0
1.0
1.0
1.0
1.0
1.0
1.0
1.0
1.0
1.0
1.0
1.0
1.0
1.0
1.0
1.0
1.0
1.0
1.0
1.0
1.0
1.0
1.0
1.0
1.0
1.0
1.0
1.0
1.0
1.0
1.0
1.0
1.0
1.0
1.0
1.0
1.0
1.0
1.0
1.0
1.0
1.0
1.0
1.0
1.0
1.0
1.0
0.99999964
1.0
1.0
0.99999964
1.0
1.0
1.0
1.0
1.0
1.0
1.0
1.0
1.0
1.0
1.0
1.0
1.0
1.0
1.0
1.0
1.0
1.0
1.0
1.0
1.0
1.0
1.0
1.0
1.0
1.0
1.0
1.0
1.0
1.0
1.0
1.0
1.0
1.0
1.0
1.0
1.0
0.9999995
1.0
1.0
0.9999999
1.0
1.0
1.0
1.0
1.0
1.0
1.0
1.0
1.0
1.0
1.0
1.0
1.0
1.0
1.0
1.0
1.0
1.0
1.0
1.0
1.0
1.0
1.0
1.0
1.0
1.0
1.0
1.0
0.9999987
0.99999976
1.0
1.0
1.0
1.0
1.0
1.0
1.0
1.0
1.0
1.0
0.9999999
1.0
1.0
0.99990714
0.9997634
0.9999945
1.0
1.0
1.0
1.0
0.99999726
1.0
0.9999994
0.9999989
1.0
1.0
1.0
1.0
1.0
1.0
1.0
0.99999666
0.9999999
0.9998901
1.0
1.0
1.0
1.0
1.0
1.0
0.999992
1.0
0.9999969
1.0
0.99999917
1.0
0.9999994
0.9999999
0.99986565
1.0
0.99999785
1.0
1.0
1.0
1.0
1.0
0.99999845
1.0
1.0
1.0
1.0
1.0
1.0
0.99999785
1.0
0.9999956
1.0
1.0
1.0
1.0
1.0
1.0
1.0
1.0
0.9999988
1.0
1.0
1.0
1.0
1.0
0.99999964
1.0
1.0
1.0
1.0
1.0
1.0
1.0
1.0
1.0
1.0
1.0
1.0
0.99996305
1.0
1.0
1.0
1.0
1.0
1.0
1.0
1.0
0.99999213
1.0
1.0
1.0
1.0
1.0
1.0
0.9999995
1.0
1.0
1.0
1.0
1.0
1.0
1.0
0.9999783
0.9999999
1.0
1.0
1.0
1.0
1.0
1.0
0.99999964
1.0
0.9690578
1.0
0.99999964
0.9999999
1.0
1.0
1.0
0.99997985
1.0
1.0
1.0
1.0
1.0
1.0
1.0
0.9999999
1.0
1.0
0.9999987
0.9999995
1.0
0.9999999
1.0
1.0
1.0
1.0
1.0
0.99763644
1.0
1.0
1.0
1.0
1.0
0.9966786
0.9999987
1.0
1.0
0.99999905
0.9999994
0.99999654
1.0
0.999998
1.0
0.99999905
0.9999995
1.0
1.0
0.9999999
0.99996674
0.99858737
0.5279977
1.0
0.9993242
0.96373534
0.99999976
0.99199957
0.99967945
1.0
1.0
1.0
0.99999666
1.0
1.0
0.9998981
0.9999995
1.0
0.56699306
0.9974292
0.99959654
0.99845135
1.0
0.9689201
0.9999918
0.99878496
0.9999981
0.9999999
1.0
1.0
1.0
0.9999999
1.0
1.0
1.0
0.9999999
1.0
1.0
1.0
0.99964046
1.0
1.0
1.0
0.9999975
0.7142185
0.99039614
0.99496967
1.0
1.0
0.999995
0.99708813
1.0
0.9999964
0.9999999
1.0
0.9997929
0.9999999
0.9999999
1.0
1.0
0.9999969
0.9999876
0.99996424
1.0
0.9999008
0.9999994
1.0
1.0
0.9999999
0.9999981
0.9999999
0.9999999
0.5594369
1.0
0.9999976
1.0
0.9999995
1.0
0.997743
0.9971204
1.0
1.0
1.0
0.999992
0.99999964
1.0
1.0
1.0
1.0
0.9999989
1.0
1.0
0.9999838
1.0
1.0
1.0
1.0
0.99999845
0.9364011
1.0
1.0
1.0
0.9999999
0.99999976
1.0
0.9999999
1.0
1.0
0.9999999
0.99999464
1.0
1.0
1.0
1.0
0.99999845
0.99999976
0.99999905
1.0
1.0
0.9999908
1.0
1.0
0.99999833
1.0
0.9999999
1.0
1.0
1.0
0.9999713
1.0
1.0
0.9999999
1.0
1.0
1.0
0.99999976
1.0
1.0
0.9995432
0.99995995
1.0
0.9999999
1.0
1.0
1.0
1.0
1.0
0.99999976
1.0
1.0
1.0
1.0
1.0
0.9976151
1.0
1.0
1.0
0.9999974
1.0
1.0
1.0
1.0
1.0
1.0
1.0
0.9999832
1.0
1.0
0.99954164
0.9999993
1.0
0.99999905
0.999997
1.0
1.0
1.0
1.0
1.0
0.99999976
0.9999703
1.0
1.0
1.0
1.0
1.0
1.0
1.0
0.990484
0.999998
1.0
1.0
0.9868527
0.99999976
1.0
0.9999021
1.0
0.9999987
1.0
1.0
1.0
1.0
0.9999995
0.99813974
0.99995804
1.0
1.0
0.9999994
1.0
1.0
0.99999905
1.0
0.99999976
1.0
1.0
1.0
0.9999981
0.99993134
1.0
1.0
1.0
1.0
1.0
1.0
1.0
1.0
0.99999976
1.0
0.9999862
1.0
0.99999595
0.931028
0.9999602
0.9999976
1.0
0.9999975
1.0
1.0
1.0
0.99999404
1.0
0.99999726
1.0
1.0
0.99996305
1.0
1.0
1.0
1.0
1.0
1.0
1.0
1.0
1.0
0.9999999
0.9999944
1.0
1.0
1.0
1.0
1.0
0.99999964
1.0
1.0
1.0
0.9999851
0.99999976
1.0
1.0
1.0
1.0
1.0
1.0
1.0
1.0
0.9999913
1.0
1.0
1.0
1.0
1.0
1.0
1.0
1.0
1.0
1.0
1.0
0.99999666
1.0
0.9999924
1.0
1.0
1.0
1.0
1.0
0.9988681
1.0
1.0
1.0
1.0
0.99999976
1.0
1.0
1.0
1.0
1.0
1.0
1.0
1.0
1.0
1.0
1.0
1.0
1.0
1.0
1.0
1.0
1.0
0.9999999
1.0
1.0
1.0
1.0
1.0
1.0
1.0
0.9999167
1.0
1.0
1.0
1.0
0.99993443
1.0
0.99999964
0.9999963
0.9999981
1.0
1.0
1.0
1.0
1.0
1.0
0.99999905
0.9998622
1.0
1.0
1.0
0.9999932
1.0
1.0
1.0
1.0
1.0
1.0
0.9998907
1.0
1.0
1.0
0.9999391
1.0
0.9999999
1.0
1.0
1.0
0.99999976
1.0
1.0
0.9999976
1.0
1.0
1.0
0.9999999
1.0
0.99999976
0.99999464
1.0
1.0
1.0
1.0
1.0
1.0
1.0
1.0
1.0
0.99999976
1.0
1.0
1.0
0.99999964
1.0
1.0
1.0
0.99999666
0.9999584
1.0
1.0
1.0
1.0
1.0
1.0
1.0
1.0
0.99998677
1.0
1.0
1.0
1.0
1.0
1.0
1.0
1.0
1.0
0.99999976
1.0
1.0
0.9999999
1.0
1.0
1.0
0.9999974
1.0
1.0
1.0
1.0
1.0
1.0
1.0
1.0
0.9999999
0.9999989
1.0
1.0
1.0
1.0
1.0
1.0
1.0
1.0
1.0
0.99999976
1.0
1.0
1.0
1.0
1.0
1.0
0.99999034
1.0
1.0
1.0
0.9999999
1.0
1.0
1.0
1.0
1.0
0.99999785
1.0
1.0
1.0
1.0
1.0
1.0
1.0
1.0
1.0
1.0
1.0
1.0
0.9999981
1.0
1.0
1.0
0.99999905
1.0
1.0
0.9999993
0.9999999
0.9999989
0.9999889
1.0
1.0
1.0
0.99999976
1.0
1.0
1.0
1.0
1.0
1.0
1.0
1.0
1.0
1.0
1.0
1.0
1.0
0.99984825
1.0
1.0
1.0
1.0
0.9999448
1.0
1.0
1.0
1.0
1.0
1.0
0.99999964
1.0
1.0
0.99999774
1.0
1.0
1.0
1.0
1.0
1.0
0.99999964
1.0
1.0
0.9999999
1.0
1.0
1.0
1.0
0.9999999
1.0
0.9999995
1.0
1.0
1.0
1.0
1.0
1.0
1.0
0.99999833
1.0
1.0
1.0
0.99997807
0.9999956
0.99999785
1.0
1.0
0.99999964
1.0
0.9999994
1.0
1.0
1.0
1.0
1.0
0.99999976
0.99999905
1.0
1.0
1.0
1.0
1.0
1.0
1.0
0.99997044
1.0
1.0
0.9999993
1.0
1.0
0.9992804
1.0
1.0
1.0
1.0
1.0
1.0
0.99999833
1.0
1.0
1.0
0.9999964
1.0
1.0
0.9994824
0.9999999
1.0
1.0
1.0
1.0
1.0
1.0
1.0
1.0
1.0
1.0
1.0
0.99999
1.0
1.0
1.0
1.0
1.0
0.9999
1.0
0.99999976
1.0
1.0
1.0
1.0
1.0
1.0
1.0
1.0
1.0
1.0
1.0
1.0
1.0
1.0
1.0
1.0
1.0
0.9999995
1.0
1.0
1.0
1.0
0.9999994
1.0
1.0
0.9999969
1.0
1.0
1.0
1.0
1.0
1.0
1.0
1.0
1.0
1.0
1.0
1.0
0.99999976
1.0
1.0
0.9999707
1.0
0.9999999
1.0
1.0
1.0
0.9999989
0.9999999
1.0
1.0
0.9999918
0.9999999
0.9999949
1.0
0.99951994
1.0
1.0
1.0
0.97662157
0.9999999
1.0
1.0
0.9999875
1.0
1.0
1.0
0.9999995
0.99999976
1.0
1.0
1.0
0.99999714
1.0
1.0
1.0
0.9999999
1.0
0.99566805
1.0
1.0
0.99999964
1.0
0.9989612
0.99999774
0.99999976
1.0
1.0
0.9999987
0.9999999
1.0
1.0
0.9999193
1.0
1.0
1.0
1.0
1.0
0.99999976
1.0
1.0
0.99999833
0.9999988
0.9999863
1.0
1.0
1.0
1.0
1.0
1.0
0.9999311
0.9999242
1.0
1.0
0.999998
1.0
1.0
1.0
1.0
0.9999999
1.0
0.99997413
1.0
1.0
1.0
1.0
1.0
1.0
1.0
1.0
1.0
0.9999995
1.0
1.0
0.9999989
1.0
1.0
1.0
1.0
1.0
1.0
0.9999999
1.0
1.0
1.0
1.0
1.0
0.9999993
1.0
1.0
1.0
1.0
0.9999988
1.0
1.0
1.0
1.0
1.0
1.0
1.0
1.0
0.99999976
1.0
1.0
1.0
1.0
1.0
1.0
1.0
1.0
1.0
1.0
1.0
1.0
1.0
1.0
1.0
0.9999988
1.0
1.0
1.0
0.9999999
1.0
1.0
1.0
1.0
1.0
1.0
1.0
1.0
0.99999976
1.0
0.9999957
1.0
0.9999999
0.9999995
1.0
0.9999881
1.0
0.9999994
1.0
1.0
0.9999999
1.0
1.0
1.0
1.0
1.0
1.0
1.0
1.0
1.0
1.0
0.9999993
1.0
1.0
1.0
1.0
0.99999774
1.0
1.0
1.0
1.0
1.0
1.0
0.9999995
1.0
0.9999696
1.0
1.0
1.0
1.0
1.0
0.9999939
1.0
0.99999964
1.0
1.0
1.0
1.0
1.0
1.0
1.0
0.99999976
1.0
1.0
0.99999905
0.99999976
1.0
1.0
1.0
0.99999905
1.0
1.0
1.0
1.0
0.9995401
1.0
0.99999845
0.99999917
1.0
1.0
0.9999999
0.99999976
1.0
1.0
1.0
1.0
1.0
0.99999964
0.9999975
1.0
1.0
0.9999851
1.0
0.9999838
1.0
0.9956904
1.0
1.0
0.99999416
1.0
1.0
1.0
0.9999666
1.0
0.9999995
1.0
0.99999654
1.0
0.9999988
0.9999999
1.0
1.0
0.99962485
1.0
1.0
1.0
1.0
0.9999994
0.9999994
1.0
1.0
1.0
0.99999046
0.9999994
0.9999999
1.0
0.9999999
1.0
1.0
1.0
1.0
1.0
0.9999999
0.9992231
0.99999857
1.0
1.0
0.99999416
0.9999999
1.0
1.0
1.0
1.0
0.99999964
0.9997377
1.0
1.0
1.0
0.99999976
0.9999999
1.0
0.9999987
0.9999931
0.9999993
1.0
1.0
1.0
0.9999999
1.0
0.9965485
1.0
1.0
1.0
1.0
0.9999975
0.9999993
0.99999857
1.0
1.0
1.0
1.0
1.0
0.999997
1.0
1.0
0.9999713
0.99999774
1.0
1.0
1.0
1.0
1.0
1.0
1.0
0.9999999
0.9999994
1.0
1.0
1.0
1.0
1.0
1.0
1.0
1.0
0.9999999
0.9999999
0.9999999
1.0
1.0
0.9999999
0.9999958
1.0
1.0
1.0
1.0
1.0
0.99999297
1.0
1.0
1.0
1.0
1.0
1.0
0.9999851
1.0
1.0
0.99999976
1.0
1.0
0.9999993
1.0
1.0
1.0
1.0
1.0
1.0
0.9999999
1.0
1.0
1.0
0.99999547
1.0
0.9999999
1.0
0.9999968
0.99996126
0.9999999
1.0
1.0
1.0
1.0
0.99994886
1.0
1.0
0.9999999
1.0
1.0
0.9999987
0.9999999
1.0
1.0
1.0
1.0
0.99999976
1.0
1.0
1.0
1.0
1.0
1.0
1.0
1.0
1.0
1.0
0.9999999
1.0
0.9999999
0.9999999
1.0
1.0
1.0
1.0
1.0
1.0
0.9999999
1.0
1.0
0.99999976
1.0
1.0
0.9990569
1.0
1.0
1.0
1.0
1.0
1.0
1.0
0.9999924
1.0
1.0
1.0
0.9999999
1.0
1.0
0.99999964
1.0
1.0
0.9999901
0.99999976
1.0
0.9999969
0.99999857
1.0
1.0
0.9999999
1.0
1.0
1.0
1.0
0.99999976
1.0
0.99867696
1.0
1.0
1.0
1.0
0.9999995
1.0
1.0
0.9999999
1.0
1.0
1.0
1.0
1.0
1.0
1.0
1.0
1.0
1.0
1.0
0.99999964
0.99999917
0.9999999
1.0
1.0
1.0
1.0
1.0
0.99999917
0.99999964
1.0
1.0
0.99999547
1.0
1.0
1.0
1.0
1.0
0.9999993
1.0
1.0
0.9999994
1.0
1.0
1.0
1.0
0.9999999
1.0
1.0
1.0
1.0
1.0
1.0
1.0
1.0
1.0
0.9999999
1.0
1.0
1.0
1.0
1.0
1.0
1.0
1.0
1.0
1.0
1.0
1.0
0.9999995
1.0
1.0
1.0
1.0
1.0
1.0
1.0
1.0
1.0
1.0
1.0
0.9999944
1.0
0.99999976
0.9999944
0.999987
1.0
1.0
1.0
1.0
1.0
1.0
1.0
1.0
1.0
0.9999981
1.0
1.0
0.9999987
1.0
1.0
1.0
1.0
0.9999999
1.0
1.0
0.9999999
1.0
1.0
0.9999994
1.0
1.0
1.0
1.0
1.0
0.9999995
1.0
1.0
1.0
1.0
1.0
1.0
1.0
1.0
1.0
1.0
0.9999999
1.0
0.9999881
1.0
0.9999999
1.0
0.9999999
1.0
1.0
0.999997
1.0
1.0
1.0
1.0
1.0
1.0
1.0
1.0
0.99999976
0.9999999
0.9999366
1.0
0.9999999
0.99996674
0.9999994
1.0
1.0
1.0
1.0
1.0
1.0
1.0
1.0
1.0
1.0
0.9999974
0.9999473
1.0
1.0
1.0
1.0
1.0
1.0
0.9999999
0.9996675
1.0
0.999998
1.0
1.0
0.99999917
1.0
0.9999999
1.0
1.0
1.0
1.0
1.0
1.0
1.0
1.0
0.99999976
1.0
0.9999945
1.0
0.99999976
0.99651414
1.0
1.0
0.99999976
1.0
0.9999994
1.0
0.99146867
0.9999709
0.9986595
1.0
0.9999988
1.0
1.0
0.9999989
0.9999975
1.0
0.99999964
0.9998209
1.0
1.0
1.0
1.0
1.0
1.0
1.0
1.0
1.0
0.9999994
1.0
1.0
1.0
0.99999857
1.0
1.0
1.0
1.0
1.0
1.0
1.0
1.0
1.0
1.0
1.0
0.99999845
1.0
1.0
1.0
1.0
1.0
1.0
1.0
0.9999939
1.0
1.0
1.0
1.0
0.99998164
1.0
1.0
0.99864715
0.99999964
1.0
1.0
1.0
1.0
1.0
1.0
1.0
1.0
0.9999987
1.0
0.9999999
0.99970835
1.0
1.0
0.9999975
1.0
1.0
0.99993014
1.0
1.0
1.0
0.99999785
1.0
0.9999498
0.99999666
1.0
1.0
1.0
1.0
1.0
0.9999988
1.0
1.0
1.0
1.0
1.0
1.0
1.0
1.0
1.0
1.0
0.9999908
1.0
1.0
1.0
1.0
1.0
1.0
0.99999976
1.0
1.0
1.0
1.0
1.0
1.0
1.0
1.0
1.0
1.0
1.0
0.99998736
1.0
1.0
1.0
1.0
1.0
1.0
0.99974114
1.0
1.0
1.0
1.0
1.0
1.0
0.99999857
1.0
1.0
1.0
1.0
1.0
1.0
0.9999831
0.9999999
1.0
1.0
1.0
0.99999213
0.9996934
1.0
1.0
1.0
1.0
1.0
1.0
1.0
0.99999964
1.0
1.0
1.0
0.9999988
1.0
1.0
1.0
1.0
0.99997663
1.0
1.0
1.0
1.0
1.0
1.0
1.0
0.9999844
1.0
1.0
1.0
0.99999917
1.0
1.0
1.0
1.0
1.0
1.0
1.0
0.9999999
1.0
0.99999774
1.0
1.0
1.0
1.0
1.0
1.0
1.0
1.0
1.0
1.0
1.0
1.0
0.9999825
1.0
1.0
1.0
0.9999988
1.0
1.0
1.0
1.0
1.0
1.0
1.0
1.0
1.0
1.0
1.0
0.99402064
1.0
0.9948748
1.0
0.9999994
0.9999932
0.99999976
1.0
1.0
1.0
0.99953043
1.0
0.9998196
1.0
1.0
0.99999976
0.99999976
1.0
1.0
0.99999964
0.99992216
1.0
0.9999181
1.0
1.0
0.999998
1.0
1.0
1.0
1.0
1.0
1.0
0.99997187
0.99808717
0.99998355
0.8518088
0.9970432
1.0
0.99999976
1.0
1.0
1.0
1.0
0.9996111
1.0
0.99998474
1.0
0.9999918
0.9999442
1.0
1.0
0.99998116
1.0
1.0
1.0
1.0
0.9999975
1.0
1.0
1.0
1.0
1.0
1.0
1.0
0.9999993
1.0
1.0
0.99998164
1.0
0.9908071
1.0
1.0
1.0
1.0
1.0
1.0
1.0
0.99999845
1.0
1.0
0.99999905
1.0
1.0
1.0
0.9999815
1.0
1.0
1.0
1.0
1.0
1.0
0.9999962
0.9999949
1.0
0.99999976
1.0
1.0
0.9999999
1.0
1.0
1.0
0.99999905
1.0
1.0
1.0
1.0
0.9999995
1.0
1.0
1.0
1.0
1.0
1.0
1.0
1.0
1.0
1.0
1.0
1.0
1.0
1.0
0.9999999
0.9997725
0.9959571
1.0
0.99998534
0.9999999
1.0
1.0
1.0
1.0
1.0
0.9999999
1.0
1.0
1.0
1.0
0.9992624
0.999995
0.99999976
1.0
1.0
1.0
0.9999999
0.9999902
1.0
1.0
1.0
0.9999995
1.0
1.0
0.99996054
1.0
1.0
0.999941
1.0
1.0
1.0
0.99998856
0.99999976
1.0
1.0
1.0
1.0
1.0
1.0
0.99999905
1.0
0.9999783
0.99999976
1.0
0.9999999
1.0
0.9999999
1.0
1.0
1.0
0.9999999
1.0
1.0
1.0
1.0
1.0
1.0
0.99991786
1.0
0.99999225
0.99733424
1.0
1.0
1.0
0.9999832
1.0
1.0
0.99999976
1.0
0.9999989
0.9999988
1.0
1.0
0.99991286
1.0
1.0
0.99999964
1.0
1.0
0.99999905
1.0
0.9999989
1.0
1.0
1.0
1.0
0.99999976
0.99854136
0.9998548
1.0
1.0
0.9999964
0.99998796
0.99984586
1.0
0.99999964
0.99999917
1.0
0.9999995
1.0
0.9999993
0.99998903
0.99850345
1.0
1.0
1.0
0.9999999
1.0
1.0
0.9999999
1.0
1.0
1.0
0.9999989
1.0
1.0
1.0
1.0
1.0
1.0
1.0
1.0
1.0
1.0
0.9999993
0.99907935
1.0
0.9999999
1.0
0.999956
0.99863064
0.9999993
1.0
0.99999976
0.9998504
0.99999785
0.9999404
0.999969
1.0
0.99790657
0.9306658
0.9999976
1.0
1.0
1.0
1.0
0.99915934
0.9999999
0.99987864
1.0
0.9999999
1.0
1.0
0.9999988
1.0
1.0
1.0
1.0
1.0
1.0
1.0
1.0
1.0
1.0
1.0
0.9999994
1.0
1.0
1.0
1.0
1.0
1.0
0.9999987
1.0
1.0
1.0
1.0
1.0
1.0
1.0
1.0
1.0
1.0
1.0
1.0
0.99999976
0.999998
1.0
0.99969435
0.99988663
0.99998474
1.0
1.0
1.0
1.0
0.99999964
0.99982387
0.9999366
1.0
1.0
1.0
0.99999976
0.9999995
0.9999981
1.0
0.9999999
1.0
1.0
1.0
1.0
1.0
1.0
1.0
1.0
1.0
1.0
1.0
1.0
1.0
1.0
0.99985576
1.0
0.95820373
1.0
0.99999976
1.0
1.0
1.0
1.0
1.0
1.0
1.0
1.0
1.0
1.0
1.0
0.9999999
0.9999999
1.0
0.99999976
0.9991435
1.0
1.0
1.0
1.0
0.99871314
1.0
1.0
1.0
1.0
0.9999987
1.0
1.0
1.0
1.0
1.0
0.9999982
1.0
1.0
1.0
1.0
1.0
1.0
1.0
1.0
1.0
1.0
0.9999999
1.0
1.0
0.99999976
0.99999976
1.0
0.99999964
1.0
1.0
1.0
0.99999976
1.0
1.0
1.0
1.0
1.0
1.0
1.0
1.0
1.0
1.0
1.0
1.0
0.9999963
1.0
1.0
1.0
1.0
1.0
1.0
1.0
1.0
1.0
0.99999714
1.0
1.0
1.0
0.9999995
1.0
0.9999999
1.0
1.0
0.9999931
0.9999999
0.9999995
1.0
1.0
1.0
1.0
0.99987996
0.99999726
0.9999995
1.0
0.99999976
1.0
0.99993396
0.99995947
0.9999993
1.0
1.0
0.9999999
1.0
1.0
1.0
1.0
1.0
0.99999094
0.9972874
1.0
0.9999957
0.99994314
1.0
0.9999988
1.0
0.79309815
1.0
1.0
0.9999994
1.0
1.0
1.0
0.9999999
1.0
1.0
1.0
1.0
1.0
1.0
0.99999976
1.0
1.0
1.0
1.0
1.0
1.0
1.0
1.0
1.0
1.0
1.0
1.0
1.0
1.0
1.0
0.9999988
1.0
1.0
1.0
1.0
1.0
1.0
1.0
1.0
1.0
1.0
1.0
1.0
1.0
1.0
1.0
1.0
1.0
1.0
1.0
1.0
1.0
1.0
1.0
1.0
1.0
1.0
0.9998186
1.0
1.0
1.0
1.0
1.0
0.99999917
1.0
1.0
0.9999901
1.0
1.0
1.0
1.0
1.0
0.9999999
1.0
1.0
1.0
1.0
1.0
1.0
1.0
0.9999987
1.0
1.0
1.0
1.0
1.0
1.0
1.0
0.9999999
1.0
1.0
1.0
1.0
1.0
1.0
1.0
0.9999963
1.0
1.0
1.0
1.0
1.0
1.0
1.0
1.0
1.0
1.0
1.0
1.0
1.0
0.9999999
1.0
1.0
0.9999995
1.0
1.0
1.0
1.0
1.0
1.0
1.0
1.0
1.0
1.0
1.0
1.0
0.9999988
1.0
1.0
1.0
1.0
1.0
1.0
1.0
1.0
1.0
1.0
1.0
1.0
1.0
1.0
1.0
1.0
1.0
1.0
1.0
1.0
1.0
1.0
1.0
1.0
1.0
1.0
1.0
1.0
1.0
1.0
1.0
1.0
1.0
1.0
1.0
1.0
0.9999999
1.0
1.0
1.0
1.0
1.0
1.0
1.0
1.0
1.0
0.9999999
1.0
1.0
1.0
1.0
0.999998
1.0
1.0
1.0
1.0
1.0
1.0
1.0
1.0
1.0
1.0
1.0
0.99999917
1.0
1.0
1.0
1.0
1.0
1.0
1.0
1.0
1.0
1.0
1.0
1.0
1.0
1.0
1.0
1.0
1.0
1.0
0.9999999
1.0
0.99997234
1.0
1.0
1.0
0.99999976
1.0
1.0
1.0
1.0
1.0
1.0
1.0
1.0
1.0
1.0
1.0
1.0
1.0
1.0
1.0
1.0
0.9999999
1.0
1.0
1.0
1.0
1.0
1.0
1.0
1.0
1.0
1.0
1.0
1.0
1.0
1.0
1.0
1.0
1.0
1.0
1.0
1.0
1.0
0.99999225
0.9999999
1.0
1.0
1.0
1.0
1.0
1.0
1.0
1.0
1.0
1.0
1.0
1.0
1.0
1.0
1.0
1.0
1.0
1.0
1.0
1.0
1.0
1.0
1.0
0.99999976
0.9999982
1.0
1.0
1.0
1.0
1.0
1.0
1.0
1.0
1.0
1.0
1.0
1.0
1.0
1.0
1.0
1.0
1.0
1.0
1.0
0.9999999
1.0
1.0
1.0
1.0
1.0
0.9999999
1.0
1.0
1.0
1.0
1.0
0.99999905
1.0
0.99999976
1.0
1.0
1.0
1.0
0.99999905
1.0
1.0
1.0
1.0
1.0
1.0
1.0
1.0
1.0
1.0
1.0
1.0
1.0
1.0
1.0
1.0
1.0
1.0
1.0
1.0
1.0
1.0
1.0
1.0
1.0
1.0
1.0
1.0
1.0
1.0
1.0
1.0
1.0
1.0
1.0
0.9998764
1.0
1.0
1.0
1.0
0.9999999
1.0
0.9999888
1.0
1.0
1.0
1.0
1.0
1.0
1.0
0.9999999
1.0
1.0
0.99999714
1.0
1.0
1.0
0.9999999
1.0
0.9999763
1.0
1.0
1.0
1.0
1.0
1.0
0.99999964
1.0
1.0
1.0
1.0
1.0
1.0
0.9999999
1.0
1.0
1.0
1.0
1.0
1.0
1.0
1.0
1.0
1.0
0.9999988
1.0
0.9999994
1.0
1.0
1.0
1.0
1.0
1.0
1.0
1.0
0.9999999
1.0
0.9999974
1.0
1.0
1.0
1.0
1.0
1.0
1.0
0.9999999
1.0
1.0
0.9999999
0.9999999
1.0
1.0
1.0
1.0
1.0
0.99999976
0.99999845
1.0
1.0
1.0
0.9999994
1.0
1.0
1.0
1.0
1.0
1.0
0.99999964
1.0
1.0
0.9999999
1.0
1.0
0.9999999
1.0
1.0
1.0
0.99999917
1.0
1.0
1.0
1.0
1.0
1.0
1.0
1.0
1.0
0.9999981
1.0
1.0
0.9999999
0.99998736
1.0
1.0
1.0
1.0
1.0
0.99999976
1.0
0.99999976
1.0
1.0
0.9998229
0.99999857
1.0
0.99959546
1.0
0.9999896
0.99881184
0.99997616
0.99999917
1.0
0.53192055
1.0
1.0
1.0
0.99999905
0.9972126
0.99999833
0.9999548
1.0
0.9999918
1.0
1.0
1.0
0.9999999
1.0
1.0
1.0
0.99986756
1.0
0.9999963
0.9999999
1.0
1.0
1.0
0.99996245
0.99993217
0.99998903
0.9999995
1.0
1.0
1.0
0.99999976
0.9999999
1.0
1.0
1.0
1.0
1.0
0.9997992
1.0
1.0
1.0
1.0
0.9999765
1.0
1.0
1.0
1.0
1.0
0.9999999
0.99968255
1.0
0.98802245
1.0
1.0
1.0
1.0
1.0
1.0
1.0
0.9999896
1.0
1.0
1.0
1.0
1.0
1.0
1.0
1.0
1.0
0.9999995
1.0
1.0
1.0
0.9999981
0.9999995
1.0
1.0
1.0
1.0
1.0
1.0
1.0
1.0
1.0
1.0
1.0
1.0
1.0
1.0
1.0
0.99999046
1.0
1.0
1.0
1.0
1.0
1.0
0.9999969
1.0
1.0
1.0
1.0
1.0
0.99993956
1.0
1.0
1.0
1.0
1.0
1.0
1.0
1.0
1.0
1.0
1.0
1.0
1.0
1.0
1.0
1.0
1.0
0.9999999
1.0
1.0
0.99999857
1.0
1.0
1.0
1.0
1.0
1.0
1.0
1.0
0.9999969
1.0
1.0
1.0
1.0
0.9999608
1.0
1.0
1.0
1.0
1.0
1.0
0.9999976
1.0
1.0
0.9999988
1.0
0.99998164
1.0
1.0
1.0
1.0
1.0
1.0
1.0
1.0
1.0
1.0
1.0
1.0
1.0
1.0
1.0
0.9999999
1.0
0.99998796
1.0
1.0
1.0
1.0
1.0
0.9999968
1.0
1.0
1.0
0.99999964
1.0
1.0
1.0
1.0
1.0
0.99999964
1.0
0.9999944
1.0
1.0
0.99999976
1.0
1.0
1.0
1.0
0.99992204
0.9999999
0.9999919
1.0
0.9999974
1.0
1.0
1.0
1.0
1.0
1.0
0.99991035
1.0
1.0
1.0
1.0
1.0
1.0
1.0
1.0
1.0
1.0
1.0
1.0
1.0
1.0
1.0
1.0
1.0
1.0
1.0
0.99999154
1.0
1.0
1.0
1.0
0.99999976
1.0
0.9999318
0.99999964
0.9999999
0.999998
1.0
1.0
1.0
0.9999975
0.9999993
1.0
0.9999999
1.0
1.0
1.0
1.0
1.0
1.0
1.0
1.0
1.0
0.9999993
1.0
1.0
1.0
1.0
1.0
1.0
1.0
0.9996916
1.0
1.0
1.0
1.0
1.0
1.0
1.0
1.0
1.0
1.0
1.0
1.0
1.0
1.0
1.0
0.9999987
1.0
1.0
1.0
1.0
1.0
1.0
1.0
1.0
1.0
1.0
1.0
1.0
1.0
1.0
1.0
1.0
1.0
1.0
1.0
0.9999994
1.0
1.0
0.9999999
1.0
1.0
1.0
1.0
1.0
1.0
1.0
1.0
1.0
1.0
1.0
0.99999964
1.0
1.0
1.0
1.0
1.0
1.0
1.0
1.0
1.0
1.0
0.99998415
1.0
1.0
1.0
0.9999993
1.0
1.0
1.0
1.0
1.0
1.0
1.0
1.0
1.0
1.0
0.9999999
1.0
1.0
1.0
1.0
1.0
1.0
1.0
1.0
1.0
1.0
1.0
1.0
1.0
1.0
1.0
1.0
1.0
1.0
0.99999774
0.99999917
1.0
1.0
1.0
1.0
0.9990871
1.0
1.0
1.0
1.0
0.9999999
1.0
1.0
1.0
1.0
0.9999999
1.0
1.0
1.0
1.0
0.9999994
0.9999999
1.0
1.0
1.0
1.0
1.0
1.0
1.0
1.0
1.0
0.9999995
1.0
1.0
0.9999999
1.0
0.9999999
1.0
1.0
0.99999976
1.0
1.0
1.0
1.0
0.99925274
0.9998559
0.99999547
1.0
0.9999317
0.9999995
0.9999999
1.0
1.0
1.0
1.0
1.0
1.0
1.0
1.0
1.0
1.0
1.0
1.0
1.0
1.0
1.0
1.0
1.0
1.0
0.9998242
1.0
1.0
1.0
1.0
1.0
1.0
1.0
1.0
1.0
0.99999416
1.0
0.99999964
1.0
1.0
1.0
1.0
0.9999796
1.0
0.9999999
0.99999976
0.9999995
1.0
0.9999999
1.0
1.0
1.0
1.0
1.0
1.0
1.0
0.9999999
1.0
1.0
1.0
1.0
1.0
0.99999905
1.0
1.0
0.9999999
1.0
0.9999999
1.0
0.9999995
0.9999999
0.99999964
1.0
1.0
0.99999905
1.0
0.9999641
1.0
1.0
0.9999714
1.0
0.99999976
1.0
1.0
0.9998204
1.0
0.9999995
0.9999988
1.0
1.0
1.0
0.99999917
1.0
1.0
1.0
1.0
0.9990325
1.0
1.0
1.0
1.0
0.99999785
1.0
1.0
1.0
0.9999995
0.9999925
1.0
1.0
0.96904
1.0
0.9999999
1.0
0.9999734
1.0
0.99999976
1.0
0.9998498
0.9999819
0.99996483
0.9999995
1.0
1.0
0.99999964
1.0
0.9999956
1.0
1.0
1.0
1.0
1.0
1.0
0.99999833
0.9999999
1.0
1.0
1.0
1.0
1.0
0.99999523
1.0
0.9999982
1.0
1.0
1.0
1.0
1.0
1.0
1.0
1.0
0.9998708
1.0
1.0
1.0
1.0
0.99999905
1.0
1.0
1.0
0.99999964
1.0
1.0
0.99999845
1.0
1.0
1.0
0.96295816
0.9999989
1.0
1.0
1.0
1.0
1.0
0.9999839
1.0
0.99999976
1.0
1.0
0.9999813
1.0
1.0
1.0
1.0
1.0
1.0
1.0
0.99984336
1.0
1.0
0.99999964
1.0
0.9999963
0.99999976
1.0
1.0
1.0
0.9999411
0.9999995
1.0
0.9845807
1.0
0.9999907
0.99999976
1.0
0.99999917
0.9999993
0.9343813
1.0
0.9999999
1.0
1.0
0.999998
0.9999999
0.96879816
1.0
0.9996131
0.99997115
0.79875576
0.99999976
1.0
1.0
0.6214858
0.9999883
0.9999995
0.9999949
1.0
1.0
1.0
1.0
0.9999995
0.9999962
0.9999467
0.9999968
1.0
0.9999999
1.0
1.0
0.99998415
1.0
1.0
0.99997735
1.0
0.9999999
0.99524635
0.9999964
0.99999964
1.0
1.0
0.99812037
1.0
1.0
0.99999857
1.0
1.0
1.0
0.99999833
0.9999995
0.9999809
0.42823407
1.0
1.0
1.0
0.9999993
0.9999999
1.0
0.99997795
0.9998548
1.0
1.0
1.0
0.9999999
0.82502633
0.9992693
0.9998217
1.0
1.0
1.0
0.7837682
0.9999999
0.9999845
0.9999976
1.0
0.9999982
1.0
1.0
1.0
1.0
1.0
0.99999774
0.99999976
1.0
1.0
0.9999931
0.9998234
1.0
0.9999832
1.0
1.0
0.99999964
0.99999833
1.0
1.0
0.9999888
1.0
1.0
0.9999374
1.0
1.0
0.9999987
0.99999654
0.99999225
1.0
0.99996936
1.0
0.9999902
0.99999547
1.0
1.0
1.0
0.9999559
0.99978083
1.0
1.0
1.0
1.0
1.0
0.9999988
1.0
0.9996792
0.99999714
0.9999676
0.99999416
1.0
0.99976486
0.9999999
0.99999976
1.0
1.0
1.0
1.0
0.9999999
0.9999417
1.0
1.0
1.0
1.0
0.9999975
0.97041434
0.99999976
0.9912867
0.9999999
1.0
1.0
1.0
1.0
1.0
0.9996233
0.99999917
0.9993048
1.0
0.9999893
0.99999166
1.0
1.0
1.0
0.9999994
1.0
0.9999995
1.0
1.0
1.0
0.6245873
0.9998111
1.0
0.99999976
1.0
1.0
1.0
0.9999999
0.999948
1.0
1.0
0.9999999
1.0
1.0
1.0
1.0
0.99997973
0.9999995
1.0
0.9851105
1.0
1.0
1.0
0.99999976
0.9999995
1.0
1.0
1.0
0.9999982
1.0
1.0
1.0
1.0
1.0
1.0
1.0
0.99994516
0.99999833
1.0
0.999979
0.9999949
1.0
1.0
1.0
1.0
0.9999999
1.0
0.97445506
0.99997926
0.9999981
1.0
1.0
1.0
1.0
1.0
0.99910504
1.0
0.99999976
0.9927632
1.0
1.0
1.0
1.0
0.9996691
0.99999523
1.0
0.99991834
1.0
1.0
1.0
0.9999949
1.0
0.99999964
1.0
1.0
0.99999607
1.0
1.0
0.9999999
1.0
1.0
1.0
0.99998283
1.0
1.0
1.0
1.0
0.9988482
0.99999857
1.0
1.0
0.9995685
0.9999963
1.0
1.0
1.0
0.98062634
1.0
0.99993646
0.999907
1.0
0.9987118
0.99999976
1.0
1.0
1.0
1.0
1.0
1.0
0.99999964
0.9999989
0.99999964
0.9999602
0.9942602
0.99982834
1.0
1.0
1.0
1.0
1.0
1.0
0.9999974
1.0
1.0
0.99999344
1.0
0.99999714
0.9999999
1.0
1.0
0.99799085
1.0
0.9999969
0.9999999
1.0
1.0
1.0
0.9999995
1.0
1.0
0.99999964
1.0
1.0
0.9999994
1.0
0.99999976
1.0
1.0
0.99999964
0.9999896
1.0
1.0
1.0
0.99999976
1.0
1.0
1.0
1.0
1.0
0.9999993
1.0
0.9999999
0.9999982
1.0
1.0
1.0
1.0
1.0
1.0
1.0
1.0
1.0
1.0
1.0
1.0
1.0
1.0
1.0
0.99998426
1.0
1.0
0.9999999
1.0
0.9999995
0.99999917
1.0
0.9999999
1.0
0.99999976
0.9999976
0.94113475
1.0
1.0
0.9999993
1.0
1.0
1.0
1.0
1.0
1.0
0.99999857
0.9999994
1.0
1.0
1.0
1.0
0.9999999
1.0
