1.0
1.0
1.0
1.0
1.0
1.0
0.9999999
0.99999976
0.9998036
0.99999905
1.0
1.0
0.9999999
1.0
1.0
0.9999999
1.0
1.0
0.9982029
1.0
1.0
1.0
1.0
1.0
1.0
1.0
1.0
1.0
0.99999976
1.0
1.0
0.9999999
0.9999999
0.99999845
1.0
1.0
1.0
1.0
1.0
1.0
1.0
1.0
1.0
0.9999988
0.9999924
1.0
0.9999994
1.0
0.9999999
1.0
1.0
1.0
1.0
1.0
1.0
1.0
1.0
1.0
1.0
0.9999999
1.0
1.0
0.99969864
0.99997294
1.0
1.0
1.0
1.0
1.0
1.0
1.0
1.0
1.0
0.9999869
1.0
1.0
1.0
1.0
0.99999726
1.0
0.99999976
1.0
1.0
1.0
1.0
1.0
1.0
0.99999535
1.0
1.0
1.0
1.0
0.57497394
0.9999895
1.0
0.99990225
0.99987125
0.9999989
1.0
1.0
1.0
1.0
1.0
1.0
0.9999995
1.0
1.0
1.0
1.0
1.0
1.0
0.99999976
1.0
1.0
1.0
0.99868065
1.0
1.0
1.0
0.9999994
1.0
0.9999995
1.0
1.0
0.9999999
0.9999336
0.99999964
1.0
1.0
1.0
1.0
1.0
0.9999999
1.0
1.0
1.0
1.0
1.0
1.0
0.99999726
1.0
1.0
1.0
1.0
1.0
1.0
1.0
1.0
1.0
0.99996114
1.0
0.9547101
1.0
1.0
1.0
1.0
1.0
1.0
0.99999857
1.0
0.9999347
1.0
1.0
1.0
1.0
1.0
1.0
0.99997985
1.0
1.0
1.0
0.99999726
1.0
1.0
1.0
0.9999788
1.0
1.0
1.0
1.0
1.0
1.0
1.0
1.0
0.999985
0.9999999
1.0
0.9999999
1.0
0.9999994
0.99999976
0.9999993
1.0
0.9995784
1.0
0.9993605
1.0
1.0
1.0
0.9999931
1.0
1.0
1.0
0.9999999
1.0
1.0
0.99999917
0.9999999
1.0
0.9970499
1.0
0.99887973
1.0
1.0
0.99999905
1.0
1.0
0.9999993
1.0
1.0
1.0
0.9999379
1.0
1.0
1.0
1.0
1.0
1.0
1.0
1.0
1.0
1.0
1.0
1.0
1.0
1.0
1.0
1.0
1.0
1.0
1.0
0.99998486
1.0
0.99999976
0.9999999
0.99999356
1.0
0.99736893
1.0
1.0
0.99999833
0.9999989
1.0
1.0
1.0
1.0
1.0
1.0
1.0
0.9540047
1.0
1.0
1.0
1.0
0.9993376
1.0
0.9999418
1.0
1.0
1.0
0.99999917
1.0
1.0
0.9999999
1.0
1.0
1.0
1.0
1.0
1.0
1.0
1.0
0.9998703
1.0
1.0
1.0
0.99999964
0.99999964
1.0
1.0
0.99999917
1.0
0.999995
1.0
1.0
1.0
1.0
0.99999905
1.0
1.0
1.0
1.0
1.0
1.0
1.0
1.0
1.0
1.0
1.0
1.0
1.0
1.0
1.0
0.999997
1.0
1.0
1.0
0.99999917
1.0
1.0
0.9862738
0.9926918
1.0
1.0
0.9999498
1.0
0.9990565
1.0
1.0
1.0
1.0
1.0
1.0
0.9999999
1.0
1.0
0.9991503
0.9999949
1.0
1.0
0.75083387
0.99999976
1.0
1.0
1.0
1.0
1.0
1.0
1.0
1.0
0.9999994
1.0
1.0
1.0
1.0
1.0
1.0
1.0
0.99863166
0.97525215
1.0
1.0
0.99998677
1.0
1.0
1.0
0.99979967
1.0
0.9999988
1.0
1.0
1.0
1.0
1.0
1.0
1.0
1.0
1.0
1.0
1.0
1.0
0.99975723
1.0
1.0
1.0
1.0
1.0
1.0
1.0
0.9999999
1.0
1.0
1.0
1.0
0.9999994
1.0
1.0
0.99999964
1.0
1.0
1.0
1.0
1.0
1.0
0.99999654
1.0
1.0
1.0
1.0
1.0
1.0
0.99999845
0.9999491
1.0
1.0
0.99999976
1.0
0.99879885
1.0
1.0
1.0
1.0
0.99999976
1.0
1.0
1.0
1.0
1.0
1.0
1.0
1.0
1.0
1.0
1.0
1.0
0.9999919
1.0
1.0
1.0
1.0
1.0
1.0
1.0
1.0
0.99975175
0.97420347
0.99999964
0.99395245
0.9995271
0.7586593
0.9986047
1.0
1.0
1.0
0.9999994
1.0
1.0
0.9999999
1.0
1.0
0.9994248
1.0
0.99999964
1.0
0.9999927
1.0
1.0
1.0
0.99999964
0.99999845
1.0
1.0
1.0
1.0
1.0
1.0
1.0
1.0
0.9999999
0.99976796
1.0
1.0
1.0
1.0
1.0
1.0
1.0
1.0
0.99999964
1.0
0.9999995
0.9999999
0.99999976
1.0
1.0
0.5075542
1.0
0.9999956
1.0
1.0
1.0
1.0
1.0
1.0
1.0
1.0
1.0
0.999998
1.0
1.0
1.0
0.99999976
1.0
1.0
1.0
1.0
1.0
1.0
1.0
1.0
1.0
0.99999976
1.0
0.9999999
1.0
1.0
1.0
1.0
0.99999785
1.0
0.9999795
0.9999995
1.0
1.0
1.0
1.0
0.9999999
1.0
1.0
1.0
0.9999999
1.0
0.9999999
0.978128
1.0
1.0
1.0
1.0
1.0
1.0
1.0
0.9981686
0.99952805
1.0
1.0
1.0
1.0
0.99999905
1.0
1.0
1.0
0.9999994
1.0
1.0
1.0
1.0
1.0
1.0
1.0
0.99999976
1.0
0.99981457
1.0
1.0
1.0
1.0
1.0
1.0
0.99999976
1.0
1.0
1.0
0.966785
0.9024788
1.0
1.0
1.0
1.0
1.0
1.0
1.0
0.99994576
1.0
0.9999893
1.0
1.0
1.0
0.9999995
1.0
1.0
1.0
1.0
1.0
1.0
1.0
1.0
1.0
1.0
1.0
1.0
1.0
0.9999995
1.0
0.9999949
1.0
1.0
1.0
1.0
0.9999963
0.99590355
1.0
1.0
1.0
1.0
0.9999999
0.9988939
1.0
1.0
1.0
0.99999917
1.0
1.0
1.0
1.0
1.0
0.9999999
1.0
1.0
1.0
1.0
0.9999999
1.0
0.9999995
1.0
1.0
0.9998274
0.95743763
1.0
1.0
1.0
1.0
1.0
1.0
1.0
1.0
1.0
1.0
1.0
0.99999976
0.4395149
1.0
0.99999976
1.0
1.0
1.0
1.0
1.0
0.9999976
1.0
1.0
1.0
0.9999999
1.0
0.9999988
0.9902534
1.0
1.0
1.0
1.0
1.0
1.0
1.0
1.0
1.0
0.8739355
0.99999964
1.0
1.0
1.0
0.99932826
1.0
0.9999242
1.0
1.0
0.9999999
1.0
1.0
1.0
0.9999999
1.0
0.9999993
1.0
1.0
1.0
1.0
1.0
1.0
0.9999995
1.0
1.0
1.0
1.0
0.9999999
1.0
1.0
0.99999976
0.97433347
0.9716618
1.0
1.0
0.99663025
1.0
1.0
0.999984
1.0
1.0
0.99987364
1.0
0.99999964
1.0
1.0
1.0
1.0
1.0
1.0
1.0
0.9999981
1.0
0.9999856
0.99999964
0.99475586
0.9999999
1.0
1.0
1.0
1.0
0.9999999
1.0
1.0
1.0
1.0
1.0
1.0
1.0
1.0
1.0
1.0
1.0
1.0
1.0
0.99999833
0.99999833
0.99999976
1.0
1.0
1.0
1.0
1.0
1.0
1.0
1.0
1.0
1.0
1.0
1.0
1.0
1.0
1.0
1.0
1.0
0.99998367
0.9999845
1.0
1.0
1.0
0.9999995
0.99997425
1.0
1.0
0.9999989
0.9999999
0.99997854
1.0
1.0
1.0
1.0
1.0
0.9999695
1.0
1.0
0.99999976
1.0
1.0
1.0
0.99999917
1.0
1.0
1.0
1.0
1.0
1.0
1.0
1.0
0.9993267
1.0
1.0
0.9999999
1.0
1.0
1.0
1.0
1.0
1.0
1.0
1.0
1.0
1.0
1.0
1.0
0.9999994
1.0
1.0
1.0
0.99999845
0.9999999
1.0
1.0
1.0
1.0
0.99999905
1.0
1.0
1.0
1.0
0.99923897
1.0
0.9997557
1.0
1.0
1.0
1.0
1.0
1.0
1.0
1.0
1.0
1.0
0.9999999
1.0
1.0
1.0
1.0
1.0
1.0
1.0
1.0
0.99999845
1.0
1.0
1.0
1.0
1.0
1.0
1.0
0.99999845
1.0
1.0
0.9999999
1.0
1.0
1.0
0.9997348
0.48516524
0.6170519
1.0
0.99999964
1.0
1.0
0.9999999
1.0
0.9999999
1.0
1.0
1.0
1.0
0.99567324
0.9999989
1.0
0.99999976
1.0
0.9999796
1.0
0.9999968
0.9999664
1.0
1.0
0.99999964
1.0
1.0
0.9999994
1.0
1.0
1.0
1.0
1.0
1.0
0.99999964
1.0
0.9999999
1.0
1.0
1.0
0.9999999
1.0
0.9683857
1.0
0.9999924
1.0
1.0
1.0
1.0
1.0
1.0
1.0
1.0
1.0
0.9999988
1.0
0.8063059
0.98345876
0.9999999
1.0
1.0
1.0
0.99999964
1.0
1.0
0.9381947
1.0
0.9999999
0.99999964
0.99999976
1.0
1.0
1.0
0.99996877
0.99942905
1.0
0.9979608
1.0
1.0
1.0
0.99999774
1.0
1.0
0.991525
0.99999976
1.0
1.0
0.9999925
1.0
1.0
1.0
1.0
1.0
1.0
1.0
1.0
1.0
1.0
1.0
1.0
1.0
1.0
1.0
1.0
1.0
1.0
1.0
1.0
1.0
1.0
0.99999905
1.0
0.99999964
1.0
1.0
1.0
1.0
0.99999774
1.0
1.0
1.0
0.9999999
1.0
1.0
0.9999982
1.0
1.0
1.0
1.0
1.0
0.99999905
1.0
0.9999981
1.0
1.0
1.0
1.0
1.0
1.0
1.0
0.99991655
1.0
1.0
1.0
1.0
1.0
0.9999999
1.0
1.0
1.0
0.99999416
0.998741
1.0
1.0
1.0
1.0
1.0
0.8801177
1.0
1.0
0.99999905
1.0
0.9987801
0.9894258
1.0
1.0
1.0
1.0
1.0
0.9999999
1.0
1.0
1.0
0.9999999
0.9999995
1.0
1.0
0.99999976
1.0
0.9999999
0.9995478
1.0
1.0
1.0
1.0
1.0
1.0
1.0
1.0
1.0
0.9999908
1.0
1.0
1.0
1.0
1.0
1.0
1.0
1.0
0.99986184
0.9999999
1.0
1.0
1.0
1.0
1.0
1.0
0.9999993
0.99999857
1.0
1.0
1.0
1.0
1.0
1.0
1.0
1.0
1.0
1.0
0.999997
1.0
1.0
1.0
1.0
1.0
0.9999088
1.0
1.0
1.0
1.0
0.9008477
1.0
0.6259604
1.0
1.0
1.0
1.0
0.99999964
1.0
0.9999348
1.0
1.0
1.0
1.0
1.0
1.0
0.97939533
1.0
0.99996257
1.0
1.0
1.0
1.0
1.0
1.0
1.0
0.9999893
1.0
1.0
1.0
1.0
1.0
1.0
1.0
1.0
0.9999945
1.0
1.0
0.9999981
1.0
1.0
0.9999999
1.0
1.0
0.99999857
1.0
1.0
1.0
1.0
1.0
1.0
1.0
0.9999994
1.0
0.9997181
1.0
1.0
0.9999963
1.0
1.0
1.0
0.9999999
1.0
1.0
1.0
1.0
0.9999999
1.0
1.0
0.9908345
0.9623601
1.0
1.0
1.0
1.0
1.0
1.0
1.0
1.0
0.9999678
0.99946517
1.0
1.0
1.0
1.0
1.0
1.0
1.0
1.0
1.0
0.9999993
1.0
0.99988556
1.0
0.99996126
1.0
1.0
0.99999976
1.0
1.0
0.9999995
1.0
1.0
1.0
0.9999974
0.9999999
1.0
1.0
1.0
1.0
1.0
1.0
0.9998647
1.0
0.9850921
1.0
0.9999981
1.0
1.0
1.0
0.9968714
0.99999964
1.0
1.0
1.0
1.0
1.0
0.99999976
1.0
1.0
0.6988484
0.99999976
1.0
1.0
0.99999976
0.91378313
0.99980205
1.0
1.0
0.9999993
1.0
1.0
1.0
1.0
0.9999857
1.0
0.9999999
1.0
0.81879044
1.0
1.0
0.99990284
0.9999999
1.0
0.99999976
1.0
1.0
1.0
1.0
1.0
0.99999976
0.9999865
1.0
1.0
1.0
1.0
1.0
0.9999999
1.0
0.9999721
0.9998981
1.0
1.0
1.0
1.0
1.0
1.0
0.99998856
0.9994616
1.0
0.9999993
1.0
1.0
1.0
0.9999994
1.0
1.0
0.9634894
1.0
0.99999833
0.99999976
1.0
1.0
1.0
1.0
1.0
1.0
1.0
0.99999976
0.9999999
1.0
1.0
1.0
0.9999988
1.0
1.0
1.0
0.99231017
1.0
1.0
1.0
1.0
1.0
1.0
0.9976447
1.0
0.9999627
1.0
0.99997675
0.9999968
1.0
1.0
0.9999995
0.9999999
1.0
0.6877313
1.0
0.99999595
1.0
1.0
1.0
1.0
1.0
1.0
1.0
1.0
1.0
1.0
1.0
1.0
1.0
1.0
0.99999976
0.99999976
1.0
1.0
1.0
1.0
1.0
1.0
1.0
1.0
0.97199875
0.99999666
1.0
1.0
1.0
1.0
1.0
1.0
1.0
1.0
1.0
1.0
1.0
0.99999297
0.99994123
1.0
1.0
1.0
1.0
0.99999905
1.0
0.9999635
1.0
1.0
1.0
1.0
1.0
0.9999987
1.0
0.6701581
0.99998915
0.9999999
1.0
0.99998856
1.0
1.0
1.0
1.0
0.99999726
0.9999994
1.0
1.0
0.9999999
1.0
1.0
1.0
1.0
0.9999987
1.0
0.9999999
0.46909332
0.998591
1.0
0.99999976
1.0
1.0
1.0
1.0
0.9999999
0.99974185
1.0
0.99999726
1.0
0.9999975
1.0
0.99955076
1.0
1.0
1.0
0.9999993
1.0
0.9999939
0.99999976
1.0
0.9992242
0.99999976
0.99999666
0.99999905
1.0
1.0
0.9998828
1.0
1.0
0.99999976
1.0
1.0
1.0
1.0
1.0
0.99997485
1.0
1.0
1.0
1.0
1.0
0.998669
1.0
1.0
1.0
1.0
1.0
1.0
1.0
1.0
1.0
0.99998236
1.0
1.0
0.9999999
1.0
1.0
1.0
1.0
1.0
1.0
1.0
1.0
1.0
0.9999994
1.0
1.0
1.0
1.0
1.0
1.0
1.0
1.0
1.0
0.9999584
1.0
0.9999516
1.0
0.9999999
1.0
1.0
1.0
0.99991405
1.0
0.9999999
1.0
1.0
1.0
1.0
1.0
0.99998033
0.99999356
0.9999995
1.0
1.0
1.0
0.9999999
1.0
1.0
1.0
1.0
1.0
0.99999356
1.0
0.9682948
0.9999995
1.0
1.0
0.9999999
0.69380486
1.0
1.0
0.8690313
0.99999094
1.0
0.9999999
1.0
1.0
1.0
1.0
1.0
1.0
1.0
1.0
1.0
1.0
1.0
1.0
1.0
1.0
1.0
0.9845154
1.0
0.99998295
1.0
0.98833793
0.9890469
1.0
1.0
1.0
0.9999763
0.99924004
1.0
1.0
0.9999999
1.0
1.0
1.0
0.9999999
1.0
1.0
0.9996295
0.9999994
1.0
1.0
1.0
1.0
1.0
1.0
1.0
1.0
1.0
1.0
0.99999976
1.0
1.0
1.0
1.0
1.0
0.9999999
1.0
1.0
1.0
1.0
1.0
1.0
1.0
0.99999845
1.0
0.9999999
1.0
1.0
0.9979144
0.9999999
1.0
1.0
1.0
1.0
1.0
0.99989974
1.0
0.9999695
1.0
0.95436406
1.0
1.0
0.9999994
1.0
1.0
1.0
0.9999963
1.0
1.0
0.6111003
1.0
1.0
1.0
1.0
0.9999988
1.0
1.0
1.0
1.0
0.9999995
1.0
1.0
0.99999964
1.0
1.0
0.9999325
1.0
1.0
1.0
0.9874341
1.0
1.0
1.0
1.0
1.0
1.0
1.0
1.0
1.0
1.0
1.0
1.0
0.99660635
1.0
1.0
1.0
1.0
1.0
1.0
1.0
1.0
1.0
1.0
1.0
1.0
0.99999964
1.0
1.0
0.9999969
0.9998528
1.0
0.9999441
1.0
1.0
0.9999993
1.0
0.9925748
1.0
1.0
0.9877186
0.99999976
1.0
1.0
1.0
0.93107593
1.0
1.0
1.0
1.0
0.9999958
1.0
1.0
1.0
0.99999976
0.9999999
1.0
1.0
1.0
1.0
0.99999976
1.0
1.0
1.0
1.0
1.0
0.99999857
1.0
0.9877701
1.0
1.0
1.0
1.0
1.0
1.0
0.9999169
0.95570695
0.9999881
1.0
1.0
0.9999714
0.99811196
1.0
1.0
0.9999999
1.0
1.0
1.0
1.0
0.9999875
1.0
1.0
1.0
1.0
1.0
1.0
0.9965019
1.0
1.0
1.0
1.0
1.0
1.0
1.0
1.0
1.0
1.0
0.9999697
1.0
1.0
0.99999344
1.0
1.0
0.99825007
0.99999213
1.0
0.9999999
1.0
1.0
0.9999993
0.99999976
1.0
1.0
1.0
1.0
1.0
1.0
1.0
0.99999976
1.0
0.9999994
0.9999716
0.99999917
1.0
1.0
1.0
1.0
1.0
1.0
1.0
0.99999976
1.0
1.0
1.0
0.9999821
1.0
1.0
1.0
0.9999999
0.7916192
1.0
1.0
1.0
1.0
1.0
1.0
1.0
1.0
1.0
0.9996308
0.9999999
1.0
1.0
1.0
1.0
1.0
1.0
0.9998671
0.99996996
1.0
0.99999964
1.0
1.0
1.0
1.0
1.0
1.0
1.0
0.9999999
1.0
1.0
0.9999963
1.0
1.0
1.0
1.0
1.0
0.99922574
1.0
1.0
1.0
1.0
0.99999964
1.0
1.0
1.0
1.0
0.9999994
0.9999999
1.0
1.0
1.0
0.999992
1.0
1.0
1.0
0.99997044
1.0
1.0
1.0
0.99998677
1.0
0.99999857
1.0
1.0
0.9999976
1.0
1.0
1.0
1.0
1.0
1.0
1.0
1.0
0.99999905
1.0
1.0
0.99983144
0.99999976
1.0
0.9999387
1.0
1.0
1.0
1.0
1.0
1.0
0.8457189
1.0
0.99985754
1.0
1.0
0.99933016
1.0
1.0
1.0
1.0
0.99999905
0.9999999
1.0
1.0
1.0
1.0
0.9999999
0.9999999
1.0
1.0
0.9999975
0.9999925
0.99985313
0.99758995
1.0
0.775669
1.0
1.0
1.0
1.0
1.0
0.99962604
0.9999999
0.9999893
1.0
1.0
1.0
1.0
1.0
1.0
1.0
1.0
1.0
1.0
1.0
1.0
0.99999964
1.0
0.99999964
1.0
1.0
1.0
1.0
1.0
1.0
1.0
1.0
1.0
1.0
1.0
0.9999933
1.0
0.99999964
0.99999726
1.0
1.0
0.99998367
1.0
1.0
0.99999917
1.0
0.99999917
1.0
1.0
0.9999912
1.0
0.99995995
0.9999169
0.9998092
1.0
1.0
1.0
1.0
1.0
1.0
1.0
1.0
0.9999999
1.0
1.0
1.0
0.99998236
1.0
1.0
1.0
1.0
1.0
1.0
1.0
1.0
1.0
1.0
1.0
1.0
0.9205473
1.0
0.9999932
1.0
1.0
0.9997737
0.9999949
1.0
1.0
1.0
0.99999964
1.0
0.99999976
1.0
1.0
1.0
0.999998
0.99999833
1.0
0.99999964
1.0
1.0
1.0
1.0
1.0
1.0
1.0
0.99999976
1.0
1.0
1.0
1.0
1.0
1.0
0.999432
1.0
0.88450485
1.0
1.0
1.0
1.0
0.9999999
0.99971193
0.99941444
1.0
1.0
0.99999976
0.99999905
1.0
1.0
1.0
1.0
1.0
0.9977011
1.0
1.0
1.0
1.0
0.9681809
1.0
1.0
0.52237153
0.9999627
0.9999999
1.0
1.0
0.9999927
0.99999976
1.0
1.0
0.9999995
0.7031264
1.0
1.0
1.0
1.0
0.9998056
1.0
0.9999999
1.0
1.0
0.9999889
1.0
1.0
1.0
1.0
0.9999927
1.0
0.5743087
0.9999999
1.0
1.0
1.0
1.0
1.0
1.0
1.0
1.0
1.0
1.0
1.0
1.0
0.9999579
1.0
1.0
1.0
1.0
1.0
0.999998
1.0
1.0
0.97460824
1.0
1.0
1.0
1.0
0.9203031
0.9999995
1.0
1.0
1.0
1.0
1.0
0.99999714
1.0
0.9997286
1.0
0.9551319
1.0
1.0
1.0
0.9999957
1.0
1.0
0.9999994
1.0
0.5380186
1.0
1.0
1.0
0.9999999
1.0
1.0
0.99999976
1.0
1.0
1.0
0.3823617
0.99999416
0.99998784
1.0
1.0
1.0
0.9991253
0.9999999
1.0
0.9999994
1.0
1.0
1.0
1.0
1.0
1.0
1.0
1.0
1.0
0.99997234
1.0
1.0
1.0
1.0
1.0
1.0
1.0
1.0
1.0
0.99999774
1.0
1.0
0.9996131
0.99996626
1.0
1.0
1.0
0.9999602
1.0
0.9999999
0.9999982
1.0
1.0
1.0
1.0
0.9998087
1.0
1.0
1.0
1.0
1.0
1.0
1.0
0.97742313
1.0
1.0
0.9716689
0.59830636
1.0
0.99999857
0.94687426
1.0
1.0
1.0
1.0
1.0
0.9999994
1.0
1.0
0.99999774
1.0
0.9999982
1.0
1.0
1.0
0.9999999
1.0
1.0
1.0
1.0
1.0
1.0
1.0
0.99999917
1.0
1.0
0.999982
1.0
1.0
1.0
1.0
1.0
1.0
0.99999964
1.0
0.9999993
0.99999774
1.0
1.0
1.0
1.0
1.0
1.0
0.99999726
1.0
1.0
1.0
1.0
0.99731666
1.0
1.0
1.0
1.0
1.0
1.0
1.0
1.0
1.0
1.0
1.0
1.0
1.0
1.0
1.0
1.0
1.0
1.0
1.0
1.0
0.9999999
0.9999999
1.0
1.0
1.0
1.0
1.0
1.0
0.99246526
1.0
1.0
1.0
1.0
1.0
0.99998796
1.0
1.0
1.0
0.9999932
1.0
1.0
0.9999995
0.931225
1.0
1.0
1.0
1.0
1.0
0.9999999
1.0
1.0
1.0
1.0
1.0
0.9999989
0.84032947
1.0
1.0
0.9999994
1.0
1.0
0.99999654
0.9999999
1.0
1.0
1.0
1.0
1.0
1.0
1.0
0.9967855
1.0
1.0
1.0
1.0
1.0
0.9999943
1.0
1.0
1.0
0.9999987
1.0
0.99998903
1.0
1.0
1.0
0.9999999
1.0
0.99999225
0.99999976
1.0
0.9238864
1.0
1.0
1.0
1.0
1.0
1.0
1.0
1.0
0.99999976
0.9999993
1.0
1.0
1.0
0.9970509
1.0
1.0
1.0
1.0
1.0
1.0
1.0
1.0
1.0
1.0
1.0
1.0
1.0
1.0
0.9999932
1.0
1.0
1.0
1.0
1.0
1.0
1.0
1.0
1.0
1.0
0.8954121
0.99999833
0.9999931
1.0
1.0
1.0
1.0
1.0
1.0
0.9999639
1.0
0.99458045
1.0
0.9999995
1.0
1.0
1.0
0.9999995
0.9969842
1.0
1.0
1.0
1.0
1.0
1.0
1.0
0.9999999
1.0
1.0
0.9999838
1.0
1.0
1.0
1.0
1.0
1.0
1.0
0.74237794
1.0
0.99997747
1.0
1.0
1.0
1.0
1.0
0.95950764
1.0
1.0
0.99999964
1.0
1.0
1.0
1.0
0.9999765
1.0
1.0
0.9999999
0.9999286
1.0
1.0
1.0
1.0
1.0
1.0
0.99994564
0.9999999
1.0
1.0
0.99969435
1.0
1.0
1.0
0.999998
1.0
1.0
1.0
1.0
1.0
0.9983651
0.99981874
0.99999976
0.9999987
1.0
1.0
1.0
0.9022611
0.9999993
1.0
0.99999547
1.0
1.0
0.9999994
1.0
0.9952024
1.0
0.9999945
1.0
1.0
1.0
1.0
1.0
1.0
1.0
1.0
0.99999857
1.0
1.0
0.9999995
1.0
0.9999999
1.0
1.0
0.9999995
1.0
1.0
1.0
1.0
1.0
1.0
0.9769571
0.9999995
1.0
1.0
1.0
1.0
1.0
1.0
1.0
1.0
1.0
1.0
1.0
1.0
1.0
1.0
0.9999999
1.0
1.0
1.0
1.0
1.0
1.0
1.0
1.0
1.0
0.99982387
1.0
0.99999
1.0
1.0
1.0
1.0
1.0
1.0
0.99999917
1.0
0.9999995
0.99979776
0.9999999
0.99994326
1.0
1.0
1.0
0.99987936
0.9999976
0.98998255
1.0
1.0
1.0
1.0
1.0
1.0
1.0
1.0
1.0
1.0
1.0
1.0
1.0
0.9957924
1.0
1.0
0.9999999
1.0
1.0
1.0
1.0
0.99999833
1.0
1.0
0.999997
0.99944085
1.0
1.0
1.0
1.0
1.0
1.0
1.0
1.0
0.9999994
1.0
0.99999976
1.0
0.99990106
1.0
1.0
1.0
1.0
0.99918514
1.0
1.0
0.9999999
0.9990274
1.0
1.0
1.0
1.0
1.0
1.0
0.9999999
1.0
1.0
1.0
1.0
1.0
1.0
0.9999994
0.996997
1.0
1.0
1.0
1.0
0.9999999
1.0
0.9999999
1.0
1.0
0.9650826
1.0
0.9999999
0.99997914
0.99999964
0.9999999
1.0
1.0
1.0
1.0
1.0
0.99999404
1.0
1.0
1.0
1.0
0.99999917
0.99999964
1.0
1.0
1.0
1.0
1.0
0.99997306
0.988818
1.0
1.0
1.0
0.9996563
1.0
0.9999999
1.0
1.0
1.0
1.0
1.0
1.0
1.0
1.0
1.0
1.0
0.99968386
1.0
1.0
1.0
1.0
1.0
0.99946934
1.0
1.0
1.0
1.0
0.99999654
1.0
1.0
1.0
1.0
1.0
1.0
1.0
1.0
0.99997735
1.0
0.9999945
1.0
0.9999999
0.9999999
1.0
1.0
1.0
1.0
0.9987766
1.0
1.0
1.0
1.0
0.99999917
0.9999999
0.9999999
0.9983413
1.0
1.0
0.99999475
1.0
1.0
1.0
1.0
1.0
0.99998355
1.0
1.0
0.9999999
1.0
1.0
1.0
1.0
1.0
1.0
0.9998859
1.0
1.0
1.0
1.0
1.0
1.0
1.0
0.99923086
1.0
1.0
1.0
1.0
0.99999845
1.0
0.7929177
1.0
1.0
1.0
0.99999976
1.0
1.0
1.0
1.0
1.0
0.99978286
0.9999994
0.9999999
1.0
1.0
1.0
1.0
1.0
1.0
1.0
1.0
1.0
0.7216458
0.9999951
1.0
1.0
1.0
1.0
1.0
1.0
1.0
1.0
1.0
1.0
0.9999993
1.0
0.999977
1.0
0.9999839
1.0
0.95614433
0.99999917
1.0
1.0
1.0
1.0
1.0
1.0
1.0
0.9999975
0.95600146
0.7893971
1.0
1.0
1.0
0.9999999
1.0
1.0
0.9993191
1.0
0.9995957
0.9999989
1.0
1.0
1.0
1.0
1.0
1.0
1.0
1.0
1.0
1.0
1.0
1.0
1.0
1.0
1.0
1.0
1.0
1.0
1.0
1.0
1.0
0.9999325
1.0
1.0
1.0
1.0
1.0
1.0
0.9997534
1.0
0.99998736
1.0
0.99468803
1.0
1.0
1.0
0.9999995
1.0
1.0
1.0
0.99999976
0.9998549
1.0
0.999987
1.0
1.0
1.0
0.9999994
0.99999976
1.0
1.0
1.0
1.0
1.0
0.7803872
1.0
1.0
1.0
1.0
1.0
1.0
0.9999999
1.0
1.0
1.0
0.99999917
1.0
1.0
0.99999905
0.99926037
1.0
1.0
0.99999785
1.0
1.0
1.0
0.9999914
1.0
0.9980919
1.0
1.0
0.9943205
1.0
1.0
1.0
1.0
1.0
1.0
1.0
1.0
1.0
1.0
1.0
1.0
0.99999964
1.0
1.0
1.0
1.0
1.0
1.0
1.0
1.0
1.0
1.0
1.0
1.0
1.0
1.0
0.99999976
1.0
1.0
0.99990034
1.0
0.9922448
1.0
1.0
1.0
1.0
1.0
0.99999726
1.0
1.0
1.0
0.9999995
0.9999988
1.0
1.0
0.9999937
1.0
1.0
0.99999774
0.9999999
0.9999361
0.99998593
1.0
1.0
1.0
1.0
0.89629304
1.0
1.0
1.0
0.99980026
0.9999995
0.6803152
1.0
1.0
0.8917055
1.0
0.9999999
1.0
1.0
1.0
1.0
1.0
0.9979972
0.8066568
0.99999964
1.0
1.0
1.0
1.0
0.9999937
0.9999999
1.0
1.0
1.0
1.0
1.0
0.9967025
0.8215043
1.0
1.0
0.99996674
1.0
1.0
0.9999989
1.0
0.9999974
1.0
1.0
0.9999988
1.0
0.9999006
1.0
1.0
1.0
0.9999583
1.0
0.9999758
1.0
1.0
1.0
0.99999905
1.0
1.0
0.9998056
1.0
1.0
1.0
1.0
1.0
1.0
0.9999994
1.0
1.0
1.0
0.9997905
0.99999845
1.0
1.0
1.0
0.9139573
1.0
1.0
1.0
1.0
1.0
0.9999999
1.0
0.9999988
0.99999714
0.99904364
1.0
0.99999905
1.0
1.0
1.0
1.0
0.9999994
1.0
1.0
1.0
1.0
1.0
1.0
1.0
1.0
0.99979144
1.0
0.9999999
1.0
1.0
1.0
1.0
1.0
1.0
0.9889154
1.0
1.0
0.99999976
1.0
1.0
1.0
1.0
1.0
1.0
1.0
1.0
1.0
1.0
1.0
1.0
1.0
1.0
1.0
1.0
1.0
1.0
1.0
1.0
1.0
1.0
0.99999857
1.0
1.0
0.99999964
0.9940246
1.0
0.99946934
1.0
1.0
1.0
1.0
1.0
1.0
0.99999213
1.0
1.0
1.0
0.97593635
1.0
1.0
1.0
1.0
0.99999547
1.0
1.0
1.0
1.0
1.0
1.0
1.0
1.0
1.0
1.0
1.0
1.0
1.0
1.0
1.0
1.0
1.0
1.0
1.0
1.0
1.0
0.9997341
1.0
0.99999714
1.0
1.0
1.0
1.0
1.0
0.9981231
0.9999949
1.0
1.0
1.0
1.0
0.99968874
0.9999999
1.0
0.99923813
1.0
1.0
1.0
1.0
0.999992
1.0
1.0
1.0
1.0
0.9999999
1.0
0.9951632
0.9993488
1.0
0.9999902
0.9999907
0.9989649
1.0
0.9999999
1.0
0.99999976
1.0
1.0
1.0
1.0
1.0
1.0
1.0
1.0
1.0
1.0
1.0
1.0
1.0
1.0
1.0
1.0
1.0
1.0
0.9999856
1.0
1.0
0.99999964
1.0
1.0
1.0
1.0
1.0
0.99998176
1.0
1.0
1.0
1.0
1.0
0.999869
0.99999964
1.0
1.0
0.99999475
1.0
0.9999999
1.0
1.0
1.0
1.0
1.0
1.0
0.99999976
1.0
1.0
1.0
0.9999442
1.0
1.0
1.0
0.9999914
1.0
1.0
0.9999994
1.0
1.0
1.0
1.0
1.0
1.0
1.0
1.0
0.99999905
0.99999726
1.0
1.0
1.0
1.0
1.0
1.0
0.9999994
1.0
1.0
1.0
1.0
0.9999962
1.0
1.0
1.0
0.9999987
1.0
1.0
0.61543506
1.0
1.0
1.0
0.9999964
1.0
1.0
1.0
1.0
1.0
0.99999595
0.9999776
1.0
0.9999999
0.9999962
0.99999845
1.0
1.0
1.0
1.0
1.0
1.0
1.0
1.0
1.0
0.9988757
0.99992037
1.0
1.0
1.0
1.0
1.0
1.0
1.0
1.0
0.9999579
1.0
1.0
0.9999999
1.0
1.0
0.99999917
0.9999982
1.0
0.9999999
1.0
1.0
1.0
1.0
1.0
1.0
1.0
1.0
1.0
1.0
0.9999821
1.0
1.0
1.0
1.0
1.0
1.0
1.0
0.99994564
0.9977494
1.0
0.9999993
1.0
1.0
1.0
1.0
1.0
1.0
1.0
1.0
1.0
1.0
1.0
0.99999976
1.0
1.0
1.0
1.0
1.0
1.0
1.0
1.0
0.99999964
1.0
1.0
1.0
0.9999583
0.99999666
1.0
1.0
1.0
0.9999999
1.0
1.0
1.0
1.0
0.99999774
1.0
1.0
0.99992573
0.9987539
1.0
1.0
0.9999999
1.0
1.0
0.99928135
0.99998224
0.99999976
1.0
1.0
1.0
0.9999751
1.0
0.99999964
1.0
1.0
0.9999908
1.0
1.0
1.0
1.0
1.0
1.0
1.0
1.0
1.0
1.0
0.99999976
1.0
1.0
1.0
1.0
1.0
1.0
1.0
1.0
1.0
1.0
0.9999838
1.0
1.0
1.0
1.0
1.0
1.0
0.99999964
0.9999994
1.0
1.0
1.0
1.0
1.0
1.0
0.6667583
1.0
1.0
1.0
0.9999944
1.0
1.0
1.0
1.0
1.0
0.99999845
1.0
1.0
1.0
1.0
1.0
1.0
1.0
0.9999999
1.0
1.0
1.0
1.0
1.0
1.0
1.0
0.9999988
0.99999523
0.99999964
1.0
1.0
1.0
1.0
1.0
1.0
1.0
1.0
1.0
0.9321367
1.0
1.0
1.0
0.99999976
1.0
1.0
1.0
0.9999995
1.0
1.0
1.0
1.0
1.0
1.0
1.0
1.0
1.0
1.0
0.99999523
1.0
1.0
1.0
1.0
1.0
0.9999995
0.9999888
1.0
1.0
0.99971837
1.0
0.99999917
1.0
1.0
1.0
0.9981698
1.0
1.0
0.9999964
1.0
1.0
1.0
0.9999913
1.0
1.0
1.0
1.0
1.0
1.0
1.0
1.0
1.0
0.99998176
0.98907286
1.0
1.0
1.0
1.0
1.0
1.0
1.0
1.0
1.0
1.0
1.0
1.0
1.0
0.9999999
0.9999995
0.99999976
1.0
1.0
1.0
1.0
1.0
1.0
1.0
1.0
1.0
1.0
1.0
0.9152264
1.0
1.0
0.99999964
1.0
1.0
1.0
1.0
0.98706865
1.0
1.0
1.0
1.0
1.0
1.0
1.0
1.0
0.9999858
1.0
0.99999976
1.0
1.0
0.9999894
1.0
1.0
1.0
0.999997
0.9999999
1.0
1.0
0.9999851
0.91141766
1.0
0.99999964
0.9999999
1.0
1.0
1.0
0.9999999
1.0
1.0
1.0
1.0
1.0
1.0
1.0
0.9999995
0.9999882
1.0
1.0
1.0
1.0
0.99999976
1.0
0.9999999
0.4796985
0.9999691
1.0
1.0
1.0
1.0
1.0
1.0
1.0
0.9999999
1.0
1.0
1.0
0.9999976
1.0
0.9999999
0.9999963
1.0
1.0
1.0
1.0
1.0
0.9999918
1.0
1.0
1.0
1.0
0.99999964
1.0
1.0
1.0
0.9999999
1.0
0.99999905
1.0
1.0
1.0
1.0
1.0
0.99977237
0.9999274
0.5543525
0.9999994
0.99991703
1.0
1.0
1.0
1.0
1.0
1.0
1.0
1.0
1.0
1.0
1.0
1.0
1.0
1.0
1.0
1.0
0.99999356
1.0
1.0
1.0
1.0
1.0
1.0
1.0
0.999508
1.0
1.0
0.9999999
1.0
1.0
1.0
1.0
1.0
1.0
1.0
1.0
1.0
1.0
1.0
1.0
1.0
1.0
1.0
1.0
0.99999964
1.0
1.0
1.0
1.0
1.0
1.0
1.0
1.0
1.0
1.0
1.0
0.9999989
1.0
1.0
1.0
0.9999918
1.0
0.999966
1.0
1.0
1.0
1.0
0.9999988
1.0
1.0
0.99999917
1.0
1.0
1.0
1.0
1.0
1.0
1.0
1.0
0.9960426
1.0
1.0
1.0
1.0
1.0
1.0
0.9999856
1.0
1.0
1.0
1.0
1.0
0.99999976
1.0
1.0
1.0
1.0
1.0
1.0
1.0
0.9997712
1.0
1.0
1.0
1.0
1.0
1.0
1.0
0.9999999
1.0
1.0
1.0
1.0
1.0
0.99999976
1.0
0.9999187
1.0
1.0
0.9999995
1.0
0.9999914
1.0
1.0
0.9988439
0.9835429
1.0
0.999961
0.99994636
1.0
1.0
1.0
1.0
1.0
1.0
1.0
0.99999917
0.9999913
1.0
1.0
0.98940736
1.0
1.0
1.0
1.0
1.0
1.0
0.9999225
1.0
0.99144906
1.0
1.0
0.9999999
0.99998736
0.99999547
1.0
1.0
1.0
1.0
1.0
0.9958812
0.9999999
1.0
0.9999999
0.99837995
0.83889437
1.0
1.0
1.0
1.0
0.99999976
1.0
1.0
1.0
0.9999813
1.0
0.6442023
1.0
0.99585223
1.0
1.0
1.0
1.0
0.9999999
0.9999999
0.99999714
1.0
1.0
0.99999917
0.99999964
1.0
1.0
0.9996799
1.0
0.9999701
1.0
1.0
1.0
1.0
0.9999995
1.0
1.0
1.0
1.0
0.99987614
1.0
0.9994985
1.0
0.9999889
0.9939096
1.0
1.0
1.0
1.0
1.0
0.99999034
0.9999982
1.0
1.0
0.99643314
1.0
1.0
1.0
1.0
1.0
1.0
1.0
1.0
1.0
0.9997954
1.0
0.9999999
1.0
1.0
0.9999994
1.0
0.99793136
1.0
0.99999857
1.0
1.0
1.0
1.0
1.0
0.99999976
1.0
0.99999976
1.0
0.8296479
1.0
1.0
0.74930584
1.0
0.9999999
0.9999856
1.0
1.0
0.999997
1.0
1.0
0.9999466
1.0
1.0
1.0
1.0
1.0
1.0
0.9994547
1.0
0.9999999
1.0
1.0
1.0
1.0
1.0
1.0
0.9999999
1.0
1.0
1.0
1.0
1.0
1.0
0.9999999
1.0
1.0
1.0
1.0
0.9999999
1.0
1.0
0.9999622
1.0
1.0
1.0
1.0
1.0
1.0
1.0
1.0
0.9993563
1.0
1.0
1.0
0.81745845
1.0
1.0
0.9999975
1.0
1.0
1.0
1.0
1.0
1.0
1.0
1.0
1.0
1.0
1.0
1.0
1.0
1.0
0.99999976
1.0
0.99837756
1.0
1.0
1.0
1.0
1.0
1.0
1.0
1.0
1.0
1.0
1.0
1.0
0.9999963
0.9999994
0.7321073
0.9999993
0.99752945
1.0
1.0
0.9999945
1.0
1.0
1.0
0.9999981
0.99941695
1.0
1.0
1.0
1.0
1.0
1.0
1.0
1.0
1.0
1.0
0.9999981
1.0
1.0
1.0
1.0
1.0
0.98126423
0.9999993
0.9999994
0.9999182
1.0
1.0
1.0
1.0
0.9999299
0.99999976
1.0
1.0
1.0
1.0
1.0
1.0
0.999985
0.9889894
0.99999964
0.9999999
1.0
1.0
1.0
1.0
1.0
1.0
1.0
0.99973136
1.0
1.0
1.0
1.0
0.99999774
0.99999964
0.99999976
1.0
1.0
1.0
1.0
0.92157614
1.0
1.0
1.0
1.0
1.0
1.0
1.0
0.999964
1.0
0.96141636
0.9999571
1.0
1.0
1.0
1.0
1.0
1.0
1.0
1.0
0.9955753
1.0
0.9999994
0.99992263
1.0
1.0
1.0
1.0
1.0
1.0
1.0
1.0
1.0
1.0
1.0
1.0
1.0
0.9999951
1.0
1.0
0.99999917
1.0
1.0
1.0
1.0
0.9999764
0.9999981
1.0
1.0
0.99999464
1.0
1.0
0.9999999
1.0
1.0
1.0
0.999982
1.0
0.99998045
1.0
1.0
1.0
1.0
1.0
0.9999987
1.0
1.0
0.9999999
0.98146284
1.0
1.0
0.7838732
1.0
1.0
1.0
1.0
1.0
1.0
1.0
0.99999976
1.0
0.99999654
1.0
1.0
0.9999999
1.0
0.9993104
1.0
0.99999964
1.0
1.0
1.0
1.0
0.99999964
1.0
0.99997747
1.0
1.0
1.0
1.0
1.0
1.0
1.0
1.0
0.9999677
1.0
1.0
1.0
1.0
0.9999994
0.99997985
1.0
1.0
1.0
1.0
1.0
0.9999994
1.0
0.9999993
0.9999933
1.0
1.0
1.0
1.0
0.99999726
1.0
1.0
0.9999999
1.0
1.0
1.0
1.0
1.0
0.9999987
1.0
0.99999857
1.0
1.0
1.0
0.99999905
1.0
0.99999785
0.99999917
1.0
1.0
0.9999578
1.0
0.99988365
1.0
0.99997866
1.0
0.99999976
1.0
1.0
1.0
1.0
0.9993554
1.0
1.0
1.0
1.0
1.0
1.0
1.0
0.9999263
1.0
1.0
0.9999939
1.0
0.5202962
0.9999995
1.0
1.0
0.9999995
1.0
0.99999857
0.9999999
1.0
1.0
1.0
1.0
1.0
1.0
1.0
1.0
0.9999999
0.9999976
0.99999964
1.0
0.99996734
1.0
1.0
0.999992
1.0
0.95839477
1.0
1.0
1.0
0.60439867
1.0
0.999998
1.0
1.0
1.0
0.9999958
0.9999254
1.0
1.0
1.0
1.0
1.0
1.0
1.0
1.0
0.99999917
1.0
0.9999995
0.9994624
1.0
1.0
1.0
1.0
1.0
1.0
1.0
1.0
1.0
1.0
1.0
1.0
1.0
0.9999157
1.0
1.0
1.0
1.0
1.0
0.9999429
1.0
1.0
1.0
0.9355401
1.0
1.0
1.0
1.0
1.0
1.0
0.9998332
0.9894382
1.0
1.0
0.999913
0.99998176
1.0
1.0
0.9999999
1.0
0.99948406
0.99999964
1.0
1.0
0.9999994
1.0
0.9999757
1.0
1.0
1.0
1.0
1.0
1.0
1.0
1.0
1.0
1.0
1.0
1.0
0.9971923
1.0
1.0
0.9999795
1.0
0.729634
1.0
0.9999999
1.0
0.99999404
1.0
1.0
1.0
0.9997714
1.0
0.99999785
0.9996973
1.0
1.0
1.0
1.0
1.0
0.9997888
1.0
1.0
1.0
1.0
1.0
1.0
0.99999976
0.9999696
0.99995375
1.0
0.99998105
1.0
1.0
1.0
1.0
1.0
1.0
1.0
1.0
1.0
1.0
1.0
0.9999976
0.9999906
1.0
1.0
1.0
1.0
1.0
1.0
1.0
1.0
1.0
1.0
1.0
1.0
1.0
0.9990626
1.0
1.0
1.0
1.0
0.9999924
0.9999982
1.0
1.0
1.0
1.0
1.0
1.0
1.0
1.0
0.99932694
0.95848054
1.0
1.0
0.9999932
1.0
1.0
1.0
1.0
1.0
0.79160804
1.0
1.0
1.0
1.0
0.99993145
1.0
1.0
1.0
1.0
1.0
0.99999976
1.0
0.9883464
1.0
0.9999769
1.0
1.0
1.0
1.0
1.0
1.0
0.9999951
1.0
0.99999964
1.0
1.0
1.0
1.0
1.0
0.9999999
0.9945819
0.99999964
1.0
0.99981695
1.0
0.9886996
1.0
1.0
1.0
1.0
1.0
1.0
1.0
1.0
1.0
1.0
1.0
1.0
1.0
0.9999999
1.0
0.99999857
0.99999976
1.0
0.9999999
0.9743329
1.0
1.0
1.0
0.99999976
1.0
1.0
1.0
0.99954295
1.0
0.9999851
1.0
0.9999951
1.0
0.99999523
1.0
1.0
1.0
0.9543204
1.0
1.0
1.0
1.0
1.0
1.0
1.0
0.99999845
1.0
1.0
0.99882895
1.0
1.0
1.0
1.0
1.0
0.99999976
1.0
1.0
0.9999988
1.0
1.0
1.0
1.0
1.0
0.99999964
1.0
1.0
1.0
1.0
1.0
1.0
1.0
0.9979955
1.0
0.99999964
1.0
1.0
0.9999945
1.0
1.0
1.0
1.0
0.9999918
0.99999964
0.99999475
1.0
1.0
1.0
1.0
0.99964917
1.0
1.0
0.9916037
0.9999484
1.0
0.98297656
1.0
1.0
0.99999905
0.9999298
0.9987702
1.0
0.97848433
1.0
1.0
1.0
0.9999589
1.0
1.0
1.0
1.0
1.0
1.0
1.0
0.9999993
1.0
0.9999888
1.0
1.0
1.0
1.0
1.0
1.0
0.9999851
1.0
1.0
1.0
1.0
1.0
0.99999845
1.0
0.7868649
1.0
1.0
1.0
1.0
1.0
1.0
0.99999964
1.0
1.0
1.0
0.99995136
0.9999999
1.0
1.0
0.9999988
0.9999999
1.0
0.99999976
0.9999995
1.0
1.0
0.99999523
1.0
0.99999964
1.0
1.0
0.99999976
1.0
1.0
0.99999547
1.0
1.0
0.99999785
0.99999964
0.82069004
1.0
1.0
0.9999999
0.9997588
1.0
1.0
0.98861736
0.9999937
1.0
1.0
1.0
1.0
1.0
0.99999976
1.0
1.0
1.0
1.0
1.0
1.0
0.9999995
1.0
0.99996626
1.0
1.0
1.0
1.0
1.0
1.0
0.8730905
1.0
1.0
0.9999771
1.0
1.0
1.0
1.0
1.0
1.0
1.0
1.0
1.0
1.0
0.87137157
1.0
0.9999999
1.0
0.99999726
0.9998733
1.0
1.0
1.0
1.0
1.0
1.0
1.0
1.0
1.0
0.99999964
1.0
1.0
0.9999994
1.0
0.9997898
1.0
1.0
1.0
0.7298287
0.99999976
1.0
1.0
0.9999956
1.0
1.0
1.0
1.0
1.0
1.0
1.0
1.0
1.0
1.0
1.0
1.0
0.9999192
1.0
1.0
0.9999999
0.9999999
1.0
0.99975795
1.0
1.0
0.99999976
1.0
1.0
0.99999976
1.0
1.0
0.9999995
1.0
1.0
1.0
1.0
1.0
1.0
1.0
0.99999905
1.0
0.9999453
1.0
1.0
1.0
1.0
1.0
1.0
1.0
1.0
0.9999701
1.0
1.0
1.0
1.0
0.99999964
0.99999857
1.0
1.0
0.848771
1.0
1.0
1.0
1.0
1.0
1.0
1.0
1.0
1.0
1.0
1.0
1.0
0.99988985
0.99999964
1.0
1.0
1.0
1.0
1.0
1.0
0.99999905
1.0
1.0
0.99999046
0.9999999
0.9999999
1.0
1.0
1.0
0.99999845
1.0
0.99998176
1.0
1.0
1.0
0.9999999
1.0
1.0
0.9999993
0.99999714
0.9994604
1.0
1.0
0.99990964
1.0
1.0
1.0
1.0
1.0
1.0
1.0
0.99951196
1.0
1.0
1.0
0.9999989
1.0
1.0
1.0
0.9988833
1.0
0.99969375
1.0
0.99438465
1.0
1.0
1.0
1.0
1.0
1.0
1.0
0.99999976
1.0
1.0
1.0
1.0
0.99999976
1.0
1.0
1.0
1.0
1.0
1.0
0.9963869
1.0
1.0
1.0
1.0
0.9999999
1.0
1.0
0.9999999
1.0
1.0
1.0
1.0
1.0
1.0
0.9999989
1.0
1.0
1.0
1.0
1.0
1.0
1.0
1.0
0.8752123
0.9995321
1.0
1.0
1.0
0.9999999
1.0
0.7223416
1.0
0.99988794
1.0
1.0
1.0
1.0
1.0
1.0
0.8426457
1.0
1.0
0.9999993
1.0
0.99999964
1.0
1.0
1.0
1.0
1.0
0.9999999
1.0
1.0
0.9958949
0.99981326
0.99999976
1.0
1.0
0.9999999
1.0
1.0
1.0
0.9999665
1.0
1.0
1.0
1.0
1.0
1.0
1.0
0.9999999
1.0
0.9999999
0.9999951
1.0
1.0
0.7632544
0.99995697
1.0
1.0
1.0
1.0
1.0
1.0
1.0
1.0
1.0
1.0
1.0
0.9999999
0.95830107
1.0
0.9999944
0.9999989
1.0
0.9999881
0.99999213
1.0
0.99999833
1.0
0.99999917
1.0
0.989164
0.9999999
0.9999951
1.0
1.0
1.0
1.0
1.0
1.0
1.0
1.0
1.0
1.0
1.0
1.0
1.0
0.9999995
1.0
1.0
1.0
1.0
0.9999994
1.0
0.99999857
1.0
0.9983525
1.0
1.0
1.0
0.9999815
1.0
1.0
0.9999982
1.0
1.0
0.9999999
1.0
1.0
0.99999094
1.0
1.0
1.0
1.0
0.9999994
1.0
1.0
1.0
1.0
0.9999999
1.0
1.0
1.0
1.0
0.99925786
1.0
1.0
0.9999826
0.99961984
0.99999976
1.0
1.0
1.0
1.0
1.0
0.9999604
0.9999999
0.99999976
1.0
0.9999999
1.0
0.53299123
1.0
1.0
1.0
1.0
1.0
1.0
1.0
1.0
1.0
0.9999926
0.9999999
0.9999995
1.0
1.0
1.0
1.0
1.0
1.0
1.0
1.0
1.0
0.99932945
1.0
1.0
1.0
1.0
1.0
0.9999993
0.9999999
1.0
1.0
1.0
0.9999958
0.9980459
1.0
1.0
1.0
1.0
0.9998286
1.0
0.999985
1.0
1.0
1.0
1.0
1.0
1.0
1.0
1.0
1.0
1.0
1.0
0.9999995
1.0
1.0
1.0
1.0
1.0
1.0
1.0
1.0
1.0
1.0
1.0
1.0
1.0
1.0
1.0
1.0
1.0
1.0
1.0
0.9999999
1.0
1.0
1.0
1.0
1.0
0.99999905
1.0
1.0
1.0
1.0
1.0
1.0
1.0
1.0
1.0
1.0
0.99998546
1.0
1.0
1.0
1.0
1.0
1.0
1.0
0.9999994
1.0
1.0
1.0
1.0
1.0
1.0
1.0
0.9999995
1.0
1.0
1.0
1.0
0.99972814
1.0
1.0
1.0
1.0
1.0
1.0
0.9999993
1.0
1.0
1.0
1.0
1.0
1.0
1.0
1.0
1.0
1.0
0.9999999
0.9999994
1.0
0.9999993
1.0
1.0
1.0
1.0
1.0
1.0
1.0
1.0
1.0
1.0
1.0
1.0
1.0
1.0
1.0
1.0
0.9999999
1.0
1.0
1.0
1.0
1.0
1.0
1.0
1.0
1.0
1.0
1.0
1.0
1.0
1.0
0.99999976
1.0
1.0
1.0
1.0
1.0
1.0
0.99361527
1.0
1.0
1.0
1.0
1.0
1.0
1.0
0.9999999
0.9999999
1.0
1.0
1.0
0.99996924
1.0
1.0
0.99999666
1.0
1.0
0.9999995
1.0
1.0
1.0
1.0
1.0
1.0
1.0
1.0
1.0
1.0
1.0
1.0
0.9821072
1.0
1.0
1.0
1.0
1.0
0.99911517
1.0
1.0
1.0
1.0
1.0
1.0
1.0
1.0
1.0
1.0
0.9999999
1.0
1.0
1.0
1.0
1.0
1.0
0.99999964
1.0
1.0
1.0
1.0
1.0
1.0
1.0
1.0
1.0
1.0
0.99999774
1.0
1.0
1.0
1.0
0.99992085
1.0
0.9991117
1.0
0.99998903
1.0
1.0
1.0
0.9999994
1.0
1.0
0.9999999
1.0
1.0
1.0
1.0
1.0
1.0
1.0
1.0
0.9999999
0.9999999
0.99999857
1.0
1.0
1.0
1.0
1.0
1.0
0.9993623
1.0
1.0
1.0
1.0
1.0
1.0
1.0
1.0
1.0
1.0
1.0
1.0
1.0
0.99999976
1.0
1.0
1.0
0.9206252
1.0
1.0
1.0
0.99999976
1.0
1.0
1.0
1.0
1.0
1.0
1.0
1.0
1.0
1.0
0.999998
0.99999976
1.0
1.0
0.9999938
1.0
1.0
0.9995745
0.9999999
0.9999995
1.0
1.0
1.0
1.0
1.0
1.0
1.0
0.9999938
1.0
1.0
1.0
1.0
1.0
1.0
1.0
1.0
1.0
0.99999
1.0
1.0
1.0
1.0
1.0
1.0
1.0
1.0
1.0
1.0
1.0
1.0
1.0
1.0
1.0
1.0
1.0
1.0
1.0
1.0
1.0
1.0
1.0
1.0
1.0
1.0
1.0
1.0
1.0
1.0
1.0
1.0
1.0
1.0
1.0
1.0
1.0
1.0
1.0
1.0
1.0
1.0
0.91285133
1.0
1.0
1.0
1.0
1.0
1.0
1.0
1.0
1.0
1.0
1.0
0.99999976
1.0
1.0
1.0
1.0
1.0
1.0
1.0
1.0
1.0
1.0
1.0
1.0
1.0
1.0
1.0
1.0
1.0
1.0
1.0
1.0
1.0
1.0
1.0
1.0
1.0
1.0
1.0
1.0
1.0
1.0
1.0
1.0
1.0
1.0
1.0
1.0
1.0
1.0
1.0
1.0
1.0
1.0
1.0
1.0
1.0
1.0
1.0
1.0
1.0
1.0
1.0
1.0
1.0
0.9999999
1.0
1.0
1.0
1.0
1.0
1.0
1.0
1.0
1.0
0.99999154
1.0
1.0
1.0
1.0
1.0
1.0
1.0
1.0
0.9999999
0.99999857
1.0
1.0
1.0
1.0
1.0
1.0
0.9999999
1.0
1.0
1.0
1.0
1.0
1.0
1.0
1.0
1.0
1.0
1.0
1.0
1.0
1.0
1.0
1.0
1.0
1.0
1.0
1.0
1.0
1.0
1.0
1.0
0.99999607
0.9998994
1.0
1.0
1.0
1.0
1.0
1.0
0.99406624
1.0
0.9999999
1.0
1.0
1.0
1.0
1.0
1.0
1.0
1.0
1.0
1.0
1.0
1.0
1.0
1.0
1.0
1.0
1.0
1.0
1.0
1.0
1.0
1.0
1.0
1.0
1.0
1.0
1.0
1.0
1.0
1.0
1.0
1.0
1.0
1.0
1.0
1.0
1.0
1.0
1.0
1.0
1.0
1.0
1.0
1.0
1.0
1.0
1.0
1.0
1.0
1.0
1.0
1.0
1.0
1.0
1.0
1.0
1.0
1.0
1.0
0.99998987
1.0
1.0
0.99999833
1.0
1.0
1.0
1.0
0.9999993
1.0
1.0
1.0
1.0
1.0
1.0
1.0
1.0
0.9999995
1.0
1.0
1.0
1.0
1.0
1.0
1.0
1.0
1.0
0.99999976
0.99999726
1.0
1.0
1.0
1.0
1.0
1.0
1.0
1.0
1.0
1.0
1.0
0.9999999
1.0
0.99999976
1.0
1.0
0.99997413
1.0
1.0
1.0
1.0
0.99999964
1.0
1.0
1.0
0.9999969
1.0
1.0
1.0
1.0
1.0
1.0
0.9999999
1.0
1.0
0.99999607
1.0
1.0
0.99998724
1.0
1.0
1.0
1.0
1.0
1.0
1.0
0.999998
1.0
1.0
1.0
1.0
1.0
0.99964976
0.99999976
1.0
0.99999976
1.0
0.9999999
1.0
1.0
0.9999999
1.0
1.0
1.0
1.0
0.9999671
0.9999999
1.0
1.0
1.0
1.0
1.0
1.0
1.0
1.0
0.9954406
1.0
1.0
1.0
0.9999999
1.0
1.0
1.0
1.0
1.0
1.0
0.6596361
1.0
0.9999999
1.0
0.99999964
0.99999833
1.0
0.9999999
0.99996495
0.9999999
1.0
1.0
1.0
0.9999999
0.9999993
0.9999895
1.0
1.0
1.0
0.9999999
0.9999387
1.0
1.0
1.0
1.0
1.0
1.0
1.0
1.0
1.0
1.0
1.0
1.0
1.0
1.0
1.0
1.0
1.0
1.0
1.0
0.9999999
1.0
0.9999995
1.0
0.99999845
1.0
1.0
1.0
1.0
0.99999976
1.0
1.0
1.0
1.0
1.0
1.0
1.0
1.0
1.0
1.0
1.0
1.0
1.0
1.0
1.0
1.0
1.0
1.0
1.0
0.9999913
1.0
1.0
1.0
1.0
0.99999917
0.9999999
1.0
1.0
1.0
1.0
1.0
1.0
1.0
0.9999989
1.0
0.9999999
0.9999982
1.0
1.0
1.0
1.0
1.0
0.9999999
1.0
1.0
1.0
1.0
1.0
1.0
1.0
0.9785171
0.9999639
0.99299365
1.0
1.0
1.0
1.0
1.0
0.99999976
0.9999999
1.0
0.99999404
1.0
1.0
1.0
0.93734175
1.0
1.0
0.9987901
1.0
1.0
1.0
0.9999999
1.0
1.0
1.0
1.0
1.0
1.0
1.0
1.0
1.0
1.0
1.0
1.0
0.99999964
1.0
1.0
1.0
0.99999964
1.0
1.0
1.0
1.0
1.0
1.0
1.0
1.0
1.0
1.0
0.99999964
1.0
1.0
1.0
1.0
1.0
1.0
1.0
1.0
1.0
1.0
1.0
1.0
1.0
1.0
1.0
1.0
0.9999962
0.9999753
1.0
1.0
1.0
1.0
0.99999475
1.0
1.0
1.0
1.0
1.0
1.0
1.0
1.0
1.0
1.0
1.0
1.0
1.0
0.9999995
1.0
0.9999999
0.99999976
1.0
1.0
0.9999976
0.9999906
1.0
0.9999999
1.0
1.0
0.9999999
1.0
0.9999944
1.0
1.0
1.0
1.0
1.0
0.99999976
0.9999994
1.0
1.0
1.0
1.0
1.0
1.0
1.0
1.0
1.0
1.0
1.0
1.0
1.0
1.0
1.0
1.0
1.0
1.0
1.0
1.0
1.0
1.0
1.0
1.0
1.0
1.0
1.0
1.0
1.0
1.0
1.0
1.0
1.0
1.0
0.999782
1.0
1.0
1.0
1.0
1.0
1.0
1.0
0.99999917
1.0
0.99520314
0.9989641
1.0
0.99999976
0.9999999
1.0
1.0
1.0
1.0
1.0
0.99999976
1.0
1.0
1.0
1.0
1.0
1.0
1.0
1.0
0.99998975
1.0
1.0
1.0
1.0
1.0
0.9999999
1.0
1.0
1.0
1.0
1.0
1.0
1.0
1.0
0.9999989
0.9999999
1.0
1.0
1.0
0.99993765
1.0
1.0
1.0
1.0
1.0
1.0
1.0
0.9999901
0.9999604
0.95228565
0.9963981
0.9999994
0.9999387
1.0
1.0
1.0
0.9999999
1.0
0.9999999
1.0
1.0
1.0
0.99999547
1.0
0.9999993
1.0
1.0
1.0
0.9988172
1.0
1.0
1.0
0.99997914
1.0
0.9999858
1.0
0.99994326
1.0
1.0
1.0
1.0
1.0
1.0
1.0
0.9999999
0.99999917
0.99481
1.0
0.99999976
1.0
0.9999993
1.0
1.0
0.9999994
0.9997472
0.9756457
0.999995
1.0
0.999997
1.0
0.999972
1.0
0.9999999
1.0
1.0
0.99999905
1.0
1.0
1.0
0.99999964
0.9975988
0.999998
1.0
0.9999875
1.0
0.9999994
1.0
0.9999939
1.0
0.9999968
0.99999976
0.99999976
0.9999858
1.0
0.9999188
1.0
1.0
1.0
1.0
1.0
1.0
1.0
1.0
0.9999999
1.0
1.0
0.99841726
1.0
1.0
0.99953735
1.0
0.9999418
1.0
1.0
0.9999999
1.0
1.0
1.0
0.9994435
1.0
0.99999845
1.0
1.0
1.0
1.0
0.99998796
1.0
1.0
0.99996305
1.0
1.0
1.0
1.0
1.0
1.0
1.0
1.0
0.99999976
1.0
1.0
1.0
1.0
0.99981374
1.0
1.0
1.0
1.0
1.0
0.9959663
1.0
1.0
1.0
1.0
1.0
0.99978894
0.9999988
0.99999905
1.0
1.0
1.0
1.0
1.0
1.0
0.9999999
0.9955206
0.9999999
0.99999976
1.0
1.0
1.0
1.0
1.0
1.0
1.0
0.9613179
1.0
0.99999034
1.0
1.0
1.0
1.0
1.0
1.0
1.0
0.9999875
1.0
1.0
1.0
1.0
1.0
0.9999999
1.0
0.9999999
1.0
1.0
0.9910182
1.0
1.0
1.0
1.0
1.0
1.0
1.0
1.0
1.0
1.0
1.0
0.99999905
1.0
0.9999988
1.0
1.0
1.0
1.0
1.0
1.0
1.0
1.0
1.0
1.0
1.0
1.0
1.0
1.0
1.0
1.0
1.0
1.0
1.0
1.0
1.0
1.0
1.0
1.0
1.0
1.0
1.0
1.0
1.0
1.0
0.99437934
1.0
1.0
1.0
0.9999969
1.0
1.0
1.0
1.0
0.51209
1.0
0.99806327
1.0
1.0
1.0
0.9164332
0.9158594
0.9999987
1.0
1.0
1.0
1.0
1.0
1.0
1.0
1.0
1.0
1.0
1.0
1.0
1.0
1.0
1.0
1.0
1.0
1.0
1.0
1.0
1.0
1.0
1.0
1.0
1.0
1.0
1.0
1.0
1.0
1.0
1.0
1.0
1.0
1.0
1.0
1.0
1.0
1.0
1.0
1.0
1.0
1.0
1.0
1.0
1.0
1.0
1.0
1.0
1.0
1.0
1.0
1.0
1.0
1.0
1.0
1.0
1.0
1.0
1.0
1.0
1.0
1.0
1.0
1.0
1.0
1.0
1.0
1.0
0.9999999
1.0
1.0
1.0
1.0
1.0
1.0
1.0
1.0
1.0
1.0
1.0
1.0
1.0
1.0
1.0
1.0
1.0
1.0
1.0
1.0
1.0
1.0
1.0
1.0
1.0
1.0
1.0
1.0
1.0
1.0
1.0
1.0
1.0
1.0
1.0
1.0
1.0
1.0
1.0
1.0
1.0
1.0
1.0
1.0
1.0
1.0
1.0
1.0
1.0
1.0
1.0
1.0
1.0
1.0
1.0
1.0
1.0
1.0
1.0
1.0
1.0
1.0
1.0
1.0
1.0
1.0
1.0
1.0
1.0
1.0
1.0
1.0
1.0
1.0
1.0
1.0
1.0
1.0
1.0
1.0
1.0
1.0
1.0
1.0
1.0
1.0
1.0
1.0
1.0
1.0
1.0
1.0
1.0
1.0
1.0
1.0
1.0
1.0
1.0
1.0
0.99999964
1.0
1.0
0.99999964
1.0
1.0
1.0
1.0
1.0
1.0
1.0
1.0
1.0
1.0
1.0
1.0
1.0
1.0
1.0
1.0
1.0
1.0
1.0
1.0
1.0
1.0
1.0
1.0
1.0
1.0
1.0
1.0
0.9999999
1.0
1.0
1.0
1.0
1.0
1.0
1.0
1.0
0.9999999
1.0
1.0
1.0
1.0
1.0
0.9999933
0.9999851
0.9999931
1.0
1.0
1.0
1.0
0.99999964
1.0
0.9999937
0.9999999
1.0
1.0
1.0
1.0
1.0
1.0
1.0
0.9999995
1.0
0.9999949
1.0
1.0
1.0
1.0
1.0
1.0
0.9999995
1.0
0.9999999
1.0
1.0
1.0
1.0
1.0
0.99889404
1.0
0.9999999
1.0
1.0
1.0
1.0
1.0
1.0
1.0
1.0
1.0
1.0
1.0
1.0
1.0
1.0
1.0
1.0
1.0
1.0
1.0
1.0
1.0
1.0
1.0
1.0
1.0
1.0
1.0
1.0
1.0
1.0
1.0
1.0
1.0
1.0
1.0
1.0
1.0
1.0
1.0
1.0
1.0
1.0
0.99999774
1.0
1.0
1.0
1.0
1.0
1.0
1.0
1.0
0.99999905
1.0
1.0
1.0
1.0
1.0
1.0
1.0
1.0
1.0
1.0
1.0
1.0
1.0
1.0
0.99999785
1.0
1.0
1.0
1.0
1.0
1.0
1.0
1.0
1.0
0.9875295
1.0
1.0
1.0
1.0
1.0
1.0
0.9999999
1.0
1.0
1.0
1.0
0.9999956
1.0
1.0
1.0
1.0
1.0
1.0
1.0
1.0
1.0
1.0
1.0
1.0
1.0
1.0
0.9994271
1.0
0.9999995
1.0
1.0
1.0
0.9996563
1.0
0.9999999
1.0
0.9999999
1.0
0.9999635
1.0
1.0
1.0
1.0
1.0
1.0
1.0
1.0
0.99999976
0.9987299
0.93226284
1.0
0.99999475
0.99764305
1.0
0.84603417
0.9976713
1.0
1.0
1.0
0.9999999
1.0
1.0
0.99974173
0.99966574
0.99999964
0.97323126
0.999746
0.99999475
0.99963486
0.9999993
0.99580884
0.9999771
0.99949586
1.0
0.9999993
1.0
1.0
1.0
0.99999154
1.0
1.0
1.0
1.0
1.0
1.0
1.0
0.99910283
1.0
1.0
1.0
1.0
0.99346656
0.9649859
0.99950254
1.0
1.0
0.9999999
0.99996567
1.0
0.9999758
1.0
1.0
0.9999138
1.0
1.0
1.0
1.0
0.9999993
0.9997094
0.99999523
1.0
0.9999951
0.9999999
1.0
1.0
0.99999976
0.9999994
1.0
0.99999857
0.7309449
1.0
0.99999976
1.0
1.0
1.0
0.9999697
0.9998147
1.0
1.0
1.0
0.99999833
1.0
1.0
1.0
1.0
1.0
0.9999994
1.0
1.0
1.0
1.0
1.0
1.0
1.0
0.9999999
0.6459249
1.0
1.0
1.0
1.0
1.0
1.0
1.0
1.0
1.0
1.0
0.9999993
1.0
1.0
1.0
1.0
1.0
0.9999999
1.0
1.0
1.0
0.9999999
1.0
1.0
1.0
1.0
1.0
1.0
1.0
1.0
0.9999999
1.0
1.0
1.0
1.0
1.0
1.0
1.0
1.0
1.0
0.9999987
0.99999976
1.0
1.0
1.0
1.0
1.0
1.0
1.0
1.0
1.0
1.0
0.99999976
1.0
1.0
0.9999058
1.0
1.0
1.0
0.99999976
1.0
1.0
1.0
1.0
1.0
1.0
1.0
0.99999356
1.0
1.0
0.9999722
0.99999607
1.0
1.0
1.0
1.0
1.0
1.0
1.0
1.0
1.0
0.99999976
1.0
1.0
1.0
1.0
1.0
1.0
1.0
0.99173707
0.9999987
1.0
1.0
0.9998087
0.9999993
1.0
0.9998723
1.0
1.0
1.0
1.0
1.0
1.0
0.99999964
0.9983752
0.99996877
1.0
1.0
0.99999905
1.0
1.0
1.0
1.0
0.9999999
1.0
1.0
1.0
1.0
0.9999583
1.0
1.0
1.0
1.0
1.0
1.0
1.0
1.0
1.0
1.0
0.9999999
1.0
0.9999999
0.7475622
0.9999987
0.9999999
1.0
0.99999976
1.0
1.0
1.0
0.9999999
1.0
0.9999975
1.0
1.0
0.9987233
1.0
1.0
1.0
1.0
1.0
1.0
1.0
1.0
1.0
0.9999999
0.9999684
1.0
1.0
1.0
0.99999547
1.0
0.9999993
1.0
1.0
1.0
0.99998796
1.0
1.0
1.0
1.0
1.0
1.0
1.0
1.0
1.0
0.99999917
1.0
1.0
1.0
1.0
1.0
1.0
1.0
1.0
1.0
1.0
1.0
1.0
1.0
0.9999976
1.0
1.0
1.0
1.0
1.0
0.99972445
1.0
1.0
1.0
1.0
1.0
1.0
1.0
1.0
1.0
1.0
1.0
1.0
1.0
1.0
1.0
1.0
1.0
1.0
1.0
1.0
1.0
1.0
0.9999999
1.0
1.0
1.0
1.0
1.0
1.0
1.0
0.9999969
1.0
1.0
1.0
1.0
0.999938
1.0
1.0
0.99999976
1.0
1.0
1.0
1.0
1.0
1.0
1.0
0.9999994
0.99982053
1.0
1.0
1.0
0.99999607
1.0
1.0
1.0
1.0
1.0
1.0
0.99999154
1.0
1.0
0.9999999
0.9998542
1.0
0.9999999
1.0
0.99999964
1.0
1.0
1.0
1.0
0.9999993
1.0
1.0
1.0
1.0
1.0
1.0
1.0
1.0
1.0
1.0
1.0
1.0
1.0
1.0
1.0
1.0
1.0
1.0
1.0
1.0
0.999992
1.0
1.0
1.0
1.0
0.99999857
1.0
1.0
1.0
1.0
1.0
1.0
1.0
1.0
1.0
1.0
1.0
1.0
1.0
1.0
1.0
1.0
0.99999905
1.0
1.0
1.0
1.0
1.0
1.0
1.0
1.0
1.0
1.0
1.0
1.0
1.0
1.0
1.0
1.0
1.0
1.0
0.9999999
1.0
1.0
1.0
1.0
1.0
1.0
1.0
1.0
1.0
1.0
1.0
1.0
1.0
1.0
1.0
1.0
0.9999995
1.0
1.0
1.0
1.0
1.0
1.0
1.0
1.0
1.0
1.0
1.0
1.0
1.0
1.0
1.0
1.0
1.0
1.0
1.0
1.0
1.0
1.0
1.0
1.0
1.0
1.0
1.0
1.0
1.0
1.0
1.0
0.99999595
0.9999999
1.0
1.0
1.0
1.0
1.0
1.0
1.0
1.0
1.0
1.0
1.0
1.0
1.0
1.0
1.0
1.0
1.0
0.99994624
1.0
1.0
1.0
1.0
0.99683607
1.0
1.0
1.0
1.0
1.0
1.0
0.9999999
1.0
1.0
0.99999845
1.0
1.0
1.0
1.0
1.0
1.0
0.99999964
1.0
1.0
0.99999976
1.0
1.0
1.0
1.0
1.0
1.0
0.9999889
1.0
1.0
1.0
1.0
1.0
1.0
1.0
0.99999905
1.0
1.0
1.0
0.9999399
0.9999999
0.9999993
1.0
1.0
1.0
1.0
0.99999976
1.0
1.0
1.0
1.0
1.0
1.0
0.9999999
1.0
1.0
1.0
1.0
1.0
1.0
1.0
0.9999993
1.0
1.0
1.0
1.0
1.0
0.99982697
1.0
1.0
1.0
1.0
1.0
1.0
1.0
1.0
1.0
1.0
0.9999937
1.0
1.0
0.9999869
1.0
1.0
1.0
1.0
1.0
1.0
1.0
1.0
1.0
1.0
1.0
1.0
0.99999845
1.0
1.0
1.0
1.0
1.0
0.95490026
1.0
0.9999845
1.0
1.0
1.0
1.0
1.0
1.0
1.0
1.0
1.0
1.0
1.0
1.0
1.0
1.0
1.0
1.0
1.0
0.9999999
1.0
1.0
1.0
1.0
1.0
1.0
1.0
1.0
1.0
1.0
1.0
1.0
1.0
1.0
1.0
1.0
1.0
1.0
1.0
1.0
1.0
1.0
1.0
0.9980369
1.0
1.0
1.0
1.0
1.0
1.0
0.9999995
1.0
1.0
0.999997
1.0
0.9999994
1.0
0.9997098
1.0
1.0
1.0
0.9744955
1.0
1.0
1.0
1.0
1.0
1.0
1.0
1.0
1.0
1.0
1.0
1.0
0.9999962
1.0
1.0
1.0
0.99946564
1.0
0.9993616
1.0
0.9999999
1.0
1.0
0.99991345
0.9999999
1.0
1.0
1.0
1.0
1.0
1.0
1.0
0.99995875
1.0
1.0
1.0
1.0
1.0
1.0
1.0
1.0
1.0
0.9999994
1.0
1.0
1.0
1.0
1.0
0.9999999
0.9999999
1.0
0.99999964
1.0
1.0
0.99999964
1.0
1.0
1.0
1.0
1.0
1.0
0.9999982
1.0
1.0
1.0
1.0
1.0
1.0
1.0
1.0
0.9999999
1.0
1.0
1.0
0.9999999
1.0
1.0
1.0
1.0
1.0
1.0
1.0
1.0
1.0
1.0
1.0
1.0
1.0
1.0
1.0
1.0
1.0
0.9999964
1.0
1.0
1.0
1.0
1.0
1.0
1.0
1.0
1.0
1.0
1.0
1.0
1.0
1.0
1.0
1.0
1.0
1.0
1.0
1.0
1.0
1.0
1.0
1.0
1.0
1.0
1.0
0.9999999
1.0
1.0
1.0
1.0
1.0
1.0
1.0
0.99999976
1.0
1.0
1.0
0.9999994
1.0
1.0
0.9999999
1.0
0.9999666
1.0
1.0
1.0
1.0
1.0
1.0
1.0
1.0
1.0
1.0
1.0
1.0
1.0
1.0
1.0
1.0
1.0
1.0
1.0
1.0
1.0
1.0
1.0
1.0
1.0
1.0
1.0
1.0
1.0
0.9999995
1.0
1.0
1.0
0.9999999
1.0
1.0
1.0
1.0
1.0
1.0
1.0
1.0
1.0
1.0
1.0
1.0
1.0
1.0
0.9999982
1.0
1.0
1.0
1.0
1.0
1.0
0.9999999
1.0
1.0
0.9999989
1.0
1.0
1.0
1.0
1.0
1.0
1.0
1.0
1.0
1.0
1.0
1.0
1.0
0.99999976
1.0
1.0
0.99999976
1.0
0.99993956
1.0
0.9995639
1.0
1.0
1.0
1.0
1.0
1.0
0.99966943
1.0
1.0
1.0
1.0
1.0
0.9999999
1.0
1.0
1.0
0.9998425
1.0
1.0
1.0
1.0
1.0
0.99999833
1.0
1.0
1.0
0.99999964
1.0
1.0
1.0
1.0
1.0
1.0
1.0
1.0
1.0
1.0
0.9975299
1.0
1.0
1.0
0.9999784
1.0
1.0
1.0
1.0
1.0
1.0
0.9999925
1.0
1.0
1.0
1.0
1.0
1.0
0.9999999
0.9999995
0.9998223
1.0
1.0
1.0
1.0
1.0
0.9999956
1.0
1.0
1.0
1.0
1.0
1.0
0.9999999
1.0
1.0
1.0
1.0
1.0
0.9999788
1.0
1.0
0.99999475
1.0
1.0
1.0
1.0
1.0
1.0
1.0
1.0
0.9999999
0.9999999
1.0
1.0
1.0
1.0
1.0
1.0
1.0
1.0
1.0
1.0
1.0
1.0
1.0
1.0
1.0
1.0
1.0
1.0
1.0
1.0
1.0
1.0
1.0
1.0
1.0
1.0
1.0
1.0
1.0
1.0
1.0
1.0
1.0
1.0
1.0
1.0
1.0
1.0
1.0
1.0
0.9999999
1.0
1.0
1.0
0.9999999
1.0
1.0
1.0
1.0
0.99998224
1.0
1.0
1.0
1.0
1.0
0.9998894
1.0
1.0
1.0
1.0
1.0
1.0
1.0
1.0
1.0
1.0
1.0
1.0
1.0
1.0
1.0
1.0
1.0
1.0
1.0
1.0
1.0
1.0
1.0
1.0
1.0
0.9999995
1.0
1.0
1.0
0.99999905
1.0
1.0
1.0
1.0
1.0
1.0
1.0
1.0
0.9999825
1.0
1.0
1.0
1.0
1.0
1.0
1.0
0.99999976
1.0
1.0
1.0
1.0
1.0
1.0
1.0
1.0
1.0
0.9999975
0.9999981
0.9999988
1.0
0.9999999
1.0
1.0
1.0
1.0
1.0
1.0
1.0
0.9999993
1.0
0.99999964
1.0
1.0
1.0
1.0
0.99999917
1.0
1.0
1.0
1.0
1.0
1.0
1.0
1.0
1.0
1.0
1.0
1.0
1.0
1.0
0.9999893
0.9999994
0.99999976
1.0
1.0
1.0
1.0
1.0
1.0
0.9999999
1.0
1.0
0.9999999
1.0
1.0
1.0
1.0
1.0
1.0
1.0
1.0
0.9999999
1.0
1.0
1.0
1.0
1.0
1.0
1.0
1.0
1.0
1.0
1.0
1.0
1.0
1.0
1.0
1.0
1.0
1.0
1.0
1.0
1.0
1.0
1.0
1.0
1.0
1.0
1.0
0.99999905
1.0
1.0
1.0
1.0
1.0
1.0
1.0
1.0
0.9999995
1.0
1.0
0.9996674
0.9999999
1.0
0.9999044
0.9998865
1.0
1.0
1.0
1.0
1.0
1.0
1.0
1.0
1.0
0.9999987
1.0
1.0
1.0
1.0
1.0
1.0
1.0
1.0
1.0
1.0
1.0
1.0
1.0
1.0
1.0
1.0
1.0
1.0
1.0
1.0
1.0
1.0
1.0
1.0
1.0
1.0
1.0
1.0
1.0
1.0
1.0
1.0
0.9999995
1.0
0.99999964
1.0
1.0
1.0
1.0
1.0
1.0
1.0
1.0
1.0
1.0
1.0
1.0
1.0
1.0
1.0
0.99839896
1.0
1.0
0.9999732
1.0
1.0
1.0
1.0
1.0
1.0
1.0
1.0
1.0
1.0
1.0
0.99999475
0.99999034
1.0
0.9999999
1.0
1.0
1.0
1.0
1.0
0.9999863
0.99999976
1.0
1.0
1.0
0.9999987
1.0
1.0
1.0
1.0
1.0
1.0
1.0
1.0
1.0
1.0
0.9999999
1.0
0.99992895
1.0
0.9998342
0.9994911
1.0
1.0
0.999464
1.0
0.99975616
1.0
0.5696607
0.9998888
0.9999777
1.0
0.9998124
1.0
1.0
0.99966955
0.9999995
0.9999982
0.9999969
0.9999753
1.0
1.0
1.0
1.0
1.0
1.0
1.0
1.0
1.0
0.9999999
1.0
1.0
1.0
1.0
1.0
1.0
1.0
1.0
1.0
1.0
1.0
1.0
1.0
1.0
1.0
0.99998903
0.99999976
1.0
1.0
1.0
0.9999999
1.0
1.0
0.9999999
1.0
1.0
1.0
0.9999988
0.9998833
0.99999917
1.0
0.99990726
0.9999999
1.0
0.9999976
1.0
1.0
1.0
0.9999999
1.0
0.99999964
0.9999999
1.0
0.99999964
0.9996487
0.99999416
0.99999917
0.999943
1.0
0.9999974
0.99999833
1.0
1.0
1.0
0.9991008
1.0
0.99999726
0.99941754
1.0
1.0
1.0
1.0
1.0
1.0
1.0
1.0
1.0
1.0
1.0
1.0
1.0
1.0
1.0
1.0
1.0
1.0
1.0
1.0
1.0
1.0
1.0
0.9999999
1.0
1.0
1.0
1.0
1.0
1.0
1.0
1.0
1.0
1.0
1.0
0.99999905
1.0
1.0
1.0
1.0
1.0
1.0
0.9999988
1.0
1.0
1.0
1.0
1.0
1.0
0.9999999
1.0
1.0
1.0
1.0
1.0
1.0
0.99999976
0.99999976
1.0
1.0
1.0
0.9999974
0.99939394
1.0
1.0
1.0
1.0
1.0
1.0
1.0
1.0
1.0
1.0
1.0
0.99999976
1.0
1.0
1.0
1.0
0.9999999
1.0
1.0
1.0
1.0
1.0
1.0
1.0
0.9999814
1.0
1.0
1.0
1.0
1.0
1.0
1.0
1.0
1.0
1.0
1.0
1.0
1.0
1.0
1.0
1.0
1.0
1.0
1.0
1.0
1.0
1.0
1.0
1.0
1.0
1.0
1.0
1.0
1.0
1.0
1.0
1.0
1.0
1.0
1.0
1.0
1.0
1.0
1.0
1.0
1.0
1.0
0.8806791
1.0
0.9992939
1.0
0.99999976
0.9999999
0.99999535
1.0
1.0
1.0
0.9923429
1.0
0.9999651
1.0
1.0
1.0
0.9999999
1.0
1.0
0.9999963
0.99997795
1.0
0.99999917
1.0
1.0
0.9999999
1.0
1.0
1.0
1.0
1.0
1.0
0.99920434
0.99997807
0.9999653
0.7697706
0.999912
1.0
0.99999964
1.0
1.0
1.0
1.0
0.9999198
1.0
0.9999896
0.9999975
0.9999944
0.99999976
1.0
1.0
0.9999943
1.0
0.99999833
1.0
1.0
0.99991345
1.0
1.0
1.0
1.0
1.0
1.0
1.0
1.0
1.0
1.0
0.9999995
1.0
0.9999778
1.0
1.0
1.0
1.0
1.0
1.0
1.0
1.0
1.0
1.0
1.0
1.0
1.0
1.0
0.9999993
1.0
1.0
1.0
1.0
1.0
1.0
1.0
1.0
1.0
1.0
1.0
1.0
0.99999905
1.0
1.0
1.0
0.9999999
1.0
1.0
1.0
1.0
0.9999999
1.0
1.0
1.0
1.0
1.0
1.0
1.0
1.0
1.0
1.0
1.0
1.0
1.0
1.0
1.0
0.99952435
0.9996557
1.0
0.9999937
1.0
1.0
1.0
1.0
1.0
1.0
1.0
1.0
1.0
1.0
1.0
0.99999154
1.0
0.99999976
1.0
1.0
1.0
1.0
1.0
1.0
1.0
1.0
1.0
1.0
1.0
0.9999999
1.0
1.0
0.9999999
1.0
1.0
1.0
0.9999999
1.0
1.0
1.0
1.0
1.0
1.0
1.0
1.0
1.0
0.9999988
0.99999976
1.0
0.99999976
1.0
1.0
1.0
1.0
1.0
1.0
1.0
1.0
1.0
1.0
1.0
1.0
0.9999677
1.0
0.9999939
0.90202
1.0
1.0
1.0
0.9999999
1.0
1.0
0.99999964
0.9999958
1.0
1.0
1.0
1.0
0.99999905
1.0
1.0
0.99999976
1.0
1.0
1.0
1.0
1.0
1.0
1.0
1.0
1.0
0.99999535
0.99838054
0.99999475
0.9999987
1.0
0.99913377
0.99999106
0.99999607
1.0
1.0
1.0
1.0
1.0
1.0
1.0
0.9999995
0.9999969
1.0
1.0
1.0
1.0
1.0
1.0
1.0
1.0
1.0
1.0
0.99999976
1.0
1.0
1.0
1.0
1.0
1.0
1.0
1.0
0.99999845
1.0
1.0
0.9999294
1.0
1.0
1.0
0.9999957
0.99996173
1.0
1.0
1.0
0.9999963
1.0
0.9999987
0.99999976
1.0
0.99042517
0.9939824
1.0
1.0
1.0
1.0
1.0
0.9999163
1.0
0.99999964
1.0
1.0
1.0
1.0
1.0
1.0
1.0
1.0
1.0
1.0
1.0
1.0
1.0
1.0
1.0
1.0
1.0
1.0
1.0
0.9999999
1.0
1.0
1.0
0.99999976
1.0
1.0
1.0
0.9999999
1.0
1.0
1.0
1.0
1.0
1.0
1.0
1.0
1.0
0.9999999
1.0
1.0
0.99999964
0.99990964
1.0
1.0
1.0
1.0
1.0
0.999895
0.9999999
1.0
1.0
1.0
1.0
1.0
0.9999999
1.0
1.0
1.0
1.0
1.0
1.0
1.0
0.9999982
1.0
1.0
1.0
1.0
1.0
1.0
1.0
1.0
0.9997527
1.0
0.945712
1.0
1.0
1.0
1.0
1.0
1.0
1.0
1.0
1.0
1.0
1.0
1.0
1.0
1.0
1.0
1.0
0.99999964
0.9999912
1.0
1.0
1.0
1.0
0.9999993
1.0
1.0
1.0
1.0
1.0
1.0
1.0
1.0
1.0
1.0
1.0
1.0
1.0
1.0
1.0
1.0
1.0
1.0
1.0
1.0
1.0
1.0
1.0
1.0
1.0
1.0
1.0
0.999979
1.0
1.0
1.0
1.0
1.0
1.0
1.0
1.0
1.0
0.99999607
1.0
1.0
0.9999999
1.0
1.0
1.0
0.9999999
1.0
1.0
1.0
1.0
1.0
1.0
1.0
1.0
1.0
0.9999999
1.0
1.0
1.0
0.99999976
0.99999905
1.0
1.0
1.0
0.9999994
1.0
0.9999999
1.0
1.0
1.0
1.0
0.99989426
0.9999995
0.99999976
1.0
1.0
1.0
0.9999492
0.999956
0.99999964
0.99999964
1.0
0.9999999
1.0
0.9999999
1.0
1.0
1.0
0.99997556
0.95818466
1.0
0.99999976
0.9998616
1.0
0.99999905
1.0
0.5383895
1.0
1.0
0.9999994
1.0
1.0
1.0
1.0
1.0
1.0
1.0
1.0
0.9999207
0.9999999
0.99999976
1.0
1.0
1.0
0.9999999
1.0
1.0
1.0
1.0
1.0
1.0
1.0
1.0
1.0
1.0
1.0
1.0
1.0
1.0
1.0
1.0
1.0
1.0
1.0
1.0
1.0
1.0
1.0
1.0
1.0
1.0
1.0
1.0
1.0
1.0
1.0
1.0
1.0
1.0
1.0
1.0
1.0
1.0
0.99999666
1.0
1.0
1.0
1.0
1.0
1.0
1.0
1.0
0.99999964
1.0
1.0
1.0
1.0
1.0
1.0
1.0
1.0
1.0
1.0
1.0
1.0
1.0
0.9999082
1.0
1.0
1.0
1.0
1.0
1.0
1.0
1.0
1.0
1.0
1.0
1.0
1.0
1.0
1.0
1.0
1.0
1.0
1.0
1.0
1.0
1.0
1.0
1.0
1.0
1.0
1.0
1.0
1.0
0.99999976
1.0
1.0
1.0
1.0
1.0
1.0
1.0
1.0
1.0
1.0
1.0
1.0
1.0
1.0
1.0
1.0
1.0
1.0
1.0
1.0
1.0
1.0
1.0
1.0
1.0
1.0
1.0
1.0
1.0
1.0
1.0
1.0
1.0
1.0
1.0
1.0
1.0
1.0
1.0
1.0
1.0
1.0
1.0
1.0
1.0
1.0
1.0
1.0
1.0
1.0
1.0
1.0
1.0
1.0
1.0
1.0
1.0
1.0
1.0
1.0
1.0
1.0
1.0
1.0
1.0
1.0
1.0
1.0
1.0
1.0
1.0
1.0
1.0
1.0
1.0
1.0
1.0
1.0
1.0
1.0
1.0
1.0
1.0
1.0
1.0
1.0
1.0
1.0
1.0
1.0
1.0
1.0
1.0
1.0
1.0
1.0
1.0
1.0
1.0
1.0
0.99999464
1.0
1.0
1.0
1.0
1.0
1.0
1.0
1.0
1.0
1.0
1.0
1.0
1.0
1.0
1.0
1.0
1.0
1.0
1.0
1.0
1.0
1.0
1.0
1.0
1.0
1.0
1.0
1.0
1.0
1.0
1.0
1.0
1.0
1.0
1.0
1.0
1.0
1.0
1.0
1.0
1.0
1.0
0.9999999
1.0
1.0
1.0
1.0
1.0
1.0
0.99999964
1.0
1.0
1.0
1.0
1.0
1.0
1.0
1.0
1.0
1.0
1.0
1.0
1.0
1.0
1.0
1.0
1.0
1.0
1.0
1.0
1.0
1.0
1.0
1.0
1.0
1.0
1.0
1.0
1.0
1.0
1.0
1.0
1.0
1.0
1.0
1.0
1.0
1.0
1.0
1.0
1.0
1.0
1.0
1.0
1.0
1.0
1.0
1.0
1.0
1.0
1.0
1.0
1.0
1.0
1.0
1.0
1.0
1.0
0.9999778
1.0
1.0
1.0
1.0
1.0
1.0
1.0
1.0
1.0
1.0
1.0
1.0
1.0
1.0
1.0
1.0
1.0
1.0
1.0
1.0
1.0
1.0
1.0
1.0
1.0
1.0
1.0
1.0
1.0
1.0
1.0
1.0
1.0
1.0
0.99999917
1.0
1.0
1.0
1.0
1.0
1.0
0.9999924
1.0
1.0
1.0
1.0
1.0
1.0
1.0
1.0
1.0
1.0
1.0
1.0
1.0
1.0
1.0
1.0
0.99999857
1.0
1.0
1.0
1.0
1.0
1.0
0.9999988
1.0
1.0
1.0
1.0
1.0
1.0
1.0
1.0
1.0
1.0
1.0
1.0
1.0
1.0
1.0
1.0
1.0
1.0
1.0
1.0
1.0
1.0
1.0
1.0
1.0
1.0
1.0
1.0
1.0
1.0
1.0
1.0
1.0
1.0
1.0
1.0
1.0
1.0
0.99999976
1.0
1.0
1.0
1.0
1.0
1.0
1.0
1.0
1.0
1.0
0.99999976
1.0
1.0
1.0
1.0
1.0
1.0
1.0
1.0
1.0
1.0
1.0
1.0
1.0
1.0
1.0
1.0
1.0
1.0
1.0
1.0
1.0
1.0
1.0
1.0
1.0
1.0
1.0
1.0
1.0
1.0
1.0
1.0
1.0
1.0
0.9999696
1.0
1.0
1.0
1.0
1.0
1.0
1.0
1.0
1.0
1.0
0.9988637
0.99999964
1.0
0.999998
1.0
0.99999666
0.9991904
0.99999905
1.0
1.0
0.96209663
1.0
1.0
1.0
1.0
0.9953827
1.0
0.99999976
1.0
1.0
1.0
1.0
1.0
1.0
1.0
1.0
1.0
0.9999981
1.0
0.9999999
1.0
1.0
1.0
1.0
1.0
0.9999862
0.9999999
0.99999976
1.0
1.0
1.0
1.0
0.9999963
1.0
1.0
1.0
1.0
1.0
0.99998116
1.0
1.0
1.0
1.0
1.0
1.0
1.0
1.0
1.0
1.0
1.0
0.9974552
1.0
0.98320687
1.0
1.0
1.0
1.0
1.0
1.0
1.0
0.9999993
1.0
1.0
1.0
1.0
1.0
1.0
1.0
1.0
1.0
0.99999857
1.0
1.0
1.0
0.99999976
0.9999989
1.0
1.0
1.0
1.0
1.0
1.0
1.0
1.0
1.0
1.0
1.0
1.0
1.0
1.0
1.0
0.9999275
1.0
0.9999974
1.0
1.0
1.0
1.0
1.0
1.0
1.0
1.0
1.0
1.0
0.9999999
1.0
1.0
1.0
1.0
1.0
1.0
1.0
1.0
1.0
1.0
1.0
1.0
1.0
1.0
1.0
1.0
1.0
1.0
1.0
1.0
1.0
1.0
1.0
1.0
1.0
1.0
1.0
1.0
1.0
0.9999999
1.0
1.0
1.0
1.0
0.9999933
1.0
1.0
1.0
1.0
0.99999964
1.0
1.0
1.0
1.0
1.0
1.0
0.99999344
1.0
1.0
1.0
1.0
1.0
1.0
1.0
1.0
1.0
1.0
1.0
1.0
1.0
1.0
1.0
1.0
1.0
0.99999976
1.0
1.0
1.0
1.0
1.0
1.0
1.0
1.0
1.0
1.0
1.0
1.0
1.0
1.0
1.0
1.0
1.0
1.0
1.0
1.0
1.0
1.0
1.0
1.0
1.0
0.99999917
1.0
0.9999999
1.0
1.0
1.0
1.0
1.0
1.0
1.0
1.0
0.9999993
1.0
1.0
1.0
1.0
1.0
1.0
1.0
1.0
1.0
1.0
1.0
1.0
1.0
1.0
1.0
1.0
1.0
1.0
1.0
0.9999927
1.0
1.0
1.0
1.0
1.0
1.0
0.99983716
1.0
1.0
0.9999995
1.0
1.0
1.0
1.0
1.0
1.0
1.0
1.0
1.0
1.0
1.0
1.0
1.0
1.0
1.0
1.0
1.0
1.0
1.0
1.0
1.0
1.0
1.0
1.0
0.99999857
1.0
1.0
1.0
1.0
1.0
1.0
1.0
1.0
1.0
1.0
1.0
1.0
1.0
1.0
1.0
0.99999917
1.0
1.0
1.0
1.0
1.0
1.0
1.0
1.0
1.0
1.0
1.0
1.0
1.0
1.0
1.0
1.0
1.0
1.0
1.0
1.0
1.0
1.0
1.0
1.0
1.0
1.0
1.0
1.0
1.0
1.0
1.0
1.0
1.0
1.0
0.99999297
1.0
1.0
1.0
1.0
1.0
1.0
1.0
1.0
1.0
1.0
0.99984837
1.0
1.0
1.0
1.0
1.0
1.0
1.0
1.0
1.0
1.0
1.0
1.0
1.0
1.0
1.0
1.0
1.0
0.9999999
1.0
1.0
1.0
1.0
1.0
1.0
1.0
1.0
1.0
1.0
1.0
1.0
1.0
1.0
0.99999976
1.0
0.99999964
1.0
1.0
1.0
1.0
0.98656476
1.0
1.0
0.9999999
1.0
1.0
0.99999976
1.0
1.0
1.0
0.9999999
1.0
1.0
1.0
1.0
1.0
1.0
1.0
1.0
1.0
1.0
1.0
1.0
1.0
1.0
1.0
1.0
1.0
1.0
1.0
1.0
1.0
1.0
1.0
1.0
1.0
1.0
1.0
1.0
0.9999963
0.99921143
0.99999917
1.0
0.9999919
0.99999845
1.0
1.0
1.0
1.0
1.0
1.0
1.0
1.0
1.0
1.0
1.0
1.0
1.0
1.0
1.0
1.0
1.0
1.0
1.0
0.99993634
1.0
1.0
1.0
1.0
1.0
1.0
1.0
1.0
1.0
0.99999976
1.0
1.0
1.0
1.0
1.0
1.0
1.0
1.0
1.0
1.0
1.0
1.0
1.0
1.0
1.0
1.0
1.0
1.0
1.0
1.0
1.0
0.9999994
1.0
1.0
1.0
1.0
1.0
1.0
1.0
1.0
1.0
1.0
1.0
0.9999994
0.9999876
0.99999857
1.0
1.0
0.9999994
1.0
0.9999968
1.0
1.0
0.9988973
0.9999999
1.0
1.0
1.0
0.99999106
1.0
1.0
0.9999999
1.0
1.0
1.0
1.0
1.0
1.0
1.0
1.0
0.99999046
1.0
1.0
1.0
1.0
0.99999976
1.0
1.0
1.0
1.0
0.99996436
1.0
1.0
0.85890305
1.0
1.0
1.0
1.0
1.0
0.9999993
1.0
0.99999857
0.99993384
0.9998776
1.0
1.0
1.0
0.9999951
1.0
1.0
1.0
1.0
1.0
1.0
1.0
1.0
1.0
0.9999999
1.0
1.0
1.0
1.0
1.0
1.0
1.0
0.99999857
1.0
1.0
1.0
1.0
1.0
1.0
1.0
1.0
0.9999695
1.0
1.0
1.0
1.0
1.0
1.0
1.0
1.0
0.99999964
1.0
1.0
1.0
1.0
1.0
1.0
0.99671644
0.9999999
1.0
1.0
1.0
1.0
1.0
0.9999999
1.0
0.9999862
1.0
1.0
0.99999607
1.0
1.0
1.0
1.0
1.0
1.0
1.0
0.9999827
1.0
1.0
1.0
1.0
0.9999937
1.0
0.9999999
1.0
1.0
0.9999995
1.0
1.0
0.78355426
1.0
0.9999999
0.9999999
1.0
0.99999607
0.99999976
0.9977168
1.0
1.0
1.0
1.0
1.0
1.0
0.93817455
1.0
0.99218917
0.99999964
0.5121568
1.0
1.0
1.0
0.9839208
0.9999994
1.0
0.99999976
1.0
1.0
1.0
1.0
1.0
0.9999999
0.99999976
0.99999964
1.0
0.9999994
1.0
1.0
1.0
1.0
1.0
0.99999917
1.0
1.0
0.9998517
0.9999988
1.0
1.0
1.0
0.9999819
1.0
1.0
0.9999999
1.0
1.0
1.0
1.0
0.99999964
0.99999905
0.96904254
1.0
1.0
1.0
1.0
1.0
1.0
0.99999964
0.9999976
1.0
1.0
1.0
0.99999917
0.98715997
0.99995995
0.9999933
1.0
1.0
1.0
0.99911755
1.0
0.99995553
0.99999785
1.0
0.9999999
1.0
1.0
1.0
1.0
1.0
1.0
1.0
1.0
1.0
0.9999949
0.99998367
1.0
0.99983776
1.0
1.0
0.9999999
0.9999999
1.0
1.0
0.9999999
1.0
1.0
1.0
1.0
1.0
1.0
0.9999999
1.0
1.0
0.9995529
1.0
1.0
0.99999964
1.0
1.0
1.0
0.999985
0.9999875
0.9999999
1.0
1.0
1.0
1.0
0.99999976
1.0
0.9941706
0.99995923
0.9999933
0.99999964
1.0
0.9984158
1.0
1.0
1.0
0.99999976
1.0
1.0
1.0
0.9429177
1.0
1.0
1.0
1.0
0.9999995
0.998694
1.0
0.9708057
1.0
1.0
1.0
1.0
1.0
1.0
0.99985063
0.9999999
0.999966
1.0
1.0
0.9999993
1.0
1.0
1.0
1.0
1.0
1.0
1.0
1.0
1.0
0.99619746
0.9999999
1.0
1.0
1.0
0.9999999
1.0
1.0
0.9999901
1.0
1.0
1.0
1.0
1.0
1.0
1.0
0.9999907
1.0
1.0
0.9958014
1.0
1.0
1.0
1.0
1.0
1.0
1.0
1.0
1.0
1.0
1.0
1.0
1.0
1.0
1.0
1.0
0.99998486
0.9999994
1.0
0.99998605
0.99999976
1.0
1.0
1.0
1.0
1.0
1.0
0.9998604
0.99940753
0.9999939
1.0
1.0
1.0
1.0
1.0
0.9984666
1.0
1.0
0.9904606
1.0
1.0
1.0
1.0
0.99999535
0.99999857
1.0
0.99999905
1.0
1.0
1.0
1.0
1.0
1.0
1.0
1.0
0.9999969
1.0
1.0
1.0
1.0
1.0
1.0
0.9997124
1.0
1.0
1.0
1.0
0.9775827
1.0
1.0
1.0
0.9999093
1.0
1.0
1.0
1.0
0.99832445
1.0
0.9999559
0.9989196
1.0
0.99998784
1.0
1.0
1.0
1.0
1.0
1.0
1.0
1.0
1.0
1.0
0.9997969
0.79087406
0.99998915
1.0
1.0
1.0
1.0
1.0
1.0
0.99999976
1.0
1.0
1.0
1.0
0.9999999
1.0
1.0
1.0
0.99999857
1.0
1.0
0.99999964
1.0
1.0
1.0
1.0
1.0
1.0
1.0
1.0
1.0
1.0
1.0
1.0
1.0
1.0
1.0
0.9999882
1.0
1.0
0.9999993
1.0
1.0
1.0
1.0
1.0
1.0
1.0
1.0
1.0
1.0
1.0
1.0
1.0
1.0
1.0
1.0
1.0
1.0
1.0
1.0
1.0
1.0
1.0
1.0
1.0
0.9999999
1.0
1.0
1.0
1.0
0.99999154
0.99999964
1.0
1.0
1.0
0.9999995
0.9999994
0.5184894
1.0
1.0
0.9999982
1.0
1.0
1.0
1.0
1.0
1.0
1.0
0.9999943
1.0
1.0
1.0
1.0
1.0
1.0
