1.0
1.0
0.9999999
0.9999999
1.0
0.99999976
0.99995863
1.0
0.9672586
0.99999976
1.0
1.0
0.9999926
1.0
1.0
0.9999933
0.9999987
1.0
0.9077712
1.0
0.99999976
0.9999994
1.0
1.0
0.9999999
1.0
1.0
1.0
0.9999994
1.0
1.0
0.9999995
0.9999999
0.99997413
1.0
1.0
0.99999857
1.0
0.99998355
1.0
1.0
0.99999774
0.9999999
0.9999939
0.99997795
0.99999905
0.99999976
1.0
0.9999999
1.0
0.9999999
1.0
1.0
1.0
1.0
1.0
1.0
1.0
0.9999999
0.99999285
0.99999976
1.0
0.9999664
0.99997497
1.0
0.9999995
0.9999999
0.99999964
1.0
1.0
1.0
1.0
1.0
0.9999957
1.0
1.0
1.0
1.0
0.99998057
0.99999976
0.9999999
1.0
1.0
1.0
1.0
1.0
1.0
0.9999988
1.0
0.9999999
1.0
1.0
0.9845088
0.9999902
1.0
0.9999912
0.9999478
0.9999969
1.0
1.0
1.0
1.0
1.0
1.0
0.9999957
1.0
1.0
0.99999917
0.99999976
1.0
1.0
0.9999839
1.0
1.0
1.0
0.99610054
0.99999976
1.0
0.9999796
0.999079
1.0
0.9998809
1.0
1.0
0.9999528
0.99970406
0.999998
1.0
1.0
1.0
1.0
1.0
0.99999964
0.9999999
1.0
1.0
0.9999993
1.0
1.0
0.99985635
1.0
1.0
0.9999975
1.0
1.0
1.0
1.0
1.0
1.0
0.99957424
0.99999976
0.9868732
1.0
0.9999999
1.0
1.0
1.0
1.0
0.99991417
1.0
0.99994063
1.0
1.0
1.0
1.0
1.0
1.0
0.99981683
1.0
1.0
1.0
0.99997735
0.99999976
0.9999999
1.0
0.9994831
1.0
1.0
1.0
1.0
1.0
1.0
0.99999964
1.0
0.99993956
0.999998
0.99999976
0.9999999
1.0
0.9999976
0.9999989
0.99999774
1.0
0.99818844
1.0
0.99911994
1.0
1.0
0.99999917
0.9992331
1.0
1.0
1.0
0.99999964
0.9999999
1.0
0.99999046
0.99988186
1.0
0.9948881
1.0
0.98257864
1.0
1.0
0.99999475
1.0
1.0
0.99995387
1.0
1.0
1.0
0.9999956
1.0
1.0
0.9999999
1.0
0.9999999
1.0
0.99999964
0.999995
1.0
1.0
1.0
1.0
0.99999833
1.0
1.0
1.0
1.0
1.0
0.99999833
0.9998455
0.9999684
0.99999845
0.9999906
0.99991596
1.0
0.9794732
1.0
0.9999995
0.99999976
0.9999989
1.0
1.0
1.0
0.9999788
0.9999988
0.99999976
1.0
0.78541636
1.0
1.0
1.0
0.9999989
0.9996605
1.0
0.99971074
1.0
1.0
0.9999999
0.9999962
1.0
0.9999999
0.9999987
1.0
0.9999999
1.0
1.0
1.0
1.0
0.99999857
1.0
0.9985434
1.0
0.99999964
1.0
0.9999987
0.99999094
1.0
0.9999789
0.9987784
0.99999607
0.9999734
1.0
1.0
1.0
1.0
0.99999535
0.99999976
1.0
1.0
1.0
1.0
1.0
1.0
0.9999999
1.0
1.0
0.9999999
1.0
1.0
1.0
1.0
0.99998367
1.0
1.0
0.9999999
0.9999937
0.9999993
0.9999994
0.99139917
0.88872147
0.9999999
1.0
0.9991773
0.99999833
0.9909492
1.0
0.9999999
1.0
1.0
1.0
1.0
0.99999905
1.0
1.0
0.9995278
0.99989116
1.0
0.99999547
0.48890305
0.9999999
1.0
1.0
0.99999964
1.0
1.0
0.9999926
1.0
1.0
0.99999976
1.0
0.9999987
1.0
1.0
1.0
1.0
0.9999995
0.9995931
0.9900023
1.0
1.0
0.99998856
0.99999917
1.0
1.0
0.99998415
0.9999999
0.99995184
1.0
1.0
1.0
0.9999999
1.0
1.0
1.0
1.0
0.99999976
1.0
1.0
0.99999964
0.9958262
1.0
1.0
1.0
1.0
0.99999774
1.0
0.9999999
0.9999951
1.0
0.99999833
1.0
0.9999999
0.99999964
0.99999964
1.0
0.9999554
1.0
0.99999976
0.9999995
1.0
1.0
1.0
0.9999945
1.0
0.9999988
1.0
1.0
0.99999917
1.0
0.9999596
0.9991229
1.0
0.9999993
0.9999902
1.0
0.99769515
1.0
1.0
0.999997
0.99999976
0.99999464
1.0
1.0
1.0
1.0
1.0
1.0
1.0
1.0
1.0
0.99999857
1.0
1.0
0.9998728
1.0
1.0
0.9999994
0.9999999
1.0
0.9999999
0.9999999
0.99999976
0.99897254
0.79608786
0.9999976
0.85852385
0.99894136
0.81634456
0.99836487
1.0
0.99997854
1.0
0.99999964
1.0
0.9999604
0.9999924
1.0
1.0
0.9994936
1.0
0.9999957
1.0
0.99997103
0.99999976
1.0
0.9999995
0.9999896
0.9999975
1.0
1.0
1.0
1.0
1.0
1.0
1.0
1.0
0.999979
0.99822253
1.0
1.0
1.0
1.0
1.0
1.0
1.0
0.99999976
0.99998736
1.0
0.9999875
0.99999523
0.99995255
1.0
1.0
0.6692212
1.0
0.9997719
0.9999999
0.9999999
1.0
1.0
0.9999993
1.0
0.99999595
1.0
1.0
0.9999994
0.9999974
1.0
0.99999976
0.99999285
1.0
1.0
1.0
0.99999726
1.0
1.0
0.99999976
1.0
0.9999999
0.99999964
0.99999964
0.9999963
1.0
1.0
0.99999976
1.0
0.99995244
1.0
0.99997294
0.99999976
1.0
1.0
0.9999995
1.0
0.99999213
1.0
1.0
1.0
0.9999733
1.0
0.94414634
0.97449976
1.0
0.9999994
1.0
0.99997497
0.99999976
0.9999999
0.9999999
0.97318745
0.9999869
1.0
1.0
1.0
1.0
0.99998915
0.9999999
0.999995
1.0
0.99993694
1.0
1.0
1.0
1.0
1.0
1.0
0.99999964
0.9999968
1.0
0.99960476
1.0
1.0
1.0
0.9999999
1.0
1.0
0.9999999
1.0
0.9999993
0.99999976
0.77104753
0.923816
0.9999999
1.0
1.0
0.9999999
0.99999857
1.0
1.0
0.9962845
1.0
0.9999424
1.0
0.9999999
1.0
0.9999255
0.9999999
0.9999999
1.0
1.0
1.0
1.0
1.0
0.999998
1.0
1.0
1.0
1.0
0.9999851
0.9999993
1.0
0.9999708
1.0
0.9999993
0.9999993
1.0
0.9995301
0.998351
0.9999999
1.0
1.0
1.0
0.99992156
0.9514338
1.0
0.99999976
0.9999995
0.99999976
1.0
1.0
1.0
1.0
1.0
0.99999607
1.0
0.9999945
1.0
0.9999995
0.9999999
1.0
0.9997055
1.0
1.0
0.99978334
0.9947744
1.0
1.0
0.99999964
0.99999976
1.0
1.0
1.0
0.9999995
0.99999976
1.0
1.0
0.9999448
0.8825323
1.0
1.0
1.0
1.0
1.0
1.0
0.9999999
0.9999933
1.0
1.0
1.0
0.99999213
1.0
0.9999976
0.8703876
1.0
0.9999995
0.99999964
0.9999963
0.9999974
1.0
0.99999964
1.0
0.9999994
0.95194167
0.9999933
1.0
1.0
1.0
0.999079
0.9999999
0.9998386
1.0
0.9999999
1.0
0.9999999
1.0
1.0
0.9999585
0.9999963
1.0
1.0
1.0
1.0
1.0
1.0
1.0
0.9999975
1.0
1.0
1.0
1.0
0.9999989
1.0
1.0
0.999997
0.8770523
0.7231135
1.0
0.9999999
0.97019356
0.9999999
1.0
0.9998832
1.0
1.0
0.99084026
1.0
0.9999993
0.9999999
0.99999976
1.0
1.0
0.9999999
1.0
1.0
0.99999976
0.9999995
0.99884063
0.9999808
0.99929047
0.99999607
1.0
0.9999999
1.0
1.0
0.9999964
1.0
0.99999976
0.9999999
1.0
1.0
1.0
1.0
1.0
1.0
0.9999999
1.0
1.0
1.0
0.9995504
0.9999665
0.99999666
1.0
1.0
1.0
1.0
0.99999964
1.0
0.99999964
1.0
1.0
1.0
1.0
0.9999999
1.0
1.0
1.0
1.0
1.0
0.99983156
0.9997166
1.0
1.0
1.0
0.9999902
0.9997719
1.0
1.0
0.999992
0.99999964
0.9938473
1.0
1.0
1.0
0.9999994
1.0
0.9999826
1.0
1.0
0.99999726
1.0
1.0
1.0
0.9999924
1.0
1.0
1.0
1.0
1.0
0.9999995
1.0
1.0
0.9998913
1.0
1.0
0.99985003
0.9999999
1.0
1.0
1.0
1.0
1.0
0.99999833
1.0
1.0
0.9999999
0.99999976
0.9999994
0.99999714
1.0
0.99999976
1.0
0.99995375
0.9999995
0.9999999
1.0
0.99999964
1.0
0.99994636
1.0
1.0
0.9999981
1.0
0.99689305
1.0
0.99938893
1.0
1.0
1.0
1.0
1.0
1.0
1.0
1.0
1.0
0.9999988
0.99999917
1.0
0.99999845
1.0
1.0
0.9999999
1.0
1.0
1.0
0.9999856
1.0
1.0
1.0
0.9999846
1.0
0.99999905
1.0
0.9999989
0.99999964
1.0
0.999987
0.9999999
1.0
1.0
0.99998474
0.48944286
0.8915009
1.0
0.99999976
1.0
1.0
0.99999976
1.0
0.99999964
1.0
1.0
1.0
1.0
0.99964464
0.9999958
1.0
0.99999154
1.0
0.99987006
0.9999999
0.999549
0.99998045
1.0
1.0
0.9999994
0.9999988
1.0
0.99998116
1.0
1.0
1.0
1.0
1.0
1.0
0.99997973
1.0
0.99999917
1.0
1.0
1.0
0.9999982
1.0
0.9844127
1.0
0.9999815
1.0
0.9999999
1.0
0.99999964
1.0
1.0
1.0
0.9999999
0.99999917
0.9992393
1.0
0.8922397
0.99963844
0.9999956
1.0
1.0
0.9999999
0.99998915
1.0
0.9999976
0.97609293
1.0
0.9999994
0.999992
0.99991477
0.99999964
1.0
1.0
0.99998975
0.999408
0.9999999
0.99980825
1.0
0.9999988
1.0
0.99999833
0.9999982
0.99999833
0.99934286
0.99999917
1.0
1.0
0.99981135
0.9999994
1.0
1.0
1.0
1.0
1.0
0.9999999
0.99999964
0.99999857
1.0
1.0
1.0
0.9996555
1.0
1.0
0.99999976
1.0
1.0
1.0
1.0
1.0
1.0
0.99999475
1.0
0.99999964
0.9999722
1.0
1.0
0.9999999
0.99998736
1.0
1.0
0.9999839
1.0
0.9999999
1.0
0.99994504
1.0
1.0
1.0
0.9999995
1.0
0.99999404
0.99999976
0.99981016
0.99999964
1.0
0.99999785
1.0
0.99999905
1.0
0.9999951
0.99995625
1.0
0.9999999
1.0
0.9999485
1.0
0.9999999
1.0
0.9999999
0.9999994
0.9999372
0.5013016
1.0
1.0
0.99999976
1.0
1.0
0.7623794
1.0
1.0
0.9999981
1.0
0.9999589
0.99066585
0.9999999
1.0
1.0
1.0
0.9999974
0.9999908
1.0
1.0
1.0
0.99999964
0.9999933
0.99999964
0.99999917
0.9999993
1.0
0.99999845
0.99967957
1.0
1.0
0.9999999
1.0
1.0
0.99982977
0.9999999
1.0
0.99999976
0.9999938
0.9999999
1.0
1.0
1.0
0.9999999
1.0
1.0
1.0
0.99983287
0.99998844
1.0
1.0
1.0
0.99999976
0.9999999
1.0
0.99999774
0.99999905
1.0
1.0
1.0
1.0
0.9999995
1.0
1.0
0.9999994
1.0
1.0
0.9999714
1.0
0.9999994
1.0
1.0
1.0
0.9998579
0.9999999
1.0
1.0
1.0
0.7052725
1.0
0.9669622
0.9999999
1.0
1.0
0.99999905
0.9999995
1.0
0.9999987
0.9999939
1.0
0.99999845
0.9999999
1.0
1.0
0.99949336
1.0
0.99999285
1.0
1.0
0.9999969
1.0
1.0
1.0
1.0
0.99999166
1.0
1.0
0.9999999
1.0
0.99999666
1.0
0.99999976
0.9999995
0.99995434
1.0
1.0
0.99999976
0.9999999
0.9999994
0.99999213
1.0
1.0
0.9999999
1.0
1.0
1.0
1.0
0.99999976
1.0
1.0
0.9996636
0.9999995
0.99959356
1.0
1.0
0.999995
1.0
1.0
1.0
0.99998844
1.0
1.0
1.0
0.9999999
0.9999801
1.0
1.0
0.99433917
0.8103113
1.0
1.0
1.0
1.0
0.9999999
1.0
1.0
1.0
0.9993869
0.9979309
1.0
1.0
1.0
1.0
1.0
0.9999988
1.0
0.99999976
1.0
0.99621814
1.0
0.9999168
1.0
0.99913543
1.0
0.99999964
0.999998
1.0
0.9999993
0.99999154
1.0
0.99999964
1.0
0.9999399
0.9999938
1.0
1.0
1.0
0.9999981
1.0
1.0
0.99936897
1.0
0.91199327
1.0
0.99999857
1.0
1.0
1.0
0.99863666
0.9999974
0.9999999
0.9999987
1.0
0.99999964
1.0
0.9999964
0.9999999
0.99999964
0.9547065
0.9999949
0.99999404
1.0
0.9999995
0.8435558
0.999962
1.0
1.0
0.99999523
0.9999603
1.0
1.0
0.9999999
0.9992403
1.0
0.99999905
0.99999964
0.7570207
1.0
0.9999994
0.9995192
0.99999905
1.0
0.99999964
1.0
1.0
1.0
1.0
1.0
0.99997294
0.9999583
0.99983466
1.0
1.0
1.0
1.0
0.9998573
1.0
0.9999933
0.9999422
0.99999785
1.0
1.0
1.0
0.9999999
1.0
0.99866414
0.99781716
1.0
0.9999995
1.0
1.0
0.9999999
0.99992514
1.0
0.9999994
0.79680973
1.0
0.9999976
0.9999999
1.0
1.0
1.0
1.0
1.0
0.99999976
1.0
0.9999919
1.0
1.0
1.0
1.0
0.99999607
1.0
1.0
0.99999976
0.88617
1.0
1.0
1.0
1.0
1.0
0.99998474
0.957813
1.0
0.9972459
1.0
0.9999989
0.99998224
1.0
1.0
0.9999666
0.9999893
0.9999999
0.99696237
1.0
0.99978954
0.9999995
1.0
1.0
0.9999969
0.999995
0.9999993
1.0
0.99999964
0.9999943
0.9999989
1.0
1.0
0.9999999
1.0
0.9999989
0.9999974
0.99998116
1.0
1.0
1.0
1.0
1.0
1.0
1.0
0.7648035
0.9999914
0.99999964
1.0
1.0
1.0
0.9999999
1.0
0.9999999
1.0
1.0
1.0
1.0
0.99993265
0.9980538
1.0
1.0
1.0
1.0
0.9999999
0.99999976
0.9998641
0.99999976
1.0
1.0
1.0
1.0
0.9999938
0.99999976
0.68436944
0.9265623
0.99999845
1.0
0.9999858
0.9999999
1.0
1.0
0.9999999
0.99993265
0.99974567
0.9999994
1.0
0.9999989
1.0
0.99999833
0.99999774
1.0
0.9999813
1.0
0.9999994
0.5603703
0.9852387
1.0
0.99999917
0.9999999
0.99999976
1.0
1.0
0.9999999
0.9999819
1.0
0.99941456
1.0
0.9999981
0.9999995
0.9994019
1.0
0.99999976
1.0
0.9999851
1.0
0.99995077
0.9999206
1.0
0.9978282
0.9999784
0.9998235
0.9999672
1.0
1.0
0.9999881
1.0
0.9999999
0.99998903
0.99999976
1.0
1.0
1.0
1.0
0.9999939
0.9999999
0.9999938
0.99999976
1.0
0.99999964
0.9953436
0.9999999
1.0
1.0
0.99999976
0.9999988
0.9999962
0.99998474
0.9999976
0.99999964
0.9999939
1.0
1.0
0.9999999
1.0
1.0
0.99999964
0.9999999
1.0
1.0
1.0
1.0
1.0
0.9999776
1.0
1.0
1.0
1.0
1.0
0.9999999
1.0
1.0
1.0
0.9999361
1.0
0.9999119
0.99999964
0.99999905
1.0
1.0
1.0
0.996965
0.99999964
0.99999714
1.0
0.9999999
0.9999969
1.0
0.9999988
0.99983346
0.9999528
0.9999919
0.99999917
1.0
1.0
0.9999901
1.0
0.9999578
1.0
0.99999523
1.0
0.9990125
1.0
0.9666784
0.99998116
1.0
1.0
1.0
0.99267006
1.0
1.0
0.9957749
0.9999856
0.9999999
1.0
0.9999999
1.0
1.0
1.0
1.0
1.0
1.0
1.0
1.0
0.99997663
1.0
1.0
1.0
0.99999666
1.0
0.7860679
1.0
0.9981925
1.0
0.94637144
0.9794246
1.0
1.0
1.0
0.99999964
0.9750534
1.0
1.0
0.99997807
1.0
1.0
1.0
0.99999905
1.0
1.0
0.9966338
0.999895
1.0
1.0
1.0
1.0
1.0
0.99999607
1.0
1.0
0.9999492
1.0
0.9998399
1.0
0.9999994
0.99999964
1.0
1.0
0.9999732
1.0
1.0
1.0
1.0
0.9999999
1.0
0.999998
0.9999893
1.0
0.9999964
1.0
1.0
0.9998963
0.9999999
1.0
1.0
0.9999989
1.0
1.0
0.99954575
1.0
0.99999654
1.0
0.958069
1.0
0.99999976
0.9999988
1.0
1.0
0.9999989
0.9999995
1.0
0.99999785
0.65278935
1.0
1.0
0.9999994
1.0
0.99999034
0.9999999
1.0
1.0
1.0
0.99999905
1.0
1.0
0.99994946
1.0
1.0
0.9995958
1.0
1.0
0.9999989
0.9810013
1.0
1.0
0.9999999
1.0
1.0
1.0
0.9999913
0.9999981
0.9999999
1.0
1.0
1.0
0.99662626
1.0
1.0
1.0
1.0
0.99999976
0.9999987
1.0
1.0
1.0
1.0
1.0
1.0
0.9999989
1.0
1.0
0.9999926
0.99998367
1.0
0.9999939
1.0
1.0
0.9999678
0.9999999
0.98567003
1.0
1.0
0.6722638
0.9999832
1.0
1.0
1.0
0.96604806
0.9999995
0.9999999
0.9999013
1.0
0.99999905
1.0
1.0
0.9999999
0.9999994
0.9999757
0.99999964
1.0
1.0
1.0
0.9999906
0.9999995
0.9999999
1.0
1.0
0.9999999
0.9999968
1.0
0.39711133
0.9999994
0.99999917
0.9999999
1.0
0.9999999
1.0
0.9994855
0.99467695
0.99958354
1.0
1.0
0.9999883
0.97734433
1.0
1.0
0.999964
1.0
0.9999999
0.9999999
0.99999976
0.999992
1.0
1.0
1.0
1.0
1.0
0.9999999
0.9002535
1.0
1.0
0.99999976
0.9999999
1.0
0.9999987
1.0
1.0
0.9999987
0.9999988
0.99524033
1.0
1.0
0.99999154
1.0
1.0
0.9817438
0.9999988
1.0
1.0
1.0
0.99999297
1.0
0.9999958
1.0
1.0
1.0
1.0
1.0
1.0
1.0
0.9999994
1.0
0.9999963
0.9988613
0.99973613
0.9999999
0.9999999
0.9999995
1.0
1.0
1.0
1.0
0.9999995
0.9999907
0.99999976
1.0
0.9999989
1.0
1.0
0.9999999
0.9999995
0.9540114
1.0
0.9999995
0.99999976
0.9999999
1.0
0.9999999
0.9999999
0.9999989
1.0
0.9901129
0.9999995
1.0
0.9999999
1.0
1.0
0.9999999
1.0
0.9983948
0.996252
0.9999999
0.9999908
1.0
0.9999995
1.0
1.0
0.9999999
1.0
0.9999999
0.99999774
1.0
1.0
0.99998236
0.99999964
1.0
0.9999989
0.99999976
1.0
0.99004805
0.9999999
1.0
0.99999964
1.0
0.9998803
1.0
1.0
0.99999917
0.99999976
0.99990714
0.99995995
1.0
0.9999999
0.9999999
0.9997272
0.99999917
1.0
0.99999964
0.99670595
1.0
0.9999913
0.9999989
0.9999721
0.99999976
0.99999964
1.0
1.0
0.99999917
0.99999547
1.0
1.0
1.0
1.0
1.0
1.0
1.0
0.99978334
0.99999726
1.0
0.99826616
0.9999943
1.0
0.9989416
1.0
1.0
0.999998
1.0
1.0
1.0
0.89701325
0.99999917
0.99997056
1.0
0.9999999
0.9985476
0.9999999
0.9999999
1.0
1.0
0.9999918
0.9999999
1.0
1.0
1.0
1.0
0.99999726
0.9999999
0.9999987
1.0
0.9998826
0.9999646
0.9998047
0.99733835
1.0
0.64522904
0.99999964
1.0
0.99999917
1.0
1.0
0.9998605
0.9999876
0.997843
1.0
0.99999774
1.0
0.9999999
1.0
1.0
0.9999994
1.0
1.0
1.0
1.0
1.0
0.9999974
1.0
0.9999994
0.99999845
1.0
0.9999887
0.9999999
0.9999999
0.9999999
1.0
1.0
0.9999994
1.0
0.9999989
0.99990666
1.0
0.99999833
0.9999887
1.0
0.9999995
0.999997
1.0
1.0
0.9999274
0.99999976
0.9999763
1.0
1.0
0.99999094
1.0
0.9999893
0.9997645
0.9997453
1.0
1.0
0.9999999
1.0
1.0
1.0
0.99896586
0.9999999
0.9999999
1.0
1.0
0.999992
0.99999964
0.99999726
1.0
1.0
1.0
1.0
1.0
0.9999987
1.0
0.99999976
1.0
1.0
0.9999982
0.99748117
1.0
0.99999976
1.0
1.0
0.99989223
0.99993575
0.999997
0.99999905
1.0
1.0
0.99999094
0.9999999
1.0
0.99999964
1.0
0.9999682
0.99984574
0.9999982
0.9999994
1.0
1.0
0.99999857
1.0
0.9999999
1.0
1.0
0.999995
0.9999999
1.0
1.0
1.0
0.99999905
1.0
0.99896646
1.0
0.9774826
0.9999994
1.0
0.9999999
1.0
0.9999858
0.9997248
0.99997795
1.0
0.99999976
0.9999957
0.99998474
0.9999994
1.0
1.0
0.9999993
1.0
0.9933722
0.9999994
0.9999343
1.0
0.9999999
0.987767
1.0
1.0
0.9250586
0.99996626
0.9999999
1.0
0.999998
0.99996996
0.9999964
1.0
1.0
0.999998
0.97495687
1.0
0.99999976
1.0
1.0
0.99961853
0.9999995
0.99999976
1.0
1.0
0.99957865
0.9999995
0.9999999
1.0
0.9999999
0.9999963
1.0
0.9848113
0.9999982
1.0
0.9999999
0.99996054
1.0
1.0
1.0
1.0
1.0
1.0
1.0
1.0
1.0
0.99994946
1.0
1.0
1.0
1.0
0.99999523
0.9999697
0.99999917
1.0
0.9753625
0.9999999
0.9999994
1.0
1.0
0.8348612
0.99999523
0.9999999
0.9999949
1.0
1.0
1.0
0.9999993
1.0
0.9993374
0.9999999
0.944653
0.9999999
1.0
1.0
0.9998951
0.99999976
1.0
0.99998784
1.0
0.85081804
1.0
1.0
1.0
0.99999976
0.9999999
1.0
0.99994636
1.0
1.0
0.9999999
0.5891028
0.99985576
0.99953854
1.0
0.99999964
1.0
0.76536125
0.9999999
0.9999999
0.9999541
1.0
1.0
1.0
1.0
0.9999994
1.0
1.0
1.0
0.9999988
0.99988365
1.0
0.9999994
1.0
1.0
0.99999976
1.0
0.9999999
1.0
0.9999958
0.9999982
1.0
0.99999976
0.99998415
0.9996773
1.0
1.0
1.0
0.9999975
1.0
0.9999844
0.99999845
1.0
1.0
1.0
1.0
0.9998944
0.9999994
1.0
1.0
1.0
0.99999905
0.9999999
1.0
0.9761915
1.0
1.0
0.99782145
0.9830692
1.0
0.9999989
0.9943263
1.0
0.9999999
1.0
0.99999833
1.0
0.9995565
0.9999999
0.99999976
0.99997234
1.0
0.999979
1.0
1.0
1.0
1.0
1.0
1.0
1.0
1.0
0.99999976
1.0
1.0
0.99999523
1.0
1.0
0.99994767
0.9999981
1.0
0.99999964
1.0
1.0
0.99999917
0.9999815
1.0
0.99789786
0.99974877
1.0
1.0
0.99999976
1.0
1.0
1.0
0.9999831
1.0
0.9999999
0.99999917
1.0
0.9990939
1.0
0.9999999
1.0
1.0
0.99959975
1.0
0.99999964
0.9999993
1.0
0.99999964
0.9999999
1.0
0.99999964
1.0
1.0
0.9999999
1.0
1.0
1.0
1.0
0.99999416
0.999998
1.0
1.0
1.0
1.0
1.0
1.0
0.99128354
1.0
0.999992
0.9999995
1.0
1.0
0.9999881
0.99999964
1.0
0.9999999
0.9999987
0.99999964
1.0
0.99997306
0.63065594
1.0
1.0
1.0
1.0
1.0
0.9999999
1.0
0.9999943
1.0
1.0
0.99999976
0.99999845
0.7834166
1.0
1.0
0.9999944
1.0
0.999954
0.9999933
0.999995
1.0
0.99999464
1.0
1.0
1.0
1.0
0.9999999
0.9993642
1.0
1.0
1.0
1.0
1.0
0.9998098
1.0
1.0
1.0
0.9999515
1.0
0.9999821
1.0
0.9999999
1.0
1.0
0.99999964
0.9998958
0.9999862
1.0
0.9796897
1.0
1.0
0.99999857
0.99999976
1.0
1.0
1.0
1.0
0.99999917
0.9999981
1.0
0.9999993
0.99999964
0.9314647
1.0
0.9999994
1.0
1.0
1.0
1.0
1.0
0.9999881
1.0
1.0
1.0
0.9999999
1.0
1.0
0.9999987
1.0
1.0
0.9999999
1.0
1.0
1.0
1.0
0.9999999
1.0
1.0
0.8677906
0.99999356
0.99946374
1.0
1.0
0.99999917
1.0
1.0
0.9999974
0.9999591
1.0
0.98808473
1.0
0.99999356
1.0
1.0
1.0
0.9999981
0.99193746
0.9999993
1.0
1.0
1.0
0.9999976
0.99999416
0.99999833
0.99999726
1.0
0.99999976
0.99999833
1.0
0.99998975
1.0
1.0
1.0
0.9999976
0.9999938
0.8153521
1.0
0.99997556
0.99999917
1.0
1.0
0.99999976
1.0
0.72427636
1.0
0.99999964
0.9999201
1.0
1.0
1.0
0.9999999
0.99997365
1.0
1.0
0.9999999
0.99988794
1.0
1.0
0.9999988
1.0
1.0
1.0
0.99571973
0.99999964
1.0
1.0
0.9980019
0.99999976
1.0
1.0
0.99987054
1.0
0.9999999
0.99999976
1.0
1.0
0.99675614
0.99988806
0.99999547
0.9999931
1.0
1.0
1.0
0.9106909
0.99984026
0.9999999
0.99987614
1.0
0.99996614
0.9999896
1.0
0.99965715
0.99999964
0.9999995
1.0
1.0
1.0
1.0
1.0
1.0
1.0
0.99999475
1.0
0.9999999
1.0
0.99998033
0.9999976
0.9999976
1.0
0.99998534
0.9999776
0.9999981
1.0
0.99999166
1.0
1.0
1.0
0.52327704
0.99999964
0.9999988
1.0
1.0
1.0
0.9999999
1.0
0.99999607
1.0
0.9999999
1.0
0.99999976
1.0
1.0
1.0
0.9999994
1.0
1.0
0.99999857
0.9999987
1.0
0.9999994
1.0
0.9999614
0.9999999
0.9994295
0.99999976
0.9999815
1.0
0.9999999
1.0
1.0
0.99999154
0.9999999
0.99998164
0.9999995
0.99999046
0.99987006
1.0
0.99999046
1.0
0.9999999
1.0
0.9997316
0.99982846
0.98024553
0.9999999
1.0
1.0
1.0
1.0
0.99998736
1.0
1.0
0.9999956
0.9999999
0.9999995
1.0
1.0
0.9997719
1.0
1.0
0.99999964
1.0
1.0
1.0
0.9999999
0.99995553
1.0
1.0
0.999987
0.9998292
1.0
0.9999999
0.99999976
1.0
1.0
1.0
0.999998
1.0
0.9999609
0.99999714
0.9999851
1.0
0.99813557
0.99999976
1.0
1.0
0.99998844
0.99736136
1.0
0.9999999
0.9999994
0.98168874
1.0
1.0
1.0
0.99999976
1.0
1.0
0.99999845
1.0
1.0
1.0
1.0
0.9999995
1.0
0.9999317
0.9998555
0.99999845
1.0
1.0
1.0
0.99999404
0.9999982
0.9999994
1.0
1.0
0.989679
1.0
0.99999976
0.9995247
0.9999993
0.9999999
1.0
1.0
1.0
1.0
0.9999858
0.9999875
1.0
0.9999988
1.0
1.0
0.9999989
0.9999696
0.9999981
1.0
1.0
1.0
0.99999976
0.9986719
0.96982354
1.0
1.0
1.0
0.9956053
1.0
0.99999976
0.99999917
1.0
1.0
0.99997115
0.99999857
1.0
1.0
0.99998415
1.0
1.0
0.99996483
1.0
1.0
0.99999785
0.99999774
0.9999999
0.9999176
0.9999999
1.0
1.0
0.9999968
0.999635
1.0
1.0
1.0
1.0
1.0
1.0
1.0
1.0
0.9986848
1.0
0.99980015
0.9999958
0.9999988
0.99999976
1.0
1.0
0.9999999
1.0
0.99996924
1.0
0.9999999
1.0
1.0
0.9999987
0.9999994
0.9999995
0.99972075
1.0
1.0
0.9997979
1.0
1.0
1.0
1.0
0.9999999
0.999577
1.0
0.99999976
0.99999964
1.0
0.9999999
1.0
1.0
0.999997
0.99999976
0.99999654
1.0
1.0
0.9999994
1.0
0.9999999
1.0
1.0
0.9998846
1.0
1.0
1.0
1.0
0.9999975
0.9999999
0.78325063
0.9999993
1.0
1.0
1.0
1.0
1.0
1.0
1.0
1.0
0.9994598
0.99999917
0.999998
1.0
0.9999999
0.99999917
0.99999905
1.0
1.0
1.0
0.99999964
1.0
0.8812389
0.9952493
1.0
1.0
1.0
1.0
1.0
0.99999857
0.9999825
1.0
1.0
0.99999785
0.9999887
0.9999994
0.9999399
1.0
0.99925333
1.0
0.998919
0.99999654
1.0
1.0
0.9999999
1.0
1.0
1.0
1.0
0.99999523
0.9839061
0.94728386
1.0
0.99999976
1.0
0.9999976
1.0
0.99999976
0.9847653
1.0
0.9995989
0.9999764
0.9999963
1.0
0.9999999
1.0
1.0
1.0
1.0
0.99999976
1.0
0.9999999
0.9999999
0.9999707
1.0
1.0
0.9999999
1.0
1.0
0.9999999
1.0
0.99999845
1.0
0.9999596
1.0
0.9999957
1.0
1.0
0.99999976
1.0
0.99906796
0.99999845
0.9999944
1.0
0.999736
1.0
0.9999999
1.0
0.9999428
1.0
0.99999964
0.9999999
1.0
0.99574727
1.0
0.999998
1.0
0.99999523
1.0
0.9999435
0.99999976
0.9999999
0.99999917
1.0
1.0
1.0
0.9999646
1.0
1.0
0.99999917
1.0
1.0
1.0
0.9999739
1.0
0.99999976
1.0
0.9999994
0.9999999
1.0
0.99981946
0.99971336
1.0
0.9999995
0.99999917
1.0
1.0
1.0
0.9999918
1.0
0.9997812
1.0
1.0
0.9870861
0.99999607
1.0
1.0
1.0
1.0
1.0
1.0
1.0
0.99999964
1.0
1.0
0.9999999
0.9999974
0.99999964
1.0
1.0
1.0
1.0
1.0
0.99999905
1.0
0.9999999
1.0
1.0
0.99999964
1.0
1.0
0.99999106
1.0
1.0
0.99950314
1.0
0.999902
1.0
1.0
1.0
1.0
1.0
0.99999976
1.0
1.0
1.0
0.99999917
0.9999968
1.0
0.9999994
0.9999894
1.0
1.0
0.99998915
0.9999995
0.9994405
0.9999846
0.9999999
1.0
0.9999988
0.9999994
0.9855834
1.0
0.99999917
0.9999945
0.99994195
0.99999964
0.5609402
1.0
0.9999988
0.99581194
0.999995
0.99999964
0.99999964
1.0
1.0
0.9999999
0.99999964
0.99350715
0.9601655
0.9999558
0.9999999
1.0
1.0
0.9999969
0.99856013
0.99999857
1.0
0.9999999
1.0
1.0
1.0
0.9984206
0.99067783
1.0
1.0
0.99998724
0.9999237
1.0
0.9999815
0.99999964
0.99998915
1.0
1.0
0.9999999
1.0
0.999974
1.0
0.99999714
1.0
0.9674133
1.0
0.99994457
1.0
1.0
0.99999964
0.99999356
0.99999166
0.9999999
0.998541
1.0
1.0
1.0
1.0
1.0
1.0
0.999979
1.0
1.0
1.0
0.99983966
0.99999714
1.0
0.99999964
1.0
0.9723794
1.0
1.0
1.0
1.0
0.9999943
0.9999999
1.0
0.9999999
0.999979
0.9678146
1.0
0.99999595
1.0
1.0
1.0
1.0
0.99556786
1.0
1.0
1.0
1.0
1.0
1.0
0.99999714
1.0
0.99991417
1.0
0.99828255
1.0
1.0
0.99999344
0.9999999
1.0
0.9999951
0.7080404
1.0
1.0
0.9999993
1.0
1.0
1.0
1.0
1.0
0.9999999
0.99999595
1.0
1.0
1.0
1.0
1.0
1.0
0.99999976
1.0
1.0
1.0
1.0
1.0
0.9999999
1.0
1.0
0.99999726
1.0
1.0
0.99972457
0.8152807
1.0
0.99761534
1.0
1.0
1.0
1.0
1.0
1.0
0.9999703
0.99999905
1.0
1.0
0.9490474
1.0
1.0
1.0
1.0
0.9999974
1.0
1.0
1.0
1.0
1.0
1.0
1.0
0.99999976
1.0
0.9999999
1.0
1.0
0.9999993
0.99999976
1.0
1.0
1.0
1.0
0.99999964
0.9999995
0.9999999
0.99936014
0.9999999
0.9992698
0.9999976
1.0
1.0
0.9999926
1.0
0.9943066
0.99519867
0.9999994
0.99999964
0.9999995
1.0
0.9996449
0.9999852
1.0
0.9994184
0.9999999
1.0
1.0
1.0
0.99998367
1.0
1.0
1.0
1.0
0.9999987
1.0
0.9991586
0.99999094
0.9999999
0.9998554
0.9998572
0.99962497
1.0
0.99999857
1.0
0.9999975
1.0
1.0
1.0
0.9999976
1.0
1.0
0.9999956
0.9999999
1.0
0.9999994
0.9999999
1.0
0.9999976
0.9999999
1.0
1.0
1.0
1.0
0.99939525
1.0
1.0
0.99999666
1.0
1.0
1.0
0.9999999
0.99999845
0.999984
1.0
1.0
1.0
0.9999999
0.9999995
0.999899
0.99995816
1.0
1.0
0.9999074
1.0
1.0
1.0
0.99999976
0.9999999
1.0
1.0
0.9999963
0.99999094
0.9999999
1.0
1.0
0.9993254
0.9999995
1.0
1.0
0.9999995
1.0
1.0
0.9999448
1.0
1.0
1.0
1.0
1.0
0.99999976
1.0
1.0
0.9999863
0.9999927
1.0
1.0
1.0
0.9999999
0.99999917
1.0
0.99963975
0.99999976
1.0
1.0
1.0
0.99901295
0.9999995
1.0
1.0
0.9999926
1.0
1.0
0.63393825
1.0
1.0
0.9999999
0.9999949
1.0
1.0
1.0
0.9999999
1.0
0.99998724
0.9996661
0.9999999
0.9999924
0.9999908
0.99993265
1.0
0.9999999
1.0
0.9999999
1.0
1.0
1.0
1.0
1.0
0.9930159
0.99993515
0.9999982
1.0
0.9999974
0.99999976
0.9999994
1.0
1.0
1.0
0.999998
0.9999932
0.9999975
0.99999094
1.0
1.0
0.99999475
0.9999918
1.0
0.99994445
1.0
1.0
0.99999976
0.99999917
1.0
1.0
1.0
0.9999995
1.0
1.0
0.9999069
1.0
1.0
1.0
1.0
1.0
1.0
0.99999964
0.99754626
0.96895534
1.0
1.0
0.9999999
1.0
1.0
0.9999999
1.0
1.0
1.0
1.0
0.99999654
1.0
1.0
0.99999833
0.9999999
0.9999999
1.0
1.0
1.0
1.0
1.0
1.0
0.99999285
1.0
0.9999995
1.0
0.999933
0.9999987
0.99999416
0.9999995
0.9999999
0.9999943
1.0
0.9999993
1.0
1.0
0.99994886
1.0
0.9999994
0.9999342
0.9879694
0.99999976
0.99999976
0.9999969
0.9999999
1.0
0.9998511
0.99420047
0.9999999
0.9999994
1.0
1.0
0.99995637
0.9998833
0.99995124
0.9999912
1.0
0.9999989
1.0
1.0
0.9999999
0.99999964
1.0
1.0
1.0
1.0
1.0
1.0
0.9999994
1.0
0.9999999
0.99999964
1.0
1.0
0.9999995
0.99999917
1.0
0.99999774
1.0
0.9993068
1.0
1.0
0.99999964
0.9999989
1.0
1.0
0.99999785
0.9999678
1.0
1.0
1.0
1.0
1.0
0.99999774
0.8424461
1.0
0.9999999
1.0
0.9999808
1.0
0.9999975
1.0
0.99999595
1.0
0.99998105
1.0
1.0
1.0
1.0
1.0
1.0
1.0
0.9999999
0.9999999
1.0
0.9999995
1.0
1.0
1.0
1.0
0.99999857
0.99999213
0.99999833
1.0
0.99999857
0.99999976
0.99999106
1.0
0.9999951
1.0
0.99999917
1.0
0.9442137
0.99999964
1.0
0.9999981
0.99999726
0.9999987
1.0
0.99999857
0.9999982
1.0
0.9999999
1.0
1.0
1.0
0.99999976
1.0
1.0
1.0
1.0
0.9999591
0.99999976
1.0
0.99999976
1.0
1.0
0.9999105
0.998689
1.0
0.99999964
0.99914694
0.9999994
0.99999845
1.0
1.0
1.0
0.99988306
1.0
0.99999964
0.9999932
1.0
1.0
1.0
0.9999993
1.0
1.0
1.0
0.9999987
0.99999976
1.0
1.0
1.0
0.99999964
0.9943884
0.991732
1.0
1.0
0.9999999
1.0
1.0
1.0
1.0
0.99999964
1.0
1.0
1.0
1.0
0.9999999
0.99999285
0.9999993
0.9999877
0.99999845
1.0
0.99999464
0.9999999
1.0
1.0
0.9999876
1.0
1.0
1.0
1.0
0.98558885
0.99999857
1.0
0.9999684
1.0
1.0
0.9999912
1.0
0.9911287
1.0
1.0
0.9999999
1.0
0.99999976
1.0
0.99999976
0.99999976
0.9998821
1.0
0.9999454
1.0
0.99999976
0.9999641
1.0
1.0
1.0
0.99998295
1.0
1.0
1.0
0.99993694
0.9448086
1.0
0.9999987
0.9999999
1.0
0.9999987
0.9999944
0.9999993
1.0
1.0
1.0
1.0
1.0
0.9999999
1.0
0.99999917
0.9999474
1.0
1.0
0.9999981
1.0
0.9999819
1.0
0.9999951
0.57668096
0.99931026
1.0
0.99999976
1.0
1.0
0.99999976
0.99999297
0.9999989
0.9999976
1.0
1.0
1.0
0.9999969
1.0
0.99999523
0.9964407
0.9999999
0.9999999
1.0
0.99999976
1.0
0.99991953
1.0
1.0
1.0
1.0
0.99999833
1.0
1.0
1.0
0.9999893
1.0
0.9998234
0.9999995
1.0
1.0
1.0
0.99999917
0.9998747
0.9999938
0.9630056
0.99996126
0.9999006
1.0
1.0
0.9999999
1.0
1.0
0.99999976
1.0
1.0
1.0
0.99999964
1.0
0.9999883
1.0
0.99999833
1.0
1.0
0.99944896
1.0
0.9999999
1.0
1.0
1.0
0.9999999
1.0
0.99630535
1.0
1.0
0.99999845
1.0
1.0
0.9999968
1.0
0.9999927
0.9999888
0.99999607
1.0
1.0
0.99999976
0.9999999
1.0
1.0
1.0
1.0
1.0
0.999985
1.0
1.0
1.0
1.0
1.0
1.0
0.9999987
0.99995935
0.9999995
1.0
1.0
0.9990521
1.0
1.0
1.0
0.99981743
1.0
0.99999857
1.0
1.0
1.0
1.0
0.9999988
1.0
1.0
0.9999999
1.0
1.0
1.0
1.0
1.0
1.0
1.0
0.99999964
0.86763316
1.0
1.0
1.0
1.0
1.0
0.9999999
0.99987304
1.0
0.9999976
1.0
1.0
0.9999999
0.9998342
0.99999976
0.9999987
1.0
1.0
1.0
1.0
1.0
0.99532324
0.9999995
1.0
1.0
0.99999297
1.0
1.0
1.0
0.99998546
0.99999917
1.0
1.0
1.0
1.0
0.99999404
1.0
0.9966743
0.9999999
0.9999994
0.9999733
1.0
0.99999845
0.9999981
0.9999999
0.99501014
0.98970956
0.99999976
0.999582
0.99784815
1.0
1.0
0.9999999
1.0
1.0
0.9999945
1.0
1.0
0.99997354
0.9999993
1.0
0.9968869
1.0
1.0
1.0
0.99999976
1.0
0.9999989
0.9999864
1.0
0.59900653
1.0
1.0
0.99998546
0.99997497
0.99955076
0.999979
1.0
1.0
1.0
1.0
0.99721944
0.99999833
0.9999999
0.9999993
0.9978834
0.8212247
1.0
1.0
1.0
0.9999999
0.999992
1.0
1.0
1.0
0.9999492
1.0
0.5009791
1.0
0.9836321
1.0
0.9999875
0.9999994
1.0
0.9999708
1.0
0.99999976
1.0
1.0
0.9999987
0.9999875
1.0
0.9999999
0.9905419
1.0
0.99936634
1.0
0.99999964
0.99999785
1.0
0.9999974
1.0
1.0
0.99999964
1.0
0.9952844
1.0
0.9589741
0.9999995
0.99996126
0.99940455
1.0
1.0
1.0
1.0
1.0
0.99999845
0.99954754
1.0
0.99999976
0.99822193
1.0
1.0
1.0
1.0
1.0
1.0
1.0
1.0
1.0
0.99980587
0.99999976
0.999997
1.0
1.0
0.9999652
1.0
0.99950135
0.9999989
0.99999785
1.0
1.0
1.0
1.0
1.0
0.9999999
1.0
0.9999999
1.0
0.76435786
1.0
0.9999963
0.983659
0.9999999
0.9999751
0.9999888
0.99999976
0.99999917
0.99984396
0.99999976
0.9999999
0.9996983
1.0
0.9999999
1.0
1.0
0.99999917
1.0
0.98965365
1.0
0.9999989
1.0
1.0
1.0
1.0
0.9999956
1.0
0.99999523
0.99999976
1.0
1.0
1.0
1.0
1.0
0.9999993
1.0
1.0
1.0
0.9999994
0.99999976
1.0
1.0
0.50454813
0.99999833
1.0
1.0
0.9999957
0.99999964
1.0
0.99999964
1.0
0.9997894
1.0
0.99999905
1.0
0.9374955
1.0
1.0
0.99995863
1.0
0.9999999
1.0
1.0
1.0
1.0
1.0
0.99999964
0.9999994
1.0
1.0
1.0
1.0
0.9999999
0.9999994
0.99999964
0.99984956
1.0
0.99999905
0.99999976
1.0
0.9999999
1.0
1.0
1.0
1.0
1.0
1.0
1.0
0.9997435
0.9999993
0.61747074
0.99999976
0.9965244
1.0
1.0
0.99995375
1.0
1.0
1.0
0.99999976
0.98034316
0.9999999
1.0
0.9999989
1.0
1.0
0.99999917
1.0
1.0
1.0
0.99999857
0.9999198
1.0
1.0
0.99999964
1.0
0.99999964
0.86196154
0.99999034
0.9999964
0.9997936
1.0
1.0
1.0
0.9999999
0.9798752
0.99999976
0.9999999
1.0
1.0
0.9999999
1.0
0.99999714
0.9999926
0.9925768
0.99976164
1.0
0.9999988
0.99999976
1.0
1.0
1.0
1.0
0.99999976
0.9990212
0.99999976
0.9999465
0.9999999
1.0
0.99999666
0.9999908
0.99999976
1.0
1.0
0.9999999
1.0
0.9580545
1.0
1.0
1.0
1.0
0.9999994
0.9999999
1.0
0.99991226
1.0
0.9928076
0.99993587
1.0
1.0
1.0
0.9999993
1.0
1.0
0.9999999
1.0
0.7928642
1.0
0.9999999
0.9999224
0.9999994
1.0
1.0
1.0
1.0
1.0
0.99999833
0.99999475
1.0
0.99999976
1.0
1.0
1.0
0.9999981
1.0
1.0
0.9999145
1.0
1.0
1.0
1.0
0.9985165
0.9979431
1.0
0.99999964
0.99999857
1.0
1.0
0.99999356
1.0
0.99999917
1.0
0.99980325
1.0
0.97771305
0.99999976
0.99999976
1.0
1.0
1.0
0.9999007
1.0
1.0
0.99999976
0.99573505
1.0
0.9999999
0.9417952
1.0
1.0
0.9999999
1.0
1.0
0.99999976
1.0
0.9999808
0.9999999
0.99997497
1.0
1.0
0.9999999
0.9999999
0.99954176
1.0
0.9999988
1.0
1.0
0.99999964
0.9999968
0.9994898
1.0
0.999984
1.0
1.0
0.9999999
1.0
1.0
1.0
1.0
0.9999994
0.9999932
1.0
0.99999976
0.9999993
1.0
0.9998895
0.9999833
1.0
0.9999999
0.99999726
1.0
1.0
0.99999976
0.9999994
0.9999659
0.9999491
0.99999964
1.0
1.0
1.0
0.9999994
1.0
1.0
0.9999993
1.0
0.9999999
0.99999833
1.0
0.9999764
0.9999902
0.9999999
0.9999875
0.9999999
1.0
0.9999976
0.9999771
0.99999857
0.99999976
0.99999905
1.0
1.0
0.99991584
1.0
0.9983972
1.0
0.9999455
0.9999999
0.99999857
0.9999988
1.0
1.0
1.0
0.99886525
1.0
0.9999999
1.0
0.9999999
1.0
1.0
0.9999999
0.9999974
1.0
1.0
0.99965465
1.0
0.91936016
0.9999887
0.9999943
1.0
0.999959
1.0
0.9999993
0.99999726
0.9999989
0.99997604
1.0
1.0
1.0
1.0
1.0
1.0
0.99999857
0.9999716
0.99999964
1.0
0.99996173
0.99999845
0.9999999
0.99999654
1.0
0.96960115
1.0
1.0
0.9999999
0.64078
1.0
0.9999372
0.9999995
1.0
1.0
0.999884
0.9997726
1.0
1.0
1.0
0.99999654
1.0
1.0
1.0
1.0
0.99999976
1.0
0.99999905
0.99733645
1.0
0.9999999
1.0
0.9999999
1.0
1.0
1.0
1.0
1.0
1.0
1.0
1.0
0.99999857
0.985615
0.99996865
1.0
1.0
1.0
0.99999976
0.9999671
1.0
1.0
0.9999974
0.6874073
1.0
1.0
1.0
1.0
1.0
0.9999999
0.9818895
0.9437304
1.0
1.0
0.99970007
0.99984443
0.9999925
1.0
0.99999833
1.0
0.99706227
0.999997
1.0
0.9999999
0.9998419
1.0
0.85735315
1.0
0.99999964
0.99999964
1.0
1.0
0.99999845
1.0
0.9999999
0.99999785
0.9999994
1.0
1.0
0.99663514
0.99999964
1.0
0.9999945
1.0
0.7295255
1.0
0.9999999
1.0
0.999998
0.9999926
0.9999999
1.0
0.999146
0.9999999
0.9999974
0.99931705
0.99999833
0.9999943
1.0
1.0
1.0
0.99920493
1.0
0.99999356
0.99999607
1.0
0.9999989
1.0
0.9999068
0.9999815
0.9993187
1.0
0.99999845
0.9999999
0.99999964
1.0
0.9999999
1.0
0.9999995
1.0
0.99994195
1.0
0.99999976
1.0
0.9999976
0.9999639
0.9999999
1.0
0.9999931
1.0
0.99999976
1.0
1.0
0.9999995
0.9999857
1.0
0.9999993
1.0
1.0
0.9876297
1.0
1.0
1.0
1.0
0.9999913
0.99747986
1.0
1.0
1.0
0.99999917
0.9999918
0.9999993
0.99999976
0.9999999
0.99967873
0.95675373
1.0
1.0
0.9999995
1.0
1.0
1.0
0.9999987
0.99994445
0.71533185
1.0
1.0
1.0
1.0
0.9998604
1.0
1.0
0.999995
1.0
1.0
0.9999801
1.0
0.9966749
1.0
0.99973243
0.99998915
0.9999999
0.99999976
1.0
1.0
0.9999999
0.99999094
1.0
0.99999547
1.0
1.0
1.0
0.9999982
1.0
0.9999838
0.9913516
0.99999154
1.0
0.99782735
1.0
0.99803704
1.0
1.0
0.9999969
1.0
1.0
1.0
1.0
0.9999994
1.0
0.9999778
1.0
1.0
1.0
0.9999939
0.9999989
0.99999905
0.9999989
1.0
0.9999838
0.92921704
1.0
0.99998796
1.0
0.9999945
1.0
1.0
0.99999905
0.9998908
0.9999987
0.9991442
1.0
0.9999242
0.99998486
0.99999166
0.99999297
0.9999999
0.9999993
0.8607865
1.0
1.0
1.0
1.0
1.0
0.9999999
1.0
0.99970573
1.0
0.99999964
0.99968815
0.99997354
0.9999999
1.0
0.99999976
1.0
0.99999666
1.0
1.0
0.9999889
1.0
1.0
1.0
1.0
1.0
0.9999989
1.0
1.0
1.0
1.0
1.0
1.0
1.0
0.9229894
1.0
0.99999547
0.9999993
0.9999999
0.99999464
0.9999999
1.0
1.0
1.0
0.9997191
0.9999975
0.9999678
1.0
0.9999999
1.0
1.0
0.9998802
1.0
1.0
0.91639936
0.99803406
0.9999999
0.9964863
0.9999999
1.0
0.99999905
0.9718553
0.9966943
0.9999999
0.9573566
1.0
0.9999993
1.0
0.9999248
1.0
0.9999999
1.0
1.0
1.0
1.0
1.0
0.99998605
0.9999999
0.9998338
0.9999999
1.0
1.0
1.0
1.0
1.0
0.9999758
1.0
1.0
1.0
1.0
1.0
0.9999846
1.0
0.97711575
1.0
1.0
1.0
0.99999666
1.0
1.0
0.9999982
1.0
1.0
1.0
0.9974281
0.99986196
1.0
0.9999999
0.9976829
0.99999523
1.0
0.999998
0.99999917
0.99999976
1.0
0.9999894
1.0
0.9999969
0.99999785
1.0
0.9999702
1.0
0.99999976
0.9999924
0.9999932
1.0
0.99999034
0.9999918
0.70353115
1.0
0.99999976
1.0
0.9350654
1.0
1.0
0.9996952
0.9998161
0.99999976
1.0
1.0
1.0
0.99999917
0.99999964
0.9999999
1.0
1.0
0.9999987
1.0
1.0
0.99999905
0.9999995
0.9999896
1.0
0.9999999
0.9999995
1.0
1.0
1.0
0.94725853
1.0
1.0
0.99995923
1.0
0.99999964
1.0
1.0
1.0
0.9999995
1.0
1.0
1.0
0.99999785
0.79217166
1.0
0.9999988
1.0
0.99995065
0.9595846
1.0
1.0
1.0
1.0
0.99999833
1.0
1.0
1.0
1.0
0.99999917
1.0
1.0
0.9999988
1.0
0.9999387
1.0
1.0
1.0
0.80744267
0.99999785
1.0
1.0
0.99999964
0.9999999
0.9999999
1.0
0.99999034
1.0
1.0
1.0
1.0
1.0
0.99999964
1.0
0.99999976
0.99899024
0.9999882
0.9999995
0.99999845
0.9999914
1.0
0.9998041
0.9999919
1.0
0.99999976
1.0
1.0
0.9999999
1.0
1.0
0.9999982
1.0
0.9999989
0.9999676
1.0
1.0
1.0
1.0
0.99999857
1.0
0.9999993
0.9999988
1.0
1.0
1.0
1.0
0.99999964
1.0
0.9999999
0.9995757
1.0
0.9999995
0.9999999
1.0
0.9999988
0.99946886
1.0
0.9999999
0.8885919
1.0
0.9999999
0.9999907
0.99999964
0.9999999
1.0
0.9999981
1.0
1.0
1.0
0.9999993
1.0
0.99890435
0.99998105
1.0
0.9999999
0.9999999
0.99999976
1.0
0.9999999
0.99999917
1.0
1.0
0.99992883
0.9998635
0.99999714
1.0
0.9999982
1.0
0.9999999
1.0
0.9975376
1.0
0.9999995
1.0
0.9999976
0.9999957
0.9999999
0.99999356
0.9999498
0.9471058
0.9999999
1.0
0.99889106
0.9999999
0.9999999
0.9999999
1.0
1.0
1.0
1.0
0.99987435
0.99999976
1.0
1.0
0.99995744
1.0
1.0
1.0
0.99994624
0.9999988
0.9774695
1.0
0.97938925
0.9999995
1.0
1.0
1.0
1.0
1.0
1.0
0.9999999
1.0
1.0
1.0
1.0
0.9999999
1.0
1.0
1.0
1.0
1.0
1.0
0.9977895
1.0
0.9999999
1.0
1.0
0.9999968
1.0
1.0
0.99999964
1.0
1.0
0.9999999
0.9999999
1.0
1.0
0.99989116
1.0
1.0
0.9999995
0.99999964
1.0
0.99999845
1.0
1.0
0.8598052
0.9998902
1.0
1.0
1.0
0.99999285
0.9999999
0.9955374
0.9999342
0.9981077
1.0
1.0
0.9999999
1.0
1.0
1.0
0.99139047
1.0
1.0
0.9999988
1.0
0.999997
1.0
1.0
0.9999999
1.0
1.0
0.99999917
0.99999976
0.9999999
0.99623674
0.99951696
0.9999962
0.99999964
1.0
1.0
0.99999964
0.99999976
0.9999999
0.99999917
1.0
1.0
1.0
1.0
1.0
0.99999964
1.0
0.9999982
0.99999976
0.9999956
0.9999962
0.9999999
1.0
0.5712699
0.99995446
1.0
1.0
1.0
1.0
0.9999999
0.9999989
1.0
1.0
1.0
0.9999999
0.9999994
0.9999999
0.9747413
1.0
0.999519
0.9999981
1.0
0.9977549
0.9999876
0.99999964
0.99990857
1.0
0.9999765
1.0
0.9937046
0.9999999
0.99933225
1.0
0.9999502
1.0
1.0
1.0
0.99999964
1.0
1.0
0.9999993
0.99999964
1.0
0.9999987
0.9999999
0.9999893
1.0
1.0
1.0
1.0
0.99997246
1.0
0.99999774
0.9999957
0.99999535
1.0
1.0
1.0
0.9999881
1.0
1.0
0.9999838
1.0
1.0
0.99998116
1.0
0.9999999
0.9999918
0.9999999
1.0
1.0
1.0
0.99996436
1.0
1.0
1.0
1.0
0.99999785
1.0
0.9999995
1.0
1.0
0.99987876
1.0
0.9999993
0.9999151
0.99975353
0.99999607
1.0
1.0
0.9999999
1.0
1.0
0.9999573
0.9996861
0.99998367
1.0
0.9999995
1.0
0.8882171
1.0
1.0
0.99999917
0.9999994
1.0
1.0
0.9999995
0.9999994
1.0
0.9999671
0.9999833
0.9999999
0.99999976
0.9999993
0.9999987
0.9999964
1.0
1.0
1.0
0.99999976
1.0
0.9940388
0.99998426
1.0
0.99999666
0.9999999
1.0
0.99999964
0.9999964
1.0
1.0
1.0
0.9999875
0.99637765
1.0
1.0
0.9999993
0.99999976
0.9984107
1.0
0.99972194
1.0
1.0
0.9999999
0.99999964
1.0
1.0
1.0
0.9999999
0.99999535
1.0
0.9999994
0.9999982
1.0
1.0
1.0
1.0
0.9999999
0.99999964
1.0
1.0
1.0
1.0
1.0
1.0
0.9999999
1.0
0.9999999
1.0
1.0
1.0
1.0
0.99998426
1.0
1.0
1.0
0.9999999
1.0
0.99997914
1.0
1.0
1.0
1.0
0.9999993
1.0
1.0
1.0
1.0
1.0
0.99999976
1.0
0.99999964
1.0
1.0
0.99996674
1.0
1.0
1.0
1.0
1.0
1.0
1.0
1.0
1.0
1.0
1.0
1.0
1.0
1.0
1.0
0.9998429
0.99999857
1.0
1.0
1.0
1.0
1.0
0.9999987
1.0
1.0
1.0
1.0
1.0
1.0
1.0
1.0
0.999998
0.9999999
0.9999993
0.99999964
1.0
0.9999995
1.0
0.9999999
0.99999976
1.0
1.0
1.0
1.0
1.0
0.9999994
1.0
0.99999964
0.99999964
1.0
1.0
1.0
1.0
0.99999976
1.0
1.0
0.9999995
1.0
1.0
1.0
1.0
1.0
0.99999154
1.0
1.0
1.0
1.0
0.9999989
0.99999964
0.99999976
1.0
1.0
1.0
1.0
1.0
0.9917447
1.0
1.0
1.0
1.0
1.0
1.0
1.0
0.99999905
0.9999999
1.0
1.0
1.0
0.9999589
0.9999999
1.0
1.0
1.0
1.0
0.9999838
1.0
1.0
1.0
1.0
1.0
0.99999964
1.0
1.0
0.99999106
1.0
1.0
1.0
0.9994368
1.0
1.0
0.99999917
1.0
1.0
0.9853243
1.0
0.99999833
1.0
1.0
1.0
1.0
0.9999999
1.0
0.99999976
1.0
0.99997234
0.99999964
1.0
1.0
0.99999976
1.0
1.0
0.99999964
1.0
1.0
1.0
1.0
1.0
0.9999999
1.0
1.0
1.0
0.99999976
0.9997243
1.0
1.0
1.0
1.0
0.9973309
1.0
0.99987495
1.0
0.99999464
1.0
1.0
0.99999976
0.99998987
1.0
1.0
0.9999968
0.9999999
1.0
0.9999999
1.0
1.0
1.0
0.999995
0.9999999
1.0
0.9999999
0.9999956
1.0
1.0
1.0
1.0
1.0
1.0
0.9985933
1.0
1.0
1.0
1.0
0.99999964
1.0
1.0
1.0
1.0
1.0
1.0
0.9999988
0.9999999
0.99999976
0.9999969
0.999998
1.0
0.9863776
0.9999999
1.0
1.0
0.99999845
0.99999976
0.99999976
1.0
1.0
0.99999964
1.0
1.0
1.0
1.0
0.99999964
0.9999696
0.9999995
1.0
1.0
0.99990475
0.9999999
1.0
0.9998498
0.99999976
0.99999976
1.0
1.0
1.0
1.0
1.0
1.0
1.0
0.99945277
1.0
1.0
1.0
1.0
0.9999999
1.0
1.0
1.0
1.0
0.99977845
1.0
1.0
1.0
1.0
1.0
1.0
1.0
1.0
1.0
0.99997306
1.0
1.0
1.0
1.0
1.0
1.0
1.0
1.0
1.0
1.0
1.0
0.99999976
1.0
1.0
1.0
1.0
1.0
1.0
0.9999999
1.0
1.0
1.0
1.0
1.0
1.0
0.9999999
1.0
1.0
1.0
1.0
1.0
1.0
0.7753489
1.0
1.0
1.0
0.9999995
1.0
1.0
1.0
0.9999995
1.0
1.0
1.0
0.9999989
1.0
1.0
1.0
1.0
1.0
1.0
1.0
1.0
1.0
1.0
1.0
1.0
1.0
1.0
0.9999999
1.0
0.9999999
1.0
1.0
1.0
1.0
1.0
1.0
1.0
1.0
1.0
1.0
0.9999999
1.0
1.0
1.0
0.99999905
1.0
1.0
1.0
1.0
0.9999999
1.0
0.99999976
1.0
1.0
1.0
1.0
1.0
0.9999994
1.0
1.0
1.0
1.0
1.0
0.9999999
1.0
1.0
0.99998975
1.0
1.0
1.0
0.9999995
1.0
1.0
1.0
0.9999999
0.9999999
0.999974
1.0
1.0
0.9999999
1.0
1.0
1.0
1.0
1.0
0.99999297
0.9999995
1.0
1.0
1.0
1.0
1.0
1.0
0.9999893
1.0
1.0
0.99999976
1.0
1.0
1.0
1.0
1.0
1.0
1.0
1.0
1.0
1.0
1.0
1.0
1.0
1.0
1.0
1.0
1.0
1.0
1.0
0.99999964
1.0
0.99980444
0.99991417
1.0
1.0
1.0
1.0
1.0
0.9999999
0.99638855
1.0
0.9999987
0.9999999
1.0
1.0
1.0
1.0
1.0
1.0
1.0
1.0
1.0
0.99999917
1.0
1.0
1.0
1.0
1.0
1.0
1.0
1.0
1.0
1.0
1.0
1.0
1.0
1.0
1.0
1.0
1.0
1.0
1.0
1.0
0.9999999
1.0
1.0
1.0
1.0
1.0
1.0
1.0
0.99999964
1.0
1.0
0.9999913
1.0
0.99999964
1.0
1.0
0.99999976
1.0
1.0
0.9999999
1.0
1.0
1.0
1.0
1.0
1.0
1.0
1.0
0.9999995
1.0
0.9999999
0.9999795
0.9999995
1.0
0.99999976
1.0
0.99999464
0.9999999
1.0
1.0
1.0
1.0
1.0
1.0
1.0
0.9999654
0.9999999
1.0
0.9999999
1.0
0.9999995
1.0
1.0
0.9999999
1.0
0.9999995
0.99993074
1.0
1.0
1.0
1.0
1.0
1.0
1.0
1.0
0.9999999
1.0
1.0
0.9999995
1.0
0.999997
0.99999416
1.0
0.99959666
1.0
1.0
1.0
1.0
0.99999964
1.0
1.0
1.0
0.9999162
0.99999976
1.0
1.0
0.99999964
1.0
1.0
0.9999926
1.0
0.9999999
0.9999982
1.0
1.0
0.9994217
1.0
1.0
1.0
1.0
1.0
1.0
0.9999999
0.9999999
1.0
1.0
1.0
1.0
1.0
0.99998903
0.9999962
0.9999995
0.99999976
1.0
0.9999999
0.9999999
1.0
1.0
1.0
1.0
1.0
0.9999999
0.9999783
1.0
1.0
1.0
1.0
1.0
0.9999999
1.0
1.0
0.99999976
0.9993531
1.0
1.0
0.99999297
0.99999964
1.0
1.0
0.9999999
0.99999905
1.0
1.0
0.9799886
1.0
0.99998915
1.0
0.99999774
0.9999658
1.0
0.99999917
0.9999598
0.9999858
0.9999999
1.0
1.0
0.999915
0.99995565
0.9999988
1.0
1.0
1.0
0.9999999
0.9962574
0.9999771
1.0
1.0
1.0
1.0
1.0
0.99999857
0.99999976
1.0
0.9999993
1.0
1.0
0.99999976
1.0
1.0
1.0
1.0
1.0
1.0
1.0
1.0
0.99997973
0.99891376
0.9999889
1.0
1.0
1.0
1.0
0.99999774
1.0
1.0
1.0
1.0
1.0
1.0
1.0
0.9999933
1.0
1.0
1.0
1.0
0.999925
1.0
1.0
1.0
0.99999964
0.99999976
1.0
0.9999883
1.0
1.0
1.0
1.0
0.9999969
0.9999995
1.0
1.0
1.0
1.0
0.9999999
1.0
1.0
0.99999917
1.0
0.9999999
0.99988544
1.0
1.0
1.0
1.0
1.0
0.9999815
0.9999994
0.9999995
1.0
1.0
0.9999999
0.9999993
1.0
0.9776089
0.9813044
0.99554586
1.0
1.0
1.0
0.99999535
1.0
0.99996936
0.9999925
1.0
0.99997556
1.0
1.0
1.0
0.9535414
1.0
1.0
0.99851984
1.0
0.99999917
1.0
0.99999917
0.9999995
1.0
0.99999976
1.0
1.0
1.0
1.0
0.9999999
1.0
1.0
1.0
0.9999999
0.9999454
0.9999994
1.0
1.0
0.9999988
1.0
1.0
1.0
1.0
0.99999595
0.9999999
1.0
1.0
1.0
1.0
0.99999917
1.0
1.0
0.9999999
1.0
1.0
0.99999964
1.0
1.0
1.0
1.0
1.0
1.0
1.0
1.0
1.0
0.99999905
0.99998844
0.9994742
1.0
1.0
1.0
0.9999995
0.9998055
0.9999999
1.0
1.0
1.0
1.0
1.0
1.0
1.0
1.0
1.0
1.0
1.0
0.99999964
0.99998355
1.0
0.9999913
0.9999999
1.0
1.0
0.99976116
0.99995375
1.0
0.9999993
1.0
1.0
0.99996495
1.0
0.99995184
1.0
1.0
1.0
1.0
1.0
0.99999356
0.99999964
1.0
1.0
1.0
1.0
1.0
1.0
1.0
1.0
1.0
1.0
1.0
1.0
1.0
1.0
1.0
1.0
1.0
1.0
1.0
1.0
1.0
1.0
1.0
1.0
1.0
1.0
0.9999999
1.0
0.9999999
1.0
1.0
0.9999995
1.0
1.0
0.9990576
1.0
1.0
1.0
1.0
1.0
1.0
1.0
0.9999957
1.0
0.99689215
0.6528799
1.0
0.99999857
0.99999785
1.0
1.0
1.0
0.99999976
1.0
0.999998
1.0
1.0
1.0
1.0
1.0
0.9999999
1.0
1.0
0.9999944
0.9999994
1.0
1.0
1.0
1.0
0.9999732
0.9999999
1.0
1.0
0.9999994
1.0
0.9999999
1.0
1.0
0.9999875
0.99999523
1.0
0.9999976
1.0
0.99999845
1.0
1.0
1.0
1.0
1.0
1.0
1.0
0.9999995
0.99999285
0.8998704
0.99807775
0.99999905
0.9999585
1.0
1.0
1.0
1.0
1.0
0.9999999
1.0
1.0
1.0
0.9999629
0.9999989
0.99999905
1.0
1.0
1.0
0.99839455
1.0
0.9999994
1.0
0.9999635
0.99999976
0.9999634
1.0
0.99994767
0.9999999
0.9999999
1.0
1.0
1.0
1.0
0.9999999
1.0
0.9999839
0.9983962
1.0
0.99999785
1.0
0.99999905
0.99999976
1.0
1.0
0.9986798
0.9847014
0.99999726
0.99999976
0.9999819
1.0
0.9999969
0.9999988
0.9999993
1.0
1.0
0.99999344
1.0
1.0
1.0
0.9999999
0.993572
0.99999905
0.9999995
0.9999945
1.0
0.9999988
1.0
0.9999579
0.99999917
0.9999721
0.9999995
0.99999964
0.99999726
1.0
0.9999492
1.0
1.0
1.0
1.0
1.0
1.0
1.0
0.9999999
0.9999894
1.0
0.99999976
0.9994691
1.0
1.0
0.99956733
0.9999987
0.9999883
0.99999964
0.9999981
0.9999988
1.0
1.0
1.0
0.9932761
1.0
0.9996119
1.0
0.9999999
1.0
1.0
0.99995875
0.9999995
1.0
0.99995613
1.0
1.0
0.99998677
0.9999995
0.9999993
1.0
1.0
0.9999962
0.9999987
1.0
1.0
1.0
1.0
0.99998474
1.0
1.0
1.0
0.9999999
1.0
0.9995431
1.0
1.0
1.0
1.0
0.99999833
0.9997743
0.9997793
0.9999988
1.0
0.9999994
1.0
1.0
1.0
0.9999999
0.9999993
0.9812856
0.99999785
0.9999999
0.9999987
1.0
1.0
1.0
1.0
1.0
1.0
0.66300625
1.0
0.999589
1.0
1.0
1.0
1.0
1.0
1.0
1.0
0.9999914
1.0
1.0
1.0
1.0
1.0
0.99999976
1.0
0.9999988
0.99999976
0.99999976
0.99326855
1.0
1.0
0.9999999
1.0
1.0
1.0
1.0
1.0
0.9999981
1.0
1.0
0.99998903
1.0
0.99999094
1.0
1.0
1.0
1.0
1.0
1.0
1.0
1.0
1.0
1.0
0.99999976
1.0
1.0
0.9999999
1.0
1.0
1.0
1.0
1.0
1.0
0.9999999
1.0
1.0
1.0
0.9999999
1.0
1.0
1.0
1.0
1.0
0.9997557
0.99999905
1.0
1.0
0.9999802
1.0
0.9999999
1.0
0.99999976
0.7295372
1.0
0.9997664
1.0
0.99999976
1.0
0.9899333
0.92490894
0.9999765
1.0
1.0
1.0
1.0
0.9999999
0.9999995
0.99999964
0.9999999
1.0
1.0
1.0
1.0
1.0
1.0
1.0
1.0
1.0
1.0
1.0
1.0
1.0
1.0
1.0
1.0
1.0
0.9999999
1.0
1.0
1.0
1.0
1.0
1.0
1.0
1.0
1.0
1.0
1.0
1.0
1.0
1.0
1.0
1.0
1.0
1.0
1.0
1.0
1.0
1.0
1.0
1.0
1.0
1.0
0.9999995
0.99999964
1.0
0.99999714
1.0
1.0
0.9999999
1.0
1.0
1.0
1.0
1.0
1.0
1.0
1.0
0.9999989
0.99994767
1.0
1.0
1.0
1.0
1.0
1.0
0.99999917
1.0
1.0
1.0
1.0
1.0
1.0
1.0
1.0
1.0
1.0
1.0
1.0
1.0
0.9999999
1.0
1.0
1.0
1.0
1.0
1.0
1.0
1.0
1.0
1.0
1.0
1.0
1.0
1.0
1.0
1.0
1.0
1.0
1.0
1.0
1.0
1.0
1.0
1.0
1.0
1.0
1.0
1.0
1.0
1.0
1.0
1.0
1.0
1.0
1.0
1.0
1.0
1.0
1.0
1.0
1.0
0.9999999
1.0
0.9999994
1.0
1.0
1.0
1.0
1.0
1.0
1.0
1.0
1.0
1.0
1.0
1.0
1.0
1.0
1.0
0.9999999
1.0
1.0
1.0
1.0
1.0
1.0
1.0
1.0
1.0
1.0
0.9999999
1.0
1.0
0.9999999
1.0
1.0
1.0
1.0
1.0
1.0
1.0
1.0
0.99998677
1.0
1.0
1.0
1.0
1.0
1.0
1.0
1.0
0.99999976
1.0
1.0
1.0
1.0
1.0
1.0
1.0
1.0
1.0
0.99999964
1.0
1.0
1.0
1.0
1.0
1.0
1.0
1.0
1.0
0.99999857
1.0
1.0
1.0
1.0
1.0
1.0
1.0
1.0
0.99999964
1.0
1.0
1.0
1.0
1.0
0.9999466
0.9999869
0.9997038
1.0
1.0
1.0
1.0
0.9999988
1.0
0.9999802
0.9999602
1.0
1.0
1.0
1.0
1.0
1.0
1.0
0.9999989
0.99999833
0.9998191
1.0
1.0
1.0
1.0
1.0
1.0
0.9998018
1.0
0.9999219
0.99999976
0.99999857
1.0
1.0
0.9999999
0.9995024
1.0
0.9999715
1.0
1.0
1.0
0.99999857
1.0
1.0
1.0
1.0
1.0
0.9999999
1.0
1.0
0.9999982
1.0
0.9999994
1.0
1.0
1.0
1.0
1.0
1.0
1.0
1.0
0.9999994
1.0
1.0
0.99999976
1.0
1.0
0.9999962
1.0
1.0
1.0
1.0
1.0
1.0
1.0
1.0
1.0
0.9999999
1.0
0.99999976
0.99998844
1.0
0.9999995
1.0
1.0
1.0
1.0
1.0
1.0
0.9998952
1.0
1.0
1.0
1.0
1.0
1.0
0.9999999
1.0
1.0
1.0
1.0
1.0
1.0
1.0
0.9999001
0.9999999
1.0
1.0
1.0
1.0
1.0
1.0
1.0
1.0
0.97251916
0.99999976
1.0
0.9999999
1.0
1.0
1.0
0.9999945
1.0
1.0
1.0
1.0
0.99998415
1.0
1.0
1.0
0.9999999
1.0
0.9999987
0.99999976
1.0
0.99999976
1.0
0.9999988
0.99999964
0.9999999
1.0
0.98837435
1.0
0.999997
1.0
1.0
0.9999974
0.9999887
0.9999993
0.9999995
1.0
0.9999993
0.9999999
0.9995003
1.0
0.9999771
1.0
0.99999964
0.9999913
1.0
1.0
1.0
0.99999
0.9897244
0.36577836
0.99999654
0.9991566
0.9969824
0.9999764
0.8138797
0.98877746
0.99999845
1.0
0.999998
0.9999863
1.0
0.9999852
0.99992037
0.9993124
0.99998593
0.7737956
0.9989286
0.9999263
0.99659723
0.99998903
0.95984954
0.99993527
0.9965238
0.9999988
0.99939775
1.0
1.0
1.0
0.99999833
1.0
0.99999654
1.0
1.0
1.0
0.9999994
1.0
0.9984363
1.0
0.9999995
1.0
0.99999154
0.99440914
0.9816219
0.9666511
0.99999964
1.0
0.99997187
0.9899011
1.0
0.99965537
1.0
1.0
0.99932146
0.99999464
0.99999976
1.0
1.0
0.9999943
0.99986005
0.99988115
1.0
0.99951744
0.9999697
1.0
1.0
0.9989241
0.9998778
0.9999994
0.99999785
0.43054554
0.9999999
0.9999969
0.99999976
1.0
1.0
0.99974066
0.9975598
1.0
1.0
0.99999976
0.99998844
0.9999931
1.0
1.0
1.0
1.0
0.9999982
0.9999999
0.9999999
0.9999783
1.0
1.0
1.0
1.0
0.9999999
0.7030767
0.9999999
1.0
1.0
1.0
0.99999905
1.0
1.0
1.0
1.0
0.99999666
0.99978584
1.0
1.0
1.0
0.9999999
0.9999987
0.9999802
0.9999995
0.9999999
1.0
0.9999852
1.0
1.0
0.9999999
1.0
0.9999988
1.0
1.0
0.99999964
0.99999785
1.0
1.0
1.0
1.0
1.0
1.0
0.9999938
1.0
1.0
0.99975425
0.99999857
1.0
0.99999785
0.9999976
1.0
1.0
1.0
1.0
1.0
1.0
1.0
0.9999999
1.0
1.0
0.99991107
1.0
0.99999964
0.9999995
0.99999964
1.0
1.0
1.0
1.0
0.9999999
0.9999999
0.9999999
0.99997795
1.0
1.0
0.99658644
0.999985
0.9999999
0.9999993
0.999995
1.0
1.0
1.0
1.0
0.9999982
0.99999917
0.99996936
1.0
0.9999999
1.0
1.0
0.99999964
1.0
1.0
0.998131
0.9999858
1.0
0.999998
0.98198515
0.9999994
1.0
0.99992776
1.0
0.9999988
0.9999989
0.9999999
1.0
0.9999999
0.99999976
0.9992489
0.9983298
1.0
0.9999999
0.99999535
0.99999976
0.9999999
0.9999995
1.0
0.9999982
0.99999905
1.0
1.0
0.9999268
0.9999776
1.0
1.0
1.0
1.0
0.9999994
1.0
1.0
1.0
1.0
1.0
0.9999908
1.0
0.99997914
0.9847911
0.99994504
0.99999547
1.0
0.99999976
0.99999607
1.0
1.0
0.99999845
1.0
0.99999726
1.0
1.0
0.9993206
0.9999999
1.0
1.0
1.0
0.9999989
1.0
0.99999976
1.0
1.0
0.9999995
0.99992
1.0
1.0
1.0
0.99999106
1.0
0.99999225
1.0
1.0
1.0
0.99998593
1.0
1.0
1.0
0.9999999
1.0
1.0
1.0
1.0
1.0
0.99999917
1.0
1.0
1.0
1.0
0.9999999
1.0
1.0
0.9999999
1.0
1.0
1.0
0.99999976
0.99999905
0.999998
1.0
1.0
0.99999976
0.9999999
1.0
0.8643471
1.0
1.0
1.0
1.0
0.99999094
1.0
1.0
1.0
1.0
1.0
1.0
1.0
1.0
1.0
1.0
1.0
1.0
1.0
1.0
1.0
1.0
1.0
1.0
1.0
0.9999999
1.0
1.0
1.0
0.9999999
1.0
0.99998343
1.0
0.9999994
1.0
1.0
0.99998355
0.9999999
0.99999976
0.9999728
0.99999976
0.9999999
1.0
1.0
0.9999999
1.0
1.0
0.9999994
0.99992824
1.0
0.99999964
1.0
0.9999311
1.0
1.0
0.9999999
1.0
1.0
0.9999999
0.9999511
1.0
1.0
0.9999995
0.9998857
1.0
0.99999607
1.0
0.9999999
1.0
0.9999999
1.0
0.99999964
0.99996865
0.99999964
1.0
1.0
0.9999994
1.0
0.9999999
0.9999987
1.0
1.0
0.99999917
1.0
1.0
1.0
1.0
1.0
1.0
0.99999964
1.0
1.0
1.0
0.9999881
1.0
1.0
1.0
0.99999976
0.9987955
1.0
1.0
1.0
1.0
0.9999999
1.0
1.0
1.0
0.9999944
1.0
1.0
1.0
1.0
1.0
1.0
1.0
0.9999994
1.0
1.0
1.0
1.0
1.0
1.0
1.0
1.0
0.9999974
1.0
1.0
1.0
1.0
1.0
1.0
1.0
1.0
1.0
0.99998
1.0
1.0
1.0
1.0
1.0
1.0
1.0
1.0
1.0
1.0
1.0
1.0
1.0
1.0
1.0
1.0
0.999997
1.0
1.0
1.0
1.0
1.0
1.0
1.0
1.0
1.0
0.9999995
1.0
1.0
1.0
1.0
1.0
1.0
1.0
1.0
1.0
1.0
1.0
1.0
0.99999976
1.0
1.0
1.0
1.0
1.0
1.0
0.9999994
1.0
0.99998164
0.99999595
1.0
1.0
1.0
1.0
1.0
1.0
1.0
1.0
1.0
1.0
1.0
0.99999976
0.99999976
1.0
1.0
0.9999999
1.0
0.99949455
1.0
1.0
1.0
1.0
0.9952167
1.0
1.0
1.0
1.0
1.0
1.0
0.99999905
1.0
1.0
0.9999474
1.0
1.0
1.0
1.0
0.99999964
1.0
0.9998776
1.0
1.0
0.99999857
1.0
1.0
1.0
1.0
0.9999988
1.0
0.99999404
1.0
1.0
1.0
1.0
1.0
1.0
1.0
0.9999236
1.0
1.0
1.0
0.99863595
0.99991953
0.99998975
1.0
1.0
0.99999726
1.0
0.9999962
1.0
1.0
1.0
1.0
1.0
0.9999963
0.99996805
0.99999976
1.0
1.0
1.0
1.0
1.0
1.0
0.9999924
1.0
1.0
1.0
1.0
0.99999976
0.99447894
1.0
1.0
1.0
1.0
1.0
1.0
0.99999535
1.0
1.0
1.0
0.9999974
1.0
1.0
0.9994873
0.99999964
1.0
0.9999999
1.0
1.0
1.0
1.0
1.0
1.0
1.0
1.0
1.0
0.99999607
0.9999999
1.0
0.99999976
1.0
1.0
0.996897
1.0
0.99999404
1.0
1.0
1.0
1.0
1.0
0.9999995
0.9999995
1.0
1.0
1.0
1.0
1.0
1.0
1.0
1.0
1.0
1.0
0.9999962
1.0
1.0
0.9999999
1.0
0.99999905
1.0
1.0
0.9999999
1.0
1.0
1.0
1.0
1.0
1.0
1.0
1.0
0.99999964
1.0
1.0
1.0
0.9999999
1.0
1.0
0.99936527
1.0
1.0
1.0
1.0
1.0
0.99999905
0.9999994
1.0
1.0
0.99988854
0.9999988
0.99997544
1.0
0.9984952
1.0
1.0
1.0
0.9030056
0.99999833
1.0
1.0
0.9998965
0.9999999
1.0
0.9999988
1.0
1.0
0.9999994
1.0
1.0
0.99999595
1.0
0.9999999
1.0
0.9998202
1.0
0.99797183
1.0
0.99999917
1.0
1.0
0.9857576
0.9999976
1.0
1.0
1.0
0.99998534
1.0
0.9999969
1.0
0.9998154
1.0
1.0
1.0
0.9999999
1.0
0.9999994
1.0
1.0
0.99999
0.9999968
1.0
0.9999993
0.9999989
1.0
1.0
0.9999999
1.0
0.9999875
0.9999695
1.0
1.0
0.9999987
0.99999976
1.0
1.0
1.0
1.0
1.0
0.99999475
1.0
1.0
1.0
1.0
1.0
1.0
1.0
1.0
1.0
0.99999416
1.0
1.0
0.99999666
1.0
1.0
0.99999976
1.0
1.0
1.0
0.9999993
1.0
1.0
1.0
1.0
1.0
0.99999976
1.0
1.0
0.9999999
1.0
0.9999962
1.0
1.0
1.0
1.0
1.0
0.9999999
1.0
1.0
1.0
1.0
1.0
1.0
1.0
1.0
0.9999999
1.0
1.0
1.0
1.0
1.0
1.0
1.0
1.0
1.0
1.0
1.0
1.0
0.99999833
1.0
1.0
1.0
1.0
1.0
1.0
0.99999976
0.9999995
1.0
0.99999976
0.99999726
0.9999815
0.99999976
1.0
0.9999999
1.0
0.9997882
1.0
1.0
1.0
1.0
1.0
1.0
1.0
1.0
0.9999999
1.0
1.0
1.0
1.0
1.0
1.0
0.9999982
1.0
0.9999999
1.0
1.0
0.9999999
1.0
1.0
1.0
0.9999994
0.9999995
1.0
0.9999999
1.0
0.9999864
1.0
0.9999995
1.0
1.0
1.0
0.9999938
1.0
0.9999999
1.0
1.0
1.0
1.0
1.0
1.0
1.0
0.9999994
0.9999808
1.0
0.9999908
0.9999981
1.0
1.0
0.9999999
1.0
1.0
0.9999887
1.0
1.0
0.9999739
1.0
0.9999995
0.99999976
1.0
1.0
0.99999964
0.99999964
1.0
1.0
0.99999976
1.0
0.9999999
0.99999964
0.9999982
1.0
1.0
0.99995995
0.99999964
0.999395
0.9999999
0.9941723
1.0
0.9999993
0.9999974
0.9999999
1.0
1.0
0.9995912
1.0
1.0
1.0
0.99999964
0.99999976
0.9999956
0.9999999
1.0
1.0
0.9953762
1.0
1.0
0.9999999
1.0
0.9999999
0.9999968
1.0
1.0
1.0
0.9999981
0.9999999
0.9999989
1.0
0.9999999
0.99999833
1.0
0.99999857
1.0
1.0
0.99999964
0.9909629
0.9999974
1.0
1.0
0.9999882
0.9999999
1.0
1.0
1.0
1.0
0.9999969
0.9999058
1.0
1.0
1.0
0.99999964
1.0
1.0
0.99999964
0.99999416
0.999974
0.9999999
0.99999976
1.0
0.9999981
0.9999999
0.99948514
1.0
1.0
1.0
1.0
0.999985
0.9999999
0.999997
1.0
1.0
1.0
1.0
1.0
0.9999924
1.0
1.0
0.9999709
0.9999999
1.0
1.0
0.99999964
1.0
1.0
0.99999976
1.0
0.9999993
0.9999981
1.0
1.0
1.0
1.0
1.0
1.0
1.0
1.0
1.0
0.99999905
1.0
1.0
1.0
0.99999857
0.99998116
1.0
1.0
1.0
1.0
0.99999964
0.99998486
1.0
1.0
1.0
1.0
1.0
1.0
0.99999607
1.0
1.0
0.9999999
1.0
1.0
0.99999964
1.0
1.0
1.0
1.0
1.0
1.0
0.9999969
0.99999976
1.0
1.0
0.9999808
0.99999976
0.999997
0.99999917
0.9999993
0.99973077
0.9999994
1.0
1.0
1.0
1.0
0.99999523
1.0
0.9999999
0.9999999
0.9999994
1.0
0.99999404
0.9999999
1.0
1.0
1.0
1.0
0.99999976
1.0
0.9999994
1.0
1.0
1.0
1.0
1.0
1.0
1.0
1.0
0.9999999
0.9999987
0.99999774
0.999995
1.0
1.0
1.0
0.99999857
1.0
1.0
1.0
1.0
1.0
0.99999976
1.0
1.0
0.99999666
1.0
1.0
1.0
1.0
1.0
1.0
1.0
0.9999975
1.0
1.0
1.0
1.0
1.0
1.0
0.9999999
1.0
0.9999993
0.9999989
0.9999993
0.9999968
0.9999999
0.9999826
1.0
1.0
0.99999964
0.99999976
1.0
1.0
1.0
0.9999795
1.0
0.99988055
1.0
0.9999999
1.0
1.0
0.9999794
1.0
1.0
0.9999993
1.0
1.0
1.0
1.0
1.0
1.0
1.0
1.0
1.0
1.0
1.0
0.99999833
0.9999598
0.99999964
1.0
1.0
0.99999213
1.0
1.0
0.99998975
0.9999999
1.0
1.0
0.9999999
1.0
1.0
1.0
1.0
1.0
0.9999999
1.0
1.0
0.9999945
1.0
1.0
0.9999999
1.0
0.9999987
0.99999857
1.0
1.0
1.0
1.0
1.0
1.0
1.0
1.0
0.9999999
0.9999999
1.0
1.0
0.9999999
1.0
1.0
1.0
1.0
1.0
1.0
1.0
1.0
0.9999944
1.0
1.0
1.0
0.99999917
1.0
1.0
1.0
0.99999976
0.99999964
1.0
0.9999999
0.9999962
0.9999999
0.9999995
0.99884975
0.99999726
1.0
0.9999999
0.9999995
1.0
1.0
1.0
1.0
1.0
1.0
0.9999993
0.9999982
1.0
0.99999666
1.0
1.0
1.0
1.0
1.0
1.0
1.0
1.0
1.0
1.0
1.0
1.0
1.0
0.9999999
1.0
1.0
1.0
1.0
1.0
1.0
1.0
1.0
0.99999964
0.9999987
1.0
1.0
1.0
0.99999356
1.0
0.9999964
1.0
0.99999225
0.9999999
0.9999999
1.0
1.0
0.99999976
1.0
1.0
0.99999917
0.9999999
0.99999845
1.0
1.0
1.0
1.0
1.0
0.9999497
1.0
0.9999999
0.99996555
0.9999999
0.99999976
0.99999917
1.0
1.0
1.0
1.0
1.0
1.0
1.0
0.9999999
0.9999987
0.99999917
1.0
0.9999999
1.0
0.99999964
1.0
1.0
0.9999894
0.99992955
1.0
0.9999826
1.0
1.0
0.99989295
1.0
1.0
1.0
0.99999976
1.0
1.0
1.0
1.0
1.0
1.0
1.0
1.0
0.99999726
0.9999912
0.9999685
0.9959247
0.9999999
1.0
0.9995121
1.0
0.9999969
0.9999999
0.86566234
0.9998355
0.99879754
0.9999999
0.9992926
1.0
1.0
0.999984
0.99999726
0.9999987
0.9997707
0.99888223
1.0
1.0
0.9999999
1.0
1.0
1.0
1.0
1.0
0.9999999
0.9999994
1.0
1.0
1.0
0.9999993
0.99999976
0.999997
0.9999999
1.0
1.0
1.0
1.0
1.0
1.0
1.0
1.0
0.9999938
0.9999939
0.99999964
0.99999976
1.0
0.999998
1.0
0.9999999
0.9999981
1.0
0.99999964
1.0
0.99999714
0.9999851
0.99999833
1.0
0.9990019
0.9999994
1.0
0.9999937
1.0
0.9999999
1.0
0.99999964
1.0
0.99999595
0.9999988
1.0
0.99999714
0.9998585
0.9999981
0.99999154
0.9994369
1.0
0.9999995
0.99935085
1.0
1.0
0.99999976
0.99885535
0.99999976
0.9999218
0.9998493
0.99999964
0.9999999
1.0
1.0
1.0
0.9999988
1.0
1.0
1.0
1.0
1.0
1.0
1.0
1.0
0.9999994
1.0
1.0
0.99999976
1.0
1.0
1.0
1.0
1.0
0.99999845
1.0
1.0
1.0
1.0
1.0
1.0
1.0
0.9999999
1.0
1.0
1.0
0.9999435
1.0
1.0
1.0
1.0
1.0
1.0
0.9890041
1.0
1.0
1.0
1.0
1.0
1.0
0.9999995
1.0
1.0
1.0
1.0
1.0
1.0
0.99998784
0.9999994
1.0
1.0
1.0
0.99999964
0.9999956
1.0
1.0
0.9999999
1.0
0.9999999
1.0
0.9999999
0.9999994
0.99999917
1.0
1.0
0.9999976
1.0
1.0
1.0
1.0
0.99999475
1.0
1.0
1.0
1.0
1.0
1.0
1.0
0.9999279
1.0
1.0
1.0
0.9999789
1.0
1.0
1.0
1.0
1.0
1.0
1.0
0.9999995
1.0
0.9999999
1.0
1.0
1.0
1.0
1.0
1.0
1.0
1.0
1.0
1.0
1.0
1.0
0.99999917
0.9999999
1.0
1.0
0.99999857
1.0
1.0
1.0
1.0
1.0
1.0
1.0
0.9999995
1.0
1.0
1.0
0.76750106
1.0
0.99918956
1.0
0.9999851
0.99998474
0.9999366
0.99999774
1.0
1.0
0.97130907
1.0
0.9998851
1.0
1.0
0.9999995
0.99999225
1.0
1.0
0.9999999
0.9990575
1.0
0.99961436
1.0
1.0
0.9999888
1.0
0.99999976
1.0
1.0
1.0
1.0
0.9998771
0.9961779
0.9993697
0.6152901
0.9842971
1.0
0.9999963
1.0
1.0
1.0
0.99999845
0.99263436
0.9999987
0.99985516
0.9997365
0.9999726
0.9999732
0.9999999
0.99999964
0.9989728
1.0
0.99999964
0.9999999
1.0
0.99995446
1.0
1.0
1.0
1.0
1.0
1.0
1.0
1.0
1.0
1.0
0.99999666
1.0
0.99978906
1.0
1.0
1.0
1.0
1.0
1.0
1.0
0.9999994
1.0
1.0
0.9999999
1.0
1.0
0.9999999
0.9999937
1.0
1.0
0.9999999
1.0
1.0
1.0
0.9999999
0.9999976
1.0
0.99999416
1.0
1.0
0.9999933
1.0
1.0
1.0
0.99999964
1.0
1.0
1.0
0.99999964
0.9999958
1.0
1.0
0.9999999
1.0
1.0
0.9999999
1.0
1.0
1.0
1.0
1.0
1.0
1.0
1.0
0.9999999
0.99999034
0.99718046
0.9999999
0.99999726
0.9999988
1.0
1.0
1.0
1.0
1.0
1.0
0.9999999
1.0
0.99999976
1.0
0.9997818
0.9999968
0.9999987
1.0
1.0
1.0
1.0
0.99999595
1.0
1.0
1.0
0.9999995
0.9999999
1.0
0.99999774
1.0
0.99999976
0.9999962
0.9999999
1.0
1.0
0.99996924
0.9999999
1.0
1.0
1.0
1.0
1.0
1.0
0.9999994
1.0
0.99999917
0.99999464
0.99999976
1.0
0.9999999
1.0
1.0
1.0
1.0
1.0
1.0
1.0
1.0
1.0
1.0
0.9999999
0.9997644
0.99999523
0.999933
0.9894806
1.0
1.0
1.0
0.99999917
1.0
0.9999999
0.99998236
0.9999994
0.99997425
0.99995327
1.0
1.0
0.99994874
0.99999976
1.0
0.9999554
1.0
1.0
0.99999976
1.0
1.0
0.99999964
1.0
1.0
1.0
0.99999917
0.9977265
0.9999987
0.99989176
1.0
0.9999889
0.9995635
0.9999931
1.0
0.99999917
0.99999905
0.9999914
0.99999964
1.0
0.9999975
0.9999341
0.9998666
1.0
1.0
1.0
0.9999939
1.0
1.0
0.9999995
1.0
1.0
1.0
0.9999993
1.0
1.0
1.0
1.0
0.99999976
1.0
1.0
1.0
0.9999995
1.0
0.99999094
0.9497039
1.0
0.9999993
1.0
0.99977607
0.99768996
0.99999964
0.99999964
0.99999976
0.9995925
0.9999949
0.9999982
0.9999993
0.99999964
0.9075524
0.9952742
0.9999999
1.0
1.0
1.0
1.0
0.99819154
1.0
0.9999603
1.0
1.0
1.0
1.0
0.9999963
1.0
1.0
1.0
1.0
1.0
1.0
1.0
1.0
1.0
0.99999464
1.0
0.9999994
1.0
1.0
0.9999999
1.0
0.9999999
1.0
0.999998
0.9999999
0.99999976
1.0
0.9999976
1.0
1.0
1.0
1.0
1.0
1.0
1.0
1.0
1.0
0.9999993
0.9999999
0.9999063
0.9998659
0.9989297
0.9999999
0.9999999
0.9999999
1.0
0.99999964
0.99727863
0.9999604
1.0
1.0
1.0
0.99999976
0.99999833
0.9999974
1.0
0.9999926
1.0
0.99999976
1.0
1.0
0.9999999
0.99997795
1.0
1.0
1.0
1.0
1.0
1.0
1.0
1.0
0.9980422
1.0
0.79681337
1.0
0.99999976
1.0
0.99999905
1.0
1.0
1.0
1.0
1.0
1.0
1.0
1.0
1.0
0.99999917
0.9999999
1.0
0.9999796
0.99995804
1.0
1.0
1.0
1.0
0.99999917
1.0
1.0
1.0
1.0
1.0
1.0
1.0
0.9999999
1.0
1.0
1.0
1.0
1.0
1.0
1.0
1.0
1.0
1.0
1.0
1.0
1.0
0.9999999
1.0
1.0
1.0
1.0
1.0
0.99999917
1.0
1.0
1.0
0.9999999
1.0
1.0
1.0
1.0
1.0
0.99999905
1.0
1.0
1.0
1.0
1.0
1.0
0.9999988
1.0
1.0
1.0
1.0
1.0
1.0
1.0
1.0
0.99999964
0.9999994
1.0
1.0
1.0
0.999998
0.99999976
0.9999995
0.9999995
0.99999976
0.9998826
0.9999999
0.99999845
0.9999958
1.0
1.0
1.0
0.9998349
0.99998176
0.99996424
1.0
0.9999995
0.9999999
0.99996245
0.9999925
0.99999523
0.9999999
1.0
0.99999976
1.0
0.9999999
1.0
1.0
1.0
0.9998658
0.9983943
0.9999993
0.9999962
0.99942756
1.0
0.9999962
1.0
0.74811095
1.0
0.9999993
0.9999989
1.0
1.0
1.0
0.9999995
1.0
1.0
1.0
1.0
0.9998379
0.9999999
0.9999956
0.9999999
1.0
1.0
1.0
1.0
1.0
1.0
1.0
1.0
1.0
1.0
0.9999999
1.0
1.0
1.0
0.9999999
0.9999999
1.0
1.0
1.0
1.0
1.0
1.0
0.99999976
1.0
1.0
1.0
1.0
1.0
1.0
1.0
1.0
1.0
1.0
1.0
1.0
1.0
1.0
1.0
1.0
1.0
1.0
0.99999654
1.0
1.0
1.0
1.0
1.0
0.99999964
1.0
1.0
0.9999964
1.0
1.0
1.0
0.9999995
1.0
1.0
1.0
1.0
0.99999416
1.0
1.0
1.0
0.9999999
0.99978346
1.0
1.0
1.0
1.0
1.0
1.0
1.0
0.9999999
1.0
0.9999999
1.0
1.0
1.0
1.0
1.0
0.9999995
1.0
1.0
1.0
1.0
1.0
1.0
0.9999999
0.99999976
0.9999989
1.0
1.0
1.0
1.0
0.9999999
1.0
1.0
0.99999964
1.0
1.0
1.0
1.0
1.0
1.0
1.0
1.0
1.0
1.0
1.0
0.9999999
0.99997175
0.9999999
1.0
0.99999976
1.0
1.0
1.0
1.0
1.0
1.0
1.0
1.0
0.99999964
1.0
1.0
1.0
1.0
1.0
1.0
1.0
1.0
1.0
1.0
1.0
1.0
1.0
1.0
1.0
1.0
1.0
1.0
1.0
1.0
1.0
1.0
1.0
1.0
0.99999976
1.0
1.0
1.0
1.0
1.0
1.0
1.0
1.0
1.0
0.99999964
1.0
1.0
1.0
1.0
0.9999993
1.0
1.0
1.0
1.0
1.0
1.0
1.0
0.99999964
1.0
1.0
1.0
0.99999857
1.0
1.0
1.0
1.0
1.0
1.0
1.0
1.0
1.0
1.0
1.0
1.0
1.0
1.0
1.0
1.0
1.0
1.0
0.9999993
1.0
0.99999344
1.0
1.0
1.0
0.9999951
1.0
0.9999999
1.0
1.0
0.9999999
1.0
0.9999999
0.9999999
1.0
1.0
1.0
1.0
1.0
1.0
1.0
1.0
0.9999999
1.0
1.0
1.0
1.0
1.0
1.0
1.0
1.0
1.0
0.9999999
1.0
1.0
1.0
1.0
1.0
1.0
1.0
1.0
1.0
1.0
1.0
0.9999988
0.99999976
1.0
1.0
1.0
0.99999976
1.0
0.9999999
1.0
1.0
1.0
1.0
1.0
1.0
1.0
1.0
1.0
1.0
1.0
1.0
1.0
1.0
1.0
1.0
1.0
0.99998045
0.99998724
1.0
1.0
1.0
1.0
1.0
1.0
1.0
1.0
0.9999993
1.0
1.0
0.9999999
1.0
1.0
1.0
1.0
1.0
1.0
0.99999976
1.0
1.0
1.0
1.0
1.0
1.0
1.0
1.0
1.0
1.0
1.0
1.0
0.9999999
1.0
1.0
1.0
0.9999999
1.0
1.0
0.9999994
0.99999917
1.0
1.0
1.0
1.0
1.0
1.0
1.0
1.0
1.0
1.0
1.0
1.0
1.0
1.0
1.0
1.0
1.0
1.0
1.0
1.0
1.0
1.0
1.0
1.0
1.0
1.0
1.0
1.0
1.0
1.0
1.0
1.0
1.0
1.0
0.9998135
1.0
1.0
1.0
1.0
0.9999993
1.0
0.9999963
1.0
1.0
1.0
1.0
1.0
1.0
1.0
1.0
1.0
1.0
0.99998856
1.0
1.0
1.0
0.99999976
1.0
0.99996054
1.0
1.0
1.0
1.0
1.0
1.0
0.9999982
1.0
1.0
1.0
1.0
1.0
1.0
1.0
1.0
1.0
1.0
1.0
1.0
1.0
1.0
1.0
1.0
1.0
0.99999964
1.0
0.9999999
1.0
1.0
1.0
1.0
1.0
1.0
1.0
1.0
0.9999999
1.0
0.99999905
1.0
1.0
1.0
1.0
1.0
1.0
0.9999999
0.99996483
0.9999999
1.0
0.9999999
0.99999964
1.0
1.0
1.0
1.0
1.0
1.0
0.9999914
1.0
1.0
1.0
0.9999999
1.0
1.0
1.0
0.9999999
1.0
1.0
0.9999993
1.0
0.9999999
1.0
1.0
0.9999999
0.9999994
0.9999989
1.0
0.99999976
1.0
1.0
1.0
1.0
1.0
1.0
1.0
1.0
1.0
1.0
1.0
0.9999999
1.0
1.0
0.9999831
1.0
1.0
1.0
0.9999999
0.9999999
0.9999999
0.99999964
0.9999987
1.0
1.0
0.99265337
0.9996332
1.0
0.9998264
1.0
0.9999906
0.9944067
0.9999467
0.9999759
0.9999999
0.9876747
1.0
1.0
1.0
1.0
0.9971621
0.99999905
0.999998
1.0
0.9999993
0.99999976
1.0
0.99999964
0.9999987
1.0
1.0
1.0
0.9999802
0.9999981
0.9999695
0.99999976
0.99999964
1.0
1.0
0.9999882
0.999995
0.9999963
0.999987
1.0
1.0
0.9999999
0.9999995
1.0
1.0
1.0
1.0
1.0
1.0
0.9999932
0.99999964
1.0
1.0
1.0
0.9999987
0.9999999
1.0
1.0
1.0
1.0
0.99999976
0.999428
1.0
0.99977463
1.0
0.9999999
1.0
1.0
1.0
1.0
1.0
0.9999919
1.0
1.0
0.99999917
1.0
1.0
1.0
1.0
1.0
1.0
0.9999994
1.0
1.0
1.0
0.9999988
0.9999993
1.0
1.0
1.0
1.0
1.0
1.0
1.0
1.0
1.0
1.0
1.0
1.0
1.0
1.0
1.0
0.999884
1.0
0.9999999
1.0
1.0
1.0
1.0
0.99999917
0.9999989
1.0
1.0
1.0
1.0
0.99994993
1.0
1.0
1.0
0.9999999
0.9999999
1.0
1.0
1.0
1.0
1.0
1.0
1.0
1.0
1.0
1.0
0.99999976
1.0
0.9999995
1.0
1.0
0.99999905
1.0
0.9999999
1.0
1.0
1.0
0.99999976
1.0
1.0
0.99998987
1.0
1.0
1.0
1.0
0.9998087
1.0
1.0
1.0
1.0
0.9999734
1.0
0.9999906
1.0
1.0
0.9999974
1.0
0.9999925
1.0
1.0
1.0
1.0
1.0
1.0
1.0
1.0
1.0
0.99999976
1.0
1.0
1.0
1.0
1.0
1.0
1.0
0.9999975
1.0
1.0
0.9999943
1.0
1.0
0.99999964
1.0
1.0
1.0
1.0
1.0
0.9999999
1.0
0.9999999
1.0
1.0
1.0
0.99999976
1.0
0.99999976
1.0
1.0
1.0
1.0
1.0
0.999997
1.0
0.99999976
1.0
0.99999845
1.0
1.0
1.0
0.99999976
0.9999999
1.0
0.99998665
1.0
1.0
1.0
1.0
1.0
1.0
1.0
0.9999989
1.0
1.0
1.0
1.0
1.0
1.0
1.0
0.99999964
1.0
1.0
0.99999964
0.9999962
1.0
1.0
1.0
1.0
0.9999999
1.0
0.9999665
0.9999976
1.0
0.99999976
1.0
1.0
0.9999999
0.999997
0.9999999
1.0
1.0
1.0
1.0
1.0
1.0
1.0
0.99999833
1.0
1.0
1.0
0.99999964
1.0
1.0
0.9999999
1.0
1.0
1.0
1.0
0.9999927
1.0
1.0
1.0
1.0
1.0
1.0
1.0
1.0
1.0
0.9999999
1.0
0.99999964
1.0
1.0
1.0
0.99999917
1.0
1.0
1.0
1.0
1.0
0.9999999
1.0
1.0
1.0
1.0
1.0
0.9999995
1.0
1.0
1.0
1.0
1.0
1.0
1.0
0.99999976
1.0
1.0
0.99999833
1.0
1.0
1.0
1.0
1.0
1.0
1.0
1.0
1.0
1.0
1.0
0.9999944
1.0
1.0
1.0
1.0
1.0
0.9999999
1.0
1.0
1.0
1.0
0.9995184
1.0
1.0
1.0
0.99999964
1.0
1.0
1.0
0.9999999
1.0
1.0
0.9999999
1.0
1.0
1.0
0.99999774
1.0
1.0
0.99999976
1.0
1.0
1.0
1.0
1.0
1.0
1.0
1.0
1.0
1.0
1.0
1.0
1.0
1.0
0.99998796
1.0
0.99999714
1.0
1.0
1.0
1.0
0.98728275
1.0
1.0
0.99999285
0.9999999
0.99999666
1.0
1.0
1.0
0.99999917
0.99999964
1.0
1.0
1.0
1.0
0.99999976
0.999998
1.0
0.9999938
1.0
1.0
1.0
1.0
1.0
1.0
1.0
1.0
1.0
1.0
1.0
1.0
0.99999964
1.0
1.0
1.0
1.0
1.0
0.9999994
1.0
0.99681723
0.9988217
0.9999238
1.0
0.9982652
0.99998486
1.0
1.0
1.0
1.0
1.0
1.0
0.9999999
1.0
1.0
0.99999964
1.0
1.0
1.0
1.0
1.0
1.0
1.0
1.0
1.0
0.99803513
1.0
0.99999976
1.0
1.0
1.0
1.0
1.0
1.0
1.0
0.999943
1.0
1.0
1.0
1.0
1.0
1.0
0.9999939
1.0
1.0
0.99999976
0.99999917
1.0
0.99999976
1.0
1.0
1.0
1.0
1.0
1.0
1.0
0.99999845
0.99999964
1.0
1.0
1.0
0.9999995
0.9999999
1.0
0.9999999
0.99999964
1.0
0.9999951
1.0
0.9999957
0.99997556
0.99999356
1.0
0.9999995
0.99999666
1.0
0.99997365
1.0
1.0
0.9999597
0.99999154
0.99999845
1.0
1.0
0.9988839
1.0
1.0
0.99995124
1.0
0.9999999
1.0
0.99999774
0.9999994
1.0
0.99999976
1.0
0.9997776
1.0
1.0
1.0
1.0
0.99999976
0.9999989
1.0
1.0
1.0
0.9999645
1.0
1.0
0.99915814
1.0
1.0
1.0
0.999998
1.0
0.99999404
1.0
0.999876
0.9999995
0.9998909
0.9999999
1.0
1.0
1.0
1.0
0.9999974
1.0
1.0
0.9999999
0.9999987
1.0
1.0
0.99999845
0.99999976
1.0
0.9999999
1.0
1.0
0.99999976
0.9999994
1.0
0.9999962
1.0
1.0
1.0
1.0
0.99999976
1.0
0.9999987
1.0
0.999941
1.0
1.0
1.0
1.0
0.9999981
1.0
1.0
1.0
0.9999993
1.0
1.0
0.9999999
1.0
0.99999976
1.0
0.8806846
0.9999989
1.0
1.0
1.0
1.0
1.0
0.99999976
0.9999993
0.9992311
1.0
1.0
0.9999999
1.0
1.0
1.0
0.9999999
1.0
1.0
1.0
0.99991703
1.0
1.0
0.99999976
1.0
0.9998423
0.9999995
0.9999995
1.0
1.0
0.99999404
0.99999917
1.0
0.8338895
0.99999905
0.9999956
0.99999976
0.99999976
0.999613
0.9999989
0.9920533
1.0
1.0
1.0
1.0
1.0
0.9999964
0.8313234
1.0
0.9859446
0.9998723
0.94519293
0.99999654
1.0
0.9999995
0.6974063
0.99998033
0.9999989
0.99981576
1.0
1.0
1.0
0.99999714
1.0
0.9999932
0.99991024
0.999894
1.0
0.99999964
1.0
0.9999999
0.9999964
0.9999999
1.0
0.99995625
1.0
0.99999785
0.984729
0.9999976
0.9999995
1.0
1.0
0.9992867
1.0
1.0
0.9999975
1.0
1.0
1.0
0.9999931
0.999987
0.99999845
0.7918549
1.0
1.0
1.0
0.99999785
1.0
1.0
0.99993503
0.9993476
0.9999995
1.0
1.0
0.99999976
0.89370894
0.99995434
0.9998172
1.0
0.9999975
1.0
0.97205895
0.99999607
0.999824
0.99999607
1.0
0.9999783
1.0
1.0
1.0
1.0
1.0
0.9999802
0.99999857
1.0
0.9999993
0.99999976
0.9996462
1.0
0.99996185
1.0
1.0
0.9999993
0.9999844
1.0
1.0
0.999998
0.99999976
0.9999999
0.9999951
1.0
1.0
0.9999981
0.99999225
0.9999956
1.0
0.99972945
1.0
0.99989986
0.9999993
1.0
1.0
0.99999964
0.9999896
0.9999956
1.0
1.0
1.0
0.99999905
1.0
0.9999982
1.0
0.95596194
0.9999871
0.9996606
0.99988663
0.9999999
0.9662533
0.9999995
0.99999857
1.0
0.99999833
1.0
0.99999964
0.9999999
0.9997447
1.0
1.0
0.9999999
1.0
0.99999905
0.9962041
1.0
0.57196635
1.0
1.0
1.0
0.9999999
1.0
1.0
0.9989874
0.9999994
0.99995935
1.0
0.9999988
0.99993896
1.0
1.0
1.0
0.99999905
1.0
0.9999999
1.0
1.0
1.0
0.8691817
0.99998546
1.0
0.9999994
0.9999999
1.0
1.0
0.9999999
0.9999018
1.0
1.0
0.9999827
1.0
1.0
0.9999999
1.0
0.9999652
0.9999994
1.0
0.98967093
1.0
1.0
1.0
0.99999964
0.9999894
1.0
1.0
1.0
0.9999918
1.0
1.0
1.0
1.0
1.0
0.9999999
1.0
0.9999974
0.9999927
0.9999988
0.9835677
0.9999908
1.0
0.9999999
1.0
1.0
0.9999974
0.9999999
0.94590765
0.99951696
0.99996114
1.0
0.9999993
0.99999964
0.9999999
1.0
0.98629725
0.9999999
0.99999833
0.6679482
1.0
1.0
0.9999988
1.0
0.9998215
0.99996674
1.0
0.99998355
1.0
1.0
1.0
0.99999595
0.9999999
0.9999969
0.99999976
1.0
0.999974
1.0
1.0
0.9999547
1.0
1.0
1.0
0.9995127
1.0
1.0
0.9999995
1.0
0.99817264
0.9999969
1.0
1.0
0.9416202
0.99996495
0.99999976
0.9999993
1.0
0.9966917
1.0
0.99994993
0.9987589
1.0
0.99962926
0.99999964
1.0
1.0
1.0
1.0
1.0
1.0
1.0
0.9999995
0.9999995
0.99930036
0.9994684
0.99994755
1.0
1.0
1.0
1.0
0.9999999
0.9999999
0.9999981
1.0
1.0
0.99996793
1.0
0.99999976
1.0
1.0
1.0
0.99993587
0.9999999
0.99999845
0.99999976
1.0
1.0
1.0
0.9999999
1.0
1.0
0.9999999
1.0
1.0
0.9999908
1.0
1.0
1.0
0.99999785
0.99999964
0.9997708
1.0
0.9999999
0.99999976
0.99999976
0.9999999
1.0
0.99999976
1.0
1.0
0.99999976
1.0
1.0
0.9999999
1.0
1.0
1.0
1.0
1.0
1.0
1.0
0.99999976
1.0
0.9999999
0.9999995
1.0
1.0
1.0
0.9999999
0.9999503
0.99999857
1.0
1.0
1.0
0.9999882
0.99999595
1.0
0.99999964
1.0
0.99999046
0.9999988
0.64144355
1.0
0.9999999
0.9999963
1.0
1.0
1.0
1.0
1.0
1.0
0.99999726
0.9999975
1.0
1.0
1.0
1.0
0.9999995
1.0
