0.594972
0.9999999
0.9926286
0.4839537
0.99999845
0.7567845
0.49645975
0.49263364
0.9237001
0.8160687
0.520223
1.0
0.99994564
1.0
1.0
0.9999579
0.9999838
0.99999344
0.99999976
1.0
0.40164164
0.50866383
0.49026725
1.0
0.51845664
0.49076042
0.8761046
0.9999958
1.0
0.9999862
0.9112233
0.49968988
0.6148006
0.7437309
1.0
0.42479143
0.79864776
0.5027622
1.0
1.0
1.0
0.9919917
0.48204273
1.0
0.9999863
1.0
0.9568109
0.44210023
0.9999839
0.7638081
1.0
0.7411891
0.3720854
0.8677412
0.99999845
0.9999999
1.0
0.41384637
0.5144561
0.36446613
0.9999999
0.69114804
0.99999595
0.54603446
0.99999976
0.99995613
0.84476024
0.9999045
0.49360803
0.6372203
0.41636875
0.5944178
1.0
1.0
0.49957842
1.0
0.9660533
0.99995446
0.50416833
0.999969
0.56921244
0.50811714
0.9999994
0.99999785
0.9999987
0.5012708
0.75445217
0.49419412
1.0
0.9999999
0.9999995
0.5023612
1.0
1.0
0.9999994
0.85632616
0.59591436
0.513753
0.9999999
0.98737794
0.49833834
0.5014186
1.0
0.8641047
1.0
1.0
0.68705076
1.0
0.99999917
1.0
0.99997425
0.99999964
0.50777876
0.85753894
0.90029466
0.841158
0.89032525
0.51207894
0.4896011
0.9999809
0.9999993
0.5700619
1.0
0.9999999
0.99996865
0.46439293
0.9999703
0.7518716
0.48659542
0.5188743
0.9999869
0.99999917
0.99999964
1.0
0.85457784
0.99999225
0.9999999
0.99996555
0.4998838
0.5415602
0.7194697
0.9999964
0.9999869
0.45852748
0.99999666
0.48997203
0.9999999
0.40520936
0.5257951
0.96295345
0.9999993
0.9999999
0.99999964
0.9531622
0.9999633
0.9695896
0.9401673
0.9999999
0.53915936
1.0
0.9933704
0.9999945
0.48562318
0.9999999
0.4271981
0.49939463
0.9234048
0.54794043
0.9999876
0.49223548
1.0
0.7151439
0.99999976
0.89263815
0.9999994
0.9999999
0.50748813
0.9999895
0.4703501
0.99999964
0.9284308
0.968293
0.9999821
0.4393365
0.5011355
1.0
0.9999995
0.9999894
0.56629264
0.36855364
0.99997663
0.9757701
0.5081315
0.59080654
0.9999994
0.419873
1.0
0.8821101
0.99999845
0.99999464
0.50841504
0.5592473
0.99999833
0.9999907
0.9999999
0.9999763
0.9999534
0.9999999
0.9999999
0.9999788
0.46474072
0.7304073
0.999997
0.9344317
0.9854939
0.9999604
0.9999993
0.99998903
0.59174436
0.7751484
0.7156676
0.48213977
0.99999917
0.48870912
0.5874345
0.99999785
0.46688464
0.99999917
0.49492434
0.99999464
0.9999999
0.9999888
0.46767473
0.49183062
0.99999964
0.99999964
0.99999976
0.49834988
0.57767147
0.99999523
1.0
0.99999976
0.6350298
0.9999975
0.9999994
0.5014181
0.68037415
0.5029902
0.5242419
0.4689336
0.99998844
0.6332812
0.9999716
0.43914446
0.49306116
0.9600363
0.511907
0.9999633
0.9431119
0.9249915
0.999995
0.9999926
0.51042
0.49663287
0.5052977
0.91547686
0.49035287
0.9999999
0.9999981
0.99999845
0.9999999
0.4496995
1.0
0.9684715
0.99999464
0.5110038
0.9999964
0.3450408
0.97275
0.5974666
0.99999976
0.47417945
0.79316086
1.0
0.79488564
1.0
0.999997
0.5012087
0.9999987
1.0
0.9999999
0.99999976
1.0
0.79720676
0.74544096
0.5773634
1.0
0.94662756
0.99999654
0.9999999
1.0
0.99999845
0.39708737
0.9999826
0.9999999
0.9999995
0.49748376
0.999997
0.9262138
0.39632532
0.4981238
0.99999285
0.69782925
0.4989412
0.9395393
0.99999917
0.27755404
0.9888898
0.99999857
0.99999046
0.7199626
0.60656524
0.99998164
0.59832835
0.8599345
0.72111
0.68265724
0.999997
1.0
0.9999995
0.99999917
0.99999917
0.94849
1.0
1.0
0.9999862
0.99984765
0.9999989
0.5608212
0.9924541
0.51048416
0.99999464
0.93814766
0.84881306
0.9999937
0.95827454
0.9999931
0.99998176
0.99999964
1.0
0.9999999
0.9999989
0.62390864
0.99999964
0.49332407
0.4798766
0.48083583
0.94163036
0.9999989
0.9999875
0.99999976
0.9999999
0.9999999
0.43933776
0.9999999
0.99999833
0.99988556
0.48748225
0.40581122
0.9999926
0.45509782
0.99999607
0.9999995
0.5354909
0.9999783
0.9999919
0.36212543
0.50998914
0.47503623
1.0
0.9999975
0.9999907
0.9998661
0.8880324
0.99997294
0.4977316
1.0
0.46058077
0.49932608
0.8341292
0.9999993
0.9999968
0.9999939
0.88351625
0.4831716
0.99999964
0.99999535
0.47284862
0.96135455
0.9999778
0.999979
0.5934004
0.99998915
0.99999976
0.99999917
0.49792948
0.9999902
0.9999988
0.9999907
0.7069945
0.6809293
0.5721494
0.5290955
0.5711239
0.99997544
1.0
0.48946223
0.9999987
0.49230075
0.9999999
0.99999857
0.5093999
0.99999106
0.80096287
0.99998796
1.0
0.4543992
0.4787999
0.32268503
1.0
0.5465355
0.48997352
0.6621268
0.5393263
0.44461
1.0
0.62718534
0.8510247
0.5057387
0.9198873
0.99999976
0.628512
1.0
0.5922458
0.9843993
0.6384426
0.7477959
0.9236444
0.9999995
0.5986925
0.4316789
0.99999917
0.4629637
0.4792908
0.99999964
0.48640135
0.56046534
0.49104315
0.41970342
0.49163967
0.9563783
0.59668475
0.6210112
0.7890675
0.49062538
1.0
0.8361719
0.9999801
0.97817606
0.9999939
0.4153716
1.0
0.9999999
0.56790286
0.74529254
0.49854594
0.52188385
0.50603527
0.714516
0.8260055
0.5007308
0.99999976
0.999979
0.5368013
0.53348225
0.4843113
1.0
1.0
0.48900393
0.5496144
1.0
0.99997056
0.9999994
1.0
1.0
0.99999976
1.0
0.99999857
0.99999976
0.90055233
0.99999094
0.9999851
0.63045025
0.5398148
1.0
1.0
1.0
1.0
0.6721057
1.0
0.9999994
1.0
1.0
0.9999763
0.99997985
0.959129
0.9999999
0.9999976
0.4427537
0.52350795
0.6282152
1.0
1.0
0.99999726
0.99997795
0.4980003
0.4847974
0.52339065
1.0
0.9999994
0.9999993
0.4266488
0.50808555
0.9999994
1.0
1.0
1.0
0.9922265
0.85620415
0.9999882
0.99998915
0.9999888
0.999982
0.9999982
0.99999964
0.9999982
0.99999297
0.9999975
0.99999535
0.90380514
0.4467335
0.55312425
0.9999994
0.7213511
1.0
0.99999356
0.6863875
1.0
0.68866646
1.0
0.58489984
0.999998
0.7778839
0.6060459
0.62032485
0.50322753
0.6946099
0.4815415
0.93167263
0.99996734
0.51374936
0.99999976
0.50577044
0.7484619
0.9999976
0.9999968
1.0
0.4986775
0.99999833
0.999992
0.9999927
0.9304328
0.99999964
0.80545014
1.0
0.99999917
0.636654
0.9999993
1.0
0.999998
0.9999993
1.0
0.9999951
0.9999999
0.99999917
1.0
0.99999964
0.49975795
0.43785664
0.99365634
0.5330789
0.67510617
0.99999976
0.99999666
1.0
0.99999464
0.5679235
0.43951142
0.9999515
0.99999905
1.0
0.9701002
0.9788401
1.0
0.99999964
0.5427298
0.99999774
0.99997675
0.78086895
0.99999964
1.0
0.4029751
1.0
0.51752454
0.8008156
0.99999535
0.9999949
0.7217443
0.9999989
0.9039916
0.9547315
0.5122267
0.9989718
0.90134764
0.999995
0.6326562
0.8128029
0.33878556
0.93849456
0.5069945
0.49957734
0.51245534
0.49617302
1.0
0.9999999
0.9011883
0.5210243
0.5355772
0.9999933
0.9999815
0.9999976
0.6054287
0.9674733
0.89325505
0.9994721
0.48356423
1.0
0.48567086
0.9967573
0.9999995
0.9999999
0.4984803
0.9999999
0.9999945
0.7976542
0.6528453
0.7956718
0.84908086
0.9999999
0.5014266
1.0
0.4809091
0.5644405
0.99998224
0.35950595
0.48228562
0.87284565
0.5647762
0.49952224
0.95826626
0.5001751
1.0
0.3136464
0.39458397
0.9999807
0.5359138
0.99999964
0.6715655
0.88047135
0.46836105
0.5179391
0.99998593
0.54044294
0.9999974
1.0
0.99999964
0.98990613
0.38414192
0.9024725
0.96639186
1.0
0.77562314
0.999998
0.9999975
0.59236765
0.65503216
0.75827986
0.8782214
0.47202307
0.8932677
0.9999974
0.6577864
0.99999774
0.6030807
0.99999976
0.49569747
0.6285474
0.37419856
0.8041984
0.29686022
0.894501
0.9999962
0.999995
1.0
0.99984396
0.4850683
0.9999995
0.49745226
0.99999297
0.9999579
0.49770686
0.59797204
1.0
0.9999937
0.47993553
0.4837862
0.5984536
0.99998665
0.9999999
0.49405608
0.26987424
0.9999988
0.9999964
1.0
0.49006554
0.6041529
0.49777016
1.0
1.0
0.8455527
1.0
0.7039167
0.57755095
0.9999999
1.0
0.77190864
1.0
0.9999776
0.9999999
1.0
0.84024084
0.8450524
1.0
0.9999993
0.99999833
0.99999976
0.49460748
0.4931739
0.99581283
0.9999982
0.7101866
0.5018631
1.0
0.66146284
0.5800357
0.33545288
0.6932052
0.99999833
0.99995434
0.4988372
1.0
1.0
0.99998
0.5080733
0.7204809
0.999998
0.9999963
0.9999963
0.9999993
0.9999745
0.27995747
1.0
0.48817638
0.49773654
0.8721615
0.9999895
0.42271695
0.7416283
0.44174153
0.30415228
1.0
0.9999995
0.99976915
0.99999976
0.9999975
0.83712494
0.50154525
0.43844372
0.7122519
0.38457143
0.54644096
0.8255867
0.9916938
1.0
0.9930415
0.9999989
0.9999999
0.47174865
0.4514358
0.49752083
0.8022036
0.9174688
0.45576453
0.99998164
1.0
0.54000396
0.9999999
0.99999297
0.76505446
0.6406326
0.5009377
0.5819619
0.99999845
0.99999976
0.58391464
0.46175075
0.99526864
0.99999416
1.0
0.99999976
0.99999785
0.8139842
0.99999976
0.9999653
0.9999862
0.46591017
1.0
0.95857424
0.56932807
0.99999523
0.43854916
0.8936274
0.99999595
0.5489037
0.9999988
0.99998045
0.9999672
0.9960764
0.99999046
0.9417078
0.823387
0.8090797
0.47931403
0.86829704
0.99999905
0.9999981
0.48987895
0.9999976
0.99999905
0.7618996
0.8799737
1.0
0.99997175
0.99999845
0.99999225
0.9999958
1.0
0.99999976
0.998686
0.5245221
1.0
0.7095559
0.3943573
0.6782146
0.98738396
0.4783328
0.4698731
0.37142736
0.39082208
0.4972198
0.7240344
1.0
0.83233386
0.5001345
0.99998724
0.895997
0.4477372
0.9999988
0.51019835
0.86667806
0.50237155
0.9999974
1.0
0.9999999
0.99908566
0.5626813
1.0
0.99999654
1.0
1.0
0.60107297
0.99997866
0.35664102
0.670559
0.50312024
1.0
0.4901245
0.7640264
0.9999883
0.99998677
0.6899842
1.0
0.38546705
0.49738666
0.6444411
0.70684195
0.56905067
0.99999857
0.9999975
0.99528104
1.0
0.99999976
0.78750587
0.51308274
1.0
0.9999882
0.9281067
0.9999999
0.50220597
0.99999404
0.99999607
0.4807235
0.9999999
0.50029284
0.9999999
0.9297236
0.6863586
0.9999964
0.3891818
0.9999995
0.8154223
1.0
0.8493465
0.5023639
0.87845737
1.0
0.6161889
0.4730753
0.9999993
1.0
0.99999535
0.4982192
0.9999988
0.99999976
0.9999906
0.87000364
0.93914324
0.77999085
0.9999999
1.0
0.7530577
0.9999999
0.8777056
1.0
0.48711425
1.0
0.9999926
0.9999999
0.4983066
0.99999475
1.0
0.68355685
0.6538245
0.9999995
1.0
1.0
0.5981983
0.9999999
0.947997
0.70245147
1.0
0.80442095
1.0
0.828444
0.8062261
0.49126533
0.7909295
0.6398878
0.5517092
0.99998355
1.0
0.49998122
0.37350902
0.6599393
0.9999683
0.6660536
0.99999845
0.50034076
0.7232902
0.9910938
0.99999964
0.99999917
0.5184807
1.0
0.50614476
1.0
0.9999995
0.9999988
0.9998735
0.49720854
0.99999905
1.0
0.5491147
0.99998856
0.50335586
0.9999989
0.48723364
1.0
1.0
1.0
0.9999968
0.9999527
0.8412481
0.99995553
0.5289696
0.49194962
0.8057771
0.9999982
0.999997
0.49955764
0.49905616
1.0
0.53196067
0.42679775
0.9999945
0.9999976
0.89221376
0.7180244
0.565709
0.45145845
0.48619735
0.78831434
1.0
0.500747
0.99999547
0.9999995
0.4921426
0.9875288
0.55566937
1.0
0.9999995
0.4825809
0.9999975
1.0
0.9727769
0.52973765
0.766226
0.99998677
0.9999989
0.9999907
0.9543076
1.0
1.0
1.0
0.44443
0.87898386
0.4944424
0.99999964
0.9999889
0.99997294
0.75524247
1.0
0.49304032
0.9999995
0.6769217
0.99994135
1.0
0.9999994
0.50477743
1.0
0.73420256
0.9999926
0.9360766
0.49755678
0.99997485
0.46338785
1.0
0.9999993
0.99999976
1.0
0.31722605
0.5242288
1.0
0.9999788
0.99998224
0.47537193
1.0
0.9999639
1.0
0.65841186
0.9999989
0.6050682
0.8023662
1.0
0.99999857
0.9997553
0.9918451
0.99999857
0.49713168
0.9999807
0.88775694
0.46746317
0.40331537
0.996933
0.6314474
0.9999999
0.5186616
1.0
0.49113026
0.42721447
0.43098077
0.76207143
0.46845874
1.0
0.9308199
0.99999726
1.0
0.44313732
0.49256253
0.99999976
0.9999999
0.9999999
1.0
0.9999999
0.99999595
0.44841552
0.9749367
0.48316753
1.0
0.9999913
0.54454637
0.9841628
1.0
0.46439373
0.83075494
0.99814236
0.88239574
0.7453624
0.81918114
0.99999905
0.9999988
0.99999845
0.9999964
0.53813994
0.7819643
0.8154286
0.8173783
0.6768884
0.74337894
0.99999845
0.99999976
0.9999993
0.65420634
0.99999714
0.99998343
0.99999833
1.0
0.58236325
0.50041807
0.48788613
0.8024129
0.58643323
1.0
0.99999845
0.62321967
0.5212783
1.0
1.0
0.99999976
0.9999906
0.9999999
0.6236225
0.9999932
0.358782
0.99999905
0.9999956
0.9999994
0.9999995
1.0
0.9999678
0.9999616
0.74612427
0.9999932
0.531314
1.0
0.5073292
0.9999999
0.99999344
0.8170531
0.9999999
0.9999989
0.9999989
0.68983275
0.99996424
0.9999999
1.0
0.99999917
0.9032671
0.9999951
0.48349974
0.48078844
0.99999845
0.501259
0.65143764
0.49885768
0.5165761
0.9999981
0.4965254
0.66651493
0.9999988
0.91205126
0.9999999
1.0
0.99999976
0.99999964
0.99999607
0.47753403
0.6579873
0.99999785
0.80356914
0.794663
0.49966595
0.85427785
0.8870833
0.49966258
0.49016425
0.9999808
0.47205585
0.3734615
0.99998987
1.0
0.857958
1.0
0.9999999
0.5375522
0.9999988
0.47617298
1.0
0.7941813
1.0
0.99999976
0.78981227
0.9999807
0.7534855
1.0
0.5820768
0.6951488
0.9999989
0.864287
0.9842508
0.99997234
1.0
0.4991456
0.9999764
0.9999974
0.50090814
0.87146485
0.7033584
0.98361325
0.647588
0.5411729
1.0
0.95728314
0.99999917
0.9936558
0.8589225
1.0
0.9999999
0.9999999
0.98853046
0.99293923
0.99999976
0.47988063
0.70764416
0.49908936
0.7546088
0.98414016
0.50002766
1.0
0.61761713
0.6962252
1.0
0.9999999
0.4857733
0.509468
0.8034586
0.49955884
0.5424248
0.50017434
0.4835995
0.9903418
0.9999908
0.93464196
1.0
1.0
0.4292439
0.9999944
1.0
0.8393931
0.9999722
0.99997663
0.61477494
0.69956493
0.776174
1.0
0.44235194
0.6702539
1.0
0.49976438
0.76521075
0.57512754
0.99999523
0.9999976
0.9851268
0.9181213
0.9999994
0.5058153
0.86680835
0.99999666
0.49747726
0.9999975
0.60718435
0.6156352
0.995408
0.869372
0.99999785
0.4784271
1.0
0.49019805
0.9999976
0.9815212
1.0
0.6406665
0.5691733
0.99999976
0.80045307
0.3625504
1.0
0.99999213
1.0
0.99999976
1.0
1.0
1.0
0.9999902
0.82213295
0.99999905
1.0
0.7924149
0.99998355
0.99999726
0.99997306
0.72204757
0.51096284
0.51677334
1.0
1.0
0.62125874
0.9999999
0.9999999
0.48870856
0.9999995
0.5031633
0.7287861
0.9999981
0.7979755
0.99999094
0.9999999
0.6972516
0.52668977
0.99995303
0.6845589
1.0
0.5111495
0.50320137
0.49987367
1.0
0.5216386
0.66504616
0.5254382
0.7469843
0.73819643
0.9999969
0.8691926
0.9999999
0.73656243
1.0
0.99998903
0.67376345
0.9999994
1.0
0.9461732
1.0
0.99999714
0.69714934
0.9999895
0.94262326
0.8595007
0.9999933
1.0
0.9825617
0.9999999
0.500263
0.73965675
1.0
0.85325253
1.0
0.9999949
0.99999976
0.4246293
0.9999938
0.7077033
1.0
0.5612964
0.9999863
0.67444146
0.99999607
0.9999486
0.49847344
0.5003221
0.78044397
0.9080814
0.539662
0.5159675
0.5634756
0.99999976
0.86914045
0.9999999
0.9999914
1.0
0.999982
0.49173284
0.99999964
0.6723654
0.48102862
0.99999917
0.49850893
0.99999976
1.0
0.9204004
1.0
0.5009497
0.49431986
0.99998856
0.69488907
0.99998355
1.0
0.99999976
0.9999552
0.83368313
0.48944578
0.5064493
0.56682754
1.0
0.45743337
0.9999999
1.0
0.84198153
0.9999782
0.3342582
0.49199256
0.9999999
0.7038861
1.0
0.9999871
0.51753026
0.9999968
0.9999994
1.0
0.99999845
1.0
0.3949408
0.5025561
0.69726324
0.36080778
0.9675927
0.52067
1.0
0.7761638
0.99997866
0.99999976
0.5090155
1.0
0.48207542
0.9999999
0.7710163
0.9979487
0.6009799
0.9999994
0.8774172
0.6068754
0.9999989
1.0
0.5186043
0.49485558
0.9999896
0.9999981
1.0
0.9999622
0.9999999
0.99999976
0.5286807
0.99999976
0.68871236
0.9239477
0.92981964
0.99999964
0.3817363
0.9999999
0.57267165
0.97081345
0.5087749
0.94506043
0.9999883
0.9999988
0.63158333
0.49289694
0.88133043
0.45519993
0.99998665
0.9999976
0.9999976
0.9999708
0.54539067
0.99999964
0.8281741
0.99999964
0.5109958
0.5505219
0.47985208
0.99999964
0.9999989
0.5002253
0.9999995
0.8726452
0.8871165
0.9999918
0.67331254
0.5753039
0.8428139
0.8794336
0.49862283
0.9999999
0.99999964
0.9999999
0.9999999
0.4993747
0.7186093
0.5376499
0.99999344
0.65917414
0.62450767
0.4054025
0.999998
0.50069934
1.0
0.46204677
0.47850135
0.99999976
0.80492485
0.39728713
0.73577374
0.61047715
0.93593884
0.54727644
0.99999917
0.999998
0.49984533
0.9999957
0.99999416
0.58354944
0.999997
0.8703253
0.7029667
0.81203586
0.5589488
0.9999734
0.9999963
0.999998
0.9999999
0.9999995
0.99999595
1.0
0.7747503
0.9999999
0.50097156
0.47923872
0.72301257
0.88050914
0.9176665
0.49733216
0.99999917
0.50070655
0.96429604
0.97064936
0.97376084
1.0
0.9999988
0.62482554
0.9999988
0.48153314
0.99999976
0.72822315
0.8518626
0.9999994
0.80113494
0.6034747
0.99999976
0.59500897
1.0
0.9999994
0.70833075
0.5540674
0.5314468
1.0
1.0
0.5018047
0.7081085
0.68929964
0.99999845
0.47348
0.999998
0.99998987
1.0
0.60141975
0.9999999
0.91399103
0.9999925
0.99534
0.40497372
1.0
0.69647944
0.99999404
0.99999976
0.6200209
0.99999666
0.42975792
0.999995
0.999992
1.0
0.6057271
0.9999993
0.706304
0.5514689
0.9745375
1.0
0.99998796
0.9999939
0.81153953
0.9999945
0.999995
1.0
1.0
0.49955955
0.99998665
0.88038844
0.9999958
0.99999964
0.99999857
0.9999999
0.8951447
0.42760292
0.9015172
0.95673627
0.47095641
0.4140989
0.74991477
0.8607566
0.999997
0.7377305
0.92424536
1.0
0.9999994
0.9183368
0.99999213
0.9999989
0.80510974
0.9999999
0.7332914
0.99999726
0.9999925
0.9999968
0.99999964
0.9999999
0.5579081
0.9999987
0.9999989
1.0
0.5066678
0.67842436
0.43757382
0.9999902
0.99997926
0.66814786
0.9995098
0.43928337
1.0
0.9999938
0.7420583
0.9999988
0.67279434
0.46339473
0.59973806
0.5005694
0.48090094
0.9999989
0.9885754
0.6796052
0.9999726
1.0
0.61867267
0.46618113
0.68832326
0.60144615
0.98223233
0.5349065
0.49942273
0.5541662
0.50097525
0.4433754
0.999936
0.48329416
1.0
0.9999999
1.0
0.9999701
0.6542378
0.93612814
0.9144743
0.63921225
0.8747849
0.99999976
0.9999945
1.0
0.9999956
0.9999776
0.42200586
0.49647868
1.0
0.8489461
0.7606415
1.0
0.9946131
0.9999199
0.9999602
0.49689546
0.48997372
0.42821914
0.5004542
0.6540429
0.8044366
0.9999968
0.48300552
0.99999666
0.99999976
0.9999987
0.99991965
0.99997973
1.0
0.4905636
1.0
1.0
0.49687722
0.9999964
0.9999999
0.9500402
0.76276815
0.52269703
0.49464095
0.6423501
0.48454872
0.4244558
1.0
0.9999993
0.49914655
0.6020976
0.48662996
0.9999999
0.6985146
0.9999988
0.9943982
1.0
0.5970912
0.4861542
0.4018434
0.99999917
0.9999913
0.9325728
1.0
0.9999995
1.0
0.4178446
0.34468213
0.4962807
0.9961436
0.9999999
0.61198884
0.99997675
0.998589
0.9999807
0.99999785
0.62912554
0.6476292
0.37284663
1.0
1.0
1.0
0.9999993
0.6697783
0.52372634
0.6162959
0.99999833
0.9999777
1.0
0.9999989
0.39610904
0.7867575
0.50490665
0.630238
1.0
0.8207129
0.5060069
0.9943522
0.88742644
0.9999987
0.51394427
0.9999994
0.9857547
0.61360896
1.0
0.78421146
0.58421046
0.98325473
1.0
0.9999747
0.99996233
1.0
1.0
0.4146595
0.99999547
0.9205569
0.64458895
0.99999976
0.40372264
1.0
0.99999344
1.0
0.6877911
0.46566907
0.772178
0.7454541
0.69488776
0.9999999
0.87857634
0.99999976
0.6755076
0.99998844
0.99999404
0.99999905
0.9999957
1.0
0.9999999
1.0
0.50234497
0.62491775
0.49789932
0.5563328
0.5177883
0.87814516
0.99999106
0.62572086
0.9999999
0.78555965
0.9999993
0.99999833
0.7060185
0.9999962
0.99999166
0.50461066
1.0
1.0
0.9999999
0.99334246
0.9999956
1.0
0.4986606
0.49067137
0.9999999
0.7722601
0.42649478
0.83921915
0.9751531
0.9999995
0.9596258
0.99999964
1.0
0.99998546
1.0
0.99997425
0.97050786
1.0
0.80426896
0.9999999
0.9999999
0.4778324
0.9999566
0.99999905
0.8204408
0.5055255
0.5267791
1.0
1.0
0.79669046
0.5502836
0.69421536
0.48486736
0.48551923
0.49865252
0.9766192
0.39424846
0.5346371
0.46010205
0.9994517
0.99999535
0.5465965
0.50047815
0.99999905
0.85219634
0.99999297
0.99999726
0.49781927
1.0
1.0
0.3925822
0.50167054
0.4782821
0.66862744
0.49574897
0.9652236
0.49808985
0.982276
0.99999845
0.9167196
0.63864815
0.9999546
0.727191
1.0
1.0
1.0
0.6131744
0.99999404
0.6181006
0.9999906
0.86688817
1.0
0.5048325
0.99999785
0.9999951
1.0
0.5198973
0.7526251
0.5047561
0.9999989
0.7559078
0.7287233
0.7762215
0.6664227
1.0
0.89638364
0.40027606
0.90326846
1.0
0.9999999
0.444421
0.51988006
0.5536596
0.49868453
0.9999995
0.9688409
1.0
0.99999964
0.89478135
0.91626704
0.4399432
0.99999297
0.7429825
0.63433474
0.9999995
0.9999993
0.99999046
0.5133634
0.60464627
0.9999999
0.52888346
0.99999416
0.4958781
0.99999535
0.8038613
0.4908214
0.72564393
1.0
0.9113234
0.5020954
0.500113
0.9999931
0.9999999
0.848659
0.96460474
1.0
0.499821
0.5163592
0.9999993
0.48634467
0.4725084
0.4639745
0.6783895
0.502453
0.8398818
0.43579298
0.9999976
1.0
0.539279
1.0
0.73784703
0.5261095
0.9999994
0.5119555
0.86992586
1.0
0.6861917
0.9999999
0.95036376
1.0
1.0
0.9999691
1.0
0.9999981
0.999987
0.99999595
0.4970512
0.50630903
0.33730388
0.90430653
1.0
0.9999987
0.5114304
0.49926063
0.4989474
0.8110292
0.9987412
0.99999976
1.0
0.99999607
0.9999975
1.0
0.560844
0.7958514
0.9999819
0.507018
0.9999604
0.9888707
0.7528239
0.9999999
0.5356052
0.9999995
0.4647287
0.8051642
0.8386346
0.67989796
0.9999914
0.76515484
0.4778428
1.0
1.0
1.0
0.8870162
0.6220718
0.99999976
0.8397216
1.0
0.974035
0.48648754
0.99999785
0.99998176
1.0
0.9999988
0.942359
0.9089428
0.49860793
0.9999789
0.99999607
0.70971644
0.993254
0.9999999
0.9999608
0.9999995
1.0
1.0
0.6336777
0.9999999
0.9999714
0.98916656
0.9999994
0.99999845
0.99999976
0.91510475
0.5913551
0.39330903
0.99997187
0.99996924
0.48772722
0.48437357
0.50845885
0.99996245
0.99999976
1.0
0.43648845
0.8048776
0.9999999
0.9999999
1.0
0.5045838
0.800008
0.999998
0.8239807
0.7373343
0.9999987
0.9999882
0.999997
0.99999905
0.99999213
0.7591207
0.94983894
0.55111456
0.99998164
0.5105166
1.0
0.42795295
0.99998474
0.4134046
0.9999902
0.4993326
0.9999963
0.4924145
1.0
0.4601023
0.5186532
0.4664666
0.9999881
0.999985
0.99999976
0.9999982
0.45267045
0.49373993
0.52491105
0.92650014
0.5015969
0.99999917
0.4750844
1.0
0.843318
0.96668696
0.99999964
1.0
1.0
0.9973456
0.41883996
0.50309837
1.0
1.0
0.63321805
0.47468486
0.7527404
0.48522383
1.0
0.5132501
1.0
1.0
0.4967967
0.48825797
0.55837137
0.9999995
0.99999964
0.9999937
0.92504025
0.5002741
0.9999634
0.4920023
1.0
0.9999999
0.94781184
0.9999907
0.5600938
0.45175496
0.50529176
0.99999964
0.49449778
0.99999726
1.0
0.38258108
1.0
0.9999995
0.8324835
0.88034594
0.9999982
0.99999964
0.99998975
1.0
0.9999976
0.42429674
0.9999908
0.515583
0.4919659
0.46542525
0.936064
1.0
0.6791911
0.54851216
1.0
1.0
0.99998844
0.6223798
0.50225997
0.44086143
0.601202
0.6904206
0.5441243
0.9999963
0.5501758
1.0
0.6191871
0.65257496
0.9999926
0.73194313
0.58284366
0.73737776
0.5527744
0.999998
0.99997365
0.9999976
0.9999926
0.9999951
0.7320525
1.0
0.49971336
0.9999995
0.9999963
0.5010459
1.0
0.5319487
0.43802714
0.8062277
0.9999943
0.49035367
0.7230002
0.99999917
0.50738007
0.6572431
1.0
0.9999937
0.99999964
0.9999974
0.5648411
0.46150574
0.93399554
0.50134104
0.40027553
0.9999988
0.4995064
0.9999993
1.0
0.99996483
0.50048834
0.60319436
0.7727266
0.9999999
1.0
1.0
0.7806551
0.49989292
0.43741786
0.9999863
1.0
1.0
0.99999654
0.9787025
0.94143134
0.99999976
0.9999962
0.52846515
0.40169623
0.5009595
0.9666272
0.5808023
0.50161475
0.9999999
0.563799
0.78402483
0.9999995
0.982636
0.46134686
0.50662684
0.5527487
1.0
0.9999938
0.44677186
1.0
0.37930906
0.99999726
0.9711043
0.73915803
0.9999602
0.9999994
0.99999213
0.999974
0.49092895
0.9999994
0.9999994
1.0
0.8926219
1.0
0.999998
0.9603103
0.9999962
0.8170523
1.0
0.99999964
0.49620932
0.9999999
0.9999925
0.6718521
0.5000969
0.9562894
0.99998796
0.9999999
0.67231077
0.99999976
1.0
0.59652495
0.6138887
0.999998
0.501348
0.4517994
0.5816709
1.0
1.0
0.99999857
1.0
0.9999925
1.0
0.99999976
1.0
0.46701023
0.9999999
0.99999964
0.701494
0.37488934
0.48899764
0.99999976
0.733225
1.0
0.9999943
0.99999976
0.503561
0.63828456
0.66541064
0.4638153
0.81078947
0.9999927
1.0
0.625375
0.4989902
0.99994624
0.7655924
0.55952066
0.49995756
0.5950706
0.5026024
0.9911171
0.99999964
0.9998779
0.8508657
1.0
0.7932064
0.48250383
1.0
0.9999999
0.99999964
0.9831508
0.70897806
0.9999995
0.93129075
1.0
0.4986706
0.48489967
1.0
0.5590046
0.96057135
1.0
0.71767414
0.47023782
0.999974
0.44843832
0.49926913
0.63875055
0.6245196
0.54832524
0.806433
1.0
0.9999975
0.6861842
1.0
0.9999957
0.9999999
0.50535715
0.9999862
0.8146076
0.9999999
0.9999958
0.99999774
0.6132007
0.8068979
0.5060431
0.99999964
0.4995586
1.0
0.9999492
0.7050112
0.9999914
0.45188802
1.0
1.0
0.5188265
0.9346874
0.9509935
0.43142483
1.0
1.0
0.9999995
0.5058567
0.99999833
0.5190139
1.0
0.39318097
0.42922124
0.9999999
0.81350726
0.9999999
0.5987563
0.9999976
0.9999995
0.58769226
0.5054157
0.4991999
1.0
0.99995303
0.9999999
0.99998164
1.0
0.55197096
1.0
0.7055844
0.4972386
0.6064742
1.0
0.99999964
0.47407
0.9999993
1.0
0.5040517
0.6316754
0.999985
0.99999976
0.9999976
0.78080755
0.49100882
0.97788036
0.75885683
0.9999931
0.999961
0.48112336
0.6620946
0.9999999
0.99999905
0.5014323
0.99998796
0.7091819
0.56391335
0.5028782
0.48431388
0.9999932
0.70652217
0.6070982
0.9999999
0.9999931
0.6480468
0.7955386
0.5687476
0.9999994
0.99999964
0.83899647
0.6944615
0.9999981
0.98887676
0.72819227
0.46890688
0.44033176
1.0
0.99999905
0.63497466
0.4973545
0.99999964
0.5812503
0.9999957
0.99999833
0.44120765
0.99996173
0.9912019
0.8556613
0.86309844
0.49811393
1.0
0.7607238
0.55379117
0.99999905
0.99999976
1.0
0.6177419
0.9999993
0.685658
0.52324414
0.47051787
0.9999989
1.0
0.70962226
0.55003756
0.99999475
0.9999989
0.88332343
0.9307824
0.506912
1.0
0.3752167
0.9328284
0.9999994
0.49360526
0.9999995
0.89191806
0.4662357
0.50461745
0.63249046
0.5005183
0.9810798
0.988675
1.0
0.6698475
0.9999907
0.9999931
0.9998354
0.9728473
0.85450244
0.34351552
1.0
0.5797378
1.0
0.50004935
0.4911505
0.5494489
0.5578908
0.9999931
0.4763976
0.9999999
0.49863622
0.9999963
0.9999999
0.9999969
0.8346969
0.46710646
0.46250257
0.6190848
0.9999999
1.0
1.0
0.83571815
0.9999999
0.49197537
0.81965536
0.9999993
0.49974883
0.9741401
0.84601146
0.6406715
0.5753212
0.9968644
0.54048246
0.9999771
0.99999833
0.9999949
0.9999999
0.50100577
0.9999999
0.99999976
0.56816345
0.5007792
0.57960546
0.99999964
0.49238154
0.99999964
0.7235185
0.49983662
0.7645934
0.9999999
0.3884455
0.94082963
0.44641137
0.49822545
0.9999999
0.53805816
0.9999943
1.0
1.0
0.5091435
0.49420512
0.49070185
0.8834172
1.0
0.8672933
0.99999976
0.99998665
0.9999814
0.46023425
0.8089275
0.9999988
0.9999871
0.99998546
0.99999166
0.99999714
0.8682967
1.0
0.99998295
0.8419308
0.895418
0.86371064
0.8624482
0.5248381
0.9999757
0.9999999
1.0
0.9999726
0.9999933
0.5936994
0.99999964
0.48946416
0.47887126
0.49934623
0.37338063
0.47636762
0.9999782
0.99999976
0.5103037
1.0
1.0
0.9999989
0.9999999
0.5041414
0.57702196
0.9998332
0.9999999
0.4959738
0.5044256
0.43939266
0.99999964
0.5458562
1.0
1.0
0.5051661
0.9999944
0.50074387
0.99997497
0.5897974
0.9999982
0.5719232
0.59371215
0.8968629
0.753759
0.5053523
0.8769828
1.0
0.62135184
0.99999845
0.9999877
0.800079
0.94869244
1.0
0.46491024
0.9999995
0.71479404
0.42997468
0.9667919
0.49643025
0.9999968
0.9271272
0.48106194
0.88138026
0.9999887
0.5044449
0.9999511
0.64444757
0.99999976
0.7719687
0.9999995
0.99999857
0.9999994
0.4515362
0.9999999
0.66059285
0.999982
0.42941222
0.61044556
1.0
0.999997
1.0
0.9999994
0.999984
0.9999999
1.0
0.59698176
0.4541759
0.99999964
1.0
0.6433138
0.9999988
0.51103336
0.99999464
0.999987
0.46832085
0.53931695
0.9999993
0.5720278
0.55027795
0.99999976
0.99999917
0.32884583
0.7202893
0.9999987
0.9999999
0.81654716
0.76592314
0.72535896
0.999995
0.37602323
1.0
0.5556432
0.6214329
0.6970759
0.6639935
0.9999993
0.966462
0.9999999
0.73409307
0.99999917
0.8726302
0.5462237
0.79496413
1.0
0.42152283
0.9999765
0.93338937
0.73267144
1.0
0.99995005
1.0
0.9999951
0.7622434
0.8857539
0.78892165
0.9999739
0.8852199
0.5000438
1.0
0.99999726
0.99996567
1.0
1.0
0.48672247
0.99999976
0.5066995
0.5775621
0.51725477
0.4403839
0.49782723
0.53252465
0.9599525
0.9999999
0.5062796
0.99997365
0.9999981
1.0
0.77334183
0.9999999
0.99999976
0.5841065
0.87689096
0.5104671
0.9999994
0.50076735
0.9999933
0.99999976
0.5325224
0.86937416
1.0
0.4659201
0.63967794
1.0
0.58077246
0.43148714
0.99998105
0.9999994
1.0
1.0
0.4547511
0.350945
0.9999964
0.90086144
0.46369916
0.57270306
0.7385613
0.4721078
0.99999404
0.4755655
0.99999976
1.0
0.45331168
0.9999933
0.5045041
0.49850762
0.9999982
0.9999999
0.49676323
0.36303803
0.715362
0.9999999
0.80119616
1.0
0.99999154
0.9999999
0.99999595
0.42977324
0.4868346
0.89920896
0.9999578
0.99999845
0.9999771
0.60844237
0.903214
0.8774141
1.0
0.8942456
0.9174651
0.99928135
1.0
0.6782239
0.9999999
1.0
0.70367074
1.0
0.9689882
1.0
0.38785198
0.73540163
0.49151507
0.7456766
0.99998665
1.0
1.0
0.99996054
1.0
0.7819802
0.9504079
0.52945757
0.47740677
0.985137
0.6516921
0.9999982
0.5531972
0.9999883
0.9999838
1.0
0.948998
0.9999802
0.7460957
1.0
0.50181735
0.9999987
0.999954
1.0
0.9999994
0.9999999
0.6885723
1.0
0.44016764
1.0
0.9999993
0.43766388
0.99999917
0.9999845
1.0
1.0
1.0
1.0
0.3724693
0.9999993
0.9999988
0.6197822
0.99999547
0.99999964
1.0
0.51562893
0.37494892
0.9782947
0.999984
0.7382741
0.48001984
0.86942625
0.9999596
0.73980135
0.9999987
1.0
0.557139
0.9420533
0.9998667
0.60924447
0.8611994
0.99999964
0.9999956
0.38308686
0.9999895
0.51495326
0.5817633
0.500225
0.49395844
0.50759715
0.65897083
0.99999547
0.7503494
0.9999994
0.9999498
0.9999999
0.56750196
0.7958159
0.7132908
0.99998593
0.9357144
0.6172899
0.48449984
0.35471144
0.5404467
0.51741993
0.49681523
0.9999999
1.0
0.3897013
0.9999999
0.8446018
1.0
0.47924158
0.5094669
0.4793737
0.52161545
0.51833296
0.9999752
0.66115975
0.9999956
0.99999595
0.9999994
0.50130713
0.99999917
0.5454204
0.5823787
0.99999
0.99999964
1.0
0.99999976
0.54563457
0.9999999
0.51137775
0.9999682
0.9999993
0.9999995
0.9999994
1.0
0.46700007
0.6938538
0.3741276
0.4755082
0.9999943
0.6182843
0.99999976
1.0
0.75455904
0.9891917
0.9999976
0.99999595
0.5478176
0.8305765
0.49298963
0.4716174
1.0
1.0
0.9999907
0.8477082
0.8458853
0.46246952
1.0
0.7158591
0.5185212
0.6937099
0.9999995
0.99200857
0.99999917
1.0
0.49823746
0.9999329
0.99999964
0.78765786
0.9999993
0.99998856
0.49866912
0.9999864
0.45372567
0.80004716
0.4897491
0.9185021
0.798034
0.7523952
0.99999976
0.5036134
1.0
1.0
0.46413177
0.9999994
0.69413245
1.0
0.6514468
1.0
0.56165946
0.99999475
0.5092496
0.5004604
0.6585976
0.577934
0.9999796
0.49396276
0.5067046
0.9999999
0.4832109
0.7044807
0.99999964
0.999977
0.58731985
0.9579508
0.9999999
0.87891155
0.4995708
0.43159717
0.38237888
0.9999994
0.9999999
0.99998593
0.9999995
0.9999994
0.5023063
0.6769844
0.9419906
0.6199537
0.47450393
1.0
0.4540672
0.9999989
0.9999999
0.5391335
0.9999999
0.9999995
0.99999225
1.0
0.48452935
0.9999964
0.5075022
0.6931978
0.99998736
0.41431403
0.91224873
0.6166536
0.46985263
0.9539373
0.48944142
0.9090312
0.5586662
1.0
0.9999864
0.9999962
1.0
0.99999344
0.9999999
0.9999348
0.9999987
1.0
0.99999976
0.99999654
0.9021027
0.8278708
0.5057287
1.0
0.9999974
1.0
0.5115909
0.99999976
0.50056374
0.99999404
0.55037034
0.50745785
0.9999999
0.999998
0.5585467
0.99999976
0.99999845
0.4159478
1.0
0.9999999
0.999997
0.7440823
0.99997425
0.9999999
1.0
0.51775706
0.9999999
1.0
1.0
0.49973145
1.0
0.6950634
1.0
0.9999999
0.480448
0.4910046
0.4794532
0.99998593
0.99999106
0.36911872
0.7232232
0.99999833
0.5020118
0.6567923
0.999977
0.7416447
0.9999994
1.0
0.9187849
0.485186
0.51320493
0.47520033
0.500347
0.99999774
0.5116742
0.99997795
0.49289984
0.5010849
0.9999999
0.9999734
0.72264254
0.5385638
0.5402659
0.6369588
0.5105701
0.5010532
0.99999714
1.0
0.99999857
1.0
0.9999994
0.99998593
0.9999807
0.5256597
1.0
0.5562368
1.0
0.9999665
0.75978637
0.7125006
0.42594147
0.99997866
0.82513005
0.9999889
0.99999964
0.77571934
0.9999995
0.88574684
1.0
0.4918992
0.9999784
0.49519563
1.0
0.9208291
0.9999999
0.99999905
0.99999976
0.9555838
0.8663746
0.87457204
0.6626474
0.5055359
0.8094833
0.4967322
0.9999995
0.9999858
0.500925
0.78041524
0.9018234
1.0
0.9999999
0.97696316
1.0
0.859134
0.99999917
0.8952068
1.0
0.35973778
0.6416803
0.91031367
0.99982834
0.5387942
0.99749446
0.99997926
0.3655803
0.77765566
0.9999857
0.9999999
0.8219611
0.94994706
0.5240439
1.0
0.99999
0.81337035
0.44438908
0.72993404
0.65453255
0.9999989
0.57598805
0.99999654
0.99999976
0.8056116
1.0
1.0
0.99999833
0.9999995
0.6491587
0.87540925
0.9999999
0.5044653
0.6151189
0.49986026
0.9999988
0.8676311
0.6126214
0.99999964
1.0
1.0
0.99997246
1.0
1.0
0.99996734
0.99999917
0.9999999
1.0
0.99996924
1.0
0.99999726
0.3730124
0.47084355
0.4147904
0.9015721
0.47951278
0.45427892
0.99999034
0.9999474
1.0
0.41070512
0.9999988
1.0
0.68144834
0.9999982
0.45150164
0.4943469
1.0
0.56474507
0.5326745
1.0
1.0
0.99221957
0.7554478
0.36266062
0.51311344
0.9999951
0.50836486
0.8208082
0.7664637
0.99999845
0.3540289
0.4843943
0.50035286
0.533464
0.9999801
0.74120265
1.0
0.49742642
0.9217203
0.4874778
0.9999974
0.72164816
0.36635444
0.6075614
0.99998593
0.4932314
0.39359283
0.99999285
1.0
0.46696803
0.99998224
1.0
0.52917314
0.9046315
0.99999964
0.77716905
0.9999895
0.4803223
0.480548
0.9999964
0.467123
0.91430813
0.5030353
0.99999774
0.9999467
0.9999993
0.9999987
0.99988294
0.99999976
0.48991576
0.99999964
0.9999999
0.54542905
0.99999964
0.93215996
1.0
0.49918547
1.0
0.80432385
0.6783169
0.99999905
0.5466973
0.48053488
0.9664827
0.5202264
0.6585229
1.0
0.99999356
0.81526184
0.9999958
0.6170649
0.99999964
0.9999999
0.63245696
0.6878119
0.49934015
0.9999876
1.0
1.0
0.7079688
0.9999982
0.50076467
0.45048413
0.8326985
0.989495
0.4173535
0.9999994
0.99999917
0.68904084
0.9999999
0.9999999
0.57140636
1.0
0.99999964
0.8627774
0.48502982
0.99513346
0.49603337
0.60417885
0.4861823
0.54405314
0.9999994
0.9999987
0.4981861
0.50770646
0.37187663
0.8591317
0.9999999
0.35956773
0.9999883
0.99999976
0.89041984
0.5055838
0.56235325
1.0
0.99999976
0.8060051
0.90138143
0.99999845
0.93727106
1.0
1.0
0.38609236
0.6842177
0.94970614
0.5665009
0.50083435
0.95140105
1.0
0.4997203
0.9999999
0.59159476
0.9999999
0.9999993
0.89654493
0.9983588
0.9999999
0.99999964
0.99999833
0.52859926
0.58039373
0.42604616
0.40524074
0.9999995
0.49890015
0.55722046
0.4810467
0.5006372
1.0
1.0
0.49997628
0.9999906
0.9999865
0.56554854
0.999997
0.91120434
1.0
0.40063888
0.86567724
0.9999981
0.9999999
0.99999225
0.52527577
0.9999994
0.46217585
0.9999989
0.9999999
0.99999976
0.9999999
1.0
1.0
0.99999833
0.49874082
0.3357718
0.54587144
0.9999987
0.9999943
0.35874462
0.63909346
0.5850687
0.5003295
0.9999523
1.0
0.58158296
0.4999801
0.49612087
0.89067775
1.0
0.9999901
0.9336208
0.8790137
0.61825013
0.89138687
0.99996126
0.66312754
0.81527215
0.55146086
0.9230734
1.0
0.9999999
0.5010562
0.9988237
0.99999964
0.9999999
0.985246
0.9999995
0.5935133
0.70741165
0.79346997
0.99999917
0.99999833
0.5751204
0.999998
1.0
0.9553143
0.99999964
1.0
0.41037756
0.9999989
0.9999974
0.4980073
0.76000965
0.48530424
1.0
0.9999999
1.0
1.0
0.5087029
0.9999994
0.6643558
1.0
0.9999999
0.7166395
0.49951968
0.9270573
0.99998987
0.9999814
0.5063592
0.8806452
0.9999999
0.92537564
1.0
0.5154851
0.5001301
0.92560387
0.9999995
1.0
0.992987
0.9999982
0.99999976
1.0
0.99999964
0.5237827
0.49959853
0.6608833
0.9999801
0.9999976
0.48626983
0.5989489
0.99999297
0.484253
0.70059735
0.99999917
0.99975914
0.9220141
0.84323126
1.0
0.5083388
0.9999956
0.9999993
0.47398373
1.0
0.9999999
0.9999993
0.5908625
1.0
0.49846703
0.6377111
0.4673409
0.32787925
1.0
0.99999964
0.9999765
0.39366084
0.979074
0.9372809
0.9999844
0.9999958
0.9505935
0.99997604
0.9999114
0.5032967
1.0
0.88297147
0.99999166
0.9999957
0.9999999
0.5259399
0.4744872
0.9052302
0.799769
0.5257148
0.49022377
0.49633357
0.8458853
0.49993235
0.99999964
0.5168647
0.50892514
0.99999976
0.45246994
0.99662113
0.5810257
0.9999999
0.63525206
0.9999695
0.9999958
0.6865101
0.55279934
0.46597016
0.6178387
0.9863172
1.0
0.99999344
1.0
1.0
0.9999708
0.99999285
0.68299687
0.9985114
0.9999924
0.9999963
0.99998915
0.51847696
0.68199974
0.9999777
0.4348391
0.5369448
0.9999981
0.9999864
0.99999464
0.7210436
0.9999994
0.99991393
1.0
0.8104631
1.0
0.9999999
0.9999527
0.999982
0.99999964
0.55427796
0.6754299
0.99999905
0.9999982
0.999998
0.83653265
0.7420426
1.0
0.9514652
0.6310491
0.99999964
0.725814
0.70822006
0.5335975
0.65097636
0.36699313
0.9999902
0.9999999
0.99999845
0.99999595
0.50971425
0.50313306
0.99999654
0.99999905
1.0
0.6414608
0.8406614
1.0
0.49513733
0.49205905
0.99999964
1.0
0.9860497
0.99999917
0.62795466
0.9999862
0.39221212
0.9999995
0.99997866
0.6781917
0.3746393
0.7243274
1.0
0.5236516
0.38385218
0.9999403
0.9999294
0.49542597
0.49680576
1.0
0.91403615
0.99999654
0.9999999
0.5027663
1.0
1.0
0.91248673
0.9999436
0.5692932
0.9999999
0.49050307
1.0
0.99995863
0.9999999
0.99999535
0.4685945
0.5932373
0.49968365
0.96486646
0.99999964
1.0
1.0
0.9999913
0.8663066
0.999998
0.4968851
0.69593924
1.0
0.47371757
0.9999999
0.99998474
0.9999999
0.76289123
1.0
0.50883573
0.35982978
0.67227393
0.5205854
1.0
0.94439304
0.5916656
0.64745355
1.0
0.25282988
0.53742546
0.9999759
1.0
0.5005208
0.99998283
1.0
0.999961
0.81154335
0.99999917
0.7116885
0.9999888
0.500287
0.5041614
1.0
0.99435484
0.99998665
0.4661671
0.52940947
0.98713183
0.9999968
0.99998593
0.73224896
0.99999726
0.4182778
0.99999976
0.5154094
0.9999981
0.45543036
0.99999964
0.9999995
0.623622
0.999997
1.0
1.0
0.99998593
0.9999745
0.99998295
0.45771575
0.99998355
0.74829406
0.9999931
0.9999994
0.9999974
0.99999976
0.60548705
0.99999964
0.5710562
0.97733384
0.5416346
0.99999857
0.8318191
0.9589033
1.0
0.5941549
0.27716106
1.0
0.99999976
0.5355344
0.9636014
0.99966955
0.63469285
0.9517912
0.9999943
0.67368364
0.9999826
0.717612
0.5008026
0.50575024
0.728615
0.9625859
1.0
0.8279461
0.62265754
0.5060044
1.0
1.0
1.0
1.0
0.7601752
1.0
0.8159708
0.7920238
0.65725076
0.99995255
0.99999976
0.9999999
0.8754199
0.99997795
0.9999999
0.4968854
0.81131184
0.999995
0.9492872
1.0
0.99999976
0.9582494
0.8289219
0.7844996
1.0
1.0
0.5826628
0.9999908
0.48957077
0.9999987
0.9999995
0.9310646
0.94198775
0.9999896
0.9004858
1.0
0.75038916
0.99999607
0.9999999
0.99998415
0.99999845
0.9999988
0.7274493
0.9999999
0.9841105
0.99999666
0.504411
0.5041634
0.69953877
0.4970687
0.9999981
0.95930094
1.0
1.0
0.49953303
0.9999784
0.6977846
0.99999535
0.94647396
0.49686787
0.9999943
0.5611764
0.99998224
0.73701274
0.5020382
0.3939329
0.91145265
0.49417147
0.9999999
0.8775795
0.49969697
0.9999931
1.0
0.5513763
0.92807096
1.0
0.5877954
0.9999995
0.9167355
0.99999845
1.0
0.5718071
1.0
0.99999845
0.40253028
0.8920001
0.50499517
0.49344638
0.49245486
0.9999887
1.0
0.99999404
0.52776796
0.51902395
0.9999964
1.0
1.0
0.99998796
0.99998415
0.86449283
0.99999774
1.0
1.0
0.9161264
0.9999995
0.99998915
0.8034502
0.99999833
0.99999774
0.9999639
1.0
0.5482283
0.9306547
0.54830205
0.3656217
1.0
0.99999714
0.99998105
0.9999999
0.9999975
0.4084338
0.76236314
0.99999976
0.98603976
0.59560096
1.0
0.4858627
0.5319111
0.99998796
0.99999416
0.5033408
0.999984
0.999995
0.99999
0.4571929
0.9999999
0.91050303
0.9999988
1.0
1.0
0.99999976
0.99999905
0.83042043
0.9999995
0.41974366
0.49818745
1.0
0.7783241
0.99999654
0.6577436
0.9999621
1.0
0.99999607
0.99998
0.51032513
1.0
0.9999609
0.99996877
0.9999999
0.4744487
0.99997103
0.5602151
0.7212334
0.986795
0.4294443
0.98788536
0.50711936
0.93248355
0.496618
0.9996834
1.0
1.0
1.0
1.0
0.72618806
0.5315581
0.48290503
0.5001981
0.99999976
0.9999999
0.54759306
0.5308987
1.0
0.8601784
0.6673637
0.99999964
0.50954807
0.5064619
1.0
0.6818271
0.99999905
0.9999713
0.9999994
0.9241817
0.9999994
0.9999949
0.5263848
1.0
0.99999905
1.0
0.67403215
0.9999994
0.4364464
1.0
0.99999905
1.0
0.63794184
0.7320138
0.48474145
1.0
0.99999905
0.4973249
0.7344724
0.99998105
0.9353375
0.542645
0.65991604
0.99999225
0.38851812
0.99998796
0.99999845
0.99999976
0.7020122
0.99999845
0.9999492
0.9999951
0.8963729
0.99999297
1.0
0.92930496
0.45004734
0.99999976
0.99999976
0.99999034
0.9999994
0.4911986
0.99999976
0.99999964
0.61036885
0.9001162
0.9999951
0.5036918
0.999938
0.9999664
0.9999999
0.9476821
0.99995816
0.6049847
1.0
0.52190775
0.99995923
0.9999999
1.0
0.999969
0.9104131
0.99999976
0.8030759
0.49732727
0.53915787
0.8527884
0.78846097
0.48369637
0.9999995
0.9686193
1.0
0.40486395
0.9999862
0.99999106
0.99999845
1.0
0.33461413
0.7684613
0.9885196
0.52101904
0.99998856
0.48041373
0.9999938
1.0
0.47040087
0.99999976
0.9999995
0.9999956
0.99997413
0.63227195
1.0
0.4784862
0.9999994
0.99999845
0.66292566
0.4430846
0.6189185
0.99999917
1.0
0.9695058
0.99999976
0.9999999
1.0
0.999982
0.9912273
0.48938975
0.99991214
0.4616151
0.5003112
0.7566971
0.4880367
1.0
0.9999999
0.9999933
0.9999989
0.99999475
0.98335314
0.42247263
0.97321534
0.9999882
0.99999976
1.0
0.46877837
1.0
1.0
0.54108155
0.99999905
0.99999845
0.73064715
0.9999993
0.99998736
0.999998
0.8312166
0.5059532
0.9999987
0.94189656
0.49181068
0.79459876
0.9999999
0.5003464
0.6876706
0.9569464
0.9477732
0.58685833
0.47659752
0.9818518
0.5243129
1.0
0.9999999
0.74819475
0.6432161
0.9307476
0.9999964
1.0
0.8748777
0.75517184
1.0
0.9096169
1.0
0.9999852
0.9996922
0.9999999
0.7789349
0.9996902
0.59796494
0.57356596
0.9999995
0.9999981
0.45591873
0.999985
0.9999994
0.99999845
0.99999976
0.49780035
0.505379
0.99998975
0.9999999
1.0
0.7976311
0.9999993
0.43244666
0.99999714
0.9847149
1.0
0.9999994
0.53716975
0.99999475
0.65391326
1.0
0.9999988
0.61790293
0.5034168
0.9999939
1.0
0.8549358
0.9999999
0.4998411
0.8806511
0.7878173
0.9999943
0.8631549
1.0
1.0
1.0
1.0
0.52066576
0.9999999
0.99998546
0.50008684
0.9999937
0.5044414
0.9787852
0.9150917
0.9999962
0.53731275
0.5088435
1.0
0.58527315
0.9358015
0.5629952
0.99998736
0.5235818
0.9999995
1.0
1.0
0.9053119
0.9999988
1.0
0.52674305
0.999997
1.0
0.9999999
0.9999994
1.0
0.49311778
0.9999926
0.4937825
0.7190303
0.50380975
0.9999956
0.68094295
1.0
0.9999962
0.99998975
0.78085315
0.8575222
0.48824736
0.89769924
1.0
0.99999344
0.59875935
0.49409834
0.56994027
0.57614744
1.0
0.9999937
0.5012131
0.44788593
0.99999964
0.99998796
0.6960091
0.6933893
1.0
0.72074234
0.64239305
0.9998779
0.5234954
0.9999999
0.9999993
0.74045223
0.7859385
0.64988077
0.99999225
0.9999969
0.977949
0.99753165
0.68041503
0.48989463
0.90857404
0.47224075
0.99998987
0.9999994
0.4982615
0.47832748
1.0
0.62051463
0.9999999
0.99998426
1.0
0.57856315
0.8657449
0.5129644
0.7458453
1.0
1.0
0.99999964
0.60916
1.0
0.9999982
0.9999995
0.9999994
0.6150507
0.4237704
0.99999833
0.7603598
0.5532671
1.0
0.5410406
0.9999995
1.0
0.99999917
0.9999999
0.99998796
0.60830295
0.5110378
0.99999595
0.999962
0.8928333
0.99581796
0.68295985
0.9999999
1.0
0.92167467
0.6890264
0.6111649
0.44857407
0.9999995
0.99999285
0.99994004
1.0
1.0
1.0
1.0
0.99999154
0.9999962
0.9999999
0.48108992
0.99993515
0.43235713
1.0
1.0
0.99999857
0.9999999
0.9999262
0.99999905
0.5024335
0.45258188
0.9999927
0.97760344
0.99999833
0.7994904
0.69814694
0.9999875
0.56325865
0.99999964
0.9095525
0.999998
0.7004919
0.99999976
1.0
1.0
0.46417567
0.5668141
0.9999671
0.9999962
1.0
1.0
0.63848215
0.4894084
0.9999999
0.9926069
0.72373116
0.6638867
0.4748795
0.87255424
0.99999964
0.9999995
0.99996674
0.48336115
0.59769046
0.5851559
0.5059015
0.6323344
1.0
0.49195766
0.99999964
0.5596328
0.99999976
0.9999912
0.5105326
0.97678113
0.5586322
0.49979994
0.4676048
1.0
1.0
0.99999976
0.9999999
0.875115
0.99999976
1.0
0.9999993
0.67729056
1.0
0.99999976
0.52621317
0.99061346
0.99997807
0.49935544
0.45229322
0.9921842
0.50030446
0.4918221
0.89727336
1.0
0.9942316
0.47401893
0.7811902
0.97861594
0.8363496
0.9999963
0.9999703
0.4933061
0.9997192
0.9999999
1.0
1.0
0.78992504
0.9408253
1.0
0.9999981
1.0
0.9860241
0.45201123
0.9999864
0.99997926
0.9999851
0.9999944
0.5024595
0.99999976
0.56439894
0.94567287
0.99999356
0.99999857
0.99628437
0.99999535
0.4680328
0.4304927
0.99956614
0.7821541
0.99999857
0.53769696
1.0
0.5208288
0.9999871
0.9999912
0.50208956
0.6095085
0.9999999
1.0
0.47208822
0.4576672
0.9999994
0.5601429
0.9654655
0.5225171
1.0
1.0
0.99999475
0.5391047
0.7058383
0.99993396
1.0
0.47631606
0.50154567
0.9999913
1.0
0.999997
0.9999769
0.9999988
0.99999523
1.0
0.9882897
0.9999995
0.9999993
0.999977
0.9999976
0.99999917
1.0
0.98610353
0.6457752
0.6203851
0.99997365
0.7021622
0.99999976
0.51385385
0.7074356
0.4875176
0.7315158
0.9503946
0.47422683
1.0
0.9999999
0.99953425
0.9999999
0.9999962
0.5832905
0.47154865
1.0
0.44263953
0.99999714
0.7873874
0.97296166
1.0
0.9999999
0.49916413
0.4956212
0.49565154
0.4129757
0.99999964
0.49541613
0.5169614
0.48772138
0.6254248
0.5748501
0.46891615
0.45870164
0.99999416
0.9999989
0.5148861
0.99999905
0.5055759
0.4197019
0.43117407
0.9999999
0.5750253
0.79453653
0.53628623
1.0
1.0
0.95742023
0.5265835
0.8924605
0.99998105
0.49533948
1.0
0.99999607
0.9999994
1.0
0.98014313
0.87434185
0.46839663
0.9962458
0.9999975
0.9992931
0.99996436
0.53703886
0.69521326
0.7458175
0.64634264
0.47034827
0.9999993
0.84760934
0.5640986
0.9999999
0.79187787
0.46847224
0.99999964
0.92299217
0.50683165
0.99999666
0.99999654
1.0
0.99343634
0.50279236
0.5002277
0.48612928
0.99999535
0.9999974
0.6231422
0.66926306
0.9999993
0.9999856
0.9778665
0.4995232
0.43066645
0.49062672
0.4296562
0.6993983
0.9999999
0.99107695
0.9999869
0.739503
0.99999785
0.49234098
0.9999988
0.8253926
0.99999535
0.45770413
0.43556485
0.40534443
0.9999999
0.46935004
1.0
0.5462426
0.99999917
1.0
0.51705223
0.99999845
0.6735308
1.0
0.9999938
0.8870709
0.49673152
1.0
0.99998534
0.4800996
0.9999882
1.0
0.9999933
0.9014281
0.99999726
0.5248139
0.9999999
0.9757499
0.49602446
1.0
1.0
0.99998796
0.9999945
0.42862839
0.49286947
0.9999999
1.0
0.55659956
0.60658616
0.99999964
0.7298458
0.9420014
0.4994962
0.9999976
1.0
1.0
0.68464136
0.93691766
0.9999993
0.9999789
0.999997
0.46568885
0.9308404
0.9999999
0.82931495
0.49931318
0.9393859
0.99999213
1.0
0.5763293
0.7360727
0.9999784
1.0
0.9535616
0.5448061
0.84920686
0.39933857
0.5892334
0.9971054
0.49648145
0.9999958
0.9999851
0.67477614
0.99999356
0.99999666
1.0
0.72522056
1.0
0.4331614
0.99999225
0.96301657
0.99998975
0.6422048
0.5507243
0.9999962
0.99991286
1.0
1.0
0.9999646
0.6495204
0.5020499
0.42695475
1.0
0.9990087
0.70418113
0.9999999
1.0
0.66081226
0.5521898
0.9999962
1.0
1.0
0.41585058
0.6415708
0.69098204
0.5597365
0.99999607
0.9999993
0.60151345
1.0
0.99999917
0.54107654
0.9999902
0.4150903
0.8854113
0.99999666
0.99998915
0.37409887
0.99999785
0.99999976
0.50072587
0.5081695
0.43018636
0.39354676
0.9999994
1.0
0.49340445
0.9888361
1.0
0.9167729
0.6715679
0.9999943
0.9999999
0.41582924
0.9999999
0.5019814
1.0
0.99998045
0.4829974
1.0
1.0
0.9999995
0.9596391
0.65702856
0.9407947
1.0
1.0
1.0
0.9588474
0.52274454
0.99999976
1.0
0.51369596
0.6591253
1.0
0.9999963
0.7225671
0.8438689
0.9999999
0.48662713
1.0
0.9999815
0.55754334
0.9999931
0.56926143
0.53048456
0.82119715
0.5433941
0.7701639
0.9999968
0.99999845
0.52969056
0.99997747
1.0
0.9373492
0.9999988
0.929286
0.9999547
0.6207406
0.88720495
0.98129225
0.71089834
1.0
0.999992
0.49916545
0.6045398
0.9052717
0.5018712
0.72732824
0.8945761
0.99999666
0.8352166
0.84664845
0.50128216
0.59268075
0.9999924
0.49706388
0.99999964
0.4922345
0.46926022
1.0
0.59586304
0.89649117
0.99994636
0.9999999
0.33068597
0.33819452
0.7677201
1.0
0.9999844
0.9999821
0.9999945
0.9999769
0.9999924
1.0
0.53884935
0.5111009
0.75789124
0.999995
0.99999964
0.75366336
1.0
0.74707216
0.60970813
1.0
0.84331274
1.0
0.9999994
0.99999213
0.99999774
0.9999999
0.49016476
0.9999995
1.0
0.36180103
0.2712986
0.99999046
0.43549562
0.54272574
0.99998856
0.6790781
0.87810385
1.0
0.49014786
0.49225008
1.0
0.8840131
0.99998975
0.99999976
0.9696237
0.9999937
0.45281148
0.92895114
0.44491154
0.9972338
0.9999995
1.0
0.97231084
0.37421468
0.99999845
0.9158491
0.99999857
0.97987765
1.0
0.9999987
0.37891555
0.80762386
0.9999813
0.96222156
0.94302106
0.86744994
0.9415459
0.53432596
0.7105871
0.9999932
0.854654
0.49986926
0.9865469
1.0
0.49932453
0.40961793
0.81118745
0.59110147
0.5645255
0.9999989
1.0
0.99999774
0.81640035
1.0
0.99999595
0.42892873
0.9999951
0.97773415
0.9999926
0.45617595
0.5447569
0.93242705
0.36435282
0.9999939
0.3928833
0.9999995
1.0
0.94561654
0.68209916
0.6903845
0.60627717
0.68937933
0.9999863
0.49932837
0.98914844
0.99999785
0.5624392
0.5043511
0.99997985
0.9999964
0.43685535
0.7016869
0.6114097
0.99865997
0.49750602
0.84423375
1.0
1.0
0.99999976
0.55652696
0.7089056
1.0
0.9946009
0.50103724
0.91858315
0.344717
0.53343326
1.0
0.999998
0.99999714
0.90263164
0.4939776
0.50042
0.59104246
0.8484957
0.8053392
0.9999999
0.59629005
0.7868602
0.9999999
0.46614835
0.50092435
0.57990026
0.6283631
0.5729506
0.99999845
1.0
0.9999993
0.9999963
0.48722652
0.4928268
0.99996734
0.51792985
0.5851246
0.5104736
0.5585656
0.4991337
1.0
0.43219933
0.78437394
1.0
0.3931855
1.0
0.39239907
0.5000343
0.50496393
0.49315223
0.99999785
1.0
1.0
0.9999552
0.53409624
0.82297456
0.6151198
0.8937822
0.9243628
0.5432238
0.9196647
1.0
0.37084115
0.999987
0.42221814
0.9999982
0.99999535
0.6177439
0.9999982
0.9989235
1.0
1.0
0.99998546
0.91392016
0.9999945
0.99999976
0.9999988
0.9999951
0.9999734
0.99999905
0.4952468
0.6567732
0.50566214
0.9999993
0.54553056
0.56297517
0.9999988
0.99999857
0.999997
0.9999982
1.0
0.9942789
0.99999523
1.0
0.8453827
0.99999416
0.99999726
0.5180157
0.5773282
0.8160153
0.9999999
0.9633624
1.0
0.73761445
0.6675218
1.0
0.9999976
0.31556678
0.9999931
0.9999746
0.9999881
0.49733672
0.49688768
0.9999895
0.9999981
0.9999999
0.56939507
1.0
0.57404256
0.40748295
1.0
0.4999745
0.7764486
0.87869036
1.0
0.37882218
1.0
0.99999964
0.5021745
1.0
1.0
0.9999957
0.61413187
0.9999999
0.99998784
0.5112755
0.49788097
0.8677475
0.99999857
0.57557184
0.9257181
0.6964937
0.9999974
0.9018313
0.9999889
0.9999999
0.99999905
0.5641962
0.5271242
0.4793636
0.9285222
0.84141916
0.6229033
0.48264125
0.5163642
0.9542772
0.9999999
0.49619475
1.0
0.99999
1.0
0.99999964
0.99998426
0.47092205
0.9671934
0.9999999
0.64854354
0.9999765
0.48459747
0.4187553
0.56910604
0.99999917
1.0
0.99999976
0.9999949
0.9770478
0.8588537
0.5134508
0.99999416
0.4953072
0.47672063
0.9629355
0.99999726
0.99999976
0.99999976
0.87214464
1.0
0.99999917
1.0
1.0
0.508227
0.9999994
0.49155417
0.99999976
1.0
0.8562737
0.72947836
0.99999785
0.99997866
0.5006584
1.0
0.9999943
0.48977217
0.57144797
0.99996734
0.49201912
0.5189057
0.6267121
0.9999999
0.4645675
0.60437274
0.9999999
0.9999379
0.45501682
0.49843398
0.9999937
0.9999908
0.4342683
0.9999969
0.99998426
0.99569345
0.9999995
0.99999917
0.42262915
0.999998
0.7764737
0.99999976
0.7869706
0.5300262
0.6822415
0.7506583
0.4977743
0.9999987
0.49500278
0.51150155
0.5265533
0.9999782
0.9999858
0.45538843
1.0
0.9994412
0.9999994
0.5001506
0.79502565
0.45411384
0.8833777
0.41975617
0.9999993
0.65398103
0.36970437
1.0
0.5075452
1.0
0.72422254
0.49558672
0.999987
0.9095314
0.52565384
0.6403395
0.97418696
1.0
0.86259425
0.39113
0.9999927
0.464978
0.99999964
0.4859565
1.0
0.9999999
0.473672
0.49841118
0.999987
0.88180226
0.99999523
0.9999999
0.46641892
0.99999976
1.0
0.51510817
0.99997187
0.50144035
0.9999908
0.9999864
0.52980053
0.47386673
0.49983716
0.83623487
0.99999976
0.6020212
0.947678
0.94540447
0.6357541
0.5065539
0.99999225
1.0
0.9999976
1.0
0.99999094
0.78356975
1.0
0.99999785
0.6810329
0.37165168
0.9999831
0.9975999
0.99999976
1.0
0.99998283
0.9315767
0.5125353
0.99964714
0.999997
0.8529225
1.0
0.6911381
1.0
0.99999225
0.9999957
0.81152254
0.8238402
0.999972
0.9999995
0.7017767
0.49872437
0.99998856
0.53366643
0.7198758
0.9999716
0.49542493
0.9999993
0.48985448
0.49890462
0.5835468
1.0
0.48940402
0.99998343
0.9999999
0.9999999
0.52654845
1.0
0.53601235
0.70853055
0.54780287
0.39487863
1.0
0.99806565
1.0
0.99999356
0.99999917
0.51645064
0.9999981
1.0
0.95591325
0.5694523
0.5177999
0.9999981
0.99999547
0.525308
0.9999665
0.9999995
0.47222
0.50062764
0.5478043
1.0
0.9999981
0.44954237
1.0
1.0
0.99999845
0.4756227
0.9999994
0.6184018
0.9999988
0.77023804
1.0
0.39725628
0.9998653
1.0
0.46780875
0.7159225
1.0
0.5451216
0.7476336
0.99999976
1.0
0.9561053
0.99992704
0.9999995
0.51290417
0.38175237
0.99999964
0.8191015
0.99999964
0.95444214
0.76845455
0.46756032
0.49549526
0.859131
0.9999987
0.9999999
0.99998426
0.49981517
1.0
0.47011194
0.99999666
0.5009339
0.9999943
0.9912804
0.9999745
0.9999982
0.99999857
0.9999999
0.80343294
0.7352733
0.9999975
0.7510793
0.99999285
0.916826
0.7126594
0.96443427
0.47155347
0.9999999
0.9999918
0.92407286
0.99999964
0.5320815
0.9598486
0.9970009
0.9782301
1.0
1.0
0.9556203
0.99999845
1.0
0.99999404
0.9999827
0.30344835
0.9999974
0.6085354
0.49944296
0.89215153
0.99999034
0.9999999
0.6488565
0.99995935
0.9999999
0.58755296
0.99997103
0.99999917
0.48863026
0.9999926
0.9999999
0.497716
0.79606557
1.0
0.59122616
0.51046324
0.9999999
0.5124395
0.9999999
0.99999595
0.44881955
0.50066674
1.0
0.95123947
0.76670575
0.99999666
0.5539944
0.996494
0.99999905
0.69875973
1.0
0.9999994
0.9999999
0.99998415
0.8769993
0.6200288
0.922688
1.0
0.47451982
1.0
0.55166453
1.0
0.9999995
0.63218087
0.9999957
0.6801169
0.99999964
0.8703295
0.9196755
0.51088154
0.99999976
0.5611099
0.9999869
0.468353
0.9999949
1.0
0.95035255
0.99999857
0.9999995
1.0
0.50246185
1.0
0.999987
0.9999833
0.57941437
0.42346513
0.999468
1.0
0.39137554
0.52860165
0.8206388
0.515992
0.9999889
0.91375995
0.8509479
0.99999976
0.5476678
0.8460975
0.48669845
0.7364595
1.0
1.0
1.0
0.99995446
0.99999917
1.0
0.9999988
0.95307934
0.9999969
0.58751506
0.999992
0.93325645
0.78116363
0.9999939
1.0
0.9999907
0.9284427
0.39251736
0.53240526
0.9999994
0.6668042
0.99996865
0.6190857
0.48044583
1.0
0.99999774
0.48110977
0.5159541
0.61445075
0.99999905
0.99999964
1.0
1.0
0.9999964
0.7987508
0.99999595
0.44121346
0.99999714
0.3402379
1.0
0.60954577
0.99999535
0.99999225
0.99999845
0.99999976
0.9999999
0.84288955
0.40675142
0.7640722
0.99999857
0.69553006
0.99999917
0.80845326
1.0
0.9999989
0.59235144
0.99999905
1.0
0.9999838
0.99998045
0.6404892
0.99999833
0.48331296
0.8733981
0.51522493
0.9999852
1.0
0.8494233
1.0
0.743696
0.5858485
0.99999976
1.0
0.99999785
0.66644484
0.9999995
1.0
0.48780853
0.5104083
0.49963537
0.5503901
0.8396526
0.88364404
0.9999988
0.49965036
0.6653791
0.97758305
0.5024623
0.93872344
0.4987416
0.49999118
1.0
0.543899
0.9605431
0.9999627
0.53152126
1.0
0.9999989
1.0
0.66298944
1.0
0.48924696
0.99999845
0.9728337
1.0
0.50044096
0.9999994
0.5301948
0.5365576
0.9999764
0.51869667
0.7839779
0.48496297
1.0
0.9999485
0.99999964
0.4980958
0.9999995
0.4828361
0.9999988
0.53821325
0.60319006
0.9567066
0.5631185
0.9999999
0.99999833
1.0
0.50515664
0.6517984
0.67470276
0.7520835
0.9999995
0.99999976
0.49809983
1.0
0.58177894
0.94544476
0.40723664
0.9999999
0.520554
0.5627316
0.49825618
1.0
0.41375005
0.9999995
0.97396356
1.0
0.5599551
0.9999981
0.48561057
0.43228465
0.7822493
0.9159449
0.99999964
0.8847513
0.9999815
0.5878031
0.99999607
0.4719318
0.5791652
0.5001906
0.37164912
0.4148918
1.0
0.50086504
0.79537326
0.96620417
0.6900017
0.5165644
0.49582282
0.9486715
1.0
0.79043794
0.99996555
0.999997
0.50841206
0.6383896
0.93663114
0.9999994
0.4501454
0.5101895
0.99999976
0.99997747
0.99998426
0.9999646
0.673945
0.97677046
1.0
0.47155872
0.41302064
0.6688444
0.5267354
0.79517233
0.9999999
1.0
0.50195545
0.6117676
0.89837605
1.0
0.8665741
0.7658859
0.6444064
0.9999999
0.9999893
0.64574593
1.0
0.81463194
0.4979853
0.47410002
0.4949481
0.9739759
0.5179382
0.5111652
0.9999981
0.9988636
1.0
0.49912605
0.82432175
0.9999987
0.99999356
0.8671051
1.0
0.99999976
0.9999931
0.51574403
0.99999666
0.9999944
0.99999976
0.99999964
1.0
0.66268927
0.49368328
0.99999905
0.99999857
0.88356215
0.99999976
0.99999917
0.99999356
0.7037433
0.53310627
1.0
0.9999999
0.9999968
1.0
0.49565616
0.9999994
0.93671167
0.85842746
0.68863744
0.49932542
1.0
0.56614697
0.5013974
0.9999939
0.4915535
0.9999924
0.99999976
0.9999981
1.0
0.9999975
0.6101565
0.810482
0.46951565
0.53119713
0.96777636
0.9943798
0.9999765
0.99998486
0.9999999
0.9999963
0.6313765
1.0
0.7520873
0.99999905
0.9999981
0.6682918
0.99999726
0.99999416
0.9999999
0.6473001
0.9999999
0.5286568
0.53044647
0.99998546
0.6987411
0.43790892
0.9999995
0.7832287
0.9999838
0.99997485
0.87974083
0.9999999
0.70589674
0.9999931
1.0
1.0
0.9999988
1.0
1.0
0.9999945
1.0
0.9999993
1.0
0.60840917
0.5131046
0.5926146
0.9999988
1.0
0.9999987
0.5382426
0.9999999
0.54132605
0.5044855
0.511136
0.99999976
1.0
0.703106
0.5063157
0.99999964
0.99999774
0.9999993
0.8627151
0.72991633
1.0
0.38873214
0.49906382
0.8680681
0.99999297
0.9999987
0.6726754
0.99999964
0.8231245
0.9728179
0.99997914
0.987184
0.9999994
0.50034326
1.0
0.51947874
0.49448952
1.0
1.0
0.91442853
0.99999785
0.526413
0.6700286
0.5013453
0.58622515
1.0
0.4661825
0.94447833
0.9968437
0.94836575
1.0
1.0
0.5063062
0.99999964
0.9999933
0.99999595
0.99999475
0.500662
0.52739835
0.4966134
0.4908739
0.99999714
0.5002751
0.9999877
0.68713754
0.78814006
0.9999932
0.41325092
0.9999734
1.0
0.99999726
0.9948966
1.0
0.99998605
0.99999964
0.9955135
0.56801486
0.99999666
0.99999714
0.8895758
0.99998045
0.38808784
0.8048591
0.8076497
0.9999976
0.9999993
0.99998415
0.6572109
1.0
0.5280189
0.99999475
0.812699
0.99999607
0.63904476
0.9999988
0.6872866
0.9622689
0.4031762
0.8802382
0.44973788
0.513897
0.75127274
1.0
0.7673899
1.0
0.6540575
0.90615654
0.9999857
0.5756169
0.852276
0.48975798
0.99999356
0.9999999
0.4680866
0.99998856
0.99997616
0.57636964
0.5011228
0.9999908
0.90116936
0.5006817
0.78654206
0.99999857
0.88563883
0.4109227
0.99999666
0.9999999
0.49426165
0.9999721
0.99998665
0.48711205
0.99999964
0.50724494
1.0
0.63236797
0.48638916
0.5073242
0.45778596
0.9999981
0.9999893
1.0
0.6092727
0.50414276
0.9999958
0.45490968
1.0
0.57334346
1.0
0.99999547
0.5852297
0.5344944
0.5174351
0.62000746
0.98174745
0.57693785
0.88720757
0.9999945
0.38057888
0.9582269
0.4575588
0.99999523
0.56701106
1.0
1.0
0.894118
0.9999927
0.9999906
0.43779758
1.0
0.6071711
0.67245746
0.5008155
0.9999962
0.49720883
0.9999975
0.5087492
0.9999907
0.99997747
0.9999994
0.999995
0.9999999
0.99999857
0.48795867
0.59150374
0.49949315
0.99999857
0.3876677
0.50908005
0.5815242
0.9999994
0.9078429
0.9999993
0.99999964
1.0
1.0
0.93497837
0.99998605
0.9999975
1.0
0.54900503
0.86319107
0.99999845
0.9999964
0.9999316
0.99999
0.7699628
0.53806347
0.9999999
0.99999976
0.53508
0.9999981
0.83817947
0.92988265
0.34395626
0.46160737
0.9999999
1.0
0.5462548
0.4832498
0.4929872
1.0
0.99977213
0.99974066
0.37233832
0.96363217
1.0
0.49984533
0.5741046
0.6435237
0.81961477
0.50112283
0.9999995
0.9999995
0.99999964
0.99999297
0.39632943
0.52378744
0.8989243
0.49437392
0.36568928
0.99999917
0.48850968
0.5093086
0.49028543
0.5612857
0.999998
1.0
1.0
0.50013834
0.92618465
0.50290674
0.57583153
0.4888338
0.9999292
0.84188247
0.4755122
0.82527715
0.9999839
0.575654
0.9999999
0.99998295
1.0
0.45717695
0.9706918
0.91137755
0.9962321
0.49919528
0.50433713
0.3075128
0.999997
0.9999925
0.82243264
1.0
0.9999999
0.9999968
1.0
1.0
0.5004278
0.7645903
1.0
0.50477815
0.51111686
0.7747318
0.4623828
0.99999225
1.0
1.0
0.46271798
0.9999999
0.4913471
0.3844339
0.5137148
0.46201456
0.5120853
0.99998975
0.4192352
0.9999901
0.6691331
0.80018324
0.7478182
0.6820568
0.49651393
0.5658531
0.4743326
0.4985559
1.0
0.73996395
0.8248724
1.0
0.48930153
0.33175623
0.9999968
0.3806505
1.0
0.5799223
0.9999999
0.8440133
0.6084589
0.9999999
0.9999974
0.4947919
0.8833421
0.9999759
0.9999999
0.5026513
0.5273095
0.9999994
0.66687536
0.763411
0.47090122
0.99999774
1.0
0.99850583
1.0
0.9999993
0.60649514
0.93763113
0.9999999
0.49736494
0.6211163
0.9999963
0.99999976
0.9999933
0.49281603
0.9999994
0.708164
1.0
0.99999475
0.9999895
0.95091105
1.0
0.51022726
0.49397078
0.9998547
0.99633247
0.55726546
0.99998915
0.49974906
0.99998784
1.0
0.7351327
0.28704062
0.48055625
0.99999213
0.4115571
0.5643146
1.0
1.0
0.999992
0.4971003
0.9705157
0.46461767
0.42814758
0.48523778
0.99999964
0.99999106
1.0
1.0
0.44550383
0.9999989
0.61502606
0.99999726
0.99999917
0.9999999
0.38242286
0.5825072
1.0
0.50689393
0.48420224
0.44093823
0.46573162
0.48798263
0.72985256
0.9999685
0.82921654
0.50218105
0.9999838
0.44449428
0.9999999
0.9999956
1.0
0.673224
0.99997723
1.0
0.68785906
0.5059842
0.9999962
0.57668924
0.9999975
0.9999999
0.9999938
0.99999285
0.502959
0.9999981
0.99999595
0.99999475
0.9143832
0.8737631
0.9999808
0.9999999
0.99999416
0.99994636
0.4267378
0.99999475
0.5150779
1.0
1.0
0.7552051
0.47466508
0.41744894
0.9999745
0.40977862
1.0
0.37473795
1.0
1.0
0.9131044
0.40005562
1.0
0.5757659
0.49760982
0.9666666
0.9999856
0.8865949
0.99999905
0.46842045
0.7931673
0.9999999
0.9954058
0.99999964
1.0
0.99996257
0.7694755
1.0
0.9999987
0.5000208
0.9999647
0.9999988
0.80275726
0.4799241
0.99999976
0.80136746
0.99998593
0.9999995
0.4996759
0.8486691
0.999997
0.6218869
0.99999857
0.79835194
0.49503788
0.9999814
0.47669592
0.9999999
0.9999814
0.92381275
0.96678257
1.0
0.57867676
0.9999925
0.49966595
0.95939857
0.99999607
0.9999993
0.9999932
0.9999988
0.9592563
0.97867703
0.6469272
0.9860539
0.7055594
0.68498045
0.6755746
0.9999975
0.99999857
0.58186114
1.0
0.5000394
0.6500071
0.49023643
0.9772972
1.0
0.9999999
0.4958914
0.6942381
1.0
1.0
0.72489184
0.7232321
0.99807775
0.51278794
0.99999595
0.9999962
0.99999833
1.0
0.93412626
0.99999917
0.726512
1.0
0.7922498
0.793035
0.5888712
0.97172177
0.99999785
1.0
0.49461505
0.57394904
0.7334153
0.7928234
0.6884385
0.7369667
0.7524873
0.83881575
1.0
0.9999832
0.6034402
0.99999964
1.0
0.5039688
0.9999939
1.0
0.7430093
0.99854565
1.0
0.49806726
0.9999969
0.9999994
0.7231865
0.60647833
0.4980505
0.9999995
0.99999714
0.9999999
0.59578556
0.9999987
0.99999166
0.5263374
0.99999774
0.9999249
0.8328022
0.9999989
0.9305968
0.9999993
0.9994412
1.0
0.9788987
0.4951814
0.9999224
0.56940377
0.99993074
0.9999999
0.7952301
0.5619523
1.0
0.99999917
0.99999976
0.36143497
1.0
0.9999918
0.524318
0.67127746
0.4999938
0.6791337
0.99999976
0.5589732
0.9999999
0.50921774
0.9768783
0.9883674
1.0
1.0
0.4546786
0.77460665
0.99986386
0.9491705
0.9999994
0.9999709
1.0
0.50666773
0.78293455
0.9999788
0.99999726
0.84275323
1.0
0.9999999
0.9825147
0.99998236
0.5744481
0.87070185
0.48319086
0.3284501
0.6177144
0.5016408
0.4943551
0.57299614
0.49993694
0.69590884
1.0
0.99999213
0.9999988
0.5095732
0.9780292
0.8660873
0.98447686
1.0
0.38646042
0.99999964
0.98754346
0.38414416
0.99999905
1.0
0.9999999
0.8470205
0.68402344
1.0
0.99999905
0.7392045
1.0
0.999969
0.9420278
0.9999956
0.99999964
0.5640448
1.0
0.72433454
1.0
0.50769013
0.99999964
0.9999999
0.48485953
0.65185416
0.49130327
0.52438545
1.0
0.9999862
0.49362147
0.7315051
0.99999547
0.9999994
0.6490368
0.99999535
0.9975418
0.9999999
0.4992885
0.90165687
0.64437324
0.45970845
0.46247366
0.53486276
0.99837315
0.47045135
0.49956134
0.9999943
0.5090319
0.65837115
0.99999774
0.9999999
0.8200895
0.9999999
0.49349427
0.9999956
0.5873779
0.5003297
0.99999905
0.99999726
0.99999905
1.0
0.64180094
0.8552746
0.99999964
0.6285101
0.79889923
0.60094064
0.4356642
0.6466402
0.9999999
0.99998343
0.5004304
0.9999987
1.0
0.5851708
0.7946742
0.999956
0.99999297
0.50158197
0.9735212
0.99999857
0.49955425
0.48711723
0.5108214
1.0
1.0
0.999997
0.9970674
1.0
0.4910866
0.99999964
0.47760195
0.41516167
0.87527466
0.43859538
0.99993587
0.99999976
0.3606667
0.53079724
0.4593112
0.48381183
0.4727536
0.5944592
0.9536383
0.9999964
0.796449
1.0
0.999974
0.50006765
0.9999962
0.99999976
0.7305199
0.9999844
0.999998
0.49993122
0.4342475
0.9516079
0.773036
0.69132674
0.9999875
0.9999981
0.7645576
0.69707286
0.51469725
0.5009975
0.9998535
0.7521077
0.9999988
0.8386904
0.9688287
0.99996734
0.91031826
0.5792952
0.7606028
0.86090595
1.0
0.47250164
0.9999943
0.5185195
0.48368326
0.9094808
0.9999974
1.0
0.99998486
0.4852951
0.49835148
0.48014838
0.9999949
0.9999999
0.9999691
0.499388
1.0
0.79511416
0.9999999
0.9545992
0.9904896
1.0
0.7078416
0.99999857
0.9054184
0.5022325
0.99999
0.9999981
0.5117236
0.9999981
0.66400915
0.9999908
0.99999857
0.9797847
0.9999958
0.49807477
0.9999964
0.99999976
0.9999993
1.0
0.5025062
0.9996489
0.9360425
0.7449476
0.99999976
0.9999995
0.51062703
0.8086841
1.0
0.99999154
0.47444987
0.9999982
1.0
0.59492195
0.86751086
0.66816306
0.99999785
0.37061897
1.0
0.94887036
0.4333187
0.5840337
0.7938882
0.9999534
0.48514286
0.52783555
0.99998844
0.9215906
0.67582893
0.99999976
0.99999857
1.0
0.9947471
0.4303157
0.9999926
0.7237089
1.0
0.99999905
0.748114
0.99999976
0.99995613
1.0
0.99999917
0.99999666
0.99999976
0.78195983
0.99999833
0.99998295
0.99998987
0.9999999
0.99935323
0.50470614
0.99644
0.4176458
0.51754487
0.5672034
0.9999974
0.4901593
0.99999785
0.99999917
0.5654679
0.9778472
0.5399394
0.51126444
0.99999976
0.99999976
0.510735
0.48757836
0.5272281
0.518234
0.99999726
0.9999999
0.7826132
0.4802992
0.9999908
0.9999999
0.99997675
0.99999976
0.99999535
0.6206135
0.99964035
0.7206334
0.3366067
0.99999845
0.6555877
0.9999968
0.999998
0.9999994
0.48901448
0.873727
0.99999714
0.9999497
0.4811558
0.4119214
0.99999225
0.6287569
0.9672019
0.64157695
1.0
0.9106471
1.0
0.99971074
0.73618776
0.99999404
0.45237482
0.58353436
0.5776819
0.4707638
0.999997
0.9999914
0.75074124
0.49006355
0.9999999
0.49043402
0.77413034
0.9999975
0.5319577
1.0
0.9999888
0.99997807
0.9999131
0.9797958
0.9999969
0.5382012
0.49714643
0.9999852
0.9999963
1.0
0.99999714
0.48611203
0.99546343
0.43011466
0.493135
0.99999964
1.0
0.9286611
0.9135086
0.9999963
0.9999882
0.77259755
0.9999995
0.79175955
0.99999976
0.9743162
1.0
0.8001459
0.9999926
0.38992158
0.5100603
0.61380297
0.99999845
0.9999999
0.49161214
1.0
0.9999727
0.5094424
1.0
0.9999987
0.9999968
1.0
0.9999993
1.0
0.9999987
0.55143386
0.6790475
0.6903237
0.9999999
0.51267564
1.0
1.0
0.9999962
0.9999988
0.55952376
1.0
0.4993974
0.9999995
0.4890075
1.0
0.98295915
0.4420468
0.9999999
0.7918404
0.9698295
0.9999994
1.0
0.5164379
0.99999905
0.9789514
0.8286715
0.47901794
0.71357507
0.9945293
1.0
1.0
0.5133917
0.74876
0.99999225
0.6922486
0.85052884
0.9311728
0.49014893
0.8421629
0.9999999
0.46837363
0.8177496
0.53780025
1.0
0.9886325
0.52639854
0.4628201
0.99999964
0.9999926
0.5382363
0.9999944
1.0
1.0
0.52413553
0.99999857
0.4978354
0.89367795
0.99999106
0.47733065
0.50761175
0.9999999
1.0
0.51783186
0.75116056
1.0
0.6677238
0.49113935
0.9999964
1.0
0.99999464
1.0
0.49327284
0.63710886
1.0
0.99999726
0.50666827
0.93526906
0.99994266
0.9999995
0.99999905
0.99998236
1.0
0.5238237
0.9999993
0.5649326
0.50100577
0.9999962
0.5110621
0.94035596
0.9999982
0.49441496
0.89948213
0.52379763
0.99999833
0.942164
1.0
0.5874248
0.9999999
0.6876672
0.93525916
0.6588734
0.9999931
0.40843788
0.99296474
0.9802223
0.49010277
0.99999475
1.0
0.78940153
1.0
1.0
0.79824966
0.5248421
0.87489474
0.77058864
0.4950298
0.49446228
0.6930142
0.99999726
0.48357686
0.6098467
1.0
0.4434352
0.50881135
0.4005803
0.608676
0.9687837
0.7095389
0.4922085
0.53898865
1.0
0.5233158
0.52380437
0.9411992
0.42745352
0.49959514
0.99996555
0.92550063
0.63570243
0.4476024
0.8092914
0.7808501
0.97500753
0.9999919
0.46783406
1.0
0.7691583
0.57240963
0.9999678
1.0
0.44553927
0.8030529
0.9788031
0.9999969
1.0
0.89129746
0.99999964
0.99999976
0.7096889
0.55271983
0.49920613
0.71014625
0.48951316
0.70770997
0.48227432
0.97128445
0.8601267
0.4636461
0.99999964
0.4885491
0.9999999
0.9999981
1.0
0.999997
1.0
0.36912006
0.5501066
0.9977908
0.9999981
0.8332999
0.9999981
0.8104264
0.9999995
0.5773947
0.99999857
0.42932066
0.9999769
0.7007366
0.99999845
0.8942913
0.6156161
0.9999969
0.99994576
0.5274312
0.38142204
0.99998415
0.41370445
0.8747128
0.99999714
0.49684012
0.9999975
0.5980734
0.9999999
1.0
0.90028006
0.6227722
0.99999034
1.0
0.6074162
0.9999931
0.99999297
0.7237021
0.8895366
0.5567414
0.95264935
0.99999523
0.5004382
0.8111996
1.0
1.0
0.59275985
0.4453079
0.59627134
1.0
0.99999976
0.70034504
0.6373067
0.99999905
0.49011797
0.90795183
1.0
0.7908008
0.31584528
0.56381446
1.0
0.9999999
0.47266075
0.99999964
0.7844128
0.7245104
0.47915763
0.9999988
0.51958495
0.9488961
0.9999877
0.85222256
0.91667634
0.9999441
0.4753179
0.54684275
1.0
0.55824554
0.51729536
0.9195605
1.0
0.99493474
0.50017285
0.49160695
0.87903404
0.9721396
0.43562737
1.0
0.7586134
0.498895
0.99999976
0.53534174
0.99999905
0.4928088
0.50007343
0.99999964
0.9999999
1.0
0.75434226
0.7000791
0.76952153
0.9999989
1.0
0.6270224
0.5615418
0.4679961
0.99999917
0.9999881
0.69919336
1.0
0.529062
0.99998987
0.9999647
0.9999602
0.99999976
0.66072506
0.864605
0.999997
0.9999863
0.94759804
0.9999964
0.8374131
0.52749306
1.0
0.5007695
0.49565232
0.5015221
0.9177086
0.99999785
0.68429965
0.470917
0.51609325
1.0
0.72334874
0.99999845
0.97524107
0.9999999
0.7400037
0.99999964
0.999998
0.95831287
1.0
1.0
0.6116128
0.999997
0.9999666
1.0
1.0
0.41057384
1.0
0.48983303
0.5025327
0.99997973
0.99999535
0.8301004
1.0
0.99999535
0.8596013
0.99999905
1.0
0.99999714
0.99999976
0.9999988
0.6171026
0.9999809
0.9999995
0.99999726
0.5022838
1.0
0.503724
0.6509314
0.49035123
0.99998415
0.99999905
0.9636527
1.0
0.54972416
0.9999995
0.99999106
0.4942156
0.7967342
0.99999964
0.51045024
0.9999999
0.50119704
0.99999666
0.518615
0.9999995
0.704216
0.3890006
1.0
0.7660287
0.7756667
0.45761272
0.49725115
0.9999925
0.5610392
0.99999535
0.9856677
0.999979
0.9999814
0.4992999
0.99999917
0.9999968
0.99999106
0.9999504
0.9982963
0.99999964
0.5689936
0.9999994
0.9999999
0.9999994
0.9999999
0.6110098
0.96806
0.37150407
0.5304968
0.62816614
0.9905376
0.9999931
1.0
0.9378472
0.57524246
0.44622502
1.0
0.9999995
0.5266322
0.49631846
0.99999845
0.7680024
0.99212235
0.718622
0.46173072
0.99999917
0.5111284
0.7950599
0.7148537
0.99878734
0.8033652
0.7842644
0.9999999
0.8713762
0.99999833
0.5875084
0.99998367
1.0
0.99999976
0.99999964
0.49473038
0.5327804
0.6648253
0.8414904
0.9999982
0.9999933
0.60583997
0.9999999
0.9999999
0.99990153
0.7154078
0.5534187
0.8473393
0.47860187
0.58368415
0.9637725
0.69112223
0.59248406
0.5291599
0.46101677
0.7840002
1.0
0.99995685
0.995955
0.9847705
0.6011964
1.0
0.50360364
1.0
0.53346735
0.9999987
1.0
0.8949583
0.9791269
0.99999857
0.99999356
0.9999938
0.74739546
0.9338822
0.9999999
0.7069368
0.9999999
0.54324543
0.8445592
0.76137656
0.99999976
1.0
0.9999994
0.6368694
0.99999917
0.523621
0.70940757
0.9581798
0.90840375
0.4993316
0.7342668
0.9999981
1.0
0.41065878
0.51698685
0.68471193
0.999964
0.6364696
0.9999999
0.995044
0.41111204
1.0
1.0
0.9999876
0.49119452
0.99998915
0.96794933
0.9999962
0.99999
0.60839695
1.0
0.50481164
0.7858829
0.9999912
0.88882184
1.0
0.5423732
0.9675357
0.41345876
0.9999788
0.5276803
0.9999987
0.6062169
1.0
0.5577506
0.75097674
0.9999999
1.0
0.99999964
0.6412795
1.0
0.53569055
0.9999989
0.9999815
0.4983098
0.97338665
0.9999989
0.5540667
0.4868554
0.6203812
0.8634477
0.500713
0.99999416
0.4408556
0.8926508
1.0
1.0
0.9412133
0.9999982
1.0
1.0
0.49772018
0.99999523
0.9999999
0.9683316
0.9999999
0.47753626
0.9999957
0.46275568
0.45301595
0.9999552
0.47971305
0.9194463
0.48598886
0.84013504
0.5077511
1.0
0.99999964
0.533596
0.9999864
0.99997365
0.9999989
0.99999976
0.8518647
0.6511934
1.0
0.50114095
1.0
1.0
0.99999833
0.99999154
0.97896546
0.56989914
0.9999993
0.98766994
1.0
0.45585743
0.99999523
0.9999957
0.83711815
0.35681012
0.99999785
0.9999994
0.99998355
0.44572502
1.0
0.5068107
0.99994636
0.9999999
0.70281947
0.6064423
0.99997854
0.99999964
0.9999995
0.9999999
0.95455486
0.60144615
0.9999962
0.93599904
0.9999999
0.96996564
1.0
0.6283715
0.99999976
0.9999989
0.9999944
0.99998677
0.99998605
0.9999889
0.50301516
0.9917321
0.99998
0.99999523
0.9999808
0.9999974
0.99999297
1.0
0.4501325
0.90281796
0.9843009
0.99999917
1.0
0.82465637
0.79461175
0.9976822
0.99999917
0.8315301
0.9999999
0.9999918
1.0
0.9519639
0.9999994
0.8709524
0.7170601
0.9999826
0.99999034
0.8337796
0.9999999
1.0
0.99999225
0.8488427
0.3770139
0.99999976
0.52697307
0.54055923
0.9999913
0.9999839
1.0
0.99806315
0.9999968
0.82723397
1.0
0.6702658
0.9999963
0.6393052
0.9999938
0.99997663
0.99999154
0.9179828
0.49977788
0.50087386
0.8950259
0.9999716
0.53768927
0.5693534
0.5245891
0.5012699
0.58153296
0.5131882
0.71690536
0.97012144
1.0
0.4810178
0.9983735
0.49155948
0.99999976
0.49727732
0.49985316
1.0
0.5933086
0.5562389
0.49475053
0.5488167
0.9999795
0.9999994
0.9865854
0.46162713
0.999408
0.84301287
0.9999981
1.0
0.99999976
1.0
0.5122819
1.0
0.64460856
0.47780046
0.4983087
1.0
0.9999918
1.0
0.6549342
0.49716434
0.4996143
0.88909495
0.49947324
0.8016769
1.0
0.9999982
0.3453941
0.86551684
0.5326291
0.45939666
0.82856685
0.99995744
0.4909181
0.9999995
0.49903426
0.89428395
0.48978418
0.8487753
0.5016715
0.8516137
0.53842324
0.43360838
0.49746382
0.7284125
0.65667504
0.9165584
0.9999939
0.99999964
0.7869564
1.0
0.999997
1.0
0.9531904
0.99999833
0.50202686
0.95275545
0.9953839
1.0
0.8035368
0.5910369
0.5090252
0.97717905
1.0
0.7404096
0.7090619
0.50007254
1.0
1.0
0.9999896
0.99999404
0.9999927
0.9999988
0.46907637
1.0
0.514274
0.5255631
0.85957164
1.0
0.9999999
0.4983306
0.5427512
0.951596
0.50189793
1.0
1.0
0.9584059
0.8522719
0.43494353
0.99999607
0.99999845
0.68973064
0.66523814
0.4987035
0.9999987
0.9291825
1.0
0.50596404
0.99999833
0.9671546
1.0
0.62306124
0.9201319
0.9148798
0.7024736
0.99999964
0.99999726
0.99975544
0.34836203
1.0
0.99999976
0.99999785
1.0
1.0
0.7180359
0.49788818
0.9999461
0.5427776
1.0
0.9999927
0.50806606
0.547692
0.8041947
0.91552323
1.0
0.9999745
0.99269956
0.9999958
0.5890537
0.74939287
0.9999999
1.0
1.0
0.61440873
0.9999865
0.975572
0.99999964
0.9999925
0.79025364
0.99999964
0.50361866
0.75593615
0.89744735
0.6241383
0.9999969
0.42212677
0.40719718
1.0
0.98363197
0.9999999
0.99998987
0.99999213
1.0
0.9364422
1.0
0.89558613
0.8600716
0.40350538
0.99994457
1.0
0.9999999
0.9999857
0.8031937
0.5030397
0.4892855
0.99999976
0.60286564
0.999987
1.0
1.0
0.86143
0.4957273
0.46240523
0.9429723
0.98374915
0.99999976
0.99999964
1.0
0.99999845
0.94102156
0.5139879
0.9999999
0.9989196
0.99999297
0.8693415
0.99896514
0.7749748
0.9999999
0.99504745
0.42732856
0.96067905
0.9222588
0.76673216
0.7344481
1.0
0.45874488
0.9999963
0.9999963
0.99999857
0.9695532
0.734897
0.9688173
0.8738689
0.5951009
0.52190244
1.0
1.0
0.6228873
0.99999475
0.99999404
0.99997497
0.49854517
0.40358478
0.99999774
0.9999745
1.0
0.3486545
0.99999166
0.99996495
0.9999995
0.9999989
0.4755006
0.466728
0.99999166
0.5018548
0.4155636
0.99999774
0.99999475
0.71319765
0.9456702
0.999998
0.9999999
0.5608234
0.9999999
0.7636765
0.9999888
0.7082375
1.0
0.6233864
0.87901664
1.0
0.97052336
0.7971008
0.99999976
0.49919218
0.52275056
0.50203395
0.5558951
0.99999917
0.9999999
0.64923453
0.9999988
0.9126787
0.44171268
0.50090736
0.9999945
1.0
0.89445597
0.6181235
0.33005038
0.9999913
0.99999225
1.0
0.99999785
0.48142996
0.99999976
1.0
0.84272164
0.9996927
0.51967704
0.4327547
0.6709564
0.92847764
0.66410357
0.9999999
1.0
0.8924211
0.5404143
1.0
0.9999988
0.5080475
0.51347464
1.0
0.99999964
1.0
0.99999976
0.9999788
1.0
1.0
0.52401197
0.9999994
0.6132439
0.93485403
0.42059326
0.9999999
0.40554884
0.9999999
0.61676764
0.87136805
1.0
0.8154685
0.52054167
0.99999166
0.99993575
0.8583581
1.0
0.65352374
0.47346914
1.0
0.9999945
0.73572713
0.99999464
0.9999995
0.99999774
0.91661125
1.0
0.99999595
0.999706
0.49489385
0.49870303
0.49717158
0.99996614
0.9999938
0.9999919
0.8910201
0.760543
0.9999937
0.9999646
0.4898908
0.53718287
0.9937703
0.99640626
0.9999994
0.99999976
0.3895097
0.9030886
0.99999964
0.9999988
0.4668221
1.0
0.6592411
1.0
1.0
1.0
0.5649618
0.8181217
0.9999862
0.47820657
1.0
0.9999925
0.8361261
0.9999999
0.9999999
0.50289774
0.9999999
0.5541099
0.9999808
0.9705119
0.99999845
1.0
0.93866605
1.0
0.32996154
0.5214646
0.77450687
0.5793586
1.0
0.4996963
0.50152963
0.50049174
1.0
0.82323027
1.0
0.6855402
0.82447195
0.49323532
0.7198428
0.9999999
0.4940012
0.6379995
0.9999535
0.5901911
0.89154714
0.9999815
0.9999827
1.0
0.51303256
0.98331994
1.0
0.9999995
0.50609696
0.94304246
1.0
0.8389104
1.0
0.99999833
0.8799316
0.43610266
0.99999976
0.556504
0.99995863
0.8739242
0.9999988
0.9999999
0.50009847
0.4950253
0.4755459
0.50303775
0.9084346
0.9042473
0.9999794
0.640944
0.9649858
0.57270545
0.9999747
0.7221093
1.0
0.49882025
0.9999981
0.99967825
0.9999697
0.9999989
0.99999976
0.4173554
1.0
0.46564367
0.50293875
0.7133971
1.0
1.0
0.92666185
0.9999999
0.5782767
0.73235726
0.99999857
0.697692
0.4857217
0.3118269
0.9999974
0.5032244
0.9999844
0.9352598
0.99999964
0.53745216
1.0
0.49875844
0.64084184
0.9999912
0.9999994
0.68179363
0.9999994
0.8210734
0.97650176
0.96874934
0.99999666
0.99999535
1.0
0.99999416
0.9999999
0.4293236
1.0
0.46709377
0.9999989
0.9985667
0.99997747
0.69885826
1.0
0.9999987
0.87607056
0.52765435
1.0
0.49164078
0.999828
1.0
0.9999907
0.9999995
0.88430643
0.5058182
0.99999475
0.9999846
0.58925796
0.9080904
0.99999857
1.0
0.58012044
0.8851901
0.7931424
0.7661492
0.8295996
0.7295483
0.49982136
0.99999964
0.9694272
0.49706882
0.5000674
0.9999995
0.62116563
0.5587615
0.9999989
0.4925722
0.3221287
0.8408365
0.4163651
0.9999994
0.99999535
0.44938543
0.99999857
0.7587655
0.51503634
0.9999726
0.99999225
0.9999999
0.99999905
0.8688863
0.9999858
0.51776415
0.9999976
0.44720373
0.9999999
0.44081554
1.0
1.0
0.99999106
0.9999956
0.9460989
0.42005098
0.9999956
0.9998913
0.9999999
0.9999974
0.9999999
0.5230952
0.9999999
0.9999999
0.99999845
0.9999999
0.48779666
1.0
0.99999964
0.9999999
0.37726024
0.9999974
0.6102298
0.7855098
0.47573307
0.6361951
0.4584933
0.77560824
1.0
1.0
0.9999999
0.40534702
1.0
0.65487385
0.4946937
0.99999964
0.7584858
1.0
0.5292161
0.9999988
0.53327554
1.0
0.97765994
0.5025357
0.99999976
0.893951
0.99999976
0.8341076
0.9999999
0.99999666
0.9999989
0.99999464
0.92048204
0.8758472
0.48433498
1.0
0.9999993
0.51683164
0.5351099
1.0
0.99577725
1.0
0.870396
0.999987
0.99999964
0.9999945
0.7918436
0.4831956
0.9850899
0.99999857
0.49168915
0.455132
0.9999987
0.49217072
0.9999995
0.6030082
0.4997455
1.0
0.7174103
0.49450752
0.4965401
0.9999924
0.94031066
0.9404182
0.50382906
1.0
0.970066
0.4984155
0.9998399
0.99999905
1.0
0.7149081
0.99999905
0.7774363
0.6391775
0.734557
0.7929109
0.43201312
0.9999869
0.99995446
0.99999976
1.0
0.9999968
0.99999976
0.99999976
0.41401595
1.0
0.5016244
0.54697657
0.9999453
0.45326746
0.63913065
0.49165535
0.9093744
0.9999914
0.64759195
0.4843329
0.99999547
0.94445014
0.99999905
0.7758595
0.8917367
0.5034121
0.999998
1.0
0.9999999
0.8811627
0.99999714
0.8675584
1.0
0.4708889
1.0
0.9999999
0.6326244
0.99999714
0.48294663
0.48597562
0.54697514
0.9999995
0.7917309
0.9999995
0.68839943
0.6878782
0.49974442
0.49772167
0.99999785
0.49997884
0.7106005
0.50046057
0.9999989
0.4945758
0.941762
1.0
1.0
1.0
0.9999981
0.5022173
0.48633644
0.99999535
0.96189785
0.9999505
0.99999917
0.5071163
0.70824206
0.9714636
1.0
0.6913687
0.4891323
0.41575393
0.9713172
1.0
0.99995804
0.99993765
0.49822894
0.49863
0.4931363
0.49975806
0.9999989
0.9999778
0.69348365
0.9999999
0.999997
0.8769125
0.3861779
0.9999871
0.99998164
0.31254035
0.4998767
0.90944165
0.6892056
0.7102617
0.9999944
0.3809716
0.99999857
0.91018224
0.4914102
1.0
0.99998844
0.99999595
0.38860613
0.5788541
0.99999523
0.48538667
0.5105893
0.8331212
0.86397755
0.9900662
0.99999714
0.99999964
0.48431292
0.99999905
0.99999845
0.99999857
0.99999964
1.0
0.99998045
1.0
0.4683981
0.9999989
1.0
0.99997425
1.0
1.0
1.0
0.99999785
0.5009415
0.99999654
0.9999995
1.0
0.53434825
0.49956706
0.9999994
0.5907907
0.8728975
1.0
0.40871915
0.76227343
0.49915594
0.500146
0.5280499
0.99998915
0.5059366
0.75064677
0.9826804
0.47799018
0.9228611
0.49441954
0.63937986
0.9764572
0.5154093
0.9999907
0.99998367
1.0
0.9995689
0.66553944
0.46226937
0.9999988
0.5066097
0.78492486
1.0
0.47487593
0.5014835
0.48480892
0.795864
0.49174523
0.5587622
0.82612544
0.9999584
0.9489375
0.99999976
1.0
0.9999999
0.5168846
0.49052447
0.9999958
0.9999994
0.3421726
1.0
1.0
1.0
0.9999689
0.9999999
0.74724126
0.4956376
0.871061
1.0
0.46750152
0.9937909
0.6836035
0.89026475
0.47193688
1.0
0.99999976
0.53007215
0.99999046
0.46233928
1.0
0.49956003
0.5012211
1.0
0.40069234
0.99999917
0.9999695
0.99999976
0.9999999
0.5014941
0.48402315
0.9999924
0.8868099
0.51244825
0.999997
0.99999475
0.5186156
0.9999999
0.9999944
0.6666165
0.7987829
0.9999515
0.7403016
0.99999833
1.0
0.70844114
0.99998546
0.7977991
0.7990605
0.49368805
0.568724
0.55967236
0.9999844
0.9999956
0.5410096
0.7601936
0.9833672
0.50421107
0.999998
0.856029
0.76720536
1.0
0.5470965
0.57215226
0.70367926
0.99999905
0.7881801
0.51133776
0.51081246
0.49942338
1.0
0.48595056
0.5422094
0.9999999
0.44405532
0.99999726
1.0
0.8952717
0.9765594
0.49641627
0.69763696
0.9999958
1.0
0.49088982
0.372748
0.99999976
0.39014298
0.99999845
0.37992558
0.48101735
0.99851793
0.47239313
0.49448478
0.42514482
0.99999964
1.0
0.46130204
0.8338793
0.51982975
0.9999987
0.8078757
0.99996936
0.49839443
0.848523
0.49913877
0.8993912
0.99996424
1.0
1.0
0.47772166
1.0
0.94352967
0.49827358
0.60750496
0.5978379
0.9999789
1.0
1.0
1.0
0.48331642
0.99999416
0.39767596
0.9999993
0.42168579
0.500576
0.9348523
0.9999666
0.9999883
0.9294536
0.9035505
0.49975806
0.99829763
0.9503129
0.9961194
0.8030386
0.9998543
0.6157755
0.99997985
0.48138735
0.9803947
0.50823134
1.0
0.5261929
1.0
1.0
0.49607393
0.9999987
0.60392845
1.0
0.4714189
0.7186204
0.48885888
0.4957744
0.99999475
0.9999819
1.0
0.99994624
1.0
0.50127655
0.99999654
0.45804757
1.0
0.99999607
0.9988194
0.49312758
1.0
0.5015159
0.99999964
0.99999917
0.9999982
0.999977
0.5746123
0.7233679
0.5145312
0.6756769
0.73999596
0.71767604
0.999995
1.0
0.9999999
1.0
0.9999893
0.68174917
0.99999964
0.72763556
0.97784096
0.42171767
0.41120327
0.9999943
0.48014367
0.6239712
0.9999647
0.49200827
0.51437086
0.99999595
0.9999945
0.567612
0.44205314
0.9489238
0.9999993
0.9634288
0.6151241
0.9999999
0.9999962
0.5104441
0.9999734
1.0
0.9989619
0.74171644
0.9001646
0.87567115
0.9999454
0.74973214
0.49924523
1.0
0.99999905
0.35550505
0.9554797
1.0
0.47371256
0.65637374
0.50150263
0.99999976
0.9050594
0.98796046
0.938457
0.9999957
0.9999989
0.45980057
0.9999999
0.89727205
0.7502572
0.794694
1.0
0.89430094
0.77039844
0.9999982
0.6518406
0.39870784
0.50676394
0.5290463
0.9605862
0.99999225
1.0
0.95832753
0.96963507
0.9999925
0.9999987
0.7858658
0.76809764
0.737558
0.99998033
1.0
0.5098595
0.75361556
0.99999976
0.99997425
0.3335846
0.69199413
0.3992294
1.0
0.4910606
1.0
0.9155822
0.46071598
0.922603
0.61190206
0.9999931
0.47307307
0.78419554
0.99999976
0.9999944
0.45326778
0.65220374
0.9127521
0.73592746
0.56276786
0.85647404
0.846
0.44762465
0.40566552
0.6213018
0.50798583
0.9999999
0.80110955
0.45973575
0.9999926
1.0
0.99998796
0.61667836
1.0
0.5778979
0.5710016
0.96212685
0.99999833
0.9335231
0.9983094
0.9999999
1.0
0.60300297
0.50083727
1.0
0.42764935
1.0
0.9999957
0.99991214
0.33018437
0.9999882
0.999998
0.42435703
1.0
0.99999285
0.9277689
0.83194095
0.5031245
0.6044933
0.46746615
0.4315755
0.9999999
0.99999976
0.4576011
0.9999995
0.9999912
0.8881094
0.7385843
0.99999714
0.7228877
0.9999906
1.0
0.5580588
0.64579314
0.99998164
0.9999995
0.99998283
0.7285794
0.93121415
0.7641634
0.5406879
0.93814117
0.9840745
0.99999547
0.31377283
0.99999964
0.9999989
0.9999999
0.7078492
0.27612573
0.60643077
0.6013132
1.0
0.5366758
0.48997876
0.99989533
0.9999504
0.9769015
0.99999976
0.99999845
0.60790366
0.8653674
0.9999999
0.7007352
0.76551527
0.8488514
0.99999976
0.8355107
0.99999464
0.50120795
0.9999989
0.8600734
0.99999976
0.99999833
0.9999994
1.0
0.9999993
0.49398294
0.99999964
1.0
0.43667805
0.99999917
0.9999999
1.0
1.0
0.9999999
0.4998857
0.80219704
0.61305803
0.54966736
0.4478473
0.49598786
0.50022805
0.84717256
0.99997854
0.90024346
0.9999869
0.80936027
0.58491504
0.9999945
0.99999785
0.9999732
0.44157317
0.99999905
0.9872608
0.9999993
0.99999976
0.40870962
0.39601323
0.42754263
0.9999726
0.48522705
1.0
0.9969422
1.0
0.49162158
0.95489657
0.5124348
0.9999999
0.56967777
0.742659
0.9233181
0.9165898
0.4724191
0.40944225
0.50319386
0.99999714
0.99999964
0.5162556
0.999998
0.99999714
0.86759025
0.44303882
0.49372536
0.7632084
0.3499398
0.80066746
0.3169588
0.36665723
1.0
0.9999974
0.98769534
0.542433
1.0
0.51733947
0.47094342
0.9999895
0.99999976
0.9160461
0.74749696
0.9552095
1.0
0.5487617
0.6971278
1.0
0.99999905
0.8873678
0.4474111
0.8576509
0.8644469
0.97734433
0.9999957
0.36855406
0.8774801
0.9999999
0.9750803
0.5174562
0.49472368
0.5279503
0.99999964
1.0
0.49690193
0.9022642
0.546194
1.0
0.8691724
0.72644466
0.99999464
0.7551993
1.0
0.5204922
0.5039222
0.5895061
0.70649135
1.0
0.99997187
0.9463187
0.99999666
0.9999999
0.88223827
0.3872556
0.41511765
1.0
0.48585448
0.6146265
0.99999964
0.9999944
0.7235751
0.99999905
0.85516554
0.730224
0.9999969
1.0
1.0
0.7886405
0.9999838
0.76310486
0.59523505
0.99999964
1.0
0.65657747
0.5157965
0.4550607
0.99999964
0.91261625
0.99999917
0.8854415
0.9999988
0.8550417
0.8808122
0.7980131
0.6191115
1.0
0.9850301
0.9999708
0.95898914
0.49789113
0.61122847
0.570379
0.628056
0.5381321
0.77687263
0.60373783
0.5008218
0.9821921
0.99999714
0.8192555
0.8224768
1.0
0.99999964
0.5202402
1.0
0.35813695
0.8153865
0.75501275
0.99999976
0.99999964
0.9991685
0.41995257
0.9769309
0.50034976
0.75264657
0.50289714
1.0
1.0
0.99999464
1.0
0.5562135
0.99999964
0.9999994
0.9999999
0.65141857
0.9999994
1.0
0.53493387
0.44914448
0.5972035
0.93854904
0.8351606
0.47951853
0.61842716
0.67468274
0.9493272
0.9758093
0.9360222
0.9611269
0.9209071
0.49957013
0.5220529
0.9999945
0.9999814
0.4194766
0.9999728
0.99998593
1.0
0.5427035
0.9241705
0.9999999
0.9999995
0.49842414
0.9969009
0.8871804
0.74201304
1.0
0.42425597
0.35383275
1.0
0.9553401
1.0
0.99999213
0.8151746
0.7547685
0.5158774
0.9999968
0.9999833
1.0
0.48444858
0.53502077
0.8094933
0.5197122
0.55304945
0.74807864
0.85374194
0.99999976
0.7172042
0.999899
0.48077527
0.9999672
0.39387697
0.42934445
0.99999964
1.0
0.7439705
1.0
0.9999999
0.9999757
0.9999703
0.504405
0.99999917
0.999987
1.0
0.36766863
0.99998796
0.62430847
0.9386835
0.9996131
0.9999993
0.9999999
0.6849302
0.828131
0.9999999
0.5273514
0.99999976
0.99999726
0.71698725
0.50689864
0.38074303
0.5976607
0.49092498
0.5424342
0.9999987
0.999984
0.51731366
0.6489586
0.45864394
1.0
0.5516212
0.95617723
0.85828465
0.8352801
0.44080096
0.8776806
0.999997
0.50547236
0.7653014
0.4572891
0.99999523
0.5031432
0.8848988
0.7462604
1.0
1.0
0.9999999
0.63871837
0.99999964
0.50139666
0.9999354
0.48873943
0.5361153
1.0
0.9061634
1.0
0.999997
0.5220472
0.9999999
0.96326196
0.99999154
0.5721493
0.9999982
0.50223565
0.69664824
0.5338622
0.50019234
0.9999988
0.44945315
0.9999883
0.59528404
0.99999833
0.99999845
0.999995
0.9999348
1.0
0.9999931
0.9999863
1.0
0.99999464
0.9999981
0.4707301
0.9999052
0.7825656
0.78716505
0.9999999
0.9999956
0.9999931
0.4132022
0.9562034
0.47324523
1.0
0.9999999
0.5487217
0.9999999
0.566786
1.0
0.5488267
0.9653765
0.9999999
0.9200018
0.99999106
0.9999821
0.82729244
0.4398737
0.50348043
0.96704394
0.9999969
0.46097437
0.50853145
1.0
0.6918743
0.81989413
0.8144055
0.8137809
1.0
1.0
0.4923483
1.0
0.999995
0.8894995
0.9999821
0.49098814
0.49410963
0.9999995
0.51180214
0.70506877
0.926182
0.9256155
0.6761732
0.9999827
0.49013612
0.8573115
0.7928801
1.0
1.0
0.99997485
0.48804083
0.506043
1.0
1.0
0.49460334
0.35556906
0.9999999
0.9999943
1.0
0.44889405
0.83357966
0.4195725
0.9999989
0.5079783
0.6481965
0.9999958
1.0
0.999979
1.0
0.49416342
0.99999905
0.98775345
1.0
0.9999989
0.4214648
0.81498176
1.0
0.999948
1.0
0.97464365
0.49152032
0.49727905
1.0
0.9999658
0.493312
0.4337175
0.999998
0.47859755
0.6964572
0.71795464
0.9999907
0.9999994
0.7856721
0.99999917
0.99999917
0.99999475
0.9999987
0.9999999
0.4975197
0.74888295
0.99995375
0.9999999
0.6512905
0.9999831
0.6544221
0.99999845
0.9500786
0.586149
0.62599015
0.49972543
0.99997294
1.0
0.4845693
0.5010816
0.49920928
0.9999931
0.9588462
0.7512278
0.8329453
0.49946675
0.99999964
0.47163644
0.9999976
1.0
0.99999833
0.9999993
0.47779644
0.9999999
0.5064308
0.9999999
0.8189114
0.6133367
1.0
0.99999666
0.80352247
0.8967718
0.49985668
0.46184123
0.99999976
0.69334245
0.9999926
0.9999999
0.99999976
0.49948698
0.9999745
0.57643896
0.46751794
0.9999988
0.7073201
0.9173024
0.99999964
0.49352157
0.7113056
0.9999702
0.99999976
0.8434657
0.8399264
0.5441849
0.7003439
1.0
0.48099583
0.927722
0.60644835
0.9999926
0.99999785
0.94658
0.4732831
0.9999968
0.9870035
1.0
0.50456786
0.4873907
0.99999976
0.99850416
0.9999896
0.6192662
0.99999976
0.99981946
0.99998486
1.0
0.7241696
0.3869147
0.7439764
0.4923152
0.74792117
0.45682362
1.0
0.6369532
0.9999989
1.0
1.0
0.85116017
0.8322759
1.0
0.52229935
0.9999995
0.7287431
0.73262286
0.5471557
0.5014687
0.45196617
0.9651589
0.99999976
1.0
0.75340027
0.99998844
0.4914832
0.7473272
0.5930986
0.94780606
0.61745596
0.7912757
0.99999833
0.50295323
1.0
0.49643224
0.99999917
0.649791
0.55922836
0.5751814
0.52989584
0.601497
0.7238204
0.51213014
1.0
0.49901566
0.73462605
0.48503166
0.9999968
1.0
0.9199167
0.75105065
0.99999917
1.0
0.9999999
0.5539761
0.8574909
0.9999999
0.496222
1.0
0.9999976
1.0
0.8347032
0.99999917
1.0
1.0
0.9999931
0.9999995
0.4993266
0.9999999
0.99999976
1.0
0.84795034
0.99999976
0.7174637
0.99999964
0.9999999
1.0
0.9999993
0.99999774
0.99999833
0.9999999
0.48166743
0.8986282
0.99999714
0.9999882
0.67677194
0.99999523
0.49817362
0.7524253
0.7826516
0.98375964
1.0
0.99999976
0.9999999
0.9999999
0.6767286
1.0
0.99999285
0.62237895
1.0
0.9584064
0.5242311
0.57194185
0.9680145
0.9999976
0.49736348
0.9674791
1.0
0.99999976
0.9999993
0.99991834
0.99996257
0.9817031
0.48096916
0.5620983
0.47117567
0.80496377
1.0
0.40591693
0.99997604
0.50651157
1.0
0.4178969
0.77613837
0.9999993
0.87357676
0.43061212
0.49194664
0.43060035
0.99999726
0.99999964
0.99999774
0.99999905
0.99999976
0.45510525
0.9999865
0.9999995
0.99999976
0.9341293
0.99995744
0.7464265
0.99999964
0.99999917
0.51569873
1.0
0.5526521
1.0
0.9125978
0.9067212
0.49978265
0.50606376
0.4385555
0.9566351
0.99999785
0.9974649
0.88163924
0.9999995
0.5044657
1.0
0.8307228
0.99999845
0.50674975
1.0
1.0
0.51144296
0.9999914
0.5132123
1.0
0.9999901
0.99999285
0.62065685
0.5837667
0.57603323
0.61166847
0.43507206
0.75607413
1.0
0.99999976
0.95899034
0.9999969
0.9999951
1.0
0.55503315
0.98084784
0.9999995
0.3731444
0.6039796
0.90604603
0.5115681
0.85119945
0.9999993
0.38912985
0.72672534
0.9129914
0.62392074
0.444351
1.0
0.50051326
0.40509152
0.44823176
0.57067335
0.6873007
0.56781495
0.9713722
0.999997
0.4170787
0.99998367
0.95915854
0.9999635
1.0
1.0
1.0
0.9584617
0.445818
0.99999833
0.99999774
0.78523374
1.0
0.6342282
0.9999951
1.0
0.9999825
0.99999845
0.99999833
0.50010407
0.9999964
0.5079773
0.40668628
0.9999858
1.0
1.0
0.96892077
0.9999994
0.67966765
0.7724167
0.6210054
0.99999905
1.0
0.39137623
0.99997926
0.9761513
0.9999653
0.77555776
0.62782747
0.9999944
0.9999949
0.5142345
0.8237849
0.9999894
0.49915606
0.4968229
0.588661
0.86368144
0.5137408
0.9999713
0.6839895
0.61557245
0.4377549
0.9294935
0.9999894
0.506028
1.0
0.9999852
0.48254058
0.9999999
0.9999995
0.44071737
0.47885692
0.9999982
0.9999958
1.0
0.99999917
0.4054748
0.5268982
0.64234954
0.9999809
0.9999914
0.5552394
0.99999106
0.99999976
0.8892988
0.90531695
0.3972576
0.80665517
0.9999993
0.99999905
0.79141605
0.81777614
1.0
0.76624393
0.48456582
0.50620687
0.99999976
0.99998105
0.5000014
0.88885355
0.99999964
1.0
0.9999999
0.999998
0.99999857
0.52535987
0.99999034
0.9999999
0.9999993
0.9999994
0.99998486
0.99999666
0.9990978
1.0
0.99999964
0.51848596
0.6472139
0.98832357
0.49680918
0.9999838
0.47109586
0.9999975
0.8482942
0.4981528
0.43770814
0.8832451
0.9999814
0.39841136
1.0
0.46859005
0.5004004
0.43262324
0.50613344
0.999997
0.86201
0.6372251
0.4507472
0.4985033
0.4065528
0.9999951
0.9841203
0.9999994
0.775581
0.99998975
0.92214
1.0
0.8181356
0.9820034
0.99999857
0.4958499
0.46912447
0.67431325
0.99997115
0.8442738
0.87918574
0.49984413
0.9999858
0.9999995
0.50147605
1.0
0.7292105
0.55354965
0.82919633
0.4993502
0.9478841
0.6308672
0.47963938
0.9999999
0.75296456
0.51218086
0.9999999
1.0
0.4915861
0.834705
0.9134824
1.0
0.6472545
0.99999404
1.0
1.0
1.0
0.9999968
0.9005915
0.9999906
0.50166297
0.69562465
0.7606432
0.6334281
1.0
0.9999944
1.0
0.50505
0.9999976
0.49019545
0.63144004
0.99999976
0.99999976
1.0
0.50288296
0.8677879
0.9999987
0.99999917
0.4856108
0.8672325
0.9290424
0.99999464
0.51372963
0.4942899
0.49650654
0.500634
0.85641384
0.99998903
0.9999784
0.5417432
0.4988553
0.6833383
0.58561385
0.9999995
0.9602407
0.5105846
1.0
0.9999857
0.76419026
0.4782023
0.99999547
1.0
0.93844646
1.0
0.6064615
0.71887124
0.66860884
1.0
1.0
1.0
0.99999905
0.9999902
0.500421
0.68501145
0.9999994
0.99036354
0.99999416
0.99999356
0.5758434
0.5032405
0.99999905
0.68785125
1.0
1.0
1.0
0.78660345
0.99996877
0.9999994
0.4898717
0.99999905
0.5629997
1.0
0.71591485
0.9999994
0.4988075
0.9999851
0.9083818
0.9752162
0.99999833
0.46742386
0.4270683
1.0
0.9999913
0.9999995
0.9999981
0.9999995
0.8633764
0.9999999
1.0
1.0
0.8198776
1.0
0.76690364
0.6508792
0.9999969
0.7201126
0.47536752
1.0
1.0
0.99999917
0.99999785
0.7891901
0.7063406
0.5443865
0.46162835
1.0
0.9999995
0.5561901
1.0
1.0
0.5101049
0.99997246
0.91868037
0.62393343
0.9999999
0.9999999
0.9999999
1.0
0.56802803
0.50590104
0.9999982
0.98624724
0.6949905
0.9081402
0.97535044
0.55266124
0.40343904
1.0
1.0
0.99999034
0.9095375
1.0
0.9999999
0.36169615
0.9999751
1.0
0.9999933
0.8044523
1.0
0.6453759
1.0
0.6913714
0.6458881
0.9999187
0.6203376
1.0
0.9999993
0.9999995
0.99998283
0.9999982
0.4857096
0.9999999
0.49529335
0.68420625
0.9000268
1.0
0.82759374
0.73481363
0.5322318
0.86397606
0.49909928
0.91477215
1.0
0.463912
0.67165184
0.5855213
0.99998987
1.0
1.0
0.5630625
0.99999905
0.56348413
1.0
0.5060363
0.5007426
0.9999999
0.9999963
1.0
0.9999999
1.0
0.9999752
0.9999981
0.75966054
0.8736895
1.0
0.999992
0.9999987
1.0
1.0
1.0
0.99999774
1.0
0.88532335
0.48034012
1.0
0.9808214
0.99999154
0.9999999
0.450654
0.99999774
0.9999988
0.99999964
0.6105528
0.64410543
0.5038107
0.9765578
0.43490282
0.4958296
0.9999788
0.99999845
0.7002342
0.56717086
0.9999988
0.9999995
0.83422184
0.99999964
0.50760096
0.9999999
0.9522591
1.0
1.0
0.50562125
0.49511147
0.9129355
0.4999531
0.99998176
0.4083337
0.5644533
0.9999993
0.9999987
1.0
0.9999993
0.9318968
0.62514776
1.0
0.99999726
1.0
0.9999995
0.9225275
0.9999223
0.43252915
0.94802547
0.98013204
0.99998987
0.9999728
0.9999825
0.49469352
0.5000659
0.8018614
0.5667059
0.60852015
0.5093017
0.6711082
0.9092206
0.6772561
0.99999225
0.8014671
0.69055825
0.9959663
0.68832666
0.5001124
0.5040598
0.9999889
0.40430152
0.99999964
0.9997296
0.96711373
0.4486191
0.45286965
0.9296648
0.48813796
0.9999994
0.5993415
0.49148315
0.5885481
0.9586558
0.6038953
0.9378342
0.999997
1.0
0.9999895
0.8910938
0.99996054
0.9999411
0.9717144
0.9999949
1.0
0.50069493
0.85562927
0.41026515
0.4985187
0.8551206
0.9999999
0.35729817
0.7994921
0.5038996
0.7098741
0.38982666
0.9543042
0.6811565
0.9437299
1.0
0.4971896
0.5108195
0.8768167
1.0
0.99999654
0.74028295
0.38549432
0.49616235
0.954376
0.47503528
0.41836652
0.9999999
0.999992
0.9999894
0.5088694
1.0
0.41837838
0.99999547
1.0
0.91069794
0.6333451
0.45491797
1.0
0.47669262
0.51510423
0.45322558
0.7214792
0.45919314
0.9999931
1.0
0.8338643
0.9999999
0.89878196
0.99999607
0.50103027
0.69279623
0.9999933
0.9999769
0.49948227
0.9999683
0.49301013
0.99996483
0.7430516
0.9999994
0.99998665
0.9999994
0.99914
0.4233259
0.7388622
0.65101993
0.9999988
0.9999906
0.600841
0.84191567
0.45270962
0.99999344
0.6563468
0.5917053
1.0
0.49599767
0.41768664
0.44297406
0.99996555
0.99995995
0.5012351
0.51324546
0.5569307
0.94286144
0.49550405
1.0
0.49990097
0.9999951
0.5102646
0.5745784
0.9999999
0.99997854
0.9999995
0.34038535
0.9999995
0.49730667
0.9999974
0.4573558
0.99876356
0.9999418
0.50141853
0.99999464
0.9999999
0.84486586
0.67084044
0.8964521
0.9999995
0.99998987
0.55801105
0.8302427
0.48440892
0.715634
0.49516493
1.0
0.99999964
0.9353545
0.99996495
0.9999994
0.99999976
0.99998105
0.9192611
0.9999999
0.5394525
0.501363
0.9802924
0.66746694
1.0
1.0
1.0
0.9999963
1.0
0.99999833
0.49243623
0.9999747
0.9999995
0.99999917
0.9999255
1.0
0.9999993
0.9999999
0.60483485
0.51239616
0.57630473
0.6103679
0.63329107
0.9999999
0.6223601
1.0
0.9999988
0.61105657
0.58434784
1.0
0.9997464
0.9999987
0.3979815
0.48838845
0.99999905
0.48464343
0.99999857
0.62120366
0.99988806
0.4413017
0.99999547
0.5463729
0.99999607
0.9999709
1.0
0.9999994
0.99999976
0.99998903
0.9999999
0.37798503
0.99999917
0.99998605
0.63075745
1.0
0.9999994
0.99607146
0.56973743
0.7519999
0.4486497
0.60507184
0.99999845
1.0
0.51055825
0.9999999
1.0
0.6828502
0.75842327
0.9999995
0.73675513
0.69112575
0.88460886
0.8289789
0.999995
0.36751258
0.45277154
1.0
0.5152532
0.45033172
0.64842427
1.0
0.9999994
0.99999905
0.99999213
0.9999937
1.0
0.9999702
0.99995625
0.62058896
0.5475861
0.9999323
0.9320106
0.99225944
0.63248664
0.9999993
0.7505962
0.9919377
0.7113519
1.0
0.49367306
1.0
0.9999999
0.626964
0.5581598
0.9999976
0.49662828
0.7909581
0.9999994
0.67943144
0.99998105
