6.9788494
10.7588415
16.489859
10.718665
8.611434
5.5508776
3.1829114
5.688267
11.136279
3.0584068
12.677063
30.282038
8.145573
13.075429
23.028133
20.9071
24.347038
21.24787
16.845745
25.658882
5.5649114
18.746876
2.531405
26.26877
8.306781
6.048411
-1.7611248
8.560319
20.337875
20.426031
9.925205
10.682909
6.459213
3.0572407
24.706781
3.6458538
4.074724
4.135266
24.154274
37.187798
19.950483
18.104471
9.258578
17.12374
16.824772
24.474855
7.5852385
1.5051833
23.045109
1.5378851
18.62357
18.734087
-0.4806813
7.049033
18.308422
21.278173
11.980498
5.3373384
-0.14339136
1.9243234
18.276455
4.762163
14.2567425
4.5968795
8.641715
14.514027
9.157603
9.43748
7.0938363
8.227686
0.7626229
7.646755
24.19101
19.424934
17.203766
17.36492
12.355054
7.147385
7.164897
21.959774
16.761145
8.449808
24.443487
9.98689
9.8883705
7.0755863
3.897234
7.0356026
14.699101
21.612452
23.059044
7.418512
21.619429
13.197736
14.529969
3.3498652
7.2964473
9.001881
19.121971
22.723148
3.6637883
2.6350465
20.103172
11.972974
29.67942
25.15206
7.070479
18.674604
12.839142
19.064873
3.331893
9.218951
10.884628
14.150724
15.106538
7.073071
17.436533
4.04908
-0.3082351
1.4530147
10.879328
7.8831973
27.344374
25.395748
15.079645
2.5486114
7.2284336
3.7066514
2.2558997
4.4940233
16.337133
30.595846
12.542534
28.291683
15.052642
14.146873
12.379221
19.289408
17.69564
4.9896846
18.196413
24.146425
15.078583
13.318704
14.149489
-0.4989096
12.635579
5.805718
3.3082385
11.039918
16.229946
13.971131
14.388985
9.92252
14.68925
20.026642
17.68734
23.91358
6.6788526
21.303389
15.47918
23.690344
0.3892086
10.782529
6.5721684
1.4511807
1.7380306
7.167521
-0.8710974
3.3428078
24.266638
6.918401
-0.15998209
4.4706173
16.53629
19.212307
4.553335
16.572578
1.9114125
18.003822
14.103098
31.719912
22.240654
7.6379232
-0.49016225
23.16445
10.198801
4.2661433
8.414196
6.59383
3.1469147
10.239652
8.428401
17.518167
14.664453
1.8845643
20.840536
12.788833
21.863737
3.4327536
-2.6104565
0.35222727
20.902998
8.979525
21.504503
16.186779
7.5854845
11.34026
36.652084
13.738364
6.782858
1.2298497
8.684985
-0.5475378
1.24928
13.163817
12.576704
15.127593
-0.62423015
13.891156
10.325137
3.3556442
18.598516
9.762746
9.029607
5.834289
-0.67844355
19.404535
-0.93031895
0.06414592
21.929928
23.107126
-0.5898794
17.064283
20.47666
22.786812
18.956194
15.078389
11.23012
14.386336
36.56826
19.227844
1.3939428
18.575415
11.655056
0.26975724
16.52102
2.751292
11.672682
0.80481756
16.660503
6.1662908
19.936302
2.5128114
4.946517
0.046066526
7.669325
19.951376
3.9083638
13.45992
9.498763
19.0353
3.9188137
1.2982672
8.991527
2.676676
3.3411741
34.43135
15.765061
7.4552426
15.352504
2.1927278
19.764927
9.198824
18.455164
1.5144671
14.174685
4.4980474
15.527515
10.269807
11.515951
12.773347
11.776202
35.96626
10.186508
22.289396
5.5140433
7.923719
4.584667
24.30985
37.574696
18.946417
20.466766
5.9948044
14.52798
5.711561
17.706194
22.875078
17.96002
18.570452
26.259974
19.349188
-0.27658123
11.002661
15.987512
22.656801
4.5213594
15.510845
23.818787
12.727664
3.1184773
26.72724
15.045974
2.4225585
5.862151
20.842014
14.5761385
22.378763
25.133907
21.835238
17.708344
-1.1960516
4.624772
-0.19280371
-0.6644549
3.9231572
14.374674
8.508301
14.777104
23.625998
18.160654
18.647362
6.310684
15.4027405
17.902077
17.63574
22.551699
22.568632
10.369383
10.479795
1.1689936
19.172253
10.159139
10.87289
18.74852
0.061072577
14.837414
13.192029
23.037634
12.740356
25.755646
27.164177
5.317615
18.898027
5.65351
9.007429
6.344942
16.10952
8.10364
22.17736
12.8287
18.520117
27.191324
4.0472865
20.779644
11.451411
2.230267
7.182925
-0.9980997
25.53127
1.0463054
27.594439
22.902905
12.418746
16.53908
14.855778
13.177374
0.30701512
6.4891148
22.86882
14.70323
15.415932
17.097569
-0.42562127
0.44234353
4.2715645
13.925282
3.882634
2.7476945
25.235302
28.396671
1.5504091
16.668247
7.0140476
10.011636
16.63488
18.82281
-1.606004
13.463605
1.7721977
11.204298
2.9902842
14.190858
14.8277645
18.613108
8.312454
22.130566
17.815842
18.718676
12.403008
20.162975
13.297685
2.549954
14.58555
11.396181
24.842754
9.849518
0.9032172
11.409145
12.782784
20.775963
2.283206
7.7638783
10.519918
18.52833
23.630688
6.1777525
6.9994054
4.3483586
19.719126
0.6958262
3.9151976
12.4892645
-0.38666734
4.374081
16.007719
-0.4080271
0.40031007
13.599879
4.619782
29.794851
13.371869
23.909292
13.207616
7.201958
8.736324
15.667844
10.928157
18.54771
23.72179
6.663159
18.853588
16.096502
7.9536066
10.535491
7.7988195
0.14742193
5.3681846
5.547698
1.6870813
21.997984
12.412048
23.814724
-0.26060057
3.8083286
27.41449
20.77261
9.222487
8.594008
24.654745
0.399422
6.798759
22.81248
0.1784039
3.3219671
18.13427
-1.3528761
7.489396
19.80387
1.8765913
2.1689034
30.400087
17.425728
-0.26193947
17.880772
1.4612156
24.990852
20.98068
6.21774
5.68751
33.076153
-0.05230722
13.398434
25.40204
20.118586
28.207401
28.966871
19.573929
24.882914
20.915695
10.840251
12.69668
12.699384
15.800912
24.998905
22.504473
19.011917
17.81065
5.219783
26.139246
21.32081
26.556547
29.153938
26.70812
17.202957
3.2755117
24.546715
11.558206
-1.5351675
13.27658
14.112316
23.316374
4.101486
20.09982
5.369443
0.945485
1.304297
17.093533
2.842031
15.115457
25.032839
3.6766703
18.243639
20.601664
22.209223
18.954123
21.939165
0.16730599
10.533959
13.993541
24.171366
-0.48041588
10.484113
17.061184
29.303156
9.803783
24.372118
6.6985326
3.017111
11.819178
0.60109365
9.670614
20.259953
-0.22769627
16.357508
11.859363
15.684819
29.065367
14.627771
32.727142
18.455236
15.322588
11.941455
1.6537889
9.247663
3.6391778
17.167427
9.743614
1.6994585
7.9232016
1.1988735
22.884995
11.029488
2.1647706
19.968248
18.417557
23.615993
13.541926
15.522351
16.608196
21.180267
8.694137
17.746628
10.439142
21.828867
4.6214128
3.4791236
15.016968
25.939024
12.390789
15.813564
18.15127
21.376383
16.838531
15.426491
16.060787
17.537058
7.881596
10.075943
17.584146
14.070149
20.112509
17.767204
24.205748
36.68866
20.076698
16.242916
1.8924891
15.274498
23.202982
21.075779
17.11304
13.271695
28.012905
24.432775
8.823989
10.231939
6.522244
3.7784061
28.208925
25.162937
6.111977
29.309668
5.7821813
18.150608
25.118675
26.509243
18.850594
14.29875
19.211855
11.324299
3.1124778
14.014279
13.328152
0.34538954
8.1389675
15.513379
-0.41079235
2.1963038
1.8208108
-1.4899554
10.24161
13.84846
25.365517
15.858209
18.376036
3.8161883
13.352963
17.138384
11.059735
24.039982
10.669083
11.017159
7.8515997
17.7105
8.502981
28.039803
3.5162535
16.817652
22.451756
9.581275
5.8880954
21.258873
9.870213
9.247607
7.2344465
20.636559
13.2582445
13.477382
0.48235357
25.409357
3.80278
-0.2722972
27.33645
7.1751556
-0.039700467
13.074577
0.68980324
9.538758
6.262291
6.8737826
29.528513
2.2913544
8.746101
13.229039
-0.29032505
13.210319
4.923185
2.128061
-0.3333611
16.04576
23.973412
2.745733
12.99196
21.852127
16.655514
5.754963
8.648252
14.931925
-0.1702905
20.499582
15.487955
16.462008
14.709082
15.301537
28.811161
16.432886
10.239381
9.997146
17.922224
3.15253
5.485438
22.769863
14.579244
16.734694
0.8712319
15.816041
10.538058
5.8169713
7.9161825
10.54762
11.624735
23.284851
22.502052
25.033062
-0.47646928
24.460155
3.2322526
-1.3077376
14.768277
6.103416
1.8972601
23.875074
19.540236
4.188265
2.3038452
0.6681128
22.712948
21.862774
-0.39757589
2.38119
18.217516
19.883518
13.894604
3.4445446
19.504786
7.1479807
26.930712
18.476324
10.15527
20.002726
1.582759
16.142868
26.57048
13.465394
2.2873344
12.418872
21.070812
18.354895
32.667
3.2825203
4.5972905
11.373973
15.215299
23.886774
26.240725
0.15943612
0.05508351
6.7097087
23.440714
-0.5462121
2.566943
23.861229
22.659708
10.454542
-0.8468398
-0.07693866
30.185635
13.262584
9.613762
28.168844
25.217356
13.717212
11.492651
14.050875
13.620054
16.281002
4.113855
1.7829914
28.974306
13.224817
29.143436
4.510014
6.078691
14.145942
13.238343
3.7209983
12.8642435
12.805657
0.7216724
32.114185
17.438469
2.3523302
21.901752
16.043535
9.969156
12.129232
7.2873306
12.953936
7.3368373
7.54955
6.024715
26.490557
10.595212
11.433519
19.095224
17.382643
0.42104512
7.1028447
3.4672499
11.024108
7.8541675
11.775307
24.77503
23.72241
1.5047202
12.34805
19.597778
0.6284408
9.328743
8.298158
6.2838836
19.818628
-1.0876621
8.50478
3.090035
4.135548
16.59331
7.9796495
36.842064
29.622452
0.88374233
17.758179
20.518688
14.201513
6.479213
9.139601
19.483181
7.991763
17.509588
7.4995146
26.454094
14.751528
2.4201095
24.002949
4.5138717
22.305584
11.342184
22.657736
14.480703
15.771011
11.181379
5.716773
11.263605
24.954916
25.255304
1.1019307
9.317947
28.498102
11.269681
5.0290985
41.400715
15.937607
19.399727
13.626317
17.471478
32.99662
-0.8089345
2.192878
19.216036
18.585981
-0.8545752
8.527872
1.2841407
12.872274
4.978758
4.914823
10.325826
4.893067
10.690656
15.233354
11.224224
8.453778
-0.18743046
20.936037
15.303663
10.504161
19.168936
4.3330603
15.5001545
2.0030663
12.806026
20.672997
22.66404
12.054386
9.115442
23.928226
11.240448
23.094318
26.817009
0.31931868
22.771492
2.1037111
16.325663
2.0571706
27.726889
-0.022836067
13.228653
21.647324
6.8312044
12.721082
25.782875
0.07760236
6.0873003
2.0122936
8.922037
17.139143
7.7189584
6.6181273
3.6823277
24.635824
12.758983
3.315333
0.66970205
29.537712
3.4833708
19.60906
6.7394724
3.0227091
15.202322
20.988981
10.626389
9.621188
3.8715236
25.529112
8.75642
19.331028
11.184527
10.892201
24.406973
10.000687
15.523205
13.367408
-0.03244162
13.67123
26.064798
1.5322908
-0.2321751
16.887594
16.57526
5.417594
6.4035115
21.731953
20.622253
14.204562
0.7404388
7.1941385
2.90687
23.659319
21.482006
14.628446
16.810286
5.2706842
19.648066
0.8592847
29.676973
9.856719
18.52562
16.25633
10.748618
2.6229362
-1.2511858
8.134158
13.425426
20.382189
16.59719
6.849623
17.674686
2.1408997
9.79927
33.634926
5.136571
24.588705
4.022844
1.1624855
1.3140786
15.982375
9.411827
25.136326
20.762098
32.205887
11.6264105
0.96964586
17.658619
18.154766
14.682206
19.430168
15.376792
1.5520439
3.2372713
19.513754
24.50976
10.064076
26.165567
2.8724444
29.51973
19.579071
17.266031
15.243507
5.2994437
17.46571
9.555933
11.342078
1.8843862
14.241753
18.079025
10.003037
15.153686
5.7063546
34.982536
8.630368
0.7421948
0.89803064
13.680207
-0.35076958
4.732479
1.8282739
25.114073
21.786995
6.6691117
-0.051170416
22.851322
5.9509263
14.106993
12.549575
18.302217
21.195728
1.5688653
13.986466
2.8408465
2.266995
9.195259
12.49558
4.227803
18.2038
25.395449
3.908246
0.23933257
7.957244
15.243085
23.52571
6.174608
6.872287
23.64691
2.1481636
1.8630604
8.845861
22.407003
20.34888
17.326132
9.368548
18.135723
18.884441
38.36679
3.1070929
12.717638
4.5300565
21.513493
20.492878
14.620809
10.238138
14.232205
14.104414
13.461771
10.918825
22.697714
26.88082
14.105238
0.3070258
17.395144
15.04723
15.700127
6.5751905
4.1059904
-0.14977582
12.283548
20.44974
12.71731
17.282578
27.26475
0.17029996
21.007261
17.37362
16.678415
20.829844
3.1234984
22.167387
17.025986
14.038542
13.501148
16.91746
18.983377
-0.12033199
23.664179
14.049572
24.81825
13.380353
9.631748
13.301986
13.6185255
10.459901
6.1008677
15.79089
7.5183134
11.635924
18.793064
1.0529398
18.29735
6.7395515
6.6426535
1.3486232
6.3138156
-0.66818243
15.248942
14.162591
19.240742
13.3450165
5.6832113
1.6305147
22.50483
16.877026
25.570158
23.200853
19.868813
12.662664
2.4069655
11.94544
9.534907
22.065693
9.16032
1.6427879
4.9867845
20.670883
15.194987
13.471524
1.794516
13.399564
14.676105
11.162146
15.614117
24.639437
14.935975
23.789682
5.5498805
13.234809
9.483058
1.0208523
3.025585
12.828428
15.772573
20.515259
18.54626
1.8642377
9.710996
39.905914
9.869546
29.853407
11.700247
3.2403462
8.791802
10.815983
4.3371916
29.358006
11.572443
6.407615
3.3005517
17.499857
32.702145
18.125153
10.905783
32.885185
7.886588
10.408047
-0.13680825
-0.29082775
20.851645
20.405165
29.48431
15.353818
2.6001823
6.214204
7.2303233
20.3548
5.6678524
20.221474
11.827689
36.434315
2.9077191
2.5368764
12.452375
19.735552
6.2189417
14.190138
17.09305
28.83116
21.742834
18.080173
-0.18893413
17.696087
6.0134125
0.29579616
14.844692
4.1654406
18.691181
6.0711584
10.909231
14.255548
-0.20926423
0.25696522
31.557098
3.4648066
12.4262905
35.10164
7.3941984
31.872217
9.777673
0.3534823
14.007464
27.15185
5.0129104
9.444191
13.91697
3.297906
10.348897
2.7552028
5.5367026
0.27866918
0.35451692
2.9486415
17.314547
11.316751
6.0318584
28.89794
5.888018
11.666755
13.309214
3.162874
20.164198
15.208279
23.12586
24.360634
6.4590616
16.089489
8.20103
22.4943
1.4286716
-0.20302002
24.011845
1.0899591
1.4437399
6.5113544
27.52482
4.502443
15.963578
16.994251
0.006545175
17.50892
4.5385885
16.654213
2.7983613
6.699509
22.621466
20.023796
17.758926
10.282316
-0.13073988
19.426037
15.636074
22.36243
14.30998
12.5246525
15.753362
7.648626
4.0568852
9.040954
16.91447
11.12018
9.956923
21.158264
-0.15685393
6.758451
42.539745
8.080105
-0.04187489
-0.73407704
13.721429
3.7351255
-0.20399651
-1.8164594
4.897129
17.97173
22.703075
19.29089
30.972124
25.561665
1.6878865
26.017984
33.327732
0.9667376
17.859423
6.345671
6.5731883
4.755463
0.22210155
12.767054
15.564034
0.061182354
18.749271
13.081353
15.415291
4.5247903
19.24124
15.702404
4.6973453
15.365769
17.972618
18.088083
6.3412714
20.28395
15.645815
16.092525
11.64595
10.500721
14.547438
10.375285
19.325142
4.3440514
27.987799
12.987475
26.198309
5.228577
24.607513
15.619171
0.15729326
21.371689
0.7300853
5.8427334
18.682875
11.850793
15.836658
16.540491
21.294415
23.487612
19.386494
22.855995
20.954416
24.65158
22.2024
8.863416
13.301428
13.66933
13.10469
-3.6783774
0.91335917
8.901413
36.07067
6.4114456
7.0114956
21.903202
7.800938
9.065726
14.954476
6.087977
5.5424013
15.042573
13.374048
21.224365
22.625036
8.550304
2.0444217
13.795532
0.19394651
23.952728
-1.7520728
5.8617053
0.08177583
16.28026
8.953035
5.477718
5.8961577
7.3840036
12.572125
28.791725
-0.24761106
21.33759
10.499032
23.088308
13.920924
11.387493
10.551876
17.834204
7.66469
37.31823
27.352825
18.556278
20.037228
0.819057
14.010298
13.464194
32.141678
4.423309
15.8505125
10.539005
18.650162
3.2129276
8.638752
26.701778
-1.058917
14.647111
1.7154915
6.7193155
11.895285
25.18347
9.893172
18.99778
1.9083682
15.941507
15.494457
0.19273004
0.095913336
8.316627
14.756507
0.43793452
-1.3526347
24.334797
23.733908
19.546625
19.07241
13.180122
26.167107
14.449795
10.314617
16.187288
12.072454
2.8287652
10.663248
-0.5290762
31.779613
25.073551
12.717903
26.207752
8.686931
16.108265
9.786251
17.69902
19.29561
18.40273
25.250494
12.721879
7.115351
0.27442348
2.9121842
14.783079
29.84738
-0.88116103
24.270046
21.41823
7.7780523
16.451777
0.88911295
0.9028331
19.155725
11.972048
26.579
14.682063
9.903185
32.539738
19.967976
14.090494
9.241577
43.55041
2.4874723
2.2272897
14.035068
0.16635646
4.577573
0.43554953
31.055838
10.131959
21.259449
7.666031
6.0658503
12.070791
-0.7503026
19.485552
5.845431
1.1509858
-0.2680778
16.064062
8.110467
19.919464
41.13032
24.362213
6.6149116
13.764234
2.8656828
21.608501
22.201351
13.341817
16.594666
15.329923
6.941518
15.066091
24.933468
12.928196
-0.28814214
17.63782
4.330303
21.046453
0.68917835
8.781148
5.684613
13.938696
13.50955
20.764357
24.714088
3.6289322
14.322612
3.4467387
14.615998
23.461
19.996004
22.80268
14.984659
23.635592
13.332872
22.821976
4.3029475
0.26374555
12.443882
8.101833
28.168976
-0.19316311
19.663061
10.802877
7.595136
10.935489
16.851416
15.04747
12.993047
16.88041
5.7746367
25.825409
29.121525
21.797304
9.0684185
16.020123
13.602414
2.2544725
7.917107
8.870614
10.221332
5.5790105
12.297712
0.23358427
13.017294
9.052573
3.1274257
31.632795
12.743952
1.6589417
4.7427416
16.713255
12.467807
13.143085
18.621502
19.051794
9.39317
25.753002
17.74382
12.685319
23.459026
4.3274937
1.5792925
12.219397
6.2549334
18.970783
14.013425
14.729085
16.940445
9.448881
13.94888
14.221113
3.4794433
29.658915
1.0607811
-0.36993176
4.944589
5.3241735
14.474814
0.5053128
25.81366
5.4284086
7.330345
24.2029
27.600851
21.792675
18.391975
4.8308163
16.741129
7.1583095
30.718666
0.22547431
11.036423
22.018547
4.3770304
3.2707944
23.239006
8.398386
21.086575
11.393721
11.485916
1.0248493
5.8889713
16.667355
21.417166
9.738579
11.998987
6.708884
16.464998
11.345556
2.368223
14.918301
20.83501
6.01388
21.265139
14.535873
33.82429
14.491683
1.6742818
35.367523
1.6464123
25.55248
12.73492
19.301329
25.485897
1.7543383
20.865871
10.429385
30.989792
12.667249
18.02028
2.516403
9.324659
14.938714
27.28294
7.1673956
16.880878
5.633078
3.696676
4.469142
19.962852
10.642187
1.462253
13.47121
3.197418
15.641606
20.291128
18.844654
21.164703
19.349068
-2.1655903
18.88387
-0.45192653
10.583573
-2.119577
0.68739504
5.4077344
19.405247
1.3627901
0.6988087
20.374193
22.825848
12.344341
18.916552
9.801785
0.9974973
18.663597
19.170267
20.671993
10.318426
4.4554276
4.068776
28.964344
-0.2818439
27.669287
21.695395
22.781427
9.228364
15.084736
14.93972
25.295631
15.114185
3.3821566
3.2158816
-0.16736978
27.393343
19.061073
12.695624
26.150759
1.9774737
-0.92965925
0.055967737
13.014968
12.266359
22.277723
15.438985
2.6978896
11.49607
22.222565
8.483016
5.2201905
6.2965274
4.659537
10.245025
7.4151583
14.254064
14.5463085
0.12226464
3.763071
14.666407
1.2071275
29.66768
33.9423
26.05639
18.191166
14.427786
15.457363
12.107201
13.891512
13.5817175
18.711231
13.829966
23.021666
9.961319
7.542363
-0.31125018
7.5461903
21.403643
8.78399
20.270376
36.015976
15.4962
5.7742295
7.632102
0.50909066
0.61615264
6.029867
0.62916553
8.288201
8.426025
12.6197
9.773665
0.94728106
19.85239
13.565756
1.0170784
24.64547
19.781172
1.7167436
10.54755
18.134882
7.405821
22.167675
21.0538
15.47541
20.587618
3.9002268
0.6022515
18.772085
5.159272
5.135576
28.618631
13.644111
4.834946
11.898159
11.335781
23.101902
11.115639
18.138838
16.193804
31.670761
10.755518
4.6020393
3.7211134
19.002262
20.793327
1.2821193
16.540926
27.350855
32.05334
9.313808
1.0712311
8.289348
8.28399
24.970638
11.626871
5.2276807
2.9705014
16.571321
5.485763
7.274622
8.779754
0.58129066
32.04606
32.900593
31.078934
20.401577
10.467486
6.488486
6.213814
18.25543
15.407453
26.15173
16.862936
-0.064287916
15.883202
2.3663309
0.4897431
26.130234
6.213424
6.686426
19.748184
19.21194
16.296988
9.541904
17.853695
4.234191
16.489582
27.994974
2.0987117
16.248674
1.9420171
25.247787
18.117004
28.225513
26.883512
30.441837
1.5872447
12.782159
10.264394
2.8248599
15.288727
2.1316557
28.381268
12.95078
28.63731
6.9196467
3.814811
18.40157
16.650385
10.075075
20.771309
11.792425
22.593336
21.872766
7.907811
14.610095
17.329653
27.334532
23.508255
20.26536
22.16203
4.0867486
2.1997786
9.978442
2.0947645
3.7050965
4.8937078
17.005539
8.442229
22.69864
0.35411897
18.479172
32.44337
0.95139194
8.994066
-0.514159
0.78557986
22.237316
32.321285
32.63732
9.293366
12.733304
29.298897
2.1384752
10.994475
7.108714
19.023487
2.960747
5.686481
23.948233
16.302082
10.18232
19.024578
22.432056
3.8456185
19.751905
15.155077
9.163179
29.424717
-0.75138843
18.747902
23.971807
1.8530815
21.466251
11.412026
10.572631
22.71068
0.87067693
23.328646
17.500422
8.432679
11.346173
1.950975
0.93024135
8.113259
-0.6699222
9.595482
3.1742675
15.236443
3.9436216
16.609652
25.935228
11.471244
7.802006
21.627625
4.8178315
9.764555
16.695187
-0.37584049
16.386656
19.04031
5.2610035
3.3419662
4.505946
20.223831
-0.39587596
5.182068
1.9773207
15.882522
19.367725
17.225416
20.000065
13.207502
14.351781
20.788921
19.4441
21.165142
6.4068713
16.810635
18.43414
5.4648547
3.6346905
25.214008
2.31984
14.7894125
5.9310846
25.816343
4.209266
17.389072
2.31217
26.203176
-0.83497125
16.850546
11.932419
4.307882
28.741941
16.17351
16.171898
5.227052
34.065327
21.097359
8.219918
16.306923
12.787234
15.084571
10.3048315
3.2509024
22.116747
19.043474
6.773602
9.88748
8.491762
21.141567
6.421356
22.214745
8.8604
22.668884
26.3243
-0.79269195
1.620973
25.105104
8.315229
8.822685
10.93263
12.621226
4.493127
0.043389764
11.333397
23.157934
23.80216
5.152886
0.2397765
12.701555
19.603891
0.43742874
3.2101104
11.357952
6.9918127
13.845316
24.676092
2.8808892
1.1909469
9.963701
10.75548
0.06614852
11.941782
10.603441
21.538141
24.1836
14.506944
26.17035
0.78691804
-0.9171008
27.177237
6.5973773
10.0032015
38.656216
13.624191
29.047617
15.599548
35.487907
12.1338825
7.8784986
29.42854
24.296501
19.108576
11.544848
4.6809077
6.830597
-0.59830445
13.629724
31.528868
23.954174
-0.11792874
0.76289237
3.6085427
11.097272
7.9227815
21.486504
31.276806
11.716725
14.787814
30.176937
11.493885
5.7471714
9.886465
-0.2770819
17.273626
13.68092
10.103272
23.320564
4.4750457
30.619026
4.0390835
15.433049
3.6614583
10.857745
19.192768
9.303769
0.56391776
29.937464
23.663658
17.726263
1.944733
3.1408823
13.611497
12.467081
22.687332
14.027857
1.7974827
18.875753
3.0744975
18.935505
14.303778
19.45607
10.458041
7.7754517
14.585227
17.801184
11.586363
18.444304
28.194006
7.365815
27.30644
20.728338
10.161782
24.478369
20.96176
10.170072
0.75572115
18.22167
19.560902
2.649355
14.53648
10.432319
0.4827144
15.313498
9.797515
5.9754505
13.394461
10.525544
7.1966643
8.796353
26.926418
2.48932
10.816189
15.772883
24.560982
28.31583
4.4463177
7.259216
18.446848
7.548831
1.8664417
15.176424
8.753618
1.8955021
16.088877
17.442776
0.020751271
12.698654
20.93747
1.053993
0.6556394
14.913083
3.4001985
14.479991
0.064837605
19.156073
-0.60351974
-0.81915283
11.820971
33.852547
1.3275695
2.9420578
8.386093
13.318313
15.559639
18.883549
8.993086
3.7416053
5.670719
5.571348
0.19168775
7.196539
16.730497
4.0610533
40.06045
17.129147
1.351724
27.226418
19.60421
31.146091
21.759974
5.0435743
8.543174
32.39507
21.51578
13.769401
13.495576
10.51637
-0.8030671
23.101357
20.568008
25.66971
16.761637
7.6854043
0.060813967
12.226222
24.12213
17.173199
13.14515
14.205714
5.204573
15.861614
11.124607
40.66098
9.641386
2.6241264
18.566319
13.738973
-0.37276843
5.5701523
12.062138
2.834349
22.078735
26.017822
8.334143
31.631805
14.138684
4.8301415
15.667988
23.916344
25.23828
15.948778
18.64735
20.333134
22.45808
11.475939
3.7996404
3.029814
-0.04053598
23.884218
29.24249
13.686199
16.827888
26.533443
11.284323
7.149255
13.734045
0.460419
3.3941615
11.265605
11.600769
1.1539814
21.37452
11.55347
36.067913
16.679918
8.173224
19.293318
2.557239
22.491137
3.5304284
13.475939
22.683762
23.142162
20.3859
18.64424
30.347466
6.078804
28.18401
8.584689
20.856726
17.698366
0.85718185
26.038446
14.741733
0.46382535
3.705439
27.050375
4.3712273
20.363356
12.346878
3.6981237
13.592136
22.777048
14.874518
8.648311
18.416012
18.470009
3.4596126
12.585538
3.506774
1.6712083
21.033726
0.02504078
17.871893
23.582354
23.719387
5.415077
7.034804
1.3430988
29.146225
26.623291
15.068445
8.5910015
1.9595563
2.3731172
6.6993704
14.034929
16.315855
14.276193
2.6599503
12.588555
19.265669
25.952526
0.9641639
6.5093126
10.00212
15.898192
11.242078
8.183347
25.24982
7.092019
15.347189
21.749907
20.148035
0.069870144
4.6393213
4.8086743
16.750751
10.915464
2.886584
25.372751
6.4898653
16.989824
17.072287
21.83823
6.695287
28.138144
19.531504
15.837032
1.6565146
18.290222
17.803156
7.9807453
14.074637
26.31655
23.132132
10.474665
9.846021
27.41203
35.47111
22.924131
16.342506
10.810858
14.09473
0.08204116
1.8797485
5.3151
19.168167
22.675667
-0.47557256
12.397094
11.569338
0.9034713
3.811947
5.9477153
1.6557194
5.063548
-1.298086
23.017002
21.993587
20.572392
25.200785
15.689416
24.613579
21.381804
2.9579468
3.1953487
27.529686
15.807301
10.817432
9.469087
9.31479
25.909689
4.913723
19.135962
9.084221
27.062641
0.3929432
16.692886
7.004711
0.4742267
9.418501
19.905035
21.284546
14.26175
-0.5522059
18.664703
6.8031225
4.72576
5.1132565
18.816856
1.1902951
7.7922354
27.635605
17.983612
7.282165
27.318377
12.322628
6.997919
18.354605
22.826727
10.464712
2.2548609
4.4808025
22.867182
22.345903
9.800636
3.2950852
2.9067044
12.344365
0.29355597
12.816427
21.02558
20.267208
3.876141
8.523443
0.57705104
-0.21113281
11.981523
10.320847
9.278414
9.452697
20.192785
19.240757
12.046107
17.659866
8.730098
11.040609
12.48744
9.99764
9.882553
19.53579
10.304432
27.560331
16.058975
6.352494
-0.1451898
7.881454
0.30478683
29.591486
13.193107
-1.5964038
16.526829
4.030984
46.64076
26.055683
11.048608
15.805904
6.982762
10.231404
20.158531
23.185827
14.532187
9.941071
13.813637
8.473401
27.311508
3.8577332
1.7172581
12.772934
7.5900064
19.80828
-0.52572054
20.868818
19.329441
20.97189
0.53849447
6.602104
21.05215
16.733364
22.631989
10.274946
23.107363
13.822535
18.496565
0.48639482
0.1881338
16.962181
29.151121
26.704285
8.273606
13.524586
28.913622
6.1565137
0.87684673
9.814565
25.15511
14.211511
19.03164
7.43643
16.337147
14.266598
6.2027116
0.028140012
5.1345816
25.39624
16.759949
13.848172
20.75525
8.700217
2.7155995
0.60886914
-2.5206234
3.586843
23.918226
1.9364917
11.528619
33.52617
8.318392
7.9890327
5.6389227
14.181687
20.321194
19.317472
6.897983
5.462683
13.004738
13.856183
0.56268835
0.9853295
0.055250797
21.07329
12.990685
11.273733
0.78980726
14.154937
8.282546
3.4146686
11.9241295
-0.9819152
24.60613
15.699709
7.3859477
19.690353
5.53561
41.162483
3.88705
15.438884
22.49909
17.602535
21.68086
0.13960458
10.043877
-0.5329257
5.8544683
-0.09248462
16.729687
21.52166
-0.845209
2.9676757
25.20674
5.0344324
18.304832
16.331264
7.0933914
22.963852
10.550502
11.774846
15.675936
6.739703
13.308413
12.763117
0.92001945
17.47308
0.4584167
2.5043988
10.292969
1.0132389
36.090973
4.3907666
9.740061
5.413982
22.687784
11.050069
0.9303723
8.715565
23.926474
19.1334
26.182022
0.45368564
-1.4732536
0.30245942
8.341166
6.274394
4.606738
19.029934
7.5920897
17.645866
23.058
15.382538
1.7873973
-0.44024998
1.1150017
5.876825
19.11465
26.552444
29.570745
-0.48886558
22.203733
7.1439295
-0.9673969
30.831617
13.72692
15.735792
23.573893
1.619546
0.25399035
8.873036
3.7604318
23.755163
20.260609
3.8815806
11.351844
14.606356
21.039219
18.5811
1.5506378
14.188061
15.500522
1.7229002
17.427095
16.475334
17.786129
1.9855821
1.6906638
32.331142
5.1432986
12.479759
1.1451066
3.1310902
15.659042
0.80512625
8.307582
18.918358
23.628958
18.965897
5.1206527
-0.3273149
14.458255
19.498034
7.0075665
11.932188
13.634952
22.708315
3.888502
0.17779525
22.426226
19.90693
22.299067
5.6834216
17.344357
8.473914
17.822308
12.671699
6.5032187
15.475592
14.151284
15.444425
17.440207
29.497786
18.034706
24.935238
14.312181
15.145364
11.286332
12.4980755
8.792537
-0.66567826
10.251857
4.8664255
5.8710036
15.075997
22.408651
12.334994
19.716827
20.58249
20.574232
33.07397
6.403071
5.2552857
9.105193
23.895748
2.4128428
9.233652
4.5832777
17.62072
18.27905
24.392357
39.119087
4.791364
9.652851
13.285844
16.524578
11.78296
16.443129
13.686359
4.2574544
0.81653965
11.213745
2.9573274
14.73454
22.297674
10.713135
11.783863
19.948782
21.203419
20.606548
21.410343
7.4447045
22.760729
6.634472
2.7720056
1.6879268
2.2355216
17.575003
0.9280975
2.6523085
4.67488
20.111658
15.678148
3.2315416
8.0351
24.266048
4.8719687
8.996092
10.608774
24.810827
5.0415926
25.455408
19.608593
-0.85439277
0.23426141
20.946144
21.099836
12.578988
24.94547
27.936354
9.808089
23.501047
15.093182
8.26778
2.4418008
29.171568
18.16639
21.503899
18.581696
-0.55598974
11.613303
3.9019113
0.8696246
1.731229
13.517214
18.41676
7.6577287
13.511988
8.443411
2.4514952
10.133851
31.702717
14.246791
14.612163
4.440488
8.6081505
10.483012
-1.5281485
12.677988
4.9837236
9.162087
8.802413
6.3610196
15.4229965
-2.127079
17.69183
2.4416342
28.60364
11.8747835
16.37279
2.1254592
21.041204
0.18694776
26.595745
2.2233882
1.7222652
17.34767
23.264082
27.080711
18.93302
11.772279
-0.1681693
5.539176
8.845655
9.989602
1.0539749
11.396605
22.682068
16.584076
32.127743
43.486923
0.6447302
23.21368
4.5413566
6.883114
7.399419
4.2839355
0.5268834
15.381226
15.522717
27.612513
9.382543
12.850103
17.550678
23.450008
2.1751804
15.075474
18.714855
12.353098
9.013337
5.596053
16.617489
7.5808682
20.82954
37.07867
12.633599
-1.9714292
33.06435
4.844106
7.8088408
24.851963
16.117462
0.7077933
12.008765
20.289467
20.357244
18.559418
4.8743825
9.927975
18.960464
-0.022912506
0.060387578
5.2395616
10.629589
1.6321797
9.656081
10.022429
23.824434
31.854795
0.7415944
13.60108
1.8627028
13.206555
15.323745
24.769043
21.283024
1.6476684
-0.1379357
24.235611
3.3915157
15.314776
19.434366
17.865791
20.327394
0.6958317
3.5873435
13.556515
18.986782
3.4668522
14.316489
4.27757
4.825874
7.672913
13.992455
11.55881
11.516963
0.32868505
32.08363
11.356945
23.839495
22.934841
10.212376
24.921684
1.7946161
23.733
0.66613436
3.8088295
2.3585093
15.177448
13.131282
24.808578
17.795519
12.292792
15.858685
6.614528
5.639191
8.746247
1.9720011
16.22495
8.794867
19.78003
18.218575
12.389091
10.123183
17.523365
17.280455
11.96434
17.519169
27.837229
0.86057734
23.770647
-1.405095
25.608313
20.88706
29.100613
17.324148
27.455385
4.7248945
27.281471
15.787086
1.523629
25.315666
17.558924
18.70296
6.0525675
31.535143
26.586742
2.9687936
18.3344
19.178272
11.763829
9.5290785
8.276656
33.174225
7.440273
9.487868
17.910242
11.022381
16.920284
19.747728
20.24765
21.110657
15.80121
15.750784
39.902115
0.99589956
9.532948
8.116336
8.126111
7.966671
28.53733
13.669196
-0.31170943
13.863281
15.637878
9.603097
0.0012920089
-0.030536596
22.70172
22.749756
5.574477
11.992854
23.602945
10.651052
16.277422
7.5634217
16.914318
10.685978
22.230764
11.645126
12.425774
13.48794
5.3549485
8.377123
1.3826423
-0.5592885
15.821572
21.98
14.434447
25.855318
27.458115
22.174492
2.75733
1.0212109
0.10965037
4.2540436
-0.57193375
21.423923
13.776776
11.566239
5.89363
15.797389
11.183958
16.876436
7.9952946
15.103046
7.486371
0.5877496
32.29346
14.285125
7.182407
25.340115
5.6500235
26.071426
14.882036
18.653095
23.963991
26.852547
-0.95174813
4.9055696
5.5063667
-0.96068776
14.594545
18.983286
25.28875
23.399242
7.3278847
17.763706
16.751644
14.449626
-1.4315606
25.988024
2.1226802
6.7186956
30.55162
23.276468
31.430885
18.98635
5.255019
5.6920586
31.793613
16.003407
5.8229547
9.500201
16.665312
14.676315
27.825697
21.164324
14.396606
9.803804
15.415205
6.91323
26.690022
25.26821
10.101926
14.321505
1.6072985
12.97472
7.982726
5.8794765
2.161541
5.6819057
13.713327
0.6792163
17.065966
29.81753
1.7392876
20.956928
17.379015
17.572607
8.71347
26.1888
-0.35286358
17.74813
-0.965143
11.123438
6.544971
-0.76689243
8.638637
8.461763
1.2417396
27.216469
2.1459599
0.27311268
24.792618
23.203348
10.344766
21.882185
27.438799
7.3697696
2.1421077
1.5275012
7.066818
18.602125
29.295404
9.332164
24.134668
20.147306
13.269877
16.89812
7.983654
10.67318
-0.7876364
19.476555
1.7219273
19.355497
27.144587
9.048473
21.408167
11.379655
6.5120716
21.586657
5.242543
18.331276
6.430642
3.727162
8.966089
1.6253927
8.137389
11.653329
2.609153
2.2030334
-0.05209146
18.926826
12.289716
21.810528
19.402458
4.674041
22.000853
17.014118
21.23682
11.47656
9.196652
22.514534
19.023376
20.303064
14.884425
2.5966547
5.6488595
19.692783
19.58113
23.312098
6.82009
20.713997
8.799805
20.829329
11.890852
23.588251
16.877169
22.835146
7.2550936
24.266376
10.353729
8.899677
26.936325
10.549008
22.795397
13.140731
15.682372
22.632261
39.879852
4.9748917
21.779331
31.32342
26.978672
-0.17230952
7.7024536
13.456464
19.361053
32.87441
15.968694
-1.3032559
3.0969896
22.229603
13.116532
1.3723733
12.460921
9.751969
0.8842352
9.1854105
15.811988
16.663008
34.41209
23.65963
9.852086
17.772892
14.263377
4.8280625
5.5540123
18.712997
0.7630128
16.02938
8.758739
-1.3868104
17.313128
6.9155188
12.263501
9.935318
1.3725514
3.6554275
7.778391
12.602906
10.259249
16.438696
15.841631
14.857621
19.833168
11.018295
6.5750217
7.2022433
30.559847
5.159379
18.993874
19.194836
11.497896
10.714043
1.3337699
13.8722105
1.4705484
9.149846
23.434917
9.623936
36.0533
4.140127
25.55179
2.167409
7.585883
6.11801
21.508776
0.88886166
21.182583
21.963425
23.482716
0.07388164
7.9672155
9.13923
0.5456352
1.6216651
7.9351907
0.67815983
21.652447
8.724819
0.7458663
3.0211713
10.724135
14.569524
28.290392
0.7585515
22.032858
-1.8587973
10.411298
15.59029
20.880102
4.9815106
5.9689856
17.512047
16.95505
9.3562355
13.547417
15.866256
3.0654364
4.569216
20.295412
24.252983
-1.2528391
4.287954
14.506349
17.195236
15.371911
2.3703983
12.410346
-0.6927654
25.674192
16.56254
6.599791
26.244984
29.310844
13.429956
23.503895
21.9643
22.71152
19.317558
-0.0009889044
23.086481
16.066782
2.944581
14.361461
7.032618
25.54001
14.409885
15.405843
14.372568
19.03488
26.500025
5.795483
28.484709
25.181444
9.253173
20.070448
32.262383
24.159174
20.040733
23.986809
22.52444
0.7270712
2.8867362
-0.46767622
13.55426
-0.51427704
19.561295
9.986685
15.365674
25.080177
6.3769236
17.750408
13.409184
4.884287
-0.42781618
2.1893952
3.1229615
23.093826
4.4042115
7.4801707
13.982848
33.246197
13.680898
2.50955
1.563165
16.07035
14.7213955
16.092411
0.3539036
6.694044
7.731037
-1.9554598
10.432518
-0.20443662
0.72359055
21.194633
5.9729285
15.520472
11.534595
2.1776845
0.89044905
19.884548
5.1483912
3.6989763
14.0097
29.605541
5.6381135
0.6142545
8.06418
32.175617
-0.50543946
8.427162
32.281174
2.3775122
5.3013067
21.777098
7.9634523
12.454665
5.314034
5.680355
13.9169655
5.0324
19.382845
-1.2341702
10.713675
1.4054433
23.687176
-0.2866732
11.944323
9.064988
3.4460285
17.170954
-1.6954029
-1.2894337
29.733246
9.004487
29.040766
7.5405927
30.28427
18.035452
11.567839
25.319366
14.49307
10.152195
16.265896
0.04192138
3.1378276
29.012968
7.530543
20.483196
11.922714
9.618636
14.178898
36.110138
14.293385
11.292658
1.2301837
22.548029
24.422905
28.370567
24.858593
16.176792
15.787516
13.225938
1.7612679
4.204939
11.000439
26.356205
27.06701
24.432497
21.853485
27.505863
2.1117904
32.435333
21.909946
5.1801767
-1.09615
8.459244
5.765166
2.5104337
2.4607022
1.4142895
24.826674
25.858906
10.143545
7.6926928
-0.7636269
15.448435
35.837753
9.468084
14.336751
23.02114
12.619284
6.948825
21.38739
20.203289
28.06477
5.3183026
18.591797
25.452885
11.982264
30.364632
21.692276
1.7672607
2.554375
28.735909
3.331349
15.126288
5.5993896
30.832317
0.5573132
25.584044
9.772585
15.167498
14.443093
2.7732935
3.8207772
17.241104
23.603088
10.413773
17.000717
8.222472
16.580542
6.883719
23.12487
-0.81118035
10.116375
0.4533636
-4.100788
17.542585
26.39271
12.117307
11.661862
8.941604
10.601857
32.375248
19.716707
24.815567
2.4490438
10.488218
9.333547
15.711814
15.807698
0.6694908
12.011902
6.649965
10.092756
13.994323
19.35974
1.0151058
25.684628
29.159399
26.494825
0.42843464
1.5689713
3.9466405
19.346643
4.480598
0.92551863
-0.18546
-1.0475982
3.0914552
1.2243565
26.816359
10.981182
-0.21237846
3.5485072
3.9620976
24.471037
14.808024
1.6533597
17.86478
17.80085
3.3513823
17.419044
7.9003596
-1.2328044
7.9379454
4.0107374
22.77717
10.18584
4.680706
15.585076
14.201871
21.548561
16.952894
12.801156
4.1724186
9.221908
5.1940427
18.671932
9.7673025
23.593409
19.307137
21.705688
10.898988
21.207067
12.452496
1.2040896
22.73734
14.242903
12.131689
17.84635
10.818595
22.053772
18.899593
33.670773
15.299285
13.090574
21.482899
19.303051
19.712507
31.760155
20.359446
2.708537
6.087665
26.82624
12.007067
2.542143
-0.46554953
19.751228
1.982408
31.445242
1.0274585
3.2027917
0.8840979
14.917262
27.097418
16.074966
28.827553
20.649548
21.075285
28.375628
2.5019221
5.8093123
-1.2120982
5.720525
8.807054
0.568965
9.305793
18.3523
16.907837
10.840221
26.900894
12.838361
11.791324
11.037941
29.577602
16.49552
30.296408
20.654644
5.3073797
38.23899
9.075193
21.944427
7.397773
20.649096
11.166418
8.079667
9.012515
13.078629
26.396986
22.80684
27.75421
3.4504602
0.08034457
8.069858
0.38768208
21.250462
5.3434057
15.585371
10.188365
8.032581
12.641013
-2.9288478
16.014936
10.760221
18.859404
9.504974
4.59838
20.070162
18.942457
-0.7153855
-0.42077953
12.356603
15.73497
11.027729
23.413408
9.690886
8.0913925
24.840696
-1.9413763
11.627972
4.047989
25.362194
4.751145
18.43201
17.498455
13.159848
12.564179
5.042778
9.189496
9.173476
24.56037
15.840521
23.035107
17.52162
18.578657
18.28385
13.4768715
9.84281
18.683144
20.853178
22.33119
17.664787
4.662292
12.810951
4.2159534
6.6993003
9.000658
12.344849
19.975847
6.7807136
20.95007
23.446062
25.873892
14.968056
35.379036
21.697414
15.085852
7.749004
20.261091
10.339593
6.3806677
17.233932
20.566387
13.770337
3.8931117
11.305178
32.222828
9.006873
2.6179008
31.664185
11.016875
0.43503195
10.713104
-0.30239385
1.2324452
12.186874
18.59207
19.78717
11.811868
11.841043
7.341812
5.8172545
22.270166
12.907917
3.736651
18.526228
22.28989
2.9145935
11.542033
21.511278
24.523006
13.711283
22.640335
6.849265
16.365555
-0.5642904
16.056826
18.16777
4.2249722
-0.031164024
18.309475
16.16825
1.3010765
9.282173
10.803939
2.9830956
3.2205894
5.789907
22.541262
19.261635
30.43446
7.207713
7.170131
24.606129
40.20225
6.427626
7.028892
-1.9709556
24.48976
2.1685274
28.914774
21.445427
9.300385
13.314666
6.91596
3.9680338
0.22868197
15.713085
25.403118
13.877898
34.833546
22.227253
-1.5041401
11.099323
-0.29076025
-0.21413577
23.720528
1.9174755
1.5814497
26.97417
22.892653
2.6025484
17.212944
0.68620116
0.2983963
6.782919
0.964548
16.631838
6.72565
8.231071
23.782473
26.637918
7.7048197
6.8883305
20.77234
18.470503
-0.29911742
9.1837435
12.490761
4.7255673
15.609083
12.099449
13.508018
14.243622
15.499383
0.28685552
25.012531
7.46116
16.02308
7.292938
10.1990185
19.624365
8.712083
14.040178
11.866665
28.538061
8.966686
18.53191
8.8782425
23.538395
1.3763195
24.946962
3.796015
1.0898503
15.062755
28.357203
18.885082
5.0724
6.7279615
24.254892
4.140782
20.28039
12.135198
15.385383
22.96183
6.5248313
22.28263
2.568539
13.840565
3.7289839
10.65193
7.0534887
21.065163
17.81912
18.021969
20.727917
6.9934607
2.174477
11.563612
24.195053
1.3873665
11.82748
11.780534
-0.9667744
13.291136
6.7760873
14.800958
12.553369
11.172321
6.2451386
9.083397
20.246605
13.149811
12.579758
14.196076
16.123371
4.262566
24.41067
22.147121
17.2904
26.667797
7.3832855
24.822792
22.937307
7.925358
-0.19387327
14.176828
17.821001
20.208714
14.2917
-0.86234957
16.841648
3.3845675
9.048986
7.77488
12.004966
28.335766
16.097862
11.739742
11.297473
5.9468064
24.328152
11.136449
11.15304
15.117751
9.119252
15.811208
14.685427
7.990507
5.8091955
23.484585
16.672747
25.763252
1.2041266
8.620152
22.491411
9.519774
17.257595
27.301414
6.093994
12.468039
17.431923
14.921384
0.095554024
5.4836783
-0.6842664
8.373148
26.028389
-0.5705713
25.163855
32.89577
12.170896
21.056232
6.6133547
13.353845
21.421665
14.816827
13.340194
1.5781637
21.532124
2.986132
11.039179
-0.23284866
3.3464723
10.513443
8.323013
4.712645
2.105762
11.676694
29.097237
1.6468304
2.569843
22.21385
14.986664
1.4067355
24.098742
16.768818
22.42323
-0.21512784
12.348253
22.163101
-0.7918076
7.3623676
0.60812074
8.688387
1.1045761
21.462362
29.26055
9.694064
10.061318
7.713789
15.161313
28.283081
0.79718
6.5209174
10.706571
11.41139
15.488549
24.131842
27.972134
9.94752
-0.494255
-0.5828664
-1.8183732
30.357956
15.400738
10.2876425
30.020836
1.123909
14.135309
12.157044
21.597948
27.03147
17.439007
0.17819144
9.005153
27.099693
-0.89330196
6.8619657
24.59826
0.15794614
25.094376
26.190536
2.6024895
1.4879942
3.4781194
16.97894
20.051067
10.511961
13.737642
15.671711
4.393729
19.723455
18.428656
12.105785
26.908175
23.313847
12.702767
9.850873
8.8195305
10.710134
2.42288
6.010335
28.495314
8.146961
12.64962
13.175138
10.194765
21.85297
10.443991
13.635526
11.921766
21.21201
19.454502
26.872004
20.799551
8.157394
7.9375286
13.14511
12.046238
5.9567733
-0.58594584
7.5621324
7.7380753
16.76097
9.436203
22.261593
23.356493
19.605661
19.861828
21.522148
4.076681
11.270577
-1.3381046
3.9702015
22.04535
16.606825
5.313268
-0.84248155
20.286346
1.7979306
9.78047
11.547439
14.146378
5.712238
19.610207
6.5721207
18.692188
22.350466
10.971424
13.3446455
26.073294
16.34484
-0.37548536
10.5642395
26.744905
24.755173
5.561753
17.065662
1.2887856
14.85587
15.892138
4.4216695
11.1183
17.695309
1.7184173
23.555964
17.754913
4.3990684
10.746406
14.909967
0.29845667
6.4000697
8.150361
5.0225205
2.8093882
10.349361
31.317987
21.167667
0.9615809
14.513029
25.405092
17.237328
13.172273
5.8976183
19.992529
13.957619
2.8974328
19.87198
28.579073
31.66334
21.451672
0.7056617
39.57895
14.338181
10.041444
15.532157
15.80605
2.1422856
21.566324
20.867836
34.55383
5.756762
12.25547
24.310753
17.060984
5.264732
24.82659
25.348284
26.102163
2.3720064
20.682022
17.80024
7.432717
1.0593504
16.166992
14.457035
15.5269
0.17089741
7.07442
11.283102
27.017637
6.5951157
16.304024
15.8088045
17.039509
31.847214
0.9579482
-0.40371403
11.590004
14.281279
13.959663
0.5932652
12.978289
16.008152
0.18925299
2.6639864
7.2472544
15.88257
29.999767
8.80496
22.890228
1.9012053
18.244923
16.095917
13.622537
5.7303615
8.0955
10.72585
41.743233
25.278137
14.960455
18.335758
12.574502
7.107381
8.533357
1.1143965
9.288824
5.2378044
18.717627
9.203192
2.9932914
19.546347
10.445547
12.539214
19.615301
27.70647
1.1763453
2.5167558
18.432274
15.514067
15.808451
11.514887
3.662857
18.373655
18.486057
1.151588
9.105498
12.890354
8.473842
22.603464
17.167612
17.584932
12.132328
11.254732
9.506743
3.4318986
9.451537
18.40477
20.148623
-0.08552379
11.037445
10.626054
12.319491
7.7277627
1.5845326
11.035787
17.628494
18.996206
29.835405
12.475128
5.4407506
14.544496
-0.617537
27.890041
22.225574
16.341177
24.54282
11.430855
21.7174
18.776718
1.3432009
25.972115
14.394429
2.4572723
17.71516
10.01097
15.527192
11.478669
8.559107
18.573212
27.413788
20.706858
18.371895
4.6186857
3.4494057
16.508415
26.10571
21.641912
-0.14601696
5.8716965
2.8005972
25.029154
15.525029
33.820877
13.482768
5.747308
11.856097
1.9476318
26.799118
19.989462
6.3918076
1.7497982
13.265492
9.813045
19.694592
16.432093
13.336926
0.5434956
19.283394
21.83572
9.065114
19.377874
34.50595
20.55073
31.812325
17.171421
25.534458
13.90902
0.3689309
29.404694
15.465131
10.378395
17.659084
14.481611
-0.7373853
12.13946
27.648125
7.6822886
-1.6840286
10.508424
10.15478
12.676242
24.941313
21.898449
21.735
8.0298395
20.65934
30.082865
23.73665
25.995775
23.041939
0.3691512
12.470452
17.198118
4.9923434
17.036352
11.788165
2.182894
22.383467
0.13027687
6.066634
17.64084
22.440626
2.5983927
18.120953
6.224303
10.880444
7.2910323
38.1078
14.027175
1.2772088
5.986921
-0.09373835
8.479025
24.191013
5.455192
4.8119864
4.0273557
19.500141
12.296392
8.646698
0.5014293
23.998013
5.913767
6.0179152
21.37566
20.250488
21.847649
14.797812
6.594676
8.846571
-0.3181697
15.874931
14.6244335
2.302227
17.876024
0.9422358
9.251638
12.866709
0.14352976
17.080183
23.750109
12.3433075
10.254701
31.066147
0.44118524
19.724216
21.05373
29.301004
5.1224103
2.3412547
19.241428
25.364168
37.953556
17.184784
21.421587
15.126729
29.337679
27.104218
13.891152
29.52595
8.597283
9.794264
14.375026
0.841032
13.041859
13.4453
6.8403344
16.920288
28.010254
17.838146
27.389442
5.229933
11.964157
22.752762
2.2115355
10.973833
19.960579
6.0107727
1.2688938
26.1279
12.659744
1.2000616
2.029668
15.990426
6.087478
28.48224
0.6285553
10.597602
22.929747
4.9398284
26.10151
14.494521
13.473879
19.932062
21.542355
3.048032
0.80791205
0.11601864
15.408315
26.04178
27.80024
42.69798
5.9105244
22.826162
9.476358
4.3721814
6.2899866
21.944603
24.943321
11.2143545
11.234359
19.279255
3.0551393
5.1986313
14.233904
7.4793787
12.9710245
11.22382
18.478518
35.36401
0.5859593
17.47016
4.794143
24.211216
28.442823
22.216003
19.794376
0.591932
12.925739
12.873988
6.4275045
14.881133
6.2739177
12.276549
20.854074
28.133167
21.404526
2.494031
17.389305
8.441722
1.7861856
23.079536
26.384676
5.404976
20.469097
-1.0560315
19.965721
25.743757
3.5444365
15.712011
-2.2068946
5.632566
-0.90099186
29.483284
19.589966
25.592253
2.9748092
13.8904295
23.314184
21.539482
15.092326
2.6236038
30.563509
21.381363
3.6553693
9.198933
26.248026
11.034092
3.5370555
11.267313
12.72063
-0.2884396
22.340462
25.402958
6.1417503
-0.05459566
5.5332847
2.5470355
0.36885804
14.120945
13.629951
17.501467
9.179197
26.633026
21.80509
23.2719
7.4551215
8.341347
20.22267
19.355005
26.548704
16.623869
-0.82415324
12.6615
5.227529
14.787635
7.1738863
2.708438
21.89751
11.5607395
11.94274
15.2208605
24.277534
14.239077
0.47698337
0.098478094
1.3064119
7.2605877
14.201005
16.405012
4.8652678
11.24294
16.611053
20.966524
10.621065
7.101701
-0.16580993
22.200493
26.641
1.9804752
10.434768
20.463373
-1.1299566
17.423567
5.8432794
22.368586
25.290615
23.07224
1.2607752
2.1161458
10.461317
26.873236
-0.105027884
7.2880936
7.586687
18.387213
22.205399
11.611298
10.844539
13.769276
26.25038
20.192284
6.5137143
13.203183
17.251503
1.41572
18.872631
33.03733
0.47654343
-1.1757294
9.509967
12.560468
1.3673797
26.902437
7.4596996
7.167304
-1.641988
16.006544
18.25193
7.227266
28.804924
24.341274
15.237809
23.283268
13.00689
2.623714
1.9799504
13.927472
15.432857
14.287199
16.116941
4.2984443
18.814419
14.382978
8.872967
2.926025
-1.0171907
-0.11454786
18.59895
-0.16998434
9.548126
9.001907
4.229119
21.026419
2.5497983
1.2492086
24.989761
21.994637
1.2350509
32.51076
11.434151
7.6375747
3.9445
16.727133
-0.14705597
15.346754
10.806039
7.459991
18.885366
17.825312
7.7421327
12.639767
20.2182
4.726278
20.911137
16.927465
10.124051
17.679008
0.21518879
5.224939
1.2911469
6.805095
17.541632
5.034648
13.977476
10.344636
11.985145
10.834088
10.600253
13.24138
25.31235
21.347883
15.816458
28.77379
7.7430167
0.08317901
19.96366
15.774343
7.970235
-0.46438396
17.775398
38.19558
-0.9692888
-0.37175655
0.7948685
0.14532411
18.222973
15.811807
12.635669
-0.66843474
14.90176
0.09041606
10.537063
3.0636709
9.964849
4.043618
8.031488
11.857917
20.941555
9.510411
16.868938
14.211377
11.42171
5.794097
21.310822
20.13545
6.576472
10.066977
5.334414
1.1594818
29.23112
5.8892965
32.496693
9.95095
15.674162
23.561626
6.6977773
13.902249
2.3211687
17.295712
11.909497
9.049099
6.1972294
12.064699
12.968228
9.592711
18.656693
20.04272
23.415369
-1.4434905
10.751748
9.10188
24.656176
19.329165
-1.3265247
23.957603
31.982468
33.025856
18.510534
4.695234
1.9406185
11.438225
35.215076
15.446876
14.0920105
26.948086
7.9586954
12.346267
1.4063995
12.491323
31.028807
11.585355
14.279605
10.364294
29.086224
13.851852
25.630013
0.12931222
0.003384944
17.224728
5.3373046
-0.84459674
16.833555
22.314583
16.2419
0.084672555
9.540689
19.110392
28.440266
13.440132
-0.7520262
-0.33955497
23.16295
9.624336
21.636076
11.879489
11.297824
12.197803
2.1293201
12.583519
18.842371
17.72372
11.838849
21.901562
0.88836473
20.002232
0.47441548
5.294566
5.7878046
2.9881291
22.386024
17.850237
34.809746
23.016119
10.169104
12.391461
11.9723
10.695886
29.19313
7.015784
11.333839
4.1471624
23.241669
4.4377584
1.1938015
22.045977
15.661719
35.995243
1.2027763
-0.09650699
13.937647
-0.48951787
16.41737
23.700365
8.397327
35.950405
22.277353
1.7003483
14.016825
-0.64290303
15.931226
15.346399
23.053148
8.688333
10.537622
16.613745
17.440468
1.1397309
3.2503402
1.7121724
9.838735
19.804506
2.6093888
-0.011571605
27.12974
3.2789686
14.907375
5.069521
32.37324
3.2668965
12.707387
18.249924
18.669033
18.264301
9.294574
38.189583
11.455767
21.406939
24.774908
9.415382
27.243694
18.0966
32.05234
12.646226
3.3430634
9.467842
27.289713
16.912584
10.227746
0.49632645
27.352345
17.62817
1.0289214
8.962112
22.793722
4.897953
27.72451
18.531477
-0.19041847
11.834008
8.242107
0.8988215
7.7751045
0.18432839
6.2719274
7.9941864
25.727703
12.273056
11.487891
27.331371
22.411482
23.254656
20.241034
10.449667
0.8294293
19.270489
23.797247
5.4511075
31.383257
10.016766
17.713678
3.4386702
22.073935
6.4811845
7.1721706
1.1769737
31.81228
1.616398
8.178418
9.256309
7.5200825
17.565163
1.885108
23.30805
2.9075902
4.1350384
22.713123
1.3213826
-0.16829568
6.6236815
19.619581
1.4424715
1.5227753
3.9830265
25.084578
2.4083674
22.177107
14.591029
20.898739
13.569298
47.814167
8.658313
6.201342
21.171022
10.807691
13.673484
15.060829
51.8171
3.7638628
14.653231
19.026226
8.396721
31.301771
16.268253
23.98993
20.195425
28.082207
3.2936733
19.924633
21.852081
5.60893
7.552847
4.9483466
2.462482
7.5142
8.317438
1.4540422
5.887138
20.613775
19.525862
-1.2665272
3.7705266
2.74406
18.672842
15.711012
18.08881
11.036682
6.3235583
6.4887877
3.6856346
18.73062
17.562542
18.687128
11.007979
13.129389
31.2183
5.2369084
16.155014
0.6431423
29.983706
16.060278
10.183019
19.403559
1.6498972
21.373444
14.109523
1.1896485
15.379785
17.595036
12.660321
4.24377
14.29588
0.33664834
13.998411
18.809668
1.6593603
4.1662908
3.7654727
7.6183624
11.540705
14.732779
34.85276
21.08306
13.2630625
27.021942
9.673415
5.0783186
16.498362
11.320479
14.993902
-0.19520289
1.3052149
19.389368
1.857947
-0.8380878
0.61269933
15.919841
6.0723314
1.6597633
13.624677
5.7092557
14.559828
5.199453
23.727642
9.11781
6.918968
24.747017
0.59991044
7.6871443
25.80814
13.140727
16.111055
-1.2543621
22.683569
2.0590594
4.5037446
0.31437972
30.923655
26.044428
14.862491
5.2189918
14.598164
27.967379
3.2000618
-0.35649034
8.331215
11.426623
0.13017084
13.904503
18.284191
20.917143
2.8410695
11.585979
0.20012565
5.55852
2.8222106
5.60641
24.408714
19.913448
0.8678857
27.347326
8.993077
0.06970368
4.7573476
2.4536378
13.274289
15.582681
16.229723
15.390155
13.04083
4.471928
0.32574046
6.586618
1.8279809
1.0839722
3.9437795
12.446599
4.0740724
12.851675
11.568383
12.885221
51.050297
0.23973267
23.685286
4.5738506
0.5452616
5.4049187
9.881836
15.950698
18.95372
23.104063
1.7573559
12.246888
13.4374895
-0.9868707
-0.9751668
13.796264
17.615925
11.330082
24.149008
0.03806551
0.9228092
1.9970641
20.292173
16.636173
9.286668
0.40167284
5.4523396
29.722973
25.911299
19.898193
15.357926
4.0851836
21.407503
11.454447
12.603897
23.206882
9.420956
3.0458086
14.682275
1.8667873
25.76535
2.6421134
6.5150805
23.038094
17.645666
9.939572
20.287663
21.69681
2.9461868
11.21675
18.144613
7.700751
13.680621
17.713593
2.2563777
12.793396
6.9388347
31.358473
3.311404
13.569701
8.522651
5.053648
23.980442
23.501814
1.5033981
15.488063
8.818656
8.462454
-0.73595506
11.117651
20.566639
2.5900989
41.839092
18.356512
13.171927
13.550612
2.9121938
7.6903524
2.707375
8.128405
1.6453389
20.128973
-0.17939772
5.5850153
25.134724
0.7308905
21.518736
14.708078
23.408386
12.835489
15.744156
19.623444
6.0853877
0.21717067
0.2849458
22.08254
1.6547412
11.694004
9.516029
24.357658
16.600826
7.426794
18.30042
19.05361
8.350319
21.741053
1.6757102
10.277747
12.681381
14.708228
4.6769857
5.7077622
14.903298
10.055968
8.514636
22.847418
24.400938
10.982589
18.338219
9.987106
3.5398777
0.23909275
20.832605
0.43832174
9.557092
7.344497
6.216128
4.155336
15.797557
26.596668
12.6631565
20.034145
28.135586
22.706955
17.40896
26.031464
9.81096
4.718771
1.3476201
24.986917
18.207481
22.489738
3.7697139
38.08556
16.625805
23.555244
20.6908
5.831984
22.152578
5.7141147
20.542986
22.763445
6.713222
16.703592
5.7381716
0.9093333
3.0692592
20.168972
18.726372
1.7898533
0.94022685
12.393734
5.3665166
3.1654768
2.6747782
15.525116
8.88604
12.7756815
26.428453
14.232104
0.8073139
-0.6406934
18.179352
16.742365
4.3172297
23.352861
17.274925
11.589713
25.156446
21.17312
0.4587046
6.3043566
16.188967
20.47466
7.2162294
7.4211836
22.193865
10.156211
12.612821
33.41674
15.9869795
13.605047
7.6740527
6.355004
14.873134
17.400774
18.122673
0.90142286
29.39943
8.125878
1.5321053
2.9033875
-0.14997616
1.5206943
21.313923
3.029096
3.4605572
12.161443
-0.5999254
29.97973
3.7401266
3.3348048
11.410949
1.0557505
7.0504904
6.715187
8.796594
21.181192
11.275275
0.32892123
4.4843016
1.4645672
24.342678
3.9928923
20.91517
26.132391
3.8314748
16.916773
8.107823
12.116583
12.793337
22.99121
12.591067
13.230009
29.202991
1.0840309
-0.25978392
5.5180135
16.204285
13.684198
2.0998168
5.4422345
10.486889
5.3393264
14.608939
15.392673
-0.25361267
12.54006
19.568052
2.5822644
13.130292
31.319765
20.100067
32.997948
14.363891
15.151957
17.738352
19.085463
16.030136
15.743
14.675934
22.465752
14.930944
31.507427
21.611988
16.34768
4.951853
4.659455
22.298304
0.45090055
24.272753
12.206193
21.948835
16.758762
6.333324
10.500975
5.4358406
13.235075
11.104025
6.03067
4.309911
8.884352
4.189469
18.737804
17.16564
0.15990834
8.806077
7.4655576
0.70518655
3.5120342
27.729942
8.829918
27.8282
21.3014
17.28526
1.0703368
19.602993
4.2862034
0.86668885
15.952231
1.272567
14.939275
17.39831
9.280116
17.246033
5.4182935
4.476013
23.096905
20.169035
9.965968
13.87353
10.787827
13.470611
16.988346
3.7461212
12.622033
18.512068
6.725387
2.511941
5.3343925
31.778164
11.784782
8.742672
24.424726
16.273163
14.024097
9.848709
16.999983
-0.23730509
24.582056
15.808712
39.51163
1.5827298
19.357252
16.967937
3.091143
0.20970885
0.71711594
0.1787997
18.978294
18.456282
31.570984
-0.7336215
5.6656213
24.188385
6.2257223
6.608233
23.700926
10.359872
23.708374
16.955257
4.3143735
10.484872
14.219871
2.940166
9.929169
26.33232
12.694957
8.737893
26.525047
9.634543
18.887695
6.043952
17.755247
14.661774
7.714922
6.757576
8.383895
10.705525
5.9281397
25.912271
11.69944
1.2881522
18.518
1.1040652
12.131601
15.848695
5.0503697
0.4453158
5.895042
0.18235163
0.93247795
15.79533
9.8717785
13.526361
14.145727
26.024046
22.408752
-0.5955398
15.209468
23.171581
17.02821
16.54514
3.497851
26.005545
5.228836
1.6229587
12.925367
21.565685
21.086342
12.977743
6.0884066
26.19641
12.4584
13.950853
16.2986
0.6296887
5.552491
-1.7311729
4.6047583
11.34303
21.879042
13.191112
9.425709
23.410927
9.369546
9.264782
20.057169
0.09449898
7.503323
20.326466
10.142237
21.124477
14.121698
12.667387
16.706924
14.21342
4.319584
21.458134
10.665562
26.75814
16.144234
7.6980305
5.1002593
16.6213
10.407054
17.269302
20.415808
9.122854
39.661606
22.265276
15.944726
-1.1567879
1.3222737
12.972152
13.922646
-0.56979084
18.995491
19.590122
1.8818171
10.680082
-1.5757105
9.206834
15.906617
3.3091002
18.531061
14.704549
31.174051
-2.1201322
23.036608
21.999763
11.548687
3.9216778
5.015549
-0.7667516
23.816029
0.8293289
4.8395834
12.136789
17.22786
15.210209
19.044195
13.123583
7.860726
6.9903135
-0.4001004
6.079223
-1.5816182
22.64328
17.105223
27.062122
27.75025
22.996609
28.789743
3.9916124
-0.35783523
22.270306
15.884385
19.778429
11.383596
11.459889
0.9477447
32.68362
12.586077
0.07134032
3.084993
0.088655904
12.855769
7.0847783
17.297424
16.975008
8.625101
15.658743
18.268778
4.872629
0.2890256
5.278453
2.2717795
7.98172
12.862896
27.145487
23.962435
8.663672
23.063074
9.11222
-3.447098
1.8955112
8.868222
3.4013317
14.390644
8.546942
15.974877
13.304172
22.643127
9.940461
5.142839
2.3714268
5.7599325
17.238182
18.962692
-0.29775214
22.600096
14.892917
7.632702
18.874163
19.33623
21.236847
11.019872
4.0510373
7.720552
10.991867
13.378972
0.8980825
18.13941
7.438636
2.0571108
-0.518019
3.977489
7.4298143
28.535559
25.967985
19.285639
10.755948
14.313273
21.367949
5.5547347
3.6863756
2.4886715
18.738474
-0.62608975
10.162051
25.98486
5.667336
19.358997
9.954694
23.733776
1.0277067
14.545953
-1.5757792
22.910265
4.0647955
8.977157
8.354896
8.2863455
29.053509
12.56202
41.28494
16.654629
21.281746
6.447607
11.535494
11.161421
20.614872
13.205033
21.62732
-1.1086969
6.3363934
17.913923
2.0620968
3.0877893
0.46904022
17.452766
20.008095
27.209753
14.64704
23.876955
2.9616961
16.547203
24.732489
9.939726
5.6493816
13.891741
20.940386
10.920264
11.889548
2.193362
14.183414
1.217095
0.13956827
25.676739
23.038467
6.3511534
25.61209
-0.30671817
16.19359
5.313639
25.421528
1.2284484
5.3824515
0.7867634
14.344701
9.146327
23.124636
12.112659
14.92828
22.118633
22.527172
26.513304
7.4922495
3.0797293
11.750428
26.726433
35.30637
9.222923
6.2267375
11.437596
2.8658907
-0.08554503
10.582673
-0.59683627
5.1212745
12.710075
1.6222606
12.032896
17.887371
24.917477
13.284657
2.5547082
7.148096
23.893946
15.921268
5.121436
2.5531387
2.7917778
0.041829582
8.187657
12.563892
-0.21729313
3.4303088
27.173079
12.813097
14.017397
13.559572
3.761937
5.386627
26.12178
0.4118258
-0.12936391
11.514037
15.140681
12.030056
22.307814
25.768087
7.08663
14.559424
15.816341
27.933208
1.2491574
13.741805
8.546328
19.590229
17.702309
1.7727802
11.84002
-0.023064625
3.036816
4.840093
1.7822989
5.406596
10.40196
10.019703
14.019314
11.5320425
36.361794
18.955532
2.7632349
20.776201
8.724221
7.056718
21.99897
24.064531
19.697123
12.386028
19.884275
7.241757
34.773037
5.1647735
31.520117
-0.26691514
3.9921355
19.051018
8.410093
17.568592
16.324064
32.903572
27.868795
2.444863
10.702589
6.822845
18.365623
16.50474
12.874067
-0.9871341
13.838852
8.8266115
4.777092
3.4294124
9.096939
27.907196
10.768885
2.1551645
28.321522
8.786223
2.6139948
22.407879
8.947922
11.650889
17.161686
14.262084
22.665386
12.830544
-2.340351
4.904035
11.119281
5.9816446
15.541841
5.5703945
17.288282
0.11525318
26.661026
13.701818
11.207662
18.226273
10.557134
18.878733
7.2067227
23.042244
7.954358
11.48178
6.9281087
5.206086
26.011007
12.340815
7.7211485
28.877174
18.242674
20.428724
17.867329
8.927064
29.055094
11.758282
-1.2965795
17.917946
20.978321
4.4178843
11.576354
27.862116
17.80083
19.803383
12.693261
31.157696
10.488791
4.330562
17.251577
17.151901
27.371405
27.327402
9.772447
23.730225
-0.07408315
19.365185
2.3882132
17.825504
20.570143
9.794867
8.149411
19.245941
17.045671
10.645235
18.094763
1.5480251
16.176418
0.5112302
4.117645
16.69254
1.7855604
8.100514
7.4994497
22.130127
10.917398
12.459109
17.086815
15.471834
15.434156
2.6106288
26.232105
6.622635
1.9166087
26.768784
19.385935
1.6235825
6.4592943
8.979141
5.1385126
10.87538
10.11647
29.28045
13.237472
11.085708
9.774895
0.12184577
24.571476
6.750586
-1.2292349
4.461145
14.160233
21.554466
21.838305
8.664565
4.403823
5.224316
4.3272033
18.82695
4.0545316
14.052943
9.246444
12.948571
7.0999436
1.6297183
4.1882133
13.911731
16.960861
4.9104466
34.671047
24.41875
18.555538
16.217264
12.635527
6.781933
5.9297495
0.49270666
9.984215
0.88114893
14.846303
-0.17871192
8.202409
18.991613
11.490027
-0.11511205
17.647255
4.020407
21.29638
4.768612
14.798543
19.389988
14.014871
13.6496315
9.879486
12.040059
2.0384512
4.7459455
18.955128
1.2494931
27.763418
7.204947
28.123642
7.0178742
25.943731
14.445103
14.115868
10.37069
-0.48992264
20.688585
21.997423
4.7151275
24.230438
20.117907
11.40613
7.6179476
8.742727
16.170296
9.291105
5.91366
22.673155
9.088281
5.514141
17.367815
27.755867
0.2336152
-0.3591012
14.667811
7.4986253
15.071596
5.792641
14.7325
-0.8815025
0.2889006
4.8714485
6.6992903
13.413248
14.629867
34.90082
10.981041
0.6249368
17.082409
11.909784
30.247236
8.362785
25.909063
13.719064
11.354794
11.688397
1.8989599
3.9137836
1.157224
5.380376
13.759026
17.962597
10.709684
0.061673988
6.932617
9.16675
11.553582
25.827473
14.7864
11.022346
9.591073
13.116048
9.483224
18.6616
13.887576
2.5262299
17.651611
12.882923
11.220191
39.348396
10.515624
24.980957
13.03586
30.07061
10.527906
20.864998
18.972992
5.782283
0.56751496
-2.2121568
17.976984
3.7988656
1.1599238
3.9948134
12.81684
9.763788
23.827457
23.489511
20.846155
33.569447
9.462842
8.195582
11.302949
31.81515
5.6812253
10.729335
28.219557
15.978986
13.391624
14.043404
14.395556
3.1281664
22.38538
4.924482
8.000363
29.684626
7.250022
15.564607
5.231006
3.6035838
12.7456
26.477818
10.676883
3.803069
16.760025
24.972818
0.51342434
15.159804
8.286838
14.339793
12.697334
2.4697993
5.5301228
18.075794
12.557965
14.339734
17.361855
8.275295
20.355202
11.583068
0.6245241
8.058641
3.2744703
6.4278493
4.542311
13.226014
0.7637361
6.717505
10.285399
2.0199337
15.530825
28.840982
19.348715
1.4658594
18.749264
9.465299
2.1820285
0.5303955
8.51558
10.863858
8.547129
2.460841
13.662889
2.8313463
13.952709
13.200938
17.043264
0.19918992
4.7035823
6.678277
14.680509
13.799015
2.0954974
1.8788456
14.93349
2.7955046
3.2038198
19.740767
15.950028
15.4216
39.24104
37.041332
1.6060708
17.790266
29.512314
20.187523
1.9419086
17.046377
8.11467
26.409462
28.375105
34.007484
1.7781386
20.980038
2.4677792
11.861873
17.547033
4.252854
3.4051747
16.481997
8.963403
12.300235
1.9779234
-2.1861506
5.772328
-0.5034933
4.986453
-0.64514554
2.1215858
1.3588095
27.058113
8.156113
24.844349
21.60344
13.70765
0.9849546
38.074013
5.9807854
30.071566
18.77392
12.614696
7.4461493
13.170821
16.512598
12.827972
2.7033494
10.771988
12.486481
13.987634
24.741362
15.005648
29.309074
10.098583
5.973922
2.849244
8.257436
39.254395
17.50742
21.734835
17.977837
16.89696
13.879592
19.65142
6.4136763
10.164464
20.993732
11.049811
17.988989
1.0132638
23.571203
9.77773
23.976702
29.081707
10.29877
-0.6612777
11.370907
-0.45169413
0.2767056
17.890749
7.613282
10.945517
21.36867
7.0612392
13.051724
14.406888
15.37372
7.1409874
1.8779321
6.4689016
6.627726
-1.5831153
12.031443
25.774328
7.01749
1.9541092
12.721781
1.9419589
2.013241
4.432374
18.865107
15.065567
24.9704
27.668707
3.4717789
17.853004
15.521866
15.505925
16.013798
18.019152
1.0810109
6.4950714
23.482471
2.0665708
6.1615763
1.3470635
8.596737
0.27528167
1.1588382
15.483897
6.452997
7.87311
1.2420889
1.431752
19.321928
20.586279
27.750889
4.087579
1.3860315
18.84951
3.6196413
-0.7317112
21.745344
7.190712
12.695863
30.942844
6.787548
19.800104
3.3308635
22.403717
22.145699
8.024738
13.88648
-0.36723202
6.3706455
24.002323
14.025
16.82384
4.76708
10.267634
5.941173
29.938238
19.855062
4.3099885
2.7911623
1.7903048
11.748567
11.241549
40.898235
9.104895
31.815405
23.61738
11.981113
0.9642707
31.909786
8.353968
-1.4025152
6.2874856
11.695863
17.217821
19.412477
2.9337356
12.28944
20.312243
20.929283
22.06956
26.408802
18.364893
5.383893
24.41668
15.645582
-1.1203346
6.7024255
26.41702
8.023691
6.8566184
28.16961
7.5972114
5.1849694
13.048038
5.0098314
19.589281
9.979134
7.365817
4.7708554
3.8183773
-0.17337069
17.031452
13.600147
25.701567
11.529787
16.65918
16.470184
2.6793077
10.952351
2.7765977
-0.38030156
18.418648
3.6736395
17.04862
4.700393
12.804568
29.125486
11.803828
1.4737587
14.727281
16.902397
5.40687
22.187162
25.868408
13.276071
9.772324
29.424307
9.150794
2.7955673
3.9702196
5.9347034
21.335743
9.729062
8.481268
2.6995714
13.329933
37.308784
3.216328
15.510578
9.532027
11.87683
22.90386
17.678837
16.973629
24.057781
0.62551093
11.991592
22.415346
21.380932
-0.30499303
10.126295
12.316629
19.663319
25.171625
25.962088
3.2613466
-0.7358824
19.555017
11.186297
13.602908
4.61249
19.02611
7.034349
19.886112
9.584622
-0.071599856
19.119581
45.281815
14.308068
15.448983
18.12875
16.30045
1.873125
26.770008
12.331451
25.544197
16.959217
7.7474775
23.717117
7.4383793
23.289469
15.7832155
25.528362
1.428285
22.89649
6.1311235
2.3442433
13.191291
11.383976
17.7573
17.842886
15.270882
16.839937
23.96166
26.938986
8.105081
5.6822357
6.0466065
12.139291
17.70763
16.96792
11.822763
2.4523497
24.490015
12.526409
21.69663
-0.48682263
21.299114
12.803919
28.75687
8.376246
2.4108765
19.666967
17.564957
19.279459
10.953535
8.788157
16.217876
12.287053
27.376072
23.522064
5.106948
13.877703
11.212262
3.113211
22.901964
9.960021
-0.38077512
8.321905
16.849613
7.1045117
23.224422
5.4544573
26.592276
17.93661
13.243535
17.030275
7.22009
0.22913997
-0.95883155
9.0139265
13.928665
-0.40036875
1.2001524
13.209212
8.37158
4.8088164
36.180004
18.486126
13.934116
3.6942625
16.466469
15.199637
2.4949121
7.56238
8.859301
17.993687
6.6528115
0.58225274
12.445807
37.209106
20.936934
12.9908085
2.2575212
15.984988
19.996391
4.317091
37.739822
21.31622
1.1872125
11.782576
9.969856
5.509454
33.598896
23.33612
23.016054
2.3017247
20.255314
15.354671
6.620699
-0.89093465
9.16698
4.7072062
15.931378
29.616749
-0.9627122
2.2255802
13.52591
24.994688
1.8037516
9.797696
9.533999
18.220068
11.033561
5.9928718
8.646731
16.62219
2.197667
25.834148
9.026057
9.627459
6.552925
9.795482
8.578755
14.259664
18.971321
25.980654
14.060192
19.381178
11.61349
9.969837
23.740782
8.90833
12.414217
22.618555
13.190177
29.328295
0.79338026
14.653493
19.43051
4.2799587
15.581476
7.0826735
1.1555698
-0.2215741
22.104303
3.9440327
11.819614
12.282198
19.752808
11.362446
9.834856
7.5193744
22.606445
9.315879
10.290873
16.07788
3.2043061
0.21212642
10.997054
22.070892
22.400826
12.700936
3.4923701
15.852693
1.5980686
13.0414
11.951861
9.40671
13.197009
7.3790894
-0.15676564
24.39524
6.243881
0.06957714
-0.26125535
17.206049
4.7556243
15.677347
2.9653268
12.339782
1.7823023
13.251599
17.504961
3.4199977
13.734329
28.662794
1.5722362
20.209898
18.569471
0.890653
2.0881252
4.229175
12.166197
10.694215
14.975677
15.359696
9.702114
24.863274
7.0897365
5.8386436
16.774153
5.364091
20.56052
14.770041
8.998186
4.995022
1.6933373
1.0685266
5.252599
11.442929
32.12435
0.29257542
17.987762
5.529937
0.96666527
18.472578
26.443123
15.250158
16.80399
0.06444594
6.092009
-0.47508845
26.799725
7.0035987
5.6750555
2.8125923
33.287804
11.297041
19.689663
5.4146166
8.862095
30.830303
7.400882
16.549246
9.901723
6.411701
11.468386
7.0019693
14.867048
12.342333
10.386031
14.907852
2.9766188
14.403218
12.274059
8.320983
11.533455
15.618829
22.077171
6.4849553
1.087091
12.916138
0.6277959
7.736303
10.400031
21.716064
6.3162866
4.8400235
27.475204
28.022215
3.8725104
30.735964
30.669178
10.90762
11.3496895
8.422256
11.32807
11.491785
34.927696
10.029874
0.5065974
14.998063
1.7241912
15.883528
2.8827636
0.14874254
25.19117
14.544473
22.514889
12.946374
8.565023
8.616733
4.6192474
9.08098
19.293802
13.562406
24.815247
30.614218
-0.00071291253
14.044003
13.55661
14.653589
17.914639
19.548918
23.654793
17.559841
19.840132
17.322083
17.347034
8.095584
17.739254
-0.6289195
14.450611
5.655616
3.800471
13.405224
16.4152
-0.97010905
14.553205
9.375346
24.275173
10.752884
16.62148
4.8800154
13.368157
15.742127
4.415089
1.6269233
7.1739993
14.845955
11.774967
12.966192
3.658475
0.5505972
18.283058
25.354504
7.7262383
9.482373
10.76117
10.741648
9.126957
10.874007
2.414265
18.60478
20.199053
18.050768
19.73637
-0.06479126
11.574004
10.729962
25.713213
12.948848
4.4546633
8.525611
16.264729
0.7471223
2.1567254
10.779333
28.459387
6.424797
23.952099
7.9881134
20.682875
15.564699
-0.046245735
5.1204886
0.67568403
4.492213
19.47696
23.29456
0.5925863
-0.09932013
-0.38209945
2.2290967
2.7863686
10.173207
0.6468909
21.670519
7.982006
8.94091
0.20294644
11.873008
17.490025
-0.2129554
1.2282712
16.172485
6.6802673
32.92665
14.97305
5.066422
15.487465
2.8395622
7.8827634
1.578749
23.938356
15.063915
16.86473
29.025455
17.510967
9.115072
31.179482
6.852441
19.069557
3.6218736
24.650692
7.8102727
10.616367
-0.7744901
11.294285
16.2086
22.064936
23.565203
5.1318073
17.996973
19.517569
1.7030034
5.9467993
24.486498
1.2795098
28.206753
18.233494
13.4748335
8.738127
0.29741383
1.1010512
9.327337
9.300573
0.41267517
42.850666
16.976923
11.235966
2.39178
5.7103515
21.574697
0.8892745
23.078163
3.6888812
27.286076
14.521238
9.556123
21.71204
7.416171
0.07356183
17.471685
14.102237
8.380477
15.047496
17.293745
2.7795858
4.0421214
13.557789
18.74472
13.891802
26.331373
6.253589
6.3400135
25.158981
5.4161763
7.198173
24.386646
3.139056
16.353434
9.335728
2.1670313
11.39861
20.105999
31.307692
5.042074
10.847934
0.79025155
9.758162
16.139526
1.0316224
23.63436
39.24952
28.399025
3.8561816
20.617868
1.6724133
8.638615
26.05628
5.32643
6.88488
19.099083
35.43642
3.984519
6.392874
27.11991
18.660416
23.14004
9.90706
18.058384
29.023144
26.780722
13.005939
10.604132
28.28383
19.161352
13.760811
16.424406
2.6569004
21.50237
19.358326
13.85747
30.340176
6.5396185
29.328278
18.040674
1.7391213
18.819468
-1.1666934
9.195543
12.048077
-1.0761044
7.836419
20.675152
19.178928
21.803825
24.392406
1.8834265
26.488552
-3.2445042
9.491552
14.6207485
28.90971
4.0580864
19.577673
11.524269
4.7415233
7.915645
27.71175
6.4397554
25.591305
38.187393
11.157022
1.362182
3.7427435
12.230596
4.760082
3.277806
1.5108361
13.770062
8.254116
9.277087
33.599636
-0.49132243
-0.002747368
2.0928075
7.0834837
13.158528
13.199575
6.9117436
1.6422762
17.571154
-0.80174696
6.184836
18.594444
8.105652
1.9227276
10.148492
7.4701734
6.910138
2.3110304
1.1837004
12.817068
1.9398813
12.0902
1.5183016
26.897
13.219343
26.098291
12.107103
24.10851
1.4716996
19.538187
17.848072
13.771053
22.459942
13.392767
34.66236
21.021069
15.63207
9.719193
2.083992
4.1576223
2.8384554
-0.38116574
4.73818
2.5599966
15.271686
8.205308
13.288167
13.818526
17.012278
13.801541
15.605076
18.82164
17.14467
1.0248451
0.62398565
15.090017
20.037395
5.21973
5.3966103
6.198484
10.001645
7.816005
10.205934
5.8478584
17.053558
3.529677
10.302007
2.1195183
8.002569
12.738463
27.542377
-0.55805755
6.2641573
21.285463
5.4015126
5.43931
14.184798
6.015919
24.474308
8.218113
22.599342
25.24718
0.24129508
4.9252577
27.513958
11.530194
18.259867
9.973081
18.658741
12.663204
1.9590447
10.886813
9.604619
11.922717
10.270135
12.10669
24.213053
26.092876
13.756436
5.1116652
2.8136833
16.025723
11.013353
13.036082
7.772103
24.491482
0.771869
12.272746
21.78635
6.316831
4.028355
0.6887509
26.721237
31.958881
11.408228
19.274609
8.025313
7.6586766
6.4862657
13.558264
4.5147386
1.2769009
8.476641
26.123762
13.5696125
31.589893
8.576036
4.646393
13.035128
1.7071999
8.444559
5.9223876
34.28483
12.449012
-0.38791305
5.7407527
14.826892
15.821756
1.7002897
23.21845
15.252271
4.903753
23.981108
1.5527275
7.1524816
2.4203417
-0.029292125
17.384321
26.927143
30.684084
9.084965
16.779366
13.827517
19.886404
30.197529
0.58266807
6.2912703
2.209643
24.802322
13.787749
11.568057
31.442091
0.69082844
3.2813494
15.694446
10.937824
31.74378
7.458951
11.587655
15.728558
17.382614
18.855547
13.020965
1.2599564
18.768702
24.987125
11.209134
-0.99652326
10.233374
18.11903
13.609945
1.1449648
3.124974
21.643236
21.492132
14.128825
18.46693
4.570495
21.789099
7.714877
35.63066
11.588874
8.534281
30.0105
24.961546
3.986812
5.045624
9.357272
12.761343
27.297083
-1.8150506
20.613537
4.900126
5.9748015
14.835648
16.33016
1.2436897
22.861286
18.427423
16.556568
9.009828
22.182724
26.65503
8.484645
17.996487
0.7905262
16.728453
14.192804
22.24807
14.120008
24.376324
0.0998729
1.5400378
10.767215
12.944045
2.0503523
7.198475
28.582043
2.7874918
20.934044
20.89297
-0.052776095
13.003804
9.365292
6.934084
29.109812
1.1057119
15.5985
6.0807824
31.234943
10.588721
6.0141497
18.294834
7.2567744
14.9032345
5.7587314
7.9607935
5.336305
9.956446
21.954765
19.085634
13.609777
23.341188
6.6412935
17.303911
16.183495
18.814344
15.65098
2.3971577
43.664997
2.7864206
10.817942
15.45329
23.560257
23.077793
0.43134233
17.619617
-2.1474683
11.397627
2.577427
10.3668785
13.804061
19.514091
6.590001
3.16532
7.893878
16.758642
24.549835
21.736408
0.38759398
21.008577
21.509157
7.901608
16.4188
0.3510783
22.144104
2.1160967
4.6944203
0.5030153
19.481997
0.9971553
10.095425
21.570415
1.2642891
6.535768
12.217417
11.928279
26.809402
24.359894
22.721928
9.172126
10.696599
11.718783
4.3389606
23.549541
22.122105
24.484465
29.156275
19.61339
7.6602683
9.250944
17.702618
11.606577
18.607935
7.563617
2.673076
7.864521
12.036422
5.7733865
18.75421
6.064517
25.607452
3.4586372
2.8715408
-0.11750871
23.289303
16.837206
5.730771
22.51368
15.360886
20.448341
28.555752
11.859851
1.6130106
17.699347
18.578152
20.303196
13.402619
5.1471176
26.860525
31.36927
19.852356
2.9981987
-0.23051119
-0.75335884
25.943584
17.562061
15.798933
16.061855
18.974115
9.080674
11.000012
5.895599
5.9347258
3.4605565
24.51053
35.655396
26.819975
9.047219
13.494587
1.2016423
0.94781214
10.407906
5.001024
11.341599
1.0894622
38.32119
17.106707
10.028787
2.7073057
14.53224
2.0112858
10.746564
20.399971
8.923577
32.741077
9.38449
-0.12574421
20.110348
18.274467
29.21475
9.2135105
4.2461767
3.7414632
11.117667
20.882353
25.235851
3.9034734
7.3103666
10.214256
16.45504
16.669527
19.059116
22.472319
26.349142
21.729033
9.905951
23.975317
1.5444727
10.0997305
17.656958
36.751896
14.869892
6.6910706
-0.07375247
10.538621
8.472321
9.743857
0.11078298
14.226009
23.494627
22.179468
12.429193
13.565371
31.614986
6.7604446
4.141638
16.615625
14.058673
12.481175
22.324503
3.2479393
0.18629053
31.253185
13.662364
6.158062
1.1787449
4.1984124
5.9103975
-0.2731061
18.221579
13.354781
25.908737
11.843511
19.67464
12.610742
36.50078
22.99668
16.335453
11.415982
18.383717
3.8572621
13.664842
12.158195
19.65129
5.9468555
16.22495
12.128281
21.34253
8.330873
39.81249
6.359498
3.69382
11.01451
11.681943
2.5512197
15.546498
15.484147
13.976619
0.66340023
14.458457
12.940455
7.2256413
22.46959
11.258733
16.978252
17.279217
20.221046
23.876942
13.05989
2.7254124
11.05471
23.76254
12.32073
14.982267
18.742271
36.73125
17.438139
20.701368
22.164387
11.602359
7.931144
-0.8154416
25.36536
4.6447577
5.918099
16.061962
13.36455
11.108351
9.9156
17.872368
15.265224
3.35922
5.1165924
16.008257
27.116108
25.647497
19.26816
14.751858
15.169856
24.636538
10.508137
19.664652
1.1230439
30.815514
4.4773507
15.112063
9.522991
5.339991
11.932617
13.992056
-0.3654712
22.87999
21.466768
26.39306
10.786698
5.648579
0.46946347
13.162345
0.223338
17.154783
11.430293
25.638325
1.202784
18.140287
0.7137396
27.614082
5.9035134
13.167485
16.858755
10.858683
10.032704
20.873642
13.379386
9.709335
9.939087
9.837635
15.265151
4.2474637
9.325961
8.050708
0.69015986
11.270086
1.0730879
5.3972816
11.1832
29.478579
0.7649585
6.018015
4.150817
17.190222
-1.0568626
3.516667
13.0457735
12.660312
1.4111933
-0.49557
2.8004174
19.235916
13.307999
12.234094
0.51421124
15.636289
2.9984531
16.768345
24.145899
17.259024
33.677265
7.7696013
22.187233
4.0196934
6.8659363
0.22945021
19.808094
25.3741
31.732407
10.835434
1.818616
5.874906
14.2971325
2.4168377
10.982286
18.55749
6.2504983
3.4369507
2.5749545
16.864248
0.964512
2.7569246
18.855078
1.0707539
36.70808
-0.3002213
15.088865
2.9316828
0.66755193
12.992317
10.507642
2.3820405
4.7740107
27.978937
21.281887
19.088078
19.808376
14.681374
22.854317
11.473354
22.784113
15.780375
29.337702
5.9094543
17.891804
-0.36796975
18.994783
16.057129
31.786041
12.702468
25.700586
6.1849785
18.645288
28.97475
9.556964
19.96929
0.38261673
38.02645
37.48835
20.027979
14.697406
29.582153
16.177885
2.9214392
9.290889
9.638655
13.102976
7.1358166
21.819931
16.192446
6.989204
9.9575
13.872445
7.2345567
16.807657
21.906204
16.028364
11.628591
4.3629694
19.094366
26.379889
13.748926
0.8629859
12.156291
10.335465
16.966808
29.997822
1.8055906
20.218164
8.79544
25.897873
0.60169256
0.1557058
7.75849
-0.032079156
18.432571
12.797874
16.84319
0.013174351
24.46413
6.030719
8.369143
38.750034
3.7909975
8.3019085
0.28646192
14.760168
7.2147884
25.063301
21.523062
3.7308526
13.168365
17.308239
12.17455
22.55394
8.716755
2.8684173
15.834338
21.513092
5.44342
16.049109
26.746754
17.860668
-1.6169574
18.637802
6.76117
21.547733
10.436853
9.344268
29.54325
-0.60801846
2.071661
10.740731
18.329592
16.996576
1.607353
-0.5637243
25.351583
21.149553
29.026146
13.865449
14.5114975
19.370295
5.893436
36.5835
-0.88335854
16.927143
-0.15180123
17.751312
11.042196
26.892357
21.774641
1.2989755
11.0634365
17.009153
24.407158
1.7935718
5.2269773
34.627743
25.61231
7.908455
2.0695872
10.876058
15.946438
14.7633705
13.583697
20.24937
15.608308
12.534995
11.560731
10.610744
17.598413
11.196796
16.077793
1.1711521
20.762653
3.1897748
16.555498
18.652048
-0.8049624
1.4257339
3.7762697
14.108483
0.66637397
11.630591
-0.20895667
15.414489
11.413132
25.70556
26.399601
14.514327
1.5758923
17.06069
15.517079
-0.10953537
23.861961
16.40562
8.01104
6.517261
4.268585
15.642558
14.543276
0.67478436
15.949931
14.758452
22.769665
2.6310918
4.8618064
16.250004
21.371342
23.081434
12.552152
18.53485
-0.87578255
14.5774555
1.0550194
14.118699
12.02325
3.5222409
5.036728
16.758827
22.730282
10.592603
18.738523
14.0593
15.967053
24.271774
16.100716
17.93751
9.486053
30.488735
6.401868
18.508799
20.286934
8.499722
18.183178
13.656656
20.383886
17.242964
12.867795
2.9365764
11.874838
11.383001
7.8720994
9.347684
11.77478
19.893726
-0.38633513
1.1313719
13.319828
5.015644
16.838905
30.985107
18.419209
0.78615725
29.010403
9.662138
14.615098
11.298132
-1.6079884
4.5691457
3.0773633
4.709922
10.013662
16.361443
17.25158
15.729552
0.9503732
18.881264
23.914867
21.586647
22.14173
29.185457
19.40752
22.97214
26.150057
16.865698
24.752634
33.106373
-0.52520895
5.3519053
15.255531
6.2671943
7.724067
20.359165
6.4905953
13.3742485
1.5097982
12.865944
38.135628
21.511631
6.769111
23.12667
3.4015493
8.0717945
21.436644
5.943774
4.120739
27.339664
27.585691
14.012374
15.466975
16.128319
20.02218
-1.1609341
30.479748
21.87202
22.060122
9.168003
6.304407
-0.69156027
16.870556
21.008606
24.183445
13.440447
5.3578014
18.481028
3.2891493
2.6145177
7.5178638
10.566092
7.797272
30.440264
17.013037
-0.119561404
1.4412906
13.641002
23.28482
13.588541
33.71793
8.586106
10.4818125
27.386711
27.643429
0.7570645
4.1227717
25.60497
2.7118208
18.175636
19.008705
23.55954
15.654799
25.369646
2.7721024
16.278795
2.1849213
8.268227
1.0559474
24.668577
15.217244
12.580899
20.300539
-0.077123106
-0.2244453
4.8626213
8.14696
27.076563
6.5746536
3.3993497
7.250963
7.22798
14.3598585
16.871635
10.867636
14.213531
11.5269165
6.0919023
19.099716
-2.384229
4.576882
25.419027
4.034837
1.2197702
13.805936
9.348647
19.510378
8.378417
15.165958
9.904413
12.881954
4.2898827
12.527216
25.588758
13.505715
19.99236
20.477203
6.1955767
2.2606657
7.634548
0.5530213
2.0402083
17.11976
12.961755
17.811642
5.2824817
0.689728
8.0145645
11.936857
7.7503285
22.08341
-2.4972177
15.827652
13.443353
3.8808005
8.148829
2.4482505
30.782742
10.097185
24.276363
17.571386
22.693457
28.83843
29.757593
8.94009
22.900047
6.907126
3.4172347
1.7887136
20.375462
25.030865
1.8553795
6.56081
14.528161
11.887286
30.90152
7.8623457
7.082975
-0.5428009
16.15212
9.381495
14.523831
7.396707
22.731386
20.860748
15.872046
5.232311
10.161932
12.466064
20.954735
7.689994
10.090745
-0.067208156
11.987187
22.07647
20.092672
14.564218
25.673298
22.222755
17.236355
6.4115124
37.827816
5.3956966
17.31753
4.3681264
15.434154
3.7159023
21.925636
20.981432
5.716134
10.287798
43.209293
16.525671
28.367908
25.611986
12.168883
25.832855
8.238044
6.714731
27.017328
7.5949965
3.9961524
6.4681883
12.425132
0.7619293
1.0819217
7.5270963
3.0114958
13.424838
11.384842
5.6450663
4.665921
12.6728525
5.2464256
12.924493
5.0839815
28.391146
7.595429
3.8617072
17.295824
10.402109
4.5891547
17.392275
6.9984236
14.072131
11.797688
0.3464703
31.803421
1.1391637
4.7811475
20.649618
22.868309
11.244057
22.928051
1.1012571
0.018065173
0.33377916
5.3054676
1.6497484
25.888538
0.6212735
41.6264
19.003584
16.81579
16.546286
9.548518
4.560573
6.8376546
8.542516
29.149818
-0.20291556
13.27775
3.7453456
35.110073
19.58508
22.925787
21.099934
0.025069926
21.214615
13.602886
23.046333
4.4474697
21.671795
2.7444172
5.6359873
9.184731
11.281189
-0.52487016
2.3963435
23.06052
21.168526
15.799853
10.089956
25.502367
14.012915
0.0468159
22.046843
4.6401296
32.411552
6.598505
23.8215
7.6906896
26.04745
7.5144353
-0.75821126
15.636221
9.601907
24.879261
4.606918
18.157454
1.2952745
35.01214
19.725866
5.4495
3.7866366
0.95584214
15.927917
24.580986
8.75289
3.431781
34.463715
24.45625
30.917656
-0.85069734
6.7669272
27.006807
16.508974
12.076801
5.3753448
17.349474
27.02021
10.19806
14.866042
9.451269
2.8139284
7.7447743
13.926173
13.509944
13.599555
0.7801198
2.710825
22.361427
5.712021
19.805706
4.3174114
-0.27723533
24.295906
3.093873
7.5303392
7.9391584
5.6107
23.746288
5.225314
27.16146
-1.2674545
12.811175
12.9009285
16.936573
4.5311465
15.885586
5.0248337
13.087245
31.523464
13.904504
23.064754
20.838959
2.3428311
27.417812
1.4453104
8.46094
29.069326
0.21992843
5.696293
-0.0027809925
22.91429
12.763538
4.828361
20.84819
20.017359
19.584145
17.63338
18.886553
12.934648
2.7721415
11.169851
22.055086
20.967356
14.877044
13.959055
10.3165045
20.952623
0.26580805
25.596676
10.703282
17.345829
24.449066
-0.90871906
1.0856436
15.796938
11.322195
18.387024
25.080982
8.493181
2.121231
-0.95308274
0.1303557
11.549413
10.429598
-0.7709466
19.811945
11.744537
0.24633084
2.1010823
14.9315605
30.180046
17.687801
13.974633
7.705203
4.9324465
22.043953
9.42522
22.2165
28.729984
2.51525
16.77073
3.1924875
14.696544
6.2780495
1.5104117
1.1397961
11.35198
24.533102
16.801636
14.226719
11.25432
-0.7715064
0.22459911
6.3116055
18.857498
12.556375
2.558913
23.899624
15.488372
7.703563
11.472065
0.6123499
11.091093
-0.07131254
12.821028
10.671349
7.1431346
9.27856
7.92335
12.1805315
20.908249
14.381366
7.07147
22.976685
17.371809
17.512142
1.4507554
9.549799
16.172894
-2.8568602
13.103269
1.9681046
14.438988
15.3946905
11.176797
19.90759
0.17452542
19.999186
17.905737
10.240792
22.37714
31.16119
31.05192
25.047724
-0.71521187
11.479418
28.421972
11.998874
35.821804
29.534508
20.49418
11.278278
11.3621645
15.924593
24.628284
19.424982
-0.26080763
0.11325349
23.637344
13.079837
1.6726139
30.8427
7.531698
2.7092516
6.2842817
-1.1129274
12.30298
12.684551
11.267964
7.951413
22.922613
12.503264
2.7271566
8.336042
8.595515
7.5283723
17.794538
22.430521
25.054525
22.788065
6.7149663
8.451147
4.6545086
25.297659
12.153392
13.134867
20.50795
1.9804893
7.753589
6.9568186
2.2294075
3.1207705
12.491854
1.4726565
20.282825
12.437559
14.863751
18.29855
21.57973
16.671051
11.12816
23.142595
30.845486
7.395644
16.472383
35.500446
22.200308
7.674509
25.147644
2.792404
2.1169353
5.014125
27.180746
12.151729
19.713278
12.072023
14.819606
2.4451773
8.584054
18.654581
4.385722
16.568989
10.068449
15.158763
1.2179873
10.257663
26.713182
-0.4541648
25.43944
11.100772
24.951115
20.232113
16.68105
5.488533
24.38802
14.125967
7.4504056
16.806784
25.302355
14.134862
12.335593
21.25329
9.978442
0.6908211
16.445602
12.041719
19.391102
19.072056
9.12918
4.7344337
8.324804
30.017992
4.3126984
6.060892
23.324467
24.754833
16.686481
15.083479
-0.6372363
7.094144
14.911715
23.458172
10.597824
7.037096
18.012512
7.3945704
0.6248721
2.7172735
6.218564
20.744352
2.3061812
13.3394375
4.1337714
31.6296
12.821474
2.0697021
16.30091
7.602474
13.717284
41.261982
9.97857
7.8974924
9.023522
10.4242935
20.276636
27.89402
1.0450704
6.22929
24.412138
-0.5807657
17.511467
0.64007384
14.466246
13.07365
8.808953
3.1700983
6.968367
10.09785
27.634594
4.085156
15.421592
5.6746545
25.752338
9.595607
12.6465
-0.3620417
5.506927
7.9856386
-0.23658738
4.579416
8.07112
7.265109
1.5416726
20.194637
1.4001118
0.69354236
7.2741227
0.68189955
17.987751
23.811663
18.650871
29.198242
3.3413544
16.668562
7.7650714
-1.4910917
-1.226564
10.254287
9.064145
9.548834
21.538956
0.115728274
6.116745
18.280354
10.62867
7.1365128
10.70918
15.505173
21.038681
1.7567363
10.580085
8.703602
10.945515
6.6770105
28.889635
17.929111
34.580246
27.611006
2.4520607
26.358822
3.0962455
30.137737
9.662865
2.327002
0.23383187
1.4851304
10.617629
14.62559
15.239574
16.853376
17.305656
11.5011635
24.962349
6.804983
26.262972
23.115469
7.2378616
1.6127713
22.771975
-0.5835581
29.608576
17.239777
17.151316
12.810863
3.3815732
2.3541894
1.4980149
5.100743
-0.25498903
15.247606
13.861366
16.833475
28.274477
12.585658
24.54539
5.1761746
29.14704
2.182275
5.865636
4.610201
3.0393915
21.375198
-0.2677773
12.925389
15.131765
1.1787654
12.184295
23.577538
16.435886
6.641572
11.4219265
4.784069
30.21827
9.148458
6.1372657
24.330559
25.01578
15.125602
17.159771
20.696375
0.13402772
1.5487226
7.455908
14.877173
8.76753
13.960287
8.400804
36.491455
7.671838
-0.28366336
19.983852
18.434784
9.178052
7.768367
1.4421806
25.087757
8.041491
11.391458
15.908289
14.841754
20.992517
1.0422103
23.819685
11.807857
3.7749527
8.616278
21.429867
6.0660944
15.8050785
7.1596003
-0.2803162
4.0398645
5.6599207
15.425233
14.165161
-1.5277097
28.936953
3.7656333
13.345153
22.484545
19.704174
21.59961
5.5054817
9.265535
8.737212
0.69613904
4.2806206
4.793901
9.63528
8.091073
-0.08083458
12.958622
9.804425
24.207565
2.7191343
37.020844
7.4542036
4.94921
26.147734
15.502959
7.567123
1.4532437
7.2518234
22.885452
18.68387
10.6595745
22.098156
15.266872
7.1371584
8.218629
20.982489
4.8723235
-1.1869015
-1.3529403
7.077246
3.5565238
21.968622
23.536545
18.565727
12.8089485
16.416473
22.69281
14.635541
32.26145
17.961441
9.565372
9.627703
24.524181
1.7192849
17.625513
15.392411
27.472584
14.644726
20.551472
26.722988
-0.5534961
26.554869
11.922916
14.871825
-0.986483
22.232822
9.4111805
20.815168
49.790417
19.478672
8.607084
-0.11217067
4.667005
1.2352679
2.03226
0.6676774
15.461582
21.41915
3.0839517
1.8643284
12.628664
3.329299
4.6683955
15.127601
8.466452
18.981653
22.935808
9.095775
4.7452226
16.28859
26.291073
8.089509
-2.1118178
12.243943
1.4014925
18.934101
16.270706
16.727823
19.030922
10.4907875
13.407478
31.80229
4.8033237
10.276567
8.434469
7.394413
19.192251
24.403513
1.7454431
-0.5819144
19.397818
21.40584
3.0930624
24.527527
17.056284
6.191131
3.0693321
22.799547
5.320065
6.3979945
21.201674
19.13348
-0.26743558
9.554729
5.271546
38.19288
0.44387117
9.989936
11.337642
24.459848
16.493917
14.37516
-0.035952207
27.239912
12.425799
6.292132
1.3053428
10.2109995
24.217463
20.879005
21.82829
5.2419415
14.316091
10.446595
0.10107601
-0.25310773
6.0845256
0.8003293
17.997808
16.458303
11.2943535
14.32821
3.2906625
21.105515
9.433041
12.978778
14.284817
6.231848
23.848948
5.9073
20.971046
22.591793
1.3361543
2.3145719
7.4664273
4.339215
4.7989745
27.07598
21.414175
29.668774
-0.45018288
10.117575
6.0203648
22.875116
15.197167
3.9668803
27.769022
3.3409588
2.417539
2.8411186
-0.22740509
13.077589
14.119163
10.162158
19.329681
8.620215
18.521275
13.113784
14.476906
30.151241
0.5193263
23.133295
6.6631994
6.0473404
21.94246
16.106554
13.769399
4.449179
20.976599
5.0183425
0.06334925
9.20468
11.15406
10.701621
2.937746
12.681499
16.470392
14.436068
6.604691
21.032524
4.2975802
10.8835945
0.22620545
12.827762
2.6240425
5.7082024
14.526228
2.6121614
4.7896714
14.827556
16.567482
16.249207
15.079775
10.734469
6.4882083
15.965293
3.052024
2.7859912
11.946397
28.933374
6.298362
13.075715
13.294455
4.0342064
16.294401
26.97599
12.696202
6.1591988
5.774922
23.527893
13.700225
16.313313
17.836227
33.202564
6.067129
3.7950752
8.62432
22.861311
-0.14747806
10.003726
20.182774
10.104707
7.1474257
17.719433
5.8358297
23.845402
11.236993
24.725306
35.12016
0.3471489
1.9167497
7.6375365
4.577785
22.232222
34.635693
9.1004095
1.2274147
11.780532
11.512707
0.77816916
14.181007
26.572542
20.003256
4.98645
4.5402913
5.25384
10.788459
22.757488
13.045344
19.150785
10.195251
5.823267
4.4821196
14.394731
10.447278
14.004262
9.885089
2.4061618
0.44353202
14.029162
32.758015
14.987343
0.11812511
30.079412
11.690649
0.6965518
22.346493
2.4802952
7.897207
-0.052657668
13.6122265
19.169302
11.381526
5.5774717
3.0146224
8.247342
15.933923
12.835323
17.437767
23.355852
16.13076
9.345223
11.766603
15.464168
5.399729
21.177425
7.6579785
12.956599
30.247692
0.016534377
4.244055
6.951356
9.184479
11.538128
-0.4056119
4.275466
15.330809
5.8701153
15.971654
10.983477
15.439285
13.677404
-0.4810496
22.910791
6.33375
33.45099
10.240708
12.862589
-2.433597
22.697205
11.008356
4.350641
13.124798
22.086487
17.587004
14.774429
9.711101
18.022993
31.617094
9.245285
2.4592621
21.853897
4.8059516
18.909481
6.7064724
-0.336432
8.367831
1.4824892
25.959103
16.801908
29.916069
5.2196827
5.8203783
10.502838
11.867975
32.726597
27.1077
3.9556494
12.215507
16.87493
1.4789275
2.8991122
23.846287
8.628602
-0.87735695
28.231329
22.774258
16.508526
1.174827
12.08419
19.938662
8.691382
10.675521
22.719595
20.241734
30.349718
13.507817
2.3673306
13.196292
20.031677
14.574384
16.02092
21.703165
5.1256776
1.632234
12.491214
1.586846
17.121803
20.888575
9.876575
0.14516267
2.4650197
16.17005
9.1412325
7.391504
18.106548
28.867418
7.838745
19.332115
20.621027
25.652117
-0.08029218
11.173865
20.974443
5.530578
3.83584
18.39847
14.662008
1.0082378
10.191322
16.891535
16.536463
15.069524
-0.37850124
15.353247
11.3676605
43.74635
15.307052
4.662534
7.1086364
9.033514
12.927975
-0.36476967
14.738635
21.27757
13.605481
23.509775
12.5072155
17.701584
23.225643
20.386206
16.823664
13.138167
24.03428
3.436849
20.861153
15.049373
11.261421
17.683823
14.172847
26.074041
20.38799
8.233195
15.787075
18.023947
21.0102
25.63767
12.154168
11.725412
17.335085
25.74878
12.864352
-0.5321825
17.83576
6.069492
2.769762
17.692612
15.759358
15.142892
3.3615563
18.729593
5.7453394
30.987
19.91405
0.1607886
27.401106
4.886616
30.39731
0.78739125
-0.049030505
3.9690304
27.5158
10.809234
3.9428165
17.558363
2.7394843
4.2880816
17.115393
23.349737
3.1186879
12.45531
32.058567
-0.4861012
15.975356
9.030784
10.651031
14.223031
27.546389
2.9928143
21.911774
14.652934
11.980191
6.6667304
14.301509
0.05476736
10.972197
7.1293473
20.160477
4.1257606
12.34614
7.1169043
13.3733015
8.040205
2.3328536
16.463047
25.069233
27.093935
15.247719
2.1279655
9.506066
18.872751
32.298157
0.91972136
0.15896603
23.234173
-1.653332
23.621716
17.487011
12.845999
13.166743
15.466773
-0.46231443
10.981825
13.38642
23.283396
27.311525
42.413383
10.524951
31.36365
9.406921
28.136528
18.270906
-1.005872
8.472569
25.917835
8.002241
33.738216
21.629148
6.0233445
6.3467836
18.165462
13.657653
4.909047
11.968896
27.919592
9.103842
13.733219
10.720612
5.392183
16.705942
11.913586
18.449902
19.219324
9.581657
10.437039
14.324574
17.49876
12.757796
12.845698
6.022695
6.1334143
11.519714
8.456824
3.9564333
16.78122
3.9524808
11.004851
2.1466594
16.274303
9.595826
0.8365047
1.0639243
6.8728085
22.254602
0.5616736
0.4502716
0.66130465
4.8653255
23.673128
8.999164
29.290178
19.807617
22.318026
20.64631
13.413251
21.478199
0.6941068
21.736115
17.686073
10.794486
28.039412
15.256627
16.627308
13.851364
5.2215757
8.390859
12.86566
21.907217
17.752075
32.981724
16.722544
1.1173801
7.728477
1.7888745
7.163962
10.367824
4.8166533
10.838086
11.810504
6.823598
2.009415
21.957205
15.303363
13.403102
21.25727
14.660914
4.6592493
22.51657
9.507113
4.8323107
20.560091
-1.1432799
22.397863
-1.755977
3.5266445
23.86429
9.6010895
25.429922
10.229583
8.48079
15.12147
7.762415
19.796646
4.7605543
15.386203
4.720685
8.027051
25.233154
6.001518
-0.49535388
18.317467
1.1957643
-1.3250563
6.471919
10.813163
15.300867
13.97276
28.116001
34.401203
17.366537
10.39048
23.91336
0.7262474
12.553446
8.416969
14.381665
3.1258945
13.934602
7.956208
8.339718
12.646089
14.391216
9.630207
1.01777
-0.469971
7.636101
23.762913
2.7215247
-0.34119028
15.806166
23.655022
1.4772402
28.793741
0.63675755
30.841623
18.861746
10.60592
15.1748295
19.855833
2.4935725
27.8515
12.37072
44.635334
8.625768
2.4734783
-0.9990602
21.583725
11.983776
29.372131
7.3809967
24.48933
24.03013
13.811118
-0.72507995
11.139902
14.943759
0.6529565
16.398012
8.746076
21.542942
20.693275
21.349598
12.906977
31.814316
17.99546
4.0257587
20.642685
24.916271
27.542555
30.667597
9.484795
32.9711
4.2362337
9.285155
26.817816
32.127846
23.716076
18.460915
15.032061
15.052988
4.4160914
10.267317
2.462639
16.442953
16.468845
11.968433
-2.2945251
9.702657
7.6767697
4.9550853
22.115507
16.941332
16.06472
31.612768
7.8962617
24.868608
21.116909
10.246947
31.763662
16.649267
12.1219015
20.112883
16.417858
28.33851
10.608741
0.83162403
13.431949
27.218819
11.005131
17.79517
4.045703
27.996838
4.59329
14.688945
9.552317
8.905851
17.76586
15.038868
4.0292096
4.4231315
15.844793
1.4018387
3.364691
22.856892
9.193547
6.4365253
-0.65207684
6.758337
33.204453
22.051311
16.275578
8.88828
17.062094
1.9288113
18.617287
18.558655
16.115765
3.8999577
14.539921
22.9176
26.766157
20.51965
2.0651083
29.747398
-0.58612907
29.216503
8.825862
14.795871
2.173767
-0.118060336
-0.18127327
7.1692834
25.399797
1.1369
16.1532
27.636307
12.514383
32.60078
7.60041
18.075998
1.3857982
25.566067
20.270819
0.79921895
18.80502
1.9823627
23.0224
14.938409
15.733558
6.28395
10.494182
16.648684
6.4259257
4.160892
9.368009
17.709955
12.858177
7.010642
7.5448647
26.309544
24.264425
20.259
10.359836
21.915476
6.511267
15.100909
22.292685
2.1272824
7.2089105
15.131757
3.7677794
13.341293
16.531715
9.6508255
20.987629
16.479673
4.0211062
11.060512
-0.1252364
13.449082
16.709692
5.693
21.239195
19.740427
15.456006
2.8861527
11.481655
17.978062
20.534908
17.399118
8.159406
0.29528564
5.270449
7.673309
16.463156
5.6264305
32.1472
26.817305
1.2991246
28.068203
15.228871
13.978407
8.617396
6.752849
18.160257
1.6991366
8.836131
12.403558
28.33527
8.265954
1.6726037
8.969935
7.560173
3.4613185
9.526825
14.735941
49.6271
3.9920402
6.2266026
17.56258
10.437362
13.441354
7.829951
24.210926
12.950272
0.29034376
9.029448
15.021338
10.802356
5.3777704
9.313024
-0.7556815
15.603157
14.416374
20.897728
5.9663463
9.458533
8.13654
17.919926
12.451658
26.509962
11.677928
0.41156036
23.324131
10.086627
1.4079044
5.4015436
12.039715
18.35281
26.52754
16.32653
2.576938
1.3487805
13.619326
17.996101
26.89891
-0.15077539
9.983888
15.993997
9.757268
8.223117
0.5047371
-1.3447022
15.944055
19.513891
19.62354
25.26301
22.552666
30.988184
4.901332
19.854399
17.719513
17.127436
12.842259
7.095947
20.563574
25.351074
25.068312
12.01452
11.730853
7.5276933
13.883693
7.1381726
11.9263115
22.303131
16.343746
28.314072
9.4009905
16.924423
25.3369
8.633787
-1.1824967
21.560099
5.275438
16.152151
16.300756
26.39152
7.273894
7.605631
7.864293
16.001114
12.905439
4.5906634
20.763056
2.8841646
8.023442
10.182335
0.03413308
19.379543
11.503701
12.01373
0.331154
5.4929347
3.9168503
18.072289
9.621668
23.223608
-0.15012701
20.019117
20.985622
27.478746
1.564279
3.9648714
22.859634
0.92180866
0.43101636
8.036414
21.194344
8.07187
3.6417935
-0.045329235
25.776318
25.145163
5.037644
32.88975
14.974443
5.0837736
4.591044
3.319628
7.444138
1.8120481
5.313637
19.91904
12.224338
2.1033795
10.051704
31.549633
0.7731303
19.828243
13.482622
24.045784
14.072003
23.451988
36.786198
32.639767
17.069542
18.128057
13.61124
21.900434
10.58233
10.738025
10.38868
9.465685
30.34266
14.336755
17.213228
9.473998
27.582851
7.235664
14.511901
5.5340037
8.077127
23.907915
2.4510782
1.4551073
23.88609
15.404803
2.3702085
14.550176
6.4355383
20.1499
-0.34361032
4.902449
7.3441167
18.055443
17.81148
17.444557
3.8950179
15.235203
-1.4028747
14.280187
8.876999
18.950167
9.4334545
2.396696
22.912264
13.431701
5.839483
3.3792691
17.108547
37.372402
13.359076
15.464509
-0.10204971
4.0463505
11.361292
20.005865
20.7907
18.164663
18.289968
11.028409
5.208481
13.67006
20.865559
12.905166
16.07218
10.229183
7.6649184
-0.9905088
15.032777
20.965057
33.712074
13.359889
22.19025
4.68436
6.4930825
13.897211
-1.1227157
16.931244
11.42904
40.242893
0.810167
4.7467904
-1.0743538
16.671171
0.23520021
12.1522045
20.12581
0.68699884
8.319636
20.587734
21.091051
19.523205
6.8315835
22.270054
10.468534
26.406712
22.045216
26.829964
8.8419695
30.11727
24.742847
-0.8569728
18.20295
4.6052165
2.779733
27.357079
28.07387
19.089449
5.4639053
3.1783962
26.854979
2.6225297
5.0439973
24.979536
33.16637
-0.4959655
32.403423
49.473747
-0.34405664
9.7267
14.7675495
9.715617
11.607874
21.649467
23.585842
15.628859
0.808774
5.6194205
13.088388
7.790872
11.158008
-0.33753258
4.002448
-0.43249035
1.8583865
27.774517
23.654377
22.95289
12.630286
32.63309
25.07172
2.0111682
18.390162
40.40649
16.54545
16.499979
15.325385
2.6437805
19.03591
13.338938
4.461304
12.197444
17.070694
25.283173
23.023659
9.254888
15.007538
23.269522
11.034268
18.60091
4.0719786
24.185791
15.509949
12.238363
10.252576
19.978018
2.755595
24.186571
4.2401204
5.832981
50.06744
2.2572417
2.1162207
12.572562
19.616203
23.041166
27.330235
-0.39444497
8.815018
5.6899548
29.828388
10.420863
7.2691636
20.287365
9.198936
19.515911
15.656434
39.346954
20.523285
20.560293
20.587965
3.6647844
15.577546
25.394825
18.42753
27.484818
22.820839
20.718529
6.39565
34.8004
10.800541
7.853447
18.674017
9.158363
1.6970978
15.035317
3.1865714
5.6499863
0.2493536
23.13957
7.100241
16.354115
1.3957648
6.4685583
9.240966
1.744223
3.869152
0.22357856
10.061566
1.4189241
13.413396
25.349812
5.043579
21.807686
15.873493
19.721285
12.023783
33.475067
29.596462
7.9611654
8.513582
10.027175
17.732977
-0.96524465
6.926538
10.01601
27.030544
31.626905
14.89116
24.501162
12.999224
13.883143
7.8606644
12.147164
23.449692
8.173669
10.23731
10.421411
16.711662
14.221154
19.483656
13.241634
4.1565127
17.305319
1.7243501
15.921504
3.1199157
16.104807
18.214409
11.667759
2.7727008
12.0875435
0.70716286
10.454959
11.418914
3.4589028
12.4551935
6.9283333
4.718062
5.542424
12.346366
5.738802
15.214584
-0.2558282
24.862164
0.41901994
2.1108956
-0.80767035
0.5293742
24.295658
3.0821633
8.449373
1.2313968
10.911315
23.52061
1.3340677
9.331636
18.995115
14.096206
13.0519905
13.2313795
13.743663
11.535063
17.948729
20.161049
12.314198
16.136456
-0.3178492
5.9959197
-0.9161239
24.509573
-0.12851419
8.866244
7.8004646
0.19615203
12.0055485
12.911299
13.409151
19.591103
15.649815
11.480762
3.7880752
11.739045
21.116985
0.7789355
7.607308
1.9413475
10.072915
-0.33587128
7.5584073
10.429567
4.9640203
27.121235
27.72726
10.3731575
32.950916
2.0567827
27.80133
35.66581
11.1254015
13.099197
16.60055
32.053707
6.110423
7.8119044
15.913434
19.649538
3.7254424
22.034687
30.341213
7.559181
11.069565
3.2323282
14.4188175
6.261456
9.465182
16.040375
8.595588
2.7162924
16.95377
9.570657
12.614354
28.618542
21.027271
4.368695
16.845514
17.03787
2.8348916
14.68421
21.628065
23.434626
17.313612
18.243155
15.904066
1.7162068
9.347202
13.980679
11.479053
28.435051
7.9577475
20.370598
20.878115
16.559706
15.040743
6.066371
12.742182
7.24928
18.31677
5.221958
18.26249
20.977716
8.004974
8.409559
8.795571
3.9925427
15.093419
21.315771
1.2357538
18.610088
14.158734
18.564157
0.61928165
0.90188587
8.060475
10.848866
20.948586
16.221928
3.1807225
-0.01823933
9.352807
14.954154
15.7863245
7.2215395
9.191709
0.29909647
10.138152
13.241946
33.212334
5.7713814
2.9422178
17.941708
28.16954
19.745378
6.9776134
13.422164
35.654808
1.0708635
10.488435
7.833944
-0.18169625
20.678503
21.102028
20.699116
8.292903
18.823458
15.882339
1.0888875
0.32406962
4.103703
24.99493
23.004936
19.813862
13.478522
13.976349
19.544422
7.698138
4.244468
21.643536
15.2171335
27.578527
12.17566
34.362545
24.90455
0.6386161
12.6882515
26.627386
14.188848
17.933712
4.9209814
-0.484056
19.55552
1.5243098
15.182269
7.1646295
15.178663
1.3345369
23.200624
2.5350068
17.81808
18.751862
19.60917
27.213142
18.185383
13.812746
36.86652
0.53548235
18.730099
9.943872
0.87780493
16.919127
22.240772
20.669107
10.222039
14.217891
-1.3773696
10.767926
23.1017
23.807495
12.397483
6.0223145
19.453009
13.123253
4.7807293
13.992366
10.835806
16.752844
5.255302
-0.46779194
18.368164
4.3600736
1.6672429
16.478348
1.729584
1.1756669
5.8634114
18.308775
20.68556
0.7891851
6.7204328
21.391722
29.48033
27.745008
16.114464
1.8635553
12.000686
21.657125
-0.72971404
5.3696322
8.485927
13.5845375
-0.42847422
10.66209
15.595132
20.459337
20.83006
24.508234
20.185257
6.9052343
10.808965
6.6083827
12.080442
7.277719
27.53594
10.5727625
13.902613
