1.0
1.0
0.9971591
0.99980694
1.0
0.9999908
0.998398
0.9998909
0.99973553
0.99986553
0.98551315
1.0
0.9963965
1.0
1.0
0.99988234
0.9994599
0.99998677
1.0
1.0
0.9984107
0.99081755
0.99958795
1.0
0.392227
0.7054708
0.9795551
1.0
0.99997497
1.0
1.0
0.9999914
0.97684187
0.9897389
1.0
0.1669378
0.99745005
0.9999517
1.0
0.9999999
1.0
0.9999968
0.99743265
0.9999939
1.0
1.0
0.94319993
0.19494909
1.0
1.0
1.0
1.0
0.61662394
0.99915886
1.0
1.0
0.99999654
0.41958463
0.4780065
0.14416029
1.0
0.9512673
0.99999404
0.97636354
0.9998729
1.0
0.50496435
0.9999814
0.9561491
0.8405972
0.99627787
0.99981433
1.0
1.0
0.9999989
1.0
0.99999654
0.9998573
0.9987411
1.0
1.0
0.99937063
1.0
0.9999615
0.999959
0.97265786
0.834958
0.4268382
1.0
1.0
1.0
0.9999987
1.0
1.0
0.7249285
0.99981076
0.99788386
0.9998735
0.9999728
1.0
0.99964595
0.9976578
1.0
1.0
1.0
1.0
0.99996316
1.0
0.9999994
1.0
0.9984055
0.99999166
0.37197217
0.9999968
0.9999863
0.99953926
0.999967
0.9884045
0.14359634
0.9999944
0.9995845
0.8026218
0.9999212
1.0
0.99819094
0.7891144
0.99814034
0.9997049
0.51064247
0.9984596
0.9998878
1.0
1.0
1.0
0.99982834
0.9999975
1.0
1.0
0.9999863
0.64827424
0.9999882
1.0
0.9999999
0.9876951
0.99984634
0.99914384
1.0
0.6816521
0.50379074
0.9997509
0.99822825
0.9999976
1.0
0.99991596
1.0
1.0
0.99990845
1.0
0.9964999
1.0
0.9383834
0.9996867
0.27845386
0.9999963
0.99972636
0.29767734
0.99935776
0.99834883
0.99999976
0.9895173
1.0
0.9998086
0.99999964
0.9995921
1.0
1.0
0.99994504
1.0
0.27754095
1.0
0.99999964
0.9999993
0.99986255
0.49730167
0.9981055
1.0
1.0
0.7591388
0.3476481
0.99745196
0.9999957
0.9997869
0.99749833
0.99977654
1.0
0.4294643
1.0
0.9998913
0.99979585
1.0
0.95863986
0.99977
1.0
0.9999989
1.0
0.9999442
0.99993193
1.0
1.0
1.0
0.9999906
0.994325
0.9999876
0.7322433
0.99880373
1.0
1.0
0.9999994
0.99694544
1.0
0.9993119
0.52292895
1.0
0.8498092
0.87125754
0.99998176
0.6463572
1.0
0.21981986
0.99897337
0.9997348
1.0
0.84693635
0.99946314
1.0
0.99999475
1.0
0.45433086
0.99994326
1.0
1.0
1.0
0.7824995
0.999997
1.0
0.99340993
0.99885404
0.9999386
0.9999995
0.589402
0.9999995
0.9988481
1.0
0.9999927
0.99982834
0.9833038
0.9998419
0.9999925
0.9998135
0.9793106
1.0
0.99999726
0.94401616
1.0
0.70886296
0.99974436
0.9996333
1.0
1.0
0.9154583
0.99999964
0.9278122
1.0
0.7278217
1.0
0.7642235
0.9998363
0.42291975
0.99977654
0.84400177
0.99999833
0.29857954
0.9999944
0.9999999
0.9914739
1.0
0.9953818
0.9326538
0.9992449
1.0
1.0
0.9999993
1.0
0.4276047
1.0
0.5757969
1.0
0.99980825
0.99999976
1.0
1.0
1.0
0.90789276
0.9997695
1.0
1.0
0.99798834
0.999584
0.43518433
0.99608886
0.99995196
1.0
0.9996977
0.93210423
0.9995641
0.9997384
0.9978604
1.0
1.0
0.9999999
0.9998441
0.997789
1.0
0.9999503
0.8811108
0.99878925
0.99999285
1.0
1.0
1.0
1.0
1.0
0.984402
1.0
1.0
0.99999964
1.0
0.99995375
0.9964469
0.99733245
0.966295
0.999987
0.9990263
0.9980434
1.0
0.89409035
0.9999397
0.99997985
1.0
0.99997866
1.0
1.0
0.99919254
0.9999999
0.99950373
0.98254997
0.20879629
0.99928755
1.0
0.99997354
1.0
0.99998844
1.0
0.96734923
1.0
0.99987626
0.99847335
0.999635
0.96992254
0.9998191
0.9899568
1.0
1.0
0.9992199
1.0
1.0
0.34197503
0.9999441
0.9850172
1.0
1.0
0.9998789
0.9996724
0.9996877
0.89886045
0.9963229
1.0
0.9154597
0.99996483
0.99998677
0.9999995
0.99991345
0.99999785
0.97173935
0.99902713
1.0
0.99987817
0.35783434
0.9998932
0.99998415
0.99995875
0.53666073
1.0
0.9999999
1.0
0.9900311
1.0
0.99999964
0.9999956
0.9737593
0.9999999
0.99989164
0.5156161
1.0
0.9996376
1.0
0.9962624
0.99924576
0.9990808
1.0
0.9999119
0.9998994
0.9998945
1.0
1.0
1.0
0.68504304
0.99955994
0.9998673
1.0
0.9986156
0.9987979
0.99862564
0.9953367
0.9916494
1.0
0.9997589
0.9980421
0.9883108
0.79223776
0.9999888
0.9998503
1.0
0.99999833
0.99999774
1.0
0.9976041
0.8791591
1.0
0.980949
0.99988747
1.0
0.99998164
0.96730375
1.0
1.0
0.4495868
0.99390876
0.9226338
0.9978656
0.99999917
0.99951327
1.0
0.98981386
0.69964945
1.0
0.9998915
1.0
0.9998036
1.0
0.9940216
0.9999906
1.0
0.6006014
0.99929035
0.9999945
0.93537825
0.9996158
0.94689465
0.999949
0.5272866
1.0
1.0
0.4456542
0.99738437
0.82543886
1.0
1.0
0.9963566
0.99967945
0.9999995
0.6762209
1.0
1.0
1.0
0.9999999
0.9999993
0.99929
1.0
0.8779722
0.94110876
1.0
0.999979
0.9999064
1.0
1.0
1.0
1.0
0.99918705
1.0
1.0
1.0
1.0
1.0
0.99849963
0.9973098
1.0
0.9995309
0.9859082
1.0
0.99667335
1.0
0.9999361
1.0
0.99963844
0.99917847
0.80087113
0.99288046
1.0
1.0
1.0
0.97056377
1.0
1.0
1.0
1.0
1.0
0.8037881
0.3305
1.0
0.9997788
0.8864117
0.9999999
1.0
1.0
1.0
0.99999976
0.9999349
0.9998103
0.9999993
0.9998104
0.37529558
1.0
0.9984847
1.0
0.99999976
0.9999943
1.0
1.0
1.0
0.9999993
1.0
0.9999713
0.9840806
1.0
1.0
0.9999641
0.955662
0.94407696
0.99999595
0.9999889
0.99999976
0.991774
1.0
1.0
0.9999536
1.0
0.9964198
1.0
1.0
1.0
0.9999958
1.0
0.99987674
1.0
1.0
0.98942506
0.9994765
1.0
0.99999547
1.0
1.0
1.0
1.0
1.0
0.9997565
0.9999994
0.9904298
0.9679861
0.99991536
0.9999788
0.99426347
0.99961036
1.0
1.0
1.0
0.9999753
0.7306603
1.0
1.0
1.0
0.9999906
0.9999999
1.0
1.0
0.96912616
1.0
0.8542127
0.9991404
1.0
1.0
0.9978447
1.0
0.99883217
1.0
1.0
0.9997228
1.0
0.9998373
0.98415357
1.0
0.8062476
1.0
0.9999976
0.9994537
1.0
0.9999958
0.9770677
0.9974118
0.69650483
0.8891957
0.9991128
0.9998099
1.0
1.0
0.99999464
0.84030366
0.9394834
0.99958414
0.99999964
1.0
0.99999976
0.99999785
0.99999595
0.99777114
0.9820955
1.0
0.99791914
0.9988507
1.0
0.9999981
0.9996574
1.0
0.9999975
1.0
0.98601204
0.99999964
0.9998467
0.9999995
0.9994667
1.0
0.98038185
0.22014394
1.0
0.85171205
0.9945845
1.0
0.99998665
0.9859848
0.99999523
0.44159973
1.0
0.31030115
0.8001235
0.9999987
0.40983975
1.0
0.6368359
0.999803
0.91541404
0.99998534
0.99969006
0.9926641
0.99998856
1.0
1.0
0.47991917
0.9999999
1.0
0.9999976
1.0
0.9997917
0.99983287
0.9950832
0.9999739
1.0
0.99999464
0.99965405
0.9999913
0.9999509
0.90104955
0.99986005
1.0
0.9999994
0.9999956
0.48173368
1.0
0.9849508
0.99935454
0.9999379
0.9999988
0.9999989
1.0
1.0
1.0
0.88770103
1.0
0.65701133
0.99997926
0.9999987
0.35082468
0.7397046
1.0
0.99999976
0.3419156
0.4566553
0.99965405
1.0
1.0
0.1734321
0.9962155
0.9999999
0.99949574
1.0
0.6364417
1.0
0.82315445
1.0
0.9999999
0.4636951
1.0
0.9982132
0.99999726
0.99999166
1.0
0.9999763
0.99999976
1.0
1.0
1.0
0.9996253
0.99971944
1.0
0.99933666
0.9999999
1.0
0.9948413
0.9999869
0.982018
1.0
0.9381797
0.6220738
0.9999336
0.99985635
0.9997876
0.49589345
0.1888223
1.0
1.0
0.99973875
1.0
1.0
1.0
0.9999591
0.9999753
0.99999106
0.999881
0.99999714
0.9999267
1.0
0.994079
1.0
0.99775285
0.8735498
0.99796426
0.99870276
0.732091
0.9980635
0.9999945
0.9992918
1.0
0.9992199
0.99869376
1.0
0.99973243
0.9997471
0.9999689
0.99691737
0.9999567
1.0
0.95228404
0.71031535
1.0
0.9999987
0.9999095
1.0
0.9999999
0.36097234
0.9997793
0.9907314
0.99979526
0.9975126
0.95454824
1.0
1.0
1.0
0.99997497
1.0
0.99040085
1.0
0.99886924
0.5908485
1.0
0.99999976
0.9999999
0.9468817
0.9864851
0.99964976
1.0
1.0
1.0
0.998444
0.9999989
0.99992085
1.0
0.55339724
0.9999987
1.0
0.9988741
0.9999459
0.9999486
1.0
0.99996185
0.43333146
1.0
1.0
0.9997812
0.9915598
1.0
0.98456985
0.9996244
1.0
0.9869486
0.99999475
0.9999995
0.9999999
0.99375594
0.99999034
1.0
0.99996316
0.9997758
1.0
0.9995419
1.0
0.9991405
1.0
1.0
0.9673427
0.9997712
1.0
1.0
0.37118614
0.9819286
0.9740107
0.9966059
0.9971283
1.0
0.98935133
0.39737293
0.99560827
0.9992873
1.0
0.99968493
0.8235808
0.9997081
0.9853644
0.9999856
1.0
0.4036874
1.0
0.99220544
0.99999726
1.0
1.0
1.0
0.99994385
1.0
1.0
1.0
1.0
0.19282188
1.0
0.99500066
0.9999056
0.9872318
1.0
0.9871976
1.0
1.0
1.0
0.98865414
1.0
0.9993624
0.9997017
0.9103485
0.98412967
0.9999701
1.0
0.99997616
0.99902916
1.0
0.9999999
0.9987264
0.99876225
1.0
0.999997
0.999949
0.9982893
0.99999666
0.99999833
1.0
0.99488336
0.9999988
0.9993561
1.0
0.9999089
0.9997615
1.0
0.6820729
1.0
1.0
0.9999999
0.9999833
0.43253294
0.99887735
1.0
0.99983466
0.938537
1.0
1.0
0.99998987
0.99995184
0.9999999
1.0
0.99998677
0.98943615
0.9953302
0.9983713
1.0
1.0
1.0
0.9992737
0.52989346
1.0
0.9990621
1.0
1.0
1.0
0.9994004
0.9997414
1.0
0.9999963
0.97321486
1.0
0.9999933
0.9999962
0.99995506
1.0
0.99516994
0.99976414
1.0
0.9990821
1.0
0.9841458
0.995978
0.77349406
0.997494
0.9457658
1.0
1.0
0.99999976
0.9325621
0.43061396
0.9985108
0.99980277
0.99189067
0.9999974
0.9999995
0.9801844
0.9999217
0.9999143
1.0
0.9997595
1.0
0.9999999
1.0
1.0
1.0
0.99997723
0.24162118
0.999819
0.9998134
0.99990535
1.0
0.9368747
0.9999993
0.99953115
0.99999833
1.0
1.0
0.99981374
0.82527286
0.9992106
0.99999785
0.16558263
0.20071836
0.9997627
1.0
0.99999976
0.9993943
0.41771102
0.9999976
0.3173653
0.9999999
1.0
0.9999988
1.0
1.0
0.99999917
0.7068262
1.0
0.9945381
1.0
0.99826044
1.0
1.0
0.9984303
0.99846196
0.99884653
1.0
1.0
0.99937063
0.99996793
1.0
0.37591413
0.97917354
0.81284684
1.0
1.0
0.9999225
1.0
1.0
0.9973743
1.0
0.94622296
0.99685955
0.99989057
1.0
0.99999976
1.0
0.99320483
1.0
0.89494026
0.9999999
0.99998677
0.9997892
0.99908745
1.0
0.30228657
1.0
0.9996618
0.99529856
0.99999964
0.9999342
0.9851629
0.2802
0.9999341
1.0
0.9998872
1.0
0.82528996
1.0
1.0
1.0
1.0
0.94379205
1.0
1.0
1.0
0.9997905
1.0
1.0
0.99659246
1.0
1.0
0.9998934
0.9991085
0.9999249
0.8572637
1.0
0.7706507
0.6003637
0.9998915
0.9999616
0.81228536
1.0
0.996084
1.0
0.99973303
0.9216859
0.99996805
0.99017346
0.659676
0.9997155
0.871222
1.0
1.0
0.41389602
0.984874
1.0
1.0
1.0
1.0
1.0
1.0
0.99449533
0.9999558
0.85088223
1.0
0.9999149
0.97275263
0.9998167
1.0
1.0
1.0
0.90883094
0.99887186
0.99795794
0.9998312
0.9999999
1.0
1.0
1.0
0.95633507
0.9999982
0.9996387
0.5406406
0.8586417
0.998868
0.9999627
1.0
1.0
0.9983291
0.99990976
1.0
0.99999785
1.0
0.62284356
0.18840007
0.9998041
0.9994222
0.9920121
1.0
1.0
0.99999964
0.9992073
0.99998975
1.0
0.99994814
0.99995995
1.0
0.99822766
0.9999745
0.930242
1.0
0.9998915
1.0
0.9999075
1.0
0.999516
0.99970835
0.93551534
0.9997912
0.9999994
1.0
0.9998821
1.0
0.9999988
0.99795246
0.99999213
1.0
1.0
1.0
1.0
1.0
1.0
0.9999659
0.9892151
1.0
0.998221
0.9998099
1.0
0.9985997
1.0
0.9986999
1.0
0.99994576
0.75528973
0.95064753
1.0
0.79718417
1.0
1.0
1.0
0.99999416
0.9999999
0.29879373
1.0
0.9999933
0.9999838
0.999977
0.9999126
0.99896264
1.0
0.99990714
1.0
1.0
0.7918184
0.988634
0.99924767
0.99992263
0.8001843
0.9999999
1.0
1.0
1.0
0.99999225
0.9999975
0.9999528
1.0
1.0
0.9982835
0.99983156
0.9979442
1.0
0.59179133
0.9999889
0.9999893
0.9998122
0.9999666
0.98636
1.0
0.97630095
1.0
1.0
0.97711474
0.9996922
0.8004583
0.99913603
1.0
0.3199666
1.0
0.9999839
1.0
0.99886465
0.9988367
1.0
1.0
1.0
1.0
0.9974777
1.0
0.9957932
0.99934334
0.9999244
0.99999976
0.9988722
0.9962961
1.0
0.99966276
0.40220925
1.0
0.99998176
0.94495505
0.9979342
0.99999976
0.9772832
0.91003454
0.99999976
0.54824936
0.9999999
0.9999974
1.0
1.0
1.0
0.9998165
0.9999999
1.0
0.9996896
1.0
1.0
0.28990707
0.37248063
0.97757304
0.99974614
0.85615695
0.9803531
1.0
0.5036086
0.99863064
0.34689415
0.9999993
0.9999622
0.99990714
0.9970348
1.0
0.9999355
0.99999964
1.0
0.99581015
0.9999982
0.99999964
0.9999112
1.0
0.9997801
0.9999999
0.7825642
1.0
0.99985135
1.0
0.9995085
1.0
0.99974304
0.9952356
1.0
0.91705394
0.9987878
1.0
0.99999523
0.9999999
0.99999905
1.0
0.9999989
1.0
0.99991345
0.99999976
1.0
1.0
0.9998332
1.0
0.99638796
1.0
0.9993486
0.94804174
0.99865806
0.99995565
0.9999999
0.99981636
1.0
0.9999982
0.9994481
0.99807453
0.99999774
0.7207447
0.9999883
0.9944225
1.0
1.0
0.99631053
0.98118216
1.0
0.27697352
1.0
0.900408
0.99879694
0.9981192
1.0
0.99983335
0.99965954
0.67479306
0.9958709
0.9997991
0.9999999
0.9999988
1.0
0.99777573
1.0
0.99903476
0.99781203
0.99999166
1.0
0.99987555
1.0
0.99999976
0.9999318
0.9999993
0.9994148
0.999995
0.9999958
1.0
0.7906675
1.0
0.46037713
0.99998295
1.0
0.9986914
1.0
1.0
1.0
0.9674772
0.9998248
0.9994659
1.0
0.9990932
0.9999583
0.99979025
0.999843
0.9999782
0.99825877
0.36477196
0.998495
0.99994147
0.40587598
0.9997385
0.9999795
0.8117642
1.0
1.0
0.99987674
1.0
0.99740136
0.997846
1.0
0.9994129
0.9723716
0.99999976
0.19654271
1.0
1.0
1.0
1.0
0.94633484
0.9977381
0.9999616
1.0
1.0
1.0
1.0
0.99998033
0.8236436
0.97723275
0.9993736
0.99999905
1.0
0.29290473
0.998798
1.0
0.99996483
1.0
0.98246044
0.9853946
0.9999995
0.99642867
1.0
0.99994135
0.44695187
1.0
0.99999034
1.0
1.0
1.0
0.39533257
0.31720832
1.0
0.9284317
0.99940515
0.7189835
1.0
0.8075793
1.0
0.9984023
0.26162654
0.999995
0.64517987
1.0
0.99980897
0.9955041
0.9998252
0.9999888
0.99999857
0.9981838
1.0
0.99999976
0.99954104
1.0
0.9999999
0.9999014
1.0
0.99931383
1.0
1.0
0.99607736
0.9999999
1.0
0.99994385
0.9763591
1.0
0.9642334
1.0
0.15158433
0.99972934
1.0
0.99987984
0.9999883
0.9999844
1.0
0.6346744
0.99999964
0.9950448
0.999998
1.0
0.99999666
0.9982849
0.9999999
0.9998516
0.99666226
0.9999975
0.9997774
0.98652136
0.9066576
0.9999964
0.99888843
0.99956757
1.0
0.9988788
0.9998859
0.99970514
1.0
0.99999523
0.99964535
0.9999999
0.9888781
1.0
1.0
0.99999964
1.0
0.99066883
0.99999774
0.9828886
1.0
0.28084576
0.9981919
0.99940896
1.0
0.355909
1.0
0.9977592
0.9275942
1.0
0.9997757
0.94820076
0.39033106
0.9999999
0.9999989
1.0
1.0
0.99996793
0.9948242
0.9999999
0.99993515
0.88441944
0.99999976
0.9840312
0.99995685
0.9998814
0.95634425
1.0
1.0
0.99999976
0.9999999
1.0
1.0
1.0
0.9999981
0.99999785
0.42219958
0.41149843
0.9820348
0.9995908
0.99978966
0.33228347
1.0
0.99999416
0.9995153
1.0
1.0
1.0
1.0
0.9995659
0.9999999
0.6876672
1.0
0.99978656
0.9995491
0.99992776
0.99999726
0.999764
1.0
0.2827996
1.0
0.9999999
0.99092007
0.9963168
0.9999888
1.0
1.0
0.9985146
0.9941772
0.2893497
0.99999034
0.8736859
1.0
0.99999917
0.99999857
0.9997261
0.99993825
0.9995449
0.9999994
0.9999933
0.8907278
1.0
0.9996693
1.0
0.99999595
0.9979632
1.0
0.9993247
1.0
0.99989784
1.0
0.99916387
1.0
0.93134505
1.0
0.7470001
1.0
0.99694014
1.0
0.9881328
1.0
0.99986815
1.0
1.0
0.993802
0.9999285
0.44402832
1.0
1.0
1.0
0.9999995
1.0
0.92250896
0.9999808
0.99999964
0.9998698
0.923649
0.99883336
0.9997423
1.0
0.9999862
0.9991836
1.0
0.99999475
0.9431067
0.9999472
0.9999999
0.40463173
1.0
0.9959941
1.0
0.9999802
0.99976295
1.0
0.9999999
0.9985285
1.0
0.9999995
0.9999999
0.9966671
1.0
0.99928445
1.0
0.9999982
0.99521554
0.9921869
0.81997675
1.0
0.9999968
0.99577063
1.0
0.9996301
0.8713774
0.99777263
0.5217315
0.98911196
0.99999845
0.9999999
0.48481116
0.9999367
1.0
0.99681145
0.9854666
0.9888643
0.99999726
0.9999995
0.99962175
0.9999895
0.9993493
0.9983814
0.99217176
1.0
0.99959403
1.0
1.0
1.0
0.9999994
0.82306075
0.9987282
1.0
0.9999372
0.9988207
1.0
0.99999726
1.0
0.99994636
0.9999858
0.9900115
0.9061938
1.0
0.76257247
0.9999794
1.0
1.0
0.9997993
0.99977475
0.5655652
0.338853
0.81351006
0.89752686
0.9980757
0.9999658
1.0
0.6292162
0.9644333
1.0
1.0
0.99965084
0.999877
1.0
0.9895644
0.9999926
1.0
0.8798862
0.9999994
1.0
0.8478883
1.0
0.5930259
0.66008186
0.9999999
0.9994112
0.3124879
1.0
0.9999981
0.99718153
0.9999963
0.9962769
1.0
0.99999416
1.0
0.9997906
1.0
0.99917006
0.87977314
0.4080918
0.99997973
0.9999865
0.99032366
1.0
1.0
1.0
0.99711144
0.947966
0.9994661
0.944939
1.0
0.9997905
1.0
0.9999999
1.0
0.99967206
0.99929094
0.90787345
0.90157014
1.0
1.0
1.0
0.9999106
0.99904186
0.9998714
0.45600373
1.0
0.9968953
1.0
1.0
0.22767997
0.9999424
0.869225
0.26078779
1.0
0.9999995
0.8827403
1.0
0.99999833
1.0
0.992562
0.999985
0.58493435
1.0
1.0
0.90881
0.99984336
0.8609782
1.0
0.99999917
0.9999969
1.0
1.0
0.8832357
0.99999976
0.9999927
0.99998844
0.17054838
0.9987502
1.0
1.0
1.0
0.99796677
0.9949674
0.9999776
0.9999999
0.51143867
0.9998976
0.9999927
0.9999999
0.9976527
0.99990475
0.9999459
1.0
1.0
1.0
1.0
1.0
0.9996935
0.9970511
0.95594233
0.98777825
0.17417437
0.99999464
0.9999987
0.9999907
1.0
0.98611534
1.0
1.0
0.9717153
0.8107803
0.947386
0.9347385
1.0
1.0
0.9999434
0.65230805
1.0
1.0
0.93218285
0.99999976
0.9999995
0.9893889
0.32620153
0.9992453
0.9995977
0.99994934
0.9999083
0.9999994
1.0
0.99999905
1.0
0.9999999
0.9998198
1.0
0.99919564
0.99999964
1.0
0.7218246
0.9999999
1.0
0.99999917
0.9999232
0.99818426
1.0
1.0
0.9999958
0.9992537
0.78138167
0.9998411
0.9999962
0.58607733
0.9995695
0.25693133
0.92890584
0.9999906
0.9999789
1.0
0.6195177
0.71901745
1.0
0.9998516
0.99999547
0.99999976
0.5596079
0.9992238
1.0
0.9953061
0.9999206
0.9974106
1.0
0.31813228
0.9276386
0.9985297
1.0
1.0
1.0
1.0
0.99998534
0.9965836
0.9999802
1.0
0.9999999
0.63388455
0.9999999
0.91404
0.9998927
0.99986565
1.0
0.9915638
0.99916935
0.9998603
1.0
0.9945785
0.99999833
0.99984825
1.0
0.99768996
1.0
0.99997056
0.9925748
1.0
0.99999523
0.9999809
0.999954
1.0
1.0
0.99028045
0.48076725
1.0
0.2733443
0.99998915
0.9384552
1.0
1.0
0.17803042
0.99992204
0.9927464
1.0
0.9294601
0.99999416
1.0
0.9999999
0.9999951
0.7374828
0.99834526
0.9999852
0.9996915
1.0
0.9537847
0.99995434
0.99851626
0.99963844
0.9932874
1.0
0.999992
0.99348325
0.9964965
0.9999796
1.0
0.99990654
0.9995664
0.99999845
0.9943355
0.99875116
1.0
0.6831866
0.35749972
0.29056177
0.9996388
0.9042405
0.97907937
0.9950063
1.0
1.0
0.99999774
1.0
0.9998344
0.99863774
1.0
0.99654144
0.9999963
1.0
0.9959721
1.0
0.99789894
1.0
1.0
1.0
1.0
0.99986017
0.9999473
0.99964917
0.64755994
0.6618403
0.6833299
0.99999833
1.0
1.0
0.45326364
0.99806064
0.99855846
0.9998983
0.9988042
1.0
1.0
1.0
1.0
1.0
0.7820855
0.9999999
0.99999416
0.97618324
1.0
0.99996305
0.6508271
0.99998856
0.35168824
1.0
0.7285863
0.99947363
0.9999999
0.9999697
0.9998418
0.99786
0.35492697
1.0
0.99984443
0.99998903
0.99955076
0.45208484
1.0
0.9955825
1.0
0.9998103
0.9971644
0.99993193
0.49193215
1.0
1.0
1.0
0.9999902
0.99595755
0.9999682
1.0
0.3737027
0.9988918
1.0
0.99926084
1.0
0.99999964
0.99989057
1.0
0.99969554
0.9994412
0.9999907
1.0
0.9999757
1.0
0.9968395
0.9999963
0.82702565
0.98503494
0.25230846
0.9986951
0.99444515
0.9999255
0.9997249
1.0
1.0
0.14785257
1.0
1.0
0.9999577
1.0
0.9997218
0.98479676
1.0
1.0
0.99979764
1.0
0.9999418
0.99999976
0.99999666
1.0
0.9998865
1.0
1.0
0.5738862
0.9997956
1.0
0.9999856
0.99999976
0.9964994
0.9999877
0.98207134
0.9999776
0.99999
1.0
0.19143823
0.9717111
0.99966407
0.99999845
1.0
1.0
0.99735045
0.9592384
0.99999166
0.87311727
0.33429188
0.356817
0.9999912
0.99916387
1.0
0.78021735
0.9866071
0.999984
0.99999976
1.0
0.9999999
0.37087235
0.5801647
1.0
0.9999982
0.9999349
0.9995363
0.9999995
1.0
1.0
0.99964106
1.0
1.0
0.9997595
0.7257891
0.9957443
0.9999993
1.0
1.0
0.999998
0.8713219
0.9999486
0.9590948
1.0
1.0
0.9996977
0.9999838
0.99667215
0.62545305
0.97600716
0.99998057
0.8748366
1.0
1.0
0.99907124
1.0
0.9999945
0.9999999
1.0
0.99998724
0.9999784
0.9994124
1.0
1.0
0.9999578
0.99999976
0.9982658
0.87824297
0.99743783
0.9999981
1.0
0.997635
0.9999069
1.0
0.99999917
0.8213559
0.99999785
0.70055133
0.99780124
0.99999976
1.0
0.94524425
1.0
0.48559338
1.0
0.99995184
0.9952218
1.0
0.6792327
1.0
0.99531174
1.0
0.99999976
1.0
0.9999999
0.9995691
1.0
0.2897282
1.0
0.99989927
1.0
0.999998
0.9989215
1.0
1.0
0.71048117
0.9587427
1.0
0.99735427
1.0
1.0
0.99998975
0.9999882
1.0
0.9999999
0.99995804
1.0
0.99999297
0.73848
1.0
0.9115259
0.99591476
0.9985886
0.9998683
1.0
1.0
1.0
0.7556498
0.9975508
0.9947101
1.0
1.0
1.0
0.99974805
0.9999889
0.4856173
0.20239782
1.0
0.9999999
1.0
0.9978257
0.9998734
1.0
1.0
0.6651697
0.2708205
0.99999714
0.9976057
0.9999614
0.7864301
0.99999905
0.99110085
0.99999726
1.0
1.0
0.9223219
0.9946338
0.3494978
0.9999776
0.9999312
0.50561124
1.0
0.99157023
0.9998803
0.99992514
1.0
0.99844366
1.0
0.9999646
0.99998796
0.9972711
0.9855698
0.9999181
0.9999604
0.9998759
1.0
1.0
0.99999976
0.9995441
1.0
0.9999987
0.99999666
0.9999994
0.9999999
0.9996803
0.9435063
0.9996025
0.8667018
0.99999976
1.0
0.81167424
1.0
0.9999975
0.9920133
0.9989826
1.0
0.37852502
0.99997187
0.99562436
1.0
1.0
0.99999917
0.9999397
0.9999995
1.0
1.0
0.9999999
0.23004925
1.0
1.0
0.99999833
0.9999603
0.9717022
1.0
0.7892109
1.0
0.95486844
1.0
0.8590071
0.9993036
0.35720664
0.9386532
0.99992836
0.99999964
1.0
0.999977
1.0
0.99774617
0.99964356
0.9989446
0.9999043
0.99974734
0.8882497
1.0
1.0
0.9999981
0.9998938
1.0
0.8924978
0.99856937
1.0
0.9999989
0.9999975
0.9985802
0.17216991
1.0
1.0
1.0
0.19416548
1.0
0.99996686
0.99983907
0.99999976
0.9998559
0.9997633
0.9993649
0.3382139
0.27892873
0.9996768
0.99997425
0.99966466
0.99462944
0.9664343
0.99998856
0.99999976
1.0
1.0
1.0
0.9999999
0.99716884
0.92917585
0.99999964
1.0
0.9999945
0.9999856
0.9997471
0.9910965
0.5162934
0.965785
0.9995529
1.0
0.9967186
0.19991837
0.9999963
0.96217054
1.0
1.0
0.999358
0.8252828
0.99281067
0.87419
0.9999999
1.0
0.99913687
0.99885476
0.9999844
0.9759948
1.0
0.99989045
0.99775153
0.9999974
0.74916655
1.0
0.9987031
1.0
1.0
0.9999957
0.7657626
0.8617229
1.0
0.9999844
1.0
0.99993813
1.0
0.99816304
1.0
0.2971962
0.99541545
0.9999944
1.0
1.0
0.5874929
0.999198
1.0
0.4504489
0.9996953
0.9970919
1.0
0.9999291
0.70431805
0.9990723
0.40660974
0.99928766
1.0
0.99647826
0.937484
0.9999311
0.9999844
1.0
0.99702746
0.99988675
0.9947732
0.8092522
1.0
0.6559286
0.99942195
0.31090233
0.9999918
1.0
0.9990036
0.997233
0.9997658
0.9999999
0.9999889
0.9986953
0.68775195
0.5678662
0.9999114
0.99978215
0.9454549
0.56769735
0.99681634
1.0
1.0
0.99989796
0.3046337
0.9999993
0.9993573
0.7156744
1.0
0.27884588
0.9974832
1.0
0.9995447
0.9999987
0.98592836
1.0
0.9982937
1.0
1.0
1.0
1.0
0.99998367
0.9996253
0.997968
0.99643975
0.25560516
0.99999726
1.0
0.9754338
0.8562075
0.99519557
1.0
1.0
1.0
0.99999666
1.0
0.9541342
0.99999976
1.0
0.9940561
1.0
0.90143704
0.98928577
1.0
0.9991611
0.99999917
0.9999958
0.9858795
1.0
0.9998061
1.0
1.0
1.0
0.9991756
0.70151377
0.24565698
1.0
1.0
1.0
0.9483351
0.13630031
1.0
0.9973507
0.99975306
0.95753425
0.9999999
0.9986664
1.0
0.99806875
1.0
0.17565733
0.9949916
0.996617
0.21171841
1.0
1.0
1.0
0.96725637
1.0
0.99904317
0.99914026
1.0
0.9998833
0.9984798
0.99994516
0.97750765
0.9679464
0.99997497
0.9998386
1.0
0.9999995
0.9995034
1.0
0.99999833
1.0
1.0
0.95258206
0.99636626
1.0
0.99999857
1.0
0.99997854
0.9999957
0.9997391
0.99981433
0.99999964
0.41593468
0.9976301
0.99533504
0.3180041
1.0
0.9999895
0.9999181
0.9999628
0.9999995
0.99993956
0.99871135
0.17874765
0.99998903
0.9999999
0.9950824
1.0
0.99996185
1.0
0.49155137
0.98588866
1.0
1.0
1.0
0.9999999
1.0
0.99999547
1.0
0.99378633
0.98395675
0.99998367
0.9998971
0.9999968
0.9995152
1.0
0.99994195
1.0
0.9999895
0.99997973
0.9951721
0.99999905
0.99996185
0.99976784
0.9839304
0.99154186
0.13935745
0.9999205
1.0
0.99999475
0.9999999
1.0
0.9999528
1.0
1.0
0.99984777
0.99999213
1.0
0.91962475
0.99999833
0.9729427
1.0
0.99813074
1.0
0.9999999
0.57202244
0.99964535
0.99988127
0.9999987
0.99969995
0.9999995
0.99876165
0.99843794
0.95776165
0.99987924
0.3568309
1.0
1.0
0.9994623
1.0
1.0
0.9999769
0.9998486
1.0
0.99974054
0.99999976
0.98534167
0.9997422
0.99942434
0.8806526
0.9999999
0.9998449
0.8860753
0.9827703
1.0
0.99994445
0.99934584
0.9999989
1.0
0.66971123
1.0
0.9999994
0.9999927
1.0
0.9999945
0.9999995
1.0
0.99982446
0.9993098
1.0
0.99999714
1.0
1.0
0.9999999
1.0
1.0
0.9984635
0.42435813
1.0
0.99998355
0.99999976
1.0
0.9995123
0.99998784
0.9909375
0.67361164
0.99937856
1.0
0.99999595
1.0
0.9994758
0.9999676
0.99967694
0.9999603
1.0
1.0
0.9958668
0.99870884
0.9999995
0.9999378
0.45009708
0.9999174
1.0
0.9999759
0.9987305
0.9985897
1.0
0.9743336
0.99975735
0.4996312
0.99998033
0.99984014
0.7038336
0.94925797
0.99976844
0.24935004
0.9999199
0.99934477
0.9992611
1.0
1.0
1.0
0.9999851
0.99976176
0.99995875
0.99022526
1.0
0.9992403
0.6838689
1.0
1.0
0.9999958
1.0
1.0
0.9791901
1.0
0.9999968
0.99861467
0.99665004
0.9990614
0.42463842
0.9998673
0.8829809
0.9999945
0.9473041
0.9997588
0.999603
1.0
0.95004195
1.0
1.0
0.99765885
0.9803217
0.5681162
0.99994123
0.9978002
0.9999927
0.9977958
0.9999999
0.9963084
1.0
0.5843369
0.9991499
1.0
0.99995613
0.3247775
0.99792707
1.0
1.0
1.0
0.29142958
0.9999795
1.0
0.8782059
0.13130572
0.99643373
0.99997866
0.99434054
0.9999907
0.9788108
1.0
1.0
0.9995179
0.9999999
0.16736919
0.12623349
0.9999999
1.0
0.9991565
0.9237858
0.99994516
0.9999994
0.99999964
1.0
0.999485
1.0
1.0
0.99994934
0.9964484
0.99999976
1.0
0.9965821
0.99989295
1.0
0.14826505
0.9999962
0.9963897
1.0
0.9999974
1.0
1.0
0.9999995
1.0
1.0
0.17104225
0.99999774
0.99996126
1.0
0.9413992
0.9999714
0.9410582
1.0
0.99997103
1.0
1.0
0.28297526
0.9999982
0.9991732
0.9988914
0.9999949
0.41427335
1.0
0.99993277
0.99712425
1.0
0.8616652
0.9883388
0.9999894
1.0
0.9957118
0.9997801
1.0
0.3797838
0.9999566
0.9996233
0.9991449
1.0
1.0
0.99998176
1.0
0.9999825
1.0
1.0
0.90175796
1.0
0.99999976
1.0
1.0
0.99998057
1.0
0.9998554
0.9999956
1.0
0.9999864
0.9999989
0.99989986
1.0
0.9954211
0.99988174
0.9981041
0.999897
0.9999424
0.99258035
0.99999785
1.0
0.9999995
1.0
1.0
0.8050384
0.96301556
0.9997271
0.9998417
0.9364124
1.0
0.99999654
0.49161375
0.9999088
0.9940936
0.78167665
0.25473028
0.9946845
0.9998894
0.9972318
0.9971704
1.0
0.99996626
0.99712914
1.0
0.99998176
0.999238
0.94081175
1.0
1.0
1.0
0.9992501
0.777326
0.99999726
0.9998035
0.9805593
1.0
1.0
0.9996711
0.99998224
1.0
0.9999701
0.99058366
0.2536338
0.13929887
0.89264536
0.99034554
0.99969745
1.0
1.0
0.99996173
0.9999974
0.99981016
1.0
0.99319506
0.9999989
0.99992454
0.99999976
1.0
0.99902236
1.0
1.0
0.99974805
0.999534
1.0
0.9999918
1.0
1.0
0.3863126
0.9997521
0.7479388
0.9315374
1.0
0.9988286
0.99999654
1.0
0.804344
0.99999094
1.0
0.9999616
0.99887806
1.0
0.23412126
0.5544249
1.0
0.9999914
0.9999021
0.99999034
0.999899
0.18638553
0.9999678
0.9894769
0.9997944
0.99986506
1.0
0.99999917
0.9999974
1.0
0.9993069
0.9998276
1.0
0.99944323
1.0
0.9999057
0.99962795
0.9998062
0.2954293
1.0
0.9590436
0.96832037
0.9847953
0.99865204
0.9999894
0.97255075
1.0
1.0
0.57605094
0.99994767
0.999997
1.0
0.9999993
1.0
0.9869081
1.0
0.9993389
0.9661356
0.99912983
0.99961805
0.99999416
0.99837214
0.7218788
1.0
0.37688303
0.99999416
1.0
1.0
0.9999788
0.9961314
1.0
0.9999796
0.9868233
0.727415
0.99928516
1.0
1.0
1.0
1.0
1.0
0.9962967
0.9995708
0.99997115
0.99402064
0.99899274
1.0
0.503917
0.99999666
1.0
0.99994063
1.0
1.0
0.9994204
1.0
0.9990785
0.99996364
0.62908334
0.9999764
0.99999845
0.17468672
0.9990796
0.9992963
0.42450038
0.9960633
0.9323378
0.9999821
1.0
1.0
0.9996716
0.9996674
0.9999083
1.0
1.0
0.99996924
1.0
1.0
1.0
0.9999969
0.99980193
0.61144793
0.65651125
0.9939851
0.9999989
1.0
0.9882726
0.99996114
0.99956685
0.9999902
0.9997044
0.9999993
1.0
0.9999995
1.0
1.0
1.0
0.31010216
0.99999356
1.0
1.0
0.5717692
0.9999912
1.0
1.0
0.8446586
1.0
1.0
1.0
0.9996916
1.0
0.958945
1.0
0.99998915
0.999995
0.44888633
0.9999379
0.96130204
0.999969
0.8441171
0.999977
0.99999976
0.5416405
0.9995309
0.99999833
0.99993074
1.0
1.0
0.9998654
0.9999565
1.0
0.47490275
0.4237484
1.0
0.56997824
1.0
0.9999392
0.40017265
1.0
0.999918
0.99996066
0.9994209
0.99890995
0.99361753
0.99773103
0.99847776
0.9999802
1.0
1.0
0.99999535
1.0
0.9981996
0.99999344
0.9822565
1.0
0.8244454
1.0
0.9954673
1.0
0.99947757
0.987519
0.99998474
0.28353158
0.9999937
0.99999964
0.9846674
1.0
0.9963516
0.9999999
0.9024977
0.9999738
0.99515116
1.0
0.99997044
0.99999976
1.0
1.0
0.41264114
0.99999344
0.99712604
0.99996066
0.9999989
0.20491436
0.7567773
1.0
1.0
0.7323859
0.6322087
0.99591523
1.0
1.0
0.9984982
1.0
0.9781397
1.0
1.0
1.0
0.41662455
0.9997327
0.99996984
0.9999999
0.9999994
0.9996855
0.9291071
0.40393296
0.999997
1.0
1.0
0.99724233
1.0
0.99837023
0.9999505
0.9999027
0.99786997
0.99993885
0.99643046
1.0
0.9999908
0.99983966
0.99998987
1.0
0.99998856
1.0
1.0
1.0
0.9999999
0.5694792
1.0
1.0
0.9517999
0.99999416
0.9552957
1.0
0.9953466
0.99999297
0.9999918
0.9999999
1.0
0.9957208
1.0
1.0
0.9944705
1.0
1.0
1.0
1.0
1.0
1.0
0.72078586
0.92399013
0.73223865
0.9997329
0.64225334
0.99922204
0.998502
0.99999774
1.0
0.891154
0.99999857
0.99999905
0.5917031
0.99997354
0.1378936
0.9712515
1.0
0.99857044
0.99972016
1.0
1.0
0.99976057
0.99989307
0.9482936
1.0
1.0
0.9999405
0.9989698
0.98462576
1.0
0.9999871
0.9996513
0.998816
0.9999199
1.0
0.29836848
0.9999857
0.9999944
0.99910235
0.68020356
1.0
0.99953127
0.998816
1.0
0.99999046
0.275095
0.4781369
0.9894623
1.0
0.99936324
1.0
1.0
0.4298712
0.9998616
1.0
0.9990429
0.99999976
0.21337393
0.9985996
0.9877467
0.25820836
0.95293254
0.16155905
0.99999785
0.9997818
0.99963796
0.99197394
0.99973184
1.0
0.6474663
0.99996614
1.0
0.94052035
1.0
0.99999297
1.0
0.7552376
1.0
0.99106735
0.99939275
1.0
0.9992229
0.90321624
0.99999917
0.8744555
0.3237268
1.0
0.99999344
0.9999987
0.9999851
0.9999782
0.9997694
1.0
0.99551827
0.99947244
0.9999734
0.98396605
1.0
1.0
1.0
0.99999964
0.9597469
0.99998796
0.4267231
0.9989342
0.9999145
1.0
0.99999976
0.99999666
0.99996185
1.0
0.99999404
1.0
1.0
0.9543937
0.97169334
0.41287607
0.99965477
0.9999999
0.9922801
0.99919397
0.9990433
1.0
0.31163797
0.9961778
0.9625563
1.0
1.0
0.93285936
0.9228751
1.0
0.9999975
0.99970007
0.99992204
1.0
1.0
0.99904543
0.98779
1.0
0.9985728
1.0
1.0
0.56874335
0.29285112
0.99996686
0.2594474
0.69200116
0.6632882
1.0
0.99134994
0.99992347
0.9997061
1.0
0.9997904
0.9989919
0.96198285
1.0
1.0
0.99998105
1.0
0.9990447
0.99866915
0.9758538
1.0
0.21889134
0.9973955
0.16807717
0.9999651
1.0
1.0
1.0
1.0
0.999858
0.99998796
1.0
0.99971145
1.0
0.56522644
0.9998271
0.99995804
1.0
1.0
0.99991703
0.99968684
0.99400723
1.0
0.99851817
1.0
0.97496694
1.0
1.0
0.9999318
0.8972551
0.9950606
0.9977428
1.0
0.99999905
0.6902955
0.99889946
0.20037787
0.9379422
0.63367456
1.0
0.9854116
0.3989448
0.99995255
0.8938764
1.0
0.9999999
0.9986098
0.9999994
0.99999976
0.59811115
0.99998343
0.9999422
0.9999659
0.999582
0.46008024
1.0
1.0
0.7042357
0.9997003
0.99999976
1.0
1.0
0.99987876
0.9999652
0.9993311
0.9999995
0.99999976
1.0
0.9999981
0.9999472
0.9999999
0.99999964
1.0
0.9998336
0.9990681
1.0
0.9998598
0.9968652
0.9994061
0.99893993
0.9994054
1.0
1.0
0.9999788
0.99950194
1.0
0.9989022
1.0
1.0
0.9997998
0.33401886
0.9996543
1.0
0.99999964
0.95276034
0.99996674
1.0
0.11083689
0.9999914
0.9988856
0.99999595
0.8781974
0.9999999
1.0
1.0
1.0
1.0
1.0
1.0
0.99999046
0.9504177
0.9944121
0.99973243
1.0
0.9998122
0.99999964
1.0
0.9856182
0.9997894
1.0
0.9998927
0.9433078
1.0
1.0
0.99684614
1.0
1.0
0.8440429
1.0
1.0
1.0
0.99952185
1.0
0.9999999
0.32552946
0.9994742
0.99911195
1.0
1.0
1.0
0.99634844
0.99972695
0.9999999
0.9983997
1.0
0.99999964
0.99986947
0.998248
0.9994168
0.99999976
0.9999913
0.87614673
0.99911445
1.0
0.98689085
0.93895227
0.99962986
0.9991351
0.6977201
0.9530169
1.0
0.999982
0.9428127
0.99999845
0.92570895
0.99861443
0.9999999
0.14944649
0.9999746
0.9922403
1.0
0.99340135
0.99992156
0.99999964
0.99891245
0.62232316
0.9992636
0.36791334
0.9999094
1.0
1.0
1.0
1.0
1.0
1.0
0.9999908
0.99635965
0.99991786
1.0
1.0
0.99999976
0.9999994
0.9999999
0.9895405
0.99903405
0.99955636
1.0
0.99999917
0.61030614
1.0
0.9999908
1.0
0.9906068
1.0
1.0
0.99999416
1.0
0.99996793
0.9998801
0.9061351
1.0
0.99991405
1.0
0.99983597
0.9979651
1.0
0.9931137
0.9997253
1.0
0.9999995
0.9989039
0.99999964
0.99454004
0.98816
0.9999975
0.9999999
1.0
1.0
0.9999999
0.99860686
0.999951
0.99938583
1.0
1.0
0.9999685
1.0
0.9513857
0.9895929
1.0
1.0
1.0
1.0
0.9990244
1.0
0.3348903
0.9999974
0.9997981
0.99996185
0.98539746
0.99880886
1.0
0.5239215
0.9997739
0.9997403
1.0
0.99972767
0.98220074
1.0
0.99911827
1.0
0.99991417
0.9992449
1.0
1.0
0.2646272
0.9999999
0.43192068
1.0
0.9716281
1.0
1.0
0.9999578
1.0
0.9999931
1.0
0.5022474
1.0
1.0
1.0
1.0
1.0
0.9401437
0.9999993
0.54907566
0.2589108
1.0
0.99999857
0.9997825
1.0
1.0
1.0
1.0
0.15563121
0.50974596
0.99997044
0.59216654
1.0
0.99988115
0.99861217
0.9999999
1.0
0.97990257
0.9877632
1.0
1.0
0.99708456
0.9999665
1.0
0.99997187
1.0
0.9999999
0.9991854
0.9999982
0.99999976
0.99704033
0.9998747
0.94871294
1.0
0.9975084
0.15535392
0.99999833
1.0
0.99996054
0.9985904
1.0
0.88974357
1.0
0.40926874
1.0
0.84309465
0.9999335
1.0
0.7666586
0.99997365
1.0
1.0
0.9999919
0.99991596
0.9997316
0.87312204
1.0
0.99938285
0.99999905
1.0
0.9987589
0.99999964
0.8996689
0.9999995
0.3136708
0.9995425
1.0
0.99999285
0.9999999
0.9999968
1.0
1.0
0.9999999
1.0
1.0
0.8630906
0.4285962
0.2733348
0.9999596
0.9998534
0.99983966
0.9999981
1.0
0.99832565
0.99968874
0.99119097
0.99504256
0.9918218
1.0
1.0
0.8742818
0.78359365
1.0
1.0
1.0
0.9999981
0.9980155
1.0
0.9999999
0.99933654
0.999012
0.9978041
0.9999993
1.0
0.78709084
0.9991685
0.99978465
0.9947726
0.99999464
0.6092027
0.9998549
1.0
1.0
1.0
0.99999905
0.99999595
1.0
1.0
0.99982613
0.94517154
0.9967456
1.0
1.0
0.98009115
0.9978746
1.0
0.99939525
1.0
0.99999046
0.99999356
1.0
0.9998841
1.0
0.99998665
0.8539165
0.9998921
1.0
1.0
0.99904114
0.99900275
1.0
0.9999894
1.0
0.9587958
1.0
1.0
0.99943906
0.99860054
0.9858094
0.9999995
1.0
0.9999889
0.9998103
0.9947017
0.999915
0.99669075
0.9869552
0.6765116
0.99982375
0.99848336
1.0
0.9999937
0.94557583
0.9996693
1.0
0.6148183
0.99952626
1.0
0.99995935
0.9992518
0.99703383
0.9998036
1.0
0.95623237
1.0
1.0
0.99468887
0.99961156
0.99149513
0.36329985
0.99051136
0.9999714
1.0
0.9986922
0.9995523
0.99978477
0.9851783
1.0
1.0
0.99997437
1.0
0.9998604
1.0
1.0
1.0
0.9999844
0.9841577
0.99999344
0.9999932
0.9988452
0.99997294
0.9999976
1.0
0.9999106
0.99967015
0.9988256
1.0
1.0
0.9999862
0.51962423
0.9999932
1.0
0.9460601
0.99713933
1.0
0.98928356
0.9999999
1.0
0.6801985
0.9997744
0.9999962
0.9999999
0.9998067
0.9993073
0.99997497
0.99999917
0.9999937
0.9999938
1.0
1.0
1.0
1.0
1.0
0.99968183
0.13158204
0.9999864
0.14314054
0.99975234
1.0
0.999985
1.0
0.9999976
0.9999498
0.9999999
0.9994438
0.9996414
0.99994266
1.0
0.99995196
1.0
1.0
0.9750807
0.9977343
0.9996126
0.99916434
0.9999107
0.42902863
0.97347337
0.5217439
0.39418173
0.99987817
0.9999682
1.0
1.0
1.0
1.0
1.0
0.9999937
0.6705534
0.9502923
1.0
0.9999999
0.91416025
0.999992
1.0
0.9997904
0.9707624
1.0
0.9999423
0.71807826
1.0
0.98681706
0.9999999
1.0
0.9999975
0.9998981
0.9999999
0.9998764
0.9997569
1.0
1.0
1.0
0.75462234
1.0
0.31000847
0.99999964
0.9999995
0.9999994
0.9998877
1.0
0.17259619
1.0
1.0
0.99881077
0.99940944
1.0
0.99999964
0.9377347
0.9999931
0.9998511
0.62979347
0.99988866
0.99999726
1.0
0.9931225
1.0
0.99928916
0.99999726
0.99993765
1.0
1.0
0.9975649
0.99976736
1.0
1.0
1.0
1.0
0.48646194
1.0
1.0
0.999984
0.99994266
0.9999989
0.9844714
0.9982894
0.9999999
1.0
1.0
0.99963176
0.9999987
1.0
1.0
1.0
0.9999622
1.0
0.99046713
0.9998933
1.0
0.9999337
0.9977416
0.8361843
1.0
0.9999403
0.8619971
0.9999999
0.999356
1.0
0.99900097
0.99991095
0.999933
1.0
1.0
0.5708372
0.9999665
0.99999654
0.9881463
1.0
0.8960462
0.5760876
1.0
0.5302894
1.0
0.99786985
1.0
1.0
0.99988604
1.0
0.89704394
1.0
0.99963295
0.999894
0.3303636
0.99999714
0.9999876
1.0
0.9999999
1.0
1.0
1.0
0.99942577
0.9999999
0.7286026
0.9997521
0.89580095
0.9989466
0.8576605
0.75646216
1.0
0.99999976
0.99971694
0.99999976
1.0
0.99976605
0.8794436
0.99999714
1.0
0.99999917
0.99999964
0.56468946
1.0
1.0
0.99999344
0.99998987
0.9998186
0.9999902
1.0
0.9999994
1.0
0.99313027
0.9999758
0.9998354
0.99999
0.99879587
1.0
1.0
0.87484854
1.0
0.99988353
1.0
0.99948347
0.9999919
0.99661463
0.9999924
1.0
1.0
1.0
1.0
0.99999785
0.9999995
1.0
0.9996092
0.999985
1.0
0.9999629
1.0
1.0
0.77069163
1.0
0.9848549
0.9847478
0.99962735
0.99995923
1.0
0.99991095
0.9870018
1.0
1.0
1.0
0.99993694
1.0
0.9958501
0.999752
0.99999905
0.9999956
0.99759054
0.9999492
0.19734675
0.9999962
0.99984133
1.0
0.9999982
0.46340248
0.90098006
0.6178961
1.0
0.99694014
0.9993259
0.99966574
0.99999785
0.99999726
0.999948
1.0
0.99999654
0.9999858
0.9996654
1.0
0.99944454
1.0
1.0
1.0
1.0
1.0
1.0
1.0
0.28538683
1.0
1.0
0.99987626
1.0
1.0
0.21949631
0.99999964
1.0
0.7773175
0.94473904
0.99992764
0.99999976
0.9996153
1.0
1.0
1.0
0.97838724
1.0
1.0
1.0
1.0
1.0
0.9999988
0.9998889
1.0
0.99985003
0.9998666
0.7784464
0.99990964
0.99984896
0.99993575
0.99999976
1.0
1.0
1.0
1.0
0.97021645
0.99597734
0.9995541
1.0
1.0
0.9995733
0.99994564
0.9951337
1.0
1.0
0.9903645
0.968477
0.9998167
1.0
0.9974406
0.99657816
0.9999603
0.99995804
0.9998286
0.9995171
0.9998343
0.9999875
1.0
0.99999964
0.9999927
0.999106
0.99889404
0.99818206
0.98091733
0.99967957
0.99999976
0.5447606
0.9999161
0.9995365
0.85433114
0.99959713
1.0
0.9996674
0.99858665
1.0
0.38209262
1.0
1.0
1.0
0.99999774
0.9993948
1.0
0.9999635
1.0
1.0
1.0
1.0
1.0
1.0
1.0
1.0
0.49130154
0.9996475
0.999979
0.9926927
0.97401166
1.0
0.99990404
1.0
1.0
0.9997483
1.0
1.0
0.9809116
0.99984944
0.99805534
1.0
1.0
0.9996953
1.0
1.0
0.9999912
0.8821181
0.9999826
0.99996376
0.99750227
1.0
0.99644333
0.9975625
1.0
0.9999993
1.0
1.0
1.0
0.9999995
1.0
0.5280054
0.99968565
0.99099976
0.9989017
1.0
1.0
1.0
0.6989284
0.99974483
0.9995024
0.9999467
0.9999995
0.9999995
1.0
0.9992799
0.99120414
1.0
0.99977964
0.9999552
1.0
1.0
0.9991142
0.9689071
0.99964106
0.9999654
0.8940268
0.65028435
1.0
1.0
1.0
1.0
0.9999994
0.9990897
0.9999995
0.9999999
0.99999833
0.99989533
0.99936754
0.86564684
1.0
1.0
1.0
0.9123281
0.9996642
0.99991465
0.902404
1.0
1.0
0.9962534
1.0
0.9997967
1.0
0.99999905
0.999997
1.0
0.8538953
0.9996985
0.80036163
1.0
0.99995184
1.0
1.0
0.999998
0.9999988
1.0
0.99940777
0.99997723
1.0
1.0
0.99948657
0.9993338
1.0
0.9997695
0.99828315
0.9999999
0.99974185
0.13800737
0.99994755
1.0
0.9999864
0.97710437
0.9985442
0.9998741
0.9451721
1.0
0.99663097
0.999995
0.94000494
1.0
1.0
1.0
0.8887129
0.9860264
1.0
1.0
0.9999944
1.0
0.85572606
0.99999976
0.999972
0.9999982
1.0
0.7941247
0.9999323
0.99822205
0.9986737
0.99991894
0.9999999
1.0
0.99998796
0.83580345
0.96564895
1.0
0.99963224
0.99999225
0.9538351
0.99937207
1.0
1.0
0.9995328
0.21659784
0.749021
1.0
1.0
0.9998381
0.3169485
1.0
0.9991184
0.99998903
0.9583563
1.0
1.0
1.0
0.9999999
0.995717
0.98325205
1.0
0.47082627
0.53210425
0.99999917
1.0
0.9999999
0.99993813
0.9997317
1.0
1.0
1.0
0.99914575
1.0
0.99989355
0.99993074
1.0
1.0
0.9988887
0.9998672
0.9988336
1.0
0.9999968
0.9998379
0.9995289
0.41343942
0.999757
0.989258
0.9913748
0.9581142
0.99999976
0.99993956
0.99992585
1.0
1.0
0.9507005
0.99999964
1.0
0.9999999
0.99993753
0.99964094
0.9997471
1.0
1.0
0.998094
0.5882994
0.43159917
0.9793102
0.999997
0.21444868
0.99669814
0.9983266
0.9999263
0.9999943
0.380837
0.36631322
1.0
1.0
0.78120893
1.0
0.9971493
0.87331045
0.99998057
1.0
0.79755205
0.99567336
0.9998066
0.99995744
0.9999995
0.9999987
0.9995486
0.9997485
0.99975556
0.9990075
1.0
0.999969
0.99996257
1.0
0.99988127
1.0
0.16587642
0.9997955
0.9999976
1.0
0.9999454
0.99646735
0.99868065
0.99994826
0.99999464
0.9612354
1.0
1.0
0.99748933
1.0
0.9965062
0.4543099
0.9999999
0.9999478
0.9999999
0.99999404
1.0
1.0
0.9999938
0.9989507
0.9326004
0.828819
1.0
0.9993759
1.0
0.99999976
1.0
0.9996941
0.99855584
0.6401502
0.99899834
0.99889475
0.9906489
0.13320264
0.9999999
0.99954563
1.0
1.0
0.9999968
0.6961398
0.9999064
0.99940586
0.9997476
0.7627497
0.9991196
0.9967775
1.0
0.35487717
1.0
0.22374657
1.0
1.0
0.9987902
0.9999999
0.99982893
1.0
0.9999968
0.9999093
0.52412766
1.0
0.9997348
0.4985642
0.99999774
1.0
1.0
0.9998801
1.0
0.51488775
0.999962
0.99616975
0.99370354
1.0
1.0
1.0
0.9999019
0.9998586
0.28017253
0.99999976
1.0
1.0
0.9999963
0.9999999
0.999985
0.9902474
0.99951816
0.99999475
1.0
1.0
0.73175156
1.0
1.0
1.0
1.0
0.9690057
0.99956995
1.0
0.99997985
0.76116294
0.9999958
1.0
1.0
0.9459293
0.99992454
0.999985
1.0
1.0
1.0
0.99999654
0.9999989
0.9999919
0.99931824
0.33672515
0.99612135
1.0
0.99989176
0.99996734
1.0
1.0
0.99921453
1.0
0.7554518
0.99998367
0.9369814
0.9999999
0.96613586
0.4672645
1.0
0.99989176
1.0
1.0
0.99770844
1.0
0.9695109
0.6498673
1.0
0.99899584
0.9991605
1.0
1.0
0.9999999
0.99999607
0.9999999
1.0
1.0
0.4345658
0.9997682
0.99944156
0.99985266
1.0
1.0
0.99811953
1.0
1.0
0.97247463
0.9999076
0.42941996
0.9999298
0.9999436
0.9999535
0.9911334
1.0
1.0
0.99928254
0.9683889
0.18583226
0.26293924
1.0
1.0
0.99225146
0.99713135
1.0
0.99977237
0.99992085
0.9999831
1.0
0.9915479
1.0
1.0
1.0
0.9999988
0.99844474
1.0
1.0
1.0
0.9999999
0.99997306
0.99995923
1.0
1.0
0.99999976
0.8881252
0.89268553
1.0
1.0
0.9993629
0.9999565
1.0
1.0
0.9996909
0.9839585
1.0
0.2852377
1.0
0.9999963
0.9999993
0.99919826
0.99987614
1.0
0.99947876
0.99906677
0.9209682
1.0
0.9999975
0.9992716
0.9986688
1.0
1.0
1.0
1.0
0.99999416
0.99928844
0.999238
1.0
0.99775165
1.0
0.9948527
1.0
0.99999416
0.99999857
0.99932396
0.9998785
1.0
1.0
0.9992804
0.99996877
0.9291777
0.99992585
0.99999905
0.86325693
1.0
0.99978596
0.96002024
1.0
0.99717486
0.99999595
0.29043114
1.0
0.13977166
0.9991572
0.9999324
1.0
0.998319
0.9999554
1.0
0.9999827
1.0
1.0
0.9998646
0.99817944
0.9997434
1.0
0.9999993
0.9999261
1.0
0.7429744
0.99953735
1.0
0.5326457
1.0
0.99954766
0.99959356
1.0
1.0
0.7934554
0.9999763
0.99999785
0.9928812
0.5876847
0.9999999
0.22382586
0.99691975
0.9999509
0.9924194
0.9997532
1.0
0.9999938
0.66997564
1.0
0.9998808
0.99999857
0.9999982
1.0
1.0
0.9999603
1.0
0.99942964
1.0
1.0
0.9999999
0.9391154
0.98353475
1.0
0.777034
0.9999999
0.99978167
1.0
1.0
0.93102586
0.9998752
0.99999976
0.9999993
1.0
0.9354073
1.0
1.0
1.0
0.9994742
0.9998703
0.12370325
0.99994564
1.0
0.35737872
0.9796866
0.99982554
0.9982374
0.9785179
0.9999856
1.0
0.99999666
0.9999969
0.9999999
0.9998838
0.98264956
0.99929464
0.9999728
0.9999912
0.9768102
0.9999821
1.0
0.9941241
1.0
0.4172113
0.99999845
0.9999988
0.9999976
0.9071928
0.9891683
0.9999784
0.998511
0.99033815
0.9932991
0.98124516
0.9997422
0.98080206
0.99978024
1.0
0.9999503
0.9752364
0.83083713
0.99999595
0.99999976
0.9997881
0.94312197
1.0
1.0
1.0
0.9980404
0.99980956
1.0
0.9715668
0.36352372
0.9802153
0.5028179
0.9932302
0.9999851
0.999998
1.0
0.8425094
0.9965432
0.3987545
0.99958414
0.89937747
0.9978948
1.0
1.0
0.4835848
1.0
0.9998078
1.0
0.99993503
0.9998851
0.9995524
0.9999999
1.0
0.99834406
0.99997604
0.8970194
0.96491563
0.9999194
0.9074567
0.97290015
0.7468545
0.99447083
0.25346273
1.0
0.9998851
0.9987356
1.0
0.17953795
1.0
0.7632728
0.9993273
0.99598205
0.97399443
0.34856305
1.0
1.0
0.99999523
0.9997421
0.9987692
0.9999932
0.30324286
0.9993149
0.9993349
0.9943124
0.9999963
0.16365059
0.9999974
0.9970304
0.9997497
0.99936825
0.99986494
0.99937063
0.99984396
1.0
1.0
0.9991246
1.0
0.99992466
1.0
0.9988411
1.0
0.9999999
0.99999714
0.86691064
0.98093283
0.9960258
1.0
0.9988808
0.9943262
1.0
1.0
1.0
0.9999136
1.0
0.9991186
0.99999356
0.9998073
1.0
1.0
1.0
0.37614694
0.9999993
0.9999336
1.0
0.9999999
1.0
0.99985886
0.9923373
1.0
0.99999964
0.17093919
1.0
1.0
1.0
0.999699
0.9995136
1.0
0.9999999
0.99999964
1.0
0.99991167
0.9999267
0.99951243
1.0
0.9748625
0.99928814
0.9965848
1.0
0.8459784
0.96846706
0.99999964
0.8893732
1.0
1.0
0.9999982
0.9999207
1.0
1.0
0.99953806
0.99926037
0.5437631
1.0
0.90900314
0.9999982
0.99998605
1.0
0.997813
0.9985991
1.0
1.0
0.9994394
1.0
0.36960083
0.9998616
0.9999999
0.9999528
0.93620884
0.99999905
0.9999604
0.99999833
0.9936528
0.9999994
0.99860257
1.0
1.0
0.99999964
0.95628035
0.9998264
0.99998784
0.5527228
0.9999833
0.99997234
0.41680065
0.998582
1.0
1.0
0.99999976
0.99990475
1.0
1.0
1.0
1.0
0.99750876
0.9860801
0.99524575
1.0
0.99985445
1.0
0.9768167
1.0
1.0
1.0
1.0
1.0
1.0
0.9741958
1.0
1.0
1.0
0.99995065
0.99989295
0.9997627
0.99966896
1.0
0.99999917
0.99603087
0.77589417
0.9999223
0.99792105
0.9484161
0.9851639
1.0
0.9986274
0.9999981
1.0
0.99980587
0.99850875
0.9174227
0.99999905
0.99921227
0.7027527
1.0
0.9999988
1.0
1.0
1.0
0.9639071
0.9999994
1.0
0.9998865
0.7984616
0.9991522
0.9945656
0.9997664
0.9999914
1.0
0.9997664
0.9979851
0.99968326
0.99544144
0.9999975
0.999335
0.99999976
0.99136424
1.0
0.32893705
0.8960981
0.43068334
0.99688417
0.99932337
0.99999905
0.9544634
0.8247156
1.0
0.19368523
1.0
0.9999658
0.29107264
1.0
0.75763685
0.9999008
0.50781566
1.0
1.0
0.98563683
0.24245897
0.99959224
0.9871667
1.0
0.9999999
1.0
0.9998011
0.49597028
0.9997943
0.99999964
0.99712
0.9999993
1.0
0.9993316
1.0
1.0
0.9985551
0.99999905
0.9998311
1.0
0.9999391
0.9982305
0.9891978
0.9958026
0.9990107
1.0
0.9999249
0.42600957
0.6078238
0.9999989
0.9979417
0.999721
1.0
0.99999595
1.0
1.0
0.9999658
1.0
1.0
1.0
0.999974
0.9862324
1.0
0.99999547
1.0
0.999969
1.0
0.9991696
0.99889463
0.9999999
0.99964774
0.9996182
1.0
1.0
0.99951506
0.99903226
1.0
0.99988174
0.99892944
0.99979883
0.9241068
0.9628307
0.9997336
0.9996151
0.99998534
0.82088584
0.99995136
1.0
0.99304706
0.66385776
0.99833363
1.0
0.9957568
1.0
1.0
1.0
0.99873525
0.9999995
0.9999025
0.93368036
0.9999951
0.7194798
0.9975381
0.999938
0.99999976
1.0
0.99892765
0.61760867
0.9999951
1.0
0.9999614
1.0
1.0
0.99999976
1.0
0.99998224
0.99999356
1.0
0.98776346
0.9927878
0.71036464
1.0
1.0
0.999877
1.0
0.9998117
0.99985886
0.9998754
1.0
0.9948592
0.99999785
0.9998363
1.0
0.9992729
1.0
1.0
0.94453245
0.9999918
0.9999989
0.9999957
0.9994062
1.0
1.0
0.9999393
0.85548687
1.0
0.99960583
0.40757114
0.99999964
0.9613767
1.0
0.9967386
0.9999933
0.9980692
0.99986804
0.9999887
1.0
1.0
0.9999989
1.0
0.99999845
0.19291714
1.0
0.99949586
0.9997582
1.0
0.9997322
1.0
1.0
0.9999933
0.12440536
1.0
0.9999974
0.99999785
0.9999901
0.6471499
0.9996846
1.0
0.52663255
0.99999046
1.0
0.9950004
1.0
0.9999931
1.0
0.9991295
0.998869
1.0
1.0
0.9997948
1.0
1.0
0.99999905
1.0
0.9987023
1.0
0.92030966
0.7252076
0.99905986
1.0
1.0
0.9921697
0.9994222
1.0
0.9999982
0.9998888
0.9999995
0.99976903
0.9995783
1.0
0.87146205
0.9999988
1.0
0.42802343
0.99903935
1.0
0.27132094
0.99999976
0.99995995
0.3548509
0.38389522
1.0
0.9665081
0.99984205
0.9999943
0.99894303
0.9536533
0.99992096
0.9999999
1.0
1.0
1.0
1.0
0.54573613
1.0
0.999178
1.0
0.99999845
1.0
0.99978274
1.0
1.0
0.49263138
1.0
0.9798892
0.99995744
0.99243355
0.9999956
0.999943
1.0
0.90691054
0.9999999
0.9992824
0.99987245
1.0
0.9993352
0.9999995
0.99999976
0.99999964
0.9981534
1.0
0.9997067
0.999998
0.66584677
0.6522634
0.98693603
1.0
0.9472455
0.9999993
0.9995695
1.0
0.998346
0.9998005
0.9999771
1.0
0.7845027
0.98014724
0.47009578
0.9790411
1.0
0.9999901
0.9999969
0.9999888
1.0
1.0
1.0
0.99965274
1.0
0.99987006
0.9999956
0.9999013
0.99606884
0.9984622
1.0
1.0
0.99998355
0.99888796
0.9712198
0.9999505
0.9998048
0.99999785
1.0
0.8386843
1.0
0.9999999
0.9997327
0.91270363
0.9996675
1.0
0.9996605
1.0
1.0
1.0
0.9930482
0.99999976
0.544647
0.9999995
0.999009
0.99998057
0.9999758
0.9916899
1.0
1.0
1.0
1.0
0.99993277
0.9990551
0.3100808
0.9999825
0.9999517
0.9996811
0.9997733
1.0
0.9998055
0.9878455
1.0
1.0
0.99999905
0.15923496
0.85252106
0.999863
0.99701
0.97233146
0.957934
1.0
1.0
0.46457177
0.99943215
0.9998965
0.9989201
1.0
1.0
0.999977
1.0
1.0
1.0
0.9999981
0.999881
0.95197266
0.99990654
0.9999993
0.98281384
1.0
0.99998844
0.9999995
0.9997551
0.9999435
0.9982917
0.9969176
0.99990416
1.0
0.26158938
0.9994343
0.99999
0.97680515
1.0
0.9999999
1.0
1.0
0.9986089
1.0
1.0
0.99825174
1.0
0.9999982
1.0
0.99999964
0.9998122
0.9991442
0.9701853
0.33374164
0.9874943
1.0
1.0
1.0
0.99963427
1.0
0.99992025
1.0
0.99969685
0.9031575
0.9984952
0.9996025
1.0
0.9999957
1.0
0.9983078
0.99999917
0.99983275
0.97738725
1.0
0.9999436
0.8315087
1.0
0.99753785
1.0
0.99620193
1.0
0.9602173
0.9977254
0.488443
1.0
0.9999919
1.0
0.9994097
1.0
0.99493295
0.9999995
1.0
0.92865
0.9443517
1.0
1.0
0.9999995
0.9940513
0.99999976
0.99997795
0.48795262
0.9999907
0.99999976
0.9998568
0.21553612
0.9999999
0.27802896
0.9999825
0.99988115
0.9999989
0.9952608
0.9977748
0.98697996
1.0
0.9996927
0.99854255
0.99999857
0.7892089
0.997698
0.9936307
0.99999595
0.9697581
0.9982324
1.0
0.9999883
0.992904
0.99999416
0.9981704
0.23648225
1.0
0.72081417
0.10982334
0.99962175
1.0
0.99998474
1.0
1.0
0.6533017
1.0
0.99901795
1.0
0.9094594
0.9996872
0.99925464
1.0
0.99999964
0.6227656
0.9999999
0.9999151
0.26010454
0.9935888
0.99775296
0.96385366
0.9997032
0.79797345
1.0
0.99988365
1.0
1.0
1.0
1.0
0.99971443
0.7985006
1.0
0.9999988
0.9999968
0.97711164
0.9999715
0.999997
1.0
0.99995434
1.0
0.2654939
0.99993885
0.99992657
0.99997056
0.9997423
0.9999999
1.0
0.99979824
0.5836763
0.9895225
0.9999944
1.0
0.9999999
0.9999976
0.96649575
0.99984205
0.92281884
0.9898385
0.99681
0.44913945
1.0
0.99553406
0.99986887
1.0
0.6941705
0.9989668
0.99999785
0.99999
1.0
0.9999875
0.3727674
0.9999999
0.9991726
0.9793361
0.99980325
0.97998524
0.99227625
1.0
0.9999968
1.0
0.9999865
1.0
0.99997973
1.0
1.0
0.9989002
1.0
0.9988218
1.0
0.92109686
1.0
0.6020195
0.9873362
1.0
0.99994063
0.8402809
1.0
1.0
1.0
0.99926704
0.99978846
1.0
0.9999126
0.9999939
1.0
1.0
0.999972
1.0
1.0
0.99999917
1.0
0.98729604
1.0
0.9990062
0.27577403
0.9999503
0.99999833
1.0
1.0
0.9999937
1.0
0.9982066
0.99957436
0.9626343
1.0
1.0
0.9999695
0.999747
1.0
1.0
1.0
0.9999858
0.99338585
0.9999999
0.99580634
0.98905003
0.9872471
0.7987641
1.0
0.94493985
1.0
1.0
0.9999938
0.99821717
1.0
0.9999747
0.70717037
1.0
0.49424997
0.75692314
0.9999969
1.0
0.99951124
1.0
0.9892414
0.94733286
0.9965389
0.99966204
1.0
0.9308278
0.9992861
0.9975873
1.0
1.0
0.9999995
0.6781638
0.99982566
1.0
0.9999993
1.0
0.48158988
0.9996308
0.99924636
0.5933014
0.98472136
0.8689075
1.0
0.99790037
0.9867569
0.99999857
0.98478705
0.9999964
0.99974114
0.99977094
0.99954057
1.0
0.9999989
0.9999993
0.8521246
0.77050585
0.9987451
0.99998724
0.9995689
0.9999386
0.9986665
0.99991333
0.9966574
0.99997306
1.0
0.99975306
0.65151215
1.0
0.9999951
1.0
0.9289614
0.9999995
0.9998976
1.0
0.99990284
0.9998385
0.99087346
0.6143913
0.99656373
0.9999999
0.9999987
1.0
0.9964078
1.0
0.356337
1.0
1.0
0.9155492
0.9942334
0.84252876
1.0
1.0
0.33825552
1.0
0.99918383
0.9961701
0.9974382
0.9998828
0.9996451
0.57256204
0.99983096
1.0
0.9835007
0.9981762
1.0
1.0
0.99960154
0.9992405
1.0
0.9995167
1.0
0.99995327
1.0
0.99286807
0.9954957
0.99997246
0.3275672
1.0
0.9994325
1.0
0.9996762
0.92118174
0.9999325
0.93765056
1.0
0.9999342
1.0
0.9999994
1.0
0.95193
0.26000154
0.9979305
0.99998796
1.0
0.99999523
0.99996305
0.99859446
0.9993055
0.99901474
0.9957313
1.0
1.0
1.0
0.9997416
0.9997627
1.0
0.99917716
1.0
1.0
0.9983565
0.9965911
1.0
0.99945575
0.9996525
0.99998426
0.9999418
0.99947053
1.0
0.9999995
1.0
1.0
0.9992575
0.99958926
0.999897
1.0
0.9991123
0.6018103
0.9978104
1.0
0.9998512
1.0
1.0
0.9999683
1.0
0.9994367
0.9939978
1.0
1.0
0.41495925
0.99996185
0.99999976
1.0
0.9999895
0.9999261
0.9942385
0.99793845
1.0
0.999985
0.9999875
0.9999999
0.99980634
0.99970055
0.99662304
0.99222034
1.0
1.0
0.9995677
0.76858026
0.99192786
1.0
0.99838066
0.99978644
0.999793
1.0
0.99999535
0.83901155
0.95262855
0.19311827
1.0
0.9999871
0.999998
0.999931
0.99990976
1.0
0.15874031
0.9998068
0.99332434
1.0
0.32888442
1.0
0.99732155
0.99979883
0.5830798
0.99989474
1.0
1.0
1.0
0.9352992
0.9999877
0.9950176
0.99938464
0.8991299
0.99999356
1.0
0.9994522
0.9969285
0.99954236
0.8735854
0.9999999
0.9999993
1.0
0.98201114
0.9992718
0.99560463
0.99962544
0.9985826
0.7572544
0.93603396
0.9965791
0.9975448
0.182969
1.0
0.9999999
1.0
1.0
1.0
0.9998379
0.99775
1.0
0.9930496
0.99828905
0.99998367
0.99991155
1.0
1.0
1.0
0.9980768
0.9999908
0.9978085
0.24240749
0.9130089
0.9922374
1.0
1.0
0.9723688
1.0
0.99634415
0.99973017
0.9983784
0.911612
0.999032
0.99975497
0.9926602
0.98713547
1.0
0.9996531
0.99995756
1.0
0.99229574
0.91654426
0.9999814
0.9996699
0.99999785
1.0
1.0
1.0
0.99867755
1.0
1.0
0.9993293
0.9756098
1.0
0.9998348
0.999532
1.0
1.0
0.9999976
0.99413824
0.99872917
1.0
1.0
1.0
1.0
1.0
0.9998914
0.97830224
1.0
0.9936532
0.99721825
1.0
1.0
1.0
0.9841076
1.0
0.9998337
1.0
0.9999757
1.0
0.9999901
1.0
0.99998903
0.43698204
0.9999535
0.95243347
0.9997975
0.9992607
0.99999833
1.0
0.99999917
0.99991715
0.17064478
0.5359473
0.9968405
0.9994174
0.9958197
1.0
1.0
0.9999485
0.9958222
0.982582
0.15646903
0.9999281
0.96377003
0.99999726
0.9999138
1.0
1.0
0.24824484
1.0
0.9973093
0.99941003
0.99987686
0.99999833
0.9998616
1.0
0.99691063
0.9996691
0.99834096
0.66193485
0.3813872
0.9997929
0.99999976
1.0
0.99999976
0.99861443
0.9974201
0.99915266
1.0
1.0
0.99956137
0.99994886
0.9715665
1.0
0.999803
0.86253524
0.99974805
0.99397874
0.9999788
1.0
0.9367984
1.0
0.91062564
1.0
1.0
1.0
0.99945134
0.803616
0.9999765
1.0
1.0
0.9919968
0.99942243
0.9998969
0.65822995
1.0
1.0
0.9998958
0.99970204
0.7594405
1.0
0.9997434
1.0
0.5352928
1.0
1.0
0.99997616
0.9990428
1.0
0.997834
0.9793983
0.9909332
0.9994665
1.0
1.0
0.55241257
0.99997103
1.0
0.9999994
1.0
1.0
0.9999237
1.0
1.0
1.0
0.8945546
0.9996271
1.0
0.99900997
0.9999796
1.0
0.9993544
0.9996332
1.0
0.9994418
0.99925035
0.9853753
1.0
1.0
0.9021261
0.99974126
1.0
0.9999882
1.0
0.999961
0.99999964
0.9993969
1.0
0.9064422
0.99999917
0.99499476
0.9999893
1.0
1.0
0.80947924
0.99997735
1.0
0.99362373
0.9998368
0.9999933
0.9936593
0.9983203
1.0
1.0
0.9999999
0.99999535
1.0
0.9998536
0.44121745
0.9748311
0.9988869
1.0
1.0
0.99996233
0.9999684
0.99996245
1.0
0.9866832
0.9998487
0.9999472
0.5539711
0.8708604
1.0
1.0
0.99999785
0.999532
1.0
1.0
1.0
0.999977
0.99999714
0.999501
1.0
1.0
0.99999166
0.9974948
0.94765866
1.0
0.99996877
1.0
0.9986858
1.0
0.9960188
0.99999523
0.99956685
0.9973579
1.0
1.0
0.9565744
1.0
1.0
1.0
0.9997433
1.0
0.9999968
0.99999404
1.0
0.9996934
1.0
0.93788874
1.0
1.0
1.0
0.97511613
1.0
0.9999994
0.71283245
0.99998844
1.0
0.99999595
1.0
0.9999993
0.99999905
1.0
1.0
0.9391664
0.99929535
0.99999356
0.99998415
0.9999902
0.9999962
0.9759218
0.30208057
1.0
1.0
1.0
0.92329174
1.0
0.99977726
1.0
0.99762243
0.9986143
1.0
1.0
0.999959
0.9999907
0.97317356
1.0
0.99970263
1.0
1.0
0.45460102
1.0
0.9784444
0.9992015
1.0
0.48379916
1.0
0.9864703
0.9999988
0.99993944
0.99999905
0.9976949
1.0
1.0
0.99999666
0.99999964
0.99921954
0.44463912
0.1956511
0.54039234
0.99998975
0.70253307
0.9581823
0.99986124
0.9998915
0.9965802
1.0
0.9999962
1.0
0.999933
0.9998202
0.9998336
0.9883161
0.99808145
0.9999006
1.0
0.41089672
0.5425111
0.9999875
1.0
1.0
0.99999714
0.9996525
1.0
0.99916387
0.9999969
1.0
1.0
0.9028906
1.0
0.9999999
0.98341596
1.0
0.9969903
1.0
0.9810089
1.0
1.0
0.9996946
0.65418535
0.9981863
0.9928954
1.0
1.0
0.99856925
0.99443287
0.99999905
1.0
0.9999628
0.9998048
0.37428564
1.0
0.95044804
0.9998311
0.96468693
0.9991436
0.9993463
0.9981976
0.9999751
0.9938192
0.98264635
1.0
0.96421736
0.99937004
0.9999335
1.0
0.99999094
1.0
0.4866727
0.99630463
0.9999999
0.9997601
0.99955314
0.9999999
1.0
1.0
0.99995697
1.0
1.0
0.9998473
0.99998057
0.9998388
0.99994457
0.99995875
1.0
0.99702877
0.99991333
0.9999771
1.0
0.99996376
0.9999453
1.0
0.9999639
0.9660373
0.9998628
0.9994616
0.5796418
0.4504437
0.99943715
1.0
1.0
1.0
0.98226064
1.0
0.9994148
1.0
0.8662914
0.67021465
0.9999188
0.99977356
1.0
1.0
0.999879
0.9089174
0.96882117
0.9988702
0.95420814
0.99947256
0.99964726
0.99998784
1.0
0.9996953
0.9666372
0.29268503
1.0
1.0
0.9999527
1.0
1.0
0.9997017
0.86845136
1.0
0.9952331
0.9995999
1.0
0.9999864
0.9999962
1.0
0.98485154
0.9999808
0.99941874
0.99988556
0.9999838
0.99965143
0.9999974
0.9998412
0.9983063
0.9996171
0.99213
0.9978935
1.0
0.4114206
0.999949
0.9999937
0.9935268
0.99999475
0.99997795
1.0
0.9999989
0.1856484
0.49205652
0.9906855
1.0
0.9999994
0.9996207
0.99539447
1.0
0.99854267
0.9998764
0.9999634
0.99999964
1.0
0.9999753
1.0
0.9999994
0.42168227
0.9998871
0.99999976
0.39395428
1.0
0.9975485
0.9999846
0.9998629
0.99993813
0.9999951
0.99920136
0.9999875
1.0
0.9999428
0.9999987
0.36844254
0.9999994
0.9998965
0.99999845
0.99999845
1.0
0.90652364
0.67076194
1.0
1.0
0.9915394
1.0
1.0
0.9999999
0.9327488
1.0
0.32946494
0.8211167
1.0
0.78226244
0.996905
0.9999733
0.99423087
1.0
0.99933004
1.0
0.9999999
0.99952793
1.0
1.0
1.0
0.999666
0.9999988
0.9968376
0.9999782
0.9999982
1.0
1.0
0.9991339
0.9976974
0.97170955
0.99999976
0.9999976
1.0
1.0
0.9995285
0.99997663
1.0
0.99984944
0.9998129
1.0
0.9997571
0.9999963
0.99315345
0.99988544
1.0
0.9999255
0.8492318
0.99999714
0.999798
1.0
0.99960643
0.9999902
0.26685792
1.0
0.9999677
0.58541334
0.99978477
0.9999975
0.9969607
0.9996401
1.0
0.9784757
0.39397416
1.0
1.0
1.0
1.0
0.9995877
0.934489
0.9999999
0.9983701
0.45744598
1.0
1.0
0.9999999
0.9999999
0.9984458
0.9502859
0.9999976
0.99996614
0.999858
0.99967134
0.99986136
0.99998593
0.20422478
0.9972851
0.73008233
1.0
0.9995497
1.0
0.9879023
1.0
0.9992099
0.9947404
1.0
0.9980915
0.9999999
0.9998252
1.0
0.63575506
0.99704057
0.9984876
0.9999974
0.9980463
0.9999503
0.9999714
1.0
1.0
1.0
1.0
1.0
0.99994695
0.9117763
0.9957973
0.9999807
0.9999999
0.9999999
1.0
0.9988257
0.95715564
0.99244046
0.9994549
0.99901235
1.0
0.99988794
0.99999917
0.99999726
1.0
0.9999982
1.0
0.9999182
1.0
1.0
1.0
0.9999784
0.834931
0.92646194
0.6377278
0.999328
1.0
1.0
0.99982125
0.9999949
0.9876517
0.9996394
0.99998164
1.0
0.5652475
1.0
1.0
1.0
0.99988806
0.9998708
0.9992094
0.9999796
0.99999976
0.39757997
1.0
1.0
0.9999993
0.99933535
0.9723538
1.0
0.9988857
0.99999964
0.74147123
1.0
0.9998697
0.17429376
1.0
0.9999162
0.9390427
0.9999994
0.9999893
0.8627246
0.99276346
0.9999479
0.9999995
0.9996037
0.9837198
0.99192965
1.0
1.0
0.99981946
0.999925
0.9999989
0.98428243
0.69450814
1.0
0.5475747
0.99999976
0.9998977
1.0
0.9987205
0.99980754
1.0
0.23008746
0.76137245
0.9940387
1.0
0.9999852
0.6250551
1.0
1.0
1.0
0.99990964
0.9997563
0.9732035
0.79626423
1.0
0.9026875
0.31826985
0.99999976
1.0
0.9997003
0.99948776
1.0
0.99994254
0.99962914
1.0
1.0
1.0
1.0
0.9999994
0.9991992
1.0
0.9999999
0.9957391
1.0
0.999418
0.9998585
0.9998173
1.0
1.0
0.9999999
1.0
0.9999447
0.7863088
0.99999976
0.9996158
0.89380175
0.9999987
0.87932956
0.99785477
0.99989974
1.0
1.0
0.9999988
0.99404895
1.0
0.9910745
0.99965394
0.99996245
0.9999988
0.57157856
1.0
0.5074808
0.11155942
0.9999318
0.9999838
0.98495656
0.99999523
1.0
0.9999505
0.99830294
0.9999846
0.66517305
0.98723805
0.22522031
0.4541078
0.9995036
0.8565675
0.9784052
1.0
0.14953274
0.99984515
0.9973182
0.9999939
0.99411494
1.0
0.9907556
0.587541
0.9999988
0.9999988
0.45527706
0.99999845
0.99564075
0.9999546
0.9998435
0.99965954
0.9975362
0.9954685
0.8836231
0.999964
0.5662163
1.0
0.20304756
1.0
0.6776695
0.99919814
0.9994504
1.0
0.98385924
0.99948967
0.9813664
0.99999976
1.0
1.0
1.0
1.0
0.9998721
0.9999715
0.9921595
0.9948447
0.9867301
0.99955124
0.14517789
0.99872595
0.9997421
0.99762386
0.99935395
0.9999981
1.0
1.0
1.0
0.9999999
0.99999905
0.6415352
0.9298535
0.99993205
0.9999995
0.9928271
0.999645
0.99893934
1.0
0.9966455
1.0
0.99597365
1.0
0.9956227
0.99998224
0.8542894
0.9999974
0.99999774
0.9999732
0.9998242
0.99999964
0.9999999
0.9780027
0.9999213
0.99994564
0.999997
1.0
1.0
1.0
1.0
0.9659846
0.991213
1.0
0.9995585
0.9999982
1.0
1.0
0.9998889
0.9953577
0.99988735
0.96820223
0.90430945
0.9999151
0.9999927
1.0
1.0
0.99713635
0.32044664
0.9830935
0.99999917
0.9991541
0.9825885
0.9984665
0.9991289
0.9602083
0.9395582
0.99999976
0.99954695
0.18393274
0.9565434
1.0
0.99999905
0.9996246
0.99999
0.99991786
0.29091045
0.99859685
0.99999976
0.98882395
0.7787386
1.0
0.9979494
0.41229093
1.0
0.67879117
0.98132265
0.9999999
0.99988234
0.9999291
0.99989796
1.0
0.9999517
0.78345287
0.96235865
0.99989843
0.9999938
0.2671667
0.99999964
0.9996669
0.9998902
1.0
0.21321224
0.99999976
0.99999917
0.81583065
0.9999951
1.0
1.0
0.99991024
0.99912447
0.89656305
1.0
0.9999957
0.99790585
1.0
0.7917897
1.0
1.0
0.99991405
1.0
0.5876768
0.99980766
0.99999976
0.978925
1.0
0.9987081
0.9883343
0.9999999
0.9999999
1.0
0.99998736
0.9986212
0.9997999
0.99977237
0.45693737
0.99007773
0.7092121
1.0
0.99999964
0.9997569
0.994177
0.99999285
1.0
0.99982697
0.9999994
0.99999905
1.0
0.9999876
1.0
0.99999917
0.999984
1.0
1.0
0.9953318
0.9989812
0.99930835
0.99999905
1.0
0.9958977
0.9999999
0.18375932
0.86170584
1.0
1.0
0.9999572
1.0
0.99999976
0.9997471
1.0
0.9999876
1.0
1.0
1.0
0.2962739
1.0
0.9999999
0.99990726
0.9995921
1.0
0.5485086
0.6471483
0.9993666
1.0
0.9999033
1.0
1.0
0.9994504
1.0
1.0
0.5608906
0.99929893
0.99838114
0.9994319
0.99999976
0.9997086
1.0
0.9984831
1.0
0.99635243
0.13788679
1.0
0.99945325
1.0
0.83073914
0.30775303
0.9993973
0.8553519
0.99998164
1.0
0.99854267
1.0
0.5765365
0.77688897
1.0
1.0
0.99996805
0.99749845
0.9999962
0.7748013
0.99964654
1.0
1.0
1.0
0.7561652
0.9999999
0.34700823
0.9886241
1.0
0.9999378
0.9998729
1.0
1.0
0.99931073
0.17185798
0.9956008
1.0
0.99915123
0.5470701
0.99996793
0.9997217
0.9304233
0.9994431
0.77040225
0.99999964
0.99840826
0.9987839
0.9959577
1.0
0.9974873
0.44989988
0.9999999
0.9959
0.9999989
0.99993265
1.0
1.0
0.9997192
1.0
0.99790597
0.99998164
0.99999154
0.9896394
1.0
0.99999964
1.0
1.0
1.0
0.99971646
0.99974865
0.99996746
0.9999294
0.998204
0.9992568
0.52017736
1.0
0.20609954
0.20588423
0.9999044
0.9999615
1.0
0.9990822
1.0
0.9621165
0.99996805
1.0
0.99999857
0.9999994
0.9323657
1.0
1.0
0.9999893
0.9987153
0.9999751
0.9998609
1.0
0.6609321
0.9996486
0.99999976
1.0
0.9999943
0.9997563
0.6879695
0.9994814
1.0
0.99999416
0.999818
0.9997888
0.9999827
0.9977543
0.9998872
0.9997912
0.99999833
0.9999292
0.46396536
1.0
1.0
0.95523715
0.638425
0.9999895
0.9999993
0.9985057
1.0
0.9994012
0.9999974
1.0
1.0
0.99999917
0.9491871
0.9998356
0.99999964
0.99968135
0.9999857
0.99999976
1.0
0.99947244
0.99583024
0.9999968
0.99999833
1.0
0.999902
0.9966241
0.99730116
0.9992454
0.9999999
1.0
0.8103258
1.0
0.99725074
0.9999608
0.999622
0.9999945
1.0
0.9997726
1.0
0.99902105
0.9999844
0.9999989
0.99188954
0.9997068
1.0
1.0
0.9998815
0.9999993
0.99993134
0.99807525
0.99999785
0.97869974
0.99999964
1.0
0.9999813
0.99950504
1.0
1.0
0.9999064
0.987721
1.0
0.9999795
0.83324176
1.0
0.40211245
0.99998
1.0
0.9899995
1.0
0.6496172
0.9992187
0.9952799
0.999856
0.9999374
0.99998283
1.0
0.9999994
1.0
0.9997372
1.0
1.0
0.9999999
0.99995935
0.99993074
0.8803879
1.0
1.0
0.9999447
0.9919281
0.99994636
0.9999529
1.0
1.0
1.0
0.9549503
0.847602
0.9999895
0.9999553
0.8789589
0.99999535
0.99862075
0.9998946
0.99995387
1.0
0.98658735
1.0
1.0
0.91248405
0.92189384
0.99999845
1.0
0.9998745
1.0
0.9998709
0.99842036
0.99936706
0.9999858
1.0
0.9999298
1.0
0.9999881
0.9999993
0.9999999
0.9999907
1.0
0.99766505
1.0
0.64572006
0.99672675
1.0
0.99999905
0.98791367
0.99954283
1.0
1.0
0.9978186
0.9999646
0.9999871
0.9999981
1.0
0.99979585
1.0
0.99978167
1.0
0.99930966
1.0
1.0
0.99995744
0.99999464
0.99999976
0.9999999
0.9988514
0.99996376
0.9999466
0.6502628
1.0
0.9999989
1.0
0.99848914
0.9995245
0.9999918
0.9998166
0.9952887
0.99999964
1.0
1.0
0.9999999
0.99935454
0.99224406
1.0
0.99999976
0.9999577
0.9999888
1.0
1.0
0.99938905
0.24894257
0.99031067
0.9937761
0.45089212
1.0
0.6299222
0.9506938
0.99953544
0.9738679
1.0
0.7643451
0.9998419
1.0
1.0
0.9897544
0.9990777
0.16215384
1.0
0.64741325
0.87684786
0.9999976
0.9594689
0.71358776
0.9983829
0.92804533
1.0
1.0
0.9999734
0.85615987
0.9999614
0.9995956
0.99885666
1.0
1.0
1.0
0.9999192
0.99999964
0.997017
0.99975103
0.9881837
1.0
0.9999397
1.0
0.9998148
0.34940943
0.99906045
0.99786973
0.78608555
0.9993443
1.0
1.0
0.9999691
0.48079053
1.0
0.7705951
0.9999999
1.0
0.99878305
1.0
0.86234087
0.99956733
0.98856187
0.99935
0.855399
0.9999763
0.9998944
0.18828371
0.9999404
0.9999856
0.9993988
1.0
0.9999387
1.0
0.9991374
0.9999995
1.0
1.0
1.0
1.0
0.80940616
0.9999558
1.0
0.99999535
0.9999995
1.0
0.99982315
1.0
0.9999999
0.99998903
1.0
0.99766773
1.0
1.0
1.0
0.99999595
1.0
1.0
0.9979825
0.99994886
0.5222783
0.9999685
0.87993133
1.0
0.99999356
0.988325
0.8045246
0.99999607
0.9969086
1.0
1.0
0.9999527
0.9986203
0.9996364
1.0
1.0
0.99133474
0.97193265
0.26813707
1.0
0.9999093
1.0
0.42157003
0.9999994
0.9999621
1.0
0.99978477
0.9999865
1.0
0.9527238
1.0
0.99944574
0.99999905
0.99437535
1.0
0.9999236
0.99820805
1.0
1.0
0.9999937
0.9998068
0.99999976
0.9999144
1.0
0.9999999
0.99805886
0.9999442
0.99619687
0.99863154
0.99771947
1.0
0.9997485
0.99905246
0.99999964
0.799569
1.0
1.0
0.99999154
0.97308064
0.9874778
1.0
1.0
1.0
0.99997306
1.0
0.9772764
0.99372464
0.999519
0.50385964
0.9999999
0.53030884
0.85248476
1.0
0.99995995
1.0
0.9999987
0.99998796
1.0
0.98467386
1.0
0.44222623
0.9999157
0.74457806
1.0
1.0
1.0
1.0
0.9999789
0.99899966
0.99912316
1.0
0.7952477
0.99998856
1.0
1.0
0.9100747
0.9998529
0.9999999
0.995675
0.9963948
0.9999974
0.99999976
1.0
0.99993074
1.0
0.88240707
1.0
0.998591
1.0
0.52963907
0.9997603
0.9999962
0.9999988
0.9993654
0.43974158
0.9998635
0.9994967
0.9999999
0.8153757
0.9999982
0.35960826
0.99974316
0.9999999
1.0
1.0
1.0
0.7502032
0.99670595
1.0
0.9923685
1.0
1.0
0.9951508
0.9999988
0.9982122
0.9999968
0.9999974
0.15991347
0.99994564
0.99941874
1.0
0.95615155
0.9990497
0.9999962
1.0
1.0
0.99666697
0.9707036
1.0
0.9963617
0.9807016
1.0
0.9999591
0.9730266
0.99976856
1.0
1.0
0.3145041
1.0
0.9999976
1.0
1.0
0.9999945
0.99995816
0.9980058
0.9999975
0.92146164
0.9999949
1.0
0.9999974
0.99999666
1.0
0.99999774
0.9998387
0.9999615
0.99849904
0.99800426
0.98028976
0.9885604
0.51464266
0.99976856
1.0
0.8885475
0.99363846
0.8815239
0.99972016
1.0
1.0
1.0
0.7353157
1.0
0.99984705
0.9999995
1.0
0.7889589
0.9978867
0.9951971
0.9999993
0.9995975
1.0
1.0
0.99999714
1.0
1.0
1.0
0.99999154
0.9981415
1.0
1.0
1.0
1.0
0.9999784
0.99997735
1.0
0.9985909
0.99999464
0.9999989
0.9999821
0.9989755
1.0
0.93660396
1.0
0.9829266
0.99999964
1.0
0.992015
0.99863523
0.9998969
0.9999914
0.99999654
1.0
0.9999007
0.9928489
1.0
1.0
0.9999057
1.0
0.9999902
0.99999905
0.90271837
1.0
1.0
1.0
0.99999964
0.99981433
0.4979965
0.99999964
0.9999956
1.0
0.99800164
0.49994832
1.0
1.0
0.6402759
1.0
1.0
1.0
1.0
1.0
0.26939195
0.9997428
0.99999976
1.0
0.9996387
1.0
0.99960107
0.99999666
1.0
1.0
0.9615115
0.23916289
1.0
0.9581612
1.0
0.9999939
0.99984586
1.0
1.0
0.41216934
1.0
0.99972385
0.9999839
0.9973677
1.0
1.0
0.99805236
1.0
0.95298535
0.7759513
0.9937682
0.9999994
1.0
0.99999
0.32222524
0.99959785
0.9999995
0.9977062
1.0
0.99242365
0.9913346
0.99997234
0.37291706
0.99992764
0.9521581
0.9999932
1.0
0.8054743
0.8266738
0.99995816
0.99983346
0.999944
0.9987779
0.9995165
0.9999999
0.99998343
0.58646786
0.9999994
1.0
0.99999976
1.0
0.99999964
0.9999999
0.19361526
1.0
0.53416467
0.9405907
0.99985266
0.99974793
1.0
0.9990238
0.9391619
0.937256
1.0
0.99863154
1.0
0.9999757
0.8541993
0.99999666
0.9998361
1.0
0.9999831
1.0
0.9999976
1.0
0.9999325
1.0
1.0
1.0
0.6675359
1.0
0.9993699
0.5743831
0.96387666
1.0
1.0
0.9941882
1.0
0.9976065
0.9797234
1.0
0.9999403
0.9113065
0.35082456
1.0
0.9985488
1.0
0.9980161
0.99999976
1.0
1.0
0.937425
0.9999989
0.9891945
1.0
0.9973423
1.0
0.9999789
0.99963176
1.0
0.9999999
0.99993205
1.0
1.0
1.0
0.6017253
1.0
0.9920081
1.0
1.0
0.99997497
0.9837769
1.0
1.0
0.99997103
0.9999683
1.0
0.9973029
1.0
1.0
0.9999176
1.0
0.98970383
0.4405874
0.999884
0.99991417
0.30167484
0.9999418
1.0
0.9999645
0.9758267
0.9999976
0.9999999
0.9933182
1.0
0.99998605
0.9945451
1.0
0.99999774
0.6808512
0.873178
1.0
1.0
0.43252894
0.9999976
0.99760085
0.124476574
1.0
0.44804814
0.9999348
1.0
0.86391264
1.0
0.9999999
0.5955237
1.0
0.9999316
1.0
1.0
0.94365025
0.99526876
0.55012614
0.99876034
0.21047455
1.0
0.9967572
1.0
1.0
1.0
0.9999926
0.9973968
0.31893343
0.99988806
0.9996325
1.0
1.0
0.9999844
0.4704479
1.0
1.0
1.0
0.99998355
0.28918222
0.9999958
0.9999007
1.0
0.9689705
0.99999976
0.6989815
0.99619687
0.9993082
0.9999982
0.8819062
1.0
1.0
1.0
1.0
0.9996728
1.0
0.99994004
0.56426907
0.99999976
0.9937849
1.0
0.99982315
1.0
0.9197481
1.0
0.99599814
0.99935967
0.99933666
0.99818784
1.0
0.9999076
1.0
0.9999987
1.0
0.9999225
0.9998247
0.8880325
0.99394107
1.0
1.0
0.99519205
0.99979776
1.0
0.9998679
1.0
1.0
0.97342604
1.0
0.99999964
0.99682045
0.9999409
1.0
0.9999995
0.9956066
0.999974
0.9999119
0.7483773
0.99994385
0.99975294
1.0
1.0
0.98031586
0.9999815
0.9999261
1.0
0.99999034
0.99996376
0.84849685
1.0
0.9997031
0.9996723
0.9999999
0.9999995
0.9999994
0.99444926
1.0
1.0
0.99813485
0.9999999
0.9986461
0.7630338
0.99962175
0.9997714
0.99997497
1.0
1.0
0.99999285
1.0
0.15564498
1.0
0.9989151
0.99955124
1.0
0.34281966
0.8726371
0.955698
0.9999975
0.9999436
0.9999336
0.99977297
1.0
0.99895275
0.9999893
1.0
0.9966889
0.8867766
0.9999529
1.0
0.99997854
1.0
0.9999951
0.9994646
1.0
0.14537232
1.0
0.99999964
0.9962335
1.0
0.6425573
0.9999865
0.99571097
0.99745315
0.9999902
1.0
0.9985526
0.9982723
0.60047716
0.9998215
0.99998677
0.9999918
0.99997437
0.7181935
0.99999464
0.7273387
0.53635585
1.0
1.0
0.9999658
1.0
0.99987245
0.9998665
0.9993692
0.9998553
1.0
0.9998815
0.99971527
0.99998534
0.7352858
1.0
0.17279422
0.99747545
0.9995079
1.0
1.0
1.0
1.0
0.9981421
0.20479102
0.1607468
0.99942243
1.0
0.9999976
0.99123013
1.0
1.0
0.9995579
0.9968008
0.9898483
1.0
0.50707465
0.9978607
1.0
1.0
0.9999547
0.9999964
0.9570421
0.9998784
0.9999999
0.39579788
1.0
0.9999689
1.0
0.99270016
0.9996649
0.99999976
0.6018631
0.9965216
0.9999132
0.99984694
0.99989593
0.9999969
0.99955136
1.0
0.99997175
0.9999962
0.9999871
1.0
1.0
1.0
1.0
0.9758714
0.99993575
1.0
0.99999964
1.0
1.0
1.0
1.0
0.9975159
0.99999976
1.0
1.0
0.9834082
0.6485452
1.0
0.99951136
0.6675752
1.0
0.7715957
0.9956222
0.92069876
0.99725777
1.0
0.99986744
0.99951756
0.9045069
0.9999989
0.998806
1.0
0.99126387
0.99979407
0.9999912
1.0
1.0
0.9980508
1.0
0.9752161
0.99918157
0.99990773
0.9999906
0.99920684
0.9999726
1.0
0.9871116
0.7989342
0.98616934
0.75944996
0.983223
1.0
0.9962096
0.9999993
1.0
0.99997604
1.0
1.0
0.99959475
0.8102417
1.0
0.9998522
0.9893779
0.99997723
1.0
0.9999504
0.9999988
1.0
0.9875882
0.9810011
0.65196496
1.0
0.96544725
0.99997723
0.9996989
0.9999709
0.9991792
0.99999785
0.9999449
0.99999714
0.9998846
0.4043833
0.99999976
0.99938154
0.9153323
1.0
0.9817329
0.99999726
0.99999917
0.99999964
0.9999981
1.0
0.9964768
0.99982053
0.98864067
0.9969357
0.99998295
0.9999999
0.99970704
1.0
1.0
0.99999905
0.9997887
0.99996185
0.99810696
1.0
1.0
0.9999863
0.9979249
1.0
1.0
0.9961171
0.9996069
1.0
1.0
0.9999839
0.9974468
0.96540236
0.8096781
0.6145589
1.0
0.99929976
0.36858666
1.0
0.9999769
0.36772403
0.71621096
0.9998024
1.0
0.99995077
0.9999207
0.28298745
1.0
0.7934484
1.0
1.0
0.99922526
1.0
1.0
0.9879233
0.99795234
0.9999957
0.9979996
1.0
1.0
0.9921611
0.8773459
0.9999684
0.82844436
0.99998367
0.9909923
0.99999785
0.9999999
0.8568646
0.48417774
0.99979275
0.99987626
1.0
0.9996443
0.9999324
0.99808794
0.9999999
0.9993594
0.99999964
0.83043915
1.0
0.992648
0.9967794
0.99992085
0.99997616
1.0
0.9999156
1.0
0.99665844
0.99920136
0.5317124
0.8376938
1.0
1.0
1.0
0.9999994
0.9626974
1.0
0.82965994
1.0
0.12876348
0.99942964
0.99922466
0.9999957
1.0
0.9981192
0.9981437
0.9854614
0.9999987
0.9999895
0.9999932
0.9998709
0.9999982
0.9979467
0.9999069
0.9995359
0.9999845
0.999864
0.9999995
0.99946433
1.0
1.0
0.31881782
0.99998665
0.99980205
1.0
0.7657702
0.99903417
0.9391274
0.5233554
0.9999646
1.0
0.9999989
0.99999416
0.99986684
0.9999994
1.0
0.44098875
1.0
0.99972993
0.99731076
0.9996438
1.0
0.98068064
1.0
0.99911696
0.9996152
1.0
1.0
0.7693325
0.8179647
0.9041486
0.999944
0.9994438
0.99727386
1.0
0.9999987
1.0
1.0
0.9995258
1.0
0.641941
0.9999155
0.9821945
0.94743824
0.99999607
0.35099378
0.9999975
1.0
0.37694737
0.9948538
0.99999833
1.0
0.9958651
0.9996691
0.9752847
1.0
1.0
0.9342393
1.0
0.99999964
0.99998856
0.9973556
1.0
0.9967098
0.3958679
1.0
0.999998
1.0
0.99662244
0.98941654
1.0
0.99999976
0.7180054
1.0
1.0
0.99868184
0.9409187
0.99989486
1.0
0.9978053
0.99991643
0.999974
0.9999753
1.0
0.99582326
1.0
1.0
0.9999782
0.99534094
0.9999989
0.99849355
0.9999795
0.93604416
0.9985134
0.99665254
0.95844316
0.9995111
0.9999956
0.99841
0.9999819
0.99963546
0.99992955
1.0
1.0
1.0
1.0
0.99999964
0.99994445
1.0
0.99982977
0.9999956
0.9999999
0.99999964
0.1926735
0.99948597
0.9175596
1.0
0.99983585
1.0
0.99999523
0.9911305
0.90835613
0.99055755
0.9996525
0.8106571
0.9988986
1.0
0.9998511
0.53202283
0.99999464
0.99999857
0.9999542
0.6983908
0.9999497
0.84503955
0.98156977
0.49738088
0.870255
0.9449702
1.0
1.0
0.99981993
0.9999999
1.0
0.99999905
0.99995244
1.0
1.0
0.99747974
1.0
1.0
0.99449605
0.9999324
1.0
1.0
0.9999486
0.9999306
1.0
0.8812773
1.0
1.0
1.0
0.75612557
1.0
0.9999925
0.9996407
1.0
1.0
1.0
0.9995586
0.9986511
0.99999714
0.9999987
0.9983217
1.0
0.9997242
0.999752
0.9986386
1.0
0.39676645
0.56140035
0.99977034
0.9999777
0.9999982
0.9999676
0.9442244
0.9991399
0.9993839
1.0
0.99999774
0.99199593
0.999995
0.27876028
0.99694365
0.9845221
0.99459237
1.0
0.9931659
1.0
1.0
0.99999976
0.9988821
0.99994004
0.9720652
0.999998
1.0
0.48027083
0.99859697
0.9999999
0.9999999
0.99999714
1.0
0.9999887
0.9923832
1.0
1.0
1.0
0.9636009
0.99845445
1.0
0.9985018
0.60676503
0.9979249
0.99981135
0.9949641
0.9999988
1.0
1.0
1.0
1.0
0.9998779
0.9999765
1.0
0.6676884
0.9998216
0.99999547
0.99994135
0.9999982
1.0
0.99986327
0.9996629
0.9999596
0.22965197
0.999603
0.99942845
0.9999976
1.0
0.9999609
0.99996555
1.0
0.99519867
0.99998665
0.9990338
0.9999932
0.9998047
0.99891806
1.0
0.9991825
0.9999995
1.0
0.74297976
0.57452273
0.9830073
0.9935563
0.35419008
1.0
0.9996742
1.0
0.9993716
0.9965119
0.997558
1.0
0.9999815
0.56460094
0.9997378
0.99996746
0.9998622
0.99484104
0.9999994
1.0
0.99981993
0.9999999
1.0
0.9996025
0.9999751
0.9989723
0.6583374
0.9999957
0.9949345
0.99835914
0.9981343
0.9985214
1.0
0.999158
0.99987185
0.95284724
0.9999974
0.99972993
0.99929416
0.9987949
0.31573635
0.9995414
0.9999677
0.9999608
0.9999999
0.9997049
0.99999845
1.0
0.9359784
1.0
0.3482454
0.98995095
1.0
0.999435
0.8725409
0.9982363
0.99985254
0.9999838
0.99881494
0.99981934
0.99995387
0.99923205
1.0
1.0
1.0
0.9895096
0.99996054
1.0
0.9813301
0.9999982
0.9993013
0.9999875
1.0
0.99987626
0.9999646
0.909345
0.999191
1.0
0.9999348
1.0
1.0
1.0
0.99999964
0.25854307
0.9179816
1.0
0.93811244
0.99948764
0.9997197
0.9999962
1.0
1.0
0.99399143
1.0
0.99997485
0.99997354
1.0
1.0
0.99993384
0.99801147
0.99990857
1.0
1.0
0.98621655
0.51201767
0.34268814
0.79832566
0.9782864
1.0
1.0
1.0
0.9268034
0.99221206
0.9999989
0.9997744
0.99992454
0.9999819
0.999984
0.9997837
0.9799973
0.9999113
0.20731692
0.999782
0.99997795
1.0
0.99905545
0.9999999
0.77473605
0.9996228
0.9999981
0.9999957
1.0
1.0
0.18554693
1.0
0.8155947
0.9637654
0.60791487
1.0
1.0
1.0
0.16214396
0.99993753
0.9984174
1.0
0.9999999
1.0
1.0
1.0
0.99952435
0.9990074
1.0
1.0
1.0
1.0
1.0
1.0
0.9986588
0.17058179
0.86988544
0.9999082
0.9989196
0.9337529
0.1816863
0.99977773
0.99838173
0.99382484
0.9996481
0.999818
0.999985
0.99974436
0.9999827
0.99999857
0.99999833
0.9998357
0.9996245
0.9998568
1.0
0.41117567
0.9995227
0.9999943
1.0
0.99975735
0.9999535
0.9999975
1.0
1.0
0.9855321
0.78947526
1.0
0.44144565
1.0
1.0
0.4547673
0.99968505
0.7547323
0.99998105
0.99983525
1.0
0.9976935
0.99999356
0.8510199
0.99763477
0.9999907
0.99999607
0.9999962
1.0
0.9999763
0.9379127
0.8291605
1.0
0.80128145
0.99897325
0.9999466
1.0
1.0
1.0
0.9999969
1.0
0.99999714
0.9989784
1.0
1.0
1.0
0.99808145
0.9633761
0.9509139
0.9938572
0.9868089
1.0
0.9999999
0.7331842
0.99904233
1.0
0.9725195
0.9999988
1.0
0.99954396
0.99915946
0.99999607
0.99887365
0.9995641
0.14199026
0.99975914
1.0
0.99962974
0.9999684
0.993204
1.0
0.5441488
0.99999976
1.0
0.99680746
0.98133916
0.9905166
1.0
0.99996865
0.9999989
0.9994167
0.9999814
0.772362
0.47156322
0.9998282
1.0
1.0
1.0
0.9698816
0.99998105
0.56636226
0.99999213
0.99807894
0.9991565
1.0
0.9998412
1.0
0.9999813
0.999982
1.0
1.0
0.99996746
0.99977165
0.99999464
0.9998049
1.0
1.0
0.99851054
1.0
0.9999906
0.9999999
1.0
0.9982868
0.9999999
0.99976784
0.99999714
1.0
1.0
0.92519695
1.0
1.0
0.9999927
1.0
0.99997854
0.99965775
0.2758508
1.0
0.99949944
0.99401927
0.65169483
0.99997675
0.99988663
1.0
0.9999999
0.41712326
1.0
0.9928411
1.0
0.2916019
0.9999918
1.0
1.0
0.9976956
0.9999801
0.9629511
0.9997807
0.86795086
0.9459714
1.0
0.9996019
0.89894426
1.0
0.99966455
0.9998111
0.92371136
0.9999496
1.0
1.0
0.8530721
0.99999905
1.0
0.9961773
0.9997372
0.9999995
0.5315894
0.99999547
0.9998258
1.0
0.99783045
1.0
0.9998022
0.9999391
0.9998752
0.99606055
1.0
1.0
1.0
1.0
0.7116106
0.9972709
1.0
1.0
0.6509161
0.46186855
1.0
1.0
1.0
0.62769765
0.9996081
0.58655936
0.99999964
0.300702
1.0
1.0
1.0
1.0
1.0
0.99885154
1.0
0.9808461
1.0
1.0
0.6371759
0.9999976
1.0
0.9999951
1.0
0.9999932
0.5582181
1.0
1.0
0.994822
0.9988096
0.9999999
0.9999925
0.9999993
0.9999461
0.999985
0.99797744
0.9993594
0.99995613
1.0
1.0
0.99999845
0.9999912
0.9999999
1.0
1.0
0.9999999
1.0
0.9967457
0.99997103
1.0
0.999853
0.9997402
0.67904246
0.99988866
0.97341293
1.0
0.9999528
0.99677026
0.7185999
0.99681216
1.0
0.9998946
0.9784742
0.5864488
0.99239504
0.9999615
0.9999641
1.0
1.0
1.0
1.0
1.0
0.9999987
0.9968297
1.0
0.9998647
0.99999285
1.0
1.0
0.99961627
0.9999484
0.9783959
0.9790981
1.0
0.9999914
0.9998609
1.0
1.0
0.999374
0.9999869
0.91066885
0.9999776
1.0
0.99985766
0.9999672
1.0
0.99717796
0.99976796
0.9999808
1.0
1.0
0.9784534
1.0
0.8126466
0.9999896
0.16097862
0.9984484
0.99438393
0.99999976
1.0
1.0
0.69259423
1.0
0.9997445
1.0
0.99999857
0.99728346
0.9999598
0.25601155
1.0
0.99860257
1.0
0.99998903
0.999979
1.0
0.9988752
0.17866547
0.9999771
0.9934457
0.9990846
0.1345803
1.0
0.9999248
0.9998337
1.0
1.0
1.0
0.99890363
1.0
1.0
0.9999999
0.98672247
0.999998
0.99828315
1.0
0.99996173
0.9997203
0.9997981
1.0
0.9998944
0.9994906
0.70879984
0.99971575
1.0
0.9999999
0.9988117
0.99986327
0.9998647
0.99993885
1.0
0.9778241
0.9999999
1.0
0.9999989
0.9997749
1.0
0.74381524
1.0
0.47751927
1.0
0.99980336
0.2477808
0.9999918
1.0
0.99990225
1.0
0.99986327
0.9999627
1.0
1.0
0.99999356
0.9998665
0.9999999
0.6637071
1.0
0.9999666
1.0
0.99998033
1.0
1.0
1.0
0.8992783
0.99999785
0.9980439
1.0
0.9997855
0.9999994
0.99994147
0.9999999
0.9940852
0.99999964
1.0
1.0
0.99999607
1.0
0.99999976
1.0
0.7219549
0.99790406
0.9979493
0.99970454
0.99972683
1.0
0.66367596
0.9999248
0.9999999
0.9893188
1.0
1.0
0.99999976
1.0
0.99999666
0.9999999
0.99999976
0.9999887
1.0
1.0
0.85198796
0.9999857
1.0
1.0
0.999979
0.8507425
1.0
1.0
1.0
0.99998534
0.9999993
0.999796
0.80392855
0.9996636
0.6128022
0.9999627
0.99999976
0.99999475
0.99304116
0.78640234
1.0
0.32477427
0.9994648
1.0
0.99999666
0.99701643
0.4618664
0.4858406
1.0
1.0
1.0
1.0
1.0
0.84018165
0.9999913
1.0
0.99979717
0.99998546
1.0
0.99971277
1.0
1.0
0.17939806
1.0
0.3996419
1.0
0.65429646
1.0
1.0
0.9999157
0.9106807
0.99026966
1.0
0.9999839
0.9999908
0.9999987
0.9848049
0.99999976
0.86356187
0.99999976
0.9792172
1.0
1.0
0.9996897
0.9999994
0.9871154
1.0
1.0
0.9999999
0.9773401
0.8400729
0.9896484
0.99736196
0.99818355
0.9997701
1.0
0.99998784
0.99855775
0.99999046
1.0
1.0
1.0
0.99994326
0.99999905
0.39215374
0.24387962
0.9999484
0.99995005
0.9973532
1.0
0.93928146
0.9998971
1.0
1.0
0.99999213
0.9999974
0.9923848
0.9003819
0.9997702
0.8928702
0.9987872
0.3915755
1.0
1.0
0.999982
0.99521095
1.0
0.98291254
1.0
0.99999535
0.9999896
0.9147711
0.99856216
0.99983954
1.0
0.93893945
1.0
0.9999571
0.9998416
1.0
1.0
1.0
0.99971586
0.9999249
0.99978024
0.9985096
0.9998679
1.0
1.0
0.9965193
0.9999703
1.0
0.5306198
0.99787486
0.99809974
0.9999999
1.0
0.9771426
0.9999901
1.0
0.9999676
0.9999987
0.9988953
1.0
0.9999999
0.51978904
1.0
0.9923637
0.9975598
0.99479806
0.99995136
1.0
0.9991155
1.0
1.0
0.9892147
0.42551306
0.9997899
1.0
0.5430942
0.99996424
0.99986446
0.9997968
1.0
0.9999478
0.3240673
0.5703099
0.9999957
1.0
1.0
1.0
0.6088649
0.31986392
0.9996948
0.9999995
1.0
0.9546622
1.0
1.0
0.99971634
0.99966383
0.13268173
0.55146664
0.999998
0.99999845
1.0
1.0
1.0
0.99997604
0.99708706
0.9959847
0.9999112
1.0
0.9996093
0.9998802
0.9999999
1.0
1.0
0.99996185
0.9973489
0.9983493
1.0
0.99999976
1.0
0.9997471
1.0
1.0
0.9998388
1.0
1.0
0.94265914
0.5402925
1.0
0.9717344
0.99984646
0.9700179
1.0
0.9975979
0.8403657
0.9997943
0.99984396
0.99999964
0.99928313
1.0
0.6055546
0.9912218
0.93606865
0.3903212
1.0
0.9999995
0.9992487
0.9999809
0.7747133
0.99999654
0.99991405
0.99959487
1.0
0.99999785
0.9989814
0.9999006
1.0
0.959065
0.9987978
1.0
0.79486173
0.99975806
0.9933689
1.0
0.3935743
0.9999994
1.0
0.9999999
1.0
0.9999466
1.0
1.0
1.0
0.9993685
0.9621957
0.99999225
0.99977404
0.98201585
0.9999999
0.97757614
0.9998123
1.0
1.0
0.9989635
1.0
0.99999595
0.9999994
1.0
1.0
0.9999993
1.0
1.0
0.99987555
0.99989426
1.0
0.52141535
0.99995196
0.9929523
1.0
1.0
1.0
1.0
0.7906978
1.0
0.99498135
0.99992037
0.99994457
0.7181694
1.0
0.13560233
0.99918157
1.0
1.0
0.14854328
1.0
0.5757438
1.0
0.999997
0.40585056
0.80406135
1.0
0.99998057
0.99971896
0.99901986
0.9999808
0.9968496
0.96850866
1.0
1.0
0.9995509
0.4488799
1.0
0.99999964
0.9997141
0.40185443
0.99998903
1.0
0.99989617
1.0
0.19539994
0.76352674
0.9997348
1.0
1.0
1.0
1.0
0.9999416
0.6749325
0.99838173
0.99999976
0.9983322
0.9998049
0.99985707
0.9985397
0.9975631
0.99927133
1.0
1.0
1.0
1.0
0.9927026
1.0
1.0
0.8690821
0.9999999
0.99995494
1.0
0.9947513
0.9997292
0.8452247
0.99996567
0.98828775
0.8302172
1.0
1.0
0.34537965
1.0
1.0
1.0
0.9986451
1.0
1.0
1.0
1.0
1.0
0.5514587
1.0
1.0
0.26874185
1.0
0.99992514
0.9983828
1.0
1.0
0.99999976
0.99997234
0.99974316
1.0
0.95317316
0.21253914
1.0
0.99999976
0.99931514
1.0
1.0
0.37115806
0.99992716
0.99994993
0.99999833
1.0
0.9999945
0.99996483
1.0
0.21829873
1.0
0.98522854
0.99994206
0.9886285
0.99993026
0.9999392
0.67487633
0.9585033
1.0
1.0
0.99890935
0.9999012
1.0
1.0
0.994449
0.99977976
1.0
0.9999939
0.9997694
1.0
0.9994326
1.0
0.9995172
0.48547804
0.9994087
0.99973005
1.0
0.999995
1.0
0.99998784
1.0
0.9996182
1.0
0.9986712
1.0
0.9982597
1.0
0.9969061
0.99942845
0.9994954
0.9981337
1.0
0.99855584
1.0
0.9850808
1.0
0.9995788
0.99953485
1.0
1.0
0.998164
1.0
0.9991254
1.0
0.9997023
0.99839693
0.9999995
0.9983941
0.9999896
0.99999833
0.9999995
1.0
1.0
0.9869049
0.9962012
1.0
0.9997813
1.0
1.0
1.0
0.9999994
0.9999995
1.0
0.9926882
0.9997187
0.9999999
0.9970879
0.9995629
0.9996643
0.9996648
0.99999154
0.99845684
0.9998785
0.9987847
0.9999989
0.9375581
0.99975735
0.9991109
0.9997539
0.99844766
0.96901536
0.99997354
0.88611484
0.999959
1.0
0.9998379
1.0
0.9999999
1.0
0.99949646
1.0
1.0
0.89360416
0.9983909
0.9999969
0.9983615
0.99958116
0.6716979
0.9999999
1.0
0.9996731
1.0
0.99999964
0.99995387
1.0
1.0
0.99999976
1.0
0.998892
0.99999845
0.9990497
0.9990337
0.999863
0.9999001
0.99987197
0.995672
0.9999994
0.9998311
0.99722904
0.9999827
0.8804949
0.9999603
0.9540296
0.99977607
0.9999374
0.9999807
1.0
0.9978496
0.99988616
0.9991721
0.999995
0.99999607
0.84316975
0.999995
0.15960927
0.99998355
0.9990245
0.999818
0.6366654
0.9996991
0.99997103
0.29407287
1.0
0.9896568
0.9999993
0.99985623
1.0
0.999979
0.22030634
0.99255896
1.0
0.9999937
0.9994947
0.99932003
0.9998216
0.9999999
1.0
1.0
1.0
0.9054027
0.92531055
0.9999596
0.9958324
0.9999995
0.9454097
0.9997285
0.99960285
0.90395516
0.222639
0.9999995
0.9984084
1.0
1.0
0.99995387
0.9999957
0.3776304
1.0
0.984404
1.0
0.9958003
0.9999968
0.7275265
0.50895995
0.9986644
1.0
1.0
1.0
0.9999987
1.0
0.9083159
1.0
1.0
0.9998503
1.0
0.99995553
1.0
0.9932654
0.9477125
1.0
1.0
0.9888186
0.9999999
1.0
0.6423638
0.9999993
0.64234954
0.99995744
0.93576026
0.2575931
1.0
0.99977547
0.84754866
0.9997826
0.9833424
0.9999987
0.99990547
1.0
0.99997306
1.0
1.0
0.15097998
1.0
0.9324277
1.0
0.99999905
0.99965894
0.99999976
0.60290575
0.7911053
0.99988353
0.9947798
1.0
0.9578593
1.0
1.0
0.99998915
1.0
1.0
0.8298068
1.0
0.999959
0.29370028
1.0
0.998976
0.99999964
0.99998915
0.9999504
0.9999018
0.9999261
0.9999993
0.48561192
1.0
0.99999976
1.0
0.7028861
0.9991673
1.0
0.9698318
0.999731
1.0
0.8459345
0.99994195
0.946909
1.0
1.0
0.76625466
0.99856
0.99763024
1.0
0.99992466
1.0
0.74481297
0.9990569
0.99998796
1.0
0.999992
0.9999833
0.9999958
1.0
0.4111591
0.87331444
0.999961
0.73556614
1.0
1.0
1.0
1.0
0.9998535
1.0
0.3261406
0.99992454
1.0
0.99998224
0.99999833
1.0
0.99999726
1.0
0.99993074
0.2923742
0.9998041
1.0
0.99940634
1.0
0.9999938
0.9999999
0.99999964
0.39504197
0.6112635
1.0
0.9999523
0.99999964
0.99908304
0.96746504
0.9999995
0.3964318
1.0
0.91149956
1.0
0.9999937
0.99999976
0.99963784
0.99977833
0.6121954
1.0
0.99971884
0.9999999
0.9999999
0.99999964
0.83014053
1.0
0.9999957
0.99964666
0.99993813
0.99996006
0.9997029
0.9999949
1.0
0.86055475
0.9998888
1.0
1.0
0.29631454
0.9997701
1.0
1.0
0.9961212
1.0
0.5658579
0.9995596
0.88722426
0.9995003
1.0
0.99605787
0.9989341
1.0
0.7639948
0.88063747
0.82201916
0.9999893
1.0
0.99873286
0.9995654
1.0
0.9999676
0.99999976
0.99988747
0.99999726
1.0
1.0
0.99694663
0.9998197
0.99999905
1.0
0.9700962
0.9999989
0.9999827
1.0
0.82752264
0.99975306
0.999967
0.99999976
0.9880419
0.99999046
0.99822146
0.99863595
1.0
0.99999297
1.0
