1.0629182124611227
1.0865517097769295
1.0362070666265106
0.9642176443527087
1.0417854135679292
1.1010881196209883
0.9684991459275711
1.0136304951996324
1.0337801829712645
1.047098256483574
1.0562110240481126
1.0497703226049624
1.1177571459570552
0.9833639882832156
1.074500129259265
1.0848975732797412
1.0923937940109079
1.1043574288358022
1.0280733983139334
0.9670735545111215
1.03505990876453
1.015116070370772
1.1414447034733755
0.9954934623409347
1.0576514997355675
1.1355395319575994
0.9155454601041506
0.9543613047272909
1.0271518058090279
0.9805619809702472
1.0815703169669544
1.0348820586490335
1.051784215822799
1.0239639568641727
1.05170911442888
1.0486112127922895
1.031549738917665
0.9560238993870942
1.014093882651914
1.1753471691483752
0.9801446470916184
1.063057671385124
1.0064624830807172
1.1079902190680468
0.9976977689221608
1.0599293386126516
1.0940847900689044
1.0268639412829834
1.0466682062272008
1.0961253598636096
1.059014455291646
1.1229559822844155
1.0861301138840183
1.082126542945122
1.1053093322952603
1.0961951872244104
0.9640971055155717
1.0055567425337146
1.0750065892617364
1.1813314815666114
1.0527487764948629
1.0175371978523717
1.1082963342597274
1.053618498169536
1.0155189182434707
1.0963576865033309
1.0308556931881119
1.182834634759055
1.0508256446317497
0.9875775132761102
1.0414171558323095
1.0523876147502014
1.0547544647707179
1.1265249254047072
1.0631178247666144
1.0508850194044466
0.9809939790370138
1.0531513789150109
1.0598813996318923
2.0166526835210483
1.09489948551078
1.0506495513157397
1.10197127811327
1.013456681153155
1.0954446315745943
1.057122706341692
1.0469660613271574
1.0235534642067952
1.162628749417028
1.1182677047102354
1.0474562608992999
1.0893550790886088
1.0721175830386553
1.1513239432687101
1.0835933702103693
1.1582576580117476
0.9868583409646936
1.0330785648059753
1.0872151810367547
1.0199403243483864
1.0226565453814576
1.0615578868782416
0.9782596412763356
1.0664324340645206
1.1175279397771984
1.0458255293572072
1.085169837596069
1.03832515558037
1.1740937254127766
1.0516537615888129
1.0439850857447939
0.9974713230264691
1.0749746582532897
1.0661602336476366
1.072633131051594
0.9556424994720695
1.001741458232776
1.0409893697004517
1.0389559904559744
1.0916398651407342
0.9603842158020948
1.191974532736526
1.0388636038078747
1.1228029598380824
1.3303861168349973
1.0195432489642882
1.0598363232761066
1.084486824880018
1.0793099962169193
0.9904130677689642
0.9946579119489365
1.2712321696072768
1.0652594340302604
0.9666069010227885
1.031669762498327
1.0456050923363875
1.11926373559581
1.0635594483024426
1.0294622413126153
1.0407513875763996
1.029029880993263
1.045205061812203
1.054637181109673
1.00702642749746
1.0497602149241378
1.0791161076165292
0.9432576579177667
1.2002944308136523
1.907721430429936
1.006850415446316
1.133141299440487
1.019831660164947
1.0507842564068597
1.0059204439167544
1.0259857882709087
1.0296165670598172
1.1143150418712255
1.0473386132962457
1.73247449793396
1.2566314048455975
1.0797705268344848
1.117826229635343
1.1565471970982526
1.023364538018688
1.1145163946097882
1.1305522019736023
1.3175759099618718
1.1203344840689278
1.1804932038858995
1.0610743612602802
0.9723782448560118
0.998340965477771
1.0552706780099919
1.01501341512096
1.0425283388392563
0.9525597445318968
1.0768575886667395
0.9987961542650038
0.985859394707768
1.0555675521965828
0.9824533063033551
1.0868072480351145
1.0330850765678345
1.1704419259450016
1.0797201373302248
1.0170552556624717
1.05813578648436
1.0998394913179015
1.0635706828877904
1.0057120337055998
1.0221115754418095
0.9894076314573742
1.0578573796102009
1.0729974183123794
0.9933919763785379
1.118839187904866
1.019793045544441
1.0745542302064988
1.0936688914812427
1.0631714097321936
1.0548234349043235
1.0289872455777775
1.0901648760100724
1.91780744991954
1.0530368469462728
1.1425787450564895
1.061824135166552
1.1260803143227827
1.2250457445357101
1.013870393691352
1.0676962876456928
1.0335911335546768
1.141156382001681
1.133650893133037
1.1326586883696457
1.0112891645239195
1.0385095036864678
1.0087430600667247
1.0029135562156286
1.0615414908489518
1.0707344868410076
1.120225810578741
1.0088759208181601
0.9864116453477522
1.1016363690351674
1.2413777260608336
1.108180744430552
1.1916838141243473
1.2673141391460068
0.9775134250775311
0.9815452631612607
1.0634746768063779
1.0278037756417338
0.9872272651921398
1.048880073575035
0.9279224567482393
1.032313345836413
1.0594845891091809
1.0654607278063721
1.1491310559960664
1.0811385553218456
1.0239479280142771
1.0426055060701824
1.0680558694667799
1.0252073568873794
1.0699732619173192
1.0526552953361201
1.0009172924422232
1.0172645487210465
1.0377482886569083
1.0436120484655227
1.7478321623268533
1.1285364964997584
1.0836649057496552
0.9806557911386811
1.0443563023713078
1.1430659196783843
1.0202464187106126
1.1036142344606794
1.0174883812626376
1.045918212292477
1.0134258668098655
1.1690288520124263
1.1347506885271992
1.0482674141623733
1.040649889638672
1.0211678625178922
0.9672317796159283
0.9548892240864706
0.9652463314263438
0.9935979273534947
1.1361002673846243
1.1528287456950266
1.0997790604645257
1.0817303393856343
1.1185205205198328
1.1486304583541007
0.9746949421222019
1.0066371790761837
1.074828315892724
0.981872207753831
1.5938813683863153
1.1636401444246967
1.0022867110280742
1.0407931063330687
0.9830048406697685
1.0511908461051014
1.0755634560915468
1.0307863626289362
1.100289001422738
1.0928889367105636
1.0594299755493288
1.0918856700333928
1.0666277550265333
0.9967913872432478
0.9947034742326157
1.0093095441026627
1.269581626747965
1.0723749665176439
1.042120009416906
1.117857004722854
1.0327767114268722
1.0521544202499746
0.9523221581073189
0.9762984424388224
1.0777608021018534
1.0434534672916183
0.9850773323404478
1.0719828328924308
1.0580422025130982
1.216978690408913
1.0801430282557818
0.9457608423123145
1.2834772039141367
1.0480115559661558
1.5161563447376603
1.1045950188297857
1.0694769334008298
0.9931814527218461
1.068032653049692
0.9659880771970868
1.1319566920230133
1.0673680596900956
0.9836700997484633
1.0173044380850627
1.045427633752203
1.0006230239893255
1.0426375486497577
1.0556041213637792
0.9623338347974855
1.077510806711246
0.9311898155203324
1.1062930928944472
1.0663292428523448
1.029481027320727
0.9373382292047492
1.0264507338908941
1.0709650944752784
1.0892236341314323
1.0459085841126763
0.9756683916255177
1.0990314583908274
1.1122288249368504
1.207122726790078
1.0959939913806827
1.0607870653490565
1.0281715527304132
1.0485334981452656
0.9750638586992768
1.0034717162460725
0.9901714539293064
0.9963655842503074
1.0297144838878267
1.155315318144487
0.9568233937762344
0.987182086831412
1.039015316890499
1.003420500728947
1.069359342638367
1.0522838010504618
1.0957426339735223
0.9965598931499869
1.0369522470683448
1.0770938319298362
1.0794724274231224
0.9834240424420496
1.116653604633431
1.1507052855659357
1.152907762956628
1.0808029697311348
1.0267436203232971
0.9889766659246223
1.063793711222042
0.9835514995187207
1.0954650698465758
1.0931109731887438
1.0737566079418044
1.0187578487247824
1.0575422617694206
1.0942802170042496
1.0989097086671054
1.0851640699733647
0.9706201584775318
0.9404028533745572
0.979046145859741
1.049461717872667
1.0520578600996795
1.0841561969792741
1.132289726809711
0.9852311707915216
1.024935878650835
1.1216838810872674
1.0574399071761362
0.9611888406920762
1.03396691145291
1.0677321182617492
1.2418839278764904
1.0237509242771596
1.0626868706206334
1.0862948568069075
1.0168252870338468
0.9983736309396471
1.0368521557622383
1.0637190900222813
1.0266804493561175
0.9815653418796335
1.2004246367555964
1.112179170741032
1.0605802925960288
1.0171527686476645
1.0335706159476012
0.9961715845289116
1.01559675057491
1.0517761065667663
1.0502548321419394
1.0303978206125488
1.0394286609886643
1.1237931685378715
1.0679596370770417
1.0455420233296158
1.022203985610801
1.0841878309304231
1.0686755025674108
1.0566109476943126
0.9842340246039456
1.0281946898534695
1.637576545057341
1.4820233436170644
1.1156827068287332
1.0707894259702015
1.13764955952599
1.1107789992403485
1.0497912043672548
1.2764153392314923
1.0180715816032744
0.9640141106496757
1.16184804718741
1.2349644076256756
1.137291113685987
1.9656739185337762
1.0697075128087232
1.135657805545533
1.0709070608120506
0.9936716933078792
1.043300946835948
1.1343577903373208
1.1027073110051238
1.0746684934775013
1.0318617415880265
0.9899426623590356
1.042741354268392
1.0082650376395583
1.0723530698658752
1.055842942836987
1.0980492717059191
1.0175596792998793
2.017583214900154
1.0074842825171242
1.024999200440532
1.0728897627822145
0.9307314097701636
1.1165342722486633
1.0227299112816932
0.9831353123186372
1.0621229164666302
1.0898215574982715
1.0461179331158275
0.9423094530263518
1.1267014039223047
0.9607314148837138
1.0052497811356507
1.077977580117758
1.062860955324119
1.056578325909569
1.0905852940397218
1.0098048793673253
1.0733940466032672
1.042054236834369
1.0910261714313854
1.0202011573275216
1.2023980720907397
1.0770154393348017
0.9879735959147502
1.0393630817340158
1.0244252630633952
0.6175256709229677
1.054275269545939
1.046140832103636
1.023698563629127
1.1071416716222477
1.0511573599717117
0.953394224033798
1.0515517598044437
1.0270196155033358
1.0752133884459876
1.1386483393391367
1.0242212089985117
1.0242352933734618
1.1323311512188936
0.8223874195661537
0.9814185657729595
0.9411319831887138
1.0606421555837429
1.1013385909894031
0.9616351477466614
1.2063225217414202
1.0993306214966745
0.91729461399976
0.9684075656383001
1.0669699654730178
1.0382042832349867
1.0701861839833073
1.008082996856603
1.206813164705406
1.1222023867911748
1.1049602916903136
1.0215891993383819
0.9372518512188039
1.1206505148333565
1.0246671180338598
1.0673166717307017
1.0500449802105707
1.0681176573765847
1.0683351763249873
1.5122259843279033
1.0724757954173287
0.9842445614819146
1.0375294101295895
1.0681874440659926
1.0736065003339288
1.0852466905573608
1.0589747375326106
1.07368206096393
1.0652289858985082
1.203147578996027
1.12163191252591
1.0820370607019791
1.0500536364223778
1.128754038784686
1.1393053426107014
1.1939745757679259
1.0645728059846529
1.0620423303142048
1.0382324869193007
0.987681342516522
1.0322896734062108
2.095261757295231
1.056560567812336
1.1248338480648825
1.0463015541162222
1.0733556986117234
1.0462368523013885
1.0259411327478463
1.1190139766896305
1.344472571055963
1.0775511830119966
0.9761634331334755
1.0758341171848762
1.0781262707704042
1.015277203693018
1.1354144473629648
1.0750980420000509
1.127238635461714
1.0545022136694135
1.163143751529197
1.0145463824815841
1.1458861093177217
1.1152391638917531
1.0770356701943142
1.2854668854603968
1.06087687846099
1.0931629707631743
1.2560722015736674
0.6161963336264219
1.1485827006125497
1.0788294713607722
1.0972314348753325
1.0421086000121471
1.0293138111095106
1.0468839590665324
1.05764271997117
1.0963847859286295
0.9652265107689191
1.149544338533791
1.0864069066497641
1.019094521329797
1.0975493340681783
1.0191057149296123
1.1424046942932367
1.003568473509266
1.005580244684247
1.023611645266212
1.0071899005268121
1.0068179029710804
1.2779670958407567
1.03517103551544
1.0575524313500895
1.132945044908063
1.1022428109321603
1.1454692527306618
1.0480425951182295
1.0760527427351374
1.040535385866137
1.0500080639432305
1.0712807018240718
1.0720977467214778
1.036714639801195
1.243629915201798
1.090913188168667
1.0717959205732939
1.039930969785729
1.0835224411976114
1.0707695565335376
1.1810739587269108
1.168514625554495
1.0043646775548385
0.9513509852513212
0.9280210178582542
1.425495212221556
1.0778721112230993
1.0586390951448852
1.0616457190074533
1.1155730991556199
1.001772489067673
1.8256236932987342
1.0158609919622137
1.1161862218836507
0.9896685454307359
1.0591432458599197
1.0783267329011983
1.1106190910974933
1.0730145107161086
1.1400063949881196
1.1579097717221993
1.0217469284225278
1.0520172586173624
1.0353534588191045
1.1735331345522484
1.1070793994507395
1.1258865134010132
1.0941308514365768
1.0705676995335782
0.9510012280002277
1.0956179983886234
0.9951379377669632
1.0908596643127564
1.0284019586228865
1.1160257589095612
1.1561718402827676
1.0750292918172772
1.0116959193193595
1.01084570894365
0.9429195520250787
1.0583491548022446
1.0768760810767233
1.1682005656692505
0.9716980986823915
2.539159694361665
0.9972312672313357
1.0261957011451188
1.1001520580724158
1.0002737462395892
1.0769543783534876
1.074579220657939
1.072037984698355
0.975128468406635
0.9728893258782865
1.0659832190430014
1.124637181363914
1.1355194078434971
1.0176023273765136
1.0483774778737331
1.154942944470073
1.120499112342697
1.032862492468129
1.0548363589713743
1.051036289546293
1.0312806983418283
1.2484696528610828
1.1336709516527006
1.026350660273387
0.9109399863551035
1.0361747010919617
1.0452687099044926
1.010904526726918
0.9745723809474537
1.182062869212439
1.1056026035757358
1.5682411534153766
1.0714711681817675
1.2190406740578195
1.01162281318503
0.9658601020618554
1.1328357999497312
1.0851968240841448
1.1037965471847135
1.0504935158541941
1.0536886439837598
1.055128384995041
1.0105074406852963
1.0504814015706139
0.9640207071248578
1.292329350253567
1.0343137232345392
0.9836753546583404
1.1754821222527185
1.0452329036581753
0.952382749384286
0.9809300086631253
0.9941258378102165
0.9984530481828527
1.323904843366515
1.0779786999860352
1.107006416724022
1.0786673494358385
1.723085606698172
1.03341632343232
1.0704622851063192
1.0440058743747356
1.040592004230911
0.9845926316650169
1.15936093249832
0.9167647833083693
1.1325163787950665
1.2705377769788486
1.0472764295601145
1.0667804388289805
1.0677978677348188
1.0354547035458475
1.1915834621302466
1.2987494647119162
1.0670228470846483
1.0251755526093584
1.020812719416919
1.1169359023570338
1.023237503825604
1.0947507030496928
1.0712318186144039
0.9626078889325448
1.076189727572003
1.0496560105430435
0.854846942177588
1.1773997745026397
1.0730002760157562
1.14337466332271
1.0368844159034525
1.0282579587751373
1.0127618023794354
1.0502874885640259
1.063191849874804
1.0892385428339302
1.04644064034105
1.052590644779978
0.9969257796228855
1.0478642562477396
0.9931742036607933
0.9844664390594559
1.0415501016869269
1.0090785755694982
1.0673425518361022
1.1511511739178217
1.09851624754543
1.0748884936193341
1.0145281527030858
1.0370396387268837
0.9511614676599263
0.9489635868112419
1.1236212999135962
1.1500475234925671
0.967762694060454
1.051524415555799
1.0653127054160074
1.047103619493739
0.9871869742504986
1.1616730919607496
1.0307577644361305
1.037922540267202
0.9927341404239823
1.0806967711342468
1.0151907089486472
1.156197281519358
1.0385723749333788
1.0783971765067555
0.9492589844903002
1.0788301656541963
1.0781367815780845
1.0234528458206225
1.0903127967629116
1.1348858829232182
1.1120974164160453
1.05352208940801
1.0848618819606992
0.9714096290138239
1.0817745191841779
1.0142881863149436
1.026177962052733
1.0565610373380407
0.9782864108468702
1.1476260036044583
1.081644031368702
1.0756428966157519
1.2031869954064123
0.9988685975949543
0.9950776888352799
1.0842560891973467
1.1056918398582674
1.0783335680852475
0.9939821143599665
1.0713855210836007
1.0379297798202918
1.0016602777113974
1.0730534586634892
1.0211053779648809
1.0743322254562693
1.0419904317425168
1.1035757570329592
0.9519672911754647
0.9549061497639284
1.003916433428084
0.9673654865090483
0.996342395843498
1.1901876874042674
1.0173212732951835
1.093766676856562
1.08020083000332
1.0954879007989102
1.0331876798071356
1.0422780356334787
1.20369168132518
1.0107928724768809
1.0072636656990888
0.9970989278873111
1.1081451417632642
1.0691769318943851
0.9375390419721527
0.9773811655280378
1.1554327833943159
1.0226068603629943
0.9303475718785087
1.0669624491296719
0.9756938895947169
1.0865999943102422
1.2048273861347907
1.0425335611397075
1.0018377647590766
1.0571240417399075
1.033879011115364
1.005875823675674
0.9965466488441533
1.0177387093905605
1.0565632257338362
1.0183615303538591
1.0334017553494916
1.073087297292861
1.1373727850166209
1.0932266318979176
1.0948008874282082
1.0815795383316378
1.0912670387078953
1.0557855788276338
1.0899726251908999
0.9998460676799978
0.9755997380054137
1.0072302257940713
0.997780774234513
2.3435468444842167
1.0493878246989854
1.053768655163906
1.1915639645361102
1.016625031926688
1.0374838831074764
1.0430181952262303
0.9682159824839179
1.0325217268510316
1.14725869593734
1.0762734275426256
1.0418722105525882
1.058244942787123
1.0460573494666014
1.1396389776936895
1.0405863391739218
1.1201028799345483
0.9467319188517135
1.0617944861519235
1.024446010702819
1.0754084462399514
1.0672966927957073
1.047498821071045
1.0415089408820644
1.0675087654524114
1.104234245121329
1.1180103978536748
1.0263172015110056
1.0622690520197555
1.0817466958473956
1.2762646028652438
1.1501328858353759
1.03999077871943
1.0640006987203667
1.0114440150727466
1.0072511579499406
1.5782155872891122
0.9097703748063752
1.025473858582322
1.0261405501632717
1.0746018620906668
0.9920367574413579
1.0774466535238851
1.1607672001447276
1.1251437871099477
1.177692303881781
1.0239777237528107
1.0939631073266023
0.9226152471535707
1.117030669469136
0.9673364159110444
1.086539824960743
1.0410850268936824
1.0471730541182185
1.038040523482566
1.1274646309430734
1.0462754010793522
1.1466599844172127
1.1420619071421925
1.1327005869170834
1.0606534665248917
1.082809633826129
1.1437291236943974
1.0225094539217687
1.0341485509555075
1.104165281615496
1.0556020393724248
1.116238137355951
0.9782335575239944
1.1141813450440194
1.125917174988243
1.044645797774456
1.0326726164320001
1.0847068184491655
1.0423465027005328
1.0137403728946748
1.0256617134690043
0.9914398483679797
1.1024252978725602
1.1107463999177014
1.1857313528420186
1.0614921413817782
1.0254084403376253
0.9900780196923644
1.0693495319296538
1.2550443096007216
0.9602580854342349
1.0438155784905172
1.0531264051077063
1.1871696936464278
1.081874482717392
0.9967688449531784
1.3073151141396475
1.123472999054885
1.0209201230500444
0.9771633412018041
1.0707916806989843
1.0763155357019387
1.0367326381771524
1.07150855044639
1.1081281950323894
1.0966150546756266
1.0814804767285577
1.1583408743499324
1.2439840919483722
0.99732020353881
1.0659646092295623
1.0587426224916134
1.1561746790101315
1.0444515909745176
1.0637300610731615
1.0579754219402346
0.992786325699872
1.0735295037691717
0.9647337521472306
1.0295787413621713
0.9952543152143655
1.0312514685523242
1.1170464013857058
1.0293148169280917
1.1380236400043624
1.0395556517198516
1.0427789747522265
1.06404777804753
0.9479367925921988
1.0301551371505853
1.065318722148093
1.1399149774821453
1.09426336267103
1.0672787658884215
1.1358325352497711
0.9578342941657791
1.0470327581941734
1.0481200775171042
1.028824959104686
0.959691174096338
1.0039208468817091
1.1010031561769613
1.0663314572644378
1.0476283490757998
1.0963652243465063
1.0976182022886152
0.9391831102402068
1.0242593978884258
1.2388210716555752
1.1296993486708398
1.0452829445303728
0.9508912235804053
1.0170054776124002
1.0468756953373382
1.0469724032389467
1.2197640075761937
1.0460418452442624
0.9645225982976946
1.1489319306220198
1.0195352269808722
0.9793059209368324
1.0524977374891815
1.1059524348362346
1.0376074584706685
1.1821687272187187
1.0444317301691748
1.0928093658854532
1.3411208815387778
1.0187470856286522
1.0338504439313942
0.9819355479144639
1.0790736313067115
1.094748334836811
1.0324899242429397
1.0364630358872255
1.0535571027537967
1.0619033167559828
1.0813204628630417
1.1051270417737395
1.008201792230037
2.4707674205438037
1.0515735407424724
1.0802768627106252
1.0135609860819377
0.9521633592221624
1.0701153069457152
1.0635253146920054
1.0355890713031257
1.1138699141248893
0.9866522023625613
1.065832902615986
1.0196442055833759
0.5981724072122089
1.0146691231264873
0.9798419482619999
1.6966513313907081
1.156359567235922
1.0746260412313136
1.200360310303152
1.1387161399502943
1.0669610081064997
1.1225053620577585
1.0087170921486914
1.039186212894898
1.0717201648388506
0.9033126570088772
1.0067056144610989
1.0046136756669637
1.348982425019772
1.1295670883003208
1.0706358440591313
0.9931055631721394
1.121184738739756
1.0411074992204206
1.1115178180724883
0.9114645568644113
1.047386170181455
1.0105727390940225
1.1492699080616697
1.0542557851536853
1.0651171762927827
1.083583104593929
0.9773710608820372
1.0227164205891417
0.9761844475869342
1.064025987612573
1.0736308234055063
1.1730340373085888
1.1074614103300227
1.0798225430504935
1.0915206515993878
1.237364849225284
1.0013752353567247
1.8705030668723635
1.0636676384245063
1.0355155264364777
1.3151855707558227
1.1164243539870384
1.0736458248838767
0.9868407595684136
1.0732565049476837
1.0212037916206638
1.0440529156585938
1.0775014194419272
1.0712759815009623
1.0148835005152195
1.107854597565225
1.0662402593419549
1.041699394294916
1.079402570456273
1.175718632261522
1.1388031153905485
1.079248634829877
1.0689211126641986
1.0811766060829817
1.0401937235451935
1.1208189022403412
1.082124469520658
1.1368984642959872
1.043427289154181
1.0806836758663418
1.0751885289966212
1.385375921720528
1.0986586939546084
1.161080792993376
1.0505881101597339
1.1662689362601923
1.080021012801332
1.1298574187414214
1.05607585043265
0.9959312609618393
1.5538122474620426
1.0397648658206948
0.9996860353254294
0.9802459088519243
1.101412950105372
1.2008053789428603
1.1566075057402851
1.2283303200598734
0.9728134479306463
1.029402076467897
1.0446524251833893
1.3895636570099816
1.1281355626009906
1.1514026394452215
1.043487833596041
0.9639597048408344
1.0457724439132905
1.0125965390783975
1.2762752889806093
0.9854896215919591
1.0692504769554907
1.1139565784308694
1.0350516462888237
1.0587300622935645
1.0103494282706238
1.0598916078240277
1.256894933435953
1.034052247152081
0.9883446907491407
0.9979874869339123
1.0352837016003333
1.1209215212321049
0.9843943568102048
1.0908804770915956
1.1913209667484426
0.9649118169414053
1.043814244874473
0.6203315689503108
1.0943648668374235
1.063733801622979
1.1620387662547822
1.0728932658188557
1.0716867977713824
1.0643128543527987
0.9836809604121947
0.9916602703620097
1.0288643482493383
0.9667707087468503
1.0246981569561853
1.0734573576902053
1.0252137235145804
1.0806518299980068
1.0727463030959197
1.0001098276384193
1.0698020842892466
0.8084573424807848
0.8158500409186644
0.9476148953550058
1.0089095183059416
0.9596581642303607
1.0344450710098387
0.9685326387977866
1.0702831610419405
1.061313247866194
1.0880753507173713
1.9845474565166192
1.0781520377735783
1.0594549805059632
1.0056373105300251
1.098684872771693
1.0452908287974465
0.9986448566009399
1.0256710112977134
0.9776223485843275
0.994470102570411
1.1170869838244861
1.0088107620083493
1.0129224904315184
0.9843303641993384
1.0275740660587223
1.0817530540017462
1.1078950534614365
1.0769719334820118
1.08792015089034
1.1588403552273696
1.0537165494108587
1.1329888072812195
1.65637449781586
0.9902317657654158
0.9981569050695318
0.9755942049249123
1.1097797089201031
1.0481401069678793
0.8447867412084834
1.1083171426440623
1.0162796897274875
1.0585008881343936
1.0162807984704492
1.0212977446780345
0.9313716279323745
1.0366045353034388
1.02846987461549
1.074013302470991
1.1334834106588199
0.9685312461567714
0.9538608281846738
1.0097235720192013
0.949881119203258
0.9209859235409915
1.0034598670755686
1.0209777328131089
1.1050898959577296
1.3590033584751855
0.9612859534402151
1.0181361056305205
1.0386689178887816
1.0645199776053842
1.0147936224345897
1.0236863082806584
0.9421641544520819
0.972815272516148
1.023451894350001
0.9905712178074307
0.9600640930729114
1.0799462138987335
0.9563528101020918
1.2115006814744333
1.0594424153804909
1.007987347315529
1.0447930600820405
1.0927465178727336
1.1192999368543823
0.8953844787211214
1.0341347216379349
0.9787688751205936
1.0695148809743085
1.0418510836427821
0.8451258570179339
1.0241627540893978
1.052042946848567
0.975139323818807
1.0320713261433205
1.04304013881445
1.096800685865597
0.9644780069879872
1.0797053617727859
1.0123926190024437
0.9700145114361904
1.0320468683624064
1.0790564905241609
1.0252875425210504
0.9126319830031269
1.110286743879031
1.056737936532237
1.0970201625353628
1.0451342838528823
1.0151081441197034
1.0710510076574828
0.9522003261629667
0.9804819224638448
0.9840503702177114
0.9957547340200135
1.1115767705719004
1.0401959768577744
1.0114523645623723
0.9843483273390488
1.062809645641322
0.9921412385060773
1.6129167032843268
1.0623818554931965
1.0437062149982246
1.7817176423422705
1.0680115610197418
1.1251693188885594
1.1068947786307282
1.1068648861621502
1.0612973028719048
1.018978090840753
1.0282579317175695
1.0424411044914674
0.9610969324772549
1.144065275153577
1.0735563736493445
1.105100015636676
0.9765133225460015
0.9790641823305536
1.0818902477086658
0.9997232719478388
1.0842796030129678
0.9675627755638676
1.1208523390279692
0.9888342299924778
0.9871040770282309
1.0722354040972033
1.0387571575020877
1.0296325619080164
1.0092160849126968
1.028127974137422
1.0896959983337478
0.9836557435924691
1.0212048365507482
1.0152526067034349
1.106865751294965
0.9896917174426815
1.0524503974543509
0.9814826606227992
1.0030439049595732
0.9592491684703496
1.2452141890952382
1.0689521185453799
1.025662080231424
1.0531235647252084
1.0121549316813778
1.1237140951479905
0.9807236612641287
1.070314127264453
1.0927268920621078
1.0672006875005209
1.0807929526859694
1.1137796299924834
1.2765127704335621
1.1253633332783477
1.0798910883312904
1.006621539163592
1.0520384891622194
1.058921710184222
0.9922670393959938
1.5964827150554755
1.1598016010660641
1.066741413000082
0.9959113450010914
1.0308665947306321
1.0770598623741876
1.0371216723626477
1.071413840073988
1.0205267366557589
1.0905575290516971
1.0594210058535114
1.040748585994841
1.1439162154983842
1.0307988108152584
0.9891676579829912
1.0164252058209071
1.003477116136311
0.9600693487423982
1.1821814428410937
1.0493869656277748
1.0619304430223133
1.0623557333128237
1.2525869737318258
0.9829504903743104
1.1160583388445213
1.0333896596401477
1.0907986314533977
1.0476072685221192
1.0516131393446349
1.066160728454832
1.0408925025322233
1.0359773030875095
1.0559820116508014
1.0378100973425104
1.863387921477702
1.153675224099095
1.0383294565420789
1.016915900146431
1.0510108008781949
1.1038798727521169
1.0513761840366638
1.064843057425758
1.0355839615426556
1.1091339261265525
1.1256016767222146
1.0432401700014269
1.0424812905885565
1.0340473673971708
1.0815768954784415
1.1105692408129695
2.328962197355887
1.038638591391314
1.0185454524461335
0.9821035284187326
1.072213091073885
1.14608795795801
1.049243714624071
0.948168760794496
1.0557775796160405
2.37046413502656
1.078404888241003
1.2528578217131943
1.0407273089854252
1.0274228630154523
1.0259931651803076
1.1693138915486825
1.0732376438931388
1.0258342515713326
1.015528308698627
1.0326277645270259
1.173449634173727
1.0656369733311677
1.0964469725953592
0.9929298240287402
1.047310109598584
0.653411089606599
1.231690267425875
1.0973023071248984
1.0431487471210559
0.9669845665940741
0.9953504420978888
1.037288021115384
1.0431939944937585
1.1176015489597453
1.014390219282963
1.1560986122724808
1.0455045751166918
1.3599490697008847
1.0350922687859263
1.0931982352674228
1.0440953169383058
