0.03727928176522255
0.07584191858768463
0.21791404485702515
0.5481804609298706
0.2872879207134247
0.01584555394947529
0.537703275680542
0.054930731654167175
0.34403741359710693
0.21773841977119446
0.3198375999927521
0.02229885198175907
0.005629373248666525
0.8481860160827637
0.14253677427768707
0.05533070117235184
0.06487519294023514
0.002012144308537245
0.11577195674180984
0.6573660969734192
0.3091962933540344
0.30701059103012085
0.029966996982693672
0.3985147476196289
0.20181047916412354
0.026009943336248398
0.6812787055969238
0.6344953179359436
0.39644768834114075
0.8956477046012878
0.015223580412566662
0.02372424677014351
0.025745024904608727
0.20932213962078094
0.17229460179805756
0.04412200301885605
0.11532396823167801
0.5696308016777039
0.9118242263793945
0.011327267624437809
0.6507456302642822
0.21498490869998932
0.1308545619249344
0.09366744011640549
0.9100224375724792
0.03226695954799652
0.03375720977783203
0.13457593321800232
0.3991859555244446
0.07075358927249908
0.3867035210132599
0.010275146923959255
0.13641990721225739
0.031593941152095795
0.027477744966745377
0.016228104010224342
0.6463839411735535
0.3875768780708313
0.12178349494934082
0.0053428709506988525
0.1427919566631317
0.4367193281650543
0.055440254509449005
0.07819946855306625
0.7048361897468567
0.009707816876471043
0.3555610179901123
0.31480902433395386
0.019132673740386963
0.6723400354385376
0.13403750956058502
0.4401223063468933
0.1280965507030487
0.01916717365384102
0.326712965965271
0.23419125378131866
0.7834029793739319
0.017779840156435966
0.07725358754396439
0.11124315857887268
0.11259844899177551
0.22455087304115295
0.04071276634931564
0.24800226092338562
0.007671223487704992
0.41731154918670654
0.03145582973957062
0.2895067632198334
0.3513500392436981
0.03504522889852524
0.290919691324234
0.10262992233037949
0.025487665086984634
0.004269705619663
0.03247959166765213
0.019714687019586563
0.5303295254707336
0.45396387577056885
0.09067568928003311
0.8515217304229736
0.3967094123363495
0.2796320617198944
0.5266574621200562
0.27335622906684875
0.014519795775413513
0.31360283493995667
0.027650564908981323
0.4103471338748932
0.0037537766620516777
0.24852032959461212
0.05383222922682762
0.8774295449256897
0.2549516558647156
0.18422792851924896
0.19010570645332336
0.6308764815330505
0.8051137924194336
0.08864975720643997
0.41989555954933167
0.07602129131555557
0.6890873908996582
0.08204002678394318
0.49508142471313477
0.0014448114670813084
0.0030039502307772636
0.40367162227630615
0.07240067422389984
0.03914659470319748
0.026768790557980537
0.7937361001968384
0.8842344284057617
0.01702720671892166
0.07247257977724075
0.684829592704773
0.9182929396629333
0.32541972398757935
0.011358592659235
0.10845715552568436
0.37081900238990784
0.29667040705680847
0.418160617351532
0.14004956185817719
0.05592063441872597
0.42644932866096497
0.07890822738409042
0.0428064726293087
0.5603461861610413
0.0017368996050208807
0.003702264977619052
0.9280786514282227
0.012315829284489155
0.08237621933221817
0.11396366357803345
0.5236160159111023
0.208263099193573
0.4254833161830902
0.017388345673680305
0.07479972392320633
0.08829323947429657
0.018665563315153122
0.18711191415786743
0.013366368599236012
0.3901402950286865
0.07467377930879593
0.018340550363063812
0.002189681399613619
0.4722800552845001
0.008004679344594479
0.0007111740997061133
0.2589097023010254
0.650611937046051
0.7961699962615967
0.14035339653491974
0.9041624665260315
0.11786443740129471
0.6323760747909546
0.35047030448913574
0.8886075615882874
0.8399055004119873
0.42750677466392517
0.575394332408905
0.1450502574443817
0.2335992008447647
0.034363556653261185
0.03891856595873833
0.24845950305461884
0.15014079213142395
0.018661998212337494
0.07274449616670609
0.4274478256702423
0.8086681962013245
0.5042869448661804
0.07298029959201813
0.11090995371341705
0.8424370288848877
0.05996732786297798
0.2573908567428589
0.0372687429189682
0.03537191078066826
0.4039732813835144
0.14029784500598907
0.7212978601455688
0.036990128457546234
0.006877837236970663
0.10013940930366516
0.06567636877298355
0.31765225529670715
0.022646337747573853
0.003466186113655567
0.607719361782074
0.024030717089772224
0.08132027834653854
0.0323493555188179
0.0013194091152399778
0.025646749883890152
0.34440404176712036
0.08672577887773514
0.266576886177063
0.4784621000289917
0.10049749910831451
0.014928674325346947
0.013163398951292038
0.9280449151992798
0.6739441156387329
0.08192802220582962
0.006044785492122173
0.02205735445022583
0.0018921311711892486
0.019672883674502373
0.7169187068939209
0.5329235792160034
0.17784564197063446
0.5396071672439575
0.6519317626953125
0.07816454768180847
0.5468573570251465
0.8702973127365112
0.09728163480758667
0.3097531199455261
0.1702588051557541
0.009325312450528145
0.27931496500968933
0.07123232632875443
0.08457259088754654
0.2483815848827362
0.03784170746803284
0.0019593569450080395
0.7195379734039307
0.0964541956782341
0.1985911875963211
0.10577789694070816
0.19135883450508118
0.01818685419857502
0.045915912836790085
0.5409011244773865
0.12048961222171783
0.3298490643501282
0.34973254799842834
0.4652133584022522
0.09501684457063675
0.2803371548652649
0.7971393465995789
0.030772050842642784
0.1760874092578888
0.39931532740592957
0.4119814336299896
0.2763676643371582
0.9433776140213013
0.9447301030158997
0.6681874394416809
0.5271545052528381
0.02440289780497551
0.020424295216798782
0.06992515921592712
0.07809610664844513
0.19197793304920197
0.0011252235854044557
0.6866168975830078
0.4799749255180359
0.09064780920743942
0.6201660633087158
0.036280952394008636
0.0009568895329721272
0.2183733582496643
0.10760550200939178
0.13664986193180084
0.12058372050523758
0.3003391921520233
0.2787039577960968
0.0020340154878795147
0.0130038196220994
0.22040562331676483
0.04947977885603905
0.13913555443286896
0.7144224643707275
0.8868272304534912
0.43422847986221313
0.3958509862422943
0.26772230863571167
0.31062766909599304
0.05544020235538483
0.11283103376626968
0.04316392168402672
0.4778403639793396
0.3469822108745575
0.006008822005242109
0.4418615400791168
0.7198576331138611
0.061522409319877625
0.09689804911613464
0.20704637467861176
0.02255718596279621
0.5631664991378784
0.0029856848996132612
0.052103474736213684
0.0037469277158379555
0.046709463000297546
0.006963205523788929
0.9361640214920044
0.06652872264385223
0.9025225639343262
0.0997762605547905
0.4448513388633728
0.7970996499061584
0.16237656772136688
0.2588936984539032
0.9674171805381775
0.3878350555896759
0.061646223068237305
0.8684548735618591
0.044999804347753525
0.5809065103530884
0.14941588044166565
0.2901446521282196
0.08161747455596924
0.8480652570724487
0.8760673999786377
0.03307350352406502
0.0341484397649765
0.3026603162288666
0.7566924691200256
0.02909768745303154
0.02382434718310833
0.003980210982263088
0.017002714797854424
0.05079328641295433
0.23091845214366913
0.49943238496780396
0.763719379901886
0.6614073514938354
0.8288283944129944
0.8543285131454468
0.7970837354660034
0.03111138939857483
0.5167234539985657
0.5573238134384155
0.2440209835767746
0.7448625564575195
0.1885581612586975
0.1627199947834015
0.1989096701145172
0.36934220790863037
0.49491193890571594
0.08736053109169006
0.4385935962200165
0.7964913845062256
0.005270770285278559
0.0012516058050096035
0.004708566702902317
0.06668267399072647
0.16515865921974182
0.9167556762695312
0.1655472069978714
0.9305016398429871
0.4372865557670593
0.12901349365711212
0.05523254722356796
0.89406418800354
0.11003384739160538
0.08539407700300217
0.053278662264347076
0.03574511036276817
0.9137077927589417
0.8577631711959839
0.5325698852539062
0.14174668490886688
0.015079637989401817
0.20045414566993713
0.010405343025922775
0.8068867921829224
0.34982743859291077
0.012773136608302593
0.15417098999023438
0.5924351811408997
0.20668093860149384
0.09843715280294418
0.03143807873129845
0.31764617562294006
0.15743480622768402
0.0808480829000473
0.9478224515914917
0.48271602392196655
0.4649292528629303
0.08649689704179764
0.40182608366012573
0.8429731726646423
0.0009501295862719417
0.0015033953823149204
0.7231541872024536
0.12967625260353088
0.17374156415462494
0.881805956363678
0.303635835647583
0.9138208627700806
0.05266745388507843
0.2665518820285797
0.48324859142303467
0.04412410408258438
0.1622086763381958
0.9501074552536011
0.1134672686457634
0.05985204502940178
0.03652844950556755
0.058760687708854675
0.7471009492874146
0.3835974633693695
0.23385387659072876
0.005929253064095974
0.34147804975509644
0.03405710309743881
0.01810789667069912
0.00398284150287509
0.058755043894052505
0.001096114283427596
0.9495365023612976
0.6868088245391846
0.012185486033558846
0.17769423127174377
0.0047558206133544445
0.007364476099610329
0.021748166531324387
0.031357116997241974
0.34219667315483093
0.9577032327651978
0.09298521280288696
0.2127017080783844
0.01864495687186718
0.16935420036315918
0.26112785935401917
0.9087324142456055
0.3861323595046997
0.15759505331516266
0.045118577778339386
0.014505453407764435
0.0579121932387352
0.10185178369283676
0.03841104730963707
0.4770200848579407
0.34769609570503235
0.05980759114027023
0.628145694732666
0.031794894486665726
0.864984929561615
0.5073485374450684
0.0850851833820343
0.00667097233235836
0.07090499997138977
0.6462902426719666
0.03823048248887062
0.5854055285453796
0.8398355841636658
0.016204824671149254
0.48713719844818115
0.21061524748802185
0.042742062360048294
0.2775558829307556
0.14552970230579376
0.32701247930526733
0.032933786511421204
0.9447072148323059
0.045722682029008865
0.10799068212509155
0.561582088470459
0.40309637784957886
0.47854775190353394
0.5564715266227722
0.08604488521814346
0.34048643708229065
0.8996228575706482
0.08022716641426086
0.21121543645858765
0.5705812573432922
0.06309675425291061
0.29314708709716797
0.06094054877758026
0.05824848264455795
0.1861620545387268
0.26508381962776184
0.01723650097846985
0.588050127029419
0.5149796605110168
0.5141571164131165
0.1329387128353119
0.08861766755580902
0.9087451100349426
0.0072384667582809925
0.014232074841856956
0.5611166954040527
0.7695249319076538
0.26291680335998535
0.2887473404407501
0.0549301952123642
0.18621301651000977
0.014420800842344761
0.11855561286211014
0.010388696566224098
0.4783865809440613
0.8252793550491333
0.04795963317155838
0.260252982378006
0.09921517968177795
0.04472567141056061
0.023486357182264328
0.05609003081917763
0.003252386348322034
0.14883731305599213
0.9272174835205078
0.13939276337623596
0.338062047958374
0.029994210228323936
0.013996707275509834
0.03801870718598366
0.06378264725208282
0.19817085564136505
0.008969324640929699
0.00524476682767272
0.20619891583919525
0.14737769961357117
0.033141955733299255
0.022478396072983742
0.08513198047876358
0.47624412178993225
0.05394076555967331
0.31122761964797974
0.723310112953186
0.1441856026649475
0.29461148381233215
0.07507828623056412
0.005174111109226942
0.16081736981868744
0.06638022512197495
0.04628993198275566
0.13227014243602753
0.012806865386664867
0.034699175506830215
0.014153525233268738
0.5426828265190125
0.2333088368177414
0.019753968343138695
0.1687944531440735
0.029270697385072708
0.026388224214315414
0.10203362256288528
0.22381018102169037
0.0014291586121544242
0.15990576148033142
0.03617193177342415
0.06515603512525558
0.10150783509016037
0.2836430072784424
0.30023422837257385
0.2528468072414398
0.005976348649710417
0.5308800935745239
0.0020913202315568924
0.32872670888900757
0.021824249997735023
0.042306505143642426
0.3973526060581207
0.4365715980529785
0.14746299386024475
0.014294788241386414
0.5086462497711182
0.022265642881393433
0.11371020972728729
0.872249186038971
0.028517169877886772
0.06005026027560234
0.009235682897269726
0.44526568055152893
0.7714800238609314
0.9176013469696045
0.547207236289978
0.7850303053855896
0.013664706610143185
0.4720335304737091
0.21482498943805695
0.012368311174213886
0.045136380940675735
0.0015091928653419018
0.14358213543891907
0.13319353759288788
0.30393001437187195
0.03461579233407974
0.08228049427270889
0.09997683018445969
0.4970235228538513
0.4879145920276642
0.023320214822888374
0.10889554768800735
0.3370523750782013
0.13785560429096222
0.09754110872745514
0.012607699260115623
0.018655207008123398
0.4051738977432251
0.7578991055488586
0.7597349286079407
0.015513543039560318
0.15131938457489014
0.10733819752931595
0.16014045476913452
0.027343831956386566
0.4314609467983246
0.020118348300457
0.5671865344047546
0.001594234723597765
0.8740428686141968
0.13827167451381683
0.4998094439506531
0.0049690967425704
0.06516939401626587
0.001510207774117589
0.004082017112523317
0.3596304655075073
0.06702049821615219
0.36046335101127625
0.011368030682206154
0.05229303613305092
0.05952873080968857
0.024112265557050705
0.024630416184663773
0.7073958516120911
0.3330162763595581
0.8616083860397339
0.38259729743003845
0.23919200897216797
0.020828692242503166
0.023934554308652878
0.023159123957157135
0.7954981923103333
0.8161195516586304
0.5556581020355225
0.07607169449329376
0.22827088832855225
0.00483313761651516
0.6702263951301575
0.10117730498313904
0.5110007524490356
0.2664046585559845
0.17964693903923035
0.3856724202632904
0.13350068032741547
0.03296235203742981
0.11548272520303726
0.7150893807411194
0.599695086479187
0.055242639034986496
0.004705024417489767
0.02135758101940155
0.07903122156858444
0.2103397399187088
0.001853788155131042
0.007594462018460035
0.12772034108638763
0.0898764356970787
0.1383308619260788
0.230177640914917
0.030376087874174118
0.1168711856007576
0.21815700829029083
0.5001248121261597
0.10039056092500687
0.28375306725502014
0.36682993173599243
0.926503598690033
0.14134763181209564
0.009166525676846504
0.08097852021455765
0.016066575422883034
0.002238125540316105
0.49407175183296204
0.8622907996177673
0.033248551189899445
0.027572276070713997
0.015282892622053623
0.053558215498924255
0.09176655858755112
0.0352938212454319
0.47342273592948914
0.045156363397836685
0.31424131989479065
0.060386691242456436
0.0787697285413742
0.5094209313392639
0.012292689643800259
0.028023283928632736
0.5396352410316467
0.7000687122344971
0.25053781270980835
0.44971853494644165
0.0015101912431418896
0.011978298425674438
0.031678661704063416
0.2485121190547943
0.0014200026635080576
0.04224546626210213
0.10155830532312393
0.0399828664958477
0.04538760706782341
0.6030310392379761
0.4014699161052704
0.6128093600273132
0.006188730243593454
0.4118335545063019
0.4081227779388428
0.09497220814228058
0.13965758681297302
0.13718152046203613
0.01521286927163601
0.003927180543541908
0.04448624700307846
0.6629433631896973
0.44924449920654297
0.013913273811340332
0.11168600618839264
0.07290235161781311
0.0775488093495369
0.7696545124053955
0.027707133442163467
0.11774881184101105
0.6529424786567688
0.3261567950248718
0.007298941724002361
0.04351057484745979
0.13488934934139252
0.11303115636110306
0.14798876643180847
0.48424169421195984
0.019345754757523537
0.28343838453292847
0.3915199339389801
0.4072471857070923
0.6578859686851501
0.41072869300842285
0.8349604606628418
0.6319230794906616
0.19642163813114166
0.7583958506584167
0.20259182155132294
0.3632563650608063
0.4255733788013458
0.07237651944160461
0.17080627381801605
0.23160865902900696
0.6349679827690125
0.5076628923416138
0.15313628315925598
0.025018326938152313
0.6174560189247131
0.12686780095100403
0.03797169774770737
0.3590267300605774
0.6766561269760132
0.062194935977458954
0.8869966268539429
0.056788165122270584
0.5256635546684265
0.09143590927124023
0.02104673720896244
0.00482938950881362
0.4822912812232971
0.018440023064613342
0.6742269992828369
0.08577919751405716
0.04475770890712738
0.4439830183982849
0.0786997377872467
0.0014617980923503637
0.1420186460018158
0.07538008689880371
0.32938581705093384
0.9185346961021423
0.17568886280059814
0.28689852356910706
0.1865185797214508
0.1960216760635376
0.7342559695243835
0.015237105078995228
0.04742168262600899
0.12350599467754364
0.002849858021363616
0.6637545228004456
0.34693557024002075
0.07248126715421677
0.00513592641800642
0.3870055377483368
0.6525293588638306
0.021784158423542976
0.16727888584136963
0.21259231865406036
0.07367397844791412
0.32119303941726685
0.01044801902025938
0.39487889409065247
0.04485178738832474
0.8065604567527771
0.7943113446235657
0.7560721635818481
0.5348310470581055
0.9423047304153442
0.00370356859639287
0.3670869469642639
0.05830802023410797
0.06587285548448563
0.13604310154914856
0.03237414360046387
0.14293231070041656
0.0003249283181503415
0.6419789791107178
0.404509037733078
0.4745829105377197
0.012987795285880566
0.1008908674120903
0.5109463334083557
0.9591860771179199
0.0005270559922792017
0.1076945960521698
0.5892353653907776
0.08869490027427673
0.6345842480659485
0.05719677358865738
0.14573964476585388
0.053722649812698364
0.49817052483558655
0.13522274792194366
0.18046890199184418
0.9737269282341003
0.8904430270195007
0.34701472520828247
0.0663294568657875
0.10638194531202316
0.22156989574432373
0.23816119134426117
0.40687939524650574
0.40568867325782776
0.23635168373584747
0.36780092120170593
0.02799934335052967
0.7630431652069092
0.030622731894254684
0.9530158042907715
0.9520404934883118
0.49434059858322144
0.7712914943695068
0.006397756282240152
0.33505770564079285
0.23656494915485382
0.06913343071937561
0.1890280693769455
0.20195554196834564
0.07268074154853821
0.6115750074386597
0.2891421616077423
0.02568168193101883
0.2900267243385315
0.26389575004577637
0.044854503124952316
0.13595888018608093
0.04055989533662796
0.12616802752017975
0.07447578758001328
0.3746732175350189
0.17744897305965424
0.07075028121471405
0.11206456273794174
0.05160422623157501
0.09831861406564713
0.2525939345359802
0.1330636590719223
0.06295927613973618
0.006319072563201189
0.27158141136169434
0.1586538702249527
0.006758669391274452
0.006075799930840731
0.015788769349455833
0.10627905279397964
0.13895666599273682
0.9466639757156372
0.27784106135368347
0.0022843426559120417
0.5499866604804993
0.9144131541252136
0.4927920699119568
0.11794675141572952
0.2199510633945465
0.03198038041591644
0.022325774654746056
0.05114404484629631
0.0889572948217392
0.4884166121482849
0.07300341874361038
0.7701761722564697
0.03763601556420326
0.9487786889076233
0.05336952209472656
0.047062575817108154
0.2753579020500183
0.3850971460342407
0.0291283018887043
0.09650442749261856
0.0050947158597409725
0.016310056671500206
0.018692316487431526
0.055081889033317566
0.11379479616880417
0.03230889141559601
0.7960612177848816
0.35017308592796326
0.010576176457107067
0.05577059090137482
0.07198849320411682
0.9054921865463257
0.09911508858203888
0.033667296171188354
0.06650290638208389
0.08374065905809402
0.03881828486919403
0.8975223302841187
0.1198192909359932
0.07892796397209167
0.619112491607666
0.03781098872423172
0.09395334124565125
0.006961105391383171
0.24716462194919586
0.2925224304199219
0.8387539982795715
0.03613996133208275
0.009362000040709972
0.6576010584831238
0.046542439609766006
0.11987845599651337
0.004894276149570942
0.01988866552710533
0.5573168396949768
0.09082596749067307
0.11030400544404984
0.29306837916374207
0.6779568791389465
0.4104975759983063
0.011629528366029263
0.26614880561828613
0.3076091408729553
0.007981166243553162
0.04951903969049454
0.0195570457726717
0.10632448643445969
0.1104813888669014
0.2957628667354584
0.14805737137794495
0.21769697964191437
0.004568720236420631
0.23825766146183014
0.03253863379359245
0.043552275747060776
0.7085795998573303
0.13185366988182068
0.693863570690155
0.30690065026283264
0.8299863338470459
0.41937580704689026
0.07395067065954208
0.911638617515564
0.42438870668411255
0.058015692979097366
0.07737775146961212
0.2767980694770813
0.5262066721916199
0.15638713538646698
0.06714582443237305
0.005403490271419287
0.004297514446079731
0.3521861433982849
0.012691402807831764
0.7708160281181335
0.09958254545927048
0.2106141597032547
0.2947898805141449
0.5855576992034912
0.7653538584709167
0.010330735705792904
0.11802004277706146
0.4929482638835907
0.3564962148666382
0.23482751846313477
0.754261314868927
0.2787015736103058
0.01649719476699829
0.05097559839487076
0.21257014572620392
0.6841123104095459
0.26862093806266785
0.12887105345726013
0.1396920531988144
0.10266771912574768
0.36550942063331604
0.6106483340263367
0.014979423023760319
0.37625059485435486
0.745795488357544
0.020471006631851196
0.2587108910083771
0.40979433059692383
0.02824382297694683
0.29514265060424805
0.0541585311293602
0.18880745768547058
0.8015926480293274
0.33655381202697754
0.7581676244735718
0.3677484691143036
0.2039390355348587
0.20698584616184235
0.39266306161880493
0.34293511509895325
0.14364244043827057
0.12828926742076874
0.009225756861269474
0.6229370832443237
0.15676020085811615
0.24209865927696228
0.03583128750324249
0.2184751331806183
0.8812705278396606
0.07062804698944092
0.3937477171421051
0.02027779258787632
0.019237790256738663
0.8470439314842224
0.18834665417671204
0.16502781212329865
0.7906209826469421
0.9008262753486633
0.44040563702583313
0.004495841450989246
0.009325471706688404
0.009067711420357227
0.011176261119544506
0.02389410510659218
0.017562266439199448
0.11213747411966324
0.635678768157959
0.14760722219944
0.04201473668217659
0.5187373757362366
0.733258843421936
0.4941694140434265
0.005155471153557301
0.07729411870241165
0.03450002521276474
0.9111579060554504
0.10924658924341202
0.22865262627601624
0.05061012879014015
0.5910636186599731
0.009172379039227962
0.052219197154045105
0.05638100206851959
0.09986605495214462
0.1628125160932541
0.03171980381011963
0.9323700666427612
0.28080832958221436
0.5343853831291199
0.49700692296028137
0.04510742425918579
0.0028984863311052322
0.008730800822377205
0.2021888941526413
0.013599826954305172
0.01718192733824253
0.8542816042900085
0.06686609983444214
0.16293549537658691
0.2027956247329712
0.18001824617385864
0.025119833648204803
0.026625560596585274
0.9200671315193176
0.09737937152385712
0.11049390584230423
0.12678585946559906
0.06802666187286377
0.3188936710357666
0.36108556389808655
0.0025330178905278444
0.027812011539936066
0.20201104879379272
0.09418611228466034
0.013356812298297882
0.014709437265992165
0.2423410415649414
0.3823091387748718
0.1657014638185501
0.17404603958129883
0.050869423896074295
0.011472013778984547
0.049169354140758514
0.37619033455848694
0.10598687082529068
0.029021119698882103
0.11430048942565918
0.018481379374861717
0.13129672408103943
0.1988901048898697
0.001720895292237401
0.13167224824428558
0.031000755727291107
0.47638121247291565
0.11674609035253525
0.008151953108608723
0.28151780366897583
0.9204517602920532
0.6438146233558655
0.01839790679514408
0.0023331670090556145
0.001947269425727427
0.07162124663591385
0.5815042853355408
0.11999251693487167
0.06683963537216187
0.03517269343137741
0.050306592136621475
0.20776750147342682
0.404009610414505
0.5563932657241821
0.8931498527526855
0.18489086627960205
0.09483750909566879
0.8936372995376587
0.019637756049633026
0.14756396412849426
0.31629234552383423
0.052294980734586716
0.08377327769994736
0.05095001682639122
0.005091956350952387
0.006623906083405018
0.8485998511314392
0.4827614724636078
0.4258634150028229
0.03631887584924698
0.6816376447677612
0.08418648689985275
0.007590325549244881
0.5400141477584839
0.006657017394900322
0.742499053478241
0.008669208735227585
0.12273624539375305
0.011177192442119122
0.0895424410700798
0.1949107050895691
0.07918830960988998
0.5881304144859314
0.7344834208488464
0.12374934554100037
0.6045625805854797
0.15131717920303345
0.10089510679244995
0.23688147962093353
0.05602423846721649
0.12372399866580963
0.8291206955909729
0.23474426567554474
0.8028481006622314
0.5083395838737488
0.8252698183059692
0.43719443678855896
0.6519873738288879
0.4129585027694702
0.5302712321281433
0.2072860598564148
0.23272480070590973
0.02699740044772625
0.03404628857970238
0.051989730447530746
0.1665210872888565
0.7311276197433472
0.05256585404276848
0.17064377665519714
0.8973346948623657
0.10051829367876053
0.18308623135089874
0.8726021647453308
0.006870610639452934
0.19543547928333282
0.2116786688566208
0.587378740310669
0.024161729961633682
0.07431277632713318
0.01925024203956127
0.1648803949356079
0.019279571250081062
0.027600232511758804
0.15483897924423218
0.05897312983870506
0.4102289378643036
0.8793982267379761
0.572001576423645
0.6424835324287415
0.011912282556295395
0.012438103556632996
0.7952209711074829
0.04486031457781792
0.06484147906303406
0.13978226482868195
0.2442764937877655
0.7845762372016907
0.588690996170044
0.03142036870121956
0.35387545824050903
0.07833727449178696
0.00581648712977767
0.8365748524665833
0.7288749814033508
0.9458841681480408
0.8158575892448425
0.6605327725410461
0.5518102049827576
0.05750582739710808
0.026395969092845917
0.01755017600953579
0.7835861444473267
0.16679398715496063
0.2257629781961441
0.06053972616791725
0.26832079887390137
0.47674062848091125
0.816929042339325
0.7689381837844849
0.5073886513710022
0.5697742700576782
0.2326645851135254
0.019845711067318916
0.824422299861908
0.0030066275503486395
0.2972678244113922
0.17319872975349426
0.282793253660202
0.015147564932703972
0.04683588817715645
0.5606278777122498
0.4917312264442444
0.5544225573539734
0.11234576255083084
0.0991024449467659
0.5892508625984192
0.9023065567016602
0.11390827596187592
0.5776863098144531
0.0656042993068695
0.03961469605565071
0.36941200494766235
0.5378760099411011
0.1453414261341095
0.7652456164360046
0.591210126876831
0.201216921210289
0.051051702350378036
0.002605174435302615
0.7926021814346313
0.2805708348751068
0.34099194407463074
0.06857295334339142
0.34263357520103455
0.9285392165184021
0.13343770802021027
0.5350667238235474
0.5972839593887329
0.945053219795227
0.6759039163589478
0.1265060156583786
0.11484158039093018
0.07313888520002365
0.8684321045875549
0.07526595890522003
0.9817257523536682
0.19707991182804108
0.2759638726711273
0.21736271679401398
0.06915469467639923
0.014676088467240334
0.0006499545415863395
0.005007874686270952
0.8381983041763306
0.2315310835838318
0.21258173882961273
0.2013370841741562
0.4254552721977234
0.6086300611495972
0.014965961687266827
0.23210568726062775
0.24095092713832855
0.9348857998847961
0.661822497844696
0.014236739836633205
0.3059653341770172
0.4946317970752716
0.8792248964309692
0.06864860653877258
0.8630644083023071
0.710239052772522
0.07240895181894302
0.2308933138847351
0.4702451825141907
0.9152116775512695
0.19845369458198547
0.07338947802782059
0.8743593692779541
0.5522022247314453
0.2387252300977707
0.31491148471832275
0.8155779838562012
0.18670602142810822
0.7080786228179932
0.44407159090042114
0.7700808644294739
0.003908309619873762
0.04695892333984375
0.2161797732114792
0.30317023396492004
0.24257200956344604
0.08643294125795364
0.16632239520549774
0.30252739787101746
0.033074647188186646
0.32494890689849854
0.3344860076904297
0.01368847955018282
0.006927154492586851
0.0968189612030983
0.4773625433444977
0.18405261635780334
0.12537692487239838
0.23143728077411652
0.6248608231544495
0.004072519950568676
0.006182419136166573
0.08460873365402222
0.6173533797264099
0.2857264578342438
0.05301360413432121
0.1183302029967308
0.02140079438686371
0.9111126661300659
0.020135989412665367
0.30000734329223633
0.21229633688926697
0.49480631947517395
0.10021060705184937
0.717503011226654
0.7142544984817505
0.7162271738052368
0.5970605611801147
0.006848959252238274
0.46122199296951294
0.1369410753250122
0.0072649200446903706
0.3764108419418335
0.5177229046821594
0.06902720779180527
0.15443120896816254
0.07297232002019882
0.3315219581127167
0.1163511797785759
0.36335819959640503
0.1671285331249237
0.39894965291023254
0.022456638514995575
0.29497718811035156
0.11518657952547073
0.24674852192401886
0.4322316646575928
0.965009331703186
0.05978424847126007
0.04124348983168602
0.08792438358068466
0.13543930649757385
0.2685668468475342
0.02594470977783203
0.027061523869633675
0.28289416432380676
0.027365345507860184
0.10637298226356506
0.13204988837242126
0.5465584993362427
0.0009460736764594913
0.380594402551651
0.20471835136413574
0.5391701459884644
0.03487291932106018
0.054080359637737274
0.9680889844894409
0.8857895731925964
0.44365063309669495
0.08606923371553421
0.031057052314281464
0.0046606813557446
0.10019224882125854
0.22136062383651733
0.19562916457653046
0.009437939152121544
0.1238071396946907
0.20319455862045288
0.21806690096855164
0.2946328818798065
0.22573895752429962
0.23065665364265442
0.01432542409747839
0.46103325486183167
0.11309105902910233
0.514899492263794
0.004459005780518055
0.04668505862355232
0.35716450214385986
0.5322169065475464
0.8232164978981018
0.049949921667575836
0.18470399081707
0.03909249231219292
0.4611256718635559
0.0035310592502355576
0.15359430015087128
0.6328507661819458
0.3067988455295563
0.012322570197284222
0.06552194803953171
