0.9662102
0.5972044
1.117588
1.146344
0.8660502
0.33208942
0.8886096
0.68073374
0.8097932
0.53036475
0.52351475
0.51734716
0.5764277
1.4212165
0.42249054
0.5899653
0.47511694
0.55194986
0.5814771
1.1208187
0.5872336
0.87419295
0.51604486
0.6771316
0.8649487
0.60014623
1.0567214
1.556936
0.78913134
0.64168304
0.6984747
0.91570544
0.67518026
1.3722892
0.8147715
1.2997506
1.3296543
1.299492
0.5546717
0.37595502
1.1485494
0.74977195
0.56425077
0.7800592
1.0154264
0.7731526
0.48727518
0.41688547
0.8089734
0.38777864
0.9622576
0.560617
0.8468735
0.7665078
0.32383436
0.57424194
1.0795072
0.70485663
0.68773603
0.6077013
0.95420533
0.9564691
0.6244154
0.7198657
2.2755039
0.4448452
1.2825186
0.63494277
0.5117418
0.701347
1.4214383
0.73232454
0.619826
1.2646703
0.56911665
1.352212
1.0358
0.5475217
0.4668867
0.5044825
0.94150454
0.48824233
0.3569995
0.9828619
0.29994443
0.7616369
0.8623923
0.60309553
0.44372165
0.3663499
0.65670544
0.809421
0.6069643
0.4154964
0.7262297
0.9193671
1.0381607
0.5881872
0.6719123
1.1001301
0.87417495
0.9865411
1.2472522
0.76566595
0.35204348
0.5771772
0.6902272
0.51113576
0.5369871
0.96507674
0.9383665
1.0737331
0.47305652
0.7007882
0.9214082
1.1977837
0.52554494
0.96167296
1.5719433
1.3627617
0.8511703
0.7674063
0.87477416
0.4651335
0.40967992
0.62888026
1.2709457
0.6479155
0.9793287
0.92939
2.0108852
0.7887495
1.0403664
2.2042918
1.1484091
1.1076742
0.23693933
0.5437557
0.9542027
0.65140724
1.572854
0.75494415
0.75330824
1.0340258
0.75518715
0.43248326
0.7425753
0.23419961
0.63916004
0.6295751
0.2872009
1.1512789
0.7824625
0.7653463
0.58419186
0.8527518
0.5292531
1.0102227
0.76599973
0.2792147
0.88993955
0.50847656
1.1292033
0.824103
0.4966668
0.51789224
0.9560504
0.5038112
0.44755542
1.6299607
1.7349392
0.79384285
0.67614555
1.0766962
1.168997
1.0968473
0.49708796
0.53770477
0.7937314
0.6507552
1.2818125
0.8362052
0.6771811
0.44507664
0.70747316
0.99032724
1.6031868
0.6847177
0.68568724
0.76004165
0.6389443
1.9468374
0.42728943
0.6541036
0.84575397
0.56727785
0.8445534
0.3569731
0.73016864
0.7885347
0.9171486
1.138149
0.72392756
0.16567822
0.8249007
0.54558736
0.51659214
0.40088147
0.3719494
0.5481398
0.538765
0.9692416
0.6715297
0.78366315
0.40213376
0.9883721
0.9606975
1.1008285
1.7128133
1.0110434
0.60529673
0.49768195
1.3728278
0.5640586
0.3901898
0.4554486
0.64160854
0.38489607
0.29254648
0.81969756
1.341328
0.8067167
1.2359567
1.0460416
0.81087446
1.2046593
0.47168583
0.73264015
1.1945547
0.93839717
0.7637714
1.1090719
0.82151055
0.42478037
0.7968002
0.9577819
0.6584357
1.1324103
0.8377925
1.1125877
0.74716836
0.3989125
0.50372756
1.1364912
0.46565187
0.80284333
0.6017163
0.7930408
1.0100642
1.3333347
0.9018278
1.1382338
0.6555315
0.40262958
0.448736
0.7906772
0.796129
2.2406158
0.70967144
0.9626688
0.89056164
0.58810925
0.37784165
0.47418398
1.0554365
0.34088138
0.38184753
1.7844774
1.6209062
1.2930017
0.95171297
0.5759549
0.3769634
0.810877
0.78502905
0.9010719
0.6139576
0.7150694
1.5302976
0.41192424
0.48937207
0.55050576
0.5554244
1.1965436
0.80676466
0.7208398
1.0239265
0.68870074
0.76509154
0.8149802
0.5835914
1.967084
0.65727264
1.0332559
0.82729924
0.4988809
0.64100546
0.8638085
1.0898664
0.82378
0.6811919
0.6561231
1.3871679
0.20471878
1.4928865
0.713238
0.47056237
0.4907544
0.8388393
0.55461246
1.8015119
0.45962957
0.93764704
0.90806776
0.9736911
0.9409046
0.2829617
1.0748153
0.85092676
0.8375407
0.57897735
1.8050505
0.71317184
0.6487214
0.3567737
0.9459423
0.55553126
0.62444335
0.9872761
1.6411121
0.7885254
0.48385262
0.36970925
0.55283463
0.501529
0.61399955
0.7645173
0.7017219
1.4691845
1.0905343
0.6314219
0.95514697
0.6783887
0.62301815
1.3540776
1.2590923
1.0616646
0.69063675
0.73972946
0.9068897
1.0166805
1.3028896
0.61115474
0.59219754
0.567984
1.1988367
0.28581965
0.15328975
0.4272047
0.4665824
0.6830092
0.9147186
0.9043064
1.0225693
0.59826
0.6829565
0.58467954
0.93567276
0.66738135
0.7010885
0.54869664
0.3432121
1.0658721
2.742672
0.51987696
0.8437007
0.55665463
0.94961816
0.25215757
0.717673
0.9154408
0.43056366
1.1290272
1.2194154
0.9230725
0.42434362
0.6895754
1.1442462
0.48585525
0.54063433
0.6400969
1.7772098
2.5470312
0.5407821
0.94056517
1.5506984
0.501349
0.29683894
0.8672246
0.74718475
1.1413016
0.94559234
2.708244
0.6960876
0.6529569
1.7127365
0.9311301
0.42504093
0.72407496
1.0974412
0.644707
1.084288
0.73959064
0.46462554
1.3614188
1.0098702
0.5555692
0.19786425
1.6214792
0.3365317
0.48948756
0.5250809
0.82035303
0.33505526
0.97598326
1.6392369
0.4473679
1.1995746
0.5961966
0.48179764
0.7684087
0.5817448
0.5295565
0.60254544
0.84895104
0.5949003
0.37806734
0.6369581
0.6534689
0.8450734
1.104189
0.82426685
1.0915285
0.49379513
0.78268707
1.1913179
0.38100737
0.8469109
0.80534506
0.9884961
1.2932996
0.33056694
0.4613481
1.0171758
0.7777539
0.62503755
0.73224366
2.1298847
0.5365569
0.75809526
1.1308821
0.40955126
0.84429735
0.8882221
0.44866478
0.5693228
0.54253274
0.669566
0.70758796
1.3346326
0.6294513
0.67370653
0.92443424
1.3372642
0.8904534
0.80907
1.2248693
0.89345425
0.9430512
0.7758478
0.49338552
0.69147676
0.82735145
1.4376663
0.9585218
1.0456831
0.7296222
0.76710594
0.46009886
0.89820206
1.2584469
1.22753
0.91535133
0.6285727
1.0002384
0.3013031
0.69447196
0.7799741
0.5959292
0.7022277
0.82468766
0.61057013
0.9268977
0.9800203
0.43848807
0.6066942
0.78332233
1.0746977
0.40198505
1.0490596
0.7433599
0.38169807
0.30639768
0.45316473
0.36346072
0.7278073
1.3414327
0.8738547
1.2346227
0.67906535
0.52511525
0.41312847
0.32728475
0.8787368
0.6603623
0.25756365
1.155198
1.3659575
0.427946
0.5545258
1.8882155
0.663377
0.73751605
0.743621
1.2115363
1.4091305
0.84004986
0.92731327
0.29375595
1.1974434
0.54467654
0.6599526
1.4385959
0.31986713
0.70880926
0.59526765
1.3614265
1.0298259
0.6460914
0.9920683
0.5205477
1.0199665
0.5502846
0.8545042
0.19906673
0.8735005
0.42141998
0.7937028
0.66333693
1.046627
0.9982652
0.6038921
0.48276407
0.99602556
0.47739726
0.7931435
0.66967535
1.1085234
0.960621
0.5900454
0.43485034
0.62889093
0.60948455
0.5506261
0.78884816
1.2921392
0.4367356
0.6267806
0.38492072
1.1909741
0.7638032
1.385342
1.1181535
0.7122236
0.3964904
2.2928936
1.0604423
0.20700605
0.37445447
0.4446548
0.73675925
0.7795607
0.6690504
0.50295913
0.5312688
0.97415525
1.3981194
1.2393368
0.70960647
0.6281537
0.6732475
0.7721879
0.4483584
0.6556967
0.27475137
0.90747523
0.8347776
1.3411944
0.22673365
0.8329447
0.93434703
0.5886431
0.45962504
1.2241788
0.39156547
0.8795854
0.3819044
1.0544219
0.3772486
1.2495888
0.56475997
0.60580885
0.57504594
0.6201739
0.7696621
0.9760015
1.1439246
0.66872823
0.6079596
0.56549406
0.48746586
0.76731974
0.9486282
1.0572016
0.5981926
0.8934252
0.68934005
0.5223728
0.4020342
0.644099
1.5786626
0.5865681
0.9327175
0.82631314
0.6878146
0.25187787
1.067992
0.24157764
1.1075894
1.1307224
0.69072044
0.76069385
0.80204546
0.92517006
0.59635967
0.88329893
0.86949867
0.61022633
0.569844
0.64435834
0.5095256
1.4741182
0.22185692
0.5084742
0.78439975
0.4812136
1.0545297
1.061819
0.47369742
0.64981157
0.68503207
1.6743091
0.5660334
0.9338678
1.5992849
0.8713059
0.9050288
0.42348498
0.64597213
0.9082091
0.3279049
0.92506176
0.54757947
0.5052866
0.5044565
0.3119701
0.7126033
0.5917798
0.6840024
1.240595
0.92054075
0.92184216
0.67725897
0.53872854
1.6357615
0.3448844
0.626049
1.0236661
0.8064716
1.1962746
1.0464433
0.42950895
0.712975
0.37561378
0.9836757
0.1774099
1.3250339
0.67762977
1.0077498
0.5544323
0.969955
1.9777898
0.91430277
0.6646465
0.6240532
0.8041717
0.82171816
0.6741649
0.99090934
0.74570346
0.25604504
0.37256813
1.0101253
0.79678524
0.3373055
0.9584049
0.32307443
0.7428317
0.70563227
0.6038236
1.2045684
1.0011907
0.70052385
1.287543
0.3438269
1.3318275
0.5346807
0.89459896
0.6971515
0.8149855
0.80593383
1.1849056
0.77716744
1.2470597
1.1640557
0.7582324
0.7047877
0.90942085
0.98566544
0.9936487
1.2786183
0.49287003
0.60702306
1.1064335
1.0913751
1.1616341
0.27929804
0.6527062
0.5371672
1.2524532
0.9917403
0.43634027
0.4417466
1.0142701
0.7877464
0.4653508
1.3512455
0.9422842
0.4262102
0.6013829
0.26734743
1.5043348
0.8072473
0.85963625
0.3537128
0.9296308
0.77421784
0.56360537
0.37371114
0.3652069
0.6884567
0.93710816
0.8814147
1.0370432
1.3818245
0.88717085
0.9414563
0.80997974
0.40185687
0.5466309
0.37954894
0.35261697
0.7710783
0.81202626
0.93367827
0.73244625
0.84294766
1.081601
0.45152992
0.75881547
0.6495374
0.78426915
1.1136768
0.55956244
0.85849696
0.38633206
0.82438934
0.98620003
0.84278315
1.2979805
0.9159115
0.23741026
0.87736696
1.0495628
0.76773775
0.7102959
0.8186156
0.63684404
0.32519948
0.5663712
1.6129191
1.0386674
0.4389638
0.5225196
1.9767361
1.0144628
0.33579352
0.77959126
1.6554996
0.647723
1.323251
0.78023934
0.6734082
0.95402503
1.4762155
0.714812
0.5819281
0.605054
1.0310229
0.8656583
0.9136681
1.1475215
0.87207097
1.1202087
0.71038425
0.90070486
0.30125362
0.89441425
0.3046387
1.0390983
0.49285227
1.1189849
0.8712418
0.9079801
2.0127113
0.18518904
0.5833173
0.863227
0.6560206
0.6302653
0.68604064
0.6143004
1.0213597
0.8970188
0.73782706
0.49691913
0.9929298
0.85584223
1.1863041
0.6560377
0.39041963
0.5632961
0.8904491
1.0109135
1.0511775
0.74719214
0.7192588
0.7304436
0.7842982
0.58928806
0.6188037
0.24160586
1.2669895
0.40810844
0.40457067
0.21931171
0.4480323
0.4505426
0.35244092
1.8485405
0.8625142
0.3477767
1.2027891
0.83092856
0.7100844
0.67943776
0.7471192
0.53717196
0.23877385
0.8882446
0.6711837
1.3633723
1.0826408
0.8325031
0.50125325
1.2237818
0.65604407
1.1342204
0.5360317
1.0029095
0.50481266
0.7556586
0.31490508
0.22661139
0.47702268
0.48129067
0.7099774
0.37202618
0.6293133
1.2249141
0.43555748
0.31236964
0.5311721
0.69882625
0.62884575
0.394406
0.81941277
0.89304364
0.868324
0.30915722
0.64868826
0.45038512
1.541145
0.27788123
0.39401877
0.5198277
1.0562727
0.7054098
0.81113863
0.83889276
0.3384887
0.9574978
0.7816262
0.7511464
0.47833785
0.31660303
1.3648368
0.9704451
0.97401375
0.8710509
1.1707683
0.92756987
0.9168884
0.5930958
1.0389355
0.5546715
0.76972324
0.6710566
0.7229918
0.7123782
0.8149565
0.44642314
1.0549434
0.3689519
0.9991228
0.7251794
0.7451972
0.6148855
0.77780074
1.5354925
1.6061615
1.3560673
0.8899317
0.6360572
0.57082754
0.9543611
0.97333515
0.52014846
0.7849775
1.6289226
0.86720616
0.6492095
0.36949706
0.5492921
0.71121114
0.25582913
0.99878806
0.95651364
0.66119754
0.8223542
1.4254866
0.8345952
0.39713207
0.60258627
0.5756604
0.7169708
0.72307897
2.359138
1.037477
0.3490534
0.51089054
1.161276
1.4523265
0.9197249
0.84277415
0.91673917
0.45606434
1.1968871
1.6791259
0.42794552
1.0828037
1.2244738
0.7012927
0.728575
0.95849806
0.33982506
1.1650624
0.4460315
0.72688997
1.1826806
0.6192983
1.275965
0.8861345
0.7239868
1.3077168
1.1289549
0.6658325
0.79757655
0.5929981
0.40570778
0.7737542
0.36480406
0.6939001
0.38955712
0.90538627
1.277263
0.42201963
0.85658157
0.7440659
0.27914846
1.0107571
0.8344078
0.7334138
0.82634073
0.60235363
0.58750826
0.2863583
0.36268112
0.63473934
0.50858796
0.20850793
0.7602643
0.79178476
0.9605871
0.39436895
0.50378704
0.85796237
0.55940896
0.6667565
0.2576478
0.5524715
0.61737484
0.8157979
0.46459168
1.2135403
0.5695837
1.2292097
1.1223856
0.8535828
1.3246688
0.60553163
0.5962368
0.42430198
0.51963127
0.80763996
1.514952
0.8327655
0.8016342
0.41540402
0.8088194
0.7790849
1.6219729
0.86795425
1.1093941
0.25128004
0.57824504
0.89362675
1.076424
0.7116929
1.2690834
1.1597284
0.67958224
1.248424
0.60847986
0.69954324
0.9539338
0.7421455
0.78069276
0.8746814
0.97360176
0.4350825
0.3388546
0.55558515
1.1183761
0.8319668
0.94148624
0.7563986
0.8139033
0.86556864
0.7404469
0.907302
0.5451015
0.587239
0.8165878
0.69882005
0.7168868
0.55224305
0.36311826
0.50788814
0.3265828
0.8629177
0.6605005
0.3358939
0.7985015
1.3731827
0.8147186
0.4804089
0.7813064
0.39640665
0.5611831
1.1350712
0.7252404
0.5437569
0.6560581
0.6862775
0.9349245
1.0147485
0.85520285
0.7902864
1.1254627
0.6533556
1.1132638
0.40274018
0.5195375
1.7061174
1.8197855
0.77689654
0.5719987
0.39036062
0.44259265
0.92699313
1.0315611
0.91947186
0.85300446
0.7305208
0.5870599
0.2859066
0.596719
0.84012556
0.83566624
0.55549043
0.7939261
0.3037665
0.8224261
0.9878066
0.97500175
1.333622
0.6789344
0.7819313
1.577715
0.5106517
0.50876033
1.0589963
0.61008316
0.49264285
1.2445205
0.51662767
1.0787531
0.69480574
1.1909792
1.2689196
1.1450751
1.0177438
0.8702747
0.13978039
0.6548109
0.35770017
0.70025194
0.7428766
0.5733977
1.1832663
0.45457256
0.7343069
1.2882572
0.93031764
0.7863947
1.1471545
0.3022835
1.1649269
0.6418251
1.3354151
0.53222066
0.48237678
0.5432937
0.5361749
0.5509078
0.33002913
0.6498823
0.30762723
0.86467063
1.2088518
0.7575486
0.5809368
0.46402994
0.7745561
1.0836208
0.48400262
0.5153965
0.7819386
0.49922708
1.2255006
1.6287518
0.7109194
0.7830804
0.75703734
0.42518595
1.0857842
0.9675723
0.6914237
0.8173818
0.83628213
1.1921295
0.79576606
0.5645438
0.46959952
1.6310282
0.5424534
0.024026278
0.81538564
1.048595
0.91611725
0.4995411
0.9584343
1.0100789
1.7893109
1.6369675
0.8454318
0.77616924
0.45747453
0.62809736
0.9519313
0.5356592
0.68220186
0.48343027
1.3489645
0.6160973
1.5315126
0.5454028
1.105006
0.76812476
0.9722324
0.5836122
1.470476
1.0226973
0.46658465
0.71610844
1.3638401
0.67350274
0.76733756
0.76713824
0.6395719
0.352722
0.7678059
0.7169085
0.7655123
1.2260104
0.4213311
0.847239
1.2429589
1.0076886
0.8367973
1.4305825
0.8547618
0.9342963
0.8527058
0.5556366
1.0892891
1.0234554
1.403529
1.42168
0.7323555
1.0020403
1.307355
0.54692936
0.34197375
0.5724351
0.3322481
0.5738167
0.8459541
0.87583435
0.5756321
1.1183599
0.8438194
0.56162703
0.57697797
0.49907932
1.3745182
1.0593064
0.5616782
0.95281255
0.88600403
0.86101127
0.7197374
0.7181051
1.650675
1.111538
1.0499187
0.82108885
1.2244635
0.612998
0.77061164
1.0685395
1.9686135
0.539698
0.9248803
1.5941389
1.2478718
1.169131
1.0107672
1.6230587
0.23518847
0.65489584
0.69354177
1.0644406
1.2801632
1.2981073
1.0366348
0.52402097
0.33657643
0.7489226
0.96055895
0.36199838
0.38570598
0.56173027
1.4936659
0.66329616
1.0803572
0.7420787
1.0603985
0.05775522
0.96477604
0.4925454
0.9265732
0.69416285
1.1316975
1.2526835
0.66407824
1.0684522
0.30523637
0.7940692
1.1853144
0.9632995
1.2646993
1.4235849
0.81121266
0.71948665
0.9195829
0.7167084
1.3152404
0.97031176
0.62190014
0.793314
1.1148622
0.59424686
1.1759965
0.51556724
0.72239786
0.5945286
1.4166952
0.8617109
0.84415185
0.40270078
0.9103483
0.47032025
0.63528466
1.1830457
0.7689794
0.89404535
0.34584814
0.7763616
1.4795775
0.86896086
0.40519235
0.4290272
1.2240579
0.89238095
1.112461
0.7369236
0.5601978
0.12271754
0.7263587
0.8481843
1.0590534
0.25257275
0.7696043
0.83445454
1.6593566
0.91792727
0.8231003
0.9840991
0.6547377
0.5169193
0.84695446
1.2623663
0.27719334
0.85716105
1.5127063
0.6909612
0.9602658
0.54851454
0.64842874
0.9063097
1.1874046
0.61053056
0.3183619
0.2824459
0.2498387
1.1136872
1.1446431
1.0923445
0.84273255
0.5845078
0.3893521
1.0014535
0.37216264
0.65579516
1.6443647
1.5048496
0.5027563
0.6336889
