0.6400578
0.8021939
1.1128714
0.538575
0.9584664
1.1443039
0.21315016
0.22567831
0.12346079
0.5565541
0.76228243
1.0869322
0.3390075
0.10155077
0.6414913
0.74994695
0.3910968
0.6245676
0.31190625
1.5712422
0.61390644
0.43493062
0.41231138
0.16165754
0.8687415
0.5144761
0.10377142
0.61718756
0.781436
0.24965355
0.6161287
0.34912965
0.5940372
0.8609219
1.0108765
0.77208716
1.2654265
0.65678513
0.38033882
0.4760605
1.0114981
0.26420334
0.8064688
0.6955623
0.10773684
0.59988546
1.1806538
0.3030441
0.55646306
0.79716045
1.4594107
0.9359279
0.84720427
0.18365191
0.30969194
0.40588245
0.25642732
0.9899296
0.51655746
0.28935575
0.6319654
0.11523058
0.72807777
1.3679551
0.31843165
1.2083747
0.16490796
0.1730924
0.32528093
0.6173152
0.9623055
0.46093968
0.2976963
1.112681
1.0770006
1.4261111
0.2960226
0.17578186
0.60745287
0.15275407
0.3620231
0.9956439
1.2294617
0.8159259
0.33308622
0.30713403
0.59312284
0.22392727
0.21558799
0.13675089
1.3677936
0.83542454
0.83754313
0.17696834
0.18556947
0.2896755
0.2305068
0.61077785
0.38425136
0.44226667
0.89379466
0.21236028
0.20204382
0.64917946
0.46837017
0.4455784
0.56794417
0.55028975
0.45407322
1.0605836
0.40606108
0.578
0.3740489
0.579731
0.20413926
0.19457059
0.6468658
0.29941764
0.33289176
0.35420182
0.6138156
0.4035952
0.5634136
0.40267342
1.038347
0.7286876
0.63740677
0.44194192
0.70742375
0.24732645
1.1254708
0.39323258
0.336849
0.17563038
0.34428272
0.607801
0.2171693
0.42529154
0.28163192
1.1996413
0.24436735
0.20202662
0.39997932
0.7782902
0.92927605
0.2317891
0.51024926
0.17051126
0.25176764
2.1338518
0.5479151
0.13522393
0.20429237
0.26248664
1.2270324
0.88460004
0.43633753
0.44314453
0.16653886
0.2338607
0.69042575
0.5302922
1.0054262
1.0163913
0.39149877
0.49618444
0.58661336
0.81718475
0.8035189
0.5699959
0.28586984
0.60395694
0.6512264
0.34855968
0.122056246
0.9158573
0.5967113
1.0510187
0.2841306
0.97754353
0.2308376
0.77179295
0.29832748
0.7784398
0.79886854
0.5075998
0.838598
1.256146
1.0118456
0.4892392
1.7124858
0.33224824
0.69944245
0.92359245
0.7282978
0.28529575
0.18519394
0.24887607
0.9174745
0.6206746
0.28021187
0.6833652
0.6124066
0.30242646
1.0063493
0.7589754
0.36326754
0.49459994
0.17197356
0.15121801
0.16506557
1.8063601
0.52927005
1.0564444
1.3701401
0.512144
0.53367525
0.30278307
0.20376672
0.49317828
0.71217245
0.39660835
0.972251
0.18432444
0.5786777
0.3300382
1.0865027
0.51194674
0.387864
1.021236
0.6658565
0.5858936
1.2052451
0.23463893
0.7109308
0.9144235
0.6945538
0.34181398
0.82089406
1.1904069
0.48556873
0.32212228
0.43820003
0.37901184
0.85265684
0.1781436
0.39620143
0.30364233
0.14805861
0.17540853
0.6615434
0.29832733
0.7077326
0.5570127
0.5215861
0.29706386
0.2599627
0.5167721
0.49603674
0.27432317
0.46733242
0.36449096
0.28271392
0.5216531
0.6373938
0.3271616
0.18492118
0.30393508
1.9394261
0.27981025
0.14133646
0.5645255
1.4023007
0.5982097
0.21547641
0.63991404
0.52424574
0.50302476
0.33160248
0.278496
0.79188836
0.69202435
0.5471702
1.16138
0.36274633
0.28442246
1.1558211
0.3726425
0.5031332
0.6053436
0.750735
1.7027181
0.8273514
0.41029128
0.3554676
0.7061236
0.26947996
0.699726
0.48194388
0.40630317
1.0243566
0.78257066
0.37384358
0.38834405
0.36710852
0.900457
0.7507017
0.3323474
0.5027573
0.63439566
0.4591905
0.2582605
0.6487529
0.6946001
0.4859617
0.31409678
0.64182884
0.36878514
0.67737585
0.40291786
0.29441863
0.4171866
0.28528953
0.53081506
0.3981661
0.17637607
0.1694668
0.26434204
1.009054
0.20162898
0.2777379
0.7886608
0.450491
0.392243
0.6181022
0.8242289
0.28406498
0.27547628
0.76675475
0.13112165
0.8086867
0.7638754
1.097606
0.7929425
0.7003817
1.8161314
0.17478368
0.16598219
1.0365764
1.0244802
0.31015587
0.56430376
0.3192736
0.68883055
0.43484235
0.19225448
0.54310983
0.3462104
0.61229175
0.53234255
0.9109439
0.4435561
1.178233
0.79409575
0.6879262
0.20473826
0.4168508
1.1334629
0.23946437
0.20773685
0.18547556
0.80116403
0.20641938
0.6246904
0.6761347
0.19359198
1.1230673
1.3395567
0.42830366
0.17282964
0.23760964
0.36399442
1.0563766
0.89554226
0.2743326
0.40562454
0.21805666
0.45245928
0.5677789
0.80276895
0.2016714
0.33987394
1.0578084
0.2643361
0.9204466
0.73699915
0.394523
0.482021
0.14384875
0.44706693
0.57677084
0.47796425
0.31849644
0.4051942
0.63589954
0.9845672
0.71355265
0.4044982
0.41274297
0.23616375
0.7921529
1.0364444
0.21072462
0.83511424
0.19405249
0.9796672
1.0136558
0.1483467
0.51125824
0.43612677
0.2177106
0.20294869
0.96769613
0.7424235
1.1926177
0.7353698
0.36880526
0.186431
0.24673493
0.4675544
0.7984856
0.3128256
0.36908123
0.69349766
0.35643598
0.86864805
0.57172596
0.5426589
0.20640959
0.7955867
1.0327821
0.7617976
0.5836554
0.6704935
0.35725236
0.75285643
0.91577774
0.5579183
0.18603979
1.4762882
0.45087424
0.27083123
0.6124326
0.2262693
0.37634903
0.21152432
0.4854107
0.0
0.33966428
0.164521
0.49994466
0.8581158
0.43343467
0.8305697
0.58053076
0.5266449
0.9856346
0.43520945
0.65841955
0.9802662
0.24927972
0.5537162
0.23568293
0.3176124
0.32039
0.12535836
0.36671063
0.25646332
0.73647547
0.4433803
0.38498116
0.64331335
0.5666677
0.2804266
0.79949886
1.0181775
0.5654497
0.29848987
0.23308519
0.46097845
1.4983134
0.32268113
0.5722322
0.2894652
0.6004945
1.3555514
0.4543625
0.232078
0.8845303
0.2689203
0.6311656
0.4770321
0.59985524
0.13982606
0.6740844
1.1359942
0.40623447
0.6168729
0.21846408
1.0732328
1.064516
0.27847153
0.64108694
0.42211214
0.20435375
0.4046318
0.23979415
0.55575585
0.52484024
0.22045325
1.314259
0.67091674
0.73178947
0.28195542
0.8169273
0.71563965
1.0465822
0.84650296
0.88890165
0.84552985
0.68581575
0.676945
0.22217534
0.61596406
0.2678536
1.0479802
1.3612494
0.38344717
0.4221866
0.15184213
0.5042039
0.12791766
0.74043715
1.262008
0.43496245
0.17950684
0.25225636
0.3127797
0.18526822
0.17354369
0.98512995
1.0748192
0.7127967
1.2115777
0.7652293
0.33582163
0.327907
0.955367
0.7777661
0.5334143
0.8475274
1.0941008
1.0367695
0.7152235
1.0129572
0.82321787
0.38932058
0.62170106
0.72750455
0.79725945
1.5940095
0.26748016
0.5298013
0.59295386
0.24003191
0.66969216
0.2063602
0.2871253
1.1598358
1.507716
0.17575368
0.38103804
0.662916
0.7408602
1.2750839
0.57034725
1.1806364
0.29256007
0.26291734
0.54219574
0.29459792
0.7539503
0.2772239
0.40805683
1.0687141
1.208219
0.7942554
0.9174162
0.3777705
0.4662913
0.28385323
0.5125823
0.89140666
0.66489476
0.21200255
0.71786433
0.34114745
0.31369427
0.38163254
0.7925791
0.49254125
0.46651077
0.78612137
0.1857998
0.42596632
0.7937886
0.12693915
0.7681961
0.62770635
0.5137296
0.19079463
0.3477556
1.4681736
0.33413476
0.23566218
0.67593807
1.4752188
0.14269894
0.28409508
0.5528408
0.16512683
1.3309368
0.49700397
1.0181737
0.53630346
1.4812481
0.2633455
0.58193576
0.28499487
0.4403525
0.17151998
0.922212
0.8247786
0.87180036
0.4487368
1.7005496
0.61006457
0.4187374
1.0254536
0.60105413
1.011464
0.74323505
0.33854848
0.96652085
0.12350453
0.6533872
0.6613444
1.0974315
0.34163842
0.5426882
1.0213195
0.21227567
0.56796116
0.7056841
0.9690477
0.14598937
0.7532291
1.3509941
0.80023074
0.60097086
0.20746598
0.19000742
0.4548643
0.7100833
0.31816965
0.616309
0.61289376
0.6476308
0.31301937
0.28311554
0.6392108
0.44518456
0.56627387
2.4532957
0.44591954
0.21482709
0.72576666
0.2706569
0.43767938
0.57010144
0.98410684
0.8615395
1.0822359
0.3895126
0.7185435
0.2801065
0.6540148
0.2116473
0.32943884
0.35612184
0.28104913
1.1967834
0.50073737
0.595182
0.37794492
0.49314576
0.58212835
0.80781287
0.27609673
0.64286625
0.50184196
0.51193637
0.19310796
0.92406124
0.33754033
0.45870176
0.70287186
1.2569001
0.49964747
0.660004
0.42800596
0.1335514
1.0958143
0.48636597
0.49967447
0.20204207
1.2878505
0.45102453
0.50341874
1.002441
0.3622175
0.56136125
0.46918058
0.26846865
0.75437224
2.7595108
0.5750009
1.1342535
0.3449547
0.35700902
0.84177506
0.097442284
0.39466316
1.1246336
0.6276904
0.30608004
0.60199535
0.3937548
0.7107297
0.2908881
0.15969498
0.9692515
0.60738146
0.5019818
0.7142561
0.7823789
0.6746871
0.5015284
0.84271234
0.68523026
1.124853
0.18739021
0.64867425
1.0323269
0.35341424
0.3489886
0.9185225
0.41193053
0.5758518
0.7520945
0.3273008
0.547811
0.16628376
0.84445757
1.2662897
0.20323944
0.24113354
0.5255483
0.4359998
0.6318579
0.3022234
0.8126121
0.6007253
0.19596338
0.65711474
0.5453017
0.6151892
0.6022869
0.49570844
0.2474688
0.6647326
0.19333942
0.4271954
0.18144305
0.7003781
0.9885544
0.23138826
0.36224985
0.56359655
0.5478947
0.7037398
0.4289612
0.80750346
0.27408472
1.6055835
0.43894207
0.38081387
0.698958
0.43642688
0.9783256
0.31157586
0.8239523
0.5339354
0.23898135
0.6277874
0.3503307
0.69788975
1.4070712
0.58776146
0.45579615
0.7045639
0.456363
0.33874336
0.8325335
0.3548503
0.7452215
0.18627794
0.18499447
0.18697272
0.24895702
0.2753641
1.0865126
0.38497046
0.27064928
1.0824438
0.4257457
0.45270988
0.72709143
0.42149064
0.22270587
0.89709127
0.27017733
0.46030158
0.67461973
0.33279213
0.26642355
0.42802152
0.2871363
0.3918507
0.24902314
0.42083412
0.75681585
0.48156106
0.8696968
0.9485724
0.74333453
1.2084656
0.16708837
1.2766222
0.31637946
0.7506571
1.1784053
0.70503473
0.27338153
0.15582144
0.5652849
0.49473444
1.3476847
0.3720956
0.7357683
0.8115428
0.9922973
0.89499265
0.36505753
0.52701455
0.42762765
0.8243372
0.7464201
0.5196752
0.30371222
0.74174136
0.107539624
0.33301577
0.26950443
0.32361662
0.32124418
0.9690007
0.25902846
1.1540173
0.6474991
1.2380103
0.601988
0.27847347
0.88068485
0.51723325
0.50544715
1.1841736
0.7674832
0.5874828
0.42251182
1.1431485
0.637864
0.4950248
1.3924325
0.47543782
0.7433499
0.55722636
0.1835722
0.2717678
0.1646351
0.43426505
0.7903611
0.9658971
0.31947288
1.5343014
2.0432005
0.13759995
0.7463171
0.41030875
0.35977626
0.96214986
0.44010964
0.37627658
0.66913605
0.2703821
0.42489782
0.6670209
0.60726327
0.2188602
0.51395416
0.6831355
0.27361432
0.25562558
0.57686746
0.51731795
1.4436635
1.1967809
0.70715064
0.2948231
0.260595
0.4005166
0.21341492
0.28940433
0.6344968
0.052207712
1.6410356
0.6068548
0.20900059
0.43844268
0.9245564
0.750799
0.44778222
0.36261207
0.25310957
1.1582085
0.30914244
0.60619164
0.08722074
0.7593564
0.35946202
0.21997453
0.21643192
0.2504668
0.32539275
0.21395041
0.18535216
0.35263157
0.7109579
0.24922079
0.503182
0.6867805
0.5877347
0.2949996
0.8177291
0.8870146
0.56347066
1.213585
0.27926728
0.25215018
0.34209573
0.57189167
0.7499809
0.44271255
0.32695782
1.1411781
0.9826266
1.1191696
0.17631343
1.4472306
0.4068145
0.800873
0.47034612
0.51247114
0.7612818
0.17960268
1.1355186
0.2429727
0.3229933
0.21938066
0.35795987
0.40755495
0.68305546
0.3041126
0.18427218
1.7149035
0.33157662
0.24409965
0.3203932
0.18595009
1.0110132
0.5006615
0.5057768
1.2594023
0.80854124
0.34322792
0.18603307
0.23808861
2.9539785
0.6871857
0.18908095
1.0591893
0.40360183
0.5983859
0.29994866
0.1515776
0.9613333
0.19969898
0.3128488
0.7010823
1.8952156
0.32124755
0.16187453
0.6749444
0.12060271
0.5065001
0.44523302
1.0680052
0.39911708
0.7718758
1.0139436
0.3281593
0.53686947
0.019325536
0.56741345
0.48809925
0.43179193
0.44653878
1.2145225
0.50740814
0.48232624
0.75837976
0.86344373
0.632691
0.62261367
0.19688503
0.40799308
0.14557244
0.2489146
0.43326834
0.744511
0.5238335
0.40725228
1.511562
0.7858125
0.20335458
0.29404578
0.7452153
0.6580106
1.2954812
0.6486387
1.2648233
1.0383985
0.89101404
0.19466577
0.3227132
0.36786273
0.52025867
0.24265382
0.27734965
0.38659775
0.2102283
0.48364466
0.38420355
0.32247013
0.17942877
0.052207712
1.0470353
0.6447044
0.81988835
0.7893136
0.2882251
0.43815884
0.75242764
0.3543515
0.77266836
0.2007143
0.25188363
0.5271595
0.1685968
0.25709394
0.6474577
0.42505878
0.83943254
0.39115077
0.955436
0.49601173
1.1398362
0.25149986
0.23973757
0.95567435
0.3590193
0.23714292
0.2643498
0.50658596
0.17270963
0.20988762
0.6322187
0.1443926
0.72997344
0.21815944
0.31316644
0.8345118
0.63126665
0.28882676
0.8908001
0.4790267
0.45263746
0.6059379
0.21981673
0.12814187
0.39843994
0.5231472
0.46021923
0.6588164
0.36822802
0.3849177
0.61792445
0.6530541
0.45319274
0.20246746
0.32553503
0.39412943
0.6723876
0.7612
0.44707108
0.9213896
0.16800155
0.95452565
0.30748194
1.0296359
0.87853515
0.31161323
0.16986361
0.70130503
0.85588765
0.7285442
0.7584065
0.57768655
0.62376744
0.69510144
0.5087357
0.40601367
1.0796111
1.2164894
0.2872315
0.16664281
1.7641906
0.80557495
0.25143987
0.57420915
0.5238699
0.38439953
0.3350558
0.73881376
0.9015867
0.77514446
0.07253118
0.38365635
0.7570703
0.6396714
0.43033636
0.87357056
0.23132646
0.4444412
0.1827242
0.72625166
0.34867096
0.9720101
0.7838048
0.376604
1.110993
0.33997354
0.32233143
0.6140699
1.071524
0.547148
0.59938323
0.18566084
0.69955945
0.12641032
0.9457411
0.51323014
0.30844364
0.50123256
0.29823163
0.24458687
0.24061848
0.50919706
0.48762968
0.23476894
0.14415237
0.99692124
0.16635144
0.376837
0.46363294
0.81532055
0.9859332
0.67299277
0.23646127
0.9005712
0.59566563
0.15495794
0.51597625
1.1810901
0.95382476
0.79953
0.14037882
0.7571372
0.39150825
0.7307392
0.7656087
0.20078145
0.21689351
0.9417006
0.17862372
0.4689313
0.24468048
1.0433052
1.0568178
1.1682421
0.1769636
0.77951247
0.38339236
0.3406015
0.2744444
0.22937849
0.2936419
0.12340637
1.0637643
0.56101316
0.4649302
0.48851418
0.34179
0.16245475
1.0257455
0.7398029
1.516671
1.0885469
0.3439616
0.28789875
0.19049767
0.3047061
0.87805736
0.30863652
0.88661593
0.95889926
0.95533395
0.387462
0.6588164
0.97916037
0.027877312
0.28470972
2.0148356
0.44284865
0.7874813
0.16623305
0.9889741
0.92360955
0.63661313
0.14103444
1.0035
0.39174542
0.7209666
0.25972664
0.99906003
1.2458425
0.49892426
0.5830204
0.21568604
0.2332942
0.42083222
0.772724
0.81558335
0.18722405
0.47477722
0.37905312
0.3620722
0.58194965
0.9169532
0.2822542
0.8451105
0.614355
1.0272964
0.3461258
0.25583106
0.8833062
1.0700282
1.1244564
0.18817708
0.6002075
0.3853087
0.96304137
0.5589011
0.57455856
0.6087068
0.6130656
0.46267888
0.07942714
1.2240542
0.2305823
0.39651063
0.26672897
0.2645779
0.5695821
0.29360947
0.5383777
0.6470547
1.3613592
0.18945907
1.299059
2.1285772
0.79643047
0.64945555
0.8823879
0.32420614
0.6336913
0.98742205
0.8922181
0.41968176
0.45365837
0.51376593
1.0586507
0.15445332
0.8483678
0.1762851
1.062634
0.31758726
0.92592347
1.1040671
0.1273868
0.26739433
0.67888594
0.33124274
1.0684582
1.1681917
0.7685211
0.5973707
1.4529021
0.6720734
0.342989
0.20096438
0.60109645
0.5351707
0.5122926
0.658367
0.7240845
0.67372364
0.53760433
1.5552111
0.54960895
0.5564891
0.6273956
0.74201185
0.6353797
0.45472524
0.715329
0.33763105
0.2567078
0.9323145
0.3693199
0.71773976
0.7975953
0.4259659
0.26000106
0.28224102
0.96902895
0.9474349
0.7077208
0.6443239
0.5654151
0.21468197
0.4357991
0.555518
0.37002432
0.29704833
1.0596263
0.5946233
1.2067624
0.65006804
0.4828706
0.5916256
0.8963181
0.6116142
0.23120831
0.73291546
0.86519855
0.25849652
0.3640838
0.0
0.44113937
0.7975672
1.2094467
0.2358466
1.7204679
0.3048939
0.64493275
0.42445025
1.2250445
1.2364489
0.79968286
0.3580592
0.40831032
0.6686914
1.734157
0.5563151
0.63022804
0.3957585
0.21896425
0.536224
0.52645457
0.7082709
0.35719344
0.3226267
0.17462102
0.7951591
0.1065274
0.56192017
1.0916184
0.38875934
1.0212197
0.19777319
0.45301023
0.18265952
0.55530494
1.0305443
0.6671873
0.3856701
0.7674467
0.5440881
1.0809041
0.16390467
0.16128169
0.7873607
0.74900115
0.26623884
0.86233735
1.006852
0.77055925
0.9226216
0.86406493
0.7240443
0.31605858
1.0217302
0.15221404
1.0121479
0.91774046
0.96755606
2.2081764
0.5984325
1.1334429
0.5035481
0.75475943
0.95052195
1.561822
0.9809187
0.5494687
0.18995118
0.19067523
0.42968342
0.19686499
0.9008174
0.70851326
0.64099175
0.53679943
0.40092906
0.17620829
0.6496468
0.7226449
0.21395786
0.8021486
0.19862363
1.1204041
1.1794399
0.6337462
0.36742836
1.1814618
0.8204509
0.24330552
1.5702212
0.20110993
0.18558472
0.3394063
0.8202804
1.5297413
0.5611754
0.71672976
1.0104836
0.6011513
0.6564422
0.6227013
0.23876372
0.38842806
0.6632082
0.8430464
0.39708376
0.23239355
0.905038
0.16363989
0.5062939
0.45330718
0.29226843
0.5904964
0.613536
0.79238933
0.44249383
0.9928792
1.2021211
0.16794424
0.24104173
0.58426374
0.5835257
0.40852594
0.53745365
0.2921686
0.28241968
0.8719381
0.80314887
0.7469246
0.3964518
1.0555769
0.73185897
0.30269173
1.1240678
0.78033435
1.4200736
1.3648897
0.6418632
0.75808096
0.2039987
0.23991702
0.35553393
0.43035054
0.48124322
0.6636798
0.28591952
0.5414683
0.5974141
0.2529312
0.46042207
0.39790645
0.40986633
0.44514304
0.750929
0.8532218
0.8036174
0.31893212
0.9065039
0.28245056
0.59088415
0.8170229
0.1524095
0.27822146
0.18960816
0.77878976
0.4139815
1.183906
0.71705943
0.3587078
0.37336588
0.644158
0.730156
0.707014
0.3431963
0.6064443
0.20390758
0.5381091
0.6270691
0.77899045
0.13333245
0.4086517
0.4512832
0.93599826
0.19184712
0.29934746
0.4913491
0.41337332
0.34090975
0.94219464
0.37161657
0.6733858
0.29806566
0.892676
0.38912886
0.49557078
0.5780816
1.2549509
0.1990697
0.16146311
0.76482934
1.5061051
1.5496557
0.33250716
0.3595921
0.95185214
1.013543
0.43167526
0.2756927
0.4160827
0.6026763
0.2066923
0.20735838
0.41879976
0.93963534
0.5962064
0.13244238
0.57818574
0.41261378
0.7132356
0.26981643
0.6717754
0.284824
0.8039669
0.555686
0.5446489
0.7393552
0.3770802
0.3239666
1.1025996
0.50384575
1.4697211
0.86458623
0.6664768
0.9078147
0.8311674
0.69842345
0.8881284
0.6470905
1.2801286
0.423692
0.0982903
0.09163509
0.3543958
1.0088115
0.77807766
0.42794442
0.22760543
0.24770394
0.5920317
1.0467448
0.82659656
0.6118516
0.9703822
0.4202579
0.95676047
0.4098114
1.3819665
0.5731348
0.34434253
0.36218792
0.83799493
0.7274856
0.9726833
0.77166754
1.3244263
0.9319107
0.3069059
0.46670812
0.38129008
0.33637774
0.2824227
1.1201612
0.33503976
0.30684373
0.6976703
0.24051446
0.3672585
0.7406353
0.23158386
0.24813141
0.8085841
1.046102
0.19920947
0.16789517
0.13812697
0.48832434
0.52186346
1.1142225
0.61591524
0.8163785
0.6572516
0.38950378
0.8863609
0.1542894
0.21613589
1.2367768
1.7687383
0.45259318
0.4163629
0.5522532
0.7645227
0.39940068
0.44063216
0.43260947
0.41517758
1.1788547
0.34032124
0.43985716
0.7927786
0.24231431
0.7497913
0.20184311
1.1623464
0.5747723
1.7087759
1.2089442
0.25515696
0.91785985
0.20022452
0.25472757
0.2824016
0.45517686
0.24946193
0.20760138
0.17930442
0.09956726
0.20211312
0.18908519
0.41128308
0.14098899
0.33750275
0.37281188
0.2614434
0.64737254
0.17516115
0.5091003
0.7868233
0.16133039
0.47942394
0.2978575
0.2085462
0.8413006
0.3131593
0.469492
0.41575605
0.62551564
0.6898549
0.7702502
0.33908173
0.658474
0.64993477
0.23443654
0.7950096
0.77924556
0.31844205
0.16733794
0.2937196
0.41023162
0.41443035
0.597839
0.242916
0.66149086
0.6746848
0.40281293
0.98554105
1.0649738
0.72318244
0.4854348
0.39082024
0.8113135
0.8275477
0.24716215
0.64796656
0.39393938
0.8602174
0.40398788
1.0401758
0.1904735
1.0187253
0.76003414
0.5327662
0.6890737
0.9085236
1.1531782
0.15699348
0.14602603
0.16931398
0.65248126
0.7289752
0.8888722
0.5975866
0.7320287
0.50900173
0.57064676
0.46719542
0.20579877
0.45955667
0.2113427
0.5255015
0.28349394
0.2329762
0.14845198
0.6380734
0.4660965
0.27358058
0.7675013
0.27888277
1.3052148
0.1428142
0.6827214
0.56368625
0.89064085
0.63832927
0.17144533
0.5640028
1.0402286
0.32035792
0.75333005
0.7317647
0.16021703
0.55878776
0.7454935
0.797815
0.244647
0.5040493
0.44870028
1.5522171
0.33071804
0.45774472
1.4109284
0.5329379
0.1637975
0.85539246
0.48093152
0.7090494
0.46845302
1.5397283
0.43153253
1.006462
0.53175455
0.4235495
0.57349604
1.4434557
1.3875407
0.19399548
0.34266236
0.19006057
0.7855301
1.1412381
0.16112478
0.24472433
0.36699647
0.83221275
0.22193335
0.3563503
0.33175758
0.81411254
0.27839753
1.1060946
2.2121289
0.52606726
1.0023609
0.4885261
0.8222307
0.6951077
0.38605672
0.4238416
1.1419234
0.83006686
0.5869885
0.45594272
0.557968
1.1943094
1.0070734
0.32573158
0.25237498
0.85818833
0.59399706
1.0416298
0.43242982
0.71763486
0.19102332
0.6560316
0.19553563
0.7484557
0.7009912
0.8233474
1.1143155
0.14428017
0.2367973
0.8553445
1.0442652
0.30655974
0.55023
1.1612271
1.5307912
0.7277654
0.17032337
0.31374386
0.76660496
0.2135242
0.48420542
1.3711013
0.23529634
0.18719313
1.2401946
2.0682507
0.4481439
0.26250088
0.22753957
0.36134946
0.31824088
0.3771933
0.8479496
0.46497524
0.17532991
2.065477
0.6139951
0.20953883
0.49469858
0.760887
0.19637357
0.92694354
0.5609852
0.2193405
0.3080895
1.0422957
0.25551972
0.23762228
0.15256226
0.13546066
0.2737386
0.46039477
0.39374217
0.56078166
1.7265989
0.85247886
0.8030253
0.44940504
1.1238649
1.1926888
0.1612148
0.8201784
0.46865004
1.7314022
0.44087848
0.6348526
0.7926049
0.8612296
1.0037179
0.39757836
0.44002154
0.3472857
0.59601724
0.21701552
1.6181278
0.80203855
0.6621265
0.15765417
0.5623774
0.49731052
0.21314839
0.268274
0.19887817
0.26493517
0.20740284
0.39385426
0.33777672
0.43558457
0.49600443
0.23693132
0.33330122
0.68535304
0.3556707
0.24351862
0.37585106
1.0556782
1.2294735
1.1062684
0.65716684
0.23778385
0.4554043
0.44456387
1.1387342
0.7235516
0.45134586
0.75290644
0.6887961
1.1979558
0.60616976
0.6191112
0.3191808
0.9747024
0.7825891
0.9297636
0.3127631
0.30009982
0.56200945
0.5929739
1.1699299
0.49906713
0.22542976
0.69084424
0.3469669
0.3645503
0.96273947
0.6601647
0.44625828
0.25877872
0.32832888
0.40334845
0.27883476
0.48203942
0.95428175
1.1868048
0.20166177
0.8024298
1.0217465
0.7782234
1.0182868
2.0147526
0.43319055
0.79024506
0.9220425
0.77660847
0.5857521
0.86825264
0.28135544
0.5521073
0.2447019
0.4584703
0.2655914
1.0362462
1.4017949
0.7773203
0.2715506
1.1447645
0.58170205
0.7548943
0.7817304
0.4717848
0.2278156
0.8130163
1.4966457
0.96575254
1.1160618
0.552295
0.24976617
0.7306058
0.61533535
0.80862737
0.56866884
0.25124478
0.19209109
0.29644677
0.2199701
0.35813913
0.6259743
1.6251858
0.9120316
0.39158067
0.91587305
0.35209125
0.51878864
0.5697716
0.7405769
0.13931139
0.253768
1.2807455
0.3113111
0.64063996
0.5300574
0.14496283
0.57734907
0.6261706
0.41346085
0.72039074
0.31630304
0.23062594
0.48099273
1.0941223
0.49792236
1.1075495
0.6469722
0.36073142
0.3295775
0.8134466
0.23840287
0.37650943
0.358607
0.18868157
0.3059541
0.19781946
0.48185268
0.36330652
0.82942754
1.1513392
0.22353908
0.26558805
0.3996554
0.9891628
0.1860134
0.53582835
0.5479473
0.5920857
1.2485609
0.1392448
0.45140517
0.477323
0.17766224
1.0294864
0.26886377
0.73889554
0.84695846
0.14580092
1.2608231
0.46860433
0.136956
0.8376484
0.52458197
0.4124688
0.5401181
1.1047453
0.18018924
0.4543284
1.2343167
0.15848543
0.6956242
0.20797509
0.68018824
0.5442292
0.8425947
0.410106
0.25053796
0.4798336
0.98486817
0.97368616
0.2649762
0.12688059
0.44344202
1.0124096
0.21153381
0.19638409
0.9838615
0.1347953
0.5645962
0.5064214
0.43241358
0.7098304
0.46675363
0.6384601
0.4388523
0.6069232
0.34472707
0.42133823
0.23187387
0.47588214
0.40479222
1.3976352
0.5059275
1.03359
0.3170909
1.026155
0.3012384
0.26548642
0.59949887
0.9397021
0.4696906
0.60682815
0.5795313
0.99132425
0.3688771
0.35897282
0.20289277
0.54527646
0.6608732
0.5665586
0.44437683
0.16501725
0.37935957
0.19025178
0.6646877
0.7181693
0.5371705
0.86538446
1.1338851
0.5716901
0.4268173
0.094036885
0.46367338
0.36536792
1.0610315
2.111501
0.19322032
0.8767807
0.25945306
0.45183855
0.5721982
0.9075102
1.1528952
0.6544255
1.0907038
0.8601256
0.4534286
0.5711062
1.9495013
0.25463676
0.20096326
0.5326078
0.7138307
0.76790684
0.86189866
0.28033307
1.3275589
0.41592175
0.6882298
1.182376
0.8793624
0.8235159
0.42558745
0.76420504
0.40996125
0.17766649
0.27734885
1.0320809
0.25457874
0.8360415
0.94936246
0.4020862
0.65013665
0.18965559
1.0327755
0.1931378
1.6959919
1.2579592
0.7466957
0.8028204
0.5404484
0.2182491
0.62760997
0.47860843
0.57690287
0.647447
0.46764955
0.56690615
0.39574176
0.17197679
0.26818025
0.39946136
1.338671
0.3586695
1.1341215
0.31868264
0.5193549
0.28722948
0.16500868
0.24775259
0.84527355
0.45054832
0.8719483
0.55881333
0.30326262
1.6616939
0.3227635
0.6354457
1.2003824
0.60436463
0.33403766
0.33301497
0.3464906
1.9592738
0.5111531
0.5106386
0.2705378
0.25738353
0.16134802
1.050028
0.2810446
0.8849088
0.94190896
0.5733927
0.38155982
0.438163
0.5375383
0.23445727
0.22383977
0.20508195
0.39697662
0.67885137
0.35140508
0.23449756
0.551023
0.23297662
1.0714064
0.19383055
0.35031897
1.2591146
0.47953677
1.2855866
0.22464462
0.5082896
0.26484516
0.7147885
0.77091056
0.8823948
0.59781504
0.68222547
0.9958247
0.66148716
0.5696556
0.19632064
0.95139104
1.0129874
0.37097326
1.0134251
0.4192982
0.8960223
0.46788248
0.3198681
1.0578644
0.9379975
0.14137325
0.31439468
0.59754205
0.50796616
0.33229214
0.2841302
0.71767944
0.3705269
1.0614531
0.11332617
0.160268
1.3770667
0.13012908
1.1818728
0.9227932
0.76235926
0.42806235
0.31819335
1.0660887
0.50277627
0.20984899
0.2447604
1.057175
0.27159142
0.2685743
0.2387648
0.262004
0.29981142
0.30493325
0.34283867
0.8272111
0.46010903
0.2678987
0.21206954
1.0036455
1.3104286
0.34880483
0.6911706
0.2487712
0.7222394
1.4085754
0.8145006
0.4937858
0.44975972
0.3966312
0.54701877
0.3571477
0.20002858
0.4260295
0.96030474
0.19037639
1.4085056
0.36108008
0.58614004
0.5167447
1.4522717
0.71060264
0.5473921
0.3450673
0.3459966
0.7625291
0.3409598
0.3306645
0.90053886
0.9689993
0.37041587
0.4280799
0.20594741
0.8387467
0.7925047
0.24451172
0.25725156
1.3206743
0.6977275
0.25050658
0.79159904
0.76448524
0.29773834
0.40127546
0.5874089
1.2767428
0.7675471
1.7244794
0.59981775
0.36058617
0.89582187
0.49082097
1.3202633
0.28388384
0.20476253
0.6574771
1.1773914
0.49891812
0.38117224
0.38406357
0.43335447
0.47571892
1.0783709
0.25414565
0.22551107
0.87049013
0.38301632
0.5254674
0.837323
1.7086941
0.23369466
0.13184404
0.29992542
1.1246047
0.18369853
0.09057325
0.25658387
0.62807006
0.6848486
0.6139207
0.8518931
1.1142542
0.14537941
0.60814655
0.9823821
0.37689614
0.50349146
1.6178639
0.9330207
0.92249805
0.37585005
0.20751151
1.0448257
0.5396587
0.7990751
0.88242877
0.34300065
0.28459337
1.1114599
0.5087465
0.33197588
0.6662504
0.5945488
0.41705292
0.36202595
0.526309
0.7460342
0.7685947
0.43844214
0.25354508
1.135267
0.6319996
0.6035123
0.60625845
0.90364057
0.74080306
0.7916231
0.6529662
0.82250535
0.1577818
0.36259344
0.89040023
0.22923462
0.26305977
1.0019038
0.33674172
0.67525536
0.9038353
0.6624275
0.28519002
0.9737342
0.34383637
0.79462284
0.25323623
0.90995705
0.9307155
0.15058447
0.43501043
0.5445045
0.26089564
0.46350735
0.62874526
0.44288942
0.29855496
0.83708924
0.19909358
0.902682
0.37724984
0.45806074
0.43521455
0.9794922
0.56644964
0.4227333
0.28707853
0.1956323
0.6540978
0.32970995
1.0827391
1.4911375
0.77707994
0.31624955
0.2823853
0.89950603
0.1471245
0.65376884
0.38405165
0.2781165
0.29852813
0.2481219
1.0673217
1.3303362
0.85691917
0.24680755
1.0329578
0.49518728
1.0506673
0.7664847
0.47775397
0.3448854
1.073123
0.6737112
0.4259693
0.25190213
0.78843474
0.07724583
0.6763675
0.46661806
0.3170441
0.24296117
0.54234666
0.18840665
0.76009285
0.43709135
0.19102289
0.7421622
1.0517843
0.16146807
0.43053642
0.57175815
0.53494847
0.8393057
1.0504166
0.43768862
0.34815484
1.1574098
1.1049819
0.43170068
0.25008476
0.74284226
1.117226
0.6698487
0.11312114
1.0801344
1.0847322
0.7579623
0.5208134
0.7828417
0.88413507
0.24555106
0.5107605
0.29347667
0.9468592
0.75824195
0.18865141
1.0142348
0.31722754
1.3373964
0.6278436
0.14958699
0.47088733
0.47722438
0.469799
1.538707
1.8480442
0.32468694
0.49192542
1.1763856
0.35016963
0.43824154
0.4894182
0.7751349
1.150137
0.26006824
0.20270489
0.15082203
0.144696
0.26973787
0.42017153
0.5903038
0.5761192
0.34310913
0.23509309
0.73703504
0.63320696
0.7304134
0.19939853
1.0621225
0.22567894
0.94095486
0.7106624
0.95385677
0.7433776
0.51570517
1.8871368
0.2602241
0.44276434
0.9803335
0.28777197
1.8215475
0.46713284
0.24770296
0.169379
0.89590394
0.66031873
0.29482383
0.2134468
0.11185108
0.42456663
0.43592492
1.2477809
0.8949549
1.9538448
0.2984814
0.1990501
0.40841758
0.47839826
0.1852043
1.1902899
0.531783
0.7075017
0.4112311
0.49513054
0.83785313
0.5279396
1.0470942
0.1603174
0.16783747
0.87744737
0.2738645
0.8514067
0.87694484
0.9333074
0.3092899
0.50499666
0.7998507
0.49373507
0.20527689
0.30932164
0.42074353
0.28104222
0.6517614
1.2735069
0.19060597
0.4787606
0.54239094
0.83463204
0.5180096
1.0095416
0.25117418
0.3910688
0.25048766
0.37740695
0.734659
0.10648718
0.27104068
1.2116326
0.32906407
1.1338387
0.19144706
0.49837422
0.31910717
1.2044566
0.37419704
1.2823329
0.5025905
0.38949463
0.50721246
0.20686422
0.65184104
0.31682184
0.25848332
0.45466623
0.6947413
1.0655687
0.46899912
0.90811366
0.3796473
1.155384
0.61400574
1.7665315
0.54625934
0.3231485
0.44566745
0.2904839
1.0051014
1.3014694
0.4140418
1.059883
0.4819011
0.41379195
0.22215909
0.74082994
0.20370811
2.281604
0.18515734
0.3617458
0.8258489
0.9144529
0.83863693
0.9686717
0.84801996
1.3190885
0.29091874
0.19976619
0.7971973
0.67896426
0.22637744
0.23800717
0.30640784
1.4514477
0.72726536
0.79668456
0.9173224
0.9757296
0.5577019
0.3663015
0.76267046
0.28377602
1.0210091
0.7163629
0.3206171
0.6153695
0.79959834
1.0528096
0.18386555
0.604013
0.50612205
0.4536863
0.6105075
0.9257138
0.27142423
0.776336
0.4687937
1.2493405
0.6430362
0.2026344
0.7466084
0.19521151
1.3641939
1.0211416
0.33760422
0.1917458
1.1471407
0.88178843
0.11369431
0.42107943
0.7855554
0.4417142
0.19884573
0.7917195
0.19405863
0.65342116
0.19620244
0.3650028
0.34776178
0.9018331
0.14121822
0.25695413
0.2952654
0.3971473
0.5551702
0.5262416
0.31568336
1.4513347
0.2035129
0.6498011
0.23998
1.2633555
0.29936644
0.3486123
0.8171074
0.5568786
0.69203067
0.18373136
0.76989585
0.8640894
0.87817603
0.91457033
0.7018206
0.226379
0.5378832
0.26717013
0.10578524
0.499081
0.586071
0.35195172
0.31922388
1.2455195
0.23417923
0.56000376
1.7646524
0.10323684
0.2224866
0.5556817
0.5910938
0.35720226
0.6149626
0.19072925
0.1372985
0.38726148
0.9411757
0.2520445
0.16072695
0.80463445
0.17292911
0.4058289
0.28800243
0.59175265
0.24422307
0.37329152
0.56337655
0.25675112
0.4307086
0.52177775
0.15647982
1.0796171
1.3154608
1.1410942
0.40604928
0.4780475
0.2754312
0.33250597
0.99456537
0.14511359
0.5079182
1.2184579
0.27096358
0.21521407
0.5130314
0.13575979
0.5195151
0.23499177
0.5543146
1.0657799
0.36615968
1.0467161
0.5416146
0.7010582
0.6344894
2.3274395
0.78325546
0.68132603
1.1666737
0.3783667
0.5304663
0.2122596
0.2793125
1.1181743
0.5800018
0.47570178
0.33876777
0.61479175
0.94075716
0.9287421
0.9424049
1.0338253
0.6478096
0.27519828
0.24842508
0.3381206
0.65248203
0.55220723
0.6469504
0.30957207
0.1641178
0.76309973
0.447124
0.1867829
0.61942667
0.36327314
0.2369162
0.77624685
0.44186237
0.21946743
0.58894634
0.46005577
0.46845737
0.19531068
1.3830589
1.2423992
0.2814843
1.5048472
0.5905563
0.51532125
0.24837723
1.5068979
0.34084707
0.3072682
0.6539392
