8.807194586912773
13.397299712871012
9.807381052681992
9.949861316701082
8.378718255679349
9.024764899015597
7.7759136743221156
10.108306431068018
7.647967485289002
8.822160325659885
10.920732144889879
11.430253414969537
12.917122132884794
12.04783535028967
8.766905741838809
13.27999293736162
9.821463511085595
10.676569576786084
8.514188044482877
7.317504294867714
9.71961142104267
8.827730204509681
9.25755728669313
8.134986996934574
8.823136529068876
11.352261189464203
9.55820835782836
9.359909966180805
9.178609075767005
8.12466934216573
8.168564154275481
14.424237551578777
11.882094383889847
11.373518855225257
8.397470681047999
11.254672846804647
12.0079279075138
8.089345358673654
8.31747994555441
9.976199638055899
12.455008423755533
9.773778121824416
7.333808255509404
13.491041666484737
7.38152532455415
9.718830559008222
8.778841774247955
7.448434698010805
9.826438105337127
8.746564011612682
10.462939922058492
12.639977325053813
9.02784679348121
10.437103904776393
9.52618009602774
7.836785979477365
8.414665784459176
8.649871780069711
11.183234546535296
14.406624544810455
10.197818257446734
9.225351776331351
12.40645950442852
8.485271504001691
9.74127253025105
8.831520948723984
9.997894857894323
11.24702552329891
9.720722902810882
9.14490046482156
10.124853892493668
9.330158858701735
8.656273274174051
8.472651706060716
10.536433563130764
11.990047796606932
11.71297071857511
8.45057783168077
7.7911193558581475
9.144484191266315
9.452815404513812
9.691317029251177
11.357647068245758
9.166826430450556
9.369233576433388
10.278788122625183
10.099620194384851
8.985109353986656
12.765291821191466
10.398506023393253
8.655719774318626
11.059114925509352
8.941970608864514
10.129226627904892
8.454558189989418
13.16759972670376
7.393772302163884
10.214499516027637
8.280362146339323
10.386410841578932
7.963914968276543
10.790936530587482
10.701740576497489
9.691196498824343
9.405815081506779
7.914003659166427
10.65879306687425
11.107499388803035
11.225502501601893
7.85737299522586
9.937199510882497
10.358968179103105
8.696347843277342
9.264838699760958
8.62671481379805
11.696733153813582
13.8363145867121
9.983549123623323
18.72007978272672
9.27715143836771
8.209456165170753
9.919034254660307
9.467029052199685
11.618536375973235
14.450098486498348
8.364275193818695
10.419837701828468
8.152057154875848
12.496954736359722
9.490521987231094
9.486625305245106
10.64189254383046
10.153824184701069
15.745795267220046
9.305241342682837
12.931267678827968
10.129506084710572
9.459219132259687
11.214646615499603
9.03539074687709
9.590382446023053
7.974644414469512
9.085162223472874
10.043545030309318
8.476429298565556
12.744743280324997
7.00887705965458
11.867481601247535
17.517820293913978
11.7016012981903
8.08212303956805
10.238580896283317
14.568392673372909
7.439006619326714
7.598375883571418
9.249317510708043
10.670019153894902
8.855605336758114
8.40897836227735
10.054121963950204
10.510550148453506
11.549969211220779
13.452204630417597
9.895632538796642
12.25656167523561
9.582192263327588
7.943592136371078
9.621825537339701
15.498224891103039
9.401612170732461
13.827815114047187
8.530950257872377
8.291157489116221
9.29841522665821
8.56537242598145
8.078805276700573
11.044125544569987
7.614609912761038
9.897134559609944
8.875024398111997
8.90496653001046
8.014677029017514
9.924924883919747
8.930423942039367
11.450941109692703
10.74041407150431
9.092394156947167
7.924294179769766
8.111513184488881
8.489013930528046
6.8771363038805875
10.550417392511676
8.244498438758514
12.765711989122684
9.261225669041979
9.24134760244215
9.519318806472212
8.665975862836124
7.644031974296588
7.874680106718108
8.476904924730004
7.603219109572459
10.080756001528659
10.974562002822369
8.195974815520351
8.209774401669172
10.320081088936268
9.118110975184244
11.538225136395493
8.119625677304025
9.883348127831
9.741030288291324
7.992701499819508
17.51184945812379
8.455437767121689
10.189681153382423
10.682637806616146
11.884010108854202
15.302963035148858
12.828004232461353
11.333822077315952
14.578990209443457
10.835792942046947
9.435710202403836
8.38876018739361
15.533639541037381
8.270430592630674
9.221979876378276
8.80942752010852
7.985879900677969
9.55219401338669
11.282750726182066
10.551151808982613
11.749090966423376
10.149986964321311
13.059008355009965
8.651916746000618
10.139422603438756
11.234329633814403
11.830712933688622
11.588478935138868
10.6664076842409
8.00968885522449
8.229068997933611
7.859822858464491
8.662332637683543
11.260027932063938
10.69348251686616
9.832991905396845
11.778969602348507
8.742489409727996
8.20494546234937
7.720308430961029
13.817209912278841
5.871492569915451
8.812355284225495
11.115774320141783
7.829960834401073
13.796086231114712
15.48809336379166
7.930602881673499
7.849014563138134
13.09579875573668
8.953347730305156
10.954075647561341
9.534043612936099
11.024160890868036
13.93576108402133
8.193315131350596
9.677361118977277
7.170874227910431
14.01346025495043
9.529153133654644
8.443215789522776
8.424729825149043
9.187604966440823
11.723133312369995
12.699761552021457
11.568141877701724
8.607852663870522
8.958077552062798
11.919107494857766
9.706207828923024
9.720430582370488
15.544331256462353
11.750076305151083
8.544924698034777
8.8471428375566
8.798308218593798
11.136231801760694
10.45466437680726
10.299804762217732
10.148002082290535
11.93631635140565
5.973038213961213
14.481736447096965
10.92723504130722
9.103119857578232
19.43541021912757
9.359926537162696
8.747001522758168
10.85761317423338
8.631647033990927
13.62587509228285
9.201179204524614
8.377403912573076
8.409554141197122
7.83873659262983
13.352489666089518
10.897739749047217
13.670058024209865
10.589945296997769
12.147688432747238
11.09791993607536
8.399898241896993
13.609155672012383
8.591445483589014
10.45665092181158
7.984570995557578
10.878211761408659
7.413190512921998
8.798114674038027
11.46308838759688
9.734891997583922
13.250932297998478
10.03547737486773
7.731902293071946
11.004081938953963
12.737912195608724
7.4114736946738216
8.03016205589905
17.024651588822877
18.46888244938242
7.543110341302057
8.903558479119667
12.397185522542202
8.732493196865605
11.37152332491637
15.292472380210892
19.853062439510023
9.504986843467933
9.407185163177523
9.055011151385138
14.56187921913131
11.299251096300614
7.5796444776139325
8.367478355682739
14.441117383853015
9.576476619423286
12.635998403101627
8.190349405748908
7.275853746590009
8.836537331599828
13.460816299517976
13.03749418202283
8.757980801332515
14.570581413932452
9.780599977100556
9.880993242199537
8.503983795244737
9.686610245756324
8.980067887087463
8.769237288594715
14.410149458618184
10.84347070573383
11.135101247285753
7.502443505998831
9.69354775299651
12.02851869935969
7.685428016649325
8.269155529376802
7.673346910832407
8.308434264364719
9.415051475806111
8.707585240014462
7.501372512225818
8.845100974859482
9.164243425511922
8.828065575077126
9.923148530297942
10.614092756598364
9.513966367218186
18.672632284358848
9.550492564895354
6.401546544194648
8.947354552464578
8.943368643811853
9.344325176910683
9.725657249989107
10.541812435549776
8.33453874804565
9.338897681253222
8.602414961922307
10.646438511198067
9.09904520106076
8.496895618341174
9.62538435874973
11.944659851114416
10.576306817323248
7.754583824100536
9.17109728086349
12.653835495841452
13.141869701970812
9.090477585373934
8.77592255266755
12.218987992942171
12.270659604244393
9.842839363851214
9.794981465478937
8.433586598596555
8.672587811970738
9.497530432065593
12.547017728988031
8.1116763543864
11.462253470443052
9.248582410117251
15.81427945620182
12.142743760984832
9.019416410339213
9.597460341721636
10.607251499258748
15.374570909632393
8.310109928885023
9.924137080132626
9.36708325337637
9.684172079638667
11.459317107479716
11.005607732872216
11.284195060932984
8.452666959483398
10.11749741508318
10.69745444997158
7.925245325763141
9.510187889082502
13.79505740753267
14.299622744423964
8.819503668464517
12.283407353091599
9.808212979974138
11.96347979193919
14.228393058748962
9.112541126730395
10.763476430306124
8.768130574381292
8.233533592225957
14.934721579891807
8.34517751656135
7.877406428041018
9.821702711768543
7.716481199609539
10.75707709963116
10.644720476418309
14.798721351239351
10.245889966359972
8.317336447684745
11.11520489276954
9.87046489243259
9.768955904508955
8.831519715635132
8.654265603506836
11.100719908057114
10.983334268707532
7.256062204549049
9.435603010354487
12.117407551316319
11.1799418719228
8.30221704840442
13.62945575177664
10.740924701547135
9.547467673378044
8.44376591651655
8.284853751691042
11.799478245687746
12.325898334312168
9.092996594167708
8.43877870727889
10.960217133265663
6.99096660270589
9.697450180277828
10.576667134620779
12.463275013693128
9.297984697947216
6.917021039101297
12.28616042390578
10.943484299486972
10.767919369147515
9.649784834677856
7.82770827468003
9.506173273850818
16.08960336234606
8.566774518343255
8.011069311780641
10.36647106894927
10.265500439619831
11.533001884997969
10.276784927859858
9.81316118012568
7.799844344602931
9.497129418221258
8.303849865217613
7.741002019377879
12.331467519180194
9.87634528873934
8.954154728909513
7.9472521053116365
11.38153390634973
13.962132814438938
7.6390390779847905
8.503992498556133
8.766520284834474
8.05798381312318
12.054017403147029
9.168038488298967
25.427238412655758
8.535865111796651
11.12412158017278
8.38474286394326
9.620746492272769
10.430193753227567
9.798213843388927
11.674589183517297
9.166341723801102
7.849515068328217
9.142882815659446
22.77999301821714
13.843545391731425
10.350021295883067
10.543163197113483
12.636962733139466
8.787796599462467
9.46015111113131
9.265481880434638
11.47662548103438
7.563308063532198
11.187328645385712
8.354014867211516
14.455091246995718
10.80024880305839
9.122896394301751
10.921509183985208
12.01553358302235
7.749097917837285
8.088050819069549
7.72025198120733
9.666081038825897
11.195317765166486
7.810513105784506
10.961114994303772
10.248174290972365
10.906933063050795
11.772812263917375
8.526135969474538
7.799678106547926
8.454290260928325
12.740075450902612
11.743782635032318
10.121800177016471
9.988232215426377
8.652147283677017
10.055026575944902
10.431196322107558
10.788583392383861
9.965212102959187
9.404361900253662
10.655200419187665
9.901656951196284
12.314697538251192
11.07801946362034
11.139498845845175
15.087919095246464
10.686758412752868
8.48147264454944
13.758207190687916
10.2139736358859
9.739554811459131
8.265365063009323
7.494973129270604
13.491040862215375
12.325501187581867
8.08365864738506
9.35382384787509
9.139514372269762
7.303458455744629
13.049962390657459
7.818423686555503
7.995502663451873
9.44529997545904
7.799572126512351
9.628018235664978
10.970719412771622
8.811421972239806
12.090357130941367
14.622563212624785
9.056496602447002
8.345636453879164
14.390162388097394
11.126898902516729
9.478775591716568
11.240904093451121
8.917068234493954
8.573497322540137
8.428842745584003
9.372408998754391
8.191887206706511
10.163641862794334
9.018364420576152
8.67918265937357
10.250615316722842
7.350226391949552
10.345184938067334
8.83823449937824
9.18292879884761
10.79568307697759
12.896196302909665
8.97107405918121
10.47159353534224
7.311689800211588
15.211898737820544
12.195121521667746
9.784441662677997
10.326236521204635
9.720725139717388
8.715141401794284
7.722119133146066
9.402682569452606
8.408704459487643
11.645849332724369
8.587292444549764
9.14147415243442
11.432343540629883
9.448120163852987
9.155125304766468
17.648032997859232
13.51732393170715
13.791462484015742
9.5861905263843
10.735078891361251
10.512299444454024
10.84377551802116
9.608139777340211
9.18637318836959
8.956849849324989
14.72349771659334
14.19582312412006
7.609093067560661
11.219860261679997
9.675282868140783
11.696983207535744
8.73726758329107
9.556460948258792
12.391362091742522
12.23014181149862
9.501760485561086
8.354496575185212
6.846094219038784
9.117532096895353
11.533116891825774
6.856708176103813
11.459891796741665
9.313611231756155
9.932522056546597
10.023429357934832
10.510939478921678
12.456438166261176
8.660203904284314
11.839042563328135
8.009563384756305
8.126327435297306
8.220478628811565
18.180475209621356
9.414717154731242
10.5950207280522
10.820970408010595
13.509021251581927
11.478764892434853
9.59348860317637
9.573453444534623
11.432042224760847
9.068702128208251
8.295927034122323
11.342498741216358
9.929995373096991
8.773979211159492
8.913445263264027
10.645217635539371
8.80803063554405
11.858819126809596
8.729513374646666
7.272546244506319
9.26507767299519
11.35286576387304
11.900240083371447
7.927257665676269
9.361196805912462
11.471592971661757
10.22654605512684
9.840985854282266
9.517539894756823
11.04018546697119
9.626135825491101
13.507657114216755
15.940735820652941
9.839883664874451
9.750660668213332
12.975284553526087
9.319294859662918
8.744035646217178
9.28688731801682
8.467898178718627
10.21916958520366
9.975391731343501
10.810011470435636
7.939748442867623
9.218736087584485
8.420291182655104
11.295573591908955
12.50595818303669
10.808762488951784
9.618086044006837
8.55154803431282
8.909747443518734
12.032413079586672
10.883234257468487
12.816878672035202
9.767758818214517
9.315630423935486
10.994643287577924
10.088269522749181
9.089091158581686
19.512118868190143
11.87549451161864
10.955528033093435
16.01350082992141
9.770744142791568
10.529445467376682
8.995360383729874
9.048097425832555
9.714100972228058
8.838578425929963
10.091667845961876
9.535141470544417
9.126918930966902
8.300623939645412
13.887969068696734
7.8701384499301525
11.077408109155428
7.659439247913969
8.437980210735148
7.163081893077498
10.073621270292438
9.277992882407911
7.935070180699695
11.613397002754535
9.81215521876443
14.902370424328382
8.309725385189108
8.823110947914188
10.262844626843416
6.791978182513758
8.263840220498661
10.014059465033139
10.1542301350091
13.540419389999649
12.794712824791102
9.900826752998306
7.903322900158885
6.686760658514966
15.277679308132893
10.978232201864767
11.534540463430815
8.787434402277782
8.498419003673298
11.895168434526893
10.319759917125168
10.166226125658417
7.615284942832738
10.347335157154589
8.852867300592756
11.538140812522194
9.281947893635278
8.892793091668121
12.503379274471175
10.345487754059828
7.556609614977047
7.972520322560914
9.360170744085814
12.085513033593283
8.581188136387937
13.728697437436763
9.51759298848945
9.17218683560445
7.780441340689979
9.386826437486105
9.045166026120683
9.965806857857439
9.147166209310457
8.136149841945613
7.207964452797186
9.105914720018713
8.48902281130037
8.029569211032298
11.595355700738317
8.132243691430084
8.575249104231965
11.020387986100763
11.529103269269376
14.420091412064332
7.593185989670206
9.065061231453223
8.819485155199068
9.179887575744889
9.295195862719268
9.187528101415355
9.452557746892431
8.604925424386522
9.09713866789595
8.795541249648124
8.404632047854037
8.326368267972251
9.562626406165759
9.644928527841802
11.863623444289567
11.656536948273976
10.285785373320284
8.514692322629418
7.41797436002762
10.050013111769355
8.548866033156319
9.882576049064644
7.724181313146481
12.204540490134978
19.378913325822225
8.031871671583627
7.233358379171581
27.432719796457917
9.969830848076446
11.499496631089592
8.247863095093189
7.633794949195823
10.201515708010184
14.019436628511627
12.344332972242784
9.672240376267604
8.856189526800987
10.222702688423999
8.269513863034636
9.890356093908263
9.85478594001275
9.653468124224297
9.77353191579281
8.77178961798197
14.470060599234067
17.329566635099336
12.020528762935045
10.343107599608185
12.309888429240308
11.026649770450874
13.997054246270485
10.109045225641125
9.3234610326704
11.550237400248461
9.23179302370643
9.705741666452624
7.618580838210594
7.4572341451968605
10.324155350503622
12.772054375159048
8.90209795122243
15.018766184391819
7.652007891757323
10.764560817791136
8.233445495933097
7.68736599822461
10.802225536593463
10.466263517526999
8.197466942177932
8.87210303382419
8.187535129785738
7.177108688777102
11.224072268852444
8.049995167008403
13.313744554248405
10.625148904911057
11.218333201844345
13.168709297163268
8.999667720521236
8.481669811341554
8.783508663731878
9.638848854130934
9.829700898729735
12.19526899154565
8.273792778946257
12.615962193912631
8.604366531330715
7.513269296502107
15.6345619973936
8.817173893406649
8.70136538617585
10.903912443057427
15.193694146812362
8.836427688101184
10.78161378483155
11.730076607014759
9.645408340656413
9.93716482078504
9.11443711646364
8.328928655511508
8.393445724988561
8.697868996432167
13.02270255618502
18.249366529345664
11.51427224461216
8.058369128380795
8.993804169026049
7.895794306821566
13.124661518762931
8.30248730305346
10.686303501263149
9.049660966902104
9.817274203606264
8.978640905524658
9.498011237536401
9.104916860168867
10.19115119523524
12.84409322759037
7.439052189278526
11.820616960936677
8.267881468187525
9.489414457764946
7.7145483086668705
8.628162271073409
9.860804258479046
11.63029961759592
9.524894840548743
11.288363870322517
8.60112895727078
9.802732317828633
9.479621049387772
10.495574134514987
8.442530025079929
11.034704559434832
8.21720974565824
8.64865963982882
8.997433679469093
9.291730213117873
8.779192763644708
10.265126283210645
7.488715667098031
10.129121460845294
9.364921126895911
9.421527967829142
10.22987968841987
9.841274563092192
9.25134694884051
11.238350927659212
8.85245765033663
10.68253166843563
8.976817785129807
10.008532824221474
13.575927608544799
9.920666370855788
10.56016429276416
9.255419502236446
7.575880444730218
9.405675862566255
9.054835957688502
10.390952566790567
11.296406003924993
15.858954329248824
16.63960243409877
9.361454513240654
9.780647381361346
9.332229366682824
9.786678112376435
12.82882021202084
12.98804342387583
10.226878155419833
8.588335562519765
9.630182382782515
11.180656974323522
11.960093476751446
8.204976743612171
8.615983670826171
8.31633125315384
9.784961851086727
11.623075076230311
13.362197549877335
9.253624240064244
9.750282986329804
10.82722410878211
13.30629949064379
9.851828088136847
11.951838744589793
10.194502340648414
10.211437294963424
10.288864497132952
6.7121394633587625
9.173176149344766
10.952274154136152
8.985073556464656
11.125392460336943
7.269583452989404
8.709157007856538
8.779779909678904
8.388478065328085
7.969588694242171
11.666008435225661
9.988219213154256
13.115828256259965
9.169366129490045
8.68675013071428
8.645212861494535
8.581998281272433
11.920420743052267
10.390216108592515
9.879079600470202
12.987917798414653
8.685763841316021
8.514861770940778
9.265934212945819
7.8753128685330545
7.532229333939423
11.37385135891584
9.281264463000246
8.398610527990629
9.306202973319175
9.430411239076104
8.499375482610123
8.006513383171129
8.167300482100117
10.151682742778089
10.39450658605213
9.03407968559286
13.858645071595593
12.727955758350086
9.868812020831417
9.476151729965158
8.63193641358059
9.230008729144869
11.549915943286464
7.473688948208709
9.054552013493765
9.041017677506426
9.636900117656237
10.972213665814781
9.888922118788752
9.349447971288
11.16872179899071
10.8927968177424
7.512069839218094
8.35543963822193
7.9343357083370085
10.965171151448084
9.268433604866324
7.329369034193606
12.443021505126804
9.630134657488465
10.124071019014668
11.290405394128602
11.697752853831078
10.66347439906388
9.859426155215296
11.516731848818626
10.203305917078277
9.752212568492782
8.4873717215419
7.771205060718222
8.984664793825424
10.268386349755861
8.113220696399708
10.374633868371715
9.572430677693054
8.597956080529842
8.581230061483351
8.984530826470296
7.909377516490725
12.171150727611728
13.454218028060744
11.963089513726299
12.70611533807437
11.021011763990554
10.919873571854565
8.884234941045174
8.101784565576615
9.53445152482694
9.920127856643521
9.73255344280474
12.652653217913993
11.112945090508397
13.182423982295488
9.683541912030439
12.097091105292302
11.583812486494642
7.9178382302750405
8.641972387626872
8.326535325684857
12.61540829529843
9.94163975583306
9.736534347767
8.777318066656136
8.83118931939977
9.056059496300417
10.013783401014472
8.184000476623591
8.052080133192623
10.342235048416963
9.526473656054904
14.198453443499611
9.518328684080087
8.6918610530343
8.768387288740781
10.975958660270582
9.72182499444711
9.615208275355712
11.96356908554988
9.749062381024071
13.956372642306615
9.82421071427996
11.316698530475259
10.816739469898911
11.151628851009129
9.677855922459884
9.610044679925613
11.26956871060601
8.702966027588355
9.666847721135426
9.523535788927202
16.094800768786854
7.213277567564979
7.747160744579948
8.280991581643828
10.451720715198139
8.70725775025889
8.553304688385605
12.955344878376792
7.8295101350249645
7.55989760299044
14.375146694067146
9.27551020605073
12.7269019629451
8.772316296766403
9.624432194281482
8.720018337726177
8.64736674142752
9.172399518292591
13.449533000963998
9.264074923420475
8.287294283028226
9.30344254483294
12.568549301018471
10.449451899119687
9.544023362830375
10.709469133219086
10.525972481147292
14.159964967944319
17.172497424470155
11.104889553646444
7.656570874475379
10.071776285698311
9.53462448786658
10.497232979681325
11.566166050525494
8.65896713902944
8.351568597777254
8.598183852623007
11.873678494069777
17.406546789952486
8.701167627559919
11.910826286239477
8.86596011034728
7.844740516090388
10.71196758688087
7.956759884930295
9.1392034467024
12.234491880947067
11.361537193421395
8.809696645589018
8.788487053291167
8.917738737318187
13.10057461146599
8.998407714958798
10.109429491472698
10.197074914359506
8.10626921944809
8.63866429058839
10.241121076616817
10.765599750953704
10.307706645774418
5.939526710399132
8.76888668753333
12.967700779626107
7.7992837538934765
9.680051060269228
6.991756653397784
9.473833212900667
8.098151996263454
8.9505865175712
9.279306868257887
9.456748241287947
8.95298865519822
10.633665563942305
9.069626129073042
9.081297371589134
8.039117998727829
9.95931677193649
9.045445552256227
9.614564754156895
9.864075203045658
8.873429617657074
8.417007820671097
7.229316916290571
10.233465200209602
8.308477480591321
8.538533183532808
9.656444497149845
11.41075222782921
8.55519935638418
7.166669319436472
8.415937452516289
10.161205127304584
8.836979090261599
9.198567017946894
8.962065211045847
9.466718484393935
10.33865309195832
9.130093770306601
9.006108333998215
9.216391906000977
8.93198815426625
9.007961016574951
9.468254010607348
11.562918399342376
9.600586439441539
9.662376729282009
12.29526238521982
10.105195071883912
8.741121247617942
10.491209497135719
10.084049643222391
8.330063387840292
6.004834960884187
9.328123438995298
10.069464876015678
11.293374392332979
9.707532443699892
17.18238290272335
8.629794984265901
8.235614514869114
8.876183493600006
8.501303391892678
18.393256744340924
8.035452511960893
7.104627903401026
9.098127247142866
10.175930913745807
10.091261973202243
10.08325430066906
9.46559578481926
11.881942993022257
13.514470712433472
10.595637493521181
7.8550042485633345
11.547516291978567
10.37024439097042
9.176701812210148
8.329973283533166
9.62461019245542
7.837101526393266
13.18173530411142
5.802841429015666
11.283528412622083
9.797172294037729
14.733695085338397
8.921736194052814
9.277116457753587
12.880610530876938
7.619392071600986
7.532403279450416
12.475957515109968
7.0444722110009685
12.037802752781822
8.911067143035172
17.987540725752652
9.05900887482184
12.548401885181569
9.938975947493754
10.944064465516124
13.117292579388778
7.9438820468193025
17.37263351300837
11.167651886413882
8.207572586750896
9.011212182663325
8.239123232687888
14.640885080643546
7.982682248601627
11.01214608879332
9.204253798836634
11.508102483359407
12.538997864383816
9.73264853930154
11.070981994066443
13.906411880315021
8.704065311365827
8.973928596693547
15.00813109986999
9.25645757176619
8.677376153017551
10.122298213386415
8.016717929321288
9.40284869313841
9.481066076061927
9.371343046160533
11.780575282371792
8.301030542604527
11.056682115250528
9.735922109036437
8.183485935801084
8.566397325776817
10.177493060179113
8.311417051400836
11.249098819409806
14.364641047400195
10.681086135797345
7.403291329781979
11.316038892243308
9.280312894106464
8.242676398830866
8.873281959382009
8.625839685493945
9.438389760987903
7.6781237947105145
9.121927331946743
12.312661060665459
8.77170661677036
13.621316455247044
10.794628467322703
8.534642568766811
11.588672322639166
8.918131081646301
10.986553359907147
8.662817512086159
11.163013412285903
8.262415795968233
12.490696130310905
13.128758515737896
8.687234314521248
9.143194795973933
7.844878436687749
9.139667797495806
8.97990086062464
9.16572566758273
10.186075362002681
7.986015621455353
10.275574770931195
8.38723659011586
10.235345548984455
7.041838027515384
7.074566546443011
9.444589037514339
12.466923082503115
10.377370684735531
9.86754114627364
8.607297637458855
13.511959871156789
11.01323893216777
10.75177991879541
8.804717038041543
10.35809564504685
10.80534288654418
9.48245245817849
10.052036419946763
12.469061262126868
8.305098027777952
9.779484835620737
8.68077408166311
7.968184188636268
10.335231336297552
9.687554752607944
8.636818881270678
9.264415592057386
9.137270468313133
10.274965909225546
9.315436769900526
12.29106936076812
12.11887566035212
9.092935611860952
7.557409337438218
11.125317803686244
10.494807869583692
8.952248282697818
9.706582854995032
9.767794921691271
9.607893275035158
9.948120901369503
11.19617980222235
9.37012335548281
9.02859051691794
11.679383191742447
10.358455018978978
12.393300203792563
10.251602034131515
14.570025336230245
8.730131408675575
13.269752230562643
8.409753790388475
11.61425579778
9.26810423525201
8.969917046322404
9.207059184580828
10.939951044487572
7.203865325675936
6.647806266305066
8.546250215542953
13.329952237253094
10.416698695169332
11.747971253369055
11.245602540254236
8.997627107089702
11.353973555732859
13.56099241980372
11.262800876041933
13.406696623910335
14.159746263766833
13.880523399424149
14.064191057996663
10.207016329657243
7.530946378169652
9.894297636343566
8.436328306719288
12.496649099583394
18.77177394571843
9.289430521085569
9.701383873437791
7.983522905504886
11.596682421373984
8.040898749098425
11.398810566220469
7.965606617910311
10.502863694544121
11.841077670430606
8.765879722007618
8.522379327856578
8.276534919630844
9.813939781867031
7.566048471600411
9.89614994337368
7.756278168601208
9.600119148713487
8.930713418606976
