0.9796539958156781
1.0221941997227695
0.9500988041585486
1.0784115786030541
1.0641400388804867
0.8532674398339766
1.128945716288611
0.9799963365037708
1.2532534984624388
1.0829344695887848
1.065335093696018
1.1223544583506382
1.1019216578851632
1.1220048925936679
1.06258985160272
1.09942308273788
1.0789719646827458
1.08279100350858
1.7140485894363633
1.0416731696297215
1.0496358834039488
1.0990116022981704
1.0071120906021416
1.117561755624128
1.0082413681055094
1.1968224947834503
1.2029946395745703
1.0634312037003562
1.0358282448672467
1.1708436920053285
1.0670579747365978
1.0430058874332098
0.9535183981360263
0.959118301427711
0.9609007086391382
1.0641484553951313
1.1586904164241318
1.0796363062438594
1.0104014150472598
1.1496467639762848
1.127924871922147
1.2575426252586925
0.9280824536017924
1.0659321738455814
1.0903257802123765
1.1032763749391377
1.036439455016921
1.0662947232790956
0.9965809799668176
0.9633729299928342
1.0734432117423567
1.0013578449625418
1.0427484991569436
1.3952629043186031
1.151417958534202
1.1594200933867305
1.1065302342304824
1.0947072364417434
1.1101154271037412
1.106390774790045
1.04163727489554
1.140129697590135
0.945826732746884
0.9497280759492871
1.224726798776033
0.9618280770446686
1.3866366389852318
1.1468397194629993
1.0979753132953605
0.9248096546102588
0.9222684139502819
1.142651092757122
1.0640690920488785
0.9730705567468488
1.067705177444509
1.1068452559695008
1.7572116780930582
1.1271919318636563
0.9353814670792122
1.2632797697647489
0.9745989402671429
0.9360015211329022
1.0026937235637388
1.0705654713065418
1.0943007824968243
1.0224163295041275
0.9766024709058427
1.0932149531804851
1.0784218826365422
1.1428691693866382
0.9717142899917142
0.9480188289684304
0.9784493962553495
1.222495740403974
1.1254750983902493
1.0951854767762024
1.1632533819502724
0.8522151465218581
1.0691287003551324
1.1237188872335842
1.040145402888489
1.1083471528658513
1.338805808361552
0.9964633771196364
0.9871451273495586
1.116061655569995
1.0180636599962174
1.113986550222745
1.2810435109787455
0.9750042218640378
1.124953695984247
1.147598094657219
1.1306039101630416
1.1144202364119846
1.1875517491119918
1.1387143129775985
1.129350770161515
1.123800055606775
1.2844118266748648
1.052559499640285
1.070860185014771
1.0785562388680419
1.0683740352429192
1.0645415950129096
0.985715174007992
1.09833952217609
1.115106932677056
1.152362517411708
1.0091534539199747
1.332413874537654
1.069255827874007
0.9567070680237074
1.1259060994305192
1.2293363680713503
1.0700517587229708
1.0653335971419082
0.9705970589927911
0.9733429297758881
1.1420703343431289
0.9941874189793344
1.0970781947990136
1.354237077658753
1.149160065099961
0.9531761643533275
0.9542167469271423
1.4999151335389986
1.122366630157027
1.0894444447273284
1.1036955318373547
0.8482773459643589
1.1155523260346922
1.291704040686259
1.1315964613232412
0.9689073826079575
1.2234200674701492
0.966999647009152
1.0538807179942367
1.6415426691736632
1.4349643153950649
1.3582934510371876
1.0834075259496947
1.1326970343992377
1.0070185389989434
1.0274951202129998
1.0066744192669284
1.1193320075698339
1.1049121699120539
1.0831298883129248
0.9058117698376819
1.0815556982281236
1.1676001718249835
1.048883934684308
1.0263128951900993
1.4436453920182288
1.1297909500112011
0.9715169552283958
0.9390152559321545
1.0303531276229465
1.3697052473533955
1.0840241082809416
1.066096130646444
1.0452646950014928
1.0799650718217955
1.1066784457186016
1.0405939940413256
1.105946651057819
1.0690967567336551
1.056478580525376
0.9748509012479236
1.0910802927885759
1.0523862415309337
1.1892981106634979
0.9719757920289137
1.03801675915707
0.9711758627760443
1.1340033038931543
1.382515383081674
1.1263139277331462
1.012519083846689
0.9559783831683848
1.1858023201864492
0.9351642685525968
1.119558450500334
1.0896526845286127
0.9434008134896149
1.1807184118569298
0.9774453435744637
0.9464973441439888
1.3058581679979104
1.1354258989134918
1.112153490617808
0.9387652775055002
1.1135634041216511
0.958118470243554
0.9299717403413948
1.1768067821505317
1.177016975978957
1.0032410897755824
1.0973272529564562
1.0386190253760283
0.9322492711963706
1.0756646609051699
0.9425633338112658
1.6189878325327705
1.0474407019883054
0.9188498543702306
1.0596967607219958
0.9501760737812273
1.1405983155112376
1.038010986790414
1.0776365957729948
1.0141162501384178
1.1615406645825763
1.3454125070586846
0.9899082182966626
1.0482692685357966
1.0697405923151158
1.1114632627751562
0.9204526543166915
1.0913124902720484
0.9996405397766445
1.0732740698600158
1.0969492498202442
1.1267829848725894
1.0625748734379288
1.1397440161826347
1.0864438862539512
1.0041028456533723
1.2257541818264912
1.125037008481421
1.5108427035329353
1.1445154403998608
0.9329082620724606
0.8963110255341038
0.949128895134253
1.7601629274606998
1.135652565142329
1.0724684515465275
1.0873914463187506
1.1785493109475833
1.0376128999156178
1.1577494060807576
1.128760083559984
1.092097207666131
1.0840152159951557
1.0864578607252062
1.3322171764492148
1.110747253318827
0.9203714982380439
1.2154568527176852
1.3192600021064838
1.0728580674663422
0.9227581126694131
1.1011055524557225
1.236764925004092
1.1966413456937917
1.1780932074135775
1.1448976917513976
1.306054804554068
1.1678197414357865
1.1047540207853603
1.1716025062950421
1.1438817726077888
1.046389979444387
0.973819297157333
1.0071520558606804
0.8162009305826583
1.0684268813734226
1.1277095366807084
0.8855815053240949
1.0817543941675376
1.0770631432318358
0.8927760218396503
1.053155709481581
0.9464207704878115
1.0751660308005195
1.1207698393684133
0.9999055687382542
1.0162990055225773
1.0764142452729415
1.3227346611669373
0.9308496231017851
1.0665944628370583
1.1488007037736045
1.196653350266549
0.988640274514732
0.9867261536023013
1.002847720990647
0.9718513170846872
1.1955494550034003
1.068164594448774
0.9916066820618114
1.0911589532327588
0.9404898263972965
1.025331136563813
1.0072174953495328
1.0936111329354972
1.1304701579137253
1.087538517326095
1.0754990897426147
1.2411231778826968
1.0506822608680721
1.192562590038381
1.077918516179729
1.1479375703297796
1.2883072996260736
1.1898282255721584
1.0321157933236367
0.9934362851975843
1.290892295433756
1.3206971354604475
1.116575532729975
0.9775027925064945
1.2345791355070208
1.037590690695546
1.021430342123246
1.0936638118311859
1.133126619685069
0.9292041225429983
1.313620484935884
1.0143284998918045
0.9694158386989865
1.0628296964017876
1.0341968519596905
0.9775104794635616
0.8861248154115223
1.2284128907367748
1.137220690551378
1.143925239914017
1.1361274403102664
1.0270529307893115
1.0866057666779403
1.0896854575717025
1.0528102797643355
1.09148789347588
1.1784245757596958
1.1025282725018137
1.3073718400615393
1.0661604873629096
0.9731618174420016
0.9441889061330285
1.056925008209714
1.0895531583394091
1.0748685969910157
1.1080161821891368
1.1041440534344695
1.0939538735386503
1.043214984598668
1.2051941246822309
1.093134445818091
1.3774538201660913
1.0499499621025867
1.1368485552742345
1.126599236282738
0.9992562441587616
1.174600842851058
1.0580985285104931
0.9200440745612929
1.3748255490456545
1.1269604423393853
1.1869121489364596
1.0626643622783785
0.9641360005973866
0.969111271014468
1.156819041858118
0.9876416136222093
1.1092049601514122
1.084750531724026
1.0040489345136008
1.0482409246590407
1.1011579950165942
1.1498755230557807
1.0951127777135017
1.1405127787295104
1.1894443922251758
0.9141326908930199
1.0697722487837287
1.1937864715392292
1.137385377464829
1.0829273239788133
1.1681477003097656
0.994112080467708
1.2171451208355208
1.092219799667818
1.0726610991877277
1.1044738788662276
1.2029619457953094
1.1145612162287477
1.059017462699336
1.1651605733126533
1.046593783628377
1.1689246197462737
0.987949330183923
0.9608139177464746
1.2012843722982884
0.9116177794817205
0.9197983765737914
1.6121197510618908
1.0992949243921935
1.0054371058126719
1.197420204117591
1.1359106390760136
0.9777323228641611
0.8970883068230154
0.9741053642961313
1.0951556189771545
1.073460164312172
1.3381924190787828
1.1067467741982124
1.04784266301924
1.2556706320180233
1.1207185654632414
1.0803288587245972
0.9569793423304677
1.1380254747195844
1.0717233135969926
1.1957061855416646
1.2293850097059682
1.1038051966153253
1.0416608032736199
0.9421095974414224
1.0549622501578984
1.1221297523086105
1.009572710608258
1.0900975463407494
0.9698739175168388
0.9671519223722583
1.1121396831960333
1.235717774090158
1.0920449320916465
1.2670995895836954
1.0939232533847658
0.9469641368037349
1.1191663373731562
1.1411214726461807
1.196311278203427
1.1856224867208793
0.9092245078207243
1.1108095346858258
1.0928071221795308
1.045307416713807
1.048325666823802
0.9695377697104381
0.9515739850564418
1.029804457473291
1.1469533143846984
0.9478807851146294
0.9674992026814385
1.1821569782445958
1.0594880298949354
1.1633863558528323
1.1016688134718264
1.186769970686159
1.1111672806910795
1.1348620817632098
1.4016948680575143
1.1416439048538707
1.2156257912010275
0.9851318040915513
1.0871436549008582
1.19935308612052
1.0899992024364609
1.0950969517421307
1.0810443372631362
0.9662349945776166
1.1145375019174446
1.0050383566883025
1.1846014344498017
1.2845803573532617
1.0835265735636797
1.0350294444275938
1.0699501695541775
1.0912785581268871
1.0314916204231555
1.0492914884746685
0.9829879568452397
1.147078587088604
1.0790997665984858
0.8897857471065945
1.1013649735065454
1.1078664367417548
1.2836030710095165
0.9060357108732652
1.227963458212311
1.0802899358302973
0.9621872932122124
1.0530108193417322
1.1140647257670606
1.078760762524518
0.9680441777163611
1.0613376318827046
1.1408045317606583
0.9695740261168825
1.300265601708145
0.9724871110362366
1.0602702553360033
1.3123764158207731
1.1533984872337888
1.0933943876545151
1.1094298793937396
0.936871331772765
1.0843424775212773
1.0011013526690251
1.0930930754376431
1.0277788940054324
0.9563593313295483
1.069899435193179
1.0363572905162148
0.9385295503647123
1.0818421399465323
1.0479030031596426
1.0651429319695493
1.224117231003483
0.9575720011914763
1.2043584238702234
0.9225757783168351
1.0483897656436794
1.076065134227868
1.0719113764454329
1.2759876142799047
1.1046635908509377
1.2099380395547192
0.9480480099853118
0.9783170411361338
1.0345067643251036
1.143705288904683
1.6156436817617124
1.1029842034378652
1.1887988033351977
1.1742646331775166
1.0601285988366569
0.9583604124741993
1.0457299786727559
0.91518259643865
1.1259569581355218
1.195650027221551
0.9765788647103799
1.0221504131295864
1.0365386528044147
0.9082433824633022
1.0237090272575111
0.9645859798953448
0.9400765657273662
1.0565617539926762
1.0521977119427417
1.0581442166324615
0.9756411706455733
0.9509090383864863
1.6238624582683912
1.041113605157944
0.9799129637983414
1.6321234642448363
1.0495534846772088
1.0568706037770181
1.0694038726733954
1.0371966300145155
1.265983660626899
1.1343808497860226
0.9770350046880476
0.9932444730329191
1.2437562489506782
1.1840445458705597
1.0600085341076004
1.0364004508203943
1.0940822012147216
1.2961894983312772
1.081045449745393
1.1382211594783074
1.0153925034710638
1.1348791381131154
1.071501992885543
1.0872791058233569
1.1516639705304808
1.1899668037837667
0.9972990224016334
0.9340763345667337
1.0135618633884922
0.9632722392111195
0.987482214573364
1.1875414220492084
1.1379499886214328
1.0725150153605143
1.0577406834838823
0.891597011523997
1.1059724661920767
1.1441126692092758
1.3204464099473447
1.2909606025408062
1.2600392304136507
1.025632518018431
0.9592740767847046
1.2080954059810638
0.946305352425496
1.1737399908096642
1.0802507532973564
0.9424495835239384
1.1786089886570639
0.9455077190522366
1.0722503592036468
1.000097361467701
1.1400245744121944
1.0954243667497097
1.0350301817718675
1.0831799762753622
1.0785864355750294
1.2261116970254966
0.8734021954241429
1.2452460920317623
1.151832587247372
1.082252893473972
1.4187516825504343
0.9633066019520156
0.9988464321413337
1.0264506690615078
1.0772501701536095
1.0592094319913956
1.0597796885611719
1.1467880396592502
1.1684108851418975
1.100370117182321
1.202018627866692
0.9832630520771856
1.0956321418942239
0.9810388125042082
1.062597767954653
1.0580471564994984
0.9849851988503667
1.0821591329963585
1.043356886275765
0.9577780751855968
0.9989765372333383
1.0858874285650153
1.123294395240138
0.9484581994648926
1.6040977500987945
0.986383587879513
1.0695250373681697
0.9739588795290638
1.042704871700357
1.1199449433188877
0.917587085870956
0.9806753645223991
1.1490087291990332
1.1016647853866772
1.0709259299489666
1.2633114182038672
1.0507609969629979
0.9518372077877769
0.9964333922826096
0.9617321733817413
1.111532452449536
1.2239918288427534
1.0512633276638417
1.0572913074871702
1.0775181292344238
1.0437834970194022
1.1426440882044515
1.0760875439163966
1.1161067811156082
1.087470530321556
0.9017432326006737
1.0898931701097057
1.07683024858677
0.9625283092276621
1.1082786400361986
1.3892366985564149
1.0824602609989165
1.2244470548998276
0.9597758330799286
1.1616802397402568
0.9744004463933948
0.9678637732053095
0.9374990088663858
1.1570579291487888
0.9469716799787833
1.1347521246451058
1.1077727149366716
1.2330426102145249
1.048884910742416
1.173719804971231
1.0383791165318406
1.0240233897401079
1.073376026550615
1.219185880724384
1.1821870674208794
1.0226010204823315
1.0644786768806067
0.9670299598333605
1.1410023617673681
0.9245254974957513
1.1312398146425282
1.644876223287609
1.1123640215811716
1.0750960107891174
1.6573892072281742
1.079222213353158
1.0879064971330241
1.0572206905840187
1.0830395673280453
1.0650242434408737
1.116186920527669
1.3416110094958278
0.9857554855745968
1.0568684877739831
1.0665429662871062
1.122116898535383
0.9675900910743247
2.571970900709753
1.0294257924949626
0.9593058572288186
1.04919634872386
1.0916959575337448
1.0755123056963956
1.1024491314710982
1.0967231318315882
0.940402750209638
1.0698798507617837
0.9821342568088715
1.0920546652851928
0.9833748450103791
1.0639475342322269
1.1612652275068431
1.19226951712658
0.9955847245416624
0.962514587488958
1.059456360427729
0.9301615443403793
1.153368280637779
1.0673301826342971
1.117604880871336
1.1670116419366174
1.330336787785065
1.1981386331990047
1.1472405156097922
1.0517410299045746
1.0925114916732495
1.087496666116366
0.974802590477335
1.1359597723200332
1.045670958468718
1.0029039064239278
1.235416382370407
0.9563231943289807
1.0639711953069941
1.306601722678591
1.1789195877163001
1.0468324080306692
0.9960217964705447
1.262170282808697
1.0576455905952784
1.0965779712320833
1.0602227391616916
1.128649881574957
1.0852962841478695
0.9748372514827913
1.0939421871741692
1.190377558205771
1.0467140925929945
1.0715599770738464
1.0726328528241804
1.0738172125637688
1.0540638295567426
1.0057142435089075
1.1396088276684215
1.0973873508532053
1.1655584494715772
0.9737583120038398
1.099562645444016
1.0861491032043293
1.195455581969905
1.0476149742236898
1.542939699177089
1.0295953301854912
1.5256307967760085
0.9817478739535069
1.0451534040221109
1.1606900304789252
1.1202867990818088
1.0612512581902462
1.161187854610247
0.9777242436995968
1.1165661037610712
1.0488562161449178
1.143863021764084
1.162614575694857
1.154647178929556
1.0622310588791415
1.0090917393287147
1.0873916262203138
0.9031105233931321
1.0241497289728851
0.9693840991147258
1.1435104365974653
1.0787713044605416
0.9767062512722324
1.1185102616021485
0.9541072165391288
1.0403456263503206
0.9802347858813424
1.0682773107517463
1.0652792873851848
1.051458397683861
1.1251120406001298
1.0841928890996344
1.2637203944482407
1.0987265486368918
1.0753615977764541
1.2442942145969111
1.2295027625473391
0.9772717621238367
1.1430467480208961
1.0970034615292272
1.0815289370480279
1.083475316288788
0.9815527566932393
1.0812694625796786
1.0673273309375637
1.100131962662735
0.9734073154721261
1.2087991082283154
1.0458194431629322
1.078583152486569
1.0529541615853915
1.7842714914004874
1.1082944791753815
1.1710339687057147
1.0484259253843626
1.1613269467075267
1.246865016348476
1.1370404445794342
0.9626045453861226
1.088275109336474
1.0436984631648891
1.0381249183774164
1.0112301052674815
1.0820824986187088
1.0857459209919262
1.2596969756593306
0.9424018633687133
1.1110199501260296
1.0669481921272432
1.0680233594909756
1.0623103151524482
1.122695971981938
1.0971743240845706
1.2513935454577314
1.1024384511332388
0.9354487457200961
1.26266065039137
1.0925131861864819
1.0931715146912866
0.8780901022499707
0.9175233105132046
1.0709033976795814
1.1969762823270431
1.1003385568092279
1.0405492272343904
0.9239156254716441
1.1270319869124528
0.9517405993604533
1.034376798293737
1.2738819964517274
1.0131092642069657
1.1076495687313928
1.1251167901570382
1.1173522904102726
1.1973134737309108
1.2406474731104942
1.0289877711023834
0.9655913575899819
1.0921395378512941
1.0188723495240926
1.1228670862428636
1.1000302632998677
0.9695254018546084
0.9836890469629425
1.0710128734435582
0.9418307974485856
1.0560772631622557
1.052215271135406
0.9606509582133708
1.0369434641026853
0.9093214487191902
1.076433986041877
1.0732004141687514
1.0470486142844728
0.9251382298583006
1.574483080708866
1.0717400747270445
1.0931060850747918
1.1351309734229489
0.9754440481068196
1.1011161063055115
1.0645288270122688
0.8614089531726238
0.9389248579648646
1.2169988208868188
0.9605557983838781
1.0990322404688422
0.9912365695469673
0.9692128681788649
0.9664187538225053
1.1122799103003873
1.0688643162869853
1.2101769225456258
1.1339456409375273
1.5436750477861427
1.523341423483011
0.4555543878216654
1.1102576378369038
1.1237541353971123
1.103396136243647
1.1456737200037959
1.0457491613507526
1.0742861632049459
1.075503240355927
0.8349216914080604
1.075730302559876
1.0710917640040567
1.1972928637124212
1.096456655629303
1.0946900632037582
1.121921708526602
1.0318442875500209
7.26778978640218
1.1667140288237179
1.0908192219805597
1.187427149340213
1.010070827980894
0.8883181342243736
1.0394268930907833
1.1514192505672594
1.0993099092288725
1.0676868459235223
1.0183261530122762
1.0612229470748535
1.0844342701823557
1.20986495562678
1.1572474247515916
0.979516010969334
1.5892497019933787
1.1147677812013868
2.5213522943259057
1.0911962432599225
1.2050276165647409
1.2616994632204206
1.142145129040413
1.100624950428613
1.2850704669325586
1.1430388155780693
0.9593545706337842
1.035277165448919
1.1318877309921411
1.083342310546099
0.9877546841366991
0.990481385386991
0.9663066337303762
1.0950001408018581
1.0983601954446256
1.1151204750521104
1.1067330349045998
0.9888883543919031
0.9666708318285716
1.1999965966752355
1.1289461636186107
1.0223999909025072
0.9635922332941558
1.2446604673738004
1.0228270284064205
1.0844672263428414
1.0226057804295126
1.109600832637595
1.1176583911265345
1.2069084586915135
1.2703623109050404
1.003202329154978
1.296688278922499
1.1127010699908282
1.593932200417611
1.1042504966382842
1.2145733501136469
1.0784292070478647
0.9991021863882542
1.3350860692676847
1.0694916051637091
1.163666422232708
1.2315228187092673
1.0587086331760773
1.2093542196111455
1.0522521613767475
1.0922506967906975
1.0984119548150213
0.9599154578505779
0.9729636972345475
1.0268076598801885
1.1091629922799293
1.2457431458885668
1.0950847085082418
1.0944182842926993
1.15841580244102
0.9242935291125111
1.2777120959838177
1.103783381147044
0.9592608697897558
1.2077791848016972
0.9559424061393518
1.2148064557855829
1.2268676428333154
1.08986024108437
1.0548347912958582
1.084853528400446
1.4084875962964818
1.0933819255698465
1.1898168005998053
1.2632764072932678
2.5241998256006735
0.9866884916634437
1.1546281938305945
1.0792578413694
0.9343970117512486
1.0998020962874193
1.1037640151518715
1.2222912147216263
0.9913557654411227
1.1285806793958906
1.145474914729313
1.0800519230372323
1.0849544896345853
1.0705613855170633
1.1456383710957285
1.1181297577048872
1.0621081178795737
0.9672287640774334
1.0903226878805368
1.1410743814451472
1.1197851863601849
1.22588972057312
1.2127639213732462
1.1235014878772795
0.9963924972651057
1.209082419430242
0.9917764184179165
0.8766959785261097
0.9660563484056709
1.142122393803906
1.060524619655685
0.971969073791718
0.9606382972210742
0.9468652595679109
1.067095640237907
1.0863372791339896
0.9922353066236244
0.9670207752751951
1.141520919232024
0.9723739655948055
1.1237638985893366
1.1070044772502325
1.1799814278767569
1.0477380968854015
1.2147672347254899
1.2663201811298443
1.0895677510191815
1.0492335729956637
1.24873999118404
1.2565480667008955
7.26778978640218
1.1127470697963926
1.079955184834379
1.0595959697532091
1.1001158385547123
1.3056389355529103
1.298553002250408
1.0897880279704684
1.0663267390948041
1.0820209184089566
1.1056154552811526
1.2669360254544324
1.0170892790273054
1.1857265248525581
1.1287474659290235
0.9769628643553917
1.930502649022701
0.9705310021407463
1.0739335829244745
0.981175139847741
1.0305593436859644
1.085023354128188
1.123239627174673
1.1344987486530784
1.1001782014631782
1.158014257184889
1.2204426486580338
1.2659733821275083
0.974685073011508
1.323898414716101
1.107103982041391
1.094744663730128
1.1902171023532673
0.9877408045736877
1.0883905169294492
1.0905367429564083
1.0015764475655775
0.9999853873532095
1.0910981026136528
0.9923612986893713
1.0825637106573673
1.0937446687728773
1.0244487876892252
1.0861249327199745
1.4424226903765633
1.5410435800525026
1.1562880781434
1.0699636335911047
1.0568949116236273
1.1373793099865646
1.1589765759792878
1.3985286098014622
1.078085939134786
1.1150837607931576
1.2882992866452665
1.0848385329819916
1.2235159232119734
1.0731912287547778
1.0980705713168155
1.6910543620639185
1.0841946829486173
1.1445116535568858
1.09366138433997
1.0798871107533912
0.7845944798452915
1.1077005999059417
1.5063102004028401
1.2114951774144023
1.1132109324695392
1.1081662906381378
0.865590210515992
0.9302060908325794
1.350719547803783
1.4017438784635246
0.9859440995132415
1.0482166301330949
1.1544018614604201
0.8278272544384646
0.9407812772867291
1.0500286395940037
1.2160433656818148
1.0423370600644937
1.1780928134206903
1.1040153591908228
1.0271016466837208
0.729755794066363
1.0762732018846262
1.1399873488789405
1.1304310050065665
0.9433519171142433
1.0756264529679955
2.9552526192036956
1.1313009156230884
1.068016077860062
0.9539608203323606
1.1161602310695782
1.1169420791302096
1.1674792074892824
1.1159951755876825
1.1294739013466417
0.9761280741421318
0.9878416492893838
0.8544189646715974
1.0581242919543241
1.0506095644350184
0.922103685835215
1.1149944064565633
1.1010917331019034
1.0681791947545065
0.9545881204352118
1.071053479448165
1.0979818122588398
1.187389382376579
1.0215505443842428
1.1371006605986056
0.9781269459595815
0.9501754453703942
1.1203996743458995
1.1263852029587147
1.0602298377506603
1.0882730349562797
1.5473164749042685
1.0778793157514608
1.2914079154608733
1.1077679461329835
1.0967317537897914
1.0359452330240297
1.150871757037321
1.068837596842
1.014819296558293
0.9985396862809289
1.0387980376997947
1.3805944631625837
1.0918272572941825
1.0456791183417462
1.0740377289269627
1.2918481237126838
1.2061505697573929
0.9316474573540722
1.0642562453598714
0.9679505089291092
1.269962459611798
1.0556662441534364
1.020956714302694
1.0848087554319537
1.0793112240277352
1.1408629535918662
1.1958907814298037
1.0701833349468988
1.1579940626802512
1.0590530125008766
1.2393239642243252
1.0778084039579823
1.0695606913099123
1.0282574207148727
1.3112731920854395
0.9819937596387524
1.1172406884316857
1.1223905103542307
1.2112326865876923
1.1074548709030003
1.3237135545561067
1.1544566371509626
0.9214365900979907
1.0096467884437088
1.2855757985086242
1.5092183428559125
1.0503509010905099
1.329037321896948
1.075807624706141
1.1279119301220346
1.1461333882073077
0.9493715734340714
1.1040471482739131
1.1402899900833063
1.2822636379227017
1.3667176413588462
1.0964949041474246
1.117850860339069
1.0211261929449211
1.0544924029753084
1.0908497249862534
1.0768944821372826
1.0713017055082594
1.0568956444558506
4.767786396319647
1.1736597353095406
0.946229290389082
1.1084109945420562
0.9674666607272757
1.208256497710357
1.0893378207459208
1.1002295206472352
1.1019308490518842
1.3057439873212835
1.059610619343683
1.0393333941802554
0.9956256935667973
1.0708810703712448
0.9690460167576309
1.0031530785197948
1.0904119207718845
1.0901859390329218
1.0995176420157928
1.105650449693787
1.062585379366945
1.0405625351586432
0.9815534700195588
1.2402662994927258
1.1052178206099639
1.0891313523996837
1.0904910092564901
0.9593174679983287
1.0020537359021333
1.0794048932569613
0.9715927112635427
1.1215398257273699
1.0654295129363838
1.0933277414774893
1.165990077973262
1.017640674777721
0.9526716637700969
1.029813236167402
1.2623845542806398
0.9359656915754508
1.0381916501867514
0.942818295666465
1.074441374531594
1.5907614588763943
1.1079152861875974
0.9062138544462555
1.0892937238647749
1.555832743776144
0.9433194366412021
1.1340423266597581
0.7169831078427882
1.1132479298450693
0.9824952008327835
1.0110667844786418
1.138272300534684
1.0637464908796341
0.9285258872084735
1.0787587444673878
1.7451044860111646
0.9603099694060843
0.957373841900853
0.9590394452006883
1.0293999074295126
1.0387099121841523
0.9981851206913129
1.0377636092837756
0.9444809919338145
1.037129658847747
1.0718975702166822
1.1074731785410268
1.1357817133756303
0.9477147928432533
1.3874669666739778
1.0469567978938834
1.5379360094572856
0.9802679182665983
1.068801859484982
0.9399366676646967
0.9756220931665822
1.3736362438746297
1.1737681607825612
0.9692106985961603
1.080568811920321
1.0179633521052298
1.066650275455594
1.0550601764940153
1.0768436346549441
0.9574737235038379
1.049116932522674
1.0784545315946488
0.9976859662102832
0.9337107632501368
1.0781393147180882
1.9388492440924572
1.06713450342463
1.0754618492029349
0.8251219510097141
1.0611052056524222
1.0818519666762503
1.132743638348598
0.9614472626630349
1.1004392261454388
1.0034956936356516
1.2012031082224262
1.0677981143416928
1.0722177651392295
0.9912386988004875
1.1977060803621615
1.0124064165288797
1.0851091989046453
1.3290179043495975
0.8796333228063491
1.1650397279887879
1.0960011016331885
1.0941512362215335
1.0771239635058136
0.9104411647926958
1.0895555382255442
1.1413151293735362
1.0749991256914235
1.0601956345048753
1.021286171503229
0.9396635812095581
1.0833689900866434
1.1957972907411365
1.0727053261239832
0.9911954570555259
0.8553597434420518
1.033897298712998
0.9046368107943304
0.9599763134944025
0.938959416585681
0.977681371791564
1.1441985880181222
1.0654848996432655
0.9279001898198004
1.113381115388872
1.1472032391034668
1.476220241095264
1.03847152765186
0.9183349226758809
0.957415095400033
1.1988909004112736
1.0604710845734135
1.1688082390224956
0.9329014094951027
1.1430420585803822
1.0138030247523935
0.9298461251767942
1.0711310460257337
1.2425184784088517
1.013752858799916
1.0020578432287308
0.9131687327682689
1.153141341272269
1.0564091653001573
1.0601224827757243
1.0538956462771345
1.1954620972010428
1.0873548361191676
1.1075971178119655
0.958093298867504
1.0263588394615877
1.3197407844551736
1.1149491914757426
1.2229297945871052
1.2441268980190991
1.0751456214314583
1.096478561308721
0.9332136847667399
1.2051213285321014
1.071686763236717
1.2729412544966021
1.1433718069972965
0.9417635717914936
0.9385892710253445
0.9947016765603268
1.2465061106192457
0.8241703357752622
0.9111879415224077
1.2723881839693554
1.2168467629562314
1.0607406937772181
0.9914071517080608
1.1938391846592233
1.0893412300978762
0.9030622243753459
1.0448312014316583
1.0579320845346978
0.9597150872168656
1.336089686593748
1.2337024294150511
1.0473437569219488
1.1704189401092602
1.05043470163228
0.9660857216717199
0.9041417955092692
1.1161082375574158
1.0319611593965048
1.1122361036377892
1.0480956560993464
0.9609014616966357
1.0291352647555694
0.8985070514948198
0.9584110424668629
1.0630279781498453
1.2939308485918586
1.0560296700192526
0.9845276459588197
1.1057943249002462
1.083997227816786
0.9866479392412985
1.2362877622821067
1.0545512776463688
1.0626328766990976
1.177535573881782
1.093108042033972
1.0252056101160114
1.1929696894856183
0.6446054630667494
1.1254012515924054
0.9661057641299828
1.1563015918678738
1.0555668199558301
1.0638877244029312
0.9833651874878274
0.9601980810660352
1.3071177067519315
0.9296165299691824
1.2012631170354278
1.1839326589033383
1.0771484941165563
1.0654798646174237
0.992862142199731
1.1076831199708392
1.1145744365944645
1.0562802262437747
1.006108119007803
0.9904411783711896
1.1068595767336313
1.1810011822899869
1.168143265869137
1.0553303097724716
0.9651177544845935
1.1391965071061358
1.623240405344569
0.9215641899146814
1.2910884514568057
1.1092660039074835
1.1403827289950779
0.9730063593416384
1.0961094422243076
1.5764975516158868
1.0701138727043946
1.0540076972644734
1.102954822879287
0.9658637041510044
1.1248310435314333
1.370105682442678
1.0753390179183948
1.0482625385763706
1.1886268279285548
0.9938771905202332
1.0059038826744584
1.1459535438772845
1.187676642919202
0.9423703315441885
1.0236497662172994
1.1092368148771703
0.9965918846617409
0.9854561445033598
1.0904897644142078
0.941543962984319
0.865784479960936
1.0742856860422567
1.010365366947436
1.102262072212179
1.0494113197700448
1.1187360846078025
1.209657595993039
1.250320343726363
1.0515224688698597
0.9560597726780984
1.0621441602819477
1.0772334645191117
1.1123894769147025
1.1443621455589013
1.0890334480682469
0.9719271307842313
1.107324003726873
1.083504273239682
1.0876927581644864
1.0637232696883898
0.925137967127899
1.1163983628506673
1.1806339492026934
0.949683722321118
1.1074943719461745
1.0359912771609348
1.082889092773194
2.0120546850232515
2.491002274119019
1.294223751531676
0.936479710917619
1.0500943251980448
0.9638097573527848
0.9506092063848006
1.0433570780658026
1.1292875789300885
0.9670000711605511
0.9873465501818502
0.9626196151391483
1.3399764098301612
1.0794290250420293
1.1486227262941386
1.1253158548386846
1.0691195004502265
0.9425853419749508
2.6022514868404176
1.073957483678812
1.0164726127494967
1.2137026792395795
1.2923007052983595
1.094550686551461
0.8535994648505087
1.1558588260823108
1.184530464749095
0.9603901365978094
1.0927292189260687
1.1434459942021145
1.0852112744218878
0.9287668979315402
1.1672415223771502
1.0008426470975673
1.0501573981188514
0.9834395915785124
1.152564353123908
1.1038944320092734
1.1013042119096714
1.0749020238980753
0.9614053028820516
1.0995274882974784
1.1326383753786398
1.029474112845057
1.016301284948741
1.1084636252679192
0.9792691346470161
1.1629822398711638
1.1714683870692635
1.269172609035023
1.2315937501527716
1.1115119108684757
0.9603662023214453
1.0930772799912294
3.1717150844692727
1.1079634828916998
2.3918376678580007
0.9984800809438573
1.1542476737280474
1.1041421495672332
1.104377490111453
1.0785574964008504
1.0657036414012957
1.149195234767259
1.0168828917967514
1.1554699026895852
1.3199116657157701
0.9772553583961843
1.1142943407618093
1.04289252825323
1.0731472248919929
0.9571973338615932
0.9552644905160993
0.85524893206329
1.0744281520541852
1.107132863970025
1.0995572789532284
1.0506586186307734
1.0456825877669982
1.5808902297167928
1.3072322838558317
1.1217673889635746
1.0470078213044816
1.0755491630355534
1.0712870434435176
1.4123026423557208
1.1205639283650353
1.069682557329863
1.060480390787449
0.9686610438691106
0.9258801447273483
1.1035921159406963
1.1174093900401822
1.1063907477440378
1.043692304167244
0.9369699527069887
1.1618143727675825
1.1111219601281725
1.1751391058626381
0.9923685192048479
1.1353216713393204
0.951081245217445
1.0712936226059093
1.044309783624248
0.9160739033378441
1.2233161772968884
1.1788416541753106
1.0635371299999883
1.0769701245955718
1.1883678296023215
0.9910291918157191
1.1607932092184035
1.0708759408160016
1.171362843522226
1.0977882071925416
1.1376481184849827
0.9420022748878424
1.2394157606454161
1.2812738575990328
0.9975890910898725
0.9771736625992513
1.6629259212451275
1.2625820246906205
1.1805205696438936
0.9684960867794379
1.2240260535556118
1.063142672733133
1.1481453207470709
1.146320205653461
0.975426086289446
1.0786523140125206
0.936130210709818
1.4074372496097085
1.1305173802338406
0.9481265337359661
0.9582085427265273
1.1336340547907735
1.0961467984318674
0.9368995675013807
0.9438176362495421
1.0589265951956963
1.0854956435223897
1.0599897231881332
1.0782671826873518
1.138061281783662
1.2655456544300159
1.1283696475526424
0.9785310575961882
1.2410835717146937
0.9655823633911544
1.2083123598935737
1.0020689789830295
0.9413926159132363
0.9423838528012113
1.0292614339721966
1.0778091332658941
1.050093991206425
1.0539609360532303
1.051215095761403
1.1315525231057058
1.0865794812555083
1.0964557420376375
1.1771135342682064
1.2214632836581276
1.1537475347605652
1.2533145432042414
1.2402889838103668
1.0913178574321358
1.296738320797592
1.0958950295895453
1.0867108969002948
1.079835069090521
0.882238586221324
1.1080775992918062
1.127606961952991
1.1461048204233881
1.151737410681672
1.0749800461528571
0.9807985833160316
1.4350031785143273
1.0468831478124652
1.0695946638458658
1.087358688481735
1.0726108672478911
1.117982370074551
0.9730513180604912
1.111304594512153
1.1480200610895523
1.085186027740244
0.973177129106471
1.2647044059689299
0.973586999456467
0.9849335591423929
1.1104275969891866
1.1454133356900877
1.1374384292636368
0.9692998746071628
1.5141141422910451
1.4092364740429204
1.0890834727877337
0.8938526425837384
1.0003235242324355
1.1127929997131636
1.0049959818907737
0.9582345152767272
1.0823465446872522
1.232716992573441
1.159747787031773
1.0860524897105006
0.9282127275256256
1.1012756689313825
1.0900940546151572
1.1093081712084059
0.953156891127936
1.0975970679224079
0.9557741426401458
1.1657403899434111
0.9401758793952334
0.8558259126259549
1.2182511257414148
1.0815336261327924
0.9431523332064368
1.0781859108987468
1.0740411143782225
1.1659500402600722
1.1042044719507769
1.0308903199648243
0.9436598926327642
0.9320200700155484
1.0736836421077394
0.9510110012142835
1.0414820912148213
1.107724955713891
1.235218376175909
1.3191917812542042
1.084035231607319
1.1947925629064415
1.1028501434236928
1.17924117727699
1.1162809999693624
1.557778635041104
1.067951506682854
0.9515821950734225
1.1063092456398105
1.0690732237556315
1.2917360053346154
1.0535002704263179
1.4287218434928073
1.0828489999051325
0.973353971604927
1.0623620412294705
1.026747201032762
1.2500407085796916
1.0532866009268211
1.0025073981717663
1.0793815421331632
1.0136038197151875
1.1864684851688514
1.1933692316727003
1.0626103733720362
1.116043464277376
1.0773705541944378
1.2079098566253117
1.0400223269742563
1.030874484960074
0.9522605105231795
1.1028475468257901
1.1824601450799779
0.8292963053449987
1.3847944882844134
1.2153769842554825
0.987190480850051
1.232402950048867
0.9472321511042519
1.044611728460933
0.8925265230723439
1.0543833108154927
1.0530111817071892
1.101291840360464
1.1303446842278972
1.068028181074483
1.0951796306157586
1.0327903219228425
1.0454080359226965
1.1795075344301804
1.1051718932452885
1.061181854617526
1.0979551538494432
1.2037585876987091
1.1060431577606042
1.0438555579186153
1.0356378408057156
1.1258346687214076
1.3661309911959583
0.9365817500149299
1.1742750627617193
1.174996346488533
1.1093138852941595
1.0688281751299875
0.9875722542942642
0.9247047923479477
1.1056544138809974
0.9167346642996864
1.1554126885219653
1.0913690417037447
1.1128231790051237
1.1053888365603493
1.0586899166770483
1.0929207924517252
1.027775540672276
1.0870972167525053
0.9418237345957403
1.0465833351853358
1.18057592840564
0.9429246652828147
1.0631437941237316
1.1435758620640464
0.9558658729302392
1.073285784358583
1.0965011444142767
1.432755655735893
1.001327497434678
1.1309214173282554
1.082756904144504
1.0518573523766166
0.9002927893312671
1.0428989888156575
1.1663831471037387
1.0999735922066307
0.9468601430393925
1.1069011037921035
0.9043112992030257
1.0643685018506301
0.9201438373881402
0.9769448679693111
1.092552791459473
1.2032222473757819
0.9952244692529675
1.0772684090937057
1.166759357301322
1.1599863177080836
0.9941439129462936
1.1326587376381285
1.1361327488281687
0.7535912009529139
0.978023935956051
1.0930131420945572
1.1088696845948005
1.1462495909305366
1.1293990433490053
1.0726150696594818
1.0671016199871213
1.0468091753308884
1.2024551844223512
1.2575152225804964
0.9552177605251251
1.0492321766817192
1.3854346624861404
1.1126844709761616
1.0253177621227763
1.190470090295829
0.947313730921094
1.0016811529418816
1.0964016787986328
1.254453034000806
0.9542951767163625
1.153493095311613
1.1484641185878284
1.7295217383536847
1.1739627168886009
1.1100457746126888
1.0872266848794572
1.2527275447858373
0.9531348975568469
0.944595081757788
1.0912050788842012
0.9600541789885643
0.980686892925352
0.9232639302705989
0.962922483000181
1.099366232909242
1.0849311196200424
1.0730013454464424
1.1150810731602403
1.0493489866582282
0.9373331034751343
1.1394852841407994
0.9105000259706667
0.9875463721209741
1.0782082921395983
1.1068199526350182
0.9824192158060562
0.8310418404881001
1.113328144946865
0.9243973617644984
1.0761889489453869
1.0852640564334162
1.1473692210979245
1.1092300540421762
1.1044202409872994
1.3046400569249175
1.1417614865293648
1.310164446147248
1.1401366780599766
1.0555127407098488
1.0561153316856788
1.0651179609589165
1.0909447324891122
1.1990590516453274
1.0932628317658661
1.0386877523347575
1.0362825920899663
1.0213312381750848
1.113194861993966
0.9931328766352077
0.9544239461450682
0.9465242742638501
1.0654700614394177
1.0507737505863373
1.184780382021103
1.1671875017388313
1.0794664533396556
0.959036538053275
1.0777408422110988
1.0046020949302776
1.1125170074445399
1.1178763268159102
1.0062693767345812
1.071294860425574
1.0975335854828066
1.0826126257565831
1.0443133634705872
0.9200088886713719
1.0683624633823319
1.060183245988701
1.1768918022937447
0.9587944820863633
1.1527129511980896
0.8989256614314205
1.0656410315881566
1.1642563590927555
0.9924981296353871
1.0758332837239102
1.1049453237872657
0.8908908397700013
0.9392332049047192
1.058826637433197
1.1997855788874858
1.167567884594432
1.0572166344281244
1.2253195289810075
1.1193298751605247
0.9202600192773357
1.0373283320654945
1.1555758140385026
1.0951115288370223
0.9111515399596697
1.0788163557798276
1.3004104786855462
1.0676522801166037
1.2268712858066992
1.0638576651811384
0.9806442932895035
1.0809286547571646
1.0706748593127435
1.0384390622154767
1.1450320601065052
1.0520193967865537
1.043477580232733
1.000804887324864
1.0667697135807692
0.9526461907874378
0.9550912996250472
0.9342663114888329
1.1301573030220509
0.932258027857844
1.1488964926508094
1.4024329731963852
1.0017833616392822
1.0496977453945402
1.1343409645669098
0.9296417504332207
1.0423933570704933
0.9535598174623965
1.0966008213048706
1.0814542443440291
1.2005631307043199
0.9618409362859623
1.1369465060198336
1.046532137272834
1.0659268263724548
1.3082717061614886
1.1966065154138963
1.0909904436017799
1.0791978676139677
0.981144130515202
1.090446712960132
1.0657436548565318
0.9263467294156358
1.1691123701130985
0.9434748633918867
1.1292615693439991
1.0422668444082652
1.0472951926277358
1.4259270571479996
1.1439829436404427
1.0764015435402865
0.9027018971082307
1.1129688082016937
1.0688513600664828
1.0889436939970347
1.2520383427547834
1.103828155805698
1.0394202191453725
0.9974697707774446
1.0689505344260422
1.7713955301299946
1.1751491445099072
1.085288402337352
1.0162130983430744
1.0315404852499102
0.967996091831638
0.9717248645245524
1.1149345337988927
0.9019400335622235
1.1466285299882983
1.2861882646303298
1.3063637224256537
1.0783573840566747
1.1996475540427352
1.1702125953815032
1.1972490511298877
1.144395698752006
1.1691543886054392
1.0759981846795281
1.060857987763219
1.1272100025269145
1.138966918177166
1.1020949346458522
0.9599200674613343
1.0796925799182824
1.0903900983848558
1.08616145171705
1.1016398201882436
0.9788551567217004
1.319676726816804
1.065862328827032
1.0911395894223126
1.1693968860137312
1.0066802331938165
1.1780119620842122
1.046165592986943
1.1016268600846173
1.2474927246808272
0.9144188712851454
1.1727546616921407
1.2214354870036659
1.0524201253348575
1.105131954246424
1.139254098659591
1.077465810012025
1.2491801280839012
1.1186105825729336
1.0943466848310832
0.9401501211493363
1.1088142483771948
0.7717022410490113
1.1384411032460948
1.002553320003963
0.9782732758214031
0.854414150607381
1.1126070798497791
1.1684302331295369
1.0973610947672017
1.0692099953271483
0.9403640549873157
1.0751638679302007
1.2007082465878944
1.169701500444135
1.0848920293706827
0.9904405006534622
1.1767340937399544
0.9302600071262893
1.2096295421084329
1.060226020120339
1.05786680269647
1.148361622939032
1.1129369854875977
0.898619466654826
0.9645072950030038
1.0935005691440176
1.0676442206906893
1.0958547260099287
1.1018436953175035
1.0874097575393555
1.1029175175922679
1.1295149452568858
0.9294731262469735
1.136001171111951
1.0174336223626883
1.1566134771932497
0.9362736012819952
1.2001075282478235
1.0740533342020473
1.0594967084776215
1.0696460721808196
1.1688849960305772
0.8696825280220285
0.9668310553640449
0.9457431750360166
1.1139988475759657
1.157994002436811
1.2113287734285332
1.0970827981420774
1.1318154500571933
1.0228330777839427
1.0939996351480377
1.302157718533854
1.2008471855293457
1.0887102538407336
1.0296784271035733
1.0267230466848953
1.113897056371526
1.1125528868630403
0.9633682754675124
1.0742963949313797
1.201892288085422
4.659101233975559
0.9773023291797839
1.093971342954295
0.9434946832216962
0.9552008135476315
1.361369048909575
0.9140621878182825
1.1785461941350368
1.0969981670217028
1.1651841097700522
1.0217959685152946
0.9590614298488089
0.9576442959222745
1.0033636070005088
0.9738152205239986
1.1041941444864138
1.041262986528552
0.9043755014514366
1.2517644998917439
1.126306271022553
1.0872959629032741
1.021874085336978
1.048261632484278
0.9901074796012884
1.266556086300735
1.0481703650273675
1.1070350572000356
0.9992390473484948
0.6620665144008746
0.9677894419348094
1.1319192175219175
0.9822194998825403
0.9543402564228806
1.1391958746791275
1.1508998884867763
1.1669914338548282
1.2330308902818132
1.0589260796410542
0.9770124292359391
0.968775878711762
1.1045880590791628
1.060941391319435
1.1923835434357928
1.1141553088232075
1.1521835564054588
0.9557043681727223
1.1148222137909005
0.99075888988289
0.9997950234612204
0.9703672896875606
1.418230166174817
1.0812795106106188
1.0972237471455963
1.1048620760353087
1.12925051873712
0.9329640172420505
1.1070344911966263
0.9720965073933273
1.156590459157456
1.1090545561706293
1.0738403594478385
0.9260660542165178
0.9875316909465427
1.0995065360131775
0.9817296831839271
1.2190983016813017
1.1361632655718736
1.2206727241457846
1.1534090209980763
0.9378360344438426
1.0621019568728007
1.055854769691077
1.0770502135959577
1.1688203939498414
0.9337261681300795
1.1249832972715421
0.9238854158517329
1.0689167300268674
1.0363890000398104
1.2688398534403658
1.1983388812092903
1.1667922753985183
0.91705725372121
1.1150489184515717
1.0859401620455007
0.9812108126586115
1.1190832030664686
1.0624804168501931
0.9504573396722842
1.1005711273422705
1.0528047404459058
1.0650015225844196
1.0516815666069155
0.9924010127655495
1.1728501373268665
1.0560526277129634
1.159360758664022
1.0608915775105487
1.0996010113970969
1.4295192302164286
0.9909905251068759
1.1476720385031962
1.1704119111487297
1.0379555715555535
1.1337056950349584
0.9610900072110865
1.2215308998399586
0.9943597456806207
1.0468319121243284
0.9623892986208127
0.9638594586876988
1.1002000668518206
1.074954600621084
1.120298639386382
1.052084507099813
1.0111951875159924
0.90917524530991
1.0864134121102793
1.1007672758511138
1.078021007477283
1.0486086089800373
0.9489251346863855
1.1736589403548008
1.0728909387544305
0.9540845296615206
1.0722741643019205
0.9105336859488792
1.0936952168918563
1.1072049525258836
1.017509627856732
1.0945824999296738
0.9489181770619931
1.117330781674593
1.2754285492825457
1.0283803466026642
1.0962490686511972
0.9307024409221812
1.0735164606199923
1.2133174279047951
1.0684370622047432
1.1207696998750118
0.9849128353996675
1.3345528162837668
1.1425733712612443
1.0407160727917253
1.1768805127862372
0.8798133138293615
0.9368082285645356
1.0627649718722387
1.0528579204258826
1.1088728536436512
0.9660279638484485
1.0122224757832265
1.2975085993770692
1.084818012734616
0.9641679669877735
1.1683534624689589
1.138684816894691
1.2034167907600315
1.1263383160850016
1.0980039991107213
1.1058364920897994
1.1166068609976731
0.8474209028755227
1.0628141559645976
1.1013210039668693
1.3100180909549033
1.0249428100424254
0.9835363377449458
1.102987940210746
0.9813542312663377
1.1399124508163712
0.9223980943488137
1.0473204824565452
0.9970906728243809
1.095075731323086
1.069319310932731
1.1128337841601044
1.064163161553262
1.1069124304992966
1.1685104429683861
1.0681225572569966
1.0466071208933188
1.1262071049568256
1.0853949833528171
1.1793265992576194
0.9637083934548359
1.104472620394521
1.0000564957728093
1.141603466026777
0.9666738507819269
1.3836895769205297
1.0708375804226011
1.1246719084633872
1.0874264899491235
1.0393034429895962
1.0922886570292054
0.9879898200707352
1.0727054966152185
1.0682051335823404
1.200360576495465
1.0472701340768749
1.02173927816183
1.076605005251793
1.0778061585294423
0.9546134601123134
0.9360852331131694
1.182684894089155
1.031247644790753
1.0863787852484992
1.0631982970590552
1.0585036807794863
1.1261260620497209
0.9988256837398959
1.011032100241188
1.0488474976282018
1.054917052838189
1.121316561532328
0.948937315264767
0.9998865237495531
0.9338313347441621
1.117606847132879
1.3130359943454792
1.0739703166262502
0.9632197867126271
1.1816765562180624
1.190864880025241
1.1381474130689324
1.0496438141090187
1.1119119224235094
1.026682780051686
1.0783317616261543
1.1444619926783217
0.844232815149905
1.1868832503385303
1.2021393678897976
0.9420966677167458
0.9359859109025036
1.0733911084522807
1.109597929281381
1.2586866098851377
1.026675431104298
1.2665042292426076
1.1840231215263892
1.1685494071217382
1.0524906514729675
0.9341054921362852
0.949411474350263
1.104880844766056
1.0231401529300763
3.026659734720629
0.9264605329279351
1.0605235491812226
1.0092869902692359
1.0147954019941132
0.9400075665256434
1.0763326365438868
1.1142322988212388
1.234241911372964
1.1557272914890653
1.0961208737925787
1.2713127972297442
0.9882486536985469
0.9648467733700316
1.001630638805255
1.1680839855028915
0.9419663548222851
0.9514501098592638
1.2348098836202825
1.0589444940832093
1.0643079353393274
0.9207690358070777
1.0043499059561403
1.0819338485797876
1.1004543423202158
1.0836207320037716
1.0919266323726804
1.163999579082313
0.9212218437167181
0.9730382901186978
0.9760024992208115
1.0960772413479305
1.0077860180798988
1.047524612590715
1.0407676623801394
1.0703560184877219
1.02507887220554
1.5815889890236643
1.586150320941275
1.0447270040655587
1.1724383787745003
1.7357670940342231
0.9770121452837218
1.1445065027190002
1.0876790292866032
1.0654651076044097
0.9580801681222059
1.051580421393079
0.9669859441530514
1.14619897489201
1.0499920443634272
1.1163578325598986
1.0837812205319073
0.9574775001563693
1.4545349993643586
1.091064651161987
1.2795169961967052
1.119452962235665
1.1142933648293705
0.9682343570022061
1.155869802231762
1.101115784360296
0.9045526828745618
1.2433866364172959
0.9391357508593418
1.0610707685437302
1.100064119685777
1.186301260440982
1.0705914219083017
1.086291307228995
1.0745257747340888
1.1267786435261529
1.0505188187658099
1.0753696784788702
1.1445838133429618
1.0124667704296253
0.9827453048602193
1.0522366193036734
1.0874390400986502
0.9655541659932725
1.0478105925595695
1.151796234558092
1.1306233529554812
1.2578266243652736
1.0334650996233419
1.1214779874508876
1.126313122486183
1.1932775367679644
0.9599786677594719
0.9867827450934423
1.1385716056306667
0.9347977794726272
1.141887463673904
1.0991497983684428
1.112223716838142
0.9856966776858115
1.0849718794207297
1.071986996206901
0.9834699331199843
1.0848093663026175
1.2310490912398804
1.0721412687283522
1.2716695459204626
0.987879399601487
1.0715145296176192
1.136689991719419
1.128963493268064
1.055308750008889
1.1065690351421908
1.0725183281836757
1.0905867510979748
1.0163431915376917
1.0910394928436928
1.0440339475127873
1.3851632230498765
1.1931131549530547
1.0597555805899472
1.02478225829017
1.1402304397785947
0.9409258010065713
1.1510979609032883
1.1397549555244286
1.0589953392492308
0.8825798911233744
1.1235887935256947
1.3858372367842633
0.9803356578187737
1.0438539552149064
1.0696832619523269
1.3346048257229322
1.1059583772458015
1.0598320474125003
1.0342594189692358
1.199208077478813
0.9142297946705658
0.9511895874603071
1.2276771176556962
1.0767043603174211
1.1567313292883161
1.059066984223053
1.0523849246491797
1.206328455884031
1.0547682379787862
1.093515882318927
1.0308547688687684
0.9907307315434007
1.3851847228873535
1.0742278472856597
1.0531634356857538
1.0747703891849603
0.9237069793741978
1.0670209735552858
1.1525281831553307
1.1178020972687812
0.9404283339181619
1.1883311447241731
1.176102056681683
1.0848009458223733
1.0989414179668455
1.0233421449629443
1.2873090657929007
1.2316240855105645
1.099972045184885
1.2743424387824882
1.1749848282467712
0.8300695980495877
1.0440742641607426
1.1305175066777655
1.1114719825718486
1.1105226875939789
1.0294451863009797
1.169999161683656
1.1391466577256077
1.0608921016694488
1.071825597099964
1.1089640282705697
0.9732377713185465
1.0577729996864127
0.9393147738044721
1.0456774056400395
0.9442557134903387
1.0603903286923062
1.162751102098317
1.1459135791402977
0.9414636453616531
1.1667322452416566
0.9704886934323544
1.084970225440212
1.0851882512206692
1.2279737360933651
1.1883501604309537
0.9351825956626793
1.0897019115430897
1.1155862141403865
1.1765021416294166
1.1070741347212987
1.1179131175517054
0.9370331493186802
1.0667613955817354
1.1034778270819245
1.148421676031505
1.1874845123324018
1.1163995359648773
1.0404850181449674
1.1301980243207843
0.9768106105387196
1.0325414309883196
1.0903850538468625
1.2442301619415381
1.0588087757977023
0.9582447832341995
0.9451597609774913
1.0341002499225467
1.0527949304832083
1.1226174349670652
1.0886738003405738
1.1249067489546665
1.2329473678325344
1.1545989651906945
0.9935582580274668
1.1271612075430617
0.9564593036923423
1.0139229103522613
1.0380962436109689
1.0795538749791387
1.2605598423708015
1.118053056057726
1.2217963805083478
0.9799119880914202
1.0784314121770846
1.1353206911425402
1.0451730772371073
1.0753181322064658
1.3015679321312372
1.1553451100562928
1.0975961923743158
1.1770069085965411
1.1282392778257098
1.1831461620569472
1.0977175506709211
1.0832861927119117
1.2331500850121988
1.4490275024998076
1.0699024044966248
1.0615600374918084
1.0870140068560328
1.2076096160420522
1.0446332394518705
1.0648157661174082
0.9072550567563509
1.0175546656119607
0.9682998831079037
1.1015310286366515
1.0979362366420886
1.053636465819007
1.3631220072314612
0.9533753601781788
1.14649169984237
1.0810548396306852
1.1236738481802049
1.2629325304578691
0.9572427613653434
0.9234102310546181
1.0756141592987385
1.0546671543770545
1.0881269557061297
1.2294922262502446
0.9157902664325943
1.5098832994107116
0.9744365549784383
1.0307069151167405
1.05568986770492
0.9998678141955725
1.0656323758577504
0.9666766951373773
1.0183657878310544
1.0307342987484513
1.065840936996571
1.246516259069164
0.9769790363005804
1.2075870327750469
1.0459866276253786
1.290210295100348
1.0855729057457644
1.1047297725165433
0.9990001473542459
1.0121441427667612
1.043821388119519
1.0560808017606929
0.9438795512961363
1.1988787824396059
1.2496444111768172
0.9724200864804986
0.9262116859162429
1.1835382942846802
0.9202925184891088
1.1977344367095133
0.8910411378800301
1.1130892244449508
0.9677404715753194
1.0642724398466743
1.0800984208499869
1.875350852156591
1.0674574598609652
1.0925400027131074
1.09271111696435
1.1571509471640495
1.0821182439845898
0.9867950593415209
1.1635897363231698
1.1019119101253285
1.0576064188307084
1.1690318694126822
1.097407637854221
1.1044334420051183
1.0695619224019102
1.0239883071302944
1.081655391101733
1.1386379434169702
0.9545901453928672
1.4804300473321852
0.9758768999795567
0.9868855046763192
1.1942116287362972
0.9432360676630337
1.3256925817343808
0.9864066085865589
0.9770333726147548
0.9802460549653816
1.1512430902462327
1.060209385134753
1.0718622067860912
1.1353953305799704
1.1624895376284734
1.0378228986883473
1.0533586033661342
1.1522346606715212
0.9593848583868426
1.177131822436206
1.0660625379649855
1.1131458130029475
1.0740316317428658
1.1497459559356964
1.01797599975266
1.2909841960047497
1.0751542111890955
1.0691543222585536
1.1537363786505739
1.0718422310369533
1.0962948276181972
1.1015610601691188
1.0568186436922806
1.0939622020882689
1.065480738742336
1.1947208927717379
1.0962497498998627
1.1310882651135594
0.9509543183957511
1.0547589084140436
1.1608180590857924
1.0446521722707407
1.0806008768304312
0.9416266837629925
0.9314448122026225
1.110989995511247
1.0266709360783983
1.1099757722728345
1.1552598071703315
1.0688794772847592
1.245401175308503
1.3413421337680382
1.0816140055426142
1.0397171059624808
1.1317052165996777
1.1378615750427228
0.907336676445423
1.1756608807751263
0.9499888889397529
0.9629077940589479
1.2261586182984887
1.1274449471076504
1.0018288838365237
0.9648005521691653
1.094218195522536
1.1823659708533132
2.254010280766215
1.1663319934728902
1.049904329748284
0.9482040641002059
1.1925808651207892
1.2048597547753772
0.9817413547729563
1.1813955679658075
1.1299102929849874
1.1384627679247628
1.1167347906502716
1.2081785637158156
1.0900884668019992
1.1953403421098876
1.2140407661184138
1.01597632041481
1.3875024894379655
1.1970886774334586
1.0248435562338303
1.0521785429981687
1.7961461343361824
1.1366112902720824
1.1026900451389205
1.1705795573305786
1.1519136979224205
1.0956984148980662
1.2012388472138145
1.0661565887358482
1.0186722652414903
1.1206073908371208
1.0525740123621337
1.0697113730317351
1.4377301826423279
0.9316189980840176
1.1277069977833787
0.9579638484181876
1.3211207582595381
1.0696320119432539
0.936871787162097
0.9173926633848039
1.0878640248521805
1.117545755450785
0.8422229687726178
1.0630606303361303
1.0707549813862518
0.963373395603748
1.0624933961525493
0.9002664480710341
1.6469201846146397
2.455835907023803
0.9634167491575563
1.0657390253145993
1.128155572126542
1.122292747842336
1.0399646350261111
0.9622977917482024
1.0698603727329834
1.0755542484197969
1.092830188911072
0.9750154148305004
1.0930810680838703
1.0986920090661298
1.1429635632741173
1.038116672022144
0.9734826299889336
0.9591783003784907
1.0954817251112348
1.2560064384064866
1.0571262430513875
1.0829015213339066
1.2432504200499548
0.9672732576853875
1.1304644107140822
1.13788545728396
1.0692666154320496
1.091354799261436
1.1238290414717333
1.073260391284465
1.0876916319863432
1.0835082129282019
1.078707968548656
0.9117578419549207
1.0522138960962826
1.1226316337132765
0.9396733621316086
1.0412397511869356
1.0839884934420945
1.0945347943528805
0.934915751063258
1.0823185051341682
1.0971794285016159
1.0647712373439175
