1.7653741
1.9829458
0.6665584
0.6665584
0.6665584
0.6665584
0.6665584
0.6665584
3.002301
0.6665584
0.6665584
1.960546
0.6665584
0.6665584
0.6665584
3.056466
0.6665584
1.9025512
3.4700997
0.6665584
0.6665584
2.0315583
0.6665584
2.8284326
0.6665584
2.2049327
1.9848751
0.6665584
0.6665584
0.6665584
0.6665584
0.6665584
0.6665584
0.6665584
1.9742303
1.5651724
0.6665584
0.6665584
2.72094
0.6665584
0.6665584
0.6665584
0.6665584
1.7686679
0.6665584
2.346546
2.1699736
0.6665584
0.6665584
0.6665584
2.0151606
0.6665584
2.8727314
2.697613
2.1100452
0.6665584
0.6665584
1.7379898
0.6665584
3.1241372
1.8353057
0.6665584
0.6665584
0.6665584
2.4652586
0.6665584
0.6665584
0.6665584
0.6665584
0.6665584
0.6665584
0.6665584
0.6665584
0.6665584
0.6665584
0.6665584
0.6665584
0.6665584
2.5112524
2.4282992
2.7415085
1.7210174
0.6665584
0.6665584
0.6665584
0.6665584
0.6665584
0.6665584
1.665728
0.6665584
0.6665584
2.2222185
2.9075902
0.6665584
2.0808342
0.6665584
0.6665584
0.6665584
0.6665584
0.6665584
2.438264
0.6665584
1.8915917
0.6665584
2.7390096
0.6665584
1.7156898
0.6665584
0.6665584
0.6665584
1.8003027
3.0321476
0.6665584
0.6665584
0.6665584
2.3971844
0.6665584
0.6665584
0.6665584
0.6665584
1.8280804
0.6665584
1.6292787
1.9955169
2.261825
0.6665584
1.9593242
2.496663
0.6665584
2.1904244
2.0062034
1.9812869
2.4522495
0.6665584
2.3258529
0.6665584
0.6665584
0.6665584
2.4865935
2.4141312
2.422284
1.9096594
0.6665584
0.6665584
0.6665584
1.9284321
0.6665584
2.0885875
0.6665584
2.2584114
0.6665584
2.988352
2.512977
3.3596
0.6665584
2.49443
0.6665584
0.6665584
2.270812
0.6665584
2.0943577
0.6665584
2.0189416
0.6665584
0.6665584
2.33936
0.6665584
2.5008836
0.6665584
0.6665584
0.6665584
2.20812
2.3350136
2.7291837
2.5341418
2.4401174
0.6665584
2.174064
0.6665584
2.3518078
0.6665584
2.0622008
1.9958866
0.6665584
2.5021367
2.865449
2.2794023
2.4008687
0.6665584
2.0089624
0.6665584
0.6665584
0.6665584
3.4237435
2.2896593
2.6329427
0.6665584
2.2361119
0.6665584
2.4068372
0.6665584
0.6665584
0.6665584
2.368728
0.6665584
0.6665584
0.6665584
0.6665584
0.6665584
1.936165
0.6665584
2.9303908
0.6665584
0.6665584
0.6665584
1.6124301
0.6665584
2.836398
2.1410656
2.3699474
2.5166132
0.6665584
1.5207816
1.7337989
0.6665584
2.2484407
2.3364134
0.6665584
0.6665584
2.0909789
0.6665584
0.6665584
1.686533
0.6665584
1.9367325
0.6665584
1.7937735
0.6665584
0.6665584
0.6665584
2.1681724
2.402198
1.1159106
2.931554
2.671834
2.748137
0.6665584
2.4811258
0.6665584
0.6665584
0.6665584
0.6665584
0.6665584
2.3288755
0.6665584
2.1009052
2.380937
2.2057824
0.6665584
2.40767
1.9070534
2.053139
0.6665584
0.6665584
0.6665584
0.6665584
1.6169038
0.6665584
2.139604
0.6665584
0.6665584
0.6665584
0.6665584
0.6665584
0.6665584
0.6665584
0.6665584
4.055495
2.7990842
0.6665584
0.6665584
0.6665584
2.2486715
2.3531928
0.6665584
1.7794292
2.2353783
0.6665584
0.6665584
2.089786
2.2579181
1.7126156
0.6665584
2.08061
0.6665584
0.6665584
0.6665584
0.6665584
2.334224
1.9710056
0.6665584
1.8866132
0.6665584
0.6665584
0.6665584
0.6665584
0.6665584
0.6665584
0.6665584
0.6665584
0.6665584
0.6665584
0.6665584
0.6665584
0.6665584
0.6665584
0.6665584
0.6665584
0.6665584
2.4345627
0.6665584
2.4868624
0.6665584
0.6665584
0.6665584
0.6665584
2.8034484
2.057885
0.6665584
0.6665584
0.6665584
2.518607
0.6665584
2.9311109
0.6665584
0.6665584
0.6665584
1.6910796
2.9883094
2.6758761
2.2390256
2.6682334
0.6665584
0.6665584
1.361857
2.2525465
2.541447
1.7464354
0.6665584
0.6665584
2.4738789
1.8852369
2.2510886
2.4146957
0.6665584
0.6665584
1.9142697
0.6665584
1.9215518
2.9132884
0.6665584
2.1041863
0.6665584
2.1115103
2.1053128
1.9191512
0.6665584
2.6364503
2.0506008
2.8832998
1.841583
1.8552724
0.6665584
0.6665584
1.7436304
2.8876638
0.6665584
0.6665584
0.6665584
0.6665584
0.6665584
0.6665584
0.6665584
0.6665584
1.7972821
0.6665584
0.6665584
1.8777939
0.6665584
0.6665584
0.6665584
0.6665584
1.8493298
1.8970054
0.6665584
1.8936677
0.6665584
2.4969268
0.6665584
0.6665584
0.6665584
1.8351557
0.6665584
0.6665584
2.3864484
0.6665584
2.82697
0.6665584
0.6665584
0.6665584
0.6665584
1.9217376
2.3064897
0.6665584
0.6665584
3.0028667
0.6665584
2.8117728
0.6665584
0.6665584
0.6665584
2.064393
0.6665584
2.2516382
0.6665584
0.6665584
0.6665584
0.6665584
0.6665584
0.6665584
0.6665584
3.0623753
0.6665584
3.0847085
0.6665584
4.3509703
2.9941907
0.6665584
0.6665584
2.011359
0.6665584
0.6665584
0.6665584
2.1492903
2.5561957
2.4853027
0.6665584
2.391264
2.7084737
2.778004
2.780197
0.6665584
2.5045085
0.6665584
0.6665584
0.6665584
1.775491
2.1853793
1.5847937
0.6665584
1.9392039
1.9694172
2.1478882
0.6665584
2.4980185
1.2550056
0.6665584
2.3629637
2.9134295
2.2989123
1.5695649
0.6665584
0.6665584
0.6665584
1.7285595
0.6665584
0.6665584
0.6665584
2.9098275
2.762165
0.6665584
0.6665584
0.6665584
0.6665584
0.6665584
0.6665584
2.4566338
0.6665584
0.6665584
0.6665584
0.6665584
2.7430036
2.0687594
0.6665584
0.6665584
1.8444774
0.6665584
0.6665584
0.6665584
2.3563719
0.6665584
0.6665584
3.8721857
1.7513043
0.6665584
0.6665584
0.6665584
0.6665584
2.0592709
2.39825
2.2573295
0.6665584
1.8073105
2.3673575
1.916632
0.6665584
0.6665584
2.3486836
2.6898987
0.6665584
1.5710394
0.6665584
0.6665584
0.6665584
0.6665584
0.6665584
0.6665584
1.8288765
0.6665584
0.6665584
0.6665584
0.6665584
0.6665584
0.6665584
1.9974273
0.6665584
1.9010715
0.6665584
1.5043361
0.6665584
2.9954872
0.6665584
2.5476487
2.3604553
0.6665584
2.1869764
0.6665584
2.2618847
0.6665584
0.6665584
3.614201
2.514089
0.6665584
2.234024
0.6665584
0.6665584
0.6665584
1.9935565
0.6665584
0.6665584
0.6665584
0.6665584
0.6665584
1.618419
0.6665584
0.6665584
2.2606444
0.6665584
1.5890545
0.6665584
2.3465085
2.1391227
3.8565013
0.6665584
0.6665584
0.6665584
0.6665584
0.6665584
0.6665584
0.6665584
1.3667706
0.6665584
2.4957075
2.15903
0.6665584
0.6665584
0.6665584
2.1591206
0.6665584
0.6665584
0.6665584
2.0448825
0.6665584
2.0860758
2.0919042
0.6665584
1.7466447
0.6665584
0.6665584
0.6665584
0.6665584
0.6665584
0.6665584
1.9960754
2.1532986
0.6665584
1.8594543
2.638986
0.6665584
2.0933254
0.6665584
0.6665584
2.269757
2.3655784
0.6665584
0.6665584
0.6665584
0.6665584
2.569544
2.2180614
1.8783016
0.6665584
0.6665584
0.6665584
2.524781
2.0978088
0.6665584
0.6665584
0.6665584
0.6665584
0.6665584
1.369307
0.6665584
2.4125025
0.6665584
0.6665584
1.6993243
0.6665584
0.6665584
0.6665584
1.8939099
1.5226771
0.6665584
2.1261077
0.6665584
2.3096137
3.1350179
2.1108778
0.6665584
2.5846298
1.738569
2.0926344
0.6665584
1.7067331
2.2899542
3.8344252
1.4924431
0.6665584
1.9278388
3.00878
0.6665584
2.0868948
0.6665584
0.6665584
1.896771
0.6665584
0.6665584
3.3038638
0.6665584
0.6665584
0.6665584
0.6665584
0.6665584
0.6665584
2.2737918
0.6665584
0.6665584
0.6665584
0.6665584
0.6665584
1.5238218
0.6665584
1.8641177
0.6665584
2.129782
0.6665584
0.6665584
0.6665584
1.898227
2.8448558
0.6665584
3.1475968
2.3809092
2.0557857
2.242244
0.6665584
0.6665584
0.6665584
0.6665584
0.6665584
1.961636
0.6665584
0.6665584
1.8545897
1.8758194
0.6665584
0.6665584
0.6665584
0.6665584
1.6677669
1.9983485
0.6665584
0.6665584
0.6665584
1.722153
1.726861
2.0836647
2.566596
1.6787461
0.6665584
2.8639922
0.6665584
0.6665584
2.5240564
0.6665584
0.6665584
2.501648
0.6665584
2.398922
2.142986
0.6665584
2.4097397
1.704412
0.6665584
0.6665584
0.6665584
0.6665584
0.6665584
2.8207223
2.0858958
0.6665584
2.0034757
0.6665584
2.319533
0.6665584
0.6665584
1.8548417
0.6665584
0.6665584
0.6665584
0.6665584
2.03694
0.6665584
0.6665584
0.6665584
0.6665584
1.8946534
0.6665584
0.6665584
0.6665584
0.6665584
3.9926426
0.6665584
0.6665584
0.6665584
0.6665584
2.2821765
0.6665584
0.6665584
2.0521083
0.6665584
2.6392922
0.6665584
0.6665584
0.6665584
0.6665584
1.8869314
0.6665584
2.0200312
2.7496185
2.6626334
2.3268707
0.6665584
0.6665584
0.6665584
2.0128722
2.0593882
2.3145764
0.6665584
2.6549547
0.6665584
2.4751844
1.6069075
2.1636863
0.6665584
0.6665584
0.6665584
2.7629836
0.6665584
1.7880578
1.7902194
0.6665584
0.6665584
0.6665584
0.6665584
0.6665584
1.4790368
0.6665584
0.6665584
0.6665584
2.8242047
0.6665584
2.1444967
2.7639756
2.207198
0.6665584
1.7748399
0.6665584
0.6665584
0.6665584
2.5422099
2.27395
0.6665584
0.6665584
0.6665584
0.6665584
0.6665584
0.6665584
2.2329373
2.383652
0.6665584
0.6665584
3.4366043
0.6665584
1.9520954
0.6665584
2.2111905
2.3073695
0.6665584
2.1330805
0.6665584
0.6665584
2.3798592
0.6665584
2.3866713
2.8177989
2.460633
0.6665584
0.6665584
0.6665584
0.6665584
2.3406758
0.6665584
0.6665584
0.6665584
0.6665584
2.806911
2.0844285
2.2131026
2.81948
0.6665584
0.6665584
0.6665584
0.6665584
1.5390482
0.6665584
3.1230586
2.1075866
0.6665584
1.7557623
0.6665584
0.6665584
1.7927246
2.1344752
0.6665584
2.246891
1.6926374
2.192002
0.6665584
1.8917224
2.0472822
2.3137095
3.1237533
2.4714515
0.6665584
2.1010244
0.6665584
0.6665584
0.6665584
2.0834405
0.6665584
0.6665584
1.8425994
0.6665584
0.6665584
2.2447882
0.6665584
3.0761273
2.1018367
3.479353
2.1212823
0.6665584
0.6665584
1.8734978
0.6665584
0.6665584
0.6665584
0.6665584
0.6665584
1.7149924
0.6665584
0.6665584
0.6665584
0.6665584
1.4875215
2.036914
0.6665584
0.6665584
0.6665584
2.1724641
0.6665584
0.6665584
2.506375
0.6665584
1.6544986
0.6665584
2.3559525
0.6665584
0.6665584
0.6665584
2.283757
0.6665584
2.3447466
0.6665584
2.5362983
2.083242
0.6665584
1.8704176
2.8992746
2.3250453
1.6974164
0.6665584
1.9052694
2.82573
0.6665584
0.6665584
2.1064844
2.411972
0.6665584
0.6665584
2.457323
2.3100548
2.129379
0.6665584
0.6665584
3.2673066
1.9935094
0.6665584
2.8805394
0.6665584
3.576708
3.6573665
2.852132
2.350325
0.6665584
2.5005941
0.6665584
0.6665584
0.6665584
2.5149086
2.5298586
0.6665584
1.8508677
0.6665584
2.1119497
2.4705462
0.6665584
0.6665584
2.702628
0.6665584
2.1962352
0.6665584
0.6665584
0.6665584
0.6665584
2.2981515
1.9959533
0.6665584
0.6665584
0.6665584
2.030881
0.6665584
0.6665584
1.9148806
0.6665584
0.6665584
0.6665584
0.6665584
0.6665584
2.387836
0.6665584
0.6665584
2.601104
2.0981998
0.6665584
0.6665584
2.7616947
4.350873
0.6665584
0.6665584
0.6665584
0.6665584
1.9647963
0.6665584
0.6665584
0.6665584
1.8402725
0.6665584
1.5308417
0.6665584
0.6665584
0.6665584
2.2215378
0.6665584
0.6665584
0.6665584
1.8801423
0.6665584
0.6665584
1.8775641
0.6665584
0.6665584
2.7238317
1.6349987
1.7080746
0.6665584
0.6665584
0.6665584
0.6665584
2.8605146
0.6665584
2.2563605
0.6665584
0.6665584
2.8374927
0.6665584
2.0906756
0.6665584
0.6665584
0.6665584
2.1508589
0.6665584
1.575753
0.6665584
0.6665584
0.6665584
1.9875185
0.6665584
0.6665584
0.6665584
0.6665584
3.0426672
2.5348299
0.6665584
0.6665584
2.5818996
0.6665584
0.6665584
1.3175492
0.6665584
0.6665584
0.6665584
2.795809
2.0591567
1.4856883
0.6665584
0.6665584
0.6665584
0.6665584
2.1304436
0.6665584
0.6665584
2.5471895
0.6665584
0.6665584
2.2736816
0.6665584
1.9690925
0.6665584
0.6665584
0.6665584
0.6665584
0.6665584
2.232507
0.6665584
0.6665584
0.6665584
0.6665584
0.6665584
2.186108
0.6665584
2.3102944
2.1486402
0.6665584
0.6665584
0.6665584
0.6665584
2.2793741
2.3589792
0.6665584
0.6665584
0.6665584
2.2604115
1.7618926
0.6665584
2.373454
0.6665584
1.7666892
4.380832
0.6665584
0.6665584
2.5092185
1.9268508
2.1835985
0.6665584
1.4479283
0.6665584
0.6665584
1.8142971
0.6665584
0.6665584
0.6665584
2.5063
0.6665584
0.6665584
2.7386189
0.6665584
0.6665584
1.7424403
0.6665584
0.6665584
1.8264331
0.6665584
0.6665584
2.173686
0.6665584
1.9769796
0.6665584
0.6665584
0.6665584
0.6665584
2.1493518
0.6665584
1.9061472
0.6665584
1.6708053
2.9923153
0.6665584
0.6665584
0.6665584
0.6665584
2.023426
1.987685
0.6665584
3.0412936
0.6665584
0.6665584
0.6665584
2.795991
2.3074677
0.6665584
2.2547896
0.6665584
2.7352412
1.8327329
2.323441
2.0654092
2.2183492
2.6896808
0.6665584
0.6665584
2.8902743
2.2052557
0.6665584
1.982685
0.6665584
0.6665584
0.6665584
1.9990019
0.6665584
2.3546793
0.6665584
0.6665584
0.6665584
0.6665584
1.8112922
0.6665584
2.436197
1.8195866
1.9091065
1.7468492
0.6665584
1.9347646
0.6665584
0.6665584
0.6665584
2.123907
0.6665584
0.6665584
0.6665584
0.6665584
0.6665584
2.633148
0.6665584
0.6665584
0.6665584
2.79497
0.6665584
1.896047
2.3264565
2.4380453
2.0972033
0.6665584
0.6665584
3.1796637
0.6665584
2.1656814
0.6665584
0.6665584
2.1548953
0.6665584
0.6665584
0.6665584
2.4390056
0.6665584
2.018799
0.6665584
2.3611634
0.6665584
0.6665584
0.6665584
2.5361614
2.8526568
2.4621816
0.6665584
0.6665584
0.6665584
2.1352665
2.4974473
0.6665584
2.168406
0.6665584
2.4807131
0.6665584
0.6665584
0.6665584
1.8032383
0.6665584
3.0139124
0.6665584
2.1218178
0.6665584
0.6665584
2.0428517
0.6665584
0.6665584
0.6665584
3.5841322
1.82168
0.6665584
0.6665584
0.6665584
1.855233
0.6665584
0.6665584
0.6665584
2.005965
0.6665584
0.6665584
0.6665584
0.6665584
3.532421
2.4499764
0.6665584
0.6665584
2.6236236
2.302849
1.7880449
0.6665584
2.1528752
0.6665584
0.6665584
2.7628224
1.6836734
1.6957117
0.6665584
2.074618
0.6665584
0.6665584
0.6665584
0.6665584
0.6665584
1.9837484
2.243719
0.6665584
0.6665584
0.6665584
1.834039
0.6665584
0.6665584
0.6665584
0.6665584
1.9977291
0.6665584
0.6665584
0.6665584
0.6665584
0.6665584
2.1373265
1.5412701
1.9821885
2.0013924
0.6665584
0.6665584
2.858979
0.6665584
3.0076566
0.6665584
3.857699
0.6665584
0.6665584
2.6690762
1.7381586
0.6665584
2.2864344
1.7713469
1.8644576
2.7495928
1.9890454
2.5624657
0.6665584
2.0263016
0.6665584
0.6665584
2.0467756
0.6665584
1.8658446
1.5185789
0.6665584
0.6665584
0.6665584
0.6665584
1.9557976
1.585723
0.6665584
2.8924026
2.7567961
0.6665584
0.6665584
0.6665584
0.6665584
0.6665584
2.1985092
0.6665584
2.909856
1.6987935
0.6665584
0.6665584
0.6665584
1.7621883
2.3138607
1.5910742
0.6665584
0.6665584
1.9112554
2.5798764
2.1161277
2.1031113
2.606778
1.681962
0.6665584
1.995043
0.6665584
0.6665584
0.6665584
0.6665584
2.41265
1.8483844
0.6665584
2.0435448
0.6665584
2.1164172
0.6665584
2.613875
1.9675318
2.1312928
0.6665584
0.6665584
1.9130323
0.6665584
1.6318475
0.6665584
2.2595062
2.3615031
2.0940757
2.971663
2.083037
0.6665584
0.6665584
0.6665584
2.0462825
2.3924425
1.6384478
0.6665584
3.0948777
0.6665584
1.9182062
0.6665584
0.6665584
0.6665584
0.6665584
0.6665584
0.6665584
0.6665584
0.6665584
1.8134017
0.6665584
2.6568604
0.6665584
0.6665584
0.6665584
2.0644274
2.2372627
3.3733907
2.1689425
0.6665584
1.5138311
0.6665584
0.6665584
0.6665584
0.6665584
0.6665584
0.6665584
3.4536297
2.0200083
0.6665584
0.6665584
2.7554724
0.6665584
0.6665584
0.6665584
0.6665584
0.6665584
0.6665584
2.2053468
0.6665584
1.8849617
0.6665584
0.6665584
2.0880172
2.4256089
0.6665584
0.6665584
0.6665584
1.6677201
0.6665584
2.2819529
0.6665584
0.6665584
0.6665584
1.8701977
2.3889716
0.6665584
0.6665584
1.7602112
2.1632943
2.148475
0.6665584
1.8913966
0.6665584
0.6665584
0.6665584
0.6665584
0.6665584
0.6665584
0.6665584
0.6665584
0.6665584
0.6665584
0.6665584
0.6665584
1.8567878
0.6665584
2.1512198
0.6665584
0.6665584
1.9595484
0.6665584
0.6665584
1.8951552
2.2648592
0.6665584
0.6665584
0.6665584
0.6665584
2.0642173
2.1886737
0.6665584
0.6665584
2.0199556
1.962586
0.6665584
0.6665584
0.6665584
2.2546268
0.6665584
0.6665584
0.6665584
2.171019
0.6665584
2.4163818
2.759049
3.6683078
2.1268773
1.9843884
2.9282808
2.5308628
2.7516048
0.6665584
0.6665584
2.2943575
0.6665584
0.6665584
0.6665584
2.544212
0.6665584
0.6665584
0.6665584
1.9554294
0.6665584
1.9943018
1.6491852
0.6665584
0.6665584
2.1278033
0.6665584
2.616986
0.6665584
0.6665584
2.4065468
2.08184
2.884569
0.6665584
3.4330323
0.6665584
0.6665584
1.2971089
0.6665584
0.6665584
3.522623
2.3921797
0.6665584
2.3140986
1.7939539
0.6665584
2.2973998
2.2871737
0.6665584
3.43875
2.1945007
2.3541474
0.6665584
1.2618676
2.1958814
0.6665584
0.6665584
0.6665584
0.6665584
2.2295918
2.3702428
0.6665584
3.8763678
0.6665584
1.4624354
2.0027466
0.6665584
0.6665584
2.1866684
0.6665584
0.6665584
0.6665584
0.6665584
0.6665584
2.0548472
0.6665584
2.0131726
0.6665584
0.6665584
2.694322
0.6665584
2.5366442
0.6665584
2.0074687
0.6665584
1.8290787
0.6665584
0.6665584
0.6665584
0.6665584
2.2481952
1.9374428
3.0713232
0.6665584
1.7024872
0.6665584
0.6665584
0.6665584
0.6665584
2.45274
0.6665584
2.3053434
2.5871768
0.6665584
0.6665584
1.807156
0.6665584
2.2838163
0.6665584
0.6665584
2.1356072
0.6665584
0.6665584
0.6665584
0.6665584
0.6665584
2.5541432
0.6665584
2.038402
1.9640558
2.3364599
0.6665584
2.416889
2.7367926
0.6665584
2.6578186
0.6665584
0.6665584
0.6665584
0.6665584
0.6665584
0.6665584
0.6665584
0.6665584
2.1385667
1.8843292
0.6665584
2.488641
0.6665584
2.1675823
0.6665584
0.6665584
0.6665584
2.3175895
0.6665584
2.2342536
0.6665584
0.6665584
2.0240314
0.6665584
2.2236557
3.0231066
1.9172063
2.0376883
0.6665584
0.6665584
2.1729448
2.1959195
3.1175444
2.4062276
0.6665584
0.6665584
1.8984766
1.9120535
0.6665584
3.1943185
2.1867938
1.9527458
1.4955583
1.7622162
2.3577883
0.6665584
0.6665584
0.6665584
2.547239
1.9717748
0.6665584
0.6665584
0.6665584
1.9618992
0.6665584
0.6665584
0.6665584
1.7552785
0.6665584
0.6665584
0.6665584
0.6665584
0.6665584
0.6665584
2.2747505
0.6665584
1.9470754
0.6665584
0.6665584
0.6665584
0.6665584
2.2732775
2.176598
2.297672
2.9342594
0.6665584
2.642278
1.8748773
0.6665584
0.6665584
2.8815033
0.6665584
0.6665584
0.6665584
0.6665584
0.6665584
0.6665584
0.6665584
1.9846232
0.6665584
0.6665584
0.6665584
0.6665584
0.6665584
0.6665584
1.5154487
2.066922
0.6665584
0.6665584
2.5258355
0.6665584
0.6665584
2.797688
1.7523255
2.2126377
0.6665584
0.6665584
2.841288
0.6665584
2.8653748
2.1128967
0.6665584
1.8810922
0.6665584
1.6700903
0.6665584
2.1309006
0.6665584
0.6665584
0.6665584
2.739093
0.6665584
0.6665584
1.9849336
0.6665584
0.6665584
2.0623417
2.9923322
2.7369854
1.9414052
0.6665584
2.6651561
0.6665584
0.6665584
0.6665584
0.6665584
0.6665584
1.611905
0.6665584
0.6665584
2.1716313
0.6665584
0.6665584
0.6665584
0.6665584
1.9164462
0.6665584
0.6665584
0.6665584
2.1461716
0.6665584
0.6665584
0.6665584
0.6665584
1.8196801
1.8237199
0.6665584
2.0715313
0.6665584
0.6665584
0.6665584
0.6665584
0.6665584
2.6785955
2.2215154
1.8896825
0.6665584
0.6665584
0.6665584
2.180363
0.6665584
0.6665584
2.3495436
0.6665584
2.396324
0.6665584
0.6665584
1.8166555
2.277773
2.3640401
0.6665584
0.6665584
4.3660197
1.7898916
0.6665584
0.6665584
1.8370965
0.6665584
2.0745194
0.6665584
0.6665584
1.8835747
0.6665584
0.6665584
0.6665584
0.6665584
0.6665584
2.0486574
2.258091
0.6665584
0.6665584
2.4452252
0.6665584
0.6665584
0.6665584
0.6665584
0.6665584
2.1613362
0.6665584
1.850882
2.0297644
0.6665584
1.9859442
2.1229208
1.3526356
2.9270103
0.6665584
0.6665584
2.178054
0.6665584
0.6665584
2.0994356
0.6665584
2.7527678
0.6665584
0.6665584
1.7714443
0.6665584
0.6665584
0.6665584
0.6665584
0.6665584
0.6665584
2.7149184
0.6665584
2.3090394
0.6665584
2.0713391
2.1816423
0.6665584
0.6665584
2.6389744
0.6665584
2.1330922
0.6665584
1.738859
0.6665584
0.6665584
1.5373026
0.6665584
0.6665584
2.5065143
0.6665584
0.6665584
4.734961
0.6665584
0.6665584
0.6665584
2.4829006
0.6665584
2.294444
0.6665584
0.6665584
2.1657414
0.6665584
2.7509136
3.1659667
1.5069444
2.2695358
0.6665584
0.6665584
2.2632005
2.3642962
2.4097283
0.6665584
0.6665584
0.6665584
0.6665584
0.6665584
0.6665584
0.6665584
0.6665584
2.1387348
0.6665584
0.6665584
0.6665584
3.0851674
2.185572
2.5898874
0.6665584
0.6665584
2.3683732
2.387935
0.6665584
0.6665584
0.6665584
0.6665584
2.20744
2.4403994
2.194579
0.6665584
2.1531026
0.6665584
0.6665584
2.0789082
0.6665584
1.8895373
0.6665584
0.6665584
0.6665584
2.627694
0.6665584
0.6665584
0.6665584
2.0799909
0.6665584
2.694854
0.6665584
0.6665584
0.6665584
1.9645326
2.5401015
2.9251726
1.4508672
3.4668193
2.0322964
1.9004791
0.6665584
1.5458087
2.0927052
0.6665584
0.6665584
2.1248922
0.6665584
0.6665584
0.6665584
2.3426898
2.7115953
0.6665584
2.641016
0.6665584
0.6665584
1.9819847
0.6665584
0.6665584
2.0155826
0.6665584
0.6665584
0.6665584
0.6665584
0.6665584
0.6665584
0.6665584
0.6665584
2.0472906
2.2708833
0.6665584
2.3587842
2.629701
1.8834126
0.6665584
2.2806466
0.6665584
0.6665584
0.6665584
0.6665584
0.6665584
0.6665584
0.6665584
0.6665584
0.6665584
2.9298542
0.6665584
0.6665584
0.6665584
0.6665584
2.161825
0.6665584
2.7175083
2.6822076
2.4303555
1.8033153
0.6665584
2.3994372
0.6665584
0.6665584
0.6665584
0.6665584
0.6665584
0.6665584
2.692427
1.7397406
2.1983726
1.5702695
2.0652714
2.9685657
0.6665584
0.6665584
2.3047464
2.51357
0.6665584
0.6665584
0.6665584
3.1824806
0.6665584
1.5711601
0.6665584
0.6665584
2.859413
0.6665584
2.1157236
2.2322648
0.6665584
2.318904
2.049137
1.8053726
0.6665584
2.4180512
2.728717
0.6665584
1.444063
2.1613967
0.6665584
0.6665584
0.6665584
2.8059454
0.6665584
0.6665584
0.6665584
0.6665584
0.6665584
0.6665584
2.0831356
2.0030167
2.3143985
0.6665584
2.4836566
2.2499444
0.6665584
0.6665584
2.3624976
0.6665584
0.6665584
0.6665584
0.6665584
0.6665584
0.6665584
2.0489604
2.0325341
0.6665584
0.6665584
0.6665584
1.8641661
2.2443547
2.0660887
2.6425037
2.1966445
0.6665584
2.312463
0.6665584
0.6665584
1.5929481
1.9340731
1.6472827
2.6322691
2.392514
1.6904223
2.1214643
2.3120365
2.1440036
0.6665584
2.825332
0.6665584
3.0196302
1.6383033
0.6665584
1.6951652
1.6985034
2.6182413
0.6665584
2.6944623
1.8854375
0.6665584
0.6665584
2.9043365
0.6665584
2.852034
0.6665584
1.6918203
0.6665584
3.4745243
2.1222284
0.6665584
2.5888216
0.6665584
1.6369263
1.8025562
0.6665584
0.6665584
0.6665584
2.4216256
1.2948902
0.6665584
2.0371306
0.6665584
0.6665584
0.6665584
1.8741508
0.6665584
0.6665584
0.6665584
2.0744069
2.1721814
0.6665584
2.4961102
2.0118675
0.6665584
0.6665584
3.094853
0.6665584
0.6665584
2.0373802
2.1244707
2.338459
0.6665584
0.6665584
0.6665584
1.9033909
0.6665584
0.6665584
0.6665584
0.6665584
1.7733816
0.6665584
1.8977311
1.6391575
0.6665584
4.8817887
0.6665584
2.1580424
2.9273102
2.8725896
0.6665584
2.385831
4.5961466
0.6665584
2.2301202
2.2239602
2.1939282
0.6665584
0.6665584
0.6665584
0.6665584
2.7580287
0.6665584
1.6191527
0.6665584
0.6665584
2.0233312
1.9593636
0.6665584
0.6665584
0.6665584
1.9210355
1.8245286
0.6665584
0.6665584
0.6665584
0.6665584
0.6665584
2.1688497
0.6665584
0.6665584
0.6665584
4.374111
0.6665584
0.6665584
2.8063788
0.6665584
2.4383886
2.2987468
1.7884763
0.6665584
0.6665584
0.6665584
0.6665584
0.6665584
0.6665584
1.5553354
1.668296
0.6665584
1.9551804
2.7801874
2.4626327
0.6665584
0.6665584
2.9568279
2.2771728
0.6665584
0.6665584
0.6665584
0.6665584
2.0937567
1.9064586
0.6665584
0.6665584
0.6665584
0.6665584
0.6665584
2.185657
0.6665584
0.6665584
0.6665584
1.8054937
0.6665584
0.6665584
0.6665584
2.132424
0.6665584
0.6665584
0.6665584
2.5877144
2.8385494
2.3535511
1.7895887
0.6665584
1.7500997
1.7989528
0.6665584
0.6665584
0.6665584
0.6665584
0.6665584
2.4205718
3.2453225
3.0556474
0.6665584
2.086379
0.6665584
0.6665584
0.6665584
0.6665584
0.6665584
0.6665584
2.2658043
1.9560354
2.1674342
0.6665584
2.6881838
0.6665584
0.6665584
1.6284969
2.2332544
1.5917743
2.3233356
0.6665584
0.6665584
0.6665584
0.6665584
0.6665584
0.6665584
0.6665584
0.6665584
0.6665584
2.1625092
0.6665584
1.9526064
0.6665584
0.6665584
0.6665584
0.6665584
0.6665584
1.8904066
0.6665584
0.6665584
0.6665584
0.6665584
2.1046584
0.6665584
0.6665584
2.4868138
2.0019662
0.6665584
0.6665584
2.383425
0.6665584
1.9269353
0.6665584
0.6665584
0.6665584
0.6665584
0.6665584
1.5666155
0.6665584
2.646525
0.6665584
0.6665584
0.6665584
2.1839595
2.012926
0.6665584
0.6665584
0.6665584
0.6665584
0.6665584
0.6665584
1.7407167
2.1769857
1.9899429
0.6665584
0.6665584
0.6665584
0.6665584
2.3939824
0.6665584
2.2695568
0.6665584
1.6929495
0.6665584
0.6665584
0.6665584
0.6665584
1.7241282
0.6665584
2.1658266
0.6665584
2.014146
0.6665584
0.6665584
2.4732916
0.6665584
1.7542337
2.4712667
2.277194
0.6665584
2.589413
0.6665584
0.6665584
2.873738
0.6665584
0.6665584
2.036793
0.6665584
2.0065305
1.5245124
2.2169347
0.6665584
0.6665584
2.0029614
1.7598641
1.845519
0.6665584
2.5659816
0.6665584
1.7680362
2.5236993
0.6665584
0.6665584
0.6665584
0.6665584
0.6665584
2.45654
1.8787096
0.6665584
0.6665584
0.6665584
0.6665584
2.0548263
2.3500273
2.186095
2.4256659
0.6665584
0.6665584
0.6665584
1.9740058
0.6665584
0.6665584
3.19908
0.6665584
0.6665584
1.8675086
0.6665584
0.6665584
1.5255908
2.9108064
1.8240106
0.6665584
2.2374537
2.3863354
1.8665617
0.6665584
0.6665584
0.6665584
0.6665584
0.6665584
0.6665584
0.6665584
1.8879473
0.6665584
0.6665584
1.9513077
2.1778638
2.317736
0.6665584
2.4456267
0.6665584
0.6665584
2.602091
0.6665584
2.458967
0.6665584
0.6665584
0.6665584
1.9705021
1.784064
2.2040725
0.6665584
1.7910126
2.0813212
0.6665584
1.7635942
0.6665584
1.9405441
1.6900996
2.1485863
0.6665584
2.4117157
0.6665584
0.6665584
0.6665584
2.5583498
2.4022398
0.6665584
0.6665584
0.6665584
2.231635
0.6665584
1.786569
2.2099397
2.3972766
0.6665584
0.6665584
2.3882806
3.5082495
0.6665584
2.432264
0.6665584
1.4206903
0.6665584
0.6665584
2.579227
0.6665584
0.6665584
0.6665584
0.6665584
1.8328779
0.6665584
0.6665584
0.6665584
1.9065336
0.6665584
0.6665584
0.6665584
2.3110855
0.6665584
0.6665584
0.6665584
0.6665584
0.6665584
0.6665584
2.3697236
0.6665584
1.8674287
2.2896857
0.6665584
2.0812147
0.6665584
0.6665584
0.6665584
0.6665584
2.7289464
1.9452254
0.6665584
0.6665584
0.6665584
0.6665584
0.6665584
2.0904644
0.6665584
2.2359169
1.9544971
0.6665584
0.6665584
0.6665584
0.6665584
2.6699643
0.6665584
2.0407293
1.786548
0.6665584
1.9347156
1.9819435
2.0848744
0.6665584
0.6665584
1.4089173
0.6665584
0.6665584
0.6665584
2.5942276
0.6665584
2.2320824
0.6665584
2.5561385
2.2891316
0.6665584
0.6665584
2.0375087
1.8596562
2.8272986
0.6665584
0.6665584
0.6665584
0.6665584
2.5130198
0.6665584
2.0225527
0.6665584
3.3033597
2.3445709
0.6665584
0.6665584
2.9329593
2.1843064
2.014204
2.2453196
2.2880177
0.6665584
0.6665584
0.6665584
0.6665584
2.1861026
0.6665584
0.6665584
0.6665584
0.6665584
0.6665584
0.6665584
0.6665584
0.6665584
0.6665584
0.6665584
3.0501564
1.7427596
0.6665584
1.7089261
2.1440136
1.7276127
0.6665584
2.1421092
3.0335522
2.2594793
2.9831684
1.7029507
2.106974
2.805056
2.0830822
2.0503159
0.6665584
2.102504
0.6665584
2.8048785
1.8540844
2.2499404
2.3418288
1.9400187
0.6665584
1.9895688
0.6665584
0.6665584
1.7782496
0.6665584
0.6665584
0.6665584
0.6665584
2.5198934
2.5821939
0.6665584
0.6665584
0.6665584
1.6143783
1.8966174
0.6665584
0.6665584
0.6665584
2.0321114
0.6665584
2.3357959
2.1238837
2.0240736
0.6665584
0.6665584
0.6665584
3.0522423
0.6665584
2.0901594
1.8569975
2.2634425
2.4673982
2.465764
0.6665584
0.6665584
0.6665584
0.6665584
2.5509608
0.6665584
0.6665584
1.8451488
0.6665584
2.2530289
0.6665584
0.6665584
0.6665584
2.213139
0.6665584
0.6665584
2.059171
0.6665584
0.6665584
0.6665584
0.6665584
0.6665584
1.824723
0.6665584
1.905703
0.6665584
0.6665584
2.561537
0.6665584
0.6665584
0.6665584
0.6665584
0.6665584
0.6665584
2.1220002
0.6665584
1.7034014
0.6665584
0.6665584
0.6665584
1.6327146
0.6665584
0.6665584
2.1903849
2.94423
2.881586
0.6665584
0.6665584
2.472764
0.6665584
0.6665584
0.6665584
0.6665584
0.6665584
0.6665584
2.2082243
0.6665584
0.6665584
2.3062532
0.6665584
0.6665584
0.6665584
0.6665584
0.6665584
0.6665584
2.7425327
0.6665584
0.6665584
0.6665584
1.8351129
0.6665584
2.2024004
2.093237
0.6665584
0.6665584
2.6755986
0.6665584
2.2871797
1.9421716
0.6665584
0.6665584
1.904157
0.6665584
1.8260038
1.7850324
0.6665584
0.6665584
2.398106
2.2610688
0.6665584
0.6665584
0.6665584
2.1566198
2.2699015
0.6665584
2.450038
2.586104
0.6665584
0.6665584
2.4603243
0.6665584
0.6665584
0.6665584
1.5286363
2.0681622
2.669215
0.6665584
2.15272
0.6665584
1.6876305
0.6665584
2.2766235
0.6665584
2.655563
0.6665584
1.8977205
2.608048
2.5428758
2.0558197
1.6071501
2.1168802
0.6665584
2.1992795
2.2508962
0.6665584
2.2997844
0.6665584
0.6665584
2.050219
0.6665584
0.6665584
0.6665584
2.2249808
0.6665584
0.6665584
2.5813124
0.6665584
0.6665584
2.2769442
0.6665584
2.1482418
2.0370476
0.6665584
0.6665584
0.6665584
1.8528209
0.6665584
1.8033634
2.5555663
0.6665584
0.6665584
0.6665584
0.6665584
0.6665584
1.5404463
2.0189757
0.6665584
0.6665584
0.6665584
0.6665584
0.6665584
0.6665584
0.6665584
0.6665584
0.6665584
0.6665584
0.6665584
0.6665584
0.6665584
1.74747
0.6665584
2.1320617
1.9098274
0.6665584
2.1251416
2.0531418
2.0392182
1.9573139
0.6665584
0.6665584
0.6665584
0.6665584
2.508763
2.476308
2.4885328
0.6665584
0.6665584
0.6665584
2.8420594
0.6665584
2.625574
2.9538434
0.6665584
2.2323132
1.8159038
2.1964002
2.8480875
1.6845877
0.6665584
0.6665584
3.7839494
1.6807213
0.6665584
0.6665584
1.4600682
2.0830278
0.6665584
1.7433122
2.4210382
0.6665584
0.6665584
1.8101883
0.6665584
0.6665584
0.6665584
0.6665584
0.6665584
0.6665584
0.6665584
0.6665584
0.6665584
1.704781
0.6665584
0.6665584
0.6665584
0.6665584
0.6665584
0.6665584
0.6665584
0.6665584
0.6665584
0.6665584
1.9699044
0.6665584
0.6665584
1.6414299
2.262137
0.6665584
0.6665584
2.2094452
1.8390077
2.1038795
1.8299892
0.6665584
0.6665584
0.6665584
0.6665584
1.9784449
1.8576617
1.7534192
3.0138524
0.6665584
0.6665584
0.6665584
2.8719683
1.7594696
0.6665584
0.6665584
2.455006
0.6665584
2.2095363
0.6665584
0.6665584
2.099866
0.6665584
0.6665584
2.7371387
2.022479
0.6665584
0.6665584
2.692167
0.6665584
1.9932252
0.6665584
0.6665584
2.2107677
0.6665584
3.7253356
2.0716913
0.6665584
0.6665584
0.6665584
0.6665584
2.4089704
2.5778852
0.6665584
0.6665584
0.6665584
0.6665584
0.6665584
1.7154614
0.6665584
2.0346768
2.3900323
1.88952
0.6665584
1.9533982
2.4192529
2.5952811
0.6665584
0.6665584
1.8796302
0.6665584
0.6665584
2.2818449
3.459957
2.2207222
2.1407318
0.6665584
0.6665584
0.6665584
0.6665584
0.6665584
0.6665584
2.4626918
2.9360397
0.6665584
2.4679286
0.6665584
0.6665584
1.7386669
2.1943028
2.10424
0.6665584
0.6665584
1.3417023
0.6665584
0.6665584
0.6665584
0.6665584
0.6665584
2.3643944
2.1389344
0.6665584
0.6665584
2.0228846
0.6665584
0.6665584
0.6665584
1.9656725
2.0845156
0.6665584
0.6665584
0.6665584
0.6665584
2.1718879
0.6665584
4.173882
0.6665584
2.7326126
2.4894128
0.6665584
2.3334248
0.6665584
0.6665584
0.6665584
0.6665584
3.46299
0.6665584
0.6665584
0.6665584
0.6665584
0.6665584
0.6665584
0.6665584
0.6665584
2.3453689
2.741463
1.9540963
0.6665584
0.6665584
0.6665584
0.6665584
2.064202
0.6665584
3.5901823
1.9817939
2.361971
2.4943707
0.6665584
0.6665584
0.6665584
0.6665584
2.27055
0.6665584
0.6665584
0.6665584
0.6665584
0.6665584
0.6665584
0.6665584
0.6665584
0.6665584
0.6665584
0.6665584
0.6665584
2.8200397
0.6665584
2.2096777
1.6749275
0.6665584
0.6665584
1.7411565
2.287165
0.6665584
3.0361207
0.6665584
1.974548
2.3083596
1.7654727
1.6009969
0.6665584
2.1950321
2.0037549
0.6665584
0.6665584
0.6665584
1.5329218
3.5231616
0.6665584
0.6665584
0.6665584
0.6665584
0.6665584
0.6665584
0.6665584
2.0923736
0.6665584
0.6665584
0.6665584
0.6665584
0.6665584
0.6665584
0.6665584
2.3725815
0.6665584
1.6288342
2.1059196
0.6665584
0.6665584
0.6665584
0.6665584
0.6665584
0.6665584
0.6665584
2.4322262
0.6665584
2.9305282
2.1017509
0.6665584
2.2665255
0.6665584
0.6665584
2.6019802
2.1659465
0.6665584
2.1601565
1.6150085
2.6760588
0.6665584
1.9929882
1.9817402
2.3573923
2.4066978
2.6243384
0.6665584
0.6665584
2.2175448
0.6665584
1.9703145
0.6665584
0.6665584
2.8548415
0.6665584
3.009349
2.0461292
0.6665584
2.1223536
0.6665584
2.4117334
2.089288
2.5580075
0.6665584
0.6665584
3.9341
0.6665584
2.4213626
0.6665584
2.3126166
0.6665584
0.6665584
0.6665584
0.6665584
0.6665584
0.6665584
0.6665584
1.8592938
0.6665584
2.001951
0.6665584
0.6665584
1.8351061
2.0463803
1.4343169
1.7913183
0.6665584
0.6665584
2.0835872
1.7482965
2.3965528
0.6665584
0.6665584
0.6665584
0.6665584
0.6665584
0.6665584
2.5293186
0.6665584
2.1248248
0.6665584
1.8191277
1.6251191
0.6665584
0.6665584
0.6665584
2.2264168
2.5136974
2.3891377
2.2051783
2.1887453
0.6665584
2.2101252
2.899583
0.6665584
0.6665584
0.6665584
2.4058635
1.8460623
0.6665584
0.6665584
2.821801
0.6665584
0.6665584
2.117157
3.1707776
0.6665584
2.314577
0.6665584
0.6665584
4.3854256
1.7713583
2.3136058
0.6665584
0.6665584
2.197686
2.5588326
0.6665584
0.6665584
2.3379955
0.6665584
0.6665584
0.6665584
0.6665584
2.0531657
0.6665584
0.6665584
0.6665584
2.2956216
2.1835852
1.3911914
4.029146
0.6665584
0.6665584
0.6665584
1.8838772
1.9545417
2.1092782
0.6665584
0.6665584
0.6665584
0.6665584
2.2405515
2.127163
2.0566773
1.967652
2.63172
0.6665584
0.6665584
2.2343824
0.6665584
1.8231592
2.1535006
0.6665584
0.6665584
0.6665584
2.5672412
1.7269678
0.6665584
0.6665584
0.6665584
0.6665584
1.6657518
2.190715
1.7046816
0.6665584
2.3816104
0.6665584
0.6665584
1.8855536
0.6665584
0.6665584
1.8509798
1.8115493
0.6665584
2.6954103
1.7745073
0.6665584
0.6665584
2.430206
1.7028407
2.3865218
0.6665584
0.6665584
0.6665584
1.5267429
1.9192771
0.6665584
0.6665584
0.6665584
1.5268333
0.6665584
0.6665584
0.6665584
0.6665584
1.8035434
2.1225111
0.6665584
0.6665584
2.1473355
2.4278955
0.6665584
2.0405643
0.6665584
0.6665584
0.6665584
0.6665584
1.4864243
0.6665584
2.4022439
2.2052684
1.6877992
0.6665584
0.6665584
2.0555563
0.6665584
0.6665584
2.2616
1.9730963
0.6665584
0.6665584
0.6665584
0.6665584
1.7580863
0.6665584
0.6665584
0.6665584
0.6665584
0.6665584
1.7558079
2.097906
0.6665584
2.4281528
1.7153538
2.2958536
0.6665584
2.5298393
2.369849
0.6665584
2.4577494
2.4292095
2.7689955
1.8586543
1.8585447
0.6665584
2.4378161
2.3848495
0.6665584
2.3237736
2.3699663
2.876593
2.4527192
1.999698
2.2811823
1.5200362
0.6665584
0.6665584
0.6665584
0.6665584
0.6665584
0.6665584
0.6665584
1.8090359
0.6665584
2.0596004
0.6665584
0.6665584
0.6665584
1.9264663
0.6665584
1.7583112
2.1547356
0.6665584
0.6665584
0.6665584
0.6665584
0.6665584
0.6665584
2.2264388
2.3120582
0.6665584
0.6665584
2.3424003
0.6665584
0.6665584
0.6665584
0.6665584
0.6665584
1.9015372
1.9914161
2.5821652
0.6665584
0.6665584
0.6665584
0.6665584
1.5096768
0.6665584
2.4372652
0.6665584
3.0919275
0.6665584
2.596587
2.190021
0.6665584
2.636128
0.6665584
0.6665584
0.6665584
1.7303871
1.763874
0.6665584
0.6665584
1.8472145
0.6665584
1.9359425
0.6665584
0.6665584
0.6665584
0.6665584
0.6665584
2.2647161
2.309265
2.101137
0.6665584
2.3315797
0.6665584
0.6665584
0.6665584
2.5160544
2.029417
2.4015915
2.945808
0.6665584
2.1123133
2.015054
0.6665584
0.6665584
0.6665584
0.6665584
0.6665584
0.6665584
0.6665584
0.6665584
0.6665584
0.6665584
0.6665584
0.6665584
2.3534377
0.6665584
0.6665584
0.6665584
0.6665584
0.6665584
2.1038313
3.0945172
0.6665584
0.6665584
1.9680432
0.6665584
1.8832668
1.550968
0.6665584
2.403404
0.6665584
0.6665584
0.6665584
0.6665584
2.3096428
3.0178113
0.6665584
1.8777962
0.6665584
4.129667
0.6665584
0.6665584
0.6665584
2.8477364
0.6665584
0.6665584
2.3017285
2.1904767
1.8731711
0.6665584
0.6665584
0.6665584
0.6665584
1.8091031
1.4278489
2.3180413
0.6665584
0.6665584
0.6665584
0.6665584
0.6665584
0.6665584
1.6198384
0.6665584
0.6665584
1.80444
0.6665584
2.1180706
0.6665584
0.6665584
0.6665584
0.6665584
0.6665584
0.6665584
0.6665584
0.6665584
5.1496778
0.6665584
1.9891942
2.2102823
0.6665584
2.0039885
2.1414561
1.953014
1.7119532
0.6665584
0.6665584
1.9605849
0.6665584
1.9102271
0.6665584
0.6665584
2.0779414
0.6665584
1.8827401
1.8112676
0.6665584
2.0101638
2.142324
0.6665584
0.6665584
0.6665584
0.6665584
0.6665584
0.6665584
0.6665584
0.6665584
3.0287
0.6665584
1.9279611
2.9689589
0.6665584
2.182801
0.6665584
0.6665584
0.6665584
0.6665584
0.6665584
0.6665584
0.6665584
1.651717
0.6665584
0.6665584
2.4045405
0.6665584
2.0043426
0.6665584
2.0298498
2.0530307
0.6665584
1.939217
3.218355
2.615929
0.6665584
0.6665584
0.6665584
3.7260852
1.8357592
1.9782144
1.9128063
1.9674118
0.6665584
2.4733508
2.0579908
2.4078789
0.6665584
2.6320288
0.6665584
3.613677
1.6866475
0.6665584
0.6665584
0.6665584
2.2024546
1.8669801
0.6665584
0.6665584
0.6665584
1.7588061
0.6665584
0.6665584
0.6665584
2.0723019
2.847486
2.3181581
0.6665584
0.6665584
2.4238927
2.4804385
0.6665584
2.5338
1.8093982
1.9999552
2.0645201
0.6665584
1.7775654
2.2492626
0.6665584
0.6665584
0.6665584
2.253121
0.6665584
0.6665584
0.6665584
2.2231584
0.6665584
1.9110117
0.6665584
0.6665584
2.2719898
0.6665584
0.6665584
2.026324
0.6665584
0.6665584
0.6665584
2.8056867
0.6665584
0.6665584
1.9047369
1.5456138
0.6665584
1.7598189
0.6665584
0.6665584
1.832924
1.3359467
2.0985792
0.6665584
2.3782153
0.6665584
0.6665584
0.6665584
0.6665584
0.6665584
0.6665584
1.9179137
1.807091
0.6665584
2.05527
0.6665584
0.6665584
0.6665584
0.6665584
0.6665584
0.6665584
0.6665584
2.9700966
2.147904
0.6665584
1.582825
2.4913597
0.6665584
0.6665584
0.6665584
1.8169227
2.7267528
0.6665584
0.6665584
0.6665584
0.6665584
0.6665584
0.6665584
0.6665584
2.058939
0.6665584
0.6665584
2.282659
1.4212834
0.6665584
0.6665584
2.1723585
0.6665584
0.6665584
1.8651419
1.5745419
2.262309
0.6665584
0.6665584
0.6665584
0.6665584
1.9656969
0.6665584
2.5814795
2.813511
0.6665584
0.6665584
1.4892691
0.6665584
2.6641886
0.6665584
0.6665584
1.8221217
0.6665584
0.6665584
2.1521277
1.7239336
3.0495768
0.6665584
1.5663049
0.6665584
1.5906116
0.6665584
0.6665584
0.6665584
1.9123918
0.6665584
1.9984053
0.6665584
0.6665584
0.6665584
2.7646852
0.6665584
0.6665584
1.8300226
0.6665584
0.6665584
0.6665584
1.9430764
3.1593456
1.8725168
0.6665584
1.7557864
2.1647387
2.2474804
1.5681978
0.6665584
0.6665584
0.6665584
0.6665584
1.6557155
0.6665584
0.6665584
0.6665584
0.6665584
0.6665584
2.130171
1.7265537
0.6665584
0.6665584
1.8529894
0.6665584
3.035222
3.2476468
3.0310836
0.6665584
1.9047303
2.2215962
3.0234754
2.4327824
1.9410633
0.6665584
0.6665584
0.6665584
0.6665584
2.3866627
2.868232
0.6665584
0.6665584
0.6665584
2.888408
1.3020555
0.6665584
0.6665584
0.6665584
1.9683442
2.2486145
0.6665584
1.5191194
2.7856097
0.6665584
3.0146437
0.6665584
2.357963
1.7388653
1.5107518
0.6665584
0.6665584
2.151715
2.0785217
0.6665584
2.1476667
0.6665584
0.6665584
0.6665584
0.6665584
0.6665584
2.1703534
0.6665584
2.4822578
2.5530922
0.6665584
1.583542
2.6910093
0.6665584
0.6665584
1.487517
0.6665584
0.6665584
2.5322597
0.6665584
1.8467284
0.6665584
0.6665584
2.007072
0.6665584
0.6665584
2.3769445
0.6665584
2.4598057
1.7139629
2.682947
0.6665584
0.6665584
2.2861152
0.6665584
0.6665584
0.6665584
0.6665584
2.6432538
0.6665584
0.6665584
2.0907023
0.6665584
0.6665584
0.6665584
2.8620586
0.6665584
0.6665584
0.6665584
2.20198
2.606445
1.9223996
0.6665584
0.6665584
0.6665584
0.6665584
0.6665584
2.285256
2.3941348
2.0596898
1.8578035
0.6665584
2.7535179
0.6665584
0.6665584
2.1062446
1.488682
2.6108408
2.07987
0.6665584
0.6665584
0.6665584
2.6058116
0.6665584
1.660909
2.9029827
0.6665584
0.6665584
0.6665584
0.6665584
4.2231555
2.8040822
0.6665584
1.9705302
0.6665584
1.4227175
0.6665584
0.6665584
2.3148894
2.7835357
2.8262932
0.6665584
1.9990845
0.6665584
0.6665584
1.6959473
0.6665584
0.6665584
2.195332
1.6380677
0.6665584
0.6665584
1.9628695
0.6665584
4.110402
3.326635
0.6665584
0.6665584
0.6665584
0.6665584
2.8819335
1.681874
0.6665584
2.1705282
0.6665584
1.7353494
2.4929767
4.7267556
2.4414108
2.846096
2.0633874
0.6665584
0.6665584
0.6665584
0.6665584
0.6665584
0.6665584
0.6665584
0.6665584
2.4554503
2.3182423
1.775263
0.6665584
1.7746153
0.6665584
1.9916708
0.6665584
0.6665584
1.8790748
0.6665584
2.4240518
2.5909834
0.6665584
2.2460487
0.6665584
1.7517078
1.8482486
1.5125875
0.6665584
0.6665584
0.6665584
2.2392182
0.6665584
2.4585972
0.6665584
0.6665584
0.6665584
0.6665584
1.7565002
0.6665584
0.6665584
2.7129443
0.6665584
3.170893
2.3799667
0.6665584
0.6665584
2.9041476
0.6665584
2.3286092
0.6665584
0.6665584
1.941638
1.5290155
0.6665584
1.875863
0.6665584
0.6665584
0.6665584
0.6665584
2.4748116
2.5420759
0.6665584
0.6665584
2.6332536
0.6665584
0.6665584
0.6665584
3.292185
0.6665584
0.6665584
2.531217
1.5326792
0.6665584
0.6665584
0.6665584
0.6665584
2.666289
1.8662381
4.117264
2.048373
0.6665584
0.6665584
2.6184218
0.6665584
0.6665584
2.205738
2.5649781
0.6665584
0.6665584
0.6665584
0.6665584
2.2039025
0.6665584
0.6665584
1.7973126
0.6665584
0.6665584
0.6665584
2.7865431
0.6665584
0.6665584
0.6665584
1.5399072
0.6665584
2.2096436
0.6665584
2.7699542
0.6665584
2.61506
0.6665584
2.2949584
0.6665584
0.6665584
2.1252668
0.6665584
0.6665584
0.6665584
0.6665584
2.3844204
1.9632516
0.6665584
0.6665584
2.7608778
0.6665584
0.6665584
1.8903569
1.8840269
0.6665584
2.5988562
2.7615564
0.6665584
0.6665584
1.4534259
0.6665584
1.8999127
0.6665584
0.6665584
0.6665584
0.6665584
0.6665584
2.3031187
0.6665584
0.6665584
2.2251084
3.2490768
2.0722694
2.1014385
2.482849
0.6665584
2.0303423
0.6665584
0.6665584
2.9033575
0.6665584
2.421918
0.6665584
2.2987924
1.6935505
2.2024229
1.6053195
0.6665584
0.6665584
0.6665584
2.954768
1.6381611
0.6665584
2.0572457
0.6665584
0.6665584
2.425806
1.7337457
0.6665584
2.9364867
0.6665584
0.6665584
0.6665584
0.6665584
0.6665584
0.6665584
0.6665584
0.6665584
0.6665584
2.078319
1.5591298
0.6665584
1.8906641
0.6665584
0.6665584
0.6665584
0.6665584
2.039435
0.6665584
0.6665584
1.9760691
1.9833494
0.6665584
0.6665584
0.6665584
0.6665584
2.7375603
0.6665584
0.6665584
2.7661493
1.4828359
2.0915363
1.7593004
0.6665584
1.7450583
2.733483
2.904937
0.6665584
0.6665584
2.3160286
0.6665584
3.7628074
3.4970572
1.8271728
1.9113997
1.8357022
0.6665584
0.6665584
2.068706
2.675211
1.8793745
0.6665584
0.6665584
2.3636627
1.3048099
2.2011626
0.6665584
2.2471364
2.408902
0.6665584
2.193597
0.6665584
1.901687
1.343698
1.9109262
0.6665584
2.7908144
2.4903674
0.6665584
0.6665584
2.6739898
0.6665584
0.6665584
0.6665584
2.4421322
2.3972354
0.6665584
1.840042
2.2955844
1.854894
0.6665584
3.1658878
0.6665584
2.243
0.6665584
2.1985855
0.6665584
0.6665584
1.9268594
0.6665584
0.6665584
0.6665584
2.9534981
0.6665584
2.9166396
0.6665584
0.6665584
0.6665584
2.7759702
2.1017532
0.6665584
0.6665584
0.6665584
0.6665584
0.6665584
0.6665584
0.6665584
0.6665584
0.6665584
0.6665584
0.6665584
1.9317594
0.6665584
0.6665584
2.9739695
0.6665584
0.6665584
2.5599475
0.6665584
1.9956462
3.0084176
2.1436594
1.6688849
2.4185448
0.6665584
2.7587469
0.6665584
2.133633
0.6665584
2.541116
2.332586
0.6665584
2.1067238
2.3233032
0.6665584
0.6665584
1.4422193
2.7266424
0.6665584
0.6665584
0.6665584
0.6665584
0.6665584
2.0210733
2.250528
1.7271744
0.6665584
0.6665584
0.6665584
0.6665584
0.6665584
2.2189214
0.6665584
0.6665584
2.2832894
0.6665584
2.4970973
2.0117645
0.6665584
0.6665584
0.6665584
1.4977516
0.6665584
0.6665584
2.1443896
0.6665584
0.6665584
0.6665584
1.7352502
2.3599713
2.020028
1.5116798
2.402907
1.8296939
2.634802
0.6665584
0.6665584
0.6665584
1.8011326
0.6665584
0.6665584
2.317206
2.1703289
0.6665584
0.6665584
0.6665584
0.6665584
0.6665584
0.6665584
2.7836778
0.6665584
0.6665584
2.1525323
2.0594935
0.6665584
0.6665584
0.6665584
0.6665584
0.6665584
0.6665584
0.6665584
0.6665584
2.1270874
1.8617377
2.418089
0.6665584
0.6665584
2.0175357
1.6428015
0.6665584
0.6665584
0.6665584
0.6665584
2.2470129
1.913256
2.339028
0.6665584
0.6665584
2.4938853
0.6665584
2.2244306
0.6665584
0.6665584
1.6361799
2.5795426
3.0660298
0.6665584
0.6665584
2.8332708
0.6665584
2.1264188
0.6665584
0.6665584
2.080036
0.6665584
0.6665584
0.6665584
0.6665584
0.6665584
0.6665584
2.3934996
2.2907531
0.6665584
0.6665584
0.6665584
0.6665584
0.6665584
0.6665584
2.580797
0.6665584
0.6665584
0.6665584
0.6665584
0.6665584
2.2587128
0.6665584
2.2014134
2.1020792
0.6665584
2.5678189
2.4778864
2.591314
2.818325
0.6665584
2.0470707
0.6665584
0.6665584
0.6665584
1.9469402
0.6665584
0.6665584
0.6665584
2.0964813
2.2186215
2.5204167
2.2411003
0.6665584
2.5433724
2.16498
0.6665584
1.696205
0.6665584
2.1511788
1.8905882
0.6665584
1.5647157
2.3841188
2.6477277
2.2844522
1.5852836
1.6444379
0.6665584
0.6665584
1.7881612
0.6665584
0.6665584
2.8406487
0.6665584
0.6665584
1.9023441
2.297375
0.6665584
1.8114476
1.6783595
0.6665584
0.6665584
0.6665584
1.120662
0.6665584
0.6665584
0.6665584
0.6665584
0.6665584
0.6665584
0.6665584
0.6665584
1.7659539
1.754315
3.1415787
1.6843473
2.3148274
2.0912406
0.6665584
2.2958956
0.6665584
0.6665584
0.6665584
0.6665584
0.6665584
1.9716885
0.6665584
1.8616167
0.6665584
2.110413
2.2367234
0.6665584
0.6665584
2.0421793
2.4571862
0.6665584
2.4151647
0.6665584
0.6665584
2.8463962
0.6665584
2.3978677
0.6665584
0.6665584
0.6665584
0.6665584
2.039496
2.4396658
1.7338169
0.6665584
0.6665584
0.6665584
0.6665584
0.6665584
1.9589968
0.6665584
0.6665584
0.6665584
0.6665584
0.6665584
0.6665584
0.6665584
0.6665584
0.6665584
0.6665584
2.163536
1.9959854
0.6665584
0.6665584
1.3439531
2.4415653
0.6665584
0.6665584
2.1958613
1.9290231
2.3841882
0.6665584
2.5216355
1.8185163
0.6665584
1.6770928
3.5183883
0.6665584
0.6665584
2.0339777
0.6665584
2.3634226
0.6665584
1.6607835
0.6665584
1.7192656
2.4355009
1.8812724
0.6665584
0.6665584
0.6665584
0.6665584
0.6665584
2.544006
2.4781256
1.6559429
2.8167806
2.1237173
0.6665584
0.6665584
2.0834453
0.6665584
0.6665584
0.6665584
2.0311754
4.0996747
1.6942967
2.6911101
1.7810398
2.6440756
0.6665584
0.6665584
1.9988968
1.9901085
2.0854335
0.6665584
2.9748425
1.8018351
0.6665584
2.6326008
0.6665584
0.6665584
1.3127632
0.6665584
0.6665584
0.6665584
0.6665584
1.8223422
0.6665584
2.0044692
0.6665584
0.6665584
1.502117
0.6665584
0.6665584
0.6665584
0.6665584
0.6665584
2.1603432
0.6665584
0.6665584
0.6665584
0.6665584
0.6665584
0.6665584
2.4033592
0.6665584
1.8181784
0.6665584
2.3094356
0.6665584
0.6665584
1.6673716
0.6665584
0.6665584
2.5266283
2.140727
2.2715883
0.6665584
0.6665584
3.0933337
0.6665584
0.6665584
2.0039873
0.6665584
0.6665584
2.0315385
0.6665584
1.6891115
0.6665584
0.6665584
0.6665584
0.6665584
0.6665584
2.3697147
2.7816415
0.6665584
0.6665584
1.7931061
2.6699643
2.4775224
2.0088043
2.4347541
0.6665584
2.9241846
0.6665584
2.6039457
2.682447
2.2091725
0.6665584
0.6665584
2.3382185
2.6070995
0.6665584
0.6665584
0.6665584
1.6570646
0.6665584
0.6665584
0.6665584
1.7797916
0.6665584
1.7481359
1.6326295
2.0289865
2.2324977
0.6665584
0.6665584
1.6346148
0.6665584
0.6665584
0.6665584
1.8232061
0.6665584
0.6665584
0.6665584
1.9435463
1.8137494
0.6665584
0.6665584
0.6665584
3.0415688
0.6665584
0.6665584
2.8021662
0.6665584
0.6665584
0.6665584
1.9160918
3.1786635
0.6665584
2.2372615
0.6665584
1.9714485
1.7355171
2.3566992
0.6665584
0.6665584
2.251062
0.6665584
0.6665584
0.6665584
0.6665584
1.5243319
0.6665584
0.6665584
2.2797287
0.6665584
1.8696098
1.7504086
0.6665584
0.6665584
2.2011528
0.6665584
0.6665584
0.6665584
0.6665584
0.6665584
2.96997
0.6665584
0.6665584
0.6665584
0.6665584
0.6665584
0.6665584
1.6864347
0.6665584
0.6665584
0.6665584
2.213063
0.6665584
0.6665584
0.6665584
0.6665584
0.6665584
2.3226473
0.6665584
2.572785
0.6665584
0.6665584
1.6326331
0.6665584
0.6665584
0.6665584
0.6665584
0.6665584
2.1876612
0.6665584
0.6665584
0.6665584
0.6665584
0.6665584
0.6665584
1.9393215
0.6665584
2.4419584
0.6665584
0.6665584
2.0907173
0.6665584
0.6665584
0.6665584
2.770083
1.6460193
0.6665584
2.1617348
0.6665584
0.6665584
3.6486974
0.6665584
0.6665584
0.6665584
0.6665584
2.4803689
0.6665584
0.6665584
1.797332
0.6665584
0.6665584
2.4417834
2.602285
2.3938751
2.5270808
0.6665584
0.6665584
0.6665584
0.6665584
0.6665584
0.6665584
0.6665584
0.6665584
0.6665584
2.5304024
1.5790833
1.9108306
2.3303201
0.6665584
2.0067317
0.6665584
0.6665584
1.790355
0.6665584
0.6665584
2.2700782
0.6665584
2.9852567
1.6835802
0.6665584
2.0005422
2.0840883
0.6665584
0.6665584
1.5682545
1.9820471
0.6665584
2.1901205
1.7745608
1.6932813
2.3208287
1.7106287
0.6665584
0.6665584
2.1453645
0.6665584
0.6665584
0.6665584
0.6665584
0.6665584
2.7719169
0.6665584
2.2270684
1.859755
2.4898028
0.6665584
2.5412683
2.5935154
0.6665584
0.6665584
0.6665584
0.6665584
2.702058
0.6665584
3.0463762
0.6665584
0.6665584
0.6665584
0.6665584
0.6665584
0.6665584
2.044454
0.6665584
0.6665584
2.412884
0.6665584
0.6665584
0.6665584
1.8847352
2.0360148
2.0583813
1.8314499
0.6665584
2.2256718
0.6665584
2.293219
0.6665584
0.6665584
0.6665584
2.9466698
0.6665584
0.6665584
1.7662057
0.6665584
0.6665584
2.0627835
2.1157131
1.8811677
2.0908153
0.6665584
2.314517
2.104998
0.6665584
1.8150892
0.6665584
3.6344335
2.647818
2.559344
2.0314188
0.6665584
0.6665584
1.4503833
0.6665584
2.4499097
2.5411942
2.0465193
4.311463
2.6018906
0.6665584
3.0576346
1.8855871
2.2508929
2.0618916
2.64466
0.6665584
0.6665584
0.6665584
0.6665584
2.6869378
2.5645096
2.5639756
0.6665584
0.6665584
0.6665584
0.6665584
0.6665584
1.9455566
0.6665584
0.6665584
2.1953573
3.928943
2.1192393
2.6549966
0.6665584
0.6665584
0.6665584
0.6665584
0.6665584
2.0131714
0.6665584
0.6665584
2.4421103
2.173841
0.6665584
0.6665584
0.6665584
0.6665584
0.6665584
2.1301062
2.00624
2.120913
2.226119
0.6665584
0.6665584
0.6665584
2.9412358
2.2833838
2.783532
0.6665584
0.6665584
1.9190079
2.5492103
1.7493078
2.1130786
0.6665584
0.6665584
0.6665584
2.5345316
0.6665584
2.8205895
0.6665584
1.8365234
0.6665584
2.1338434
0.6665584
0.6665584
2.1527383
0.6665584
2.224639
0.6665584
2.2713664
2.2990556
0.6665584
1.9122117
0.6665584
0.6665584
2.575277
0.6665584
0.6665584
1.9264998
0.6665584
0.6665584
0.6665584
0.6665584
0.6665584
0.6665584
2.4320943
0.6665584
0.6665584
0.6665584
0.6665584
0.6665584
2.2122803
2.3201315
0.6665584
2.2556462
0.6665584
2.1953778
0.6665584
0.6665584
0.6665584
0.6665584
0.6665584
0.6665584
2.284585
1.903129
0.6665584
0.6665584
0.6665584
2.973281
1.7531896
0.6665584
2.295345
2.2823122
2.551696
0.6665584
0.6665584
0.6665584
0.6665584
1.848221
0.6665584
2.4624527
2.126554
0.6665584
0.6665584
0.6665584
1.7604526
2.0092044
0.6665584
2.0767872
0.6665584
0.6665584
2.1087298
2.1524465
0.6665584
1.5127052
1.7137159
2.3467774
0.6665584
0.6665584
1.7674861
1.8629199
1.9070663
2.1964443
0.6665584
0.6665584
0.6665584
0.6665584
0.6665584
1.8483964
1.9104155
0.6665584
2.2698119
1.4545594
0.6665584
2.001518
0.6665584
1.5061309
0.6665584
0.6665584
0.6665584
0.6665584
0.6665584
0.6665584
2.9454768
2.1959822
1.7803289
0.6665584
1.930431
0.6665584
1.544445
0.6665584
0.6665584
0.6665584
1.6498405
0.6665584
0.6665584
2.3547492
0.6665584
0.6665584
0.6665584
1.8084079
1.8298252
0.6665584
0.6665584
0.6665584
0.6665584
2.0863817
0.6665584
0.6665584
0.6665584
1.9690754
2.2006996
0.6665584
0.6665584
0.6665584
0.6665584
0.6665584
0.6665584
0.6665584
0.6665584
0.6665584
0.6665584
0.6665584
0.6665584
1.9782034
0.6665584
0.6665584
2.2421532
2.4172463
0.6665584
2.5432162
0.6665584
0.6665584
0.6665584
0.6665584
1.91468
0.6665584
0.6665584
0.6665584
0.6665584
0.6665584
0.6665584
0.6665584
0.6665584
0.6665584
0.6665584
2.451561
0.6665584
0.6665584
0.6665584
0.6665584
3.487106
0.6665584
0.6665584
0.6665584
3.6259716
0.6665584
0.6665584
0.6665584
1.5041298
0.6665584
0.6665584
0.6665584
0.6665584
0.6665584
0.6665584
0.6665584
0.6665584
2.758646
0.6665584
0.6665584
0.6665584
0.6665584
3.0819824
0.6665584
1.9610777
2.3543272
2.016444
0.6665584
0.6665584
0.6665584
0.6665584
0.6665584
0.6665584
0.6665584
0.6665584
0.6665584
1.7873988
2.5824986
1.7382475
0.6665584
0.6665584
2.7028213
1.3242351
0.6665584
1.7886554
0.6665584
2.0135057
1.929178
0.6665584
0.6665584
3.2877553
0.6665584
0.6665584
1.9828302
0.6665584
0.6665584
0.6665584
0.6665584
0.6665584
0.6665584
1.8839324
0.6665584
0.6665584
0.6665584
0.6665584
0.6665584
1.9507209
0.6665584
0.6665584
0.6665584
0.6665584
0.6665584
1.5190904
2.314919
0.6665584
2.2204638
0.6665584
1.5273187
0.6665584
2.3283598
0.6665584
1.444875
0.6665584
0.6665584
2.2298126
0.6665584
0.6665584
0.6665584
0.6665584
0.6665584
0.6665584
1.9924706
0.6665584
0.6665584
0.6665584
0.6665584
2.4493382
0.6665584
2.4072626
2.5665634
0.6665584
1.8953733
1.6226294
0.6665584
3.0677526
0.6665584
0.6665584
0.6665584
0.6665584
3.1661127
0.6665584
0.6665584
1.3630534
0.6665584
0.6665584
2.1283464
0.6665584
0.6665584
0.6665584
1.8541833
0.6665584
0.6665584
2.0878441
2.2513497
0.6665584
0.6665584
2.8127458
1.491143
0.6665584
0.6665584
0.6665584
0.6665584
2.0919168
2.240338
0.6665584
2.3001347
1.9780091
1.8701788
0.6665584
0.6665584
0.6665584
0.6665584
0.6665584
0.6665584
0.6665584
2.3360784
2.9483473
0.6665584
1.8133215
0.6665584
0.6665584
0.6665584
0.6665584
0.6665584
0.6665584
0.6665584
0.6665584
0.6665584
0.6665584
0.6665584
0.6665584
2.2197976
2.7696943
0.6665584
0.6665584
0.6665584
0.6665584
2.3950624
2.285618
2.7864904
1.7557178
0.6665584
0.6665584
0.6665584
1.9321072
4.3828053
0.6665584
1.7260077
0.6665584
1.9576994
0.6665584
0.6665584
0.6665584
0.6665584
0.6665584
2.8987694
0.6665584
0.6665584
0.6665584
2.0028718
0.6665584
0.6665584
0.6665584
0.6665584
0.6665584
0.6665584
0.6665584
0.6665584
0.6665584
0.6665584
2.9076338
0.6665584
0.6665584
2.5599933
2.477137
0.6665584
0.6665584
0.6665584
0.6665584
0.6665584
0.6665584
0.6665584
0.6665584
0.6665584
0.6665584
2.0148492
0.6665584
0.6665584
0.6665584
0.6665584
0.6665584
0.6665584
0.6665584
0.6665584
1.8781563
2.0425491
0.6665584
0.6665584
0.6665584
2.2644107
0.6665584
0.6665584
0.6665584
0.6665584
2.8017304
1.8202994
2.3255427
1.4263883
0.6665584
1.546486
0.6665584
2.3941083
2.349978
2.641096
0.6665584
0.6665584
1.7311698
0.6665584
0.6665584
0.6665584
0.6665584
0.6665584
0.6665584
0.6665584
0.6665584
0.6665584
1.8117958
0.6665584
0.6665584
2.371599
0.6665584
0.6665584
0.6665584
1.6903389
2.1208775
0.6665584
0.6665584
0.6665584
0.6665584
0.6665584
3.2845688
2.431233
0.6665584
1.8455706
0.6665584
0.6665584
1.9341589
1.8621519
2.28729
0.6665584
0.6665584
0.6665584
1.2496943
0.6665584
0.6665584
0.6665584
2.4162798
0.6665584
0.6665584
0.6665584
1.9007292
0.6665584
0.6665584
1.825465
0.6665584
0.6665584
2.0989096
0.6665584
0.6665584
0.6665584
0.6665584
0.6665584
2.0305133
2.1175508
1.6551323
1.5494553
0.6665584
0.6665584
0.6665584
0.6665584
0.6665584
0.6665584
0.6665584
1.9670675
0.6665584
1.417315
0.6665584
1.8947084
1.5415515
0.6665584
0.6665584
0.6665584
2.0042768
0.6665584
2.0603442
0.6665584
1.850537
0.6665584
2.2982574
1.4094093
1.8349901
0.6665584
0.6665584
1.4158251
0.6665584
2.057328
2.055039
0.6665584
0.6665584
2.659306
2.0713675
0.6665584
1.4892515
0.6665584
0.6665584
0.6665584
2.1244972
0.6665584
0.6665584
2.8326197
2.2843642
2.179417
4.2725396
0.6665584
0.6665584
0.6665584
0.6665584
0.6665584
0.6665584
2.8041542
0.6665584
0.6665584
1.9129566
0.6665584
2.6545234
0.6665584
2.083316
0.6665584
0.6665584
0.6665584
0.6665584
2.072362
1.7687246
0.6665584
0.6665584
0.6665584
1.8984171
2.0881546
0.6665584
0.6665584
0.6665584
0.6665584
0.6665584
0.6665584
2.7709987
0.6665584
0.6665584
0.6665584
2.317046
0.6665584
2.407584
0.6665584
0.6665584
0.6665584
2.10943
0.6665584
2.8098204
0.6665584
0.6665584
0.6665584
0.6665584
0.6665584
0.6665584
0.6665584
0.6665584
0.6665584
1.9157635
0.6665584
0.6665584
0.6665584
0.6665584
0.6665584
1.9275947
0.6665584
0.6665584
0.6665584
0.6665584
3.162835
0.6665584
3.0348587
0.6665584
0.6665584
0.6665584
0.6665584
1.8594502
0.6665584
1.6414475
1.705655
1.9643074
0.6665584
0.6665584
0.6665584
1.9972675
2.1453862
1.778098
0.6665584
0.6665584
0.6665584
0.6665584
0.6665584
0.6665584
0.6665584
0.6665584
0.6665584
0.6665584
0.6665584
2.8861113
0.6665584
0.6665584
1.9157921
1.9544103
0.6665584
0.6665584
0.6665584
2.8168635
0.6665584
0.6665584
1.9327766
2.3019636
1.7341522
1.5976915
1.997769
0.6665584
0.6665584
0.6665584
1.8572832
0.6665584
2.322685
0.6665584
0.6665584
0.6665584
2.1874533
0.6665584
0.6665584
0.6665584
2.581881
0.6665584
0.6665584
0.6665584
0.6665584
1.7809392
0.6665584
1.7852384
0.6665584
0.6665584
0.6665584
1.5191833
1.6763638
0.6665584
0.6665584
0.6665584
0.6665584
0.6665584
0.6665584
0.6665584
0.6665584
0.6665584
2.1654878
0.6665584
0.6665584
0.6665584
2.4970267
0.6665584
0.6665584
0.6665584
0.6665584
1.98854
2.2098284
0.6665584
0.6665584
2.0950818
1.70196
0.6665584
2.0132403
0.6665584
0.6665584
0.6665584
1.3434336
1.9480214
0.6665584
1.9705801
0.6665584
0.6665584
0.6665584
0.6665584
1.7663664
0.6665584
0.6665584
1.1554457
0.6665584
1.8315547
0.6665584
2.5099916
0.6665584
2.102137
0.6665584
0.6665584
3.0336778
1.975467
2.4040823
1.3799907
0.6665584
0.6665584
0.6665584
2.4449198
0.6665584
0.6665584
2.4565177
0.6665584
0.6665584
0.6665584
0.6665584
0.6665584
1.9041562
1.8834739
0.6665584
0.6665584
2.6129673
1.910831
2.3644552
1.7995716
0.6665584
0.6665584
0.6665584
0.6665584
2.0281265
0.6665584
0.6665584
2.5885415
0.6665584
0.6665584
2.063139
1.9991822
2.283288
0.6665584
1.8147166
0.6665584
0.6665584
0.6665584
2.854394
2.1455562
2.4301958
2.538478
0.6665584
0.6665584
0.6665584
0.6665584
2.9171596
2.2914765
0.6665584
0.6665584
0.6665584
1.8673888
3.286384
2.078531
2.0103228
0.6665584
1.993011
0.6665584
2.1900158
0.6665584
2.0792196
0.6665584
0.6665584
1.8916405
0.6665584
1.8313544
2.5900187
1.8478549
0.6665584
0.6665584
0.6665584
1.4782367
0.6665584
1.8978901
2.2950904
0.6665584
1.6819414
2.0657444
1.6165532
1.8039284
2.1583278
0.6665584
0.6665584
1.493913
0.6665584
0.6665584
0.6665584
0.6665584
1.8406625
0.6665584
2.296509
1.8540404
2.235143
1.5359632
0.6665584
2.2647252
0.6665584
0.6665584
0.6665584
4.194379
2.1913152
0.6665584
0.6665584
0.6665584
0.6665584
0.6665584
0.6665584
0.6665584
3.253325
0.6665584
0.6665584
0.6665584
2.5555906
2.2244985
1.6382682
1.8026787
1.589274
0.6665584
0.6665584
0.6665584
0.6665584
2.0833137
0.6665584
0.6665584
2.4528978
0.6665584
2.7381651
0.6665584
0.6665584
1.9095976
2.1354744
0.6665584
2.4807992
3.5417714
2.3773
0.6665584
0.6665584
0.6665584
0.6665584
0.6665584
2.163765
2.273825
0.6665584
2.280333
0.6665584
0.6665584
0.6665584
2.3819067
1.6182855
2.2047098
2.3449233
0.6665584
0.6665584
0.6665584
0.6665584
0.6665584
0.6665584
2.9048443
0.6665584
0.6665584
0.6665584
0.6665584
0.6665584
0.6665584
0.6665584
0.6665584
0.6665584
2.978575
2.266118
0.6665584
0.6665584
1.6644081
0.6665584
3.80537
2.1097472
4.214121
0.6665584
2.1602416
0.6665584
0.6665584
0.6665584
0.6665584
0.6665584
1.7737013
0.6665584
0.6665584
0.6665584
1.9652268
0.6665584
1.4967347
0.6665584
0.6665584
0.6665584
0.6665584
0.6665584
1.7202265
0.6665584
2.1585903
0.6665584
2.557491
2.8017328
2.4167783
0.6665584
0.6665584
0.6665584
2.2430594
0.6665584
0.6665584
1.8037145
0.6665584
2.3692
0.6665584
0.6665584
0.6665584
0.6665584
0.6665584
2.0191965
1.8258522
0.6665584
2.0068138
0.6665584
0.6665584
0.6665584
0.6665584
0.6665584
1.6532396
1.6023408
1.7799557
0.6665584
0.6665584
0.6665584
2.2116563
0.6665584
0.6665584
1.4604231
0.6665584
0.6665584
0.6665584
0.6665584
0.6665584
0.6665584
0.6665584
0.6665584
0.6665584
0.6665584
1.9813575
0.6665584
0.6665584
0.6665584
0.6665584
2.3272111
1.864062
0.6665584
1.5382005
0.6665584
3.9131176
0.6665584
0.6665584
0.6665584
0.6665584
1.9746778
2.2493365
1.683798
0.6665584
0.6665584
2.8090878
0.6665584
0.6665584
1.7277454
0.6665584
0.6665584
0.6665584
2.3281183
1.6421403
1.4274551
1.9262978
0.6665584
1.8344219
0.6665584
2.4001076
0.6665584
0.6665584
0.6665584
2.4226255
1.5736783
2.5536466
2.457316
0.6665584
1.6169517
2.3027866
0.6665584
0.6665584
0.6665584
1.5394527
0.6665584
0.6665584
1.8989409
0.6665584
0.6665584
2.414024
0.6665584
0.6665584
0.6665584
2.0743232
2.5367713
2.2112648
0.6665584
2.1850328
2.270126
2.2507896
2.2541795
0.6665584
0.6665584
0.6665584
0.6665584
0.6665584
0.6665584
0.6665584
2.007428
1.5889523
2.0053248
0.6665584
2.1594045
0.6665584
0.6665584
0.6665584
1.8131135
1.5716484
0.6665584
2.1576817
0.6665584
0.6665584
1.7593567
0.6665584
0.6665584
0.6665584
1.8576187
1.6391515
1.4451581
0.6665584
2.2167997
1.7799327
0.6665584
0.6665584
0.6665584
1.7247856
2.1804981
2.5265229
1.9516401
0.6665584
0.6665584
0.6665584
2.454375
1.6021427
0.6665584
2.8936493
1.6112589
2.0247738
4.0685034
0.6665584
1.6881083
2.0463524
2.169867
1.6125213
1.7698667
1.5212278
0.6665584
0.6665584
0.6665584
0.6665584
2.1405745
0.6665584
0.6665584
0.6665584
2.1377146
0.6665584
1.8771249
0.6665584
0.6665584
2.2563725
2.1590624
1.7056587
1.9666866
2.4484293
0.6665584
1.6144081
1.8435774
2.0739803
2.0546083
2.0249639
1.7409049
0.6665584
1.8377713
1.4050663
0.6665584
2.2643409
2.007071
2.0779173
0.6665584
1.584083
1.7981198
0.6665584
1.706389
0.6665584
1.8962005
1.7950985
0.6665584
0.6665584
2.6033578
2.7335782
1.8708265
0.6665584
2.3110337
0.6665584
1.7238837
0.6665584
1.322892
0.6665584
2.0456908
0.6665584
0.6665584
0.6665584
1.7233756
0.6665584
1.920518
3.449243
2.0432389
2.3760371
0.6665584
1.9552097
0.6665584
2.3141766
0.6665584
1.882678
2.2343707
0.6665584
0.6665584
0.6665584
0.6665584
2.1051538
1.9119978
2.1330116
0.6665584
0.6665584
0.6665584
0.6665584
2.0237904
1.5125045
1.7220895
2.6610487
1.8762145
2.04023
2.0670266
0.6665584
1.6387063
1.9858993
0.6665584
0.6665584
1.9428673
0.6665584
0.6665584
2.2883747
2.2820613
0.6665584
0.6665584
2.5267625
2.0146089
2.2055044
1.8102045
2.0892637
2.2081845
2.0791922
2.1961803
0.6665584
0.6665584
2.3876448
1.764884
0.6665584
1.2591357
3.4547546
1.738179
2.264231
0.6665584
0.6665584
0.6665584
0.6665584
1.9168942
0.6665584
1.2279067
3.2272375
0.6665584
1.9604299
2.1242497
0.6665584
0.6665584
0.6665584
0.6665584
0.6665584
0.6665584
0.6665584
0.6665584
0.6665584
2.0692315
0.6665584
1.6582973
0.6665584
0.6665584
0.6665584
0.6665584
1.7409493
2.9318438
2.508703
1.5757663
0.6665584
0.6665584
0.6665584
1.749536
0.6665584
0.6665584
0.6665584
1.8575966
0.6665584
0.6665584
0.6665584
0.6665584
1.4641438
2.4377356
1.5707154
2.3279357
1.5798676
2.3701985
2.1446693
2.0799115
0.6665584
1.7602324
1.725723
0.6665584
0.6665584
0.6665584
0.6665584
2.8404899
0.6665584
0.6665584
2.1190288
0.6665584
2.0836332
2.1421838
0.6665584
2.011098
0.6665584
0.6665584
1.7043102
1.4219006
2.250982
1.6775991
2.8183844
0.6665584
0.6665584
0.6665584
1.4137399
0.6665584
0.6665584
0.6665584
2.0821273
2.1322277
0.6665584
2.090791
0.6665584
0.6665584
0.6665584
3.1897972
2.5229156
0.6665584
0.6665584
0.6665584
0.6665584
0.6665584
2.2152894
1.639675
1.6883763
0.6665584
0.6665584
0.6665584
0.6665584
2.4719286
0.6665584
0.6665584
2.0727808
0.6665584
1.9859918
0.6665584
0.6665584
0.6665584
0.6665584
2.1611571
1.942914
0.6665584
1.8092734
0.6665584
0.6665584
0.6665584
1.6948186
0.6665584
0.6665584
1.7517054
2.686334
1.9246047
2.832716
0.6665584
1.9936819
2.088199
0.6665584
0.6665584
0.6665584
2.5678096
2.1845684
2.0673685
1.6816249
0.6665584
0.6665584
0.6665584
0.6665584
0.6665584
0.6665584
0.6665584
2.2015731
0.6665584
0.6665584
0.6665584
0.6665584
0.6665584
0.6665584
0.6665584
0.6665584
2.1821508
0.6665584
0.6665584
0.6665584
2.1159728
2.320947
0.6665584
2.4630995
2.118286
1.6492919
0.6665584
0.6665584
1.348322
0.6665584
0.6665584
0.6665584
2.0866318
0.6665584
0.6665584
0.6665584
0.6665584
2.6243403
1.8937166
0.6665584
0.6665584
0.6665584
1.594375
0.6665584
0.6665584
0.6665584
1.9653525
0.6665584
0.6665584
0.6665584
2.165592
0.6665584
0.6665584
0.6665584
2.1313195
3.457026
0.6665584
2.386716
0.6665584
0.6665584
0.6665584
1.7039897
0.6665584
2.37983
0.6665584
0.6665584
0.6665584
0.6665584
0.6665584
0.6665584
0.6665584
2.0016804
0.6665584
1.6775999
0.6665584
0.6665584
2.7899303
2.334754
2.480613
0.6665584
0.6665584
1.971479
0.6665584
0.6665584
1.8748791
2.384211
2.0890718
0.6665584
0.6665584
0.6665584
0.6665584
0.6665584
0.6665584
0.6665584
2.6984017
0.6665584
2.3238819
0.6665584
0.6665584
0.6665584
0.6665584
1.9683168
0.6665584
0.6665584
2.8295636
0.6665584
0.6665584
1.7446746
0.6665584
0.6665584
0.6665584
0.6665584
0.6665584
2.7843797
0.6665584
0.6665584
0.6665584
0.6665584
0.6665584
0.6665584
1.7099369
0.6665584
2.3734539
1.7123666
0.6665584
0.6665584
0.6665584
1.7328035
4.337365
0.6665584
0.6665584
0.6665584
0.6665584
2.7545528
2.34717
1.8746544
0.6665584
2.4452536
0.6665584
1.8669677
0.6665584
2.4557207
0.6665584
2.0381265
1.7940372
0.6665584
0.6665584
0.6665584
2.217256
0.6665584
0.6665584
0.6665584
2.3694777
0.6665584
0.6665584
0.6665584
0.6665584
3.499329
0.6665584
0.6665584
0.6665584
0.6665584
0.6665584
2.6038828
0.6665584
0.6665584
2.307318
1.8401741
2.109283
0.6665584
2.50904
0.6665584
0.6665584
0.6665584
0.6665584
1.5691723
0.6665584
0.6665584
0.6665584
0.6665584
2.316476
0.6665584
0.6665584
0.6665584
1.5606961
0.6665584
2.77651
0.6665584
0.6665584
0.6665584
0.6665584
0.6665584
0.6665584
0.6665584
3.0537329
1.7904532
0.6665584
0.6665584
0.6665584
0.6665584
0.6665584
0.6665584
0.6665584
0.6665584
0.6665584
1.7241788
2.5414948
0.6665584
2.4235036
1.5443479
0.6665584
0.6665584
0.6665584
0.6665584
0.6665584
2.1260128
0.6665584
1.5747156
0.6665584
2.3840702
0.6665584
2.024348
1.7082462
0.6665584
0.6665584
0.6665584
0.6665584
0.6665584
0.6665584
0.6665584
0.6665584
0.6665584
0.6665584
0.6665584
0.6665584
0.6665584
0.6665584
1.322215
0.6665584
2.1379933
2.4876053
0.6665584
0.6665584
2.0593297
1.902574
0.6665584
1.7405517
0.6665584
0.6665584
1.9587767
2.2303927
2.2154608
0.6665584
0.6665584
0.6665584
0.6665584
2.2417753
1.2338216
1.8839839
2.229075
1.6553234
0.6665584
0.6665584
1.937151
0.6665584
1.8112353
2.4930809
0.6665584
0.6665584
0.6665584
0.6665584
2.1773758
0.6665584
1.6297408
0.6665584
1.2330397
0.6665584
0.6665584
0.6665584
0.6665584
2.847043
0.6665584
0.6665584
0.6665584
0.6665584
2.6658547
0.6665584
0.6665584
0.6665584
1.9311342
0.6665584
0.6665584
0.6665584
1.647074
1.4959425
0.6665584
0.6665584
0.6665584
2.7004192
0.6665584
0.6665584
2.102058
2.9140937
2.3821335
0.6665584
2.2392747
0.6665584
0.6665584
0.6665584
0.6665584
2.7595131
0.6665584
2.7759142
0.6665584
2.2599564
0.6665584
0.6665584
2.1255882
2.0225255
2.3048797
0.6665584
1.5661469
0.6665584
0.6665584
2.115977
0.6665584
2.158137
0.6665584
2.1556807
0.6665584
1.8360654
0.6665584
0.6665584
0.6665584
0.6665584
2.2964416
0.6665584
3.2083683
2.2820752
0.6665584
4.0856957
2.9251728
0.6665584
0.6665584
0.6665584
2.7008684
0.6665584
0.6665584
0.6665584
2.196926
0.6665584
2.476843
0.6665584
2.2793667
2.7792304
0.6665584
2.0645921
2.4285533
1.9584652
0.6665584
0.6665584
1.9958413
0.6665584
0.6665584
0.6665584
0.6665584
2.403897
2.150234
1.8281991
2.1520529
2.4418938
2.051801
0.6665584
0.6665584
0.6665584
0.6665584
2.0551958
2.4392939
3.2101927
2.686169
3.135411
1.9364562
1.9842829
1.6264062
0.6665584
2.1287723
0.6665584
0.6665584
0.6665584
2.9273815
0.6665584
2.3588626
0.6665584
0.6665584
2.232963
2.1484354
0.6665584
0.6665584
0.6665584
0.6665584
2.3695989
1.9211997
0.6665584
0.6665584
0.6665584
3.1283114
0.6665584
0.6665584
0.6665584
0.6665584
0.6665584
1.7936276
0.6665584
0.6665584
0.6665584
2.253394
2.6165342
0.6665584
2.9496064
1.9562224
0.6665584
1.9738884
0.6665584
1.5717951
0.6665584
2.9627934
0.6665584
0.6665584
2.3270574
1.6837442
0.6665584
2.6882772
0.6665584
2.3286262
1.7967218
0.6665584
0.6665584
1.8656566
0.6665584
1.7206813
0.6665584
2.5294602
1.8992634
0.6665584
0.6665584
0.6665584
0.6665584
2.368981
0.6665584
3.1427374
0.6665584
0.6665584
0.6665584
0.6665584
0.6665584
0.6665584
0.6665584
1.9087948
0.6665584
3.0708582
0.6665584
0.6665584
0.6665584
0.6665584
0.6665584
2.0536788
2.6365824
0.6665584
0.6665584
0.6665584
2.2379458
2.4209979
0.6665584
0.6665584
0.6665584
0.6665584
0.6665584
0.6665584
0.6665584
0.6665584
0.6665584
0.6665584
0.6665584
0.6665584
0.6665584
0.6665584
0.6665584
2.0357022
2.2371898
1.5855291
0.6665584
0.6665584
0.6665584
2.1786394
0.6665584
0.6665584
2.3301747
1.9404008
0.6665584
0.6665584
0.6665584
0.6665584
0.6665584
0.6665584
0.6665584
1.807066
0.6665584
0.6665584
2.3071175
0.6665584
2.3497818
0.6665584
0.6665584
0.6665584
0.6665584
1.6149406
0.6665584
0.6665584
0.6665584
0.6665584
0.6665584
2.486798
0.6665584
0.6665584
0.6665584
0.6665584
0.6665584
0.6665584
0.6665584
0.6665584
0.6665584
0.6665584
0.6665584
0.6665584
0.6665584
1.9063996
2.4186676
0.6665584
0.6665584
0.6665584
0.6665584
0.6665584
2.2770143
0.6665584
1.9379735
0.6665584
0.6665584
0.6665584
0.6665584
0.6665584
0.6665584
0.6665584
0.6665584
0.6665584
2.8528306
3.000825
1.3543125
0.6665584
0.6665584
0.6665584
0.6665584
0.6665584
0.6665584
2.5352173
0.6665584
0.6665584
0.6665584
0.6665584
2.312796
0.6665584
0.6665584
2.0280914
0.6665584
0.6665584
2.6186256
0.6665584
0.6665584
2.1527674
0.6665584
0.6665584
1.7196665
0.6665584
0.6665584
2.124039
0.6665584
0.6665584
1.7325981
0.6665584
0.6665584
0.6665584
2.1582193
0.6665584
0.6665584
2.7092113
0.6665584
0.6665584
1.2870076
0.6665584
1.8920513
0.6665584
1.5992681
0.6665584
0.6665584
1.9614713
0.6665584
0.6665584
2.0519583
0.6665584
1.631596
0.6665584
0.6665584
2.1286883
2.0374255
0.6665584
4.3789854
0.6665584
1.634042
0.6665584
1.2498078
1.9900829
0.6665584
2.4483368
2.223544
0.6665584
2.2233293
0.6665584
0.6665584
2.4224713
0.6665584
1.8372718
2.0288842
2.1644948
1.5529222
2.022855
0.6665584
0.6665584
2.8380053
0.6665584
1.5757473
0.6665584
0.6665584
0.6665584
0.6665584
0.6665584
1.7678086
0.6665584
2.7315054
0.6665584
0.6665584
0.6665584
0.6665584
2.3683815
0.6665584
0.6665584
0.6665584
0.6665584
0.6665584
0.6665584
1.9638698
2.6787088
1.9843104
0.6665584
0.6665584
0.6665584
2.210145
2.540264
1.8763591
0.6665584
0.6665584
1.7185335
0.6665584
0.6665584
0.6665584
1.7705699
1.950147
0.6665584
2.05796
1.4513172
1.486299
2.130483
2.5296168
0.6665584
0.6665584
0.6665584
2.1807504
0.6665584
2.132659
0.6665584
2.5328639
2.1030843
2.607354
0.6665584
0.6665584
0.6665584
0.6665584
0.6665584
0.6665584
0.6665584
0.6665584
0.6665584
1.6556429
0.6665584
2.1903937
0.6665584
0.6665584
0.6665584
2.5243924
0.6665584
0.6665584
2.3265307
0.6665584
0.6665584
1.8310934
1.944966
0.6665584
1.6762041
0.6665584
0.6665584
0.6665584
0.6665584
0.6665584
0.6665584
2.5058434
0.6665584
0.6665584
1.417935
0.6665584
0.6665584
0.6665584
0.6665584
0.6665584
0.6665584
2.5910318
2.2777321
1.7755755
1.5679121
0.6665584
0.6665584
3.5153134
0.6665584
0.6665584
0.6665584
0.6665584
0.6665584
2.6602807
2.6430979
2.2303421
0.6665584
0.6665584
0.6665584
2.4099286
0.6665584
1.4195981
0.6665584
0.6665584
0.6665584
0.6665584
2.293068
2.174438
0.6665584
0.6665584
2.3328958
0.6665584
0.6665584
0.6665584
0.6665584
0.6665584
2.0774255
0.6665584
0.6665584
0.6665584
2.223027
0.6665584
0.6665584
0.6665584
0.6665584
0.6665584
0.6665584
0.6665584
0.6665584
0.6665584
2.3614774
1.8330653
2.4047272
3.9538083
0.6665584
0.6665584
2.1270678
0.6665584
0.6665584
0.6665584
0.6665584
2.0342216
0.6665584
0.6665584
0.6665584
2.0643463
2.3525884
2.490224
0.6665584
2.1036668
2.9065
0.6665584
0.6665584
0.6665584
0.6665584
0.6665584
0.6665584
1.7916034
2.15
2.2234602
2.1429303
0.6665584
0.6665584
2.1497366
1.5287542
1.9102645
0.6665584
2.0981176
2.2052243
0.6665584
1.8187826
1.9104362
0.6665584
0.6665584
0.6665584
1.4873884
0.6665584
0.6665584
2.385906
2.4103854
2.5246112
0.6665584
0.6665584
1.9989185
0.6665584
0.6665584
2.094697
2.2322996
0.6665584
2.1750603
0.6665584
0.6665584
0.6665584
1.7537194
0.6665584
0.6665584
2.6349843
2.0358284
2.9601297
1.3678656
0.6665584
2.65295
0.6665584
1.5706985
0.6665584
0.6665584
2.4933572
0.6665584
2.266817
1.9930671
0.6665584
1.7413739
0.6665584
1.9463817
0.6665584
2.4898734
0.6665584
3.0875714
0.6665584
2.0280552
0.6665584
0.6665584
1.6312782
0.6665584
0.6665584
0.6665584
0.6665584
2.2967124
0.6665584
0.6665584
0.6665584
0.6665584
0.6665584
0.6665584
2.980423
0.6665584
0.6665584
2.4490583
1.4401786
2.5321198
2.0295537
0.6665584
1.8041924
0.6665584
1.9682952
0.6665584
0.6665584
0.6665584
0.6665584
2.5684178
1.5348293
2.0624912
0.6665584
0.6665584
0.6665584
1.7390823
0.6665584
0.6665584
1.9946969
0.6665584
0.6665584
0.6665584
1.5506692
2.0553954
0.6665584
0.6665584
0.6665584
0.6665584
2.6334605
0.6665584
0.6665584
2.5213413
1.9990431
0.6665584
3.093499
1.7258127
2.2425756
0.6665584
1.9695647
0.6665584
2.1656232
0.6665584
0.6665584
1.7858342
2.247001
0.6665584
0.6665584
0.6665584
0.6665584
2.2435143
2.540198
1.7404706
1.6050198
0.6665584
0.6665584
0.6665584
0.6665584
2.3856616
0.6665584
0.6665584
0.6665584
0.6665584
0.6665584
0.6665584
1.6222556
0.6665584
0.6665584
0.6665584
2.9372542
0.6665584
3.3325925
0.6665584
0.6665584
2.1705403
0.6665584
0.6665584
2.763704
2.043099
0.6665584
0.6665584
0.6665584
0.6665584
2.218005
0.6665584
0.6665584
2.287822
0.6665584
2.1296098
0.6665584
2.066123
0.6665584
0.6665584
3.3468187
0.6665584
0.6665584
0.6665584
0.6665584
1.8255401
2.228369
2.4794424
0.6665584
2.0020638
0.6665584
0.6665584
0.6665584
2.5947802
0.6665584
0.6665584
0.6665584
1.9428636
1.383537
0.6665584
0.6665584
0.6665584
0.6665584
0.6665584
0.6665584
0.6665584
0.6665584
0.6665584
2.426759
0.6665584
0.6665584
1.5585259
2.5469458
0.6665584
1.8410523
0.6665584
2.650007
2.6187315
2.2850506
0.6665584
0.6665584
1.7818075
1.6947201
0.6665584
0.6665584
0.6665584
2.6346712
0.6665584
0.6665584
0.6665584
0.6665584
0.6665584
2.3073745
0.6665584
0.6665584
1.8769209
1.6885538
0.6665584
0.6665584
0.6665584
2.440329
0.6665584
1.362698
0.6665584
0.6665584
2.6213589
2.2747052
0.6665584
2.0406547
0.6665584
0.6665584
2.2427404
2.033807
1.7699407
1.9182571
0.6665584
1.8122811
0.6665584
0.6665584
0.6665584
0.6665584
3.069017
1.9944808
2.104744
1.850451
0.6665584
0.6665584
0.6665584
2.17154
0.6665584
0.6665584
2.1164153
2.1986566
0.6665584
1.6311249
0.6665584
0.6665584
0.6665584
0.6665584
1.4035347
0.6665584
2.0673845
0.6665584
3.0488355
2.21177
0.6665584
1.9844134
2.6129372
0.6665584
0.6665584
0.6665584
1.8113128
2.9175503
0.6665584
0.6665584
0.6665584
0.6665584
0.6665584
0.6665584
0.6665584
0.6665584
1.8270261
0.6665584
0.6665584
0.6665584
0.6665584
0.6665584
0.6665584
1.9974349
0.6665584
0.6665584
0.6665584
1.9527258
0.6665584
2.0253663
0.6665584
1.6111774
0.6665584
0.6665584
0.6665584
1.7556763
0.6665584
2.148896
0.6665584
0.6665584
1.6158212
2.4785972
0.6665584
2.2081656
2.0691867
0.6665584
0.6665584
2.0320935
0.6665584
0.6665584
0.6665584
0.6665584
0.6665584
0.6665584
0.6665584
0.6665584
0.6665584
0.6665584
0.6665584
1.6030322
1.8642596
1.5997949
1.4643555
1.535412
1.7895943
0.6665584
0.6665584
0.6665584
0.6665584
0.6665584
1.8751502
1.7196271
0.6665584
0.6665584
0.6665584
0.6665584
0.6665584
0.6665584
2.3228226
0.6665584
2.095334
2.0303116
1.9525414
0.6665584
0.6665584
2.1743484
0.6665584
0.6665584
0.6665584
2.0563025
0.6665584
0.6665584
0.6665584
0.6665584
0.6665584
1.8785561
3.2432957
2.295006
2.303657
0.6665584
0.6665584
0.6665584
0.6665584
1.8912709
0.6665584
0.6665584
2.7651737
0.6665584
2.1094692
2.2675285
0.6665584
1.9234135
2.250307
0.6665584
0.6665584
0.6665584
0.6665584
0.6665584
0.6665584
0.6665584
0.6665584
0.6665584
2.6903968
0.6665584
1.8649449
1.7882489
2.3507402
0.6665584
0.6665584
2.6046531
0.6665584
1.776914
2.20307
2.3104942
0.6665584
0.6665584
0.6665584
1.9870973
1.7795335
2.4324152
1.8810185
2.3969862
1.9136027
0.6665584
0.6665584
0.6665584
2.4175327
2.1695
0.6665584
1.7593246
0.6665584
0.6665584
2.1330714
1.8541683
0.6665584
0.6665584
0.6665584
0.6665584
2.565279
0.6665584
0.6665584
0.6665584
0.6665584
0.6665584
2.103164
0.6665584
2.6766613
2.0599234
0.6665584
2.8129895
2.1087208
0.6665584
0.6665584
1.4626759
1.4921331
0.6665584
0.6665584
2.260683
0.6665584
0.6665584
0.6665584
0.6665584
2.7264085
2.4561636
2.5443852
0.6665584
0.6665584
0.6665584
0.6665584
2.1792293
1.9192753
0.6665584
1.316102
0.6665584
1.609524
0.6665584
2.62808
2.779449
2.269442
0.6665584
1.5385243
0.6665584
0.6665584
2.6476393
0.6665584
0.6665584
1.6702774
0.6665584
0.6665584
0.6665584
2.660033
0.6665584
0.6665584
2.6829455
1.9069359
0.6665584
0.6665584
0.6665584
1.5820689
0.6665584
0.6665584
0.6665584
0.6665584
0.6665584
0.6665584
2.2900283
1.7094991
0.6665584
2.13988
2.077077
2.179897
2.3116767
0.6665584
2.6615636
2.26234
0.6665584
0.6665584
2.165147
0.6665584
0.6665584
0.6665584
1.6731943
0.6665584
0.6665584
2.9968882
1.4023405
0.6665584
0.6665584
0.6665584
0.6665584
2.4177816
1.8209226
0.6665584
0.6665584
0.6665584
0.6665584
0.6665584
0.6665584
0.6665584
0.6665584
2.5266447
2.0626128
2.0666275
0.6665584
0.6665584
1.9222932
0.6665584
0.6665584
2.0070534
2.5094664
2.3180454
0.6665584
0.6665584
0.6665584
0.6665584
2.5483117
0.6665584
1.8405625
2.0313144
0.6665584
0.6665584
0.6665584
0.6665584
0.6665584
0.6665584
0.6665584
0.6665584
0.6665584
0.6665584
1.5025673
0.6665584
2.4114509
0.6665584
0.6665584
0.6665584
1.8757882
2.2441933
2.3277216
2.0692825
0.6665584
2.1459212
1.5562588
0.6665584
0.6665584
2.4443924
2.1841617
0.6665584
1.6177381
0.6665584
0.6665584
1.8452693
0.6665584
0.6665584
0.6665584
2.2344477
2.152097
0.6665584
0.6665584
0.6665584
0.6665584
0.6665584
0.6665584
0.6665584
2.017848
1.9200889
2.3424373
0.6665584
1.4854009
0.6665584
0.6665584
1.9259104
0.6665584
0.6665584
0.6665584
1.9552376
2.0941641
0.6665584
0.6665584
1.7809137
0.6665584
0.6665584
2.6522076
0.6665584
2.6806812
0.6665584
0.6665584
2.1116881
0.6665584
0.6665584
0.6665584
0.6665584
1.9696841
1.5264968
0.6665584
0.6665584
1.9040444
0.6665584
0.6665584
0.6665584
0.6665584
1.8743382
0.6665584
2.1338687
2.475817
2.7579799
2.8261032
0.6665584
0.6665584
2.4844327
0.6665584
0.6665584
2.0794597
0.6665584
2.5041523
0.6665584
0.6665584
1.8733772
1.9135267
0.6665584
0.6665584
0.6665584
2.373246
0.6665584
1.697453
0.6665584
0.6665584
0.6665584
0.6665584
0.6665584
0.6665584
2.1537478
0.6665584
0.6665584
1.5582536
2.2769263
0.6665584
0.6665584
1.8710659
0.6665584
0.6665584
0.6665584
1.9950281
0.6665584
0.6665584
2.2614584
1.6924317
0.6665584
2.2282467
2.07579
2.0411062
0.6665584
0.6665584
1.8516643
2.214656
0.6665584
0.6665584
0.6665584
0.6665584
0.6665584
1.9614805
0.6665584
1.888374
0.6665584
0.6665584
2.6484387
2.0366457
0.6665584
1.4895389
0.6665584
1.5859809
0.6665584
2.0045824
0.6665584
0.6665584
2.1340008
2.1423166
0.6665584
1.6725017
0.6665584
0.6665584
0.6665584
1.7580639
0.6665584
0.6665584
2.0314445
2.2990618
0.6665584
1.4883983
0.6665584
2.8190718
1.9040401
0.6665584
0.6665584
1.9261155
1.9524281
0.6665584
0.6665584
1.5569856
0.6665584
2.7294555
1.912919
0.6665584
1.6225498
0.6665584
2.1485193
0.6665584
1.571406
0.6665584
1.6203328
0.6665584
1.6451414
0.6665584
0.6665584
0.6665584
0.6665584
0.6665584
0.6665584
1.6270595
0.6665584
2.6766675
1.4000065
0.6665584
2.4707227
0.6665584
0.6665584
2.7847712
0.6665584
0.6665584
2.2006488
0.6665584
0.6665584
0.6665584
2.5143673
0.6665584
0.6665584
1.3933278
0.6665584
0.6665584
0.6665584
0.6665584
0.6665584
0.6665584
2.085935
0.6665584
0.6665584
0.6665584
2.2157607
1.9497982
2.067723
0.6665584
0.6665584
2.1922445
0.6665584
2.777727
0.6665584
2.200971
1.9562287
2.6001363
2.7122328
0.6665584
0.6665584
0.6665584
1.6625714
0.6665584
0.6665584
0.6665584
0.6665584
0.6665584
0.6665584
0.6665584
2.068196
0.6665584
2.1644971
0.6665584
0.6665584
1.3952333
0.6665584
1.355184
2.0857
0.6665584
0.6665584
2.2722511
0.6665584
1.3779503
0.6665584
1.2463186
0.6665584
0.6665584
0.6665584
0.6665584
0.6665584
0.6665584
1.814115
0.6665584
1.4290292
0.6665584
0.6665584
0.6665584
0.6665584
0.6665584
1.4275057
0.6665584
1.7405583
1.9031149
1.5795953
0.6665584
0.6665584
0.6665584
0.6665584
2.1769795
1.5914769
0.6665584
1.6650542
0.6665584
0.6665584
0.6665584
0.6665584
0.6665584
2.2969966
0.6665584
0.6665584
0.6665584
0.6665584
2.0342712
0.6665584
0.6665584
0.6665584
0.6665584
0.6665584
1.9201978
2.2216606
0.6665584
0.6665584
0.6665584
3.3046649
2.3961067
1.7183902
0.6665584
1.66838
0.6665584
0.6665584
1.6324067
0.6665584
0.6665584
2.4684138
0.6665584
2.0419753
2.2446852
0.6665584
0.6665584
0.6665584
0.6665584
0.6665584
1.5553385
0.6665584
1.6095285
2.379295
1.9652739
1.3507978
2.2617292
0.6665584
2.2628975
2.0425713
0.6665584
0.6665584
0.6665584
0.6665584
0.6665584
0.6665584
0.6665584
2.3331137
2.511402
1.9891397
1.4403827
0.6665584
0.6665584
0.6665584
0.6665584
0.6665584
0.6665584
2.0150995
2.0918398
2.4599652
0.6665584
0.6665584
0.6665584
0.6665584
0.6665584
0.6665584
0.6665584
1.8444669
2.1382663
0.6665584
1.6266836
0.6665584
2.0743427
0.6665584
1.7800677
1.9134083
0.6665584
0.6665584
0.6665584
2.4078546
1.742597
0.6665584
0.6665584
2.239519
2.7017467
0.6665584
0.6665584
2.7007065
1.4886934
0.6665584
0.6665584
0.6665584
0.6665584
0.6665584
2.229777
0.6665584
0.6665584
2.1647327
0.6665584
0.6665584
0.6665584
2.2653408
0.6665584
0.6665584
0.6665584
2.353651
1.8777118
2.8248467
1.3011668
0.6665584
0.6665584
0.6665584
0.6665584
0.6665584
0.6665584
0.6665584
0.6665584
2.2189324
0.6665584
0.6665584
0.6665584
2.4083486
2.3034658
0.6665584
1.2395371
1.9294734
0.6665584
0.6665584
2.0894833
2.5483916
0.6665584
0.6665584
0.6665584
2.4947987
0.6665584
0.6665584
1.6273403
0.6665584
2.3193877
0.6665584
0.6665584
0.6665584
0.6665584
2.8740463
2.464991
2.1124134
1.3720456
2.9080951
0.6665584
1.7891974
1.7551091
2.2925115
1.9991521
0.6665584
0.6665584
1.1961241
2.002388
1.950338
0.6665584
0.6665584
0.6665584
0.6665584
0.6665584
0.6665584
2.1120076
1.8577657
2.436587
0.6665584
1.8899912
0.6665584
1.9086597
3.3179355
2.0486598
2.5213282
1.4614333
0.6665584
1.7985129
0.6665584
2.4363265
0.6665584
0.6665584
2.7898917
2.0263305
1.7535244
1.390702
0.6665584
0.6665584
0.6665584
2.45251
2.2977388
2.328555
2.0290778
2.0562124
0.6665584
0.6665584
0.6665584
0.6665584
0.6665584
2.1917703
0.6665584
2.424366
2.1629896
0.6665584
2.6153712
0.6665584
2.1049733
1.4335614
0.6665584
0.6665584
0.6665584
0.6665584
1.7937255
1.9875312
2.2654898
1.3470035
2.3825326
0.6665584
2.2321835
0.6665584
2.2463832
1.9627802
2.5941384
0.6665584
2.056549
0.6665584
2.3603
1.5397614
0.6665584
0.6665584
0.6665584
0.6665584
2.3329935
0.6665584
0.6665584
0.6665584
0.6665584
0.6665584
0.6665584
2.1431198
0.6665584
0.6665584
2.565839
0.6665584
0.6665584
1.8959148
0.6665584
0.6665584
0.6665584
0.6665584
0.6665584
0.6665584
0.6665584
0.6665584
2.306715
1.3610449
0.6665584
1.5090775
0.6665584
2.8527644
0.6665584
2.1766744
0.6665584
0.6665584
0.6665584
0.6665584
0.6665584
1.3298727
3.2135582
0.6665584
2.4112809
0.6665584
0.6665584
0.6665584
0.6665584
0.6665584
0.6665584
0.6665584
1.8850715
0.6665584
2.8141205
0.6665584
0.6665584
0.6665584
0.6665584
0.6665584
0.6665584
0.6665584
0.6665584
0.6665584
2.1192017
0.6665584
0.6665584
0.6665584
0.6665584
1.7488976
0.6665584
0.6665584
0.6665584
0.6665584
0.6665584
0.6665584
2.3285525
0.6665584
0.6665584
1.8658048
0.6665584
0.6665584
0.6665584
0.6665584
0.6665584
0.6665584
0.6665584
0.6665584
0.6665584
0.6665584
0.6665584
0.6665584
0.6665584
0.6665584
0.6665584
1.9557045
0.6665584
0.6665584
2.6960318
0.6665584
2.4478476
1.874125
0.6665584
0.6665584
0.6665584
0.6665584
0.6665584
0.6665584
1.8373061
0.6665584
0.6665584
0.6665584
2.4158497
0.6665584
0.6665584
0.6665584
2.1760771
0.6665584
0.6665584
0.6665584
1.8130441
1.7362363
0.6665584
0.6665584
2.4287632
0.6665584
1.6534005
0.6665584
0.6665584
1.736375
2.518949
0.6665584
0.6665584
1.1803648
0.6665584
1.4367764
0.6665584
0.6665584
0.6665584
0.6665584
0.6665584
0.6665584
0.6665584
0.6665584
0.6665584
0.6665584
2.329429
0.6665584
0.6665584
1.6898178
3.2497396
0.6665584
0.6665584
0.6665584
2.0751264
0.6665584
0.6665584
2.025344
0.6665584
2.7736664
0.6665584
0.6665584
0.6665584
1.7296674
0.6665584
0.6665584
0.6665584
0.6665584
1.9264287
2.1834166
0.6665584
3.029657
2.7081554
0.6665584
0.6665584
0.6665584
1.8917704
0.6665584
1.5835606
0.6665584
0.6665584
2.4034202
0.6665584
0.6665584
1.7529213
0.6665584
2.4621453
0.6665584
1.9908822
0.6665584
0.6665584
0.6665584
0.6665584
0.6665584
1.8970978
2.0907607
0.6665584
1.8150916
0.6665584
0.6665584
2.7130423
0.6665584
1.7920324
0.6665584
0.6665584
1.8737468
0.6665584
1.8279517
0.6665584
2.5336423
2.9159565
3.0608673
0.6665584
0.6665584
1.460864
2.2504036
2.7049026
0.6665584
2.8369963
0.6665584
0.6665584
2.6826851
0.6665584
0.6665584
0.6665584
0.6665584
0.6665584
0.6665584
0.6665584
0.6665584
0.6665584
0.6665584
2.4392068
0.6665584
0.6665584
2.653031
0.6665584
2.6282616
0.6665584
0.6665584
0.6665584
1.3587784
0.6665584
0.6665584
0.6665584
0.6665584
0.6665584
0.6665584
1.7924403
0.6665584
0.6665584
0.6665584
0.6665584
0.6665584
0.6665584
0.6665584
0.6665584
0.6665584
0.6665584
0.6665584
2.7576053
0.6665584
0.6665584
0.6665584
0.6665584
0.6665584
2.450272
0.6665584
1.7614176
0.6665584
3.1200824
0.6665584
0.6665584
0.6665584
0.6665584
0.6665584
0.6665584
0.6665584
0.6665584
0.6665584
0.6665584
2.173077
0.6665584
1.708639
0.6665584
0.6665584
0.6665584
0.6665584
0.6665584
1.5224822
2.2293458
0.6665584
2.3085868
0.6665584
1.7059202
0.6665584
0.6665584
0.6665584
0.6665584
2.3985753
0.6665584
0.6665584
0.6665584
0.6665584
0.6665584
0.6665584
0.6665584
0.6665584
0.6665584
0.6665584
0.6665584
0.6665584
0.6665584
0.6665584
0.6665584
0.6665584
0.6665584
0.6665584
0.6665584
0.6665584
0.6665584
2.1111624
0.6665584
0.6665584
1.6133455
0.6665584
0.6665584
0.6665584
2.1842167
2.4808393
1.8962113
2.4127786
0.6665584
0.6665584
1.5676913
0.6665584
0.6665584
2.4241
2.0224073
0.6665584
1.9218613
0.6665584
0.6665584
0.6665584
0.6665584
0.6665584
0.6665584
2.0047886
0.6665584
1.985338
1.5991675
0.6665584
0.6665584
2.0580661
1.9445429
0.6665584
0.6665584
2.5731487
1.9597454
0.6665584
1.7364743
0.6665584
2.0073695
0.6665584
0.6665584
1.7224227
1.87423
0.6665584
0.6665584
0.6665584
1.7725834
0.6665584
0.6665584
0.6665584
0.6665584
0.6665584
0.6665584
0.6665584
0.6665584
1.6367726
2.0343652
0.6665584
2.0525153
1.9533348
0.6665584
0.6665584
2.3204489
0.6665584
0.6665584
0.6665584
0.6665584
2.1594536
0.6665584
2.06626
2.3181827
0.6665584
0.6665584
0.6665584
0.6665584
2.0768762
1.6272258
1.9016544
0.6665584
1.6045231
2.2301047
2.0555053
1.8757821
0.6665584
0.6665584
2.3296762
0.6665584
2.7524998
0.6665584
0.6665584
1.5883555
2.0625112
1.6855092
0.6665584
0.6665584
0.6665584
1.6891787
0.6665584
1.7953111
2.074429
1.9556831
1.9076908
2.0913467
1.9640487
2.1741502
2.0069768
1.7811979
0.6665584
1.4253122
0.6665584
1.5981805
0.6665584
0.6665584
2.951116
2.1718898
0.6665584
0.6665584
0.6665584
0.6665584
0.6665584
1.4665554
0.6665584
0.6665584
2.1476855
0.6665584
1.8115921
2.1881993
0.6665584
0.6665584
2.1118143
0.6665584
0.6665584
1.9813759
0.6665584
0.6665584
0.6665584
4.295401
0.6665584
1.8726202
0.6665584
1.9366485
0.6665584
0.6665584
0.6665584
1.8844894
0.6665584
0.6665584
0.6665584
0.6665584
0.6665584
0.6665584
2.1256669
1.7333381
0.6665584
2.3748817
0.6665584
0.6665584
0.6665584
0.6665584
0.6665584
0.6665584
1.9689574
1.7172668
0.6665584
0.6665584
1.8543644
2.9606557
0.6665584
0.6665584
1.5148028
0.6665584
0.6665584
0.6665584
0.6665584
2.5419517
1.95279
0.6665584
0.6665584
2.0495553
0.6665584
1.8875604
0.6665584
1.9945486
0.6665584
0.6665584
2.067852
0.6665584
0.6665584
0.6665584
0.6665584
2.791783
0.6665584
0.6665584
0.6665584
0.6665584
2.723885
0.6665584
0.6665584
0.6665584
2.476109
0.6665584
0.6665584
0.6665584
2.4069428
2.2888396
0.6665584
0.6665584
2.2031322
2.3812828
0.6665584
0.6665584
0.6665584
2.005832
2.3124747
1.943427
0.6665584
2.3136404
1.6873823
0.6665584
0.6665584
0.6665584
2.1399875
0.6665584
0.6665584
0.6665584
2.3236072
0.6665584
1.7270515
2.163449
1.8303539
0.6665584
0.6665584
0.6665584
0.6665584
0.6665584
0.6665584
3.012677
1.719429
0.6665584
0.6665584
0.6665584
0.6665584
0.6665584
2.120879
0.6665584
0.6665584
2.5721107
0.6665584
0.6665584
3.438258
0.6665584
1.8620778
0.6665584
2.0924165
0.6665584
0.6665584
2.615348
0.6665584
0.6665584
0.6665584
0.6665584
0.6665584
1.8329633
0.6665584
1.7575786
0.6665584
0.6665584
2.0550573
0.6665584
0.6665584
2.1638055
0.6665584
1.7339981
0.6665584
0.6665584
0.6665584
0.6665584
0.6665584
0.6665584
0.6665584
0.6665584
0.6665584
0.6665584
0.6665584
0.6665584
2.5652666
1.6435409
0.6665584
1.7221842
0.6665584
0.6665584
0.6665584
1.8453323
0.6665584
0.6665584
1.7735564
0.6665584
1.5900005
0.6665584
0.6665584
0.6665584
2.3201535
0.6665584
0.6665584
0.6665584
0.6665584
0.6665584
2.7370381
2.0439692
0.6665584
0.6665584
0.6665584
2.2108567
0.6665584
0.6665584
0.6665584
1.2597201
0.6665584
0.6665584
2.2400672
2.735501
2.7079277
0.6665584
0.6665584
0.6665584
0.6665584
0.6665584
0.6665584
0.6665584
2.1791866
0.6665584
0.6665584
0.6665584
0.6665584
3.027989
0.6665584
0.6665584
0.6665584
3.8131878
2.1858833
0.6665584
0.6665584
0.6665584
2.119271
0.6665584
0.6665584
0.6665584
1.8324918
2.727553
1.8846861
0.6665584
0.6665584
0.6665584
0.6665584
0.6665584
0.6665584
0.6665584
0.6665584
0.6665584
0.6665584
0.6665584
0.6665584
0.6665584
2.020804
0.6665584
1.9069728
0.6665584
0.6665584
2.0587022
0.6665584
0.6665584
0.6665584
0.6665584
2.2560399
2.1103215
2.7821362
1.6885312
0.6665584
0.6665584
0.6665584
0.6665584
0.6665584
0.6665584
0.6665584
0.6665584
1.867049
1.6153288
0.6665584
2.4776845
0.6665584
1.5103114
1.8997144
0.6665584
0.6665584
2.7552156
2.6793952
0.6665584
0.6665584
0.6665584
0.6665584
0.6665584
0.6665584
0.6665584
2.0527656
0.6665584
0.6665584
0.6665584
2.6945908
2.1623058
0.6665584
0.6665584
0.6665584
0.6665584
0.6665584
1.7717365
2.3502226
0.6665584
1.5167453
0.6665584
0.6665584
0.6665584
0.6665584
0.6665584
0.6665584
0.6665584
0.6665584
2.2780483
0.6665584
0.6665584
0.6665584
0.6665584
0.6665584
1.3070092
0.6665584
0.6665584
0.6665584
0.6665584
1.7482587
2.979523
0.6665584
2.2000427
1.9251846
0.6665584
2.4271364
0.6665584
2.4331915
0.6665584
0.6665584
2.7533674
0.6665584
0.6665584
1.8858719
0.6665584
0.6665584
2.091114
2.1239414
0.6665584
0.6665584
0.6665584
0.6665584
0.6665584
2.1055896
0.6665584
0.6665584
0.6665584
0.6665584
0.6665584
1.6545335
0.6665584
0.6665584
0.6665584
0.6665584
1.7424661
1.7345119
0.6665584
0.6665584
0.6665584
0.6665584
0.6665584
2.090197
0.6665584
0.6665584
0.6665584
2.5140646
0.6665584
0.6665584
2.8420937
1.8501452
0.6665584
0.6665584
0.6665584
2.0729907
1.7424449
0.6665584
2.0006106
0.6665584
0.6665584
1.6623443
0.6665584
0.6665584
2.5459123
0.6665584
1.9003617
0.6665584
2.6381907
0.6665584
0.6665584
0.6665584
2.3983812
0.6665584
2.7075655
0.6665584
0.6665584
0.6665584
0.6665584
0.6665584
2.2039626
0.6665584
1.7737576
1.9249992
0.6665584
0.6665584
0.6665584
1.7241241
3.21277
2.145441
0.6665584
1.8582312
0.6665584
0.6665584
0.6665584
0.6665584
0.6665584
0.6665584
0.6665584
0.6665584
0.6665584
0.6665584
0.6665584
0.6665584
0.6665584
0.6665584
3.0285606
0.6665584
0.6665584
2.1522446
0.6665584
2.4359658
0.6665584
0.6665584
2.76695
0.6665584
0.6665584
0.6665584
0.6665584
0.6665584
1.9692786
2.158169
2.5861316
0.6665584
1.9491136
0.6665584
0.6665584
0.6665584
0.6665584
0.6665584
2.4276361
0.6665584
0.6665584
2.7049623
2.4889817
0.6665584
0.6665584
2.9724405
2.3059785
1.8744425
2.341177
0.6665584
0.6665584
3.102639
1.5419613
0.6665584
0.6665584
0.6665584
2.8813655
0.6665584
0.6665584
0.6665584
0.6665584
0.6665584
0.6665584
0.6665584
2.192649
0.6665584
0.6665584
2.402809
3.0305588
0.6665584
0.6665584
0.6665584
2.027296
1.7981923
1.6436898
1.8043549
2.926991
2.6903353
1.8371714
0.6665584
0.6665584
0.6665584
2.0635688
0.6665584
2.3335972
0.6665584
0.6665584
0.6665584
0.6665584
2.4639685
0.6665584
0.6665584
1.961348
0.6665584
0.6665584
0.6665584
0.6665584
3.0836396
0.6665584
3.0923715
0.6665584
0.6665584
0.6665584
0.6665584
2.03456
0.6665584
0.6665584
2.311493
2.2839582
0.6665584
0.6665584
0.6665584
0.6665584
0.6665584
2.2458653
0.6665584
0.6665584
2.3157058
1.9161428
2.3770244
1.3777653
0.6665584
0.6665584
0.6665584
1.7056853
0.6665584
0.6665584
0.6665584
0.6665584
1.9423718
0.6665584
0.6665584
0.6665584
0.6665584
0.6665584
0.6665584
0.6665584
0.6665584
0.6665584
2.0245733
0.6665584
0.6665584
1.075638
0.6665584
0.6665584
3.097842
2.6628962
0.6665584
0.6665584
2.4428809
1.6640942
0.6665584
0.6665584
0.6665584
0.6665584
1.711289
0.6665584
0.6665584
3.3905241
2.1123254
0.6665584
0.6665584
0.6665584
2.448763
2.1997874
0.6665584
0.6665584
1.8379077
0.6665584
0.6665584
0.6665584
2.060703
0.6665584
0.6665584
0.6665584
0.6665584
0.6665584
1.7861402
0.6665584
0.6665584
0.6665584
1.9841757
1.6365973
2.0155933
0.6665584
0.6665584
1.6056365
0.6665584
0.6665584
0.6665584
1.8848809
1.8426853
2.8885746
2.052781
0.6665584
0.6665584
0.6665584
0.6665584
1.8174099
0.6665584
2.1220267
0.6665584
0.6665584
0.6665584
2.7024229
0.6665584
0.6665584
0.6665584
1.9449731
0.6665584
1.9558771
0.6665584
0.6665584
2.1907976
0.6665584
0.6665584
2.3019288
0.6665584
0.6665584
1.7250353
0.6665584
1.5727609
0.6665584
0.6665584
0.6665584
0.6665584
2.2632246
1.8837923
0.6665584
1.6966983
0.6665584
0.6665584
0.6665584
2.202543
0.6665584
0.6665584
2.88419
1.5328956
0.6665584
0.6665584
0.6665584
2.0789678
0.6665584
0.6665584
0.6665584
1.5589039
2.4964204
0.6665584
0.6665584
0.6665584
0.6665584
0.6665584
1.763947
1.8610874
0.6665584
1.6028999
0.6665584
2.2401373
3.1563082
0.6665584
2.3935485
0.6665584
0.6665584
0.6665584
0.6665584
0.6665584
2.3584533
0.6665584
1.7559878
1.3667008
0.6665584
0.6665584
0.6665584
0.6665584
0.6665584
0.6665584
0.6665584
0.6665584
2.1970742
0.6665584
3.139404
0.6665584
0.6665584
0.6665584
0.6665584
0.6665584
0.6665584
0.6665584
0.6665584
2.2444696
0.6665584
1.7127383
2.3370194
0.6665584
0.6665584
1.6640947
1.7586602
0.6665584
1.8304585
0.6665584
1.7565233
1.7224306
0.6665584
2.1714952
0.6665584
0.6665584
0.6665584
0.6665584
0.6665584
2.0415707
2.4657855
2.7523468
0.6665584
0.6665584
0.6665584
0.6665584
0.6665584
0.6665584
1.705226
0.6665584
1.9971614
2.6785228
2.0746105
0.6665584
0.6665584
0.6665584
3.0855973
0.6665584
0.6665584
0.6665584
2.6584337
0.6665584
0.6665584
2.355887
0.6665584
2.3627586
2.5176406
0.6665584
0.6665584
1.5708934
0.6665584
0.6665584
0.6665584
0.6665584
2.7537632
0.6665584
0.6665584
2.4138894
2.2011957
2.1489363
2.6905677
0.6665584
0.6665584
2.0539496
4.0009975
1.6234807
0.6665584
0.6665584
1.9586279
0.6665584
0.6665584
2.8779037
1.6585021
2.1516461
0.6665584
0.6665584
1.9065498
0.6665584
0.6665584
2.20479
2.5435152
0.6665584
2.2531216
0.6665584
0.6665584
1.7962378
0.6665584
0.6665584
0.6665584
0.6665584
0.6665584
2.3047805
0.6665584
1.7867495
0.6665584
0.6665584
2.1779518
0.6665584
0.6665584
0.6665584
0.6665584
0.6665584
2.6487823
0.6665584
0.6665584
0.6665584
2.2886918
0.6665584
2.2268069
0.6665584
0.6665584
2.7734833
0.6665584
0.6665584
2.1555324
0.6665584
0.6665584
1.6189375
0.6665584
0.6665584
1.9915645
2.3029747
0.6665584
0.6665584
1.9382424
1.9710155
2.119485
1.5917208
0.6665584
0.6665584
0.6665584
0.6665584
0.6665584
2.3088706
0.6665584
0.6665584
1.7600207
1.9606968
0.6665584
0.6665584
1.9203614
0.6665584
2.144178
0.6665584
1.6464106
0.6665584
0.6665584
0.6665584
0.6665584
0.6665584
0.6665584
2.203352
0.6665584
0.6665584
0.6665584
0.6665584
0.6665584
1.981341
0.6665584
0.6665584
1.8287017
0.6665584
2.341747
2.1838398
2.351419
0.6665584
1.8302284
2.4484785
2.466875
0.6665584
2.6436348
0.6665584
0.6665584
0.6665584
0.6665584
1.4627631
0.6665584
0.6665584
4.0477924
2.6423924
0.6665584
0.6665584
0.6665584
1.6911119
2.49157
0.6665584
0.6665584
0.6665584
2.0228372
2.386704
0.6665584
0.6665584
1.9803692
0.6665584
2.225165
0.6665584
1.4729501
0.6665584
0.6665584
0.6665584
0.6665584
0.6665584
0.6665584
2.3140886
0.6665584
2.2689552
0.6665584
2.7924743
0.6665584
0.6665584
0.6665584
0.6665584
2.295005
0.6665584
0.6665584
0.6665584
0.6665584
0.6665584
0.6665584
0.6665584
2.3568974
0.6665584
0.6665584
2.3198013
2.8357644
0.6665584
0.6665584
0.6665584
1.838004
0.6665584
0.6665584
0.6665584
1.7196963
0.6665584
1.9735767
3.0095387
1.9314272
2.1092362
0.6665584
0.6665584
1.6120441
0.6665584
1.5968797
0.6665584
0.6665584
0.6665584
1.6055061
2.7742753
1.6472272
0.6665584
1.8848957
0.6665584
0.6665584
0.6665584
0.6665584
2.3090172
0.6665584
0.6665584
3.403682
0.6665584
0.6665584
0.6665584
0.6665584
2.1616244
0.6665584
2.6758473
0.6665584
0.6665584
0.6665584
0.6665584
0.6665584
0.6665584
2.592144
0.6665584
1.7049559
2.9699094
2.6048384
0.6665584
0.6665584
0.6665584
2.1850245
0.6665584
2.6955657
0.6665584
0.6665584
2.2042718
0.6665584
2.0843177
0.6665584
0.6665584
0.6665584
0.6665584
0.6665584
0.6665584
1.8352333
0.6665584
0.6665584
2.3208237
0.6665584
1.4245142
0.6665584
0.6665584
1.8772993
0.6665584
0.6665584
1.4525992
0.6665584
0.6665584
2.2043471
0.6665584
1.5334284
1.5906694
0.6665584
0.6665584
0.6665584
0.6665584
1.6616669
1.7926747
0.6665584
0.6665584
0.6665584
0.6665584
0.6665584
0.6665584
0.6665584
2.4817116
2.3338878
0.6665584
1.9833744
2.9465442
2.229462
0.6665584
1.8695321
0.6665584
0.6665584
0.6665584
2.1986408
0.6665584
1.999489
0.6665584
1.7450978
2.3253124
2.330242
0.6665584
0.6665584
1.6652211
0.6665584
0.6665584
3.0811749
0.6665584
1.9732527
0.6665584
0.6665584
1.704407
2.0331354
2.2438085
0.6665584
0.6665584
2.5280678
0.6665584
1.812672
0.6665584
2.4263299
0.6665584
2.234864
0.6665584
0.6665584
0.6665584
2.3216581
2.0660045
3.1794734
0.6665584
1.657493
2.370464
1.6240481
0.6665584
2.581099
0.6665584
3.025864
3.4560606
2.3520055
0.6665584
2.168177
0.6665584
2.6165178
0.6665584
0.6665584
2.0424523
0.6665584
0.6665584
1.9938817
0.6665584
2.5198076
2.2859144
2.2854867
2.4955142
0.6665584
2.7944686
0.6665584
0.6665584
0.6665584
0.6665584
2.3868873
2.3727915
0.6665584
0.6665584
3.2848601
0.6665584
0.6665584
0.6665584
0.6665584
0.6665584
0.6665584
2.2719173
0.6665584
1.6730014
0.6665584
2.831797
2.3762746
0.6665584
1.8190684
3.0619736
0.6665584
1.4235431
2.0325334
0.6665584
0.6665584
3.0509472
2.111118
2.265512
0.6665584
0.6665584
0.6665584
2.0663779
3.1075258
0.6665584
1.939559
1.9382868
2.5072486
0.6665584
2.1509976
2.26834
2.5758238
0.6665584
2.5831606
2.00982
0.6665584
0.6665584
2.6045542
0.6665584
0.6665584
2.3852556
2.3734384
0.6665584
0.6665584
2.9811597
2.4535286
0.6665584
1.4654784
0.6665584
0.6665584
1.6544604
2.7898288
3.09829
0.6665584
0.6665584
1.7774792
0.6665584
2.571572
0.6665584
0.6665584
2.584235
0.6665584
2.483134
1.5965937
0.6665584
2.3204045
0.6665584
3.0294166
0.6665584
0.6665584
0.6665584
0.6665584
0.6665584
0.6665584
2.5151412
1.3208305
0.6665584
1.9757977
0.6665584
0.6665584
2.8163767
2.5057611
1.9927377
2.0076456
0.6665584
0.6665584
2.458328
2.9557288
1.6552193
0.6665584
1.6784229
0.6665584
1.9496074
2.8951724
0.6665584
0.6665584
3.5189023
0.6665584
0.6665584
2.4619606
0.6665584
3.3826554
0.6665584
0.6665584
3.8065119
0.6665584
2.882627
2.0301187
0.6665584
0.6665584
2.5446815
0.6665584
2.3581967
2.688475
0.6665584
0.6665584
0.6665584
2.1946316
0.6665584
2.28794
0.6665584
0.6665584
0.6665584
2.5187674
2.186653
0.6665584
0.6665584
0.6665584
0.6665584
0.6665584
0.6665584
2.2793417
0.6665584
0.6665584
2.0538118
0.6665584
0.6665584
2.1328068
2.0070806
2.4605103
1.9786763
0.6665584
1.8930762
0.6665584
0.6665584
2.2850885
0.6665584
0.6665584
1.5547798
0.6665584
0.6665584
0.6665584
0.6665584
0.6665584
0.6665584
2.1206374
0.6665584
0.6665584
1.7892647
0.6665584
0.6665584
2.3974135
2.8659723
0.6665584
2.1725276
3.6397438
0.6665584
0.6665584
0.6665584
0.6665584
2.3422723
3.3272665
0.6665584
3.2976925
0.6665584
0.6665584
2.404323
0.6665584
1.9266969
0.6665584
2.492078
2.2048218
2.0333965
0.6665584
3.7237697
1.8249179
2.3024716
0.6665584
2.0061793
2.404974
0.6665584
0.6665584
0.6665584
2.3853345
1.8618083
0.6665584
1.5508181
0.6665584
2.5487711
0.6665584
0.6665584
2.6854327
0.6665584
0.6665584
0.6665584
2.4320657
1.9978572
0.6665584
1.883518
0.6665584
2.5935922
2.5021322
0.6665584
0.6665584
3.6699355
2.9190438
0.6665584
1.9669062
2.1229162
2.4725566
0.6665584
0.6665584
2.869572
1.8136781
1.8529449
2.2103877
0.6665584
0.6665584
1.9718008
0.6665584
2.2038088
2.1165342
0.6665584
0.6665584
0.6665584
2.2890859
2.3968904
3.1867821
2.0841787
0.6665584
2.478037
1.7820553
0.6665584
0.6665584
2.2665946
0.6665584
0.6665584
0.6665584
1.4277533
0.6665584
0.6665584
1.4196982
2.0959766
0.6665584
0.6665584
2.4707584
0.6665584
0.6665584
0.6665584
0.6665584
0.6665584
2.0980017
0.6665584
0.6665584
1.9174713
0.6665584
3.0486798
1.5802352
2.0839229
0.6665584
0.6665584
0.6665584
2.8381112
0.6665584
0.6665584
2.6407213
0.6665584
0.6665584
0.6665584
2.8397596
0.6665584
0.6665584
0.6665584
1.7470694
0.6665584
0.6665584
0.6665584
0.6665584
0.6665584
1.842269
2.208297
0.6665584
2.2412455
1.9364406
0.6665584
2.5451598
2.2765088
0.6665584
0.6665584
0.6665584
0.6665584
1.8738343
0.6665584
0.6665584
0.6665584
0.6665584
2.509704
1.7896972
0.6665584
0.6665584
2.1232553
2.5077608
0.6665584
2.194981
0.6665584
0.6665584
1.6127353
0.6665584
0.6665584
2.6266825
2.986269
0.6665584
1.507547
0.6665584
2.2383158
0.6665584
0.6665584
0.6665584
0.6665584
2.4610298
2.0789757
